# Force and moment coefficients
# dragDir     : (1.000000e+00 0.000000e+00 0.000000e+00)
# sideDir     : (0.000000e+00 1.000000e+00 0.000000e+00)
# liftDir     : (0.000000e+00 0.000000e+00 1.000000e+00)
# rollAxis    : (1.000000e+00 0.000000e+00 0.000000e+00)
# pitchAxis   : (0.000000e+00 1.000000e+00 0.000000e+00)
# yawAxis     : (0.000000e+00 0.000000e+00 1.000000e+00)
# magUInf     : 6.661800e+00
# lRef        : 1.499270e-01
# Aref        : 5.000000e-02
# CofR        : (3.750000e-02 0.000000e+00 0.000000e+00)
#
# Time        	Cd            	Cd(f)         	Cd(r)         	Cl            	Cl(f)         	Cl(r)         	CmPitch       	CmRoll        	CmYaw         	Cs            	Cs(f)         	Cs(r)         
1             	2.897066e-01	1.007453e+00	-7.177468e-01	-8.884187e-04	1.517522e-01	-1.526406e-01	1.521964e-01	8.626001e-01	-5.146298e-01	-1.604610e+00	-1.316935e+00	-2.876754e-01
2             	2.121507e-01	9.188047e-01	-7.066540e-01	-3.130899e-03	1.088837e-01	-1.120146e-01	1.104491e-01	8.127293e-01	-4.787772e-01	-1.510799e+00	-1.234177e+00	-2.766225e-01
3             	1.607666e-01	7.014277e-01	-5.406611e-01	-4.498352e-03	8.104866e-02	-8.554701e-02	8.329784e-02	6.210444e-01	-3.579429e-01	-1.152138e+00	-9.340118e-01	-2.181260e-01
4             	1.225377e-01	4.167356e-01	-2.941979e-01	-5.067325e-03	6.100336e-02	-6.607069e-02	6.353703e-02	3.554667e-01	-1.928932e-01	-6.557476e-01	-5.207670e-01	-1.349807e-01
5             	9.254256e-02	1.313644e-01	-3.882180e-02	-4.959714e-03	4.582189e-02	-5.078160e-02	4.830174e-02	8.509308e-02	-2.599478e-02	-1.510071e-01	-1.014983e-01	-4.950875e-02
6             	6.926856e-02	-1.016414e-01	1.709100e-01	-4.353884e-03	3.441257e-02	-3.876645e-02	3.658951e-02	-1.362757e-01	1.092933e-01	2.613514e-01	2.399690e-01	2.138244e-02
7             	5.225218e-02	-2.511611e-01	3.034133e-01	-3.446883e-03	2.630369e-02	-2.975058e-02	2.802713e-02	-2.772872e-01	1.932047e-01	5.227517e-01	4.545805e-01	6.817119e-02
8             	4.098140e-02	-3.097813e-01	3.507627e-01	-2.425249e-03	2.108006e-02	-2.350531e-02	2.229269e-02	-3.302720e-01	2.207994e-01	6.190750e-01	5.303369e-01	8.873812e-02
9             	3.458162e-02	-2.897974e-01	3.243790e-01	-1.445434e-03	1.820958e-02	-1.965501e-02	1.893230e-02	-3.070882e-01	1.996374e-01	5.728611e-01	4.860680e-01	8.679318e-02
10            	3.185863e-02	-2.158138e-01	2.476725e-01	-6.258575e-04	1.704998e-02	-1.767584e-02	1.736291e-02	-2.317432e-01	1.452456e-01	4.294558e-01	3.599735e-01	6.948225e-02
11            	3.150136e-02	-1.170103e-01	1.485117e-01	-4.018046e-05	1.693756e-02	-1.697774e-02	1.695765e-02	-1.327610e-01	7.626304e-02	2.425818e-01	1.975539e-01	4.502787e-02
12            	3.227080e-02	-2.030861e-02	5.257940e-02	2.803959e-04	1.726965e-02	-1.698925e-02	1.712945e-02	-3.644401e-02	1.002197e-02	6.167989e-02	4.086191e-02	2.081797e-02
13            	3.319102e-02	5.438426e-02	-2.119323e-02	3.443619e-04	1.758908e-02	-1.724471e-02	1.741690e-02	3.778874e-02	-4.060235e-02	-7.686621e-02	-7.903545e-02	2.169243e-03
14            	3.364515e-02	9.660197e-02	-6.295682e-02	1.935784e-04	1.762363e-02	-1.743006e-02	1.752685e-02	7.977939e-02	-6.887520e-02	-1.542082e-01	-1.459793e-01	-8.228888e-03
15            	3.337826e-02	1.051743e-01	-7.179600e-02	-1.068505e-04	1.727952e-02	-1.738637e-02	1.733295e-02	8.848513e-02	-7.417523e-02	-1.687138e-01	-1.585321e-01	-1.018168e-02
16            	3.241795e-02	8.631245e-02	-5.389451e-02	-4.816244e-04	1.659886e-02	-1.708049e-02	1.683968e-02	7.010348e-02	-6.080832e-02	-1.323966e-01	-1.270066e-01	-5.389994e-03
17            	3.097352e-02	5.039582e-02	-1.942230e-02	-8.580893e-04	1.570634e-02	-1.656443e-02	1.613539e-02	3.490906e-02	-3.590798e-02	-6.490681e-02	-6.836138e-02	3.454574e-03
18            	2.932280e-02	8.863573e-03	2.045922e-02	-1.176958e-03	1.475211e-02	-1.592907e-02	1.534059e-02	-5.797825e-03	-7.337116e-03	1.229525e-02	-1.189490e-03	1.348474e-02
19            	2.772638e-02	-2.837314e-02	5.609951e-02	-1.398286e-03	1.386976e-02	-1.526804e-02	1.456890e-02	-4.223633e-02	1.806683e-02	8.073662e-02	5.843514e-02	2.230148e-02
20            	2.636955e-02	-5.462103e-02	8.099058e-02	-1.504916e-03	1.314794e-02	-1.465286e-02	1.390040e-02	-6.780580e-02	3.567425e-02	1.280627e-01	9.970558e-02	2.835707e-02
21            	2.533252e-02	-6.708374e-02	9.241626e-02	-1.501807e-03	1.261920e-02	-1.412101e-02	1.337010e-02	-7.975000e-02	4.356201e-02	1.492615e-01	1.181927e-01	3.106872e-02
22            	2.459830e-02	-6.650505e-02	9.110335e-02	-1.411115e-03	1.226543e-02	-1.367654e-02	1.297099e-02	-7.880420e-02	4.228364e-02	1.459596e-01	1.152635e-01	3.069618e-02
23            	2.408473e-02	-5.615527e-02	8.024001e-02	-1.265327e-03	1.203514e-02	-1.330047e-02	1.266780e-02	-6.819764e-02	3.417466e-02	1.244864e-01	9.641788e-02	2.806856e-02
24            	2.368275e-02	-4.058515e-02	6.426791e-02	-1.099795e-03	1.186421e-02	-1.296400e-02	1.241411e-02	-5.242653e-02	2.249235e-02	9.352458e-02	6.925464e-02	2.426994e-02
25            	2.328985e-02	-2.427105e-02	4.756091e-02	-9.461400e-04	1.169346e-02	-1.263960e-02	1.216653e-02	-3.591598e-02	1.045240e-02	6.155760e-02	4.123120e-02	2.032640e-02
26            	2.283706e-02	-1.070792e-02	3.354499e-02	-8.268576e-04	1.148314e-02	-1.231000e-02	1.189657e-02	-2.212646e-02	5.825763e-04	3.516461e-02	1.816488e-02	1.699973e-02
27            	2.229537e-02	-1.914619e-03	2.420999e-02	-7.539750e-04	1.121607e-02	-1.197004e-02	1.159305e-02	-1.306230e-02	-5.638275e-03	1.810073e-02	3.412088e-03	1.468864e-02
28            	2.167780e-02	1.673849e-03	2.000395e-02	-7.284640e-04	1.089849e-02	-1.162696e-02	1.126272e-02	-9.165053e-03	-7.868940e-03	1.111039e-02	-2.313745e-03	1.342413e-02
29            	2.102775e-02	9.398365e-04	2.008792e-02	-7.425253e-04	1.055377e-02	-1.129630e-02	1.092504e-02	-9.574040e-03	-6.724701e-03	1.244734e-02	-5.010320e-04	1.294837e-02
30            	2.040239e-02	-2.400207e-03	2.280260e-02	-7.830568e-04	1.021333e-02	-1.099639e-02	1.060486e-02	-1.260140e-02	-3.439601e-03	1.880179e-02	5.961296e-03	1.284050e-02
31            	1.985425e-02	-6.388197e-03	2.624245e-02	-8.355841e-04	9.907163e-03	-1.074275e-02	1.032495e-02	-1.631532e-02	5.628149e-04	2.642480e-02	1.377521e-02	1.264959e-02
32            	1.942097e-02	-9.316007e-03	2.873698e-02	-8.869744e-04	9.657902e-03	-1.054488e-02	1.010139e-02	-1.902649e-02	4.021756e-03	3.205907e-02	2.005129e-02	1.200778e-02
33            	1.911729e-02	-1.005548e-02	2.917277e-02	-9.277187e-04	9.476420e-03	-1.040414e-02	9.940280e-03	-1.961412e-02	6.083775e-03	3.356605e-02	2.286680e-02	1.069925e-02
34            	1.893421e-02	-8.193568e-03	2.712777e-02	-9.529609e-04	9.360903e-03	-1.031386e-02	9.837383e-03	-1.766067e-02	6.403051e-03	3.017495e-02	2.149052e-02	8.684423e-03
35            	1.884346e-02	-3.988523e-03	2.283198e-02	-9.624069e-04	9.298819e-03	-1.026123e-02	9.780022e-03	-1.341025e-02	5.114684e-03	2.239310e-02	1.631123e-02	6.081866e-03
36            	1.880571e-02	1.809121e-03	1.699659e-02	-9.592928e-04	9.270867e-03	-1.023016e-02	9.750514e-03	-7.593733e-03	2.708748e-03	1.165870e-02	8.538098e-03	3.120602e-03
37            	1.877975e-02	8.209576e-03	1.057018e-02	-9.488573e-04	9.255642e-03	-1.020450e-02	9.730071e-03	-1.180302e-03	-1.513240e-04	-1.459887e-04	-2.243184e-04	7.832963e-05
38            	1.873103e-02	1.424977e-02	4.481255e-03	-9.366054e-04	9.234191e-03	-1.017080e-02	9.702493e-03	4.884259e-03	-2.819977e-03	-1.120263e-02	-8.421294e-03	-2.781340e-03
39            	1.863669e-02	1.918524e-02	-5.485416e-04	-9.271150e-04	9.192923e-03	-1.012004e-02	9.656480e-03	9.866889e-03	-4.805929e-03	-2.012005e-02	-1.486596e-02	-5.254098e-03
40            	1.848756e-02	2.260934e-02	-4.121779e-03	-9.232285e-04	9.124947e-03	-1.004818e-02	9.586561e-03	1.336556e-02	-5.855741e-03	-2.615769e-02	-1.893459e-02	-7.223106e-03
41            	1.828744e-02	2.447359e-02	-6.186150e-03	-9.257581e-04	9.030120e-03	-9.955878e-03	9.492999e-03	1.532987e-02	-5.965726e-03	-2.925892e-02	-2.059519e-02	-8.663735e-03
42            	1.805016e-02	2.503206e-02	-6.981897e-03	-9.338267e-04	8.913784e-03	-9.847611e-03	9.380698e-03	1.600698e-02	-5.338245e-03	-2.993932e-02	-2.030790e-02	-9.631414e-03
43            	1.779495e-02	2.473310e-02	-6.938152e-03	-9.454171e-04	8.784851e-03	-9.730268e-03	9.257559e-03	1.583563e-02	-4.300659e-03	-2.907495e-02	-1.883813e-02	-1.023681e-02
44            	1.754099e-02	2.408980e-02	-6.548812e-03	-9.579107e-04	8.653153e-03	-9.611063e-03	9.132108e-03	1.531931e-02	-3.211056e-03	-2.765370e-02	-1.703791e-02	-1.061579e-02
45            	1.730290e-02	2.356147e-02	-6.258562e-03	-9.685457e-04	8.526820e-03	-9.495366e-03	9.011093e-03	1.491001e-02	-2.373604e-03	-2.654895e-02	-1.564808e-02	-1.090087e-02
46            	1.708871e-02	2.347256e-02	-6.383846e-03	-9.750044e-04	8.410946e-03	-9.385950e-03	8.898448e-03	1.492820e-02	-1.983047e-03	-2.636510e-02	-1.516560e-02	-1.119950e-02
47            	1.689958e-02	2.396975e-02	-7.070168e-03	-9.758444e-04	8.307243e-03	-9.283087e-03	8.795165e-03	1.551996e-02	-2.099182e-03	-2.735846e-02	-1.577841e-02	-1.158005e-02
48            	1.673115e-02	2.502474e-02	-8.293589e-03	-9.707072e-04	8.214473e-03	-9.185180e-03	8.699826e-03	1.665917e-02	-2.655885e-03	-2.944724e-02	-1.737950e-02	-1.206773e-02
49            	1.657578e-02	2.647193e-02	-9.896149e-03	-9.602931e-04	8.129468e-03	-9.089761e-03	8.609614e-03	1.818404e-02	-3.494927e-03	-3.228830e-02	-1.963908e-02	-1.264922e-02
50            	1.642486e-02	2.806773e-02	-1.164287e-02	-9.460712e-04	8.048241e-03	-8.994313e-03	8.521277e-03	1.985530e-02	-4.414213e-03	-3.539520e-02	-2.211181e-02	-1.328339e-02
51            	1.627106e-02	2.955489e-02	-1.328384e-02	-9.299259e-04	7.967074e-03	-8.897000e-03	8.432037e-03	2.141936e-02	-5.216919e-03	-3.826358e-02	-2.434871e-02	-1.391487e-02
52            	1.610968e-02	3.071990e-02	-1.461022e-02	-9.137561e-04	7.883290e-03	-8.797047e-03	8.340169e-03	2.266506e-02	-5.753166e-03	-4.048245e-02	-2.599439e-02	-1.448806e-02
53            	1.593924e-02	3.142837e-02	-1.548913e-02	-8.991617e-04	7.795627e-03	-8.694789e-03	8.245208e-03	2.345875e-02	-5.943199e-03	-4.180101e-02	-2.684371e-02	-1.495731e-02
54            	1.576131e-02	3.164168e-02	-1.588037e-02	-8.872347e-04	7.704290e-03	-8.591525e-03	8.147908e-03	2.376102e-02	-5.784812e-03	-4.215832e-02	-2.686397e-02	-1.529435e-02
55            	1.557975e-02	3.141038e-02	-1.583063e-02	-8.784774e-04	7.610689e-03	-8.489167e-03	8.049928e-03	2.362051e-02	-5.342978e-03	-4.166747e-02	-2.617671e-02	-1.549075e-02
56            	1.539968e-02	3.085154e-02	-1.545186e-02	-8.728172e-04	7.516972e-03	-8.389790e-03	7.953381e-03	2.315170e-02	-4.727810e-03	-4.056871e-02	-2.501216e-02	-1.555654e-02
57            	1.522628e-02	3.011698e-02	-1.489070e-02	-8.697697e-04	7.425491e-03	-8.295260e-03	7.860376e-03	2.250384e-02	-4.067119e-03	-3.916575e-02	-2.364999e-02	-1.551575e-02
58            	1.506378e-02	2.935977e-02	-1.429599e-02	-8.686154e-04	7.338342e-03	-8.206957e-03	7.772650e-03	2.182788e-02	-3.479179e-03	-3.775932e-02	-2.235884e-02	-1.540048e-02
59            	1.491494e-02	2.870703e-02	-1.379209e-02	-8.685938e-04	7.257041e-03	-8.125635e-03	7.691338e-03	2.124956e-02	-3.052278e-03	-3.659404e-02	-2.134930e-02	-1.524474e-02
60            	1.478066e-02	2.824129e-02	-1.346063e-02	-8.690352e-04	7.182330e-03	-8.051365e-03	7.616847e-03	2.085096e-02	-2.832471e-03	-3.582316e-02	-2.074405e-02	-1.507911e-02
61            	1.466020e-02	2.799405e-02	-1.333385e-02	-8.694550e-04	7.114218e-03	-7.983673e-03	7.548945e-03	2.066395e-02	-2.821633e-03	-3.549744e-02	-2.057035e-02	-1.492709e-02
62            	1.455147e-02	2.794918e-02	-1.339770e-02	-8.695821e-04	7.052061e-03	-7.921643e-03	7.486852e-03	2.067344e-02	-2.983664e-03	-3.557379e-02	-2.077056e-02	-1.480323e-02
63            	1.445160e-02	2.805468e-02	-1.360308e-02	-8.693645e-04	6.994772e-03	-7.864137e-03	7.429455e-03	2.082888e-02	-3.256856e-03	-3.593993e-02	-2.122682e-02	-1.471311e-02
64            	1.435753e-02	2.823901e-02	-1.388148e-02	-8.689126e-04	6.941081e-03	-7.809994e-03	7.375538e-03	2.106024e-02	-3.569283e-03	-3.644784e-02	-2.179320e-02	-1.465464e-02
65            	1.426653e-02	2.842770e-02	-1.416117e-02	-8.684365e-04	6.889772e-03	-7.758208e-03	7.323990e-03	2.129444e-02	-3.853136e-03	-3.694709e-02	-2.232668e-02	-1.462041e-02
66            	1.417657e-02	2.855764e-02	-1.438107e-02	-8.681699e-04	6.839843e-03	-7.708013e-03	7.273928e-03	2.146936e-02	-4.056246e-03	-3.731299e-02	-2.271274e-02	-1.460025e-02
67            	1.408648e-02	2.858642e-02	-1.449994e-02	-8.683126e-04	6.790627e-03	-7.658939e-03	7.224783e-03	2.154318e-02	-4.148618e-03	-3.746455e-02	-2.288089e-02	-1.458366e-02
68            	1.399594e-02	2.849653e-02	-1.450060e-02	-8.689795e-04	6.741814e-03	-7.610793e-03	7.176304e-03	2.149856e-02	-4.124237e-03	-3.737193e-02	-2.281020e-02	-1.456173e-02
69            	1.390534e-02	2.829404e-02	-1.438870e-02	-8.701923e-04	6.693406e-03	-7.563599e-03	7.128502e-03	2.134137e-02	-3.998011e-03	-3.705267e-02	-2.252435e-02	-1.452832e-02
70            	1.381552e-02	2.800333e-02	-1.418781e-02	-8.718871e-04	6.645631e-03	-7.517518e-03	7.081574e-03	2.109557e-02	-3.799663e-03	-3.656038e-02	-2.207985e-02	-1.448053e-02
71            	1.372752e-02	2.765963e-02	-1.393211e-02	-8.739386e-04	6.598846e-03	-7.472785e-03	7.035815e-03	2.079587e-02	-3.566078e-03	-3.596912e-02	-2.155064e-02	-1.441848e-02
72            	1.364228e-02	2.730080e-02	-1.365852e-02	-8.761889e-04	6.553384e-03	-7.429573e-03	6.991479e-03	2.047966e-02	-3.333615e-03	-3.535661e-02	-2.101192e-02	-1.434469e-02
73            	1.356048e-02	2.696055e-02	-1.340007e-02	-8.784857e-04	6.509522e-03	-7.388008e-03	6.948765e-03	2.018031e-02	-3.132128e-03	-3.479061e-02	-2.052743e-02	-1.426318e-02
74            	1.348248e-02	2.666347e-02	-1.318099e-02	-8.807077e-04	6.467405e-03	-7.348113e-03	6.907759e-03	1.992223e-02	-2.981051e-03	-3.431916e-02	-2.014063e-02	-1.417853e-02
75            	1.340824e-02	2.642250e-02	-1.301426e-02	-8.827799e-04	6.427050e-03	-7.309829e-03	6.868439e-03	1.971838e-02	-2.887897e-03	-3.396592e-02	-1.987086e-02	-1.409506e-02
76            	1.333744e-02	2.623919e-02	-1.290175e-02	-8.846736e-04	6.388351e-03	-7.273024e-03	6.830688e-03	1.957047e-02	-2.849333e-03	-3.373121e-02	-1.971494e-02	-1.401627e-02
77            	1.326953e-02	2.610570e-02	-1.283616e-02	-8.864002e-04	6.351120e-03	-7.237520e-03	6.794320e-03	1.947093e-02	-2.853736e-03	-3.359641e-02	-1.965194e-02	-1.394447e-02
78            	1.320390e-02	2.600802e-02	-1.280412e-02	-8.879996e-04	6.315131e-03	-7.203130e-03	6.759130e-03	1.940607e-02	-2.884737e-03	-3.353095e-02	-1.965021e-02	-1.388074e-02
79            	1.313996e-02	2.592971e-02	-1.278975e-02	-8.895265e-04	6.280161e-03	-7.169688e-03	6.724924e-03	1.935973e-02	-2.924918e-03	-3.349996e-02	-1.967490e-02	-1.382506e-02
80            	1.307726e-02	2.585510e-02	-1.277785e-02	-8.910342e-04	6.246026e-03	-7.137060e-03	6.691543e-03	1.931648e-02	-2.958898e-03	-3.347101e-02	-1.969440e-02	-1.377661e-02
81            	1.301552e-02	2.577190e-02	-1.275638e-02	-8.925588e-04	6.212597e-03	-7.105156e-03	6.658877e-03	1.926414e-02	-2.975504e-03	-3.341912e-02	-1.968506e-02	-1.373406e-02
82            	1.295464e-02	2.567248e-02	-1.271785e-02	-8.941168e-04	6.179813e-03	-7.073930e-03	6.626871e-03	1.919517e-02	-2.968784e-03	-3.332938e-02	-1.963347e-02	-1.369590e-02
83            	1.289466e-02	2.555420e-02	-1.265955e-02	-8.957075e-04	6.147665e-03	-7.043372e-03	6.595519e-03	1.910688e-02	-2.937917e-03	-3.319733e-02	-1.953658e-02	-1.366075e-02
84            	1.283572e-02	2.541874e-02	-1.258302e-02	-8.973152e-04	6.116187e-03	-7.013503e-03	6.564845e-03	1.900088e-02	-2.886266e-03	-3.302744e-02	-1.939999e-02	-1.362745e-02
85            	1.277802e-02	2.527092e-02	-1.249289e-02	-8.989159e-04	6.085431e-03	-6.984347e-03	6.534889e-03	1.888190e-02	-2.819945e-03	-3.283041e-02	-1.923515e-02	-1.359526e-02
86            	1.272176e-02	2.511701e-02	-1.239525e-02	-9.004797e-04	6.055452e-03	-6.955931e-03	6.505692e-03	1.875613e-02	-2.746117e-03	-3.261976e-02	-1.905600e-02	-1.356376e-02
87            	1.266704e-02	2.496346e-02	-1.229643e-02	-9.019770e-04	6.026278e-03	-6.928255e-03	6.477266e-03	1.862995e-02	-2.671606e-03	-3.240897e-02	-1.887609e-02	-1.353288e-02
88            	1.261391e-02	2.481569e-02	-1.220178e-02	-9.033814e-04	5.997918e-03	-6.901300e-03	6.449609e-03	1.850874e-02	-2.601793e-03	-3.220910e-02	-1.870634e-02	-1.350276e-02
89            	1.256237e-02	2.467737e-02	-1.211500e-02	-9.046724e-04	5.970355e-03	-6.875028e-03	6.422692e-03	1.839618e-02	-2.540011e-03	-3.202735e-02	-1.855368e-02	-1.347366e-02
90            	1.251231e-02	2.455018e-02	-1.203787e-02	-9.058375e-04	5.943549e-03	-6.849387e-03	6.396468e-03	1.829402e-02	-2.487433e-03	-3.186666e-02	-1.842076e-02	-1.344590e-02
91            	1.246360e-02	2.443399e-02	-1.197039e-02	-9.068710e-04	5.917445e-03	-6.824316e-03	6.370880e-03	1.820219e-02	-2.443356e-03	-3.172615e-02	-1.830643e-02	-1.341972e-02
92            	1.241609e-02	2.432731e-02	-1.191122e-02	-9.077751e-04	5.891977e-03	-6.799752e-03	6.345865e-03	1.811927e-02	-2.405754e-03	-3.160209e-02	-1.820680e-02	-1.339529e-02
93            	1.236963e-02	2.422786e-02	-1.185823e-02	-9.085566e-04	5.867085e-03	-6.775641e-03	6.321363e-03	1.804304e-02	-2.371946e-03	-3.148925e-02	-1.811657e-02	-1.337268e-02
94            	1.232409e-02	2.413315e-02	-1.180907e-02	-9.092240e-04	5.842714e-03	-6.751938e-03	6.297326e-03	1.797111e-02	-2.339226e-03	-3.138212e-02	-1.803029e-02	-1.335184e-02
95            	1.227937e-02	2.404110e-02	-1.176173e-02	-9.097870e-04	5.818825e-03	-6.728612e-03	6.273718e-03	1.790142e-02	-2.305388e-03	-3.127609e-02	-1.794343e-02	-1.333266e-02
96            	1.223545e-02	2.395014e-02	-1.171468e-02	-9.102539e-04	5.795397e-03	-6.705651e-03	6.250524e-03	1.783241e-02	-2.268955e-03	-3.116783e-02	-1.785287e-02	-1.331496e-02
97            	1.219232e-02	2.385952e-02	-1.166721e-02	-9.106329e-04	5.772422e-03	-6.683055e-03	6.227739e-03	1.776337e-02	-2.229362e-03	-3.105584e-02	-1.775728e-02	-1.329856e-02
98            	1.214999e-02	2.376927e-02	-1.161928e-02	-9.109295e-04	5.749904e-03	-6.660834e-03	6.205369e-03	1.769428e-02	-2.186843e-03	-3.094026e-02	-1.765697e-02	-1.328329e-02
99            	1.210852e-02	2.367998e-02	-1.157146e-02	-9.111480e-04	5.727853e-03	-6.639001e-03	6.183427e-03	1.762572e-02	-2.142240e-03	-3.082246e-02	-1.755347e-02	-1.326899e-02
100           	1.206793e-02	2.359258e-02	-1.152465e-02	-9.112919e-04	5.706280e-03	-6.617572e-03	6.161926e-03	1.755862e-02	-2.096731e-03	-3.070457e-02	-1.744902e-02	-1.325556e-02
101           	1.202827e-02	2.350815e-02	-1.147988e-02	-9.113645e-04	5.685195e-03	-6.596559e-03	6.140877e-03	1.749402e-02	-2.051569e-03	-3.058896e-02	-1.734605e-02	-1.324291e-02
102           	1.198955e-02	2.342764e-02	-1.143809e-02	-9.113691e-04	5.664601e-03	-6.575970e-03	6.120285e-03	1.743286e-02	-2.007863e-03	-3.047776e-02	-1.724674e-02	-1.323102e-02
103           	1.195179e-02	2.335177e-02	-1.139998e-02	-9.113095e-04	5.644496e-03	-6.555806e-03	6.100151e-03	1.737588e-02	-1.966432e-03	-3.037256e-02	-1.715271e-02	-1.321985e-02
104           	1.191495e-02	2.328094e-02	-1.136599e-02	-9.111907e-04	5.624871e-03	-6.536062e-03	6.080467e-03	1.732346e-02	-1.927740e-03	-3.027428e-02	-1.706488e-02	-1.320940e-02
105           	1.187901e-02	2.321524e-02	-1.133622e-02	-9.110186e-04	5.605712e-03	-6.516731e-03	6.061222e-03	1.727573e-02	-1.891916e-03	-3.018318e-02	-1.698350e-02	-1.319967e-02
106           	1.184393e-02	2.315448e-02	-1.131055e-02	-9.108005e-04	5.587000e-03	-6.497800e-03	6.042400e-03	1.723251e-02	-1.858814e-03	-3.009894e-02	-1.690829e-02	-1.319066e-02
107           	1.180965e-02	2.309831e-02	-1.128866e-02	-9.105442e-04	5.568714e-03	-6.479258e-03	6.023986e-03	1.719349e-02	-1.828124e-03	-3.002094e-02	-1.683859e-02	-1.318235e-02
108           	1.177613e-02	2.304631e-02	-1.127018e-02	-9.102573e-04	5.550834e-03	-6.461091e-03	6.005963e-03	1.715824e-02	-1.799473e-03	-2.994837e-02	-1.677366e-02	-1.317471e-02
109           	1.174333e-02	2.299803e-02	-1.125470e-02	-9.099477e-04	5.533343e-03	-6.443290e-03	5.988317e-03	1.712637e-02	-1.772517e-03	-2.988050e-02	-1.671277e-02	-1.316773e-02
110           	1.171122e-02	2.295314e-02	-1.124191e-02	-9.096219e-04	5.516224e-03	-6.425846e-03	5.971035e-03	1.709752e-02	-1.747007e-03	-2.981675e-02	-1.665538e-02	-1.316137e-02
111           	1.167977e-02	2.291139e-02	-1.123162e-02	-9.092871e-04	5.499463e-03	-6.408750e-03	5.954106e-03	1.707150e-02	-1.722856e-03	-2.975688e-02	-1.660130e-02	-1.315558e-02
112           	1.164897e-02	2.287262e-02	-1.122365e-02	-9.089486e-04	5.483054e-03	-6.392003e-03	5.937529e-03	1.704814e-02	-1.700020e-03	-2.970072e-02	-1.655038e-02	-1.315034e-02
113           	1.161882e-02	2.283678e-02	-1.121797e-02	-9.086100e-04	5.466996e-03	-6.375606e-03	5.921301e-03	1.702738e-02	-1.678578e-03	-2.964835e-02	-1.650275e-02	-1.314560e-02
114           	1.158930e-02	2.280393e-02	-1.121463e-02	-9.082752e-04	5.451277e-03	-6.359552e-03	5.905415e-03	1.700928e-02	-1.658737e-03	-2.960015e-02	-1.645881e-02	-1.314134e-02
115           	1.156040e-02	2.277411e-02	-1.121370e-02	-9.079458e-04	5.435895e-03	-6.343840e-03	5.889867e-03	1.699390e-02	-1.640684e-03	-2.955643e-02	-1.641890e-02	-1.313753e-02
116           	1.153214e-02	2.274737e-02	-1.121523e-02	-9.076218e-04	5.420844e-03	-6.328466e-03	5.874655e-03	1.698130e-02	-1.624583e-03	-2.951748e-02	-1.638332e-02	-1.313416e-02
117           	1.150448e-02	2.272372e-02	-1.121923e-02	-9.073037e-04	5.406117e-03	-6.313421e-03	5.859769e-03	1.697148e-02	-1.610568e-03	-2.948354e-02	-1.635234e-02	-1.313120e-02
118           	1.147744e-02	2.270311e-02	-1.122566e-02	-9.069896e-04	5.391713e-03	-6.298703e-03	5.845208e-03	1.696438e-02	-1.598654e-03	-2.945461e-02	-1.632596e-02	-1.312865e-02
119           	1.145101e-02	2.268543e-02	-1.123443e-02	-9.066790e-04	5.377627e-03	-6.284306e-03	5.830967e-03	1.695993e-02	-1.588823e-03	-2.943064e-02	-1.630414e-02	-1.312650e-02
120           	1.142516e-02	2.267054e-02	-1.124539e-02	-9.063715e-04	5.363851e-03	-6.270223e-03	5.817037e-03	1.695796e-02	-1.580995e-03	-2.941144e-02	-1.628672e-02	-1.312473e-02
121           	1.139988e-02	2.265825e-02	-1.125837e-02	-9.060672e-04	5.350379e-03	-6.256446e-03	5.803413e-03	1.695831e-02	-1.575051e-03	-2.939676e-02	-1.627343e-02	-1.312333e-02
122           	1.137516e-02	2.264835e-02	-1.127318e-02	-9.057667e-04	5.337202e-03	-6.242968e-03	5.790085e-03	1.696077e-02	-1.570845e-03	-2.938628e-02	-1.626399e-02	-1.312230e-02
123           	1.135098e-02	2.264060e-02	-1.128962e-02	-9.054706e-04	5.324310e-03	-6.229781e-03	5.777046e-03	1.696511e-02	-1.568220e-03	-2.937966e-02	-1.625805e-02	-1.312161e-02
124           	1.132733e-02	2.263482e-02	-1.130749e-02	-9.051798e-04	5.311699e-03	-6.216879e-03	5.764289e-03	1.697116e-02	-1.567033e-03	-2.937658e-02	-1.625532e-02	-1.312126e-02
125           	1.130419e-02	2.263081e-02	-1.132662e-02	-9.048949e-04	5.299362e-03	-6.204257e-03	5.751809e-03	1.697872e-02	-1.567150e-03	-2.937675e-02	-1.625553e-02	-1.312123e-02
126           	1.128155e-02	2.262839e-02	-1.134684e-02	-9.046168e-04	5.287290e-03	-6.191907e-03	5.739599e-03	1.698762e-02	-1.568460e-03	-2.937991e-02	-1.625842e-02	-1.312150e-02
127           	1.125940e-02	2.262741e-02	-1.136802e-02	-9.043458e-04	5.275479e-03	-6.179825e-03	5.727652e-03	1.699772e-02	-1.570868e-03	-2.938583e-02	-1.626378e-02	-1.312205e-02
128           	1.123772e-02	2.262773e-02	-1.139001e-02	-9.040825e-04	5.263922e-03	-6.168005e-03	5.715963e-03	1.700887e-02	-1.574292e-03	-2.939431e-02	-1.627144e-02	-1.312286e-02
129           	1.121652e-02	2.262923e-02	-1.141271e-02	-9.038270e-04	5.252614e-03	-6.156441e-03	5.704527e-03	1.702097e-02	-1.578662e-03	-2.940516e-02	-1.628124e-02	-1.312392e-02
130           	1.119577e-02	2.263178e-02	-1.143601e-02	-9.035795e-04	5.241549e-03	-6.145129e-03	5.693339e-03	1.703390e-02	-1.583907e-03	-2.941823e-02	-1.629302e-02	-1.312521e-02
131           	1.117547e-02	2.263528e-02	-1.145981e-02	-9.033400e-04	5.230723e-03	-6.134063e-03	5.682393e-03	1.704755e-02	-1.589960e-03	-2.943332e-02	-1.630662e-02	-1.312670e-02
132           	1.115562e-02	2.263962e-02	-1.148400e-02	-9.031087e-04	5.220131e-03	-6.123240e-03	5.671685e-03	1.706181e-02	-1.596746e-03	-2.945027e-02	-1.632188e-02	-1.312839e-02
133           	1.113619e-02	2.264468e-02	-1.150849e-02	-9.028857e-04	5.209767e-03	-6.112653e-03	5.661210e-03	1.707658e-02	-1.604186e-03	-2.946887e-02	-1.633862e-02	-1.313025e-02
134           	1.111720e-02	2.265036e-02	-1.153316e-02	-9.026711e-04	5.199628e-03	-6.102299e-03	5.650964e-03	1.709176e-02	-1.612197e-03	-2.948893e-02	-1.635666e-02	-1.313227e-02
135           	1.109861e-02	2.265653e-02	-1.155792e-02	-9.024653e-04	5.189707e-03	-6.092172e-03	5.640939e-03	1.710723e-02	-1.620681e-03	-2.951021e-02	-1.637579e-02	-1.313442e-02
136           	1.108043e-02	2.266312e-02	-1.158269e-02	-9.022680e-04	5.180001e-03	-6.082269e-03	5.631135e-03	1.712290e-02	-1.629567e-03	-2.953255e-02	-1.639584e-02	-1.313671e-02
137           	1.106266e-02	2.267003e-02	-1.160737e-02	-9.020794e-04	5.170506e-03	-6.072586e-03	5.621546e-03	1.713870e-02	-1.638771e-03	-2.955575e-02	-1.641665e-02	-1.313911e-02
138           	1.104527e-02	2.267717e-02	-1.163190e-02	-9.018994e-04	5.161218e-03	-6.063118e-03	5.612168e-03	1.715453e-02	-1.648212e-03	-2.957962e-02	-1.643802e-02	-1.314160e-02
139           	1.102827e-02	2.268445e-02	-1.165618e-02	-9.017281e-04	5.152132e-03	-6.053861e-03	5.602996e-03	1.717032e-02	-1.657817e-03	-2.960399e-02	-1.645981e-02	-1.314418e-02
140           	1.101164e-02	2.269180e-02	-1.168016e-02	-9.015655e-04	5.143245e-03	-6.044810e-03	5.594027e-03	1.718598e-02	-1.667518e-03	-2.962868e-02	-1.648186e-02	-1.314682e-02
141           	1.099537e-02	2.269915e-02	-1.170378e-02	-9.014116e-04	5.134551e-03	-6.035962e-03	5.585257e-03	1.720146e-02	-1.677255e-03	-2.965355e-02	-1.650403e-02	-1.314952e-02
142           	1.097947e-02	2.270644e-02	-1.172697e-02	-9.012664e-04	5.126047e-03	-6.027313e-03	5.576680e-03	1.721671e-02	-1.686975e-03	-2.967848e-02	-1.652622e-02	-1.315227e-02
143           	1.096391e-02	2.271362e-02	-1.174971e-02	-9.011298e-04	5.117730e-03	-6.018859e-03	5.568294e-03	1.723166e-02	-1.696630e-03	-2.970334e-02	-1.654830e-02	-1.315504e-02
144           	1.094870e-02	2.272064e-02	-1.177194e-02	-9.010018e-04	5.109595e-03	-6.010597e-03	5.560096e-03	1.724629e-02	-1.706179e-03	-2.972802e-02	-1.657019e-02	-1.315783e-02
145           	1.093383e-02	2.272746e-02	-1.179364e-02	-9.008822e-04	5.101640e-03	-6.002522e-03	5.552081e-03	1.726055e-02	-1.715584e-03	-2.975244e-02	-1.659180e-02	-1.316063e-02
146           	1.091928e-02	2.273405e-02	-1.181477e-02	-9.007709e-04	5.093860e-03	-5.994631e-03	5.544246e-03	1.727441e-02	-1.724810e-03	-2.977649e-02	-1.661305e-02	-1.316343e-02
147           	1.090506e-02	2.274037e-02	-1.183531e-02	-9.006678e-04	5.086253e-03	-5.986921e-03	5.536587e-03	1.728784e-02	-1.733828e-03	-2.980009e-02	-1.663387e-02	-1.316622e-02
148           	1.089116e-02	2.274640e-02	-1.185523e-02	-9.005727e-04	5.078815e-03	-5.979388e-03	5.529102e-03	1.730081e-02	-1.742609e-03	-2.982317e-02	-1.665420e-02	-1.316898e-02
149           	1.087758e-02	2.275209e-02	-1.187451e-02	-9.004850e-04	5.071548e-03	-5.972033e-03	5.521790e-03	1.731330e-02	-1.751121e-03	-2.984564e-02	-1.667394e-02	-1.317170e-02
150           	1.086430e-02	2.275745e-02	-1.189315e-02	-9.004048e-04	5.064442e-03	-5.964847e-03	5.514645e-03	1.732530e-02	-1.759350e-03	-2.986745e-02	-1.669308e-02	-1.317438e-02
151           	1.085131e-02	2.276242e-02	-1.191110e-02	-9.003325e-04	5.057492e-03	-5.957825e-03	5.507658e-03	1.733676e-02	-1.767262e-03	-2.988852e-02	-1.671152e-02	-1.317700e-02
152           	1.083862e-02	2.276704e-02	-1.192842e-02	-9.002670e-04	5.050699e-03	-5.950966e-03	5.500832e-03	1.734773e-02	-1.774877e-03	-2.990888e-02	-1.672931e-02	-1.317956e-02
153           	1.082621e-02	2.277130e-02	-1.194509e-02	-9.002078e-04	5.044059e-03	-5.944267e-03	5.494163e-03	1.735820e-02	-1.782186e-03	-2.992850e-02	-1.674644e-02	-1.318206e-02
154           	1.081408e-02	2.277520e-02	-1.196111e-02	-9.001550e-04	5.037570e-03	-5.937725e-03	5.487647e-03	1.736816e-02	-1.789176e-03	-2.994736e-02	-1.676285e-02	-1.318450e-02
155           	1.080223e-02	2.277872e-02	-1.197648e-02	-9.001081e-04	5.031228e-03	-5.931336e-03	5.481282e-03	1.737760e-02	-1.795835e-03	-2.996541e-02	-1.677854e-02	-1.318687e-02
156           	1.079065e-02	2.278185e-02	-1.199120e-02	-9.000672e-04	5.025030e-03	-5.925097e-03	5.475064e-03	1.738652e-02	-1.802158e-03	-2.998263e-02	-1.679347e-02	-1.318916e-02
157           	1.077933e-02	2.278459e-02	-1.200526e-02	-9.000319e-04	5.018974e-03	-5.919005e-03	5.468990e-03	1.739493e-02	-1.808138e-03	-2.999900e-02	-1.680764e-02	-1.319136e-02
158           	1.076827e-02	2.278695e-02	-1.201868e-02	-9.000021e-04	5.013055e-03	-5.913057e-03	5.463056e-03	1.740281e-02	-1.813777e-03	-3.001452e-02	-1.682104e-02	-1.319348e-02
159           	1.075746e-02	2.278893e-02	-1.203146e-02	-8.999775e-04	5.007272e-03	-5.907249e-03	5.457260e-03	1.741020e-02	-1.819079e-03	-3.002918e-02	-1.683367e-02	-1.319551e-02
160           	1.074690e-02	2.279053e-02	-1.204363e-02	-8.999579e-04	5.001621e-03	-5.901579e-03	5.451600e-03	1.741708e-02	-1.824051e-03	-3.004299e-02	-1.684555e-02	-1.319744e-02
161           	1.073658e-02	2.279178e-02	-1.205519e-02	-8.999429e-04	4.996101e-03	-5.896043e-03	5.446072e-03	1.742349e-02	-1.828701e-03	-3.005597e-02	-1.685669e-02	-1.319928e-02
162           	1.072650e-02	2.279268e-02	-1.206618e-02	-8.999322e-04	4.990708e-03	-5.890640e-03	5.440674e-03	1.742943e-02	-1.833041e-03	-3.006813e-02	-1.686711e-02	-1.320103e-02
163           	1.071665e-02	2.279326e-02	-1.207660e-02	-8.999253e-04	4.985441e-03	-5.885366e-03	5.435404e-03	1.743493e-02	-1.837080e-03	-3.007951e-02	-1.687683e-02	-1.320267e-02
164           	1.070704e-02	2.279351e-02	-1.208648e-02	-8.999220e-04	4.980297e-03	-5.880219e-03	5.430258e-03	1.744000e-02	-1.840829e-03	-3.009011e-02	-1.688588e-02	-1.320422e-02
165           	1.069764e-02	2.279347e-02	-1.209583e-02	-8.999219e-04	4.975274e-03	-5.875196e-03	5.425235e-03	1.744465e-02	-1.844297e-03	-3.009996e-02	-1.689428e-02	-1.320568e-02
166           	1.068846e-02	2.279314e-02	-1.210467e-02	-8.999248e-04	4.970370e-03	-5.870295e-03	5.420332e-03	1.744891e-02	-1.847495e-03	-3.010909e-02	-1.690204e-02	-1.320705e-02
167           	1.067950e-02	2.279253e-02	-1.211303e-02	-8.999304e-04	4.965582e-03	-5.865512e-03	5.415547e-03	1.745278e-02	-1.850431e-03	-3.011751e-02	-1.690919e-02	-1.320832e-02
168           	1.067075e-02	2.279166e-02	-1.212090e-02	-8.999385e-04	4.960907e-03	-5.860846e-03	5.410876e-03	1.745628e-02	-1.853115e-03	-3.012525e-02	-1.691574e-02	-1.320951e-02
169           	1.066221e-02	2.279053e-02	-1.212832e-02	-8.999490e-04	4.956343e-03	-5.856292e-03	5.406318e-03	1.745943e-02	-1.855557e-03	-3.013232e-02	-1.692172e-02	-1.321061e-02
170           	1.065386e-02	2.278916e-02	-1.213530e-02	-8.999617e-04	4.951889e-03	-5.851850e-03	5.401870e-03	1.746223e-02	-1.857767e-03	-3.013877e-02	-1.692715e-02	-1.321162e-02
171           	1.064571e-02	2.278756e-02	-1.214185e-02	-8.999769e-04	4.947539e-03	-5.847516e-03	5.397528e-03	1.746470e-02	-1.859748e-03	-3.014458e-02	-1.693204e-02	-1.321254e-02
172           	1.063776e-02	2.278575e-02	-1.214799e-02	-8.999938e-04	4.943294e-03	-5.843288e-03	5.393291e-03	1.746687e-02	-1.861521e-03	-3.014981e-02	-1.693643e-02	-1.321338e-02
173           	1.062999e-02	2.278374e-02	-1.215374e-02	-9.000124e-04	4.939153e-03	-5.839165e-03	5.389159e-03	1.746874e-02	-1.863096e-03	-3.015448e-02	-1.694034e-02	-1.321415e-02
174           	1.062241e-02	2.278155e-02	-1.215913e-02	-9.000325e-04	4.935111e-03	-5.835144e-03	5.385128e-03	1.747034e-02	-1.864484e-03	-3.015863e-02	-1.694380e-02	-1.321483e-02
175           	1.061502e-02	2.277918e-02	-1.216417e-02	-9.000540e-04	4.931169e-03	-5.831223e-03	5.381196e-03	1.747168e-02	-1.865697e-03	-3.016227e-02	-1.694683e-02	-1.321544e-02
176           	1.060780e-02	2.277667e-02	-1.216887e-02	-9.000769e-04	4.927322e-03	-5.827399e-03	5.377360e-03	1.747277e-02	-1.866743e-03	-3.016543e-02	-1.694946e-02	-1.321597e-02
177           	1.060075e-02	2.277400e-02	-1.217325e-02	-9.001010e-04	4.923569e-03	-5.823671e-03	5.373620e-03	1.747362e-02	-1.867633e-03	-3.016813e-02	-1.695170e-02	-1.321643e-02
178           	1.059388e-02	2.277120e-02	-1.217733e-02	-9.001263e-04	4.919909e-03	-5.820035e-03	5.369972e-03	1.747426e-02	-1.868376e-03	-3.017041e-02	-1.695358e-02	-1.321683e-02
179           	1.058717e-02	2.276828e-02	-1.218111e-02	-9.001526e-04	4.916338e-03	-5.816491e-03	5.366415e-03	1.747470e-02	-1.868981e-03	-3.017228e-02	-1.695512e-02	-1.321716e-02
180           	1.058062e-02	2.276525e-02	-1.218463e-02	-9.001799e-04	4.912856e-03	-5.813036e-03	5.362946e-03	1.747494e-02	-1.869457e-03	-3.017377e-02	-1.695634e-02	-1.321743e-02
181           	1.057424e-02	2.276212e-02	-1.218789e-02	-9.002080e-04	4.909459e-03	-5.809667e-03	5.359563e-03	1.747500e-02	-1.869812e-03	-3.017491e-02	-1.695727e-02	-1.321764e-02
182           	1.056800e-02	2.275890e-02	-1.219090e-02	-9.002368e-04	4.906147e-03	-5.806384e-03	5.356265e-03	1.747490e-02	-1.870055e-03	-3.017570e-02	-1.695791e-02	-1.321780e-02
183           	1.056193e-02	2.275560e-02	-1.219367e-02	-9.002662e-04	4.902917e-03	-5.803183e-03	5.353050e-03	1.747464e-02	-1.870195e-03	-3.017618e-02	-1.695829e-02	-1.321790e-02
184           	1.055600e-02	2.275223e-02	-1.219623e-02	-9.002960e-04	4.899768e-03	-5.800064e-03	5.349916e-03	1.747423e-02	-1.870238e-03	-3.017637e-02	-1.695842e-02	-1.321795e-02
185           	1.055022e-02	2.274880e-02	-1.219858e-02	-9.003262e-04	4.896698e-03	-5.797024e-03	5.346861e-03	1.747369e-02	-1.870194e-03	-3.017629e-02	-1.695834e-02	-1.321795e-02
186           	1.054458e-02	2.274532e-02	-1.220074e-02	-9.003567e-04	4.893705e-03	-5.794062e-03	5.343884e-03	1.747303e-02	-1.870068e-03	-3.017595e-02	-1.695805e-02	-1.321791e-02
187           	1.053908e-02	2.274179e-02	-1.220271e-02	-9.003873e-04	4.890788e-03	-5.791175e-03	5.340982e-03	1.747225e-02	-1.869869e-03	-3.017538e-02	-1.695756e-02	-1.321782e-02
188           	1.053372e-02	2.273822e-02	-1.220451e-02	-9.004181e-04	4.887945e-03	-5.788363e-03	5.338154e-03	1.747137e-02	-1.869601e-03	-3.017460e-02	-1.695690e-02	-1.321770e-02
189           	1.052849e-02	2.273463e-02	-1.220614e-02	-9.004490e-04	4.885174e-03	-5.785623e-03	5.335399e-03	1.747039e-02	-1.869272e-03	-3.017361e-02	-1.695608e-02	-1.321753e-02
190           	1.052339e-02	2.273101e-02	-1.220762e-02	-9.004798e-04	4.882474e-03	-5.782954e-03	5.332714e-03	1.746932e-02	-1.868887e-03	-3.017244e-02	-1.695511e-02	-1.321734e-02
191           	1.051842e-02	2.272738e-02	-1.220896e-02	-9.005106e-04	4.879843e-03	-5.780353e-03	5.330098e-03	1.746817e-02	-1.868450e-03	-3.017111e-02	-1.695400e-02	-1.321710e-02
192           	1.051357e-02	2.272373e-02	-1.221016e-02	-9.005420e-04	4.877275e-03	-5.777817e-03	5.327546e-03	1.746695e-02	-1.867962e-03	-3.016961e-02	-1.695277e-02	-1.321684e-02
193           	1.050885e-02	2.272008e-02	-1.221123e-02	-9.005730e-04	4.874777e-03	-5.775350e-03	5.325063e-03	1.746566e-02	-1.867437e-03	-3.016797e-02	-1.695142e-02	-1.321655e-02
194           	1.050425e-02	2.271644e-02	-1.221219e-02	-9.006036e-04	4.872343e-03	-5.772947e-03	5.322645e-03	1.746431e-02	-1.866877e-03	-3.016621e-02	-1.694998e-02	-1.321623e-02
195           	1.049977e-02	2.271281e-02	-1.221304e-02	-9.006336e-04	4.869973e-03	-5.770607e-03	5.320290e-03	1.746292e-02	-1.866286e-03	-3.016434e-02	-1.694845e-02	-1.321588e-02
196           	1.049540e-02	2.270919e-02	-1.221379e-02	-9.006630e-04	4.867666e-03	-5.768329e-03	5.317997e-03	1.746149e-02	-1.865668e-03	-3.016237e-02	-1.694685e-02	-1.321552e-02
197           	1.049115e-02	2.270559e-02	-1.221444e-02	-9.006921e-04	4.865419e-03	-5.766111e-03	5.315765e-03	1.746002e-02	-1.865025e-03	-3.016031e-02	-1.694518e-02	-1.321513e-02
198           	1.048701e-02	2.270201e-02	-1.221501e-02	-9.007208e-04	4.863230e-03	-5.763951e-03	5.313590e-03	1.745851e-02	-1.864358e-03	-3.015817e-02	-1.694344e-02	-1.321473e-02
199           	1.048297e-02	2.269846e-02	-1.221549e-02	-9.007491e-04	4.861098e-03	-5.761847e-03	5.311473e-03	1.745697e-02	-1.863670e-03	-3.015595e-02	-1.694164e-02	-1.321430e-02
200           	1.047903e-02	2.269493e-02	-1.221589e-02	-9.007772e-04	4.859022e-03	-5.759799e-03	5.309411e-03	1.745541e-02	-1.862962e-03	-3.015366e-02	-1.693979e-02	-1.321387e-02
201           	1.047520e-02	2.269142e-02	-1.221622e-02	-9.008050e-04	4.857000e-03	-5.757805e-03	5.307403e-03	1.745382e-02	-1.862238e-03	-3.015132e-02	-1.693790e-02	-1.321342e-02
202           	1.047147e-02	2.268794e-02	-1.221648e-02	-9.008324e-04	4.855031e-03	-5.755864e-03	5.305447e-03	1.745221e-02	-1.861497e-03	-3.014891e-02	-1.693595e-02	-1.321296e-02
203           	1.046783e-02	2.268449e-02	-1.221667e-02	-9.008595e-04	4.853114e-03	-5.753974e-03	5.303544e-03	1.745058e-02	-1.860744e-03	-3.014646e-02	-1.693397e-02	-1.321249e-02
204           	1.046429e-02	2.268108e-02	-1.221679e-02	-9.008862e-04	4.851248e-03	-5.752134e-03	5.301691e-03	1.744894e-02	-1.859979e-03	-3.014397e-02	-1.693196e-02	-1.321201e-02
205           	1.046084e-02	2.267770e-02	-1.221686e-02	-9.009124e-04	4.849431e-03	-5.750343e-03	5.299887e-03	1.744728e-02	-1.859205e-03	-3.014144e-02	-1.692993e-02	-1.321151e-02
206           	1.045748e-02	2.267436e-02	-1.221688e-02	-9.009381e-04	4.847662e-03	-5.748600e-03	5.298131e-03	1.744562e-02	-1.858425e-03	-3.013888e-02	-1.692787e-02	-1.321102e-02
207           	1.045421e-02	2.267106e-02	-1.221685e-02	-9.009633e-04	4.845941e-03	-5.746904e-03	5.296423e-03	1.744395e-02	-1.857640e-03	-3.013631e-02	-1.692579e-02	-1.321051e-02
208           	1.045103e-02	2.266780e-02	-1.221677e-02	-9.009880e-04	4.844266e-03	-5.745254e-03	5.294760e-03	1.744228e-02	-1.856853e-03	-3.013371e-02	-1.692371e-02	-1.321000e-02
209           	1.044793e-02	2.266458e-02	-1.221665e-02	-9.010120e-04	4.842637e-03	-5.743649e-03	5.293143e-03	1.744062e-02	-1.856064e-03	-3.013111e-02	-1.692162e-02	-1.320949e-02
210           	1.044492e-02	2.266141e-02	-1.221650e-02	-9.010356e-04	4.841052e-03	-5.742087e-03	5.291570e-03	1.743895e-02	-1.855276e-03	-3.012850e-02	-1.691953e-02	-1.320897e-02
211           	1.044198e-02	2.265829e-02	-1.221630e-02	-9.010586e-04	4.839510e-03	-5.740568e-03	5.290039e-03	1.743730e-02	-1.854489e-03	-3.012589e-02	-1.691743e-02	-1.320845e-02
212           	1.044074e-02	2.265661e-02	-1.221586e-02	-9.010048e-04	4.838860e-03	-5.739865e-03	5.289363e-03	1.743623e-02	-1.853955e-03	-3.012411e-02	-1.691601e-02	-1.320810e-02
213           	1.043963e-02	2.265542e-02	-1.221578e-02	-9.009034e-04	4.838284e-03	-5.739187e-03	5.288735e-03	1.743560e-02	-1.853613e-03	-3.012295e-02	-1.691509e-02	-1.320786e-02
214           	1.043855e-02	2.265446e-02	-1.221591e-02	-9.007862e-04	4.837725e-03	-5.738511e-03	5.288118e-03	1.743518e-02	-1.853375e-03	-3.012213e-02	-1.691444e-02	-1.320769e-02
215           	1.043743e-02	2.265356e-02	-1.221613e-02	-9.006761e-04	4.837149e-03	-5.737825e-03	5.287487e-03	1.743485e-02	-1.853182e-03	-3.012144e-02	-1.691390e-02	-1.320754e-02
216           	1.043621e-02	2.265252e-02	-1.221631e-02	-9.005941e-04	4.836518e-03	-5.737112e-03	5.286815e-03	1.743441e-02	-1.852958e-03	-3.012066e-02	-1.691329e-02	-1.320737e-02
217           	1.043488e-02	2.265128e-02	-1.221640e-02	-9.005468e-04	4.835826e-03	-5.736373e-03	5.286099e-03	1.743384e-02	-1.852675e-03	-3.011969e-02	-1.691252e-02	-1.320717e-02
218           	1.043343e-02	2.264979e-02	-1.221636e-02	-9.005354e-04	4.835070e-03	-5.735606e-03	5.285338e-03	1.743308e-02	-1.852312e-03	-3.011848e-02	-1.691155e-02	-1.320693e-02
219           	1.043191e-02	2.264811e-02	-1.221621e-02	-9.005515e-04	4.834274e-03	-5.734825e-03	5.284550e-03	1.743216e-02	-1.851879e-03	-3.011704e-02	-1.691040e-02	-1.320664e-02
220           	1.043035e-02	2.264629e-02	-1.221594e-02	-9.005858e-04	4.833457e-03	-5.734043e-03	5.283750e-03	1.743111e-02	-1.851387e-03	-3.011543e-02	-1.690910e-02	-1.320633e-02
221           	1.042879e-02	2.264437e-02	-1.221558e-02	-9.006293e-04	4.832638e-03	-5.733267e-03	5.282953e-03	1.742997e-02	-1.850848e-03	-3.011366e-02	-1.690768e-02	-1.320598e-02
222           	1.042726e-02	2.264244e-02	-1.221518e-02	-9.006718e-04	4.831837e-03	-5.732509e-03	5.282173e-03	1.742881e-02	-1.850293e-03	-3.011187e-02	-1.690623e-02	-1.320564e-02
223           	1.042579e-02	2.264054e-02	-1.221475e-02	-9.007075e-04	4.831068e-03	-5.731775e-03	5.281422e-03	1.742765e-02	-1.849735e-03	-3.011006e-02	-1.690477e-02	-1.320530e-02
224           	1.042441e-02	2.263872e-02	-1.221431e-02	-9.007322e-04	4.830338e-03	-5.731070e-03	5.280704e-03	1.742651e-02	-1.849190e-03	-3.010830e-02	-1.690334e-02	-1.320496e-02
225           	1.042310e-02	2.263699e-02	-1.221389e-02	-9.007446e-04	4.829650e-03	-5.730395e-03	5.280022e-03	1.742544e-02	-1.848671e-03	-3.010660e-02	-1.690197e-02	-1.320463e-02
226           	1.042186e-02	2.263536e-02	-1.221350e-02	-9.007457e-04	4.829000e-03	-5.729746e-03	5.279373e-03	1.742443e-02	-1.848186e-03	-3.010501e-02	-1.690069e-02	-1.320432e-02
227           	1.042068e-02	2.263383e-02	-1.221315e-02	-9.007382e-04	4.828380e-03	-5.729118e-03	5.278749e-03	1.742349e-02	-1.847737e-03	-3.010352e-02	-1.689949e-02	-1.320402e-02
228           	1.041955e-02	2.263240e-02	-1.221284e-02	-9.007246e-04	4.827786e-03	-5.728511e-03	5.278149e-03	1.742262e-02	-1.847324e-03	-3.010211e-02	-1.689838e-02	-1.320373e-02
229           	1.041844e-02	2.263102e-02	-1.221258e-02	-9.007098e-04	4.827203e-03	-5.727913e-03	5.277558e-03	1.742180e-02	-1.846941e-03	-3.010080e-02	-1.689734e-02	-1.320346e-02
230           	1.041733e-02	2.262969e-02	-1.221236e-02	-9.006969e-04	4.826621e-03	-5.727318e-03	5.276970e-03	1.742103e-02	-1.846579e-03	-3.009954e-02	-1.689635e-02	-1.320319e-02
231           	1.041621e-02	2.262838e-02	-1.221216e-02	-9.006880e-04	4.826037e-03	-5.726725e-03	5.276381e-03	1.742027e-02	-1.846229e-03	-3.009832e-02	-1.689539e-02	-1.320293e-02
232           	1.041509e-02	2.262706e-02	-1.221197e-02	-9.006840e-04	4.825447e-03	-5.726131e-03	5.275789e-03	1.741952e-02	-1.845882e-03	-3.009711e-02	-1.689444e-02	-1.320268e-02
233           	1.041395e-02	2.262573e-02	-1.221178e-02	-9.006854e-04	4.824850e-03	-5.725535e-03	5.275193e-03	1.741876e-02	-1.845528e-03	-3.009590e-02	-1.689348e-02	-1.320242e-02
234           	1.041281e-02	2.262439e-02	-1.221158e-02	-9.006904e-04	4.824253e-03	-5.724944e-03	5.274599e-03	1.741799e-02	-1.845170e-03	-3.009467e-02	-1.689251e-02	-1.320217e-02
235           	1.041168e-02	2.262305e-02	-1.221137e-02	-9.006975e-04	4.823661e-03	-5.724359e-03	5.274010e-03	1.741721e-02	-1.844806e-03	-3.009343e-02	-1.689152e-02	-1.320191e-02
236           	1.041056e-02	2.262170e-02	-1.221114e-02	-9.007056e-04	4.823076e-03	-5.723782e-03	5.273429e-03	1.741642e-02	-1.844438e-03	-3.009217e-02	-1.689052e-02	-1.320164e-02
237           	1.040947e-02	2.262036e-02	-1.221090e-02	-9.007135e-04	4.822502e-03	-5.723215e-03	5.272859e-03	1.741563e-02	-1.844067e-03	-3.009090e-02	-1.688952e-02	-1.320138e-02
238           	1.040840e-02	2.261903e-02	-1.221064e-02	-9.007205e-04	4.821940e-03	-5.722661e-03	5.272300e-03	1.741483e-02	-1.843696e-03	-3.008963e-02	-1.688851e-02	-1.320112e-02
239           	1.040735e-02	2.261772e-02	-1.221037e-02	-9.007261e-04	4.821392e-03	-5.722118e-03	5.271755e-03	1.741405e-02	-1.843326e-03	-3.008836e-02	-1.688751e-02	-1.320086e-02
240           	1.040633e-02	2.261643e-02	-1.221010e-02	-9.007303e-04	4.820856e-03	-5.721586e-03	5.271221e-03	1.741326e-02	-1.842959e-03	-3.008711e-02	-1.688651e-02	-1.320060e-02
241           	1.040533e-02	2.261516e-02	-1.220983e-02	-9.007333e-04	4.820333e-03	-5.721066e-03	5.270699e-03	1.741249e-02	-1.842597e-03	-3.008587e-02	-1.688553e-02	-1.320034e-02
242           	1.040436e-02	2.261391e-02	-1.220955e-02	-9.007355e-04	4.819820e-03	-5.720555e-03	5.270188e-03	1.741173e-02	-1.842241e-03	-3.008466e-02	-1.688457e-02	-1.320009e-02
243           	1.040340e-02	2.261269e-02	-1.220929e-02	-9.007373e-04	4.819317e-03	-5.720054e-03	5.269685e-03	1.741099e-02	-1.841891e-03	-3.008346e-02	-1.688362e-02	-1.319984e-02
244           	1.040246e-02	2.261148e-02	-1.220902e-02	-9.007392e-04	4.818822e-03	-5.719561e-03	5.269191e-03	1.741025e-02	-1.841546e-03	-3.008228e-02	-1.688268e-02	-1.319959e-02
245           	1.040153e-02	2.261029e-02	-1.220876e-02	-9.007415e-04	4.818333e-03	-5.719075e-03	5.268704e-03	1.740953e-02	-1.841208e-03	-3.008111e-02	-1.688176e-02	-1.319935e-02
246           	1.040061e-02	2.260911e-02	-1.220851e-02	-9.007443e-04	4.817851e-03	-5.718596e-03	5.268223e-03	1.740881e-02	-1.840874e-03	-3.007996e-02	-1.688085e-02	-1.319911e-02
247           	1.039970e-02	2.260795e-02	-1.220825e-02	-9.007477e-04	4.817375e-03	-5.718123e-03	5.267749e-03	1.740810e-02	-1.840544e-03	-3.007882e-02	-1.687996e-02	-1.319887e-02
248           	1.039880e-02	2.260681e-02	-1.220800e-02	-9.007518e-04	4.816905e-03	-5.717657e-03	5.267281e-03	1.740740e-02	-1.840218e-03	-3.007769e-02	-1.687906e-02	-1.319863e-02
249           	1.039792e-02	2.260567e-02	-1.220775e-02	-9.007564e-04	4.816442e-03	-5.717198e-03	5.266820e-03	1.740671e-02	-1.839895e-03	-3.007657e-02	-1.687818e-02	-1.319839e-02
250           	1.039705e-02	2.260455e-02	-1.220750e-02	-9.007614e-04	4.815985e-03	-5.716746e-03	5.266365e-03	1.740602e-02	-1.839575e-03	-3.007546e-02	-1.687730e-02	-1.319815e-02
251           	1.039619e-02	2.260344e-02	-1.220724e-02	-9.007667e-04	4.815534e-03	-5.716301e-03	5.265918e-03	1.740534e-02	-1.839257e-03	-3.007435e-02	-1.687643e-02	-1.319792e-02
252           	1.039535e-02	2.260234e-02	-1.220699e-02	-9.007721e-04	4.815091e-03	-5.715863e-03	5.265477e-03	1.740466e-02	-1.838941e-03	-3.007325e-02	-1.687557e-02	-1.319769e-02
253           	1.039452e-02	2.260125e-02	-1.220673e-02	-9.007775e-04	4.814656e-03	-5.715433e-03	5.265044e-03	1.740399e-02	-1.838627e-03	-3.007216e-02	-1.687471e-02	-1.319745e-02
254           	1.039370e-02	2.260017e-02	-1.220647e-02	-9.007830e-04	4.814227e-03	-5.715010e-03	5.264619e-03	1.740332e-02	-1.838315e-03	-3.007107e-02	-1.687385e-02	-1.319722e-02
255           	1.039290e-02	2.259911e-02	-1.220621e-02	-9.007884e-04	4.813806e-03	-5.714594e-03	5.264200e-03	1.740266e-02	-1.838005e-03	-3.007000e-02	-1.687300e-02	-1.319699e-02
256           	1.039212e-02	2.259806e-02	-1.220594e-02	-9.007939e-04	4.813392e-03	-5.714186e-03	5.263789e-03	1.740200e-02	-1.837696e-03	-3.006893e-02	-1.687216e-02	-1.319677e-02
257           	1.039134e-02	2.259702e-02	-1.220567e-02	-9.007995e-04	4.812985e-03	-5.713784e-03	5.263384e-03	1.740135e-02	-1.837390e-03	-3.006786e-02	-1.687132e-02	-1.319654e-02
258           	1.039058e-02	2.259599e-02	-1.220541e-02	-9.008052e-04	4.812584e-03	-5.713389e-03	5.262987e-03	1.740070e-02	-1.837085e-03	-3.006681e-02	-1.687049e-02	-1.319632e-02
259           	1.038983e-02	2.259497e-02	-1.220514e-02	-9.008111e-04	4.812190e-03	-5.713001e-03	5.262595e-03	1.740005e-02	-1.836781e-03	-3.006576e-02	-1.686966e-02	-1.319610e-02
260           	1.038909e-02	2.259396e-02	-1.220486e-02	-9.008171e-04	4.811802e-03	-5.712619e-03	5.262210e-03	1.739941e-02	-1.836479e-03	-3.006472e-02	-1.686884e-02	-1.319588e-02
261           	1.038836e-02	2.259295e-02	-1.220459e-02	-9.008233e-04	4.811420e-03	-5.712243e-03	5.261831e-03	1.739877e-02	-1.836177e-03	-3.006368e-02	-1.686802e-02	-1.319566e-02
262           	1.038765e-02	2.259196e-02	-1.220431e-02	-9.008297e-04	4.811044e-03	-5.711874e-03	5.261459e-03	1.739814e-02	-1.835876e-03	-3.006265e-02	-1.686720e-02	-1.319545e-02
263           	1.038695e-02	2.259098e-02	-1.220403e-02	-9.008363e-04	4.810674e-03	-5.711510e-03	5.261092e-03	1.739751e-02	-1.835576e-03	-3.006162e-02	-1.686639e-02	-1.319523e-02
264           	1.038625e-02	2.259000e-02	-1.220375e-02	-9.008430e-04	4.810309e-03	-5.711152e-03	5.260731e-03	1.739688e-02	-1.835276e-03	-3.006060e-02	-1.686557e-02	-1.319502e-02
265           	1.038557e-02	2.258904e-02	-1.220347e-02	-9.008499e-04	4.809951e-03	-5.710801e-03	5.260376e-03	1.739625e-02	-1.834978e-03	-3.005958e-02	-1.686477e-02	-1.319481e-02
266           	1.038490e-02	2.258808e-02	-1.220318e-02	-9.008568e-04	4.809599e-03	-5.710455e-03	5.260027e-03	1.739563e-02	-1.834680e-03	-3.005856e-02	-1.686396e-02	-1.319460e-02
267           	1.038424e-02	2.258713e-02	-1.220289e-02	-9.008638e-04	4.809252e-03	-5.710116e-03	5.259684e-03	1.739501e-02	-1.834384e-03	-3.005755e-02	-1.686316e-02	-1.319439e-02
268           	1.038360e-02	2.258622e-02	-1.220262e-02	-9.008701e-04	4.808911e-03	-5.709781e-03	5.259346e-03	1.739442e-02	-1.834101e-03	-3.005659e-02	-1.686240e-02	-1.319420e-02
269           	1.038296e-02	2.258528e-02	-1.220232e-02	-9.008774e-04	4.808576e-03	-5.709453e-03	5.259015e-03	1.739380e-02	-1.833804e-03	-3.005558e-02	-1.686159e-02	-1.319399e-02
270           	1.038233e-02	2.258438e-02	-1.220205e-02	-9.008841e-04	4.808246e-03	-5.709130e-03	5.258688e-03	1.739321e-02	-1.833519e-03	-3.005462e-02	-1.686083e-02	-1.319379e-02
271           	1.038172e-02	2.258348e-02	-1.220176e-02	-9.008910e-04	4.807922e-03	-5.708813e-03	5.258368e-03	1.739262e-02	-1.833233e-03	-3.005365e-02	-1.686006e-02	-1.319359e-02
272           	1.038111e-02	2.258258e-02	-1.220146e-02	-9.008981e-04	4.807604e-03	-5.708502e-03	5.258053e-03	1.739202e-02	-1.832945e-03	-3.005267e-02	-1.685928e-02	-1.319339e-02
273           	1.038052e-02	2.258168e-02	-1.220116e-02	-9.009055e-04	4.807291e-03	-5.708196e-03	5.257744e-03	1.739142e-02	-1.832656e-03	-3.005169e-02	-1.685850e-02	-1.319319e-02
274           	1.037994e-02	2.258079e-02	-1.220085e-02	-9.009130e-04	4.806983e-03	-5.707896e-03	5.257440e-03	1.739082e-02	-1.832367e-03	-3.005072e-02	-1.685772e-02	-1.319299e-02
275           	1.037936e-02	2.257991e-02	-1.220055e-02	-9.009206e-04	4.806681e-03	-5.707602e-03	5.257141e-03	1.739023e-02	-1.832079e-03	-3.004974e-02	-1.685695e-02	-1.319279e-02
276           	1.037880e-02	2.257904e-02	-1.220024e-02	-9.009282e-04	4.806384e-03	-5.707312e-03	5.256848e-03	1.738964e-02	-1.831793e-03	-3.004877e-02	-1.685618e-02	-1.319259e-02
277           	1.037825e-02	2.257817e-02	-1.219993e-02	-9.009359e-04	4.806092e-03	-5.707028e-03	5.256560e-03	1.738905e-02	-1.831509e-03	-3.004781e-02	-1.685542e-02	-1.319240e-02
278           	1.037770e-02	2.257732e-02	-1.219962e-02	-9.009435e-04	4.805805e-03	-5.706748e-03	5.256277e-03	1.738847e-02	-1.831228e-03	-3.004686e-02	-1.685466e-02	-1.319220e-02
279           	1.037717e-02	2.257648e-02	-1.219931e-02	-9.009510e-04	4.805523e-03	-5.706474e-03	5.255999e-03	1.738789e-02	-1.830951e-03	-3.004593e-02	-1.685391e-02	-1.319201e-02
280           	1.037665e-02	2.257565e-02	-1.219900e-02	-9.009586e-04	4.805246e-03	-5.706205e-03	5.255725e-03	1.738733e-02	-1.830676e-03	-3.004500e-02	-1.685317e-02	-1.319182e-02
281           	1.037613e-02	2.257483e-02	-1.219870e-02	-9.009661e-04	4.804974e-03	-5.705940e-03	5.255457e-03	1.738676e-02	-1.830404e-03	-3.004408e-02	-1.685244e-02	-1.319163e-02
282           	1.037562e-02	2.257402e-02	-1.219839e-02	-9.009736e-04	4.804707e-03	-5.705680e-03	5.255194e-03	1.738621e-02	-1.830134e-03	-3.004317e-02	-1.685172e-02	-1.319145e-02
283           	1.037513e-02	2.257322e-02	-1.219809e-02	-9.009811e-04	4.804444e-03	-5.705425e-03	5.254935e-03	1.738565e-02	-1.829867e-03	-3.004226e-02	-1.685100e-02	-1.319126e-02
284           	1.037464e-02	2.257242e-02	-1.219778e-02	-9.009886e-04	4.804186e-03	-5.705175e-03	5.254681e-03	1.738510e-02	-1.829600e-03	-3.004136e-02	-1.685028e-02	-1.319108e-02
285           	1.037416e-02	2.257164e-02	-1.219748e-02	-9.009961e-04	4.803933e-03	-5.704929e-03	5.254431e-03	1.738456e-02	-1.829335e-03	-3.004047e-02	-1.684957e-02	-1.319090e-02
286           	1.037369e-02	2.257086e-02	-1.219717e-02	-9.010036e-04	4.803684e-03	-5.704688e-03	5.254186e-03	1.738401e-02	-1.829071e-03	-3.003958e-02	-1.684886e-02	-1.319072e-02
287           	1.037323e-02	2.257008e-02	-1.219686e-02	-9.010112e-04	4.803439e-03	-5.704451e-03	5.253945e-03	1.738347e-02	-1.828808e-03	-3.003870e-02	-1.684816e-02	-1.319054e-02
288           	1.037277e-02	2.256932e-02	-1.219655e-02	-9.010188e-04	4.803199e-03	-5.704218e-03	5.253708e-03	1.738293e-02	-1.828547e-03	-3.003782e-02	-1.684745e-02	-1.319036e-02
289           	1.037233e-02	2.256856e-02	-1.219623e-02	-9.010263e-04	4.802963e-03	-5.703989e-03	5.253476e-03	1.738240e-02	-1.828286e-03	-3.003694e-02	-1.684676e-02	-1.319018e-02
290           	1.037189e-02	2.256781e-02	-1.219592e-02	-9.010339e-04	4.802731e-03	-5.703765e-03	5.253248e-03	1.738186e-02	-1.828027e-03	-3.003607e-02	-1.684606e-02	-1.319001e-02
291           	1.037146e-02	2.256707e-02	-1.219561e-02	-9.010414e-04	4.802504e-03	-5.703545e-03	5.253025e-03	1.738134e-02	-1.827769e-03	-3.003521e-02	-1.684537e-02	-1.318983e-02
292           	1.037104e-02	2.256633e-02	-1.219529e-02	-9.010489e-04	4.802281e-03	-5.703330e-03	5.252805e-03	1.738081e-02	-1.827513e-03	-3.003435e-02	-1.684469e-02	-1.318966e-02
293           	1.037062e-02	2.256560e-02	-1.219498e-02	-9.010564e-04	4.802061e-03	-5.703118e-03	5.252590e-03	1.738029e-02	-1.827260e-03	-3.003350e-02	-1.684401e-02	-1.318949e-02
294           	1.037022e-02	2.256488e-02	-1.219466e-02	-9.010638e-04	4.801846e-03	-5.702910e-03	5.252378e-03	1.737977e-02	-1.827008e-03	-3.003265e-02	-1.684334e-02	-1.318932e-02
295           	1.036982e-02	2.256417e-02	-1.219435e-02	-9.010712e-04	4.801635e-03	-5.702706e-03	5.252171e-03	1.737926e-02	-1.826759e-03	-3.003182e-02	-1.684267e-02	-1.318915e-02
296           	1.036939e-02	2.256340e-02	-1.219401e-02	-9.010872e-04	4.801408e-03	-5.702496e-03	5.251952e-03	1.737871e-02	-1.826465e-03	-3.003091e-02	-1.684192e-02	-1.318899e-02
297           	1.036898e-02	2.256268e-02	-1.219370e-02	-9.010998e-04	4.801192e-03	-5.702292e-03	5.251742e-03	1.737819e-02	-1.826194e-03	-3.003005e-02	-1.684122e-02	-1.318883e-02
298           	1.036860e-02	2.256199e-02	-1.219339e-02	-9.011091e-04	4.800987e-03	-5.702097e-03	5.251542e-03	1.737769e-02	-1.825944e-03	-3.002923e-02	-1.684056e-02	-1.318867e-02
299           	1.036823e-02	2.256132e-02	-1.219309e-02	-9.011154e-04	4.800793e-03	-5.701909e-03	5.251351e-03	1.737721e-02	-1.825708e-03	-3.002844e-02	-1.683993e-02	-1.318851e-02
300           	1.036788e-02	2.256067e-02	-1.219279e-02	-9.011196e-04	4.800608e-03	-5.701728e-03	5.251168e-03	1.737673e-02	-1.825484e-03	-3.002767e-02	-1.683932e-02	-1.318835e-02
301           	1.036751e-02	2.255998e-02	-1.219247e-02	-9.011312e-04	4.800409e-03	-5.701541e-03	5.250975e-03	1.737622e-02	-1.825220e-03	-3.002683e-02	-1.683864e-02	-1.318820e-02
302           	1.036716e-02	2.255932e-02	-1.219216e-02	-9.011392e-04	4.800223e-03	-5.701362e-03	5.250792e-03	1.737574e-02	-1.824979e-03	-3.002604e-02	-1.683800e-02	-1.318804e-02
303           	1.036682e-02	2.255869e-02	-1.219186e-02	-9.011442e-04	4.800046e-03	-5.701190e-03	5.250618e-03	1.737528e-02	-1.824756e-03	-3.002529e-02	-1.683740e-02	-1.318789e-02
304           	1.036647e-02	2.255802e-02	-1.219155e-02	-9.011558e-04	4.799858e-03	-5.701014e-03	5.250436e-03	1.737478e-02	-1.824497e-03	-3.002447e-02	-1.683673e-02	-1.318774e-02
305           	1.036614e-02	2.255738e-02	-1.219125e-02	-9.011632e-04	4.799682e-03	-5.700846e-03	5.250264e-03	1.737431e-02	-1.824266e-03	-3.002371e-02	-1.683612e-02	-1.318759e-02
306           	1.036583e-02	2.255678e-02	-1.219095e-02	-9.011672e-04	4.799518e-03	-5.700685e-03	5.250102e-03	1.737387e-02	-1.824055e-03	-3.002298e-02	-1.683554e-02	-1.318743e-02
307           	1.036550e-02	2.255614e-02	-1.219064e-02	-9.011775e-04	4.799343e-03	-5.700520e-03	5.249931e-03	1.737339e-02	-1.823809e-03	-3.002219e-02	-1.683490e-02	-1.318729e-02
308           	1.036520e-02	2.255554e-02	-1.219034e-02	-9.011836e-04	4.799180e-03	-5.700363e-03	5.249772e-03	1.737294e-02	-1.823589e-03	-3.002146e-02	-1.683432e-02	-1.318714e-02
309           	1.036487e-02	2.255491e-02	-1.219003e-02	-9.011950e-04	4.799008e-03	-5.700203e-03	5.249605e-03	1.737247e-02	-1.823339e-03	-3.002067e-02	-1.683368e-02	-1.318700e-02
310           	1.036458e-02	2.255432e-02	-1.218974e-02	-9.012014e-04	4.798850e-03	-5.700052e-03	5.249451e-03	1.737203e-02	-1.823121e-03	-3.001995e-02	-1.683310e-02	-1.318685e-02
311           	1.036427e-02	2.255370e-02	-1.218943e-02	-9.012124e-04	4.798685e-03	-5.699898e-03	5.249291e-03	1.737156e-02	-1.822877e-03	-3.001918e-02	-1.683247e-02	-1.318671e-02
312           	1.036399e-02	2.255313e-02	-1.218914e-02	-9.012178e-04	4.798536e-03	-5.699754e-03	5.249145e-03	1.737114e-02	-1.822668e-03	-3.001848e-02	-1.683191e-02	-1.318657e-02
313           	1.036373e-02	2.255259e-02	-1.218886e-02	-9.012190e-04	4.798400e-03	-5.699619e-03	5.249009e-03	1.737072e-02	-1.822482e-03	-3.001781e-02	-1.683139e-02	-1.318643e-02
314           	1.036346e-02	2.255202e-02	-1.218856e-02	-9.012257e-04	4.798254e-03	-5.699480e-03	5.248867e-03	1.737029e-02	-1.822264e-03	-3.001710e-02	-1.683081e-02	-1.318628e-02
315           	1.036317e-02	2.255142e-02	-1.218824e-02	-9.012366e-04	4.798101e-03	-5.699338e-03	5.248719e-03	1.736983e-02	-1.822021e-03	-3.001634e-02	-1.683019e-02	-1.318615e-02
316           	1.036288e-02	2.255081e-02	-1.218793e-02	-9.012503e-04	4.797944e-03	-5.699194e-03	5.248569e-03	1.736937e-02	-1.821763e-03	-3.001557e-02	-1.682955e-02	-1.318602e-02
317           	1.036262e-02	2.255026e-02	-1.218765e-02	-9.012569e-04	4.797806e-03	-5.699063e-03	5.248434e-03	1.736895e-02	-1.821554e-03	-3.001489e-02	-1.682900e-02	-1.318589e-02
318           	1.036239e-02	2.254976e-02	-1.218737e-02	-9.012578e-04	4.797684e-03	-5.698942e-03	5.248313e-03	1.736857e-02	-1.821380e-03	-3.001426e-02	-1.682851e-02	-1.318575e-02
319           	1.036215e-02	2.254924e-02	-1.218708e-02	-9.012631e-04	4.797555e-03	-5.698818e-03	5.248187e-03	1.736816e-02	-1.821178e-03	-3.001359e-02	-1.682797e-02	-1.318561e-02
320           	1.036190e-02	2.254869e-02	-1.218678e-02	-9.012718e-04	4.797420e-03	-5.698692e-03	5.248056e-03	1.736773e-02	-1.820956e-03	-3.001288e-02	-1.682740e-02	-1.318549e-02
321           	1.036164e-02	2.254812e-02	-1.218648e-02	-9.012828e-04	4.797282e-03	-5.698565e-03	5.247924e-03	1.736730e-02	-1.820719e-03	-3.001216e-02	-1.682680e-02	-1.318536e-02
322           	1.036142e-02	2.254763e-02	-1.218620e-02	-9.012869e-04	4.797163e-03	-5.698450e-03	5.247807e-03	1.736691e-02	-1.820531e-03	-3.001153e-02	-1.682629e-02	-1.318523e-02
323           	1.036119e-02	2.254711e-02	-1.218592e-02	-9.012939e-04	4.797040e-03	-5.698334e-03	5.247687e-03	1.736651e-02	-1.820324e-03	-3.001086e-02	-1.682575e-02	-1.318511e-02
324           	1.036100e-02	2.254664e-02	-1.218564e-02	-9.012949e-04	4.796934e-03	-5.698229e-03	5.247581e-03	1.736614e-02	-1.820156e-03	-3.001026e-02	-1.682528e-02	-1.318497e-02
325           	1.036079e-02	2.254614e-02	-1.218536e-02	-9.012995e-04	4.796821e-03	-5.698121e-03	5.247471e-03	1.736575e-02	-1.819964e-03	-3.000962e-02	-1.682477e-02	-1.318484e-02
326           	1.036057e-02	2.254566e-02	-1.218509e-02	-9.013061e-04	4.796705e-03	-5.698011e-03	5.247358e-03	1.736538e-02	-1.819771e-03	-3.000900e-02	-1.682427e-02	-1.318473e-02
327           	1.036035e-02	2.254517e-02	-1.218482e-02	-9.013148e-04	4.796586e-03	-5.697901e-03	5.247244e-03	1.736499e-02	-1.819562e-03	-3.000836e-02	-1.682374e-02	-1.318462e-02
328           	1.036012e-02	2.254466e-02	-1.218454e-02	-9.013249e-04	4.796467e-03	-5.697792e-03	5.247129e-03	1.736460e-02	-1.819343e-03	-3.000770e-02	-1.682319e-02	-1.318451e-02
329           	1.035994e-02	2.254418e-02	-1.218424e-02	-9.013290e-04	4.796365e-03	-5.697694e-03	5.247030e-03	1.736421e-02	-1.819153e-03	-3.000706e-02	-1.682268e-02	-1.318438e-02
330           	1.035975e-02	2.254371e-02	-1.218397e-02	-9.013343e-04	4.796262e-03	-5.697596e-03	5.246929e-03	1.736384e-02	-1.818964e-03	-3.000644e-02	-1.682219e-02	-1.318426e-02
331           	1.035955e-02	2.254324e-02	-1.218368e-02	-9.013411e-04	4.796157e-03	-5.697498e-03	5.246827e-03	1.736346e-02	-1.818764e-03	-3.000581e-02	-1.682167e-02	-1.318414e-02
332           	1.035939e-02	2.254277e-02	-1.218338e-02	-9.013424e-04	4.796069e-03	-5.697411e-03	5.246740e-03	1.736308e-02	-1.818591e-03	-3.000519e-02	-1.682119e-02	-1.318401e-02
333           	1.035922e-02	2.254233e-02	-1.218310e-02	-9.013457e-04	4.795977e-03	-5.697323e-03	5.246650e-03	1.736272e-02	-1.818415e-03	-3.000460e-02	-1.682071e-02	-1.318388e-02
334           	1.035905e-02	2.254187e-02	-1.218282e-02	-9.013510e-04	4.795882e-03	-5.697233e-03	5.246558e-03	1.736235e-02	-1.818226e-03	-3.000399e-02	-1.682022e-02	-1.318377e-02
335           	1.035887e-02	2.254141e-02	-1.218254e-02	-9.013579e-04	4.795786e-03	-5.697144e-03	5.246465e-03	1.736198e-02	-1.818028e-03	-3.000337e-02	-1.681971e-02	-1.318365e-02
336           	1.035869e-02	2.254095e-02	-1.218226e-02	-9.013658e-04	4.795689e-03	-5.697055e-03	5.246372e-03	1.736160e-02	-1.817824e-03	-3.000274e-02	-1.681920e-02	-1.318355e-02
337           	1.035851e-02	2.254049e-02	-1.218198e-02	-9.013743e-04	4.795592e-03	-5.696967e-03	5.246280e-03	1.736124e-02	-1.817619e-03	-3.000212e-02	-1.681868e-02	-1.318344e-02
338           	1.035837e-02	2.254008e-02	-1.218171e-02	-9.013762e-04	4.795514e-03	-5.696890e-03	5.246202e-03	1.736090e-02	-1.817460e-03	-3.000157e-02	-1.681825e-02	-1.318332e-02
339           	1.035822e-02	2.253966e-02	-1.218144e-02	-9.013796e-04	4.795433e-03	-5.696813e-03	5.246123e-03	1.736055e-02	-1.817291e-03	-3.000100e-02	-1.681779e-02	-1.318321e-02
340           	1.035807e-02	2.253924e-02	-1.218117e-02	-9.013843e-04	4.795352e-03	-5.696736e-03	5.246044e-03	1.736020e-02	-1.817113e-03	-3.000042e-02	-1.681733e-02	-1.318310e-02
341           	1.035792e-02	2.253881e-02	-1.218089e-02	-9.013900e-04	4.795270e-03	-5.696660e-03	5.245965e-03	1.735985e-02	-1.816929e-03	-2.999984e-02	-1.681685e-02	-1.318299e-02
342           	1.035777e-02	2.253839e-02	-1.218062e-02	-9.013964e-04	4.795187e-03	-5.696584e-03	5.245886e-03	1.735951e-02	-1.816741e-03	-2.999926e-02	-1.681637e-02	-1.318289e-02
343           	1.035762e-02	2.253797e-02	-1.218035e-02	-9.014030e-04	4.795106e-03	-5.696509e-03	5.245808e-03	1.735916e-02	-1.816551e-03	-2.999868e-02	-1.681589e-02	-1.318279e-02
344           	1.035747e-02	2.253755e-02	-1.218008e-02	-9.014097e-04	4.795026e-03	-5.696436e-03	5.245731e-03	1.735881e-02	-1.816363e-03	-2.999810e-02	-1.681541e-02	-1.318269e-02
345           	1.035736e-02	2.253718e-02	-1.217981e-02	-9.014099e-04	4.794964e-03	-5.696374e-03	5.245669e-03	1.735850e-02	-1.816221e-03	-2.999759e-02	-1.681501e-02	-1.318257e-02
346           	1.035725e-02	2.253680e-02	-1.217955e-02	-9.014114e-04	4.794901e-03	-5.696312e-03	5.245607e-03	1.735817e-02	-1.816070e-03	-2.999706e-02	-1.681460e-02	-1.318246e-02
347           	1.035713e-02	2.253641e-02	-1.217928e-02	-9.014142e-04	4.794836e-03	-5.696250e-03	5.245543e-03	1.735784e-02	-1.815909e-03	-2.999652e-02	-1.681417e-02	-1.318235e-02
348           	1.035701e-02	2.253602e-02	-1.217901e-02	-9.014181e-04	4.794770e-03	-5.696188e-03	5.245479e-03	1.735752e-02	-1.815742e-03	-2.999597e-02	-1.681373e-02	-1.318225e-02
349           	1.035689e-02	2.253563e-02	-1.217874e-02	-9.014228e-04	4.794703e-03	-5.696126e-03	5.245415e-03	1.735719e-02	-1.815569e-03	-2.999543e-02	-1.681328e-02	-1.318215e-02
350           	1.035677e-02	2.253525e-02	-1.217848e-02	-9.014281e-04	4.794637e-03	-5.696065e-03	5.245351e-03	1.735686e-02	-1.815393e-03	-2.999488e-02	-1.681283e-02	-1.318205e-02
351           	1.035665e-02	2.253486e-02	-1.217821e-02	-9.014337e-04	4.794570e-03	-5.696004e-03	5.245287e-03	1.735654e-02	-1.815215e-03	-2.999434e-02	-1.681239e-02	-1.318196e-02
352           	1.035653e-02	2.253448e-02	-1.217795e-02	-9.014394e-04	4.794505e-03	-5.695945e-03	5.245225e-03	1.735622e-02	-1.815038e-03	-2.999380e-02	-1.681194e-02	-1.318186e-02
353           	1.035641e-02	2.253411e-02	-1.217769e-02	-9.014450e-04	4.794442e-03	-5.695887e-03	5.245165e-03	1.735590e-02	-1.814863e-03	-2.999327e-02	-1.681150e-02	-1.318177e-02
354           	1.035630e-02	2.253373e-02	-1.217743e-02	-9.014504e-04	4.794381e-03	-5.695831e-03	5.245106e-03	1.735558e-02	-1.814690e-03	-2.999274e-02	-1.681106e-02	-1.318168e-02
355           	1.035620e-02	2.253337e-02	-1.217717e-02	-9.014553e-04	4.794321e-03	-5.695777e-03	5.245049e-03	1.735527e-02	-1.814520e-03	-2.999222e-02	-1.681063e-02	-1.318159e-02
356           	1.035609e-02	2.253301e-02	-1.217692e-02	-9.014598e-04	4.794265e-03	-5.695725e-03	5.244995e-03	1.735496e-02	-1.814354e-03	-2.999171e-02	-1.681021e-02	-1.318150e-02
357           	1.035600e-02	2.253265e-02	-1.217666e-02	-9.014639e-04	4.794210e-03	-5.695674e-03	5.244942e-03	1.735466e-02	-1.814191e-03	-2.999120e-02	-1.680979e-02	-1.318141e-02
358           	1.035590e-02	2.253230e-02	-1.217640e-02	-9.014675e-04	4.794159e-03	-5.695626e-03	5.244892e-03	1.735435e-02	-1.814033e-03	-2.999070e-02	-1.680938e-02	-1.318132e-02
359           	1.035582e-02	2.253196e-02	-1.217614e-02	-9.014707e-04	4.794109e-03	-5.695580e-03	5.244845e-03	1.735405e-02	-1.813878e-03	-2.999020e-02	-1.680898e-02	-1.318122e-02
360           	1.035573e-02	2.253162e-02	-1.217589e-02	-9.014735e-04	4.794062e-03	-5.695536e-03	5.244799e-03	1.735376e-02	-1.813726e-03	-2.998971e-02	-1.680858e-02	-1.318113e-02
361           	1.035565e-02	2.253129e-02	-1.217564e-02	-9.014761e-04	4.794017e-03	-5.695493e-03	5.244755e-03	1.735346e-02	-1.813577e-03	-2.998923e-02	-1.680819e-02	-1.318104e-02
362           	1.035558e-02	2.253096e-02	-1.217538e-02	-9.014786e-04	4.793974e-03	-5.695452e-03	5.244713e-03	1.735317e-02	-1.813430e-03	-2.998875e-02	-1.680781e-02	-1.318095e-02
363           	1.035551e-02	2.253064e-02	-1.217513e-02	-9.014809e-04	4.793932e-03	-5.695413e-03	5.244672e-03	1.735289e-02	-1.813285e-03	-2.998828e-02	-1.680742e-02	-1.318085e-02
364           	1.035544e-02	2.253032e-02	-1.217488e-02	-9.014831e-04	4.793891e-03	-5.695374e-03	5.244633e-03	1.735260e-02	-1.813142e-03	-2.998781e-02	-1.680705e-02	-1.318076e-02
365           	1.035537e-02	2.253000e-02	-1.217464e-02	-9.014854e-04	4.793852e-03	-5.695337e-03	5.244595e-03	1.735232e-02	-1.812999e-03	-2.998735e-02	-1.680667e-02	-1.318067e-02
366           	1.035530e-02	2.252969e-02	-1.217439e-02	-9.014878e-04	4.793814e-03	-5.695301e-03	5.244558e-03	1.735204e-02	-1.812857e-03	-2.998688e-02	-1.680630e-02	-1.318059e-02
367           	1.035524e-02	2.252938e-02	-1.217415e-02	-9.014902e-04	4.793776e-03	-5.695266e-03	5.244521e-03	1.735177e-02	-1.812716e-03	-2.998643e-02	-1.680593e-02	-1.318050e-02
368           	1.035517e-02	2.252908e-02	-1.217391e-02	-9.014927e-04	4.793740e-03	-5.695232e-03	5.244486e-03	1.735149e-02	-1.812574e-03	-2.998597e-02	-1.680556e-02	-1.318041e-02
369           	1.035511e-02	2.252878e-02	-1.217366e-02	-9.014953e-04	4.793704e-03	-5.695199e-03	5.244452e-03	1.735122e-02	-1.812433e-03	-2.998552e-02	-1.680519e-02	-1.318033e-02
370           	1.035505e-02	2.252847e-02	-1.217342e-02	-9.014980e-04	4.793669e-03	-5.695167e-03	5.244418e-03	1.735095e-02	-1.812292e-03	-2.998507e-02	-1.680483e-02	-1.318024e-02
371           	1.035499e-02	2.252817e-02	-1.217318e-02	-9.015007e-04	4.793635e-03	-5.695136e-03	5.244385e-03	1.735068e-02	-1.812151e-03	-2.998462e-02	-1.680446e-02	-1.318016e-02
372           	1.035493e-02	2.252788e-02	-1.217294e-02	-9.015034e-04	4.793602e-03	-5.695105e-03	5.244354e-03	1.735041e-02	-1.812011e-03	-2.998417e-02	-1.680410e-02	-1.318007e-02
373           	1.035488e-02	2.252758e-02	-1.217270e-02	-9.015062e-04	4.793570e-03	-5.695076e-03	5.244323e-03	1.735014e-02	-1.811871e-03	-2.998373e-02	-1.680373e-02	-1.317999e-02
374           	1.035483e-02	2.252729e-02	-1.217247e-02	-9.015089e-04	4.793539e-03	-5.695047e-03	5.244293e-03	1.734988e-02	-1.811731e-03	-2.998328e-02	-1.680337e-02	-1.317991e-02
375           	1.035477e-02	2.252700e-02	-1.217223e-02	-9.015116e-04	4.793508e-03	-5.695020e-03	5.244264e-03	1.734961e-02	-1.811592e-03	-2.998284e-02	-1.680301e-02	-1.317983e-02
376           	1.035472e-02	2.252672e-02	-1.217199e-02	-9.015142e-04	4.793479e-03	-5.694993e-03	5.244236e-03	1.734935e-02	-1.811454e-03	-2.998241e-02	-1.680266e-02	-1.317975e-02
377           	1.035468e-02	2.252643e-02	-1.217175e-02	-9.015167e-04	4.793451e-03	-5.694968e-03	5.244210e-03	1.734909e-02	-1.811316e-03	-2.998198e-02	-1.680230e-02	-1.317967e-02
378           	1.035463e-02	2.252615e-02	-1.217152e-02	-9.015192e-04	4.793424e-03	-5.694944e-03	5.244184e-03	1.734883e-02	-1.811180e-03	-2.998155e-02	-1.680195e-02	-1.317959e-02
379           	1.035459e-02	2.252587e-02	-1.217128e-02	-9.015216e-04	4.793398e-03	-5.694920e-03	5.244159e-03	1.734858e-02	-1.811045e-03	-2.998112e-02	-1.680160e-02	-1.317951e-02
380           	1.035455e-02	2.252560e-02	-1.217105e-02	-9.015239e-04	4.793374e-03	-5.694898e-03	5.244136e-03	1.734832e-02	-1.810911e-03	-2.998070e-02	-1.680126e-02	-1.317944e-02
381           	1.035451e-02	2.252533e-02	-1.217082e-02	-9.015262e-04	4.793350e-03	-5.694876e-03	5.244113e-03	1.734807e-02	-1.810778e-03	-2.998028e-02	-1.680092e-02	-1.317936e-02
382           	1.035447e-02	2.252506e-02	-1.217059e-02	-9.015283e-04	4.793327e-03	-5.694855e-03	5.244091e-03	1.734782e-02	-1.810647e-03	-2.997986e-02	-1.680058e-02	-1.317929e-02
383           	1.035444e-02	2.252479e-02	-1.217036e-02	-9.015304e-04	4.793305e-03	-5.694836e-03	5.244071e-03	1.734757e-02	-1.810516e-03	-2.997945e-02	-1.680024e-02	-1.317921e-02
384           	1.035440e-02	2.252453e-02	-1.217013e-02	-9.015325e-04	4.793285e-03	-5.694817e-03	5.244051e-03	1.734733e-02	-1.810387e-03	-2.997905e-02	-1.679991e-02	-1.317914e-02
385           	1.035437e-02	2.252427e-02	-1.216990e-02	-9.015345e-04	4.793265e-03	-5.694799e-03	5.244032e-03	1.734709e-02	-1.810258e-03	-2.997864e-02	-1.679958e-02	-1.317906e-02
386           	1.035434e-02	2.252402e-02	-1.216968e-02	-9.015364e-04	4.793246e-03	-5.694782e-03	5.244014e-03	1.734685e-02	-1.810131e-03	-2.997824e-02	-1.679925e-02	-1.317899e-02
387           	1.035431e-02	2.252376e-02	-1.216945e-02	-9.015383e-04	4.793228e-03	-5.694766e-03	5.243997e-03	1.734661e-02	-1.810005e-03	-2.997785e-02	-1.679893e-02	-1.317892e-02
388           	1.035428e-02	2.252351e-02	-1.216923e-02	-9.015402e-04	4.793210e-03	-5.694751e-03	5.243980e-03	1.734637e-02	-1.809880e-03	-2.997746e-02	-1.679861e-02	-1.317885e-02
389           	1.035426e-02	2.252327e-02	-1.216901e-02	-9.015421e-04	4.793194e-03	-5.694736e-03	5.243965e-03	1.734614e-02	-1.809756e-03	-2.997707e-02	-1.679829e-02	-1.317878e-02
390           	1.035423e-02	2.252302e-02	-1.216879e-02	-9.015439e-04	4.793178e-03	-5.694722e-03	5.243950e-03	1.734591e-02	-1.809633e-03	-2.997668e-02	-1.679797e-02	-1.317871e-02
391           	1.035421e-02	2.252278e-02	-1.216857e-02	-9.015457e-04	4.793163e-03	-5.694709e-03	5.243936e-03	1.734568e-02	-1.809511e-03	-2.997630e-02	-1.679766e-02	-1.317864e-02
392           	1.035419e-02	2.252254e-02	-1.216835e-02	-9.015474e-04	4.793149e-03	-5.694696e-03	5.243923e-03	1.734545e-02	-1.809391e-03	-2.997592e-02	-1.679735e-02	-1.317857e-02
393           	1.035417e-02	2.252231e-02	-1.216814e-02	-9.015492e-04	4.793135e-03	-5.694684e-03	5.243910e-03	1.734522e-02	-1.809271e-03	-2.997555e-02	-1.679705e-02	-1.317850e-02
394           	1.035415e-02	2.252208e-02	-1.216793e-02	-9.015509e-04	4.793123e-03	-5.694673e-03	5.243898e-03	1.734500e-02	-1.809152e-03	-2.997518e-02	-1.679674e-02	-1.317844e-02
395           	1.035413e-02	2.252185e-02	-1.216771e-02	-9.015525e-04	4.793111e-03	-5.694663e-03	5.243887e-03	1.734478e-02	-1.809035e-03	-2.997481e-02	-1.679644e-02	-1.317837e-02
396           	1.035412e-02	2.252162e-02	-1.216750e-02	-9.015541e-04	4.793099e-03	-5.694653e-03	5.243876e-03	1.734456e-02	-1.808919e-03	-2.997445e-02	-1.679614e-02	-1.317831e-02
397           	1.035410e-02	2.252140e-02	-1.216730e-02	-9.015557e-04	4.793089e-03	-5.694644e-03	5.243866e-03	1.734435e-02	-1.808803e-03	-2.997409e-02	-1.679585e-02	-1.317824e-02
398           	1.035409e-02	2.252118e-02	-1.216709e-02	-9.015573e-04	4.793079e-03	-5.694636e-03	5.243857e-03	1.734413e-02	-1.808689e-03	-2.997373e-02	-1.679556e-02	-1.317818e-02
399           	1.035408e-02	2.252096e-02	-1.216688e-02	-9.015588e-04	4.793069e-03	-5.694628e-03	5.243849e-03	1.734392e-02	-1.808577e-03	-2.997338e-02	-1.679527e-02	-1.317811e-02
400           	1.035406e-02	2.252074e-02	-1.216668e-02	-9.015602e-04	4.793061e-03	-5.694621e-03	5.243841e-03	1.734371e-02	-1.808465e-03	-2.997303e-02	-1.679498e-02	-1.317805e-02
401           	1.035405e-02	2.252053e-02	-1.216648e-02	-9.015617e-04	4.793053e-03	-5.694615e-03	5.243834e-03	1.734351e-02	-1.808355e-03	-2.997269e-02	-1.679470e-02	-1.317799e-02
402           	1.035405e-02	2.252032e-02	-1.216628e-02	-9.015631e-04	4.793046e-03	-5.694609e-03	5.243827e-03	1.734330e-02	-1.808245e-03	-2.997235e-02	-1.679442e-02	-1.317793e-02
403           	1.035404e-02	2.252012e-02	-1.216608e-02	-9.015644e-04	4.793039e-03	-5.694603e-03	5.243821e-03	1.734310e-02	-1.808137e-03	-2.997201e-02	-1.679414e-02	-1.317787e-02
404           	1.035403e-02	2.251991e-02	-1.216588e-02	-9.015658e-04	4.793033e-03	-5.694599e-03	5.243816e-03	1.734290e-02	-1.808031e-03	-2.997168e-02	-1.679387e-02	-1.317781e-02
405           	1.035403e-02	2.251971e-02	-1.216569e-02	-9.015671e-04	4.793027e-03	-5.694594e-03	5.243811e-03	1.734270e-02	-1.807925e-03	-2.997135e-02	-1.679360e-02	-1.317775e-02
406           	1.035402e-02	2.251952e-02	-1.216550e-02	-9.015683e-04	4.793022e-03	-5.694591e-03	5.243807e-03	1.734251e-02	-1.807821e-03	-2.997103e-02	-1.679333e-02	-1.317769e-02
407           	1.035402e-02	2.251932e-02	-1.216530e-02	-9.015695e-04	4.793018e-03	-5.694588e-03	5.243803e-03	1.734231e-02	-1.807718e-03	-2.997070e-02	-1.679307e-02	-1.317763e-02
408           	1.035402e-02	2.251913e-02	-1.216512e-02	-9.015707e-04	4.793014e-03	-5.694585e-03	5.243800e-03	1.734212e-02	-1.807616e-03	-2.997039e-02	-1.679281e-02	-1.317758e-02
409           	1.035402e-02	2.251894e-02	-1.216493e-02	-9.015719e-04	4.793011e-03	-5.694583e-03	5.243797e-03	1.734194e-02	-1.807515e-03	-2.997007e-02	-1.679255e-02	-1.317752e-02
410           	1.035402e-02	2.251878e-02	-1.216477e-02	-9.015727e-04	4.793009e-03	-5.694581e-03	5.243795e-03	1.734177e-02	-1.807430e-03	-2.996981e-02	-1.679233e-02	-1.317747e-02
411           	1.035402e-02	2.251862e-02	-1.216460e-02	-9.015736e-04	4.793007e-03	-5.694580e-03	5.243794e-03	1.734161e-02	-1.807343e-03	-2.996953e-02	-1.679211e-02	-1.317742e-02
412           	1.035402e-02	2.251842e-02	-1.216441e-02	-9.015748e-04	4.793005e-03	-5.694580e-03	5.243792e-03	1.734141e-02	-1.807238e-03	-2.996921e-02	-1.679184e-02	-1.317737e-02
413           	1.035402e-02	2.251823e-02	-1.216421e-02	-9.015760e-04	4.793003e-03	-5.694579e-03	5.243791e-03	1.734122e-02	-1.807134e-03	-2.996889e-02	-1.679158e-02	-1.317731e-02
