# Force and moment coefficients
# dragDir     : (1.000000e+00 0.000000e+00 0.000000e+00)
# sideDir     : (0.000000e+00 1.000000e+00 0.000000e+00)
# liftDir     : (0.000000e+00 0.000000e+00 1.000000e+00)
# rollAxis    : (1.000000e+00 0.000000e+00 0.000000e+00)
# pitchAxis   : (0.000000e+00 1.000000e+00 0.000000e+00)
# yawAxis     : (0.000000e+00 0.000000e+00 1.000000e+00)
# magUInf     : 1.000000e+01
# lRef        : 1.499270e-01
# Aref        : 5.000000e-02
# CofR        : (3.750000e-02 0.000000e+00 0.000000e+00)
#
# Time        	Cd            	Cd(f)         	Cd(r)         	Cl            	Cl(f)         	Cl(r)         	CmPitch       	CmRoll        	CmYaw         	Cs            	Cs(f)         	Cs(r)         
1             	1.322429e-01	3.390807e-01	-2.068378e-01	-5.376060e-03	5.595094e-02	-6.132700e-02	5.863897e-02	2.729593e-01	-9.577406e-02	-5.956004e-01	-3.935743e-01	-2.020261e-01
2             	1.083872e-01	3.013727e-01	-1.929855e-01	-6.782570e-03	4.430738e-02	-5.108995e-02	4.769866e-02	2.471791e-01	-8.566270e-02	-5.382572e-01	-3.547913e-01	-1.834659e-01
3             	8.609955e-02	2.232998e-01	-1.372002e-01	-6.739461e-03	3.444326e-02	-4.118272e-02	3.781299e-02	1.802500e-01	-6.067767e-02	-3.913918e-01	-2.563736e-01	-1.350182e-01
4             	6.437276e-02	1.260345e-01	-6.166172e-02	-5.728952e-03	2.546300e-02	-3.119196e-02	2.832748e-02	9.384810e-02	-2.844974e-02	-2.023919e-01	-1.296457e-01	-7.274619e-02
5             	4.455918e-02	3.227122e-02	1.228796e-02	-4.227386e-03	1.760913e-02	-2.183652e-02	1.972282e-02	9.991633e-03	2.850078e-03	-1.933026e-02	-6.815050e-03	-1.251521e-02
6             	2.834961e-02	-4.104467e-02	6.939427e-02	-2.648396e-03	1.135919e-02	-1.400759e-02	1.268339e-02	-5.521947e-02	2.704993e-02	1.226636e-01	8.838171e-02	3.428185e-02
7             	1.685847e-02	-8.488126e-02	1.017397e-01	-1.287813e-03	7.031818e-03	-8.319632e-03	7.675725e-03	-9.331049e-02	4.075730e-02	2.051465e-01	1.433305e-01	6.181594e-02
8             	1.026887e-02	-9.830637e-02	1.085752e-01	-3.055220e-04	4.627286e-03	-4.932808e-03	4.780047e-03	-1.034408e-01	4.349865e-02	2.264065e-01	1.567019e-01	6.970458e-02
9             	7.914434e-03	-8.678081e-02	9.469524e-02	2.587926e-04	3.844062e-03	-3.585270e-03	3.714666e-03	-9.073802e-02	3.719267e-02	1.978120e-01	1.360987e-01	6.171332e-02
10            	8.610378e-03	-5.933490e-02	6.794528e-02	4.509964e-04	4.198186e-03	-3.747190e-03	3.972688e-03	-6.364009e-02	2.514752e-02	1.379468e-01	9.412094e-02	4.382590e-02
11            	1.099466e-02	-2.591626e-02	3.691092e-02	3.657632e-04	5.150414e-03	-4.784650e-03	4.967532e-03	-3.141359e-02	1.109161e-02	6.715512e-02	4.466917e-02	2.248594e-02
12            	1.381644e-02	4.733862e-03	9.082580e-03	1.130298e-04	6.214669e-03	-6.101639e-03	6.158154e-03	-2.174359e-03	-1.628785e-03	3.205149e-03	-2.621002e-05	3.231359e-03
13            	1.615080e-02	2.660706e-02	-1.045626e-02	-2.070565e-04	7.040044e-03	-7.247101e-03	7.143572e-03	1.853166e-02	-1.067475e-02	-4.181359e-02	-3.158155e-02	-1.023204e-02
14            	1.749173e-02	3.704469e-02	-1.955296e-02	-5.189737e-04	7.444630e-03	-7.963604e-03	7.704117e-03	2.829882e-02	-1.499398e-02	-6.272906e-02	-4.635851e-02	-1.637055e-02
15            	1.773446e-02	3.651034e-02	-1.877588e-02	-7.766536e-04	7.405843e-03	-8.182497e-03	7.794170e-03	2.764311e-02	-1.477242e-02	-6.078941e-02	-4.516712e-02	-1.562229e-02
16            	1.707613e-02	2.773551e-02	-1.065937e-02	-9.608116e-04	7.018511e-03	-7.979323e-03	7.498917e-03	1.919744e-02	-1.111800e-02	-4.188164e-02	-3.205882e-02	-9.822817e-03
17            	1.587617e-02	1.454013e-02	1.336041e-03	-1.072694e-03	6.437391e-03	-7.510085e-03	6.973738e-03	6.602044e-03	-5.601869e-03	-1.407118e-02	-1.263746e-02	-1.433723e-03
18            	1.452721e-02	7.793174e-04	1.374789e-02	-1.125782e-03	5.825366e-03	-6.951149e-03	6.388258e-03	-6.484285e-03	1.709874e-04	1.458146e-02	7.461716e-03	7.119742e-03
19            	1.335878e-02	-1.045146e-02	2.381024e-02	-1.138275e-03	5.315129e-03	-6.453405e-03	5.884267e-03	-1.713085e-02	4.891235e-03	3.766204e-02	2.372225e-02	1.393978e-02
20            	1.257408e-02	-1.731722e-02	2.989130e-02	-1.127579e-03	4.984610e-03	-6.112188e-03	5.548399e-03	-2.360426e-02	7.767332e-03	5.142371e-02	3.347919e-02	1.794453e-02
21            	1.223235e-02	-1.934573e-02	3.157807e-02	-1.107133e-03	4.851286e-03	-5.958419e-03	5.404852e-03	-2.546190e-02	8.582660e-03	5.498131e-02	3.607332e-02	1.890800e-02
22            	1.227078e-02	-1.721244e-02	2.948322e-02	-1.085262e-03	4.882180e-03	-5.967442e-03	5.424811e-03	-2.334783e-02	7.613333e-03	4.984041e-02	3.253354e-02	1.730687e-02
23            	1.254904e-02	-1.233070e-02	2.487975e-02	-1.065611e-03	5.013297e-03	-6.078908e-03	5.546103e-03	-1.860523e-02	5.458539e-03	3.902970e-02	2.497339e-02	1.405631e-02
24            	1.289930e-02	-6.374726e-03	1.927403e-02	-1.048576e-03	5.170863e-03	-6.219440e-03	5.695151e-03	-1.282438e-02	2.839763e-03	2.609886e-02	1.588919e-02	1.020967e-02
25            	1.317391e-02	-8.425575e-04	1.401647e-02	-1.032848e-03	5.291387e-03	-6.324235e-03	5.807811e-03	-7.429515e-03	4.098879e-04	1.419533e-02	7.507554e-03	6.687778e-03
26            	1.327306e-02	3.212733e-03	1.006033e-02	-1.016849e-03	5.332988e-03	-6.349836e-03	5.841412e-03	-3.423798e-03	-1.364618e-03	5.508193e-03	1.389478e-03	4.118714e-03
27            	1.315718e-02	5.308158e-03	7.849027e-03	-9.996941e-04	5.280052e-03	-6.279746e-03	5.779899e-03	-1.270434e-03	-2.262563e-03	1.011785e-03	-1.756671e-03	2.768455e-03
28            	1.284469e-02	5.517710e-03	7.326976e-03	-9.815461e-04	5.141869e-03	-6.123415e-03	5.632642e-03	-9.046329e-04	-2.305549e-03	5.042276e-04	-2.053435e-03	2.557663e-03
29            	1.239736e-02	4.339581e-03	8.057781e-03	-9.635078e-04	4.946065e-03	-5.909573e-03	5.427819e-03	-1.859100e-03	-1.703818e-03	2.896914e-03	-2.553612e-04	3.152276e-03
30            	1.189784e-02	2.492515e-03	9.405326e-03	-9.472247e-04	4.728754e-03	-5.675979e-03	5.202366e-03	-3.456406e-03	-7.666479e-04	6.649599e-03	2.558151e-03	4.091447e-03
31            	1.142835e-02	7.103803e-04	1.071797e-02	-9.343784e-04	4.525489e-03	-5.459867e-03	4.992678e-03	-5.003795e-03	1.866597e-04	1.020846e-02	5.290890e-03	4.917571e-03
32            	1.105276e-02	-4.278756e-04	1.148063e-02	-9.262627e-04	4.363508e-03	-5.289770e-03	4.826639e-03	-5.954254e-03	9.020219e-04	1.236241e-02	7.083225e-03	5.279181e-03
33            	1.080737e-02	-5.901816e-04	1.139755e-02	-9.234727e-04	4.257969e-03	-5.181442e-03	4.719706e-03	-5.993866e-03	1.232108e-03	1.243462e-02	7.449416e-03	4.985200e-03
34            	1.069822e-02	2.817648e-04	1.041646e-02	-9.258030e-04	4.210958e-03	-5.136761e-03	4.673859e-03	-5.067347e-03	1.148566e-03	1.033412e-02	6.315628e-03	4.018497e-03
35            	1.070500e-02	2.008492e-03	8.696504e-03	-9.323531e-04	4.213278e-03	-5.145631e-03	4.679454e-03	-3.344006e-03	7.261244e-04	6.473134e-03	3.962691e-03	2.510443e-03
36            	1.078968e-02	4.253334e-03	6.536345e-03	-9.417391e-04	4.248297e-03	-5.190036e-03	4.719166e-03	-1.141506e-03	1.065513e-04	1.589612e-03	9.013575e-04	6.882549e-04
37            	1.090724e-02	6.620819e-03	4.286426e-03	-9.523558e-04	4.296497e-03	-5.248853e-03	4.772675e-03	1.167197e-03	-5.457028e-04	-3.466919e-03	-2.279163e-03	-1.187757e-03
38            	1.101585e-02	8.749995e-03	2.265853e-03	-9.627024e-04	4.339825e-03	-5.302527e-03	4.821176e-03	3.242071e-03	-1.084451e-03	-7.933858e-03	-5.051380e-03	-2.882478e-03
39            	1.108393e-02	1.038035e-02	7.035768e-04	-9.716227e-04	4.364765e-03	-5.336388e-03	4.850576e-03	4.838388e-03	-1.410611e-03	-1.127439e-02	-7.047808e-03	-4.226586e-03
40            	1.109432e-02	1.138784e-02	-2.935225e-04	-9.784390e-04	4.364156e-03	-5.342595e-03	4.853375e-03	5.840683e-03	-1.486591e-03	-1.325072e-02	-8.111950e-03	-5.138768e-03
41            	1.104490e-02	1.178513e-02	-7.402263e-04	-9.830260e-04	4.337404e-03	-5.320430e-03	4.828917e-03	6.262677e-03	-1.334282e-03	-1.391949e-02	-8.294025e-03	-5.625461e-03
42            	1.094560e-02	1.169392e-02	-7.483262e-04	-9.856308e-04	4.289250e-03	-5.274881e-03	4.782066e-03	6.221125e-03	-1.020669e-03	-1.356828e-02	-7.804811e-03	-5.763472e-03
43            	1.081379e-02	1.130132e-02	-4.875340e-04	-9.866517e-04	4.227608e-03	-5.214260e-03	4.720934e-03	5.894427e-03	-6.366418e-04	-1.261840e-02	-6.945842e-03	-5.672558e-03
44            	1.066957e-02	1.081161e-02	-1.420423e-04	-9.865459e-04	4.161482e-03	-5.148028e-03	4.654755e-03	5.476825e-03	-2.742583e-04	-1.151844e-02	-6.033477e-03	-5.484961e-03
45            	1.053135e-02	1.040281e-02	1.285389e-04	-9.857148e-04	4.099007e-03	-5.084722e-03	4.591864e-03	5.137136e-03	-7.282540e-06	-1.065040e-02	-5.332482e-03	-5.317917e-03
46            	1.041290e-02	1.019789e-02	2.150117e-04	-9.844722e-04	4.046128e-03	-5.030600e-03	4.538364e-03	4.991438e-03	1.206817e-04	-1.026895e-02	-5.013793e-03	-5.255157e-03
47            	1.032178e-02	1.025089e-02	7.089346e-05	-9.830392e-04	4.005950e-03	-4.988989e-03	4.497470e-03	5.089997e-03	1.006313e-04	-1.047401e-02	-5.136373e-03	-5.337636e-03
48            	1.025929e-02	1.054940e-02	-2.901085e-04	-9.815641e-04	3.978754e-03	-4.960318e-03	4.469536e-03	5.419756e-03	-4.532688e-05	-1.121940e-02	-5.655028e-03	-5.564374e-03
49            	1.022156e-02	1.102926e-02	-8.077037e-04	-9.801399e-04	3.962549e-03	-4.942689e-03	4.452619e-03	5.918481e-03	-2.730445e-04	-1.234811e-02	-6.447099e-03	-5.901010e-03
50            	1.020129e-02	1.159650e-02	-1.395206e-03	-9.788276e-04	3.953896e-03	-4.932724e-03	4.443310e-03	6.495852e-03	-5.283655e-04	-1.364276e-02	-7.349743e-03	-6.293012e-03
51            	1.018984e-02	1.215079e-02	-1.960950e-03	-9.776701e-04	3.948823e-03	-4.926493e-03	4.437658e-03	7.055867e-03	-7.590764e-04	-1.487816e-02	-8.198159e-03	-6.680006e-03
52            	1.017897e-02	1.260654e-02	-2.427570e-03	-9.766927e-04	3.943641e-03	-4.920333e-03	4.431987e-03	7.517054e-03	-9.249942e-04	-1.586799e-02	-8.858992e-03	-7.009003e-03
53            	1.016224e-02	1.290601e-02	-2.743764e-03	-9.759018e-04	3.935531e-03	-4.911432e-03	4.423481e-03	7.824885e-03	-1.003416e-03	-1.649226e-02	-9.249546e-03	-7.242714e-03
54            	1.013577e-02	1.302596e-02	-2.890185e-03	-9.752918e-04	3.922865e-03	-4.898157e-03	4.410511e-03	7.958070e-03	-9.909638e-04	-1.671037e-02	-9.346148e-03	-7.364220e-03
55            	1.009838e-02	1.297615e-02	-2.877773e-03	-9.748401e-04	3.905236e-03	-4.880076e-03	4.392656e-03	7.926961e-03	-9.012008e-04	-1.655562e-02	-9.179012e-03	-7.376610e-03
56            	1.005122e-02	1.279207e-02	-2.740856e-03	-9.745114e-04	3.883260e-03	-4.857771e-03	4.370516e-03	7.766465e-03	-7.595029e-04	-1.611711e-02	-8.818057e-03	-7.299051e-03
57            	9.997108e-03	1.252440e-02	-2.527290e-03	-9.742614e-04	3.858264e-03	-4.832526e-03	4.345395e-03	7.525844e-03	-5.966302e-04	-1.551477e-02	-8.354015e-03	-7.160755e-03
58            	9.939675e-03	1.222749e-02	-2.287811e-03	-9.740489e-04	3.831904e-03	-4.805953e-03	4.318928e-03	7.257648e-03	-4.423015e-04	-1.487298e-02	-7.878792e-03	-6.994189e-03
59            	9.882584e-03	1.194955e-02	-2.066970e-03	-9.738407e-04	3.805811e-03	-4.779651e-03	4.292731e-03	7.008262e-03	-3.201319e-04	-1.429850e-02	-7.469382e-03	-6.829119e-03
60            	9.828929e-03	1.172562e-02	-1.896695e-03	-9.736185e-04	3.781333e-03	-4.754952e-03	4.268143e-03	6.811159e-03	-2.444325e-04	-1.386528e-02	-7.177075e-03	-6.688210e-03
61            	9.780844e-03	1.157435e-02	-1.793501e-03	-9.733841e-04	3.759362e-03	-4.732746e-03	4.246054e-03	6.683923e-03	-2.193430e-04	-1.360839e-02	-7.023537e-03	-6.584851e-03
62            	9.739372e-03	1.149796e-02	-1.758590e-03	-9.731572e-04	3.740303e-03	-4.713460e-03	4.226881e-03	6.628276e-03	-2.397546e-04	-1.352512e-02	-7.002313e-03	-6.522804e-03
63            	9.704534e-03	1.148533e-02	-1.780792e-03	-9.729677e-04	3.724122e-03	-4.697089e-03	4.210606e-03	6.633059e-03	-2.938049e-04	-1.358303e-02	-7.085320e-03	-6.497710e-03
64            	9.675547e-03	1.151652e-02	-1.840976e-03	-9.728505e-04	3.710443e-03	-4.683294e-03	4.196868e-03	6.678749e-03	-3.660720e-04	-1.373140e-02	-7.231772e-03	-6.499627e-03
65            	9.651133e-03	1.156815e-02	-1.917016e-03	-9.728372e-04	3.698700e-03	-4.671537e-03	4.185119e-03	6.742582e-03	-4.408347e-04	-1.391372e-02	-7.397694e-03	-6.516025e-03
66            	9.629826e-03	1.161804e-02	-1.988217e-03	-9.729512e-04	3.688260e-03	-4.661211e-03	4.174736e-03	6.803131e-03	-5.047849e-04	-1.407864e-02	-7.544107e-03	-6.534537e-03
67            	9.610224e-03	1.164875e-02	-2.038528e-03	-9.732057e-04	3.678534e-03	-4.651740e-03	4.165137e-03	6.843640e-03	-5.487463e-04	-1.418763e-02	-7.642560e-03	-6.545068e-03
68            	9.591178e-03	1.164960e-02	-2.058425e-03	-9.735998e-04	3.669064e-03	-4.642664e-03	4.155864e-03	6.854014e-03	-5.684997e-04	-1.421920e-02	-7.678101e-03	-6.541102e-03
69            	9.571883e-03	1.161709e-02	-2.045203e-03	-9.741167e-04	3.659544e-03	-4.633660e-03	4.146602e-03	6.831144e-03	-5.645076e-04	-1.416916e-02	-7.649087e-03	-6.520072e-03
70            	9.551894e-03	1.155396e-02	-2.002071e-03	-9.747277e-04	3.649817e-03	-4.624545e-03	4.137181e-03	6.778018e-03	-5.409386e-04	-1.404781e-02	-7.564844e-03	-6.482967e-03
71            	9.531096e-03	1.146744e-02	-1.936349e-03	-9.753962e-04	3.639862e-03	-4.615258e-03	4.127560e-03	6.701897e-03	-5.042158e-04	-1.387517e-02	-7.441799e-03	-6.433367e-03
72            	9.509611e-03	1.136712e-02	-1.857509e-03	-9.760815e-04	3.629746e-03	-4.605827e-03	4.117786e-03	6.612314e-03	-4.615476e-04	-1.367576e-02	-7.299429e-03	-6.376334e-03
73            	9.487709e-03	1.126283e-02	-1.775118e-03	-9.767445e-04	3.619586e-03	-4.596331e-03	4.107958e-03	6.518972e-03	-4.195552e-04	-1.347351e-02	-7.156312e-03	-6.317201e-03
74            	9.465718e-03	1.116303e-02	-1.697311e-03	-9.773512e-04	3.609508e-03	-4.586859e-03	4.098184e-03	6.430170e-03	-3.833291e-04	-1.328794e-02	-7.027299e-03	-6.260641e-03
75            	9.443945e-03	1.107380e-02	-1.629857e-03	-9.778763e-04	3.599614e-03	-4.577490e-03	4.088552e-03	6.351830e-03	-3.559453e-04	-1.313202e-02	-6.921957e-03	-6.210066e-03
76            	9.422637e-03	1.099829e-02	-1.575654e-03	-9.783044e-04	3.589975e-03	-4.568279e-03	4.079127e-03	6.286972e-03	-3.383367e-04	-1.301124e-02	-6.843955e-03	-6.167281e-03
77            	9.401973e-03	1.093701e-02	-1.535040e-03	-9.786290e-04	3.580630e-03	-4.559259e-03	4.069944e-03	6.236026e-03	-3.296678e-04	-1.292458e-02	-6.791956e-03	-6.132621e-03
78            	9.382053e-03	1.088831e-02	-1.506257e-03	-9.788538e-04	3.571592e-03	-4.550446e-03	4.061019e-03	6.197284e-03	-3.278318e-04	-1.286601e-02	-6.760835e-03	-6.105172e-03
79            	9.362903e-03	1.084925e-02	-1.486345e-03	-9.789911e-04	3.562854e-03	-4.541845e-03	4.052350e-03	6.167797e-03	-3.301254e-04	-1.282682e-02	-6.743533e-03	-6.083282e-03
80            	9.344507e-03	1.081641e-02	-1.471903e-03	-9.790589e-04	3.554401e-03	-4.533460e-03	4.043931e-03	6.144157e-03	-3.338346e-04	-1.279765e-02	-6.732662e-03	-6.064992e-03
81            	9.326827e-03	1.078660e-02	-1.459777e-03	-9.790778e-04	3.546219e-03	-4.525297e-03	4.035758e-03	6.123191e-03	-3.367123e-04	-1.277032e-02	-6.721873e-03	-6.048448e-03
82            	9.309811e-03	1.075738e-02	-1.447565e-03	-9.790685e-04	3.538296e-03	-4.517364e-03	4.027830e-03	6.102471e-03	-3.372548e-04	-1.273891e-02	-6.706709e-03	-6.032199e-03
83            	9.293406e-03	1.072726e-02	-1.433849e-03	-9.790489e-04	3.530623e-03	-4.509672e-03	4.020148e-03	6.080553e-03	-3.348025e-04	-1.270030e-02	-6.684953e-03	-6.015348e-03
84            	9.277565e-03	1.069578e-02	-1.418214e-03	-9.790334e-04	3.523197e-03	-4.502231e-03	4.012714e-03	6.056996e-03	-3.294724e-04	-1.265409e-02	-6.656519e-03	-5.997574e-03
85            	9.262238e-03	1.066333e-02	-1.401091e-03	-9.790319e-04	3.516012e-03	-4.495044e-03	4.005528e-03	6.032211e-03	-3.219746e-04	-1.260205e-02	-6.622998e-03	-5.979049e-03
86            	9.247382e-03	1.063088e-02	-1.383501e-03	-9.790496e-04	3.509063e-03	-4.488112e-03	3.998588e-03	6.007193e-03	-3.133726e-04	-1.254733e-02	-6.587040e-03	-5.960295e-03
87            	9.232957e-03	1.059968e-02	-1.366725e-03	-9.790875e-04	3.502340e-03	-4.481428e-03	3.991884e-03	5.983203e-03	-3.048195e-04	-1.249364e-02	-6.551640e-03	-5.942002e-03
88            	9.218920e-03	1.057097e-02	-1.352049e-03	-9.791433e-04	3.495832e-03	-4.474975e-03	3.985404e-03	5.961509e-03	-2.973601e-04	-1.244447e-02	-6.519595e-03	-5.924875e-03
89            	9.205231e-03	1.054577e-02	-1.340542e-03	-9.792125e-04	3.489522e-03	-4.468734e-03	3.979128e-03	5.943158e-03	-2.917806e-04	-1.240257e-02	-6.493066e-03	-5.909505e-03
90            	9.191856e-03	1.052478e-02	-1.332921e-03	-9.792887e-04	3.483388e-03	-4.462677e-03	3.973032e-03	5.928849e-03	-2.885380e-04	-1.236966e-02	-6.473367e-03	-5.896291e-03
91            	9.178761e-03	1.050828e-02	-1.329517e-03	-9.793660e-04	3.477408e-03	-4.456774e-03	3.967091e-03	5.918897e-03	-2.877605e-04	-1.234635e-02	-6.460936e-03	-5.885415e-03
92            	9.165918e-03	1.049623e-02	-1.330309e-03	-9.794392e-04	3.471558e-03	-4.450998e-03	3.961278e-03	5.913268e-03	-2.893050e-04	-1.233234e-02	-6.455473e-03	-5.876863e-03
93            	9.153306e-03	1.048829e-02	-1.334983e-03	-9.795049e-04	3.465820e-03	-4.445325e-03	3.955573e-03	5.911636e-03	-2.928315e-04	-1.232658e-02	-6.456120e-03	-5.870457e-03
94            	9.140918e-03	1.048398e-02	-1.343063e-03	-9.795609e-04	3.460183e-03	-4.439743e-03	3.949963e-03	5.913522e-03	-2.979160e-04	-1.232770e-02	-6.461765e-03	-5.865933e-03
95            	9.128755e-03	1.048277e-02	-1.354010e-03	-9.796071e-04	3.454642e-03	-4.434249e-03	3.944445e-03	5.918388e-03	-3.041334e-04	-1.233426e-02	-6.471263e-03	-5.862996e-03
96            	9.116823e-03	1.048411e-02	-1.367284e-03	-9.796441e-04	3.449197e-03	-4.428841e-03	3.939019e-03	5.925696e-03	-3.111105e-04	-1.234495e-02	-6.483585e-03	-5.861364e-03
97            	9.105153e-03	1.048764e-02	-1.382484e-03	-9.796744e-04	3.443865e-03	-4.423539e-03	3.933702e-03	5.935061e-03	-3.186142e-04	-1.235888e-02	-6.498052e-03	-5.860823e-03
98            	9.093755e-03	1.049303e-02	-1.399279e-03	-9.796998e-04	3.438652e-03	-4.418352e-03	3.928502e-03	5.946157e-03	-3.264976e-04	-1.237544e-02	-6.514218e-03	-5.861223e-03
99            	9.082631e-03	1.050006e-02	-1.417427e-03	-9.797226e-04	3.433560e-03	-4.413283e-03	3.923421e-03	5.958743e-03	-3.347052e-04	-1.239435e-02	-6.531878e-03	-5.862468e-03
100           	9.071801e-03	1.050865e-02	-1.436852e-03	-9.797455e-04	3.428601e-03	-4.408346e-03	3.918474e-03	5.972752e-03	-3.432926e-04	-1.241568e-02	-6.551131e-03	-5.864546e-03
101           	9.061275e-03	1.051882e-02	-1.457545e-03	-9.797705e-04	3.423782e-03	-4.403552e-03	3.913667e-03	5.988182e-03	-3.523594e-04	-1.243970e-02	-6.572207e-03	-5.867489e-03
102           	9.051040e-03	1.053047e-02	-1.479432e-03	-9.797988e-04	3.419100e-03	-4.398898e-03	3.908999e-03	6.004952e-03	-3.619670e-04	-1.246653e-02	-6.595232e-03	-5.871298e-03
103           	9.041087e-03	1.054357e-02	-1.502487e-03	-9.798309e-04	3.414553e-03	-4.394384e-03	3.904468e-03	6.023031e-03	-3.721800e-04	-1.249634e-02	-6.620351e-03	-5.875991e-03
104           	9.031408e-03	1.055807e-02	-1.526658e-03	-9.798669e-04	3.410140e-03	-4.390006e-03	3.900073e-03	6.042362e-03	-3.830273e-04	-1.252919e-02	-6.647624e-03	-5.881569e-03
105           	9.021981e-03	1.057379e-02	-1.551812e-03	-9.799056e-04	3.405850e-03	-4.385756e-03	3.895803e-03	6.062802e-03	-3.944676e-04	-1.256490e-02	-6.676920e-03	-5.887985e-03
106           	9.012803e-03	1.059069e-02	-1.577888e-03	-9.799467e-04	3.401682e-03	-4.381629e-03	3.891655e-03	6.084289e-03	-4.064738e-04	-1.260337e-02	-6.708159e-03	-5.895211e-03
107           	9.003860e-03	1.060860e-02	-1.604737e-03	-9.799890e-04	3.397626e-03	-4.377615e-03	3.887621e-03	6.106667e-03	-4.189553e-04	-1.264426e-02	-6.741084e-03	-5.903174e-03
108           	8.995137e-03	1.062732e-02	-1.632187e-03	-9.800317e-04	3.393673e-03	-4.373705e-03	3.883689e-03	6.129755e-03	-4.317987e-04	-1.268716e-02	-6.775377e-03	-5.911779e-03
109           	8.986621e-03	1.064668e-02	-1.660056e-03	-9.800739e-04	3.389814e-03	-4.369888e-03	3.879851e-03	6.153367e-03	-4.448823e-04	-1.273162e-02	-6.810691e-03	-5.920926e-03
110           	8.978305e-03	1.066647e-02	-1.688161e-03	-9.801151e-04	3.386044e-03	-4.366159e-03	3.876101e-03	6.177314e-03	-4.580862e-04	-1.277719e-02	-6.846683e-03	-5.930510e-03
111           	8.970188e-03	1.068653e-02	-1.716340e-03	-9.801548e-04	3.382362e-03	-4.362517e-03	3.872440e-03	6.201433e-03	-4.713087e-04	-1.282349e-02	-6.883053e-03	-5.940436e-03
112           	8.962267e-03	1.070671e-02	-1.744445e-03	-9.801930e-04	3.378770e-03	-4.358963e-03	3.868866e-03	6.225578e-03	-4.844646e-04	-1.287016e-02	-6.919546e-03	-5.950617e-03
113           	8.954542e-03	1.072689e-02	-1.772353e-03	-9.802292e-04	3.375266e-03	-4.355495e-03	3.865381e-03	6.249624e-03	-4.974885e-04	-1.291694e-02	-6.955958e-03	-5.960981e-03
114           	8.947009e-03	1.074697e-02	-1.799962e-03	-9.802637e-04	3.371849e-03	-4.352113e-03	3.861981e-03	6.273467e-03	-5.103325e-04	-1.296359e-02	-6.992130e-03	-5.971465e-03
115           	8.939671e-03	1.076685e-02	-1.827177e-03	-9.802961e-04	3.368521e-03	-4.348817e-03	3.858669e-03	6.297013e-03	-5.229616e-04	-1.300994e-02	-7.027932e-03	-5.982009e-03
116           	8.932516e-03	1.078646e-02	-1.853944e-03	-9.803273e-04	3.365273e-03	-4.345600e-03	3.855437e-03	6.320202e-03	-5.353573e-04	-1.305586e-02	-7.063288e-03	-5.992574e-03
117           	8.925540e-03	1.080574e-02	-1.880201e-03	-9.803577e-04	3.362104e-03	-4.342462e-03	3.852283e-03	6.342971e-03	-5.474998e-04	-1.310124e-02	-7.098120e-03	-6.003121e-03
118           	8.918739e-03	1.082463e-02	-1.905895e-03	-9.803876e-04	3.359015e-03	-4.339403e-03	3.849209e-03	6.365264e-03	-5.593722e-04	-1.314597e-02	-7.132357e-03	-6.013613e-03
119           	8.912114e-03	1.084310e-02	-1.930983e-03	-9.804172e-04	3.356006e-03	-4.336423e-03	3.846215e-03	6.387040e-03	-5.709623e-04	-1.318996e-02	-7.165945e-03	-6.024020e-03
120           	8.905660e-03	1.086108e-02	-1.955419e-03	-9.804462e-04	3.353078e-03	-4.333524e-03	3.843301e-03	6.408249e-03	-5.822504e-04	-1.323311e-02	-7.198805e-03	-6.034304e-03
121           	8.899372e-03	1.087854e-02	-1.979166e-03	-9.804747e-04	3.350228e-03	-4.330703e-03	3.840466e-03	6.428852e-03	-5.932212e-04	-1.327531e-02	-7.230876e-03	-6.044433e-03
122           	8.893240e-03	1.089541e-02	-2.002172e-03	-9.805022e-04	3.347451e-03	-4.327953e-03	3.837702e-03	6.448792e-03	-6.038472e-04	-1.331642e-02	-7.262055e-03	-6.054361e-03
123           	8.887263e-03	1.091171e-02	-2.024448e-03	-9.805293e-04	3.344743e-03	-4.325272e-03	3.835008e-03	6.468079e-03	-6.141336e-04	-1.335642e-02	-7.292345e-03	-6.064078e-03
124           	8.881433e-03	1.092741e-02	-2.045978e-03	-9.805561e-04	3.342100e-03	-4.322656e-03	3.832378e-03	6.486694e-03	-6.240694e-04	-1.339526e-02	-7.321697e-03	-6.073558e-03
125           	8.875747e-03	1.094249e-02	-2.066748e-03	-9.805825e-04	3.339521e-03	-4.320103e-03	3.829812e-03	6.504621e-03	-6.336454e-04	-1.343285e-02	-7.350069e-03	-6.082778e-03
126           	8.870206e-03	1.095695e-02	-2.086745e-03	-9.806088e-04	3.337006e-03	-4.317615e-03	3.827311e-03	6.521848e-03	-6.428548e-04	-1.346914e-02	-7.377427e-03	-6.091718e-03
127           	8.864809e-03	1.097077e-02	-2.105965e-03	-9.806345e-04	3.334558e-03	-4.315193e-03	3.824875e-03	6.538370e-03	-6.516947e-04	-1.350411e-02	-7.403748e-03	-6.100359e-03
128           	8.859554e-03	1.098396e-02	-2.124409e-03	-9.806597e-04	3.332177e-03	-4.312836e-03	3.822507e-03	6.554186e-03	-6.601657e-04	-1.353771e-02	-7.429021e-03	-6.108690e-03
129           	8.854437e-03	1.099652e-02	-2.142084e-03	-9.806840e-04	3.329859e-03	-4.310543e-03	3.820201e-03	6.569303e-03	-6.682716e-04	-1.356995e-02	-7.453245e-03	-6.116702e-03
130           	8.849452e-03	1.100846e-02	-2.159005e-03	-9.807075e-04	3.327601e-03	-4.308308e-03	3.817955e-03	6.583731e-03	-6.760189e-04	-1.360082e-02	-7.476429e-03	-6.124391e-03
131           	8.844592e-03	1.101978e-02	-2.175190e-03	-9.807304e-04	3.325397e-03	-4.306128e-03	3.815763e-03	6.597486e-03	-6.834157e-04	-1.363034e-02	-7.498586e-03	-6.131755e-03
132           	8.839853e-03	1.103051e-02	-2.190655e-03	-9.807530e-04	3.323246e-03	-4.303999e-03	3.813622e-03	6.610582e-03	-6.904713e-04	-1.365853e-02	-7.519737e-03	-6.138794e-03
133           	8.835233e-03	1.104065e-02	-2.205420e-03	-9.807753e-04	3.321147e-03	-4.301922e-03	3.811535e-03	6.623036e-03	-6.971955e-04	-1.368541e-02	-7.539902e-03	-6.145511e-03
134           	8.830733e-03	1.105023e-02	-2.219498e-03	-9.807973e-04	3.319103e-03	-4.299901e-03	3.809502e-03	6.634865e-03	-7.035982e-04	-1.371101e-02	-7.559104e-03	-6.151907e-03
135           	8.826353e-03	1.105926e-02	-2.232907e-03	-9.808190e-04	3.317117e-03	-4.297936e-03	3.807526e-03	6.646083e-03	-7.096895e-04	-1.373535e-02	-7.577364e-03	-6.157986e-03
136           	8.822087e-03	1.106773e-02	-2.245647e-03	-9.808400e-04	3.315184e-03	-4.296024e-03	3.805604e-03	6.656690e-03	-7.154677e-04	-1.375841e-02	-7.594673e-03	-6.163738e-03
137           	8.817935e-03	1.107570e-02	-2.257761e-03	-9.808605e-04	3.313305e-03	-4.294165e-03	3.803735e-03	6.666728e-03	-7.209587e-04	-1.378029e-02	-7.611103e-03	-6.169185e-03
138           	8.813889e-03	1.108316e-02	-2.269272e-03	-9.808806e-04	3.311472e-03	-4.292353e-03	3.801912e-03	6.676217e-03	-7.261720e-04	-1.380101e-02	-7.626678e-03	-6.174334e-03
139           	8.809944e-03	1.109014e-02	-2.280200e-03	-9.809005e-04	3.309683e-03	-4.290584e-03	3.800133e-03	6.685172e-03	-7.311163e-04	-1.382061e-02	-7.641422e-03	-6.179189e-03
140           	8.806100e-03	1.109666e-02	-2.290561e-03	-9.809205e-04	3.307938e-03	-4.288858e-03	3.798398e-03	6.693611e-03	-7.358000e-04	-1.383911e-02	-7.655357e-03	-6.183757e-03
141           	8.802356e-03	1.110273e-02	-2.300371e-03	-9.809404e-04	3.306238e-03	-4.287178e-03	3.796708e-03	6.701549e-03	-7.402313e-04	-1.385655e-02	-7.668507e-03	-6.188044e-03
142           	8.798714e-03	1.110836e-02	-2.309646e-03	-9.809602e-04	3.304586e-03	-4.285546e-03	3.795066e-03	6.709003e-03	-7.444189e-04	-1.387295e-02	-7.680895e-03	-6.192058e-03
143           	8.795174e-03	1.111358e-02	-2.318403e-03	-9.809797e-04	3.302983e-03	-4.283962e-03	3.793473e-03	6.715990e-03	-7.483720e-04	-1.388835e-02	-7.692549e-03	-6.195805e-03
144           	8.791733e-03	1.111839e-02	-2.326662e-03	-9.809986e-04	3.301428e-03	-4.282427e-03	3.791927e-03	6.722528e-03	-7.521002e-04	-1.390279e-02	-7.703494e-03	-6.199294e-03
145           	8.788382e-03	1.112283e-02	-2.334446e-03	-9.810171e-04	3.299913e-03	-4.280930e-03	3.790422e-03	6.728637e-03	-7.556133e-04	-1.391630e-02	-7.713761e-03	-6.202534e-03
146           	8.785115e-03	1.112689e-02	-2.341778e-03	-9.810352e-04	3.298434e-03	-4.279469e-03	3.788951e-03	6.734335e-03	-7.589212e-04	-1.392892e-02	-7.723379e-03	-6.205536e-03
147           	8.781931e-03	1.113061e-02	-2.348677e-03	-9.810531e-04	3.296990e-03	-4.278043e-03	3.787516e-03	6.739643e-03	-7.620339e-04	-1.394069e-02	-7.732378e-03	-6.208310e-03
148           	8.778830e-03	1.113399e-02	-2.355164e-03	-9.810711e-04	3.295582e-03	-4.276653e-03	3.786118e-03	6.744579e-03	-7.649608e-04	-1.395165e-02	-7.740787e-03	-6.210866e-03
149           	8.775810e-03	1.113705e-02	-2.361244e-03	-9.810889e-04	3.294212e-03	-4.275301e-03	3.784756e-03	6.749149e-03	-7.677026e-04	-1.396181e-02	-7.748607e-03	-6.213201e-03
150           	8.772878e-03	1.113983e-02	-2.366950e-03	-9.811064e-04	3.292884e-03	-4.273990e-03	3.783437e-03	6.753389e-03	-7.702810e-04	-1.397125e-02	-7.755904e-03	-6.215342e-03
151           	8.770030e-03	1.114233e-02	-2.372300e-03	-9.811234e-04	3.291597e-03	-4.272721e-03	3.782159e-03	6.757315e-03	-7.727047e-04	-1.398000e-02	-7.762706e-03	-6.217296e-03
152           	8.767264e-03	1.114457e-02	-2.377311e-03	-9.811397e-04	3.290350e-03	-4.271489e-03	3.780920e-03	6.760943e-03	-7.749812e-04	-1.398811e-02	-7.769036e-03	-6.219073e-03
153           	8.764569e-03	1.114657e-02	-2.382004e-03	-9.811555e-04	3.289131e-03	-4.270287e-03	3.779709e-03	6.764288e-03	-7.771165e-04	-1.399560e-02	-7.774915e-03	-6.220682e-03
154           	8.761942e-03	1.114834e-02	-2.386394e-03	-9.811710e-04	3.287942e-03	-4.269113e-03	3.778527e-03	6.767365e-03	-7.791163e-04	-1.400249e-02	-7.780361e-03	-6.222129e-03
155           	8.759383e-03	1.114988e-02	-2.390495e-03	-9.811864e-04	3.286781e-03	-4.267967e-03	3.777374e-03	6.770186e-03	-7.809857e-04	-1.400882e-02	-7.785394e-03	-6.223423e-03
156           	8.756892e-03	1.115121e-02	-2.394319e-03	-9.812016e-04	3.285651e-03	-4.266852e-03	3.776252e-03	6.772765e-03	-7.827299e-04	-1.401460e-02	-7.790031e-03	-6.224571e-03
157           	8.754471e-03	1.115235e-02	-2.397876e-03	-9.812166e-04	3.284554e-03	-4.265771e-03	3.775163e-03	6.775111e-03	-7.843545e-04	-1.401987e-02	-7.794289e-03	-6.225580e-03
158           	8.752122e-03	1.115330e-02	-2.401177e-03	-9.812312e-04	3.283493e-03	-4.264724e-03	3.774108e-03	6.777238e-03	-7.858652e-04	-1.402465e-02	-7.798188e-03	-6.226458e-03
159           	8.749843e-03	1.115408e-02	-2.404235e-03	-9.812451e-04	3.282467e-03	-4.263712e-03	3.773089e-03	6.779156e-03	-7.872676e-04	-1.402896e-02	-7.801746e-03	-6.227211e-03
160           	8.747624e-03	1.115469e-02	-2.407065e-03	-9.812585e-04	3.281467e-03	-4.262726e-03	3.772097e-03	6.780877e-03	-7.885673e-04	-1.403283e-02	-7.804981e-03	-6.227847e-03
161           	8.745462e-03	1.115514e-02	-2.409682e-03	-9.812715e-04	3.280490e-03	-4.261762e-03	3.771126e-03	6.782412e-03	-7.897695e-04	-1.403628e-02	-7.807912e-03	-6.228373e-03
162           	8.743355e-03	1.115545e-02	-2.412093e-03	-9.812843e-04	3.279536e-03	-4.260820e-03	3.770178e-03	6.783771e-03	-7.908790e-04	-1.403935e-02	-7.810554e-03	-6.228796e-03
163           	8.741304e-03	1.115561e-02	-2.414309e-03	-9.812971e-04	3.278606e-03	-4.259903e-03	3.769255e-03	6.784961e-03	-7.919000e-04	-1.404205e-02	-7.812923e-03	-6.229123e-03
164           	8.739312e-03	1.115565e-02	-2.416334e-03	-9.813098e-04	3.277704e-03	-4.259014e-03	3.768359e-03	6.785990e-03	-7.928367e-04	-1.404439e-02	-7.815033e-03	-6.229359e-03
165           	8.737381e-03	1.115556e-02	-2.418176e-03	-9.813222e-04	3.276831e-03	-4.258154e-03	3.767493e-03	6.786866e-03	-7.936933e-04	-1.404640e-02	-7.816896e-03	-6.229509e-03
166           	8.735504e-03	1.115533e-02	-2.419826e-03	-9.813340e-04	3.275987e-03	-4.257321e-03	3.766654e-03	6.787578e-03	-7.944602e-04	-1.404805e-02	-7.818486e-03	-6.229566e-03
167           	8.733687e-03	1.115500e-02	-2.421314e-03	-9.813452e-04	3.275172e-03	-4.256517e-03	3.765844e-03	6.788158e-03	-7.951595e-04	-1.404942e-02	-7.819869e-03	-6.229550e-03
168           	8.731918e-03	1.115457e-02	-2.422654e-03	-9.813560e-04	3.274375e-03	-4.255731e-03	3.765053e-03	6.788613e-03	-7.957947e-04	-1.405052e-02	-7.821057e-03	-6.229468e-03
169           	8.730196e-03	1.115405e-02	-2.423852e-03	-9.813666e-04	3.273599e-03	-4.254965e-03	3.764282e-03	6.788950e-03	-7.963681e-04	-1.405138e-02	-7.822059e-03	-6.229322e-03
170           	8.728521e-03	1.115344e-02	-2.424915e-03	-9.813771e-04	3.272841e-03	-4.254218e-03	3.763529e-03	6.789176e-03	-7.968813e-04	-1.405200e-02	-7.822881e-03	-6.229118e-03
171           	8.726894e-03	1.115274e-02	-2.425846e-03	-9.813876e-04	3.272104e-03	-4.253492e-03	3.762798e-03	6.789293e-03	-7.973352e-04	-1.405239e-02	-7.823528e-03	-6.228858e-03
172           	8.725316e-03	1.115196e-02	-2.426647e-03	-9.813980e-04	3.271391e-03	-4.252789e-03	3.762090e-03	6.789305e-03	-7.977311e-04	-1.405255e-02	-7.824006e-03	-6.228544e-03
173           	8.723788e-03	1.115111e-02	-2.427321e-03	-9.814081e-04	3.270705e-03	-4.252113e-03	3.761409e-03	6.789215e-03	-7.980705e-04	-1.405250e-02	-7.824320e-03	-6.228179e-03
174           	8.722310e-03	1.115018e-02	-2.427874e-03	-9.814176e-04	3.270044e-03	-4.251461e-03	3.760752e-03	6.789029e-03	-7.983553e-04	-1.405224e-02	-7.824476e-03	-6.227765e-03
175           	8.720873e-03	1.114919e-02	-2.428313e-03	-9.814266e-04	3.269400e-03	-4.250827e-03	3.760114e-03	6.788750e-03	-7.985877e-04	-1.405179e-02	-7.824482e-03	-6.227307e-03
176           	8.719471e-03	1.114812e-02	-2.428648e-03	-9.814354e-04	3.268770e-03	-4.250205e-03	3.759487e-03	6.788384e-03	-7.987702e-04	-1.405115e-02	-7.824346e-03	-6.226806e-03
177           	8.718105e-03	1.114699e-02	-2.428884e-03	-9.814440e-04	3.268153e-03	-4.249597e-03	3.758875e-03	6.787936e-03	-7.989053e-04	-1.405034e-02	-7.824077e-03	-6.226266e-03
178           	8.716775e-03	1.114580e-02	-2.429025e-03	-9.814528e-04	3.267552e-03	-4.249005e-03	3.758278e-03	6.787412e-03	-7.989957e-04	-1.404937e-02	-7.823683e-03	-6.225692e-03
179           	8.716293e-03	1.114570e-02	-2.429404e-03	-9.814380e-04	3.267341e-03	-4.248779e-03	3.758060e-03	6.787550e-03	-7.993012e-04	-1.404974e-02	-7.824172e-03	-6.225570e-03
180           	8.715868e-03	1.114598e-02	-2.430114e-03	-9.814081e-04	3.267164e-03	-4.248572e-03	3.757868e-03	6.788047e-03	-7.997053e-04	-1.405081e-02	-7.825112e-03	-6.225701e-03
181           	8.715462e-03	1.114642e-02	-2.430955e-03	-9.813709e-04	3.266999e-03	-4.248370e-03	3.757685e-03	6.788686e-03	-8.001457e-04	-1.405219e-02	-7.826241e-03	-6.225949e-03
182           	8.715027e-03	1.114674e-02	-2.431711e-03	-9.813332e-04	3.266822e-03	-4.248155e-03	3.757488e-03	6.789225e-03	-8.005303e-04	-1.405339e-02	-7.827225e-03	-6.226164e-03
183           	8.714520e-03	1.114674e-02	-2.432217e-03	-9.813000e-04	3.266609e-03	-4.247909e-03	3.757259e-03	6.789477e-03	-8.007853e-04	-1.405404e-02	-7.827804e-03	-6.226234e-03
184           	8.713934e-03	1.114635e-02	-2.432418e-03	-9.812741e-04	3.266356e-03	-4.247630e-03	3.756993e-03	6.789385e-03	-8.008875e-04	-1.405400e-02	-7.827887e-03	-6.226112e-03
185           	8.713272e-03	1.114559e-02	-2.432313e-03	-9.812560e-04	3.266064e-03	-4.247320e-03	3.756692e-03	6.788949e-03	-8.008365e-04	-1.405326e-02	-7.827468e-03	-6.225795e-03
186           	8.712551e-03	1.114450e-02	-2.431948e-03	-9.812451e-04	3.265742e-03	-4.246987e-03	3.756364e-03	6.788223e-03	-8.006558e-04	-1.405193e-02	-7.826621e-03	-6.225309e-03
187           	8.711795e-03	1.114318e-02	-2.431387e-03	-9.812400e-04	3.265401e-03	-4.246641e-03	3.756021e-03	6.787284e-03	-8.003800e-04	-1.405015e-02	-7.825456e-03	-6.224696e-03
188           	8.711031e-03	1.114174e-02	-2.430710e-03	-9.812388e-04	3.265056e-03	-4.246295e-03	3.755675e-03	6.786226e-03	-8.000504e-04	-1.404811e-02	-7.824106e-03	-6.224005e-03
189           	8.710285e-03	1.114028e-02	-2.429999e-03	-9.812397e-04	3.264718e-03	-4.245958e-03	3.755338e-03	6.785141e-03	-7.997089e-04	-1.404600e-02	-7.822707e-03	-6.223289e-03
190           	8.709574e-03	1.113889e-02	-2.429320e-03	-9.812411e-04	3.264397e-03	-4.245638e-03	3.755017e-03	6.784107e-03	-7.993902e-04	-1.404396e-02	-7.821372e-03	-6.222591e-03
191           	8.708912e-03	1.113763e-02	-2.428714e-03	-9.812421e-04	3.264098e-03	-4.245340e-03	3.754719e-03	6.783170e-03	-7.991164e-04	-1.404211e-02	-7.820173e-03	-6.221940e-03
192           	8.708301e-03	1.113650e-02	-2.428199e-03	-9.812420e-04	3.263824e-03	-4.245066e-03	3.754445e-03	6.782350e-03	-7.988962e-04	-1.404049e-02	-7.819139e-03	-6.221347e-03
193           	8.707737e-03	1.113551e-02	-2.427769e-03	-9.812409e-04	3.263572e-03	-4.244812e-03	3.754192e-03	6.781638e-03	-7.987271e-04	-1.403907e-02	-7.818264e-03	-6.220810e-03
194           	8.707213e-03	1.113462e-02	-2.427404e-03	-9.812389e-04	3.263338e-03	-4.244577e-03	3.753958e-03	6.781010e-03	-7.985977e-04	-1.403783e-02	-7.817515e-03	-6.220319e-03
195           	8.706716e-03	1.113379e-02	-2.427075e-03	-9.812364e-04	3.263117e-03	-4.244354e-03	3.753736e-03	6.780433e-03	-7.984918e-04	-1.403670e-02	-7.816843e-03	-6.219860e-03
196           	8.706233e-03	1.113299e-02	-2.426754e-03	-9.812338e-04	3.262904e-03	-4.244138e-03	3.753521e-03	6.779870e-03	-7.983921e-04	-1.403561e-02	-7.816197e-03	-6.219413e-03
197           	8.705756e-03	1.113217e-02	-2.426414e-03	-9.812314e-04	3.262692e-03	-4.243924e-03	3.753308e-03	6.779291e-03	-7.982837e-04	-1.403450e-02	-7.815533e-03	-6.218966e-03
198           	8.705275e-03	1.113131e-02	-2.426038e-03	-9.812295e-04	3.262479e-03	-4.243709e-03	3.753094e-03	6.778675e-03	-7.981560e-04	-1.403332e-02	-7.814818e-03	-6.218506e-03
199           	8.704788e-03	1.113041e-02	-2.425617e-03	-9.812284e-04	3.262263e-03	-4.243491e-03	3.752877e-03	6.778011e-03	-7.980035e-04	-1.403207e-02	-7.814037e-03	-6.218030e-03
200           	8.704295e-03	1.112945e-02	-2.425152e-03	-9.812280e-04	3.262042e-03	-4.243270e-03	3.752656e-03	6.777299e-03	-7.978259e-04	-1.403072e-02	-7.813187e-03	-6.217536e-03
201           	8.703793e-03	1.112845e-02	-2.424658e-03	-9.812278e-04	3.261818e-03	-4.243046e-03	3.752432e-03	6.776555e-03	-7.976263e-04	-1.402933e-02	-7.812291e-03	-6.217038e-03
202           	8.703292e-03	1.112742e-02	-2.424133e-03	-9.812285e-04	3.261594e-03	-4.242822e-03	3.752208e-03	6.775779e-03	-7.974104e-04	-1.402787e-02	-7.811347e-03	-6.216526e-03
203           	8.702795e-03	1.112638e-02	-2.423584e-03	-9.812298e-04	3.261371e-03	-4.242601e-03	3.751986e-03	6.774982e-03	-7.971833e-04	-1.402638e-02	-7.810371e-03	-6.216005e-03
204           	8.702308e-03	1.112533e-02	-2.423021e-03	-9.812318e-04	3.261152e-03	-4.242384e-03	3.751768e-03	6.774175e-03	-7.969500e-04	-1.402486e-02	-7.809378e-03	-6.215478e-03
205           	8.701831e-03	1.112428e-02	-2.422450e-03	-9.812342e-04	3.260938e-03	-4.242172e-03	3.751555e-03	6.773365e-03	-7.967144e-04	-1.402333e-02	-7.808378e-03	-6.214949e-03
206           	8.701367e-03	1.112324e-02	-2.421876e-03	-9.812370e-04	3.260729e-03	-4.241966e-03	3.751348e-03	6.772560e-03	-7.964790e-04	-1.402180e-02	-7.807380e-03	-6.214422e-03
207           	8.700916e-03	1.112222e-02	-2.421303e-03	-9.812400e-04	3.260527e-03	-4.241767e-03	3.751147e-03	6.771761e-03	-7.962445e-04	-1.402029e-02	-7.806388e-03	-6.213899e-03
208           	8.700477e-03	1.112121e-02	-2.420728e-03	-9.812433e-04	3.260330e-03	-4.241573e-03	3.750951e-03	6.770967e-03	-7.960103e-04	-1.401878e-02	-7.805400e-03	-6.213379e-03
209           	8.700049e-03	1.112020e-02	-2.420152e-03	-9.812467e-04	3.260138e-03	-4.241385e-03	3.750761e-03	6.770176e-03	-7.957750e-04	-1.401728e-02	-7.804414e-03	-6.212864e-03
210           	8.699630e-03	1.111920e-02	-2.419570e-03	-9.812502e-04	3.259950e-03	-4.241201e-03	3.750575e-03	6.769385e-03	-7.955364e-04	-1.401577e-02	-7.803423e-03	-6.212350e-03
211           	8.699219e-03	1.111820e-02	-2.418980e-03	-9.812540e-04	3.259766e-03	-4.241020e-03	3.750393e-03	6.768590e-03	-7.952923e-04	-1.401426e-02	-7.802423e-03	-6.211838e-03
212           	8.698813e-03	1.111719e-02	-2.418379e-03	-9.812579e-04	3.259585e-03	-4.240843e-03	3.750214e-03	6.767786e-03	-7.950411e-04	-1.401273e-02	-7.801407e-03	-6.211325e-03
213           	8.698413e-03	1.111618e-02	-2.417764e-03	-9.812620e-04	3.259406e-03	-4.240668e-03	3.750037e-03	6.766971e-03	-7.947812e-04	-1.401118e-02	-7.800373e-03	-6.210810e-03
214           	8.698018e-03	1.111515e-02	-2.417135e-03	-9.812664e-04	3.259229e-03	-4.240496e-03	3.749863e-03	6.766144e-03	-7.945123e-04	-1.400961e-02	-7.799317e-03	-6.210292e-03
215           	8.697626e-03	1.111412e-02	-2.416492e-03	-9.812709e-04	3.259055e-03	-4.240326e-03	3.749690e-03	6.765305e-03	-7.942342e-04	-1.400801e-02	-7.798240e-03	-6.209772e-03
216           	8.697240e-03	1.111307e-02	-2.415834e-03	-9.812757e-04	3.258882e-03	-4.240158e-03	3.749520e-03	6.764454e-03	-7.939478e-04	-1.400639e-02	-7.797144e-03	-6.209248e-03
217           	8.696859e-03	1.111202e-02	-2.415162e-03	-9.812807e-04	3.258712e-03	-4.239992e-03	3.749352e-03	6.763592e-03	-7.936540e-04	-1.400475e-02	-7.796029e-03	-6.208721e-03
218           	8.696484e-03	1.111096e-02	-2.414480e-03	-9.812860e-04	3.258544e-03	-4.239830e-03	3.749187e-03	6.762722e-03	-7.933538e-04	-1.400309e-02	-7.794900e-03	-6.208192e-03
219           	8.696115e-03	1.110990e-02	-2.413786e-03	-9.812914e-04	3.258379e-03	-4.239670e-03	3.749024e-03	6.761844e-03	-7.930485e-04	-1.400142e-02	-7.793758e-03	-6.207662e-03
220           	8.695754e-03	1.110884e-02	-2.413084e-03	-9.812971e-04	3.258216e-03	-4.239513e-03	3.748865e-03	6.760961e-03	-7.927389e-04	-1.399974e-02	-7.792607e-03	-6.207129e-03
221           	8.695399e-03	1.110777e-02	-2.412373e-03	-9.813029e-04	3.258057e-03	-4.239360e-03	3.748709e-03	6.760073e-03	-7.924257e-04	-1.399804e-02	-7.791448e-03	-6.206596e-03
222           	8.695052e-03	1.110671e-02	-2.411655e-03	-9.813089e-04	3.257901e-03	-4.239210e-03	3.748556e-03	6.759182e-03	-7.921094e-04	-1.399634e-02	-7.790281e-03	-6.206062e-03
223           	8.694712e-03	1.110564e-02	-2.410930e-03	-9.813150e-04	3.257748e-03	-4.239063e-03	3.748406e-03	6.758287e-03	-7.917900e-04	-1.399464e-02	-7.789108e-03	-6.205528e-03
224           	8.694379e-03	1.110458e-02	-2.410199e-03	-9.813212e-04	3.257599e-03	-4.238920e-03	3.748259e-03	6.757388e-03	-7.914676e-04	-1.399292e-02	-7.787929e-03	-6.204994e-03
225           	8.694052e-03	1.110351e-02	-2.409460e-03	-9.813275e-04	3.257452e-03	-4.238779e-03	3.748116e-03	6.756486e-03	-7.911418e-04	-1.399120e-02	-7.786743e-03	-6.204459e-03
226           	8.693732e-03	1.110245e-02	-2.408714e-03	-9.813338e-04	3.257308e-03	-4.238642e-03	3.747975e-03	6.755580e-03	-7.908123e-04	-1.398947e-02	-7.785549e-03	-6.203924e-03
227           	8.693417e-03	1.110138e-02	-2.407962e-03	-9.813402e-04	3.257167e-03	-4.238507e-03	3.747837e-03	6.754670e-03	-7.904790e-04	-1.398774e-02	-7.784347e-03	-6.203389e-03
228           	8.693107e-03	1.110031e-02	-2.407202e-03	-9.813465e-04	3.257028e-03	-4.238374e-03	3.747701e-03	6.753756e-03	-7.901416e-04	-1.398599e-02	-7.783136e-03	-6.202853e-03
229           	8.692803e-03	1.109924e-02	-2.406436e-03	-9.813528e-04	3.256892e-03	-4.238245e-03	3.747568e-03	6.752837e-03	-7.897997e-04	-1.398423e-02	-7.781916e-03	-6.202317e-03
230           	8.692503e-03	1.109816e-02	-2.405661e-03	-9.813590e-04	3.256758e-03	-4.238117e-03	3.747438e-03	6.751913e-03	-7.894533e-04	-1.398247e-02	-7.780686e-03	-6.201780e-03
231           	8.692209e-03	1.109709e-02	-2.404880e-03	-9.813652e-04	3.256627e-03	-4.237992e-03	3.747309e-03	6.750984e-03	-7.891022e-04	-1.398069e-02	-7.779446e-03	-6.201242e-03
232           	8.691919e-03	1.109601e-02	-2.404091e-03	-9.813713e-04	3.256498e-03	-4.237869e-03	3.747184e-03	6.750051e-03	-7.887464e-04	-1.397890e-02	-7.778196e-03	-6.200704e-03
233           	8.691634e-03	1.109493e-02	-2.403295e-03	-9.813773e-04	3.256372e-03	-4.237749e-03	3.747060e-03	6.749112e-03	-7.883858e-04	-1.397710e-02	-7.776936e-03	-6.200165e-03
234           	8.691354e-03	1.109384e-02	-2.402491e-03	-9.813832e-04	3.256248e-03	-4.237631e-03	3.746939e-03	6.748168e-03	-7.880204e-04	-1.397529e-02	-7.775665e-03	-6.199625e-03
235           	8.691078e-03	1.109276e-02	-2.401680e-03	-9.813891e-04	3.256126e-03	-4.237515e-03	3.746821e-03	6.747219e-03	-7.876503e-04	-1.397347e-02	-7.774384e-03	-6.199084e-03
236           	8.690808e-03	1.109167e-02	-2.400861e-03	-9.813950e-04	3.256007e-03	-4.237402e-03	3.746704e-03	6.746264e-03	-7.872753e-04	-1.397163e-02	-7.773092e-03	-6.198542e-03
237           	8.690542e-03	1.109058e-02	-2.400034e-03	-9.814009e-04	3.255890e-03	-4.237291e-03	3.746590e-03	6.745305e-03	-7.868956e-04	-1.396979e-02	-7.771790e-03	-6.197999e-03
238           	8.690282e-03	1.108948e-02	-2.399200e-03	-9.814069e-04	3.255775e-03	-4.237182e-03	3.746479e-03	6.744341e-03	-7.865110e-04	-1.396793e-02	-7.770477e-03	-6.197455e-03
239           	8.690027e-03	1.108838e-02	-2.398358e-03	-9.814130e-04	3.255663e-03	-4.237076e-03	3.746369e-03	6.743371e-03	-7.861218e-04	-1.396606e-02	-7.769153e-03	-6.196910e-03
240           	8.689777e-03	1.108728e-02	-2.397508e-03	-9.814193e-04	3.255552e-03	-4.236972e-03	3.746262e-03	6.742396e-03	-7.857278e-04	-1.396418e-02	-7.767819e-03	-6.196363e-03
241           	8.689533e-03	1.108618e-02	-2.396650e-03	-9.814259e-04	3.255444e-03	-4.236870e-03	3.746157e-03	6.741416e-03	-7.853292e-04	-1.396229e-02	-7.766474e-03	-6.195816e-03
242           	8.689295e-03	1.108508e-02	-2.395784e-03	-9.814328e-04	3.255338e-03	-4.236770e-03	3.746054e-03	6.740432e-03	-7.849259e-04	-1.396039e-02	-7.765119e-03	-6.195267e-03
243           	8.689062e-03	1.108397e-02	-2.394911e-03	-9.814400e-04	3.255233e-03	-4.236673e-03	3.745953e-03	6.739442e-03	-7.845182e-04	-1.395847e-02	-7.763753e-03	-6.194717e-03
244           	8.688835e-03	1.108287e-02	-2.394030e-03	-9.814475e-04	3.255130e-03	-4.236578e-03	3.745854e-03	6.738448e-03	-7.841060e-04	-1.395654e-02	-7.762378e-03	-6.194166e-03
245           	8.688613e-03	1.108176e-02	-2.393142e-03	-9.814555e-04	3.255030e-03	-4.236485e-03	3.745757e-03	6.737449e-03	-7.836894e-04	-1.395461e-02	-7.760993e-03	-6.193614e-03
246           	8.688398e-03	1.108064e-02	-2.392247e-03	-9.814637e-04	3.254931e-03	-4.236394e-03	3.745662e-03	6.736446e-03	-7.832687e-04	-1.395266e-02	-7.759599e-03	-6.193061e-03
247           	8.688187e-03	1.107953e-02	-2.391345e-03	-9.814722e-04	3.254833e-03	-4.236306e-03	3.745570e-03	6.735439e-03	-7.828437e-04	-1.395070e-02	-7.758195e-03	-6.192508e-03
248           	8.687982e-03	1.107842e-02	-2.390436e-03	-9.814809e-04	3.254738e-03	-4.236219e-03	3.745479e-03	6.734427e-03	-7.824146e-04	-1.394874e-02	-7.756783e-03	-6.191954e-03
249           	8.687782e-03	1.107730e-02	-2.389521e-03	-9.814897e-04	3.254645e-03	-4.236134e-03	3.745390e-03	6.733412e-03	-7.819812e-04	-1.394676e-02	-7.755361e-03	-6.191399e-03
250           	8.687587e-03	1.107619e-02	-2.388599e-03	-9.814983e-04	3.254553e-03	-4.236052e-03	3.745303e-03	6.732392e-03	-7.815437e-04	-1.394477e-02	-7.753930e-03	-6.190843e-03
251           	8.687395e-03	1.107507e-02	-2.387670e-03	-9.815068e-04	3.254464e-03	-4.235971e-03	3.745218e-03	6.731368e-03	-7.811018e-04	-1.394278e-02	-7.752490e-03	-6.190286e-03
252           	8.687207e-03	1.107394e-02	-2.386736e-03	-9.815149e-04	3.254377e-03	-4.235892e-03	3.745134e-03	6.730339e-03	-7.806556e-04	-1.394077e-02	-7.751040e-03	-6.189729e-03
253           	8.687022e-03	1.107282e-02	-2.385795e-03	-9.815223e-04	3.254292e-03	-4.235814e-03	3.745053e-03	6.729306e-03	-7.802050e-04	-1.393875e-02	-7.749581e-03	-6.189171e-03
254           	8.686839e-03	1.107169e-02	-2.384849e-03	-9.815290e-04	3.254210e-03	-4.235739e-03	3.744974e-03	6.728268e-03	-7.797500e-04	-1.393673e-02	-7.748113e-03	-6.188613e-03
255           	8.686658e-03	1.107056e-02	-2.383898e-03	-9.815348e-04	3.254130e-03	-4.235664e-03	3.744897e-03	6.727227e-03	-7.792909e-04	-1.393469e-02	-7.746635e-03	-6.188054e-03
256           	8.686478e-03	1.106942e-02	-2.382942e-03	-9.815395e-04	3.254052e-03	-4.235592e-03	3.744822e-03	6.726181e-03	-7.788280e-04	-1.393264e-02	-7.745150e-03	-6.187494e-03
257           	8.686300e-03	1.106828e-02	-2.381983e-03	-9.815430e-04	3.253977e-03	-4.235520e-03	3.744749e-03	6.725133e-03	-7.783618e-04	-1.393059e-02	-7.743658e-03	-6.186934e-03
258           	8.686122e-03	1.106714e-02	-2.381023e-03	-9.815453e-04	3.253905e-03	-4.235450e-03	3.744678e-03	6.724084e-03	-7.778930e-04	-1.392853e-02	-7.742160e-03	-6.186374e-03
259           	8.685945e-03	1.106601e-02	-2.380061e-03	-9.815465e-04	3.253836e-03	-4.235382e-03	3.744609e-03	6.723033e-03	-7.774220e-04	-1.392647e-02	-7.740658e-03	-6.185815e-03
260           	8.685769e-03	1.106487e-02	-2.379097e-03	-9.815469e-04	3.253768e-03	-4.235315e-03	3.744542e-03	6.721981e-03	-7.769484e-04	-1.392441e-02	-7.739151e-03	-6.185255e-03
261           	8.685594e-03	1.106372e-02	-2.378129e-03	-9.815465e-04	3.253703e-03	-4.235250e-03	3.744477e-03	6.720927e-03	-7.764721e-04	-1.392233e-02	-7.737638e-03	-6.184694e-03
262           	8.685422e-03	1.106258e-02	-2.377158e-03	-9.815457e-04	3.253640e-03	-4.235186e-03	3.744413e-03	6.719869e-03	-7.759927e-04	-1.392025e-02	-7.736117e-03	-6.184131e-03
263           	8.685253e-03	1.106143e-02	-2.376181e-03	-9.815448e-04	3.253579e-03	-4.235124e-03	3.744352e-03	6.718807e-03	-7.755100e-04	-1.391815e-02	-7.734587e-03	-6.183567e-03
264           	8.685088e-03	1.106029e-02	-2.375198e-03	-9.815443e-04	3.253519e-03	-4.235064e-03	3.744291e-03	6.717742e-03	-7.750242e-04	-1.391605e-02	-7.733050e-03	-6.183002e-03
265           	8.684928e-03	1.105914e-02	-2.374209e-03	-9.815446e-04	3.253460e-03	-4.235005e-03	3.744233e-03	6.716673e-03	-7.745352e-04	-1.391394e-02	-7.731504e-03	-6.182434e-03
266           	8.684775e-03	1.105799e-02	-2.373214e-03	-9.815463e-04	3.253402e-03	-4.234949e-03	3.744175e-03	6.715601e-03	-7.740432e-04	-1.391182e-02	-7.729951e-03	-6.181865e-03
267           	8.684631e-03	1.105684e-02	-2.372210e-03	-9.815498e-04	3.253344e-03	-4.234894e-03	3.744119e-03	6.714526e-03	-7.735481e-04	-1.390968e-02	-7.728391e-03	-6.181294e-03
268           	8.684497e-03	1.105570e-02	-2.371199e-03	-9.815558e-04	3.253286e-03	-4.234842e-03	3.744064e-03	6.713447e-03	-7.730498e-04	-1.390754e-02	-7.726822e-03	-6.180722e-03
269           	8.684374e-03	1.105455e-02	-2.370179e-03	-9.815648e-04	3.253227e-03	-4.234792e-03	3.744010e-03	6.712365e-03	-7.725484e-04	-1.390540e-02	-7.725247e-03	-6.180150e-03
270           	8.684263e-03	1.105342e-02	-2.369152e-03	-9.815771e-04	3.253168e-03	-4.234745e-03	3.743956e-03	6.711284e-03	-7.720456e-04	-1.390325e-02	-7.723669e-03	-6.179578e-03
271           	8.684165e-03	1.105229e-02	-2.368123e-03	-9.815927e-04	3.253107e-03	-4.234700e-03	3.743903e-03	6.710205e-03	-7.715426e-04	-1.390110e-02	-7.722095e-03	-6.179009e-03
272           	8.684081e-03	1.105117e-02	-2.367088e-03	-9.816114e-04	3.253045e-03	-4.234657e-03	3.743851e-03	6.709129e-03	-7.710386e-04	-1.389896e-02	-7.720521e-03	-6.178443e-03
273           	8.684008e-03	1.105006e-02	-2.366047e-03	-9.816329e-04	3.252983e-03	-4.234616e-03	3.743800e-03	6.708051e-03	-7.705322e-04	-1.389682e-02	-7.718944e-03	-6.177880e-03
274           	8.683946e-03	1.104895e-02	-2.364999e-03	-9.816566e-04	3.252921e-03	-4.234577e-03	3.743749e-03	6.706972e-03	-7.700225e-04	-1.389468e-02	-7.717363e-03	-6.177318e-03
275           	8.683893e-03	1.104784e-02	-2.363944e-03	-9.816818e-04	3.252858e-03	-4.234540e-03	3.743699e-03	6.705890e-03	-7.695093e-04	-1.389254e-02	-7.715778e-03	-6.176760e-03
276           	8.683845e-03	1.104673e-02	-2.362884e-03	-9.817074e-04	3.252796e-03	-4.234504e-03	3.743650e-03	6.704807e-03	-7.689924e-04	-1.389039e-02	-7.714189e-03	-6.176204e-03
277           	8.683800e-03	1.104562e-02	-2.361821e-03	-9.817319e-04	3.252737e-03	-4.234468e-03	3.743603e-03	6.703721e-03	-7.684721e-04	-1.388825e-02	-7.712596e-03	-6.175651e-03
278           	8.683753e-03	1.104451e-02	-2.360758e-03	-9.817538e-04	3.252680e-03	-4.234434e-03	3.743557e-03	6.702635e-03	-7.679486e-04	-1.388610e-02	-7.710999e-03	-6.175102e-03
279           	8.683699e-03	1.104340e-02	-2.359697e-03	-9.817713e-04	3.252627e-03	-4.234399e-03	3.743513e-03	6.701547e-03	-7.674223e-04	-1.388396e-02	-7.709400e-03	-6.174555e-03
280           	8.683632e-03	1.104227e-02	-2.358641e-03	-9.817829e-04	3.252580e-03	-4.234363e-03	3.743472e-03	6.700458e-03	-7.668935e-04	-1.388181e-02	-7.707797e-03	-6.174010e-03
281           	8.683550e-03	1.104114e-02	-2.357593e-03	-9.817868e-04	3.252540e-03	-4.234326e-03	3.743433e-03	6.699368e-03	-7.663627e-04	-1.387966e-02	-7.706192e-03	-6.173466e-03
282           	8.683446e-03	1.104000e-02	-2.356554e-03	-9.817816e-04	3.252507e-03	-4.234288e-03	3.743397e-03	6.698277e-03	-7.658302e-04	-1.387750e-02	-7.704582e-03	-6.172921e-03
283           	8.683318e-03	1.103884e-02	-2.355527e-03	-9.817663e-04	3.252482e-03	-4.234248e-03	3.743365e-03	6.697186e-03	-7.652971e-04	-1.387534e-02	-7.702968e-03	-6.172374e-03
284           	8.683163e-03	1.103768e-02	-2.354514e-03	-9.817405e-04	3.252466e-03	-4.234207e-03	3.743337e-03	6.696096e-03	-7.647646e-04	-1.387318e-02	-7.701353e-03	-6.171823e-03
285           	8.682982e-03	1.103650e-02	-2.353516e-03	-9.817043e-04	3.252460e-03	-4.234164e-03	3.743312e-03	6.695007e-03	-7.642334e-04	-1.387100e-02	-7.699735e-03	-6.171268e-03
286           	8.682774e-03	1.103531e-02	-2.352532e-03	-9.816584e-04	3.252461e-03	-4.234119e-03	3.743290e-03	6.693919e-03	-7.637038e-04	-1.386882e-02	-7.698114e-03	-6.170706e-03
287           	8.682543e-03	1.103410e-02	-2.351560e-03	-9.816043e-04	3.252470e-03	-4.234074e-03	3.743272e-03	6.692832e-03	-7.631763e-04	-1.386662e-02	-7.696488e-03	-6.170136e-03
288           	8.682293e-03	1.103289e-02	-2.350599e-03	-9.815441e-04	3.252484e-03	-4.234029e-03	3.743256e-03	6.691746e-03	-7.626516e-04	-1.386442e-02	-7.694860e-03	-6.169557e-03
289           	8.682032e-03	1.103168e-02	-2.349646e-03	-9.814806e-04	3.252503e-03	-4.233984e-03	3.743243e-03	6.690661e-03	-7.621304e-04	-1.386220e-02	-7.693229e-03	-6.168968e-03
290           	8.681767e-03	1.103046e-02	-2.348696e-03	-9.814175e-04	3.252523e-03	-4.233941e-03	3.743232e-03	6.689579e-03	-7.616129e-04	-1.385996e-02	-7.691594e-03	-6.168368e-03
291           	8.681359e-03	1.102916e-02	-2.347801e-03	-9.813286e-04	3.252563e-03	-4.233892e-03	3.743227e-03	6.688481e-03	-7.611019e-04	-1.385763e-02	-7.689918e-03	-6.167715e-03
292           	8.681430e-03	1.102810e-02	-2.346673e-03	-9.813643e-04	3.252515e-03	-4.233879e-03	3.743197e-03	6.687388e-03	-7.605680e-04	-1.385542e-02	-7.688277e-03	-6.167141e-03
293           	8.681509e-03	1.102705e-02	-2.345542e-03	-9.814055e-04	3.252465e-03	-4.233870e-03	3.743167e-03	6.686296e-03	-7.600349e-04	-1.385320e-02	-7.686634e-03	-6.166565e-03
294           	8.681650e-03	1.102603e-02	-2.344381e-03	-9.814724e-04	3.252397e-03	-4.233870e-03	3.743133e-03	6.685206e-03	-7.595015e-04	-1.385099e-02	-7.684995e-03	-6.165992e-03
295           	8.681851e-03	1.102504e-02	-2.343193e-03	-9.815675e-04	3.252311e-03	-4.233878e-03	3.743094e-03	6.684119e-03	-7.589671e-04	-1.384878e-02	-7.683359e-03	-6.165425e-03
296           	8.682105e-03	1.102409e-02	-2.341985e-03	-9.816890e-04	3.252205e-03	-4.233894e-03	3.743050e-03	6.683037e-03	-7.584322e-04	-1.384661e-02	-7.681735e-03	-6.164871e-03
297           	8.682591e-03	1.102325e-02	-2.340655e-03	-9.818701e-04	3.252058e-03	-4.233928e-03	3.742993e-03	6.681951e-03	-7.578949e-04	-1.384441e-02	-7.680101e-03	-6.164311e-03
298           	8.682546e-03	1.102215e-02	-2.339603e-03	-9.819247e-04	3.252001e-03	-4.233926e-03	3.742963e-03	6.680876e-03	-7.573458e-04	-1.384231e-02	-7.678503e-03	-6.163811e-03
299           	8.682569e-03	1.102109e-02	-2.338522e-03	-9.819999e-04	3.251929e-03	-4.233929e-03	3.742929e-03	6.679806e-03	-7.567938e-04	-1.384024e-02	-7.676914e-03	-6.163327e-03
300           	8.682587e-03	1.102003e-02	-2.337446e-03	-9.820647e-04	3.251864e-03	-4.233929e-03	3.742897e-03	6.678739e-03	-7.562383e-04	-1.383819e-02	-7.675332e-03	-6.162855e-03
301           	8.682594e-03	1.101897e-02	-2.336375e-03	-9.821094e-04	3.251813e-03	-4.233923e-03	3.742868e-03	6.677672e-03	-7.556789e-04	-1.383614e-02	-7.673749e-03	-6.162391e-03
302           	8.682581e-03	1.101789e-02	-2.335312e-03	-9.821274e-04	3.251781e-03	-4.233909e-03	3.742845e-03	6.676603e-03	-7.551164e-04	-1.383409e-02	-7.672161e-03	-6.161928e-03
303           	8.682539e-03	1.101680e-02	-2.334262e-03	-9.821152e-04	3.251771e-03	-4.233886e-03	3.742828e-03	6.675532e-03	-7.545522e-04	-1.383203e-02	-7.670567e-03	-6.161463e-03
304           	8.682458e-03	1.101569e-02	-2.333232e-03	-9.820725e-04	3.251782e-03	-4.233855e-03	3.742819e-03	6.674461e-03	-7.539886e-04	-1.382996e-02	-7.668968e-03	-6.160991e-03
305           	8.682329e-03	1.101455e-02	-2.332226e-03	-9.820016e-04	3.251815e-03	-4.233817e-03	3.742816e-03	6.673391e-03	-7.534281e-04	-1.382787e-02	-7.667365e-03	-6.160509e-03
306           	8.682145e-03	1.101340e-02	-2.331252e-03	-9.819068e-04	3.251867e-03	-4.233774e-03	3.742820e-03	6.672324e-03	-7.528730e-04	-1.382577e-02	-7.665760e-03	-6.160014e-03
307           	8.681904e-03	1.101222e-02	-2.330311e-03	-9.817933e-04	3.251934e-03	-4.233727e-03	3.742830e-03	6.671263e-03	-7.523259e-04	-1.382366e-02	-7.664154e-03	-6.159503e-03
308           	8.681606e-03	1.101101e-02	-2.329408e-03	-9.816667e-04	3.252012e-03	-4.233679e-03	3.742845e-03	6.670211e-03	-7.517895e-04	-1.382153e-02	-7.662553e-03	-6.158974e-03
309           	8.681080e-03	1.100969e-02	-2.328612e-03	-9.814968e-04	3.252123e-03	-4.233620e-03	3.742872e-03	6.669153e-03	-7.512445e-04	-1.381940e-02	-7.660944e-03	-6.158455e-03
310           	8.681043e-03	1.100862e-02	-2.327581e-03	-9.814583e-04	3.252143e-03	-4.233601e-03	3.742872e-03	6.668102e-03	-7.507471e-04	-1.381711e-02	-7.659302e-03	-6.157808e-03
311           	8.680934e-03	1.100753e-02	-2.326591e-03	-9.814088e-04	3.252173e-03	-4.233581e-03	3.742877e-03	6.667058e-03	-7.502646e-04	-1.381478e-02	-7.657656e-03	-6.157127e-03
312           	8.680819e-03	1.100643e-02	-2.325609e-03	-9.813709e-04	3.252196e-03	-4.233567e-03	3.742882e-03	6.666019e-03	-7.497964e-04	-1.381242e-02	-7.656006e-03	-6.156413e-03
313           	8.680587e-03	1.100526e-02	-2.324673e-03	-9.813236e-04	3.252228e-03	-4.233551e-03	3.742889e-03	6.664967e-03	-7.493720e-04	-1.380982e-02	-7.654284e-03	-6.155540e-03
314           	8.680685e-03	1.100437e-02	-2.323686e-03	-9.813751e-04	3.252191e-03	-4.233567e-03	3.742879e-03	6.664028e-03	-7.489312e-04	-1.380777e-02	-7.652818e-03	-6.154956e-03
315           	8.680840e-03	1.100351e-02	-2.322674e-03	-9.814521e-04	3.252138e-03	-4.233590e-03	3.742864e-03	6.663094e-03	-7.484414e-04	-1.380594e-02	-7.651413e-03	-6.154531e-03
316           	8.681029e-03	1.100249e-02	-2.321463e-03	-9.815514e-04	3.252064e-03	-4.233615e-03	3.742840e-03	6.661977e-03	-7.478545e-04	-1.380375e-02	-7.649728e-03	-6.154019e-03
317           	8.681261e-03	1.100150e-02	-2.320240e-03	-9.816709e-04	3.251976e-03	-4.233647e-03	3.742811e-03	6.660870e-03	-7.472698e-04	-1.380158e-02	-7.648061e-03	-6.153522e-03
318           	8.681677e-03	1.100075e-02	-2.319074e-03	-9.818338e-04	3.251860e-03	-4.233693e-03	3.742777e-03	6.659912e-03	-7.467667e-04	-1.379971e-02	-7.646622e-03	-6.153089e-03
319           	8.681700e-03	1.099980e-02	-2.318100e-03	-9.818990e-04	3.251812e-03	-4.233711e-03	3.742762e-03	6.658950e-03	-7.462422e-04	-1.379790e-02	-7.645194e-03	-6.152710e-03
320           	8.681769e-03	1.099872e-02	-2.316947e-03	-9.819772e-04	3.251750e-03	-4.233728e-03	3.742739e-03	6.657832e-03	-7.456370e-04	-1.379577e-02	-7.643523e-03	-6.152249e-03
321           	8.681842e-03	1.099766e-02	-2.315821e-03	-9.820447e-04	3.251696e-03	-4.233741e-03	3.742719e-03	6.656742e-03	-7.450455e-04	-1.379370e-02	-7.641894e-03	-6.151803e-03
322           	8.682008e-03	1.099680e-02	-2.314788e-03	-9.821132e-04	3.251644e-03	-4.233758e-03	3.742701e-03	6.655792e-03	-7.445121e-04	-1.379196e-02	-7.640491e-03	-6.151467e-03
323           	8.681897e-03	1.099579e-02	-2.313897e-03	-9.820919e-04	3.251656e-03	-4.233748e-03	3.742702e-03	6.654846e-03	-7.440123e-04	-1.379009e-02	-7.639057e-03	-6.151032e-03
324           	8.681788e-03	1.099478e-02	-2.312993e-03	-9.820535e-04	3.251680e-03	-4.233734e-03	3.742707e-03	6.653887e-03	-7.435072e-04	-1.378818e-02	-7.637597e-03	-6.150583e-03
325           	8.681648e-03	1.099374e-02	-2.312093e-03	-9.819895e-04	3.251722e-03	-4.233712e-03	3.742717e-03	6.652917e-03	-7.429977e-04	-1.378623e-02	-7.636114e-03	-6.150118e-03
326           	8.681478e-03	1.099268e-02	-2.311201e-03	-9.819033e-04	3.251781e-03	-4.233684e-03	3.742733e-03	6.651940e-03	-7.424865e-04	-1.378426e-02	-7.634616e-03	-6.149643e-03
327           	8.681281e-03	1.099161e-02	-2.310329e-03	-9.818004e-04	3.251853e-03	-4.233653e-03	3.742753e-03	6.650969e-03	-7.419792e-04	-1.378228e-02	-7.633121e-03	-6.149162e-03
328           	8.681052e-03	1.099037e-02	-2.309322e-03	-9.816878e-04	3.251929e-03	-4.233617e-03	3.742773e-03	6.649848e-03	-7.413982e-04	-1.377997e-02	-7.631385e-03	-6.148588e-03
329           	8.680807e-03	1.098917e-02	-2.308367e-03	-9.815723e-04	3.252011e-03	-4.233583e-03	3.742797e-03	6.648770e-03	-7.408411e-04	-1.377774e-02	-7.629714e-03	-6.148031e-03
330           	8.680388e-03	1.098792e-02	-2.307531e-03	-9.814278e-04	3.252116e-03	-4.233543e-03	3.742830e-03	6.647725e-03	-7.402967e-04	-1.377560e-02	-7.628098e-03	-6.147505e-03
331           	8.680482e-03	1.098710e-02	-2.306617e-03	-9.814209e-04	3.252128e-03	-4.233549e-03	3.742839e-03	6.646858e-03	-7.398663e-04	-1.377375e-02	-7.626743e-03	-6.147011e-03
332           	8.680556e-03	1.098626e-02	-2.305707e-03	-9.814201e-04	3.252138e-03	-4.233558e-03	3.742848e-03	6.645985e-03	-7.394387e-04	-1.377187e-02	-7.625375e-03	-6.146497e-03
333           	8.680669e-03	1.098543e-02	-2.304761e-03	-9.814477e-04	3.252129e-03	-4.233576e-03	3.742853e-03	6.645096e-03	-7.390074e-04	-1.376994e-02	-7.623976e-03	-6.145961e-03
334           	8.680849e-03	1.098456e-02	-2.303714e-03	-9.815111e-04	3.252092e-03	-4.233604e-03	3.742848e-03	6.644138e-03	-7.385619e-04	-1.376777e-02	-7.622449e-03	-6.145325e-03
335           	8.680987e-03	1.098370e-02	-2.302710e-03	-9.815828e-04	3.252051e-03	-4.233634e-03	3.742842e-03	6.643204e-03	-7.380849e-04	-1.376584e-02	-7.621004e-03	-6.144835e-03
336           	8.681175e-03	1.098286e-02	-2.301687e-03	-9.816819e-04	3.251990e-03	-4.233671e-03	3.742830e-03	6.642274e-03	-7.376099e-04	-1.376392e-02	-7.619568e-03	-6.144348e-03
337           	8.681502e-03	1.098206e-02	-2.300558e-03	-9.818196e-04	3.251899e-03	-4.233719e-03	3.742809e-03	6.641309e-03	-7.371254e-04	-1.376188e-02	-7.618064e-03	-6.143813e-03
338           	8.681539e-03	1.098113e-02	-2.299591e-03	-9.818861e-04	3.251859e-03	-4.233745e-03	3.742802e-03	6.640360e-03	-7.366158e-04	-1.376001e-02	-7.616622e-03	-6.143390e-03
339           	8.681630e-03	1.098025e-02	-2.298616e-03	-9.819627e-04	3.251811e-03	-4.233774e-03	3.742792e-03	6.639431e-03	-7.361133e-04	-1.375820e-02	-7.615211e-03	-6.142985e-03
340           	8.681731e-03	1.097938e-02	-2.297650e-03	-9.820296e-04	3.251769e-03	-4.233799e-03	3.742784e-03	6.638516e-03	-7.356153e-04	-1.375642e-02	-7.613824e-03	-6.142593e-03
341           	8.681836e-03	1.097853e-02	-2.296691e-03	-9.820805e-04	3.251738e-03	-4.233819e-03	3.742779e-03	6.637609e-03	-7.351196e-04	-1.375466e-02	-7.612450e-03	-6.142211e-03
342           	8.681938e-03	1.097767e-02	-2.295736e-03	-9.821116e-04	3.251721e-03	-4.233832e-03	3.742777e-03	6.636705e-03	-7.346241e-04	-1.375291e-02	-7.611080e-03	-6.141832e-03
343           	8.682027e-03	1.097681e-02	-2.294787e-03	-9.821214e-04	3.251718e-03	-4.233839e-03	3.742778e-03	6.635801e-03	-7.341274e-04	-1.375116e-02	-7.609708e-03	-6.141453e-03
344           	8.682092e-03	1.097594e-02	-2.293847e-03	-9.821102e-04	3.251729e-03	-4.233840e-03	3.742785e-03	6.634893e-03	-7.336288e-04	-1.374940e-02	-7.608328e-03	-6.141070e-03
345           	8.682122e-03	1.097504e-02	-2.292921e-03	-9.820798e-04	3.251755e-03	-4.233835e-03	3.742795e-03	6.633982e-03	-7.331286e-04	-1.374762e-02	-7.606939e-03	-6.140682e-03
346           	8.682108e-03	1.097412e-02	-2.292013e-03	-9.820325e-04	3.251793e-03	-4.233826e-03	3.742809e-03	6.633067e-03	-7.326287e-04	-1.374583e-02	-7.605542e-03	-6.140284e-03
347           	8.682044e-03	1.097313e-02	-2.291087e-03	-9.819713e-04	3.251841e-03	-4.233812e-03	3.742826e-03	6.632108e-03	-7.320898e-04	-1.374399e-02	-7.604086e-03	-6.139907e-03
348           	8.681914e-03	1.097216e-02	-2.290243e-03	-9.818945e-04	3.251902e-03	-4.233796e-03	3.742849e-03	6.631200e-03	-7.316279e-04	-1.374206e-02	-7.602658e-03	-6.139402e-03
349           	8.681728e-03	1.097120e-02	-2.289467e-03	-9.818055e-04	3.251974e-03	-4.233780e-03	3.742877e-03	6.630331e-03	-7.311919e-04	-1.374019e-02	-7.601285e-03	-6.138901e-03
350           	8.681356e-03	1.097013e-02	-2.288776e-03	-9.816787e-04	3.252075e-03	-4.233753e-03	3.742914e-03	6.629454e-03	-7.307628e-04	-1.373824e-02	-7.599884e-03	-6.138358e-03
351           	8.681312e-03	1.096926e-02	-2.287944e-03	-9.816384e-04	3.252115e-03	-4.233753e-03	3.742934e-03	6.628600e-03	-7.303378e-04	-1.373639e-02	-7.598531e-03	-6.137855e-03
352           	8.681194e-03	1.096838e-02	-2.287184e-03	-9.815789e-04	3.252171e-03	-4.233750e-03	3.742960e-03	6.627781e-03	-7.299356e-04	-1.373459e-02	-7.597229e-03	-6.137358e-03
353           	8.680926e-03	1.096739e-02	-2.286467e-03	-9.814919e-04	3.252246e-03	-4.233738e-03	3.742992e-03	6.626930e-03	-7.295369e-04	-1.373264e-02	-7.595855e-03	-6.136781e-03
354           	8.681008e-03	1.096659e-02	-2.285577e-03	-9.815010e-04	3.252254e-03	-4.233755e-03	3.743004e-03	6.626081e-03	-7.290960e-04	-1.373087e-02	-7.594531e-03	-6.136339e-03
355           	8.681056e-03	1.096576e-02	-2.284708e-03	-9.815063e-04	3.252265e-03	-4.233771e-03	3.743018e-03	6.625236e-03	-7.286575e-04	-1.372911e-02	-7.593215e-03	-6.135900e-03
356           	8.681112e-03	1.096495e-02	-2.283835e-03	-9.815239e-04	3.252267e-03	-4.233791e-03	3.743029e-03	6.624391e-03	-7.282179e-04	-1.372736e-02	-7.591900e-03	-6.135464e-03
357           	8.681181e-03	1.096413e-02	-2.282952e-03	-9.815555e-04	3.252259e-03	-4.233815e-03	3.743037e-03	6.623543e-03	-7.277763e-04	-1.372561e-02	-7.590583e-03	-6.135031e-03
358           	8.681265e-03	1.096333e-02	-2.282061e-03	-9.816009e-04	3.252242e-03	-4.233843e-03	3.743042e-03	6.622694e-03	-7.273329e-04	-1.372387e-02	-7.589267e-03	-6.134602e-03
359           	8.681368e-03	1.096253e-02	-2.281163e-03	-9.816585e-04	3.252215e-03	-4.233874e-03	3.743044e-03	6.621847e-03	-7.268889e-04	-1.372214e-02	-7.587959e-03	-6.134181e-03
360           	8.681495e-03	1.096176e-02	-2.280263e-03	-9.817258e-04	3.252181e-03	-4.233907e-03	3.743044e-03	6.621010e-03	-7.264460e-04	-1.372044e-02	-7.586668e-03	-6.133776e-03
361           	8.681646e-03	1.096101e-02	-2.279365e-03	-9.817995e-04	3.252143e-03	-4.233942e-03	3.743042e-03	6.620189e-03	-7.260061e-04	-1.371880e-02	-7.585407e-03	-6.133394e-03
362           	8.681822e-03	1.096030e-02	-2.278477e-03	-9.818761e-04	3.252102e-03	-4.233978e-03	3.743040e-03	6.619388e-03	-7.255706e-04	-1.371723e-02	-7.584183e-03	-6.133042e-03
363           	8.682020e-03	1.095962e-02	-2.277600e-03	-9.819524e-04	3.252061e-03	-4.234014e-03	3.743037e-03	6.618610e-03	-7.251394e-04	-1.371573e-02	-7.583002e-03	-6.132723e-03
364           	8.682351e-03	1.095897e-02	-2.276623e-03	-9.820499e-04	3.252004e-03	-4.234054e-03	3.743029e-03	6.617798e-03	-7.246716e-04	-1.371422e-02	-7.581784e-03	-6.132441e-03
365           	8.682327e-03	1.095816e-02	-2.275834e-03	-9.820492e-04	3.252016e-03	-4.234065e-03	3.743041e-03	6.616998e-03	-7.242258e-04	-1.371268e-02	-7.580564e-03	-6.132112e-03
366           	8.682331e-03	1.095738e-02	-2.275046e-03	-9.820490e-04	3.252028e-03	-4.234077e-03	3.743052e-03	6.616211e-03	-7.237812e-04	-1.371118e-02	-7.579370e-03	-6.131808e-03
367           	8.682335e-03	1.095656e-02	-2.274225e-03	-9.820385e-04	3.252045e-03	-4.234084e-03	3.743064e-03	6.615392e-03	-7.232924e-04	-1.370971e-02	-7.578148e-03	-6.131564e-03
368           	8.682256e-03	1.095573e-02	-2.273477e-03	-9.819953e-04	3.252087e-03	-4.234082e-03	3.743084e-03	6.614605e-03	-7.228733e-04	-1.370810e-02	-7.576921e-03	-6.131175e-03
369           	8.682160e-03	1.095491e-02	-2.272754e-03	-9.819371e-04	3.252140e-03	-4.234077e-03	3.743108e-03	6.613834e-03	-7.224614e-04	-1.370651e-02	-7.575718e-03	-6.130795e-03
370           	8.682038e-03	1.095410e-02	-2.272061e-03	-9.818641e-04	3.252204e-03	-4.234068e-03	3.743136e-03	6.613080e-03	-7.220592e-04	-1.370496e-02	-7.574541e-03	-6.130423e-03
371           	8.681893e-03	1.095329e-02	-2.271398e-03	-9.817795e-04	3.252278e-03	-4.234058e-03	3.743168e-03	6.612345e-03	-7.216671e-04	-1.370345e-02	-7.573393e-03	-6.130058e-03
372           	8.681729e-03	1.095249e-02	-2.270760e-03	-9.816879e-04	3.252359e-03	-4.234046e-03	3.743202e-03	6.611624e-03	-7.212837e-04	-1.370197e-02	-7.572266e-03	-6.129699e-03
373           	8.681420e-03	1.095157e-02	-2.270146e-03	-9.815682e-04	3.252458e-03	-4.234026e-03	3.743242e-03	6.610856e-03	-7.208647e-04	-1.370042e-02	-7.571073e-03	-6.129343e-03
374           	8.681496e-03	1.095084e-02	-2.269339e-03	-9.815504e-04	3.252486e-03	-4.234036e-03	3.743261e-03	6.610088e-03	-7.204802e-04	-1.369873e-02	-7.569844e-03	-6.128884e-03
375           	8.681548e-03	1.095010e-02	-2.268551e-03	-9.815321e-04	3.252515e-03	-4.234047e-03	3.743281e-03	6.609325e-03	-7.201038e-04	-1.369703e-02	-7.568620e-03	-6.128412e-03
376           	8.681622e-03	1.094938e-02	-2.267756e-03	-9.815320e-04	3.252533e-03	-4.234065e-03	3.743299e-03	6.608567e-03	-7.197355e-04	-1.369533e-02	-7.567400e-03	-6.127929e-03
377           	8.681719e-03	1.094868e-02	-2.266958e-03	-9.815528e-04	3.252536e-03	-4.234089e-03	3.743312e-03	6.607818e-03	-7.193761e-04	-1.369363e-02	-7.566191e-03	-6.127438e-03
378           	8.681852e-03	1.094797e-02	-2.266117e-03	-9.815965e-04	3.252522e-03	-4.234119e-03	3.743321e-03	6.607043e-03	-7.190307e-04	-1.369177e-02	-7.564915e-03	-6.126854e-03
379           	8.681968e-03	1.094729e-02	-2.265322e-03	-9.816499e-04	3.252503e-03	-4.234153e-03	3.743328e-03	6.606306e-03	-7.186431e-04	-1.369025e-02	-7.563767e-03	-6.126481e-03
380           	8.682117e-03	1.094665e-02	-2.264537e-03	-9.817207e-04	3.252471e-03	-4.234192e-03	3.743331e-03	6.605595e-03	-7.182681e-04	-1.368879e-02	-7.562664e-03	-6.126128e-03
381           	8.682289e-03	1.094606e-02	-2.263766e-03	-9.818015e-04	3.252432e-03	-4.234234e-03	3.743333e-03	6.604911e-03	-7.179037e-04	-1.368741e-02	-7.561607e-03	-6.125800e-03
382           	8.682481e-03	1.094548e-02	-2.263003e-03	-9.818861e-04	3.252390e-03	-4.234276e-03	3.743333e-03	6.604244e-03	-7.175457e-04	-1.368607e-02	-7.560583e-03	-6.125492e-03
383           	8.682684e-03	1.094493e-02	-2.262244e-03	-9.819683e-04	3.252349e-03	-4.234317e-03	3.743333e-03	6.603586e-03	-7.171883e-04	-1.368478e-02	-7.559577e-03	-6.125200e-03
384           	8.683003e-03	1.094438e-02	-2.261373e-03	-9.820663e-04	3.252294e-03	-4.234360e-03	3.743327e-03	6.602874e-03	-7.168030e-04	-1.368336e-02	-7.558484e-03	-6.124878e-03
385           	8.682962e-03	1.094365e-02	-2.260687e-03	-9.820629e-04	3.252310e-03	-4.234373e-03	3.743341e-03	6.602167e-03	-7.163984e-04	-1.368205e-02	-7.557422e-03	-6.124625e-03
386           	8.682939e-03	1.094293e-02	-2.259994e-03	-9.820542e-04	3.252329e-03	-4.234383e-03	3.743356e-03	6.601463e-03	-7.159907e-04	-1.368075e-02	-7.556366e-03	-6.124384e-03
387           	8.682891e-03	1.094221e-02	-2.259318e-03	-9.820257e-04	3.252361e-03	-4.234387e-03	3.743374e-03	6.600763e-03	-7.155814e-04	-1.367947e-02	-7.555319e-03	-6.124156e-03
388           	8.682818e-03	1.094148e-02	-2.258666e-03	-9.819774e-04	3.252408e-03	-4.234386e-03	3.743397e-03	6.600075e-03	-7.151762e-04	-1.367823e-02	-7.554291e-03	-6.123938e-03
389           	8.682673e-03	1.094071e-02	-2.258033e-03	-9.819028e-04	3.252473e-03	-4.234376e-03	3.743425e-03	6.599370e-03	-7.147351e-04	-1.367705e-02	-7.553258e-03	-6.123788e-03
390           	8.682634e-03	1.094001e-02	-2.257377e-03	-9.818454e-04	3.252528e-03	-4.234373e-03	3.743450e-03	6.598694e-03	-7.143754e-04	-1.367566e-02	-7.552203e-03	-6.123453e-03
391           	8.682560e-03	1.093933e-02	-2.256766e-03	-9.817737e-04	3.252594e-03	-4.234368e-03	3.743481e-03	6.598046e-03	-7.140330e-04	-1.367431e-02	-7.551186e-03	-6.123120e-03
392           	8.682466e-03	1.093865e-02	-2.256188e-03	-9.816975e-04	3.252665e-03	-4.234362e-03	3.743514e-03	6.597421e-03	-7.137063e-04	-1.367299e-02	-7.550200e-03	-6.122788e-03
393           	8.682356e-03	1.093799e-02	-2.255632e-03	-9.816221e-04	3.252737e-03	-4.234359e-03	3.743548e-03	6.596809e-03	-7.133897e-04	-1.367168e-02	-7.549232e-03	-6.122453e-03
394           	8.682234e-03	1.093732e-02	-2.255087e-03	-9.815523e-04	3.252806e-03	-4.234358e-03	3.743582e-03	6.596203e-03	-7.130786e-04	-1.367038e-02	-7.548269e-03	-6.122112e-03
395           	8.682108e-03	1.093665e-02	-2.254542e-03	-9.814920e-04	3.252869e-03	-4.234361e-03	3.743615e-03	6.595597e-03	-7.127697e-04	-1.366906e-02	-7.547302e-03	-6.121763e-03
396           	8.681863e-03	1.093586e-02	-2.253998e-03	-9.814198e-04	3.252939e-03	-4.234359e-03	3.743649e-03	6.594930e-03	-7.124333e-04	-1.366760e-02	-7.546234e-03	-6.121368e-03
397           	8.682014e-03	1.093527e-02	-2.253259e-03	-9.814578e-04	3.252930e-03	-4.234388e-03	3.743659e-03	6.594265e-03	-7.120995e-04	-1.366615e-02	-7.545172e-03	-6.120973e-03
398           	8.682168e-03	1.093469e-02	-2.252522e-03	-9.815041e-04	3.252917e-03	-4.234421e-03	3.743669e-03	6.593606e-03	-7.117724e-04	-1.366469e-02	-7.544116e-03	-6.120571e-03
399           	8.682371e-03	1.093415e-02	-2.251776e-03	-9.815720e-04	3.252888e-03	-4.234460e-03	3.743674e-03	6.592961e-03	-7.114564e-04	-1.366325e-02	-7.543081e-03	-6.120168e-03
400           	8.682620e-03	1.093366e-02	-2.251035e-03	-9.816601e-04	3.252845e-03	-4.234505e-03	3.743675e-03	6.592345e-03	-7.111583e-04	-1.366187e-02	-7.542092e-03	-6.119775e-03
401           	8.683019e-03	1.093322e-02	-2.250203e-03	-9.817882e-04	3.252772e-03	-4.234560e-03	3.743666e-03	6.591713e-03	-7.108753e-04	-1.366036e-02	-7.541055e-03	-6.119304e-03
402           	8.683110e-03	1.093266e-02	-2.249549e-03	-9.818446e-04	3.252750e-03	-4.234595e-03	3.743673e-03	6.591104e-03	-7.105416e-04	-1.365917e-02	-7.540124e-03	-6.119041e-03
403           	8.683259e-03	1.093215e-02	-2.248894e-03	-9.819190e-04	3.252715e-03	-4.234634e-03	3.743675e-03	6.590524e-03	-7.102195e-04	-1.365805e-02	-7.539243e-03	-6.118804e-03
404           	8.683420e-03	1.093167e-02	-2.248250e-03	-9.819920e-04	3.252680e-03	-4.234672e-03	3.743676e-03	6.589960e-03	-7.099018e-04	-1.365699e-02	-7.538395e-03	-6.118591e-03
405           	8.683584e-03	1.093120e-02	-2.247611e-03	-9.820567e-04	3.252651e-03	-4.234707e-03	3.743679e-03	6.589404e-03	-7.095830e-04	-1.365596e-02	-7.537561e-03	-6.118395e-03
406           	8.683744e-03	1.093072e-02	-2.246974e-03	-9.821075e-04	3.252630e-03	-4.234737e-03	3.743683e-03	6.588846e-03	-7.092597e-04	-1.365494e-02	-7.536728e-03	-6.118209e-03
407           	8.683888e-03	1.093023e-02	-2.246338e-03	-9.821399e-04	3.252620e-03	-4.234760e-03	3.743690e-03	6.588282e-03	-7.089300e-04	-1.365392e-02	-7.535889e-03	-6.118029e-03
408           	8.684004e-03	1.092971e-02	-2.245709e-03	-9.821509e-04	3.252626e-03	-4.234777e-03	3.743701e-03	6.587711e-03	-7.085935e-04	-1.365289e-02	-7.535038e-03	-6.117850e-03
409           	8.684080e-03	1.092917e-02	-2.245092e-03	-9.821392e-04	3.252646e-03	-4.234786e-03	3.743716e-03	6.587132e-03	-7.082513e-04	-1.365184e-02	-7.534173e-03	-6.117671e-03
410           	8.684104e-03	1.092860e-02	-2.244495e-03	-9.821043e-04	3.252683e-03	-4.234787e-03	3.743735e-03	6.586547e-03	-7.079058e-04	-1.365078e-02	-7.533297e-03	-6.117486e-03
411           	8.684068e-03	1.092800e-02	-2.243929e-03	-9.820469e-04	3.252736e-03	-4.234783e-03	3.743760e-03	6.585963e-03	-7.075617e-04	-1.364971e-02	-7.532417e-03	-6.117294e-03
412           	8.683938e-03	1.092731e-02	-2.243373e-03	-9.819635e-04	3.252807e-03	-4.234771e-03	3.743789e-03	6.585343e-03	-7.071745e-04	-1.364866e-02	-7.531502e-03	-6.117153e-03
413           	8.683802e-03	1.092667e-02	-2.242865e-03	-9.818759e-04	3.252883e-03	-4.234759e-03	3.743821e-03	6.584767e-03	-7.068855e-04	-1.364739e-02	-7.530578e-03	-6.116808e-03
414           	8.683589e-03	1.092603e-02	-2.242440e-03	-9.817672e-04	3.252977e-03	-4.234744e-03	3.743860e-03	6.584235e-03	-7.066269e-04	-1.364618e-02	-7.529716e-03	-6.116462e-03
415           	8.683142e-03	1.092526e-02	-2.242115e-03	-9.816085e-04	3.253106e-03	-4.234715e-03	3.743911e-03	6.583686e-03	-7.063719e-04	-1.364488e-02	-7.528811e-03	-6.116068e-03
