# Force and moment coefficients
# dragDir     : (1.000000e+00 0.000000e+00 0.000000e+00)
# sideDir     : (0.000000e+00 1.000000e+00 0.000000e+00)
# liftDir     : (0.000000e+00 0.000000e+00 1.000000e+00)
# rollAxis    : (1.000000e+00 0.000000e+00 0.000000e+00)
# pitchAxis   : (0.000000e+00 1.000000e+00 0.000000e+00)
# yawAxis     : (0.000000e+00 0.000000e+00 1.000000e+00)
# magUInf     : 6.661800e+00
# lRef        : 1.499270e-01
# Aref        : 5.000000e-02
# CofR        : (3.750000e-02 0.000000e+00 0.000000e+00)
#
# Time        	Cd            	Cd(f)         	Cd(r)         	Cl            	Cl(f)         	Cl(r)         	CmPitch       	CmRoll        	CmYaw         	Cs            	Cs(f)         	Cs(r)         
1             	2.919912e-01	1.403379e-01	1.516533e-01	-2.587973e-03	1.522372e-01	-1.548252e-01	1.535312e-01	-5.657739e-03	1.013701e-04	1.277643e-02	6.489585e-03	6.286844e-03
2             	2.150298e-01	1.027100e-01	1.123198e-01	-4.580586e-03	1.097311e-01	-1.143117e-01	1.120214e-01	-4.804943e-03	-8.122711e-05	1.065849e-02	5.248016e-03	5.410471e-03
3             	1.643119e-01	7.894941e-02	8.536247e-02	-5.431268e-03	8.243843e-02	-8.786970e-02	8.515406e-02	-3.206526e-03	-1.290220e-04	6.883665e-03	3.312811e-03	3.570855e-03
4             	1.266179e-01	6.194736e-02	6.467053e-02	-5.339192e-03	6.294775e-02	-6.828694e-02	6.561734e-02	-1.361583e-03	-9.962270e-05	2.605581e-03	1.203168e-03	1.402413e-03
5             	9.675792e-02	4.866887e-02	4.808905e-02	-4.602276e-03	4.812042e-02	-5.272270e-02	5.042156e-02	2.899070e-04	-3.042704e-05	-1.166839e-03	-6.138466e-04	-5.529925e-04
6             	7.318045e-02	3.804079e-02	3.513966e-02	-3.517552e-03	3.679032e-02	-4.030787e-02	3.854909e-02	1.450563e-03	4.991676e-05	-3.756297e-03	-1.828232e-03	-1.928065e-03
7             	5.549702e-02	2.974177e-02	2.575525e-02	-2.344337e-03	2.848821e-02	-3.083255e-02	2.966038e-02	1.993259e-03	1.199778e-04	-4.884174e-03	-2.322109e-03	-2.562065e-03
8             	4.336456e-02	2.363128e-02	1.973328e-02	-1.274820e-03	2.287071e-02	-2.414553e-02	2.350812e-02	1.949001e-03	1.658954e-04	-4.642927e-03	-2.155568e-03	-2.487359e-03
9             	3.607407e-02	1.950482e-02	1.656925e-02	-4.296642e-04	1.949927e-02	-1.992894e-02	1.971410e-02	1.467784e-03	1.795316e-04	-3.401873e-03	-1.521405e-03	-1.880468e-03
10            	3.256946e-02	1.704919e-02	1.552026e-02	1.377986e-04	1.782840e-02	-1.769060e-02	1.775950e-02	7.644646e-04	1.587817e-04	-1.677912e-03	-6.801741e-04	-9.977375e-04
11            	3.161759e-02	1.586536e-02	1.575223e-02	4.262241e-04	1.726873e-02	-1.684250e-02	1.705561e-02	5.656092e-05	1.074791e-04	1.045246e-05	1.127053e-04	-1.022529e-04
12            	3.202977e-02	1.552707e-02	1.650270e-02	4.721484e-04	1.727695e-02	-1.680480e-02	1.704087e-02	-4.878167e-04	3.539760e-05	1.265375e-03	6.680851e-04	5.972899e-04
13            	3.283329e-02	1.564322e-02	1.719007e-02	3.337646e-04	1.742404e-02	-1.709027e-02	1.725715e-02	-7.734299e-04	-4.501542e-05	1.870531e-03	8.902502e-04	9.802810e-04
14            	3.337189e-02	1.590176e-02	1.747013e-02	7.789706e-05	1.743270e-02	-1.735480e-02	1.739375e-02	-7.841835e-04	-1.208722e-04	1.804528e-03	7.813917e-04	1.023136e-03
15            	3.331712e-02	1.608494e-02	1.723219e-02	-2.314692e-04	1.717479e-02	-1.740626e-02	1.729053e-02	-5.736228e-04	-1.798443e-04	1.212223e-03	4.262671e-04	7.859556e-04
16            	3.262256e-02	1.607547e-02	1.654709e-02	-5.393577e-04	1.664793e-02	-1.718729e-02	1.691761e-02	-2.358076e-04	-2.135991e-04	3.340855e-04	-4.655635e-05	3.806419e-04
17            	3.142897e-02	1.583631e-02	1.559267e-02	-8.054151e-04	1.592853e-02	-1.673394e-02	1.633124e-02	1.218218e-04	-2.185166e-04	-5.618329e-04	-4.994331e-04	-6.239980e-05
18            	2.997170e-02	1.539284e-02	1.457886e-02	-1.004734e-03	1.512904e-02	-1.613377e-02	1.563141e-02	4.069918e-04	-1.963705e-04	-1.249221e-03	-8.209808e-04	-4.282399e-04
19            	2.849311e-02	1.480712e-02	1.368600e-02	-1.127297e-03	1.435857e-02	-1.548586e-02	1.492221e-02	5.605587e-04	-1.540177e-04	-1.588288e-03	-9.481615e-04	-6.401262e-04
20            	2.717786e-02	1.415394e-02	1.302392e-02	-1.176543e-03	1.369496e-02	-1.487150e-02	1.428323e-02	5.650069e-04	-1.019301e-04	-1.544618e-03	-8.742392e-04	-6.703790e-04
21            	2.612643e-02	1.350433e-02	1.262210e-02	-1.165300e-03	1.317502e-02	-1.434032e-02	1.375767e-02	4.411132e-04	-5.163087e-05	-1.179556e-03	-6.414087e-04	-5.381469e-04
22            	2.535353e-02	1.291383e-02	1.243971e-02	-1.111946e-03	1.279601e-02	-1.390796e-02	1.335198e-02	2.370579e-04	-1.360646e-05	-6.214080e-04	-3.243105e-04	-2.970976e-04
23            	2.480821e-02	1.241710e-02	1.239111e-02	-1.036413e-03	1.252649e-02	-1.356290e-02	1.304469e-02	1.299769e-05	4.866381e-06	-2.585198e-05	-8.059611e-06	-1.779237e-05
24            	2.440211e-02	1.202606e-02	1.237606e-02	-9.571925e-04	1.231989e-02	-1.327708e-02	1.279849e-02	-1.749999e-04	1.154414e-06	4.648428e-04	2.335758e-04	2.312670e-04
25            	2.404239e-02	1.173464e-02	1.230775e-02	-8.885463e-04	1.213013e-02	-1.301868e-02	1.257441e-02	-2.865554e-04	-2.299278e-05	7.501437e-04	3.520791e-04	3.980646e-04
26            	2.365631e-02	1.152426e-02	1.213206e-02	-8.391042e-04	1.192264e-02	-1.276174e-02	1.234219e-02	-3.039002e-04	-6.168248e-05	7.887561e-04	3.326956e-04	4.560605e-04
27            	2.320250e-02	1.136892e-02	1.183358e-02	-8.121330e-04	1.167902e-02	-1.249115e-02	1.208509e-02	-2.323329e-04	-1.066555e-04	5.986689e-04	1.926789e-04	4.059900e-04
28            	2.267449e-02	1.124113e-02	1.143337e-02	-8.061689e-04	1.139809e-02	-1.220426e-02	1.180117e-02	-9.611996e-05	-1.491286e-04	2.452686e-04	-2.649427e-05	2.717629e-04
29            	2.209452e-02	1.111682e-02	1.097770e-02	-8.163970e-04	1.109227e-02	-1.190867e-02	1.150047e-02	6.955982e-05	-1.815640e-04	-1.796939e-04	-2.714110e-04	9.171709e-05
30            	2.150237e-02	1.097898e-02	1.052339e-02	-8.362511e-04	1.078194e-02	-1.161819e-02	1.120007e-02	2.277920e-04	-1.990154e-04	-5.813023e-04	-4.896665e-04	-9.163570e-05
31            	2.094130e-02	1.081879e-02	1.012251e-02	-8.591680e-04	1.048859e-02	-1.134776e-02	1.091818e-02	3.481420e-04	-1.998601e-04	-8.819634e-04	-6.408418e-04	-2.411216e-04
32            	2.044685e-02	1.063573e-02	9.811122e-03	-8.798007e-04	1.022960e-02	-1.110940e-02	1.066950e-02	4.123037e-04	-1.862247e-04	-1.036141e-03	-7.042951e-04	-3.318458e-04
33            	2.003988e-02	1.043620e-02	9.603674e-03	-8.946732e-04	1.001490e-02	-1.090958e-02	1.046224e-02	4.162653e-04	-1.629719e-04	-1.035168e-03	-6.805560e-04	-3.546121e-04
34            	1.972409e-02	1.023068e-02	9.493416e-03	-9.023941e-04	9.845987e-03	-1.074838e-02	1.029718e-02	3.686306e-04	-1.362718e-04	-9.028473e-04	-5.876954e-04	-3.151519e-04
35            	1.948762e-02	1.003082e-02	9.456797e-03	-9.034306e-04	9.716772e-03	-1.062020e-02	1.016849e-02	2.870138e-04	-1.121971e-04	-6.858367e-04	-4.551155e-04	-2.307212e-04
36            	1.930776e-02	9.846887e-03	9.460871e-03	-8.995743e-04	9.615997e-03	-1.051557e-02	1.006578e-02	1.930080e-04	-9.542326e-05	-4.405071e-04	-3.156768e-04	-1.248303e-04
37            	1.915717e-02	9.685710e-03	9.471463e-03	-8.932635e-04	9.530241e-03	-1.042350e-02	9.976872e-03	1.071234e-04	-8.837938e-05	-2.198756e-04	-1.983172e-04	-2.155843e-05
38            	1.901001e-02	9.549780e-03	9.460231e-03	-8.869190e-04	9.446871e-03	-1.033379e-02	9.890330e-03	4.477451e-05	-9.097595e-05	-6.335976e-05	-1.226558e-04	5.929607e-05
39            	1.884667e-02	9.437376e-03	9.409290e-03	-8.824199e-04	9.356303e-03	-1.023872e-02	9.797513e-03	1.404315e-05	-1.009353e-04	8.946662e-06	-9.646198e-05	1.054086e-04
40            	1.865643e-02	9.343361e-03	9.313067e-03	-8.808033e-04	9.253248e-03	-1.013405e-02	9.693649e-03	1.514719e-05	-1.144733e-04	-2.460751e-06	-1.157036e-04	1.132429e-04
41            	1.843774e-02	9.260755e-03	9.176983e-03	-8.822174e-04	9.136836e-03	-1.001905e-02	9.577945e-03	4.188562e-05	-1.273782e-04	-8.034376e-05	-1.675501e-04	8.720630e-05
42            	1.819668e-02	9.182320e-03	9.014357e-03	-8.860617e-04	9.009886e-03	-9.895947e-03	9.452917e-03	8.398127e-05	-1.359943e-04	-1.969458e-04	-2.344672e-04	3.752141e-05
43            	1.794423e-02	9.102021e-03	8.842210e-03	-8.912567e-04	8.877598e-03	-9.768855e-03	9.323227e-03	1.299058e-04	-1.379996e-04	-3.214121e-04	-2.987057e-04	-2.270638e-05
44            	1.769312e-02	9.016047e-03	8.677073e-03	-8.965634e-04	8.746051e-03	-9.642614e-03	9.194333e-03	1.694871e-04	-1.328234e-04	-4.266474e-04	-3.461471e-04	-8.050034e-05
45            	1.745489e-02	8.923233e-03	8.531657e-03	-9.008759e-04	8.620811e-03	-9.521687e-03	9.071249e-03	1.957879e-04	-1.216403e-04	-4.942785e-04	-3.687796e-04	-1.254990e-04
46            	1.723781e-02	8.824895e-03	8.412916e-03	-9.034336e-04	8.505929e-03	-9.409363e-03	8.957646e-03	2.059895e-04	-1.069671e-04	-5.169800e-04	-3.654571e-04	-1.515229e-04
47            	1.704585e-02	8.724169e-03	8.321679e-03	-9.039240e-04	8.403427e-03	-9.307351e-03	8.855389e-03	2.012446e-04	-9.198920e-05	-4.980932e-04	-3.410358e-04	-1.570574e-04
48            	1.687863e-02	8.625052e-03	8.253579e-03	-9.024791e-04	8.313265e-03	-9.215744e-03	8.764504e-03	1.857367e-04	-7.980076e-05	-4.491468e-04	-3.043741e-04	-1.447726e-04
49            	1.673231e-02	8.531422e-03	8.200890e-03	-8.995841e-04	8.233725e-03	-9.133309e-03	8.683517e-03	1.652658e-04	-7.273080e-05	-3.861019e-04	-2.657817e-04	-1.203201e-04
50            	1.660088e-02	8.446156e-03	8.154722e-03	-8.959272e-04	8.162006e-03	-9.057934e-03	8.609970e-03	1.457171e-04	-7.186349e-05	-3.252383e-04	-2.344826e-04	-9.075565e-05
51            	1.647767e-02	8.370602e-03	8.107065e-03	-8.922406e-04	8.094940e-03	-8.987180e-03	8.541060e-03	1.317683e-04	-7.688601e-05	-2.797329e-04	-2.167525e-04	-6.298044e-05
52            	1.635670e-02	8.304426e-03	8.052274e-03	-8.891552e-04	8.029616e-03	-8.918771e-03	8.474194e-03	1.260760e-04	-8.623656e-05	-2.573900e-04	-2.149315e-04	-4.245842e-05
53            	1.623364e-02	8.245828e-03	7.987814e-03	-8.871005e-04	7.963847e-03	-8.850947e-03	8.407397e-03	1.290069e-04	-9.749701e-05	-2.598309e-04	-2.274125e-04	-3.241843e-05
54            	1.610625e-02	8.192042e-03	7.914205e-03	-8.862591e-04	7.896397e-03	-8.782656e-03	8.339527e-03	1.389185e-04	-1.079480e-04	-2.831441e-04	-2.495200e-04	-3.362407e-05
55            	1.597434e-02	8.139990e-03	7.834355e-03	-8.865736e-04	7.827003e-03	-8.713577e-03	8.270290e-03	1.528177e-04	-1.151459e-04	-3.195389e-04	-2.749154e-04	-4.462352e-05
56            	1.583943e-02	8.086915e-03	7.752514e-03	-8.877969e-04	7.756206e-03	-8.644003e-03	8.200105e-03	1.672002e-04	-1.174019e-04	-3.595672e-04	-2.971855e-04	-6.238172e-05
57            	1.570404e-02	8.030910e-03	7.673130e-03	-8.895669e-04	7.685082e-03	-8.574649e-03	8.129865e-03	1.788901e-04	-1.140870e-04	-3.943432e-04	-3.112586e-04	-8.308465e-05
58            	1.557106e-02	7.971228e-03	7.599832e-03	-8.914894e-04	7.614921e-03	-8.506411e-03	8.060666e-03	1.856980e-04	-1.057047e-04	-4.173465e-04	-3.143780e-04	-1.029685e-04
59            	1.544310e-02	7.908330e-03	7.534769e-03	-8.932098e-04	7.546951e-03	-8.440161e-03	7.993556e-03	1.867801e-04	-9.374601e-05	-4.254620e-04	-3.064770e-04	-1.189850e-04
60            	1.532204e-02	7.843696e-03	7.478343e-03	-8.944669e-04	7.482112e-03	-8.376579e-03	7.929345e-03	1.826766e-04	-8.035655e-05	-4.192049e-04	-2.899590e-04	-1.292459e-04
61            	1.520881e-02	7.779439e-03	7.429375e-03	-8.951190e-04	7.420939e-03	-8.316058e-03	7.868499e-03	1.750317e-04	-6.789643e-05	-4.021159e-04	-2.689544e-04	-1.331615e-04
62            	1.510340e-02	7.717862e-03	7.385537e-03	-8.951449e-04	7.363543e-03	-8.258688e-03	7.811115e-03	1.661624e-04	-5.850952e-05	-3.797096e-04	-2.483643e-04	-1.313453e-04
63            	1.500497e-02	7.661001e-03	7.343971e-03	-8.946242e-04	7.309659e-03	-8.204283e-03	7.756971e-03	1.585153e-04	-5.374792e-05	-3.581085e-04	-2.328022e-04	-1.253063e-04
64            	1.491220e-02	7.610273e-03	7.301928e-03	-8.937052e-04	7.258767e-03	-8.152472e-03	7.705619e-03	1.541724e-04	-5.434094e-05	-3.427720e-04	-2.257269e-04	-1.170450e-04
65            	1.482353e-02	7.566241e-03	7.257285e-03	-8.925654e-04	7.210206e-03	-8.102771e-03	7.656489e-03	1.544780e-04	-6.011278e-05	-3.374816e-04	-2.288536e-04	-1.086280e-04
66            	1.473746e-02	7.528578e-03	7.208882e-03	-8.913786e-04	7.163309e-03	-8.054688e-03	7.608998e-03	1.598481e-04	-7.007588e-05	-3.438102e-04	-2.419810e-04	-1.018292e-04
67            	1.465282e-02	7.496193e-03	7.156622e-03	-8.902857e-04	7.117509e-03	-8.007795e-03	7.562652e-03	1.697854e-04	-8.266680e-05	-3.610653e-04	-2.631994e-04	-9.786585e-05
68            	1.456881e-02	7.467455e-03	7.101352e-03	-8.893813e-04	7.072391e-03	-7.961772e-03	7.517082e-03	1.830515e-04	-9.603671e-05	-3.866651e-04	-2.893693e-04	-9.729586e-05
69            	1.448509e-02	7.440505e-03	7.044580e-03	-8.887081e-04	7.027720e-03	-7.916428e-03	7.472074e-03	1.979625e-04	-1.083806e-04	-4.168264e-04	-3.167938e-04	-1.000326e-04
70            	1.440169e-02	7.413574e-03	6.988111e-03	-8.882624e-04	6.983428e-03	-7.871691e-03	7.427559e-03	2.127317e-04	-1.182246e-04	-4.473875e-04	-3.419184e-04	-1.054692e-04
71            	1.431891e-02	7.385231e-03	6.933682e-03	-8.880054e-04	6.939575e-03	-7.827581e-03	7.383578e-03	2.257749e-04	-1.246243e-04	-4.745731e-04	-3.619109e-04	-1.126623e-04
72            	1.423724e-02	7.354601e-03	6.882634e-03	-8.878772e-04	6.896309e-03	-7.784186e-03	7.340248e-03	2.359833e-04	-1.272723e-04	-4.956518e-04	-3.750982e-04	-1.205536e-04
73            	1.415714e-02	7.321396e-03	6.835746e-03	-8.878121e-04	6.853808e-03	-7.741620e-03	7.297714e-03	2.428249e-04	-1.264681e-04	-5.092380e-04	-3.810871e-04	-1.281509e-04
74            	1.407905e-02	7.285886e-03	6.793166e-03	-8.877507e-04	6.812237e-03	-7.699988e-03	7.256113e-03	2.463602e-04	-1.230089e-04	-5.153583e-04	-3.806880e-04	-1.346702e-04
75            	1.400325e-02	7.248792e-03	6.754458e-03	-8.876475e-04	6.771727e-03	-7.659375e-03	7.215551e-03	2.471672e-04	-1.180163e-04	-5.152827e-04	-3.756577e-04	-1.396250e-04
76            	1.392988e-02	7.211136e-03	6.718740e-03	-8.874745e-04	6.732356e-03	-7.619830e-03	7.176093e-03	2.461984e-04	-1.127241e-04	-5.111790e-04	-3.683136e-04	-1.428655e-04
77            	1.385892e-02	7.174012e-03	6.684904e-03	-8.872211e-04	6.694145e-03	-7.581366e-03	7.137755e-03	2.445537e-04	-1.082784e-04	-5.055911e-04	-3.610740e-04	-1.445171e-04
78            	1.379024e-02	7.138417e-03	6.651827e-03	-8.868914e-04	6.657069e-03	-7.543960e-03	7.100515e-03	2.432949e-04	-1.055767e-04	-5.009865e-04	-3.560699e-04	-1.449166e-04
79            	1.372366e-02	7.105113e-03	6.618546e-03	-8.864992e-04	6.621070e-03	-7.507569e-03	7.064320e-03	2.432839e-04	-1.051642e-04	-4.993663e-04	-3.548473e-04	-1.445190e-04
80            	1.365894e-02	7.074547e-03	6.584391e-03	-8.860631e-04	6.586071e-03	-7.472134e-03	7.029103e-03	2.450777e-04	-1.071995e-04	-5.020119e-04	-3.582055e-04	-1.438064e-04
81            	1.359587e-02	7.046822e-03	6.549047e-03	-8.856025e-04	6.551993e-03	-7.437595e-03	6.994794e-03	2.488875e-04	-1.114833e-04	-5.093850e-04	-3.661758e-04	-1.432092e-04
82            	1.353428e-02	7.021736e-03	6.512539e-03	-8.851337e-04	6.518763e-03	-7.403897e-03	6.961330e-03	2.545984e-04	-1.175369e-04	-5.211746e-04	-3.781242e-04	-1.430504e-04
83            	1.347403e-02	6.998854e-03	6.475181e-03	-8.846687e-04	6.486322e-03	-7.370991e-03	6.928657e-03	2.618367e-04	-1.247124e-04	-5.364636e-04	-3.929442e-04	-1.435194e-04
84            	1.341507e-02	6.977598e-03	6.437473e-03	-8.842146e-04	6.454627e-03	-7.338841e-03	6.896734e-03	2.700624e-04	-1.323078e-04	-5.539561e-04	-4.092858e-04	-1.446703e-04
85            	1.335735e-02	6.957365e-03	6.399988e-03	-8.837738e-04	6.423647e-03	-7.307421e-03	6.865534e-03	2.786882e-04	-1.396865e-04	-5.722587e-04	-4.258158e-04	-1.464429e-04
86            	1.330087e-02	6.937599e-03	6.363276e-03	-8.833454e-04	6.393364e-03	-7.276710e-03	6.835037e-03	2.871614e-04	-1.463470e-04	-5.900835e-04	-4.413888e-04	-1.486948e-04
87            	1.324564e-02	6.917864e-03	6.327777e-03	-8.829272e-04	6.363764e-03	-7.246691e-03	6.805227e-03	2.950433e-04	-1.519752e-04	-6.064317e-04	-4.551911e-04	-1.512406e-04
88            	1.319166e-02	6.897879e-03	6.293776e-03	-8.825161e-04	6.334833e-03	-7.217349e-03	6.776091e-03	3.020516e-04	-1.564567e-04	-6.206918e-04	-4.668026e-04	-1.538892e-04
89            	1.313892e-02	6.877536e-03	6.261386e-03	-8.821103e-04	6.306565e-03	-7.188675e-03	6.747620e-03	3.080746e-04	-1.598581e-04	-6.326632e-04	-4.761897e-04	-1.564734e-04
90            	1.308741e-02	6.856854e-03	6.230555e-03	-8.817086e-04	6.278937e-03	-7.160646e-03	6.719791e-03	3.131494e-04	-1.623807e-04	-6.424997e-04	-4.836305e-04	-1.588692e-04
91            	1.303708e-02	6.835975e-03	6.201107e-03	-8.813101e-04	6.251930e-03	-7.133240e-03	6.692585e-03	3.174336e-04	-1.643089e-04	-6.506273e-04	-4.896225e-04	-1.610047e-04
92            	1.298790e-02	6.815102e-03	6.172794e-03	-8.809153e-04	6.225523e-03	-7.106438e-03	6.665981e-03	3.211539e-04	-1.659514e-04	-6.576192e-04	-4.947610e-04	-1.628583e-04
93            	1.293980e-02	6.794454e-03	6.145348e-03	-8.805250e-04	6.199695e-03	-7.080220e-03	6.639957e-03	3.245532e-04	-1.675870e-04	-6.640693e-04	-4.996216e-04	-1.644476e-04
94            	1.289275e-02	6.774239e-03	6.118515e-03	-8.801400e-04	6.174428e-03	-7.054568e-03	6.614498e-03	3.278622e-04	-1.694364e-04	-6.705142e-04	-5.046935e-04	-1.658207e-04
95            	1.284671e-02	6.754611e-03	6.092101e-03	-8.797612e-04	6.149704e-03	-7.029466e-03	6.589585e-03	3.312548e-04	-1.716327e-04	-6.773419e-04	-5.103036e-04	-1.670383e-04
96            	1.280164e-02	6.735660e-03	6.065983e-03	-8.793894e-04	6.125511e-03	-7.004900e-03	6.565205e-03	3.348386e-04	-1.742209e-04	-6.847680e-04	-5.166049e-04	-1.681631e-04
97            	1.275752e-02	6.717411e-03	6.040110e-03	-8.790247e-04	6.101835e-03	-6.980860e-03	6.541347e-03	3.386506e-04	-1.771686e-04	-6.928360e-04	-5.235866e-04	-1.692494e-04
98            	1.271433e-02	6.699832e-03	6.014499e-03	-8.786672e-04	6.078669e-03	-6.957336e-03	6.518002e-03	3.426667e-04	-1.803852e-04	-7.014448e-04	-5.311076e-04	-1.703372e-04
99            	1.267206e-02	6.682849e-03	5.989215e-03	-8.783165e-04	6.056005e-03	-6.934321e-03	6.495163e-03	3.468169e-04	-1.837468e-04	-7.103928e-04	-5.389432e-04	-1.714496e-04
100           	1.263070e-02	6.666344e-03	5.964358e-03	-8.779728e-04	6.033833e-03	-6.911806e-03	6.472819e-03	3.509932e-04	-1.871105e-04	-7.194051e-04	-5.468131e-04	-1.725920e-04
101           	1.259025e-02	6.650235e-03	5.940017e-03	-8.776349e-04	6.012152e-03	-6.889787e-03	6.450970e-03	3.551093e-04	-1.903691e-04	-7.282632e-04	-5.545007e-04	-1.737625e-04
102           	1.255071e-02	6.634432e-03	5.916275e-03	-8.773019e-04	5.990958e-03	-6.868260e-03	6.429609e-03	3.590787e-04	-1.934339e-04	-7.367662e-04	-5.618170e-04	-1.749493e-04
103           	1.251205e-02	6.618844e-03	5.893204e-03	-8.769745e-04	5.970238e-03	-6.847213e-03	6.408725e-03	3.628199e-04	-1.962362e-04	-7.447383e-04	-5.686054e-04	-1.761329e-04
104           	1.247426e-02	6.603415e-03	5.870842e-03	-8.766532e-04	5.949982e-03	-6.826636e-03	6.388309e-03	3.662868e-04	-1.987504e-04	-7.520921e-04	-5.747965e-04	-1.772956e-04
105           	1.243731e-02	6.588117e-03	5.849196e-03	-8.763384e-04	5.930180e-03	-6.806518e-03	6.368349e-03	3.694604e-04	-2.009815e-04	-7.588074e-04	-5.803852e-04	-1.784222e-04
106           	1.240119e-02	6.572942e-03	5.828250e-03	-8.760310e-04	5.910818e-03	-6.786849e-03	6.348833e-03	3.723460e-04	-2.029572e-04	-7.649182e-04	-5.854164e-04	-1.795019e-04
107           	1.236586e-02	6.557887e-03	5.807975e-03	-8.757324e-04	5.891881e-03	-6.767613e-03	6.329747e-03	3.749562e-04	-2.047103e-04	-7.704734e-04	-5.899471e-04	-1.805264e-04
108           	1.233131e-02	6.542988e-03	5.788318e-03	-8.754422e-04	5.873361e-03	-6.748803e-03	6.311082e-03	3.773349e-04	-2.062947e-04	-7.755831e-04	-5.940863e-04	-1.814968e-04
109           	1.229750e-02	6.528265e-03	5.769233e-03	-8.751610e-04	5.855247e-03	-6.730408e-03	6.292828e-03	3.795164e-04	-2.077497e-04	-7.803291e-04	-5.979142e-04	-1.824148e-04
110           	1.226442e-02	6.513741e-03	5.750676e-03	-8.748891e-04	5.837527e-03	-6.712416e-03	6.274972e-03	3.815321e-04	-2.091047e-04	-7.847776e-04	-6.014936e-04	-1.832841e-04
111           	1.223204e-02	6.499427e-03	5.732614e-03	-8.746269e-04	5.820191e-03	-6.694818e-03	6.257504e-03	3.834067e-04	-2.103778e-04	-7.889737e-04	-6.048646e-04	-1.841090e-04
112           	1.220035e-02	6.485334e-03	5.715019e-03	-8.743744e-04	5.803228e-03	-6.677602e-03	6.240415e-03	3.851574e-04	-2.115755e-04	-7.929394e-04	-6.080452e-04	-1.848942e-04
113           	1.216933e-02	6.471461e-03	5.697873e-03	-8.741314e-04	5.786629e-03	-6.660760e-03	6.223695e-03	3.867936e-04	-2.126955e-04	-7.966773e-04	-6.110341e-04	-1.856432e-04
114           	1.213897e-02	6.457804e-03	5.681168e-03	-8.738979e-04	5.770386e-03	-6.644284e-03	6.207335e-03	3.883177e-04	-2.137290e-04	-8.001760e-04	-6.138170e-04	-1.863590e-04
115           	1.210926e-02	6.444360e-03	5.664899e-03	-8.736732e-04	5.754494e-03	-6.628167e-03	6.191331e-03	3.897304e-04	-2.146674e-04	-8.034235e-04	-6.163792e-04	-1.870443e-04
116           	1.208017e-02	6.431101e-03	5.649067e-03	-8.734579e-04	5.738939e-03	-6.612396e-03	6.175667e-03	3.910167e-04	-2.154916e-04	-8.063766e-04	-6.186799e-04	-1.876967e-04
117           	1.205170e-02	6.418031e-03	5.633669e-03	-8.732511e-04	5.723718e-03	-6.596969e-03	6.160344e-03	3.921808e-04	-2.162016e-04	-8.090388e-04	-6.207210e-04	-1.883178e-04
118           	1.202384e-02	6.405142e-03	5.618703e-03	-8.730524e-04	5.708827e-03	-6.581879e-03	6.145353e-03	3.932194e-04	-2.167942e-04	-8.114024e-04	-6.224954e-04	-1.889071e-04
119           	1.199659e-02	6.392426e-03	5.604164e-03	-8.728617e-04	5.694257e-03	-6.567119e-03	6.130688e-03	3.941312e-04	-2.172702e-04	-8.134675e-04	-6.240039e-04	-1.894636e-04
120           	1.196992e-02	6.379880e-03	5.590044e-03	-8.726788e-04	5.680004e-03	-6.552683e-03	6.116343e-03	3.949182e-04	-2.176349e-04	-8.152433e-04	-6.252566e-04	-1.899867e-04
121           	1.194383e-02	6.367503e-03	5.576332e-03	-8.725035e-04	5.666060e-03	-6.538563e-03	6.102311e-03	3.955854e-04	-2.178964e-04	-8.167459e-04	-6.262693e-04	-1.904766e-04
122           	1.191831e-02	6.355296e-03	5.563014e-03	-8.723359e-04	5.652418e-03	-6.524754e-03	6.088586e-03	3.961411e-04	-2.180648e-04	-8.179970e-04	-6.270633e-04	-1.909337e-04
123           	1.189334e-02	6.343264e-03	5.550072e-03	-8.721758e-04	5.639073e-03	-6.511248e-03	6.075161e-03	3.965960e-04	-2.181520e-04	-8.190215e-04	-6.276627e-04	-1.913588e-04
124           	1.186890e-02	6.331413e-03	5.537488e-03	-8.720230e-04	5.626017e-03	-6.498040e-03	6.062028e-03	3.969625e-04	-2.181691e-04	-8.198452e-04	-6.280918e-04	-1.917535e-04
125           	1.184499e-02	6.319749e-03	5.525244e-03	-8.718775e-04	5.613244e-03	-6.485122e-03	6.049183e-03	3.972523e-04	-2.181261e-04	-8.204910e-04	-6.283717e-04	-1.921194e-04
126           	1.182160e-02	6.308275e-03	5.513324e-03	-8.717392e-04	5.600749e-03	-6.472488e-03	6.036618e-03	3.974752e-04	-2.180300e-04	-8.209769e-04	-6.285185e-04	-1.924584e-04
127           	1.179871e-02	6.296993e-03	5.501715e-03	-8.716077e-04	5.588524e-03	-6.460132e-03	6.024328e-03	3.976392e-04	-2.178861e-04	-8.213165e-04	-6.285444e-04	-1.927722e-04
128           	1.177631e-02	6.285904e-03	5.490404e-03	-8.714829e-04	5.576564e-03	-6.448047e-03	6.012306e-03	3.977496e-04	-2.176982e-04	-8.215194e-04	-6.284579e-04	-1.930615e-04
129           	1.175439e-02	6.275001e-03	5.479385e-03	-8.713647e-04	5.564861e-03	-6.436226e-03	6.000544e-03	3.978081e-04	-2.174669e-04	-8.215879e-04	-6.282609e-04	-1.933270e-04
130           	1.173294e-02	6.264289e-03	5.468647e-03	-8.712526e-04	5.553413e-03	-6.424665e-03	5.989039e-03	3.978209e-04	-2.171978e-04	-8.215337e-04	-6.279647e-04	-1.935691e-04
131           	1.171195e-02	6.253764e-03	5.458183e-03	-8.711461e-04	5.542212e-03	-6.413359e-03	5.977785e-03	3.977902e-04	-2.168932e-04	-8.213621e-04	-6.275742e-04	-1.937879e-04
132           	1.169141e-02	6.243423e-03	5.447988e-03	-8.710451e-04	5.531255e-03	-6.402300e-03	5.966778e-03	3.977176e-04	-2.165557e-04	-8.210788e-04	-6.270951e-04	-1.939837e-04
133           	1.167132e-02	6.233263e-03	5.438053e-03	-8.709491e-04	5.520536e-03	-6.391485e-03	5.956010e-03	3.976049e-04	-2.161885e-04	-8.206910e-04	-6.265340e-04	-1.941570e-04
134           	1.165165e-02	6.223282e-03	5.428372e-03	-8.708580e-04	5.510049e-03	-6.380907e-03	5.945478e-03	3.974549e-04	-2.157953e-04	-8.202073e-04	-6.258989e-04	-1.943084e-04
135           	1.163242e-02	6.213479e-03	5.418937e-03	-8.707715e-04	5.499789e-03	-6.370561e-03	5.935175e-03	3.972711e-04	-2.153800e-04	-8.196377e-04	-6.251989e-04	-1.944388e-04
136           	1.161359e-02	6.203853e-03	5.409738e-03	-8.706894e-04	5.489752e-03	-6.360441e-03	5.925097e-03	3.970575e-04	-2.149469e-04	-8.189927e-04	-6.244433e-04	-1.945494e-04
137           	1.159517e-02	6.194406e-03	5.400769e-03	-8.706113e-04	5.479933e-03	-6.350544e-03	5.915239e-03	3.968185e-04	-2.145006e-04	-8.182836e-04	-6.236424e-04	-1.946412e-04
138           	1.157716e-02	6.185137e-03	5.392019e-03	-8.705370e-04	5.470327e-03	-6.340864e-03	5.905596e-03	3.965590e-04	-2.140460e-04	-8.175221e-04	-6.228070e-04	-1.947151e-04
139           	1.155953e-02	6.176047e-03	5.383479e-03	-8.704663e-04	5.460931e-03	-6.331398e-03	5.896165e-03	3.962842e-04	-2.135880e-04	-8.167199e-04	-6.219479e-04	-1.947720e-04
140           	1.154228e-02	6.167139e-03	5.375142e-03	-8.703989e-04	5.451741e-03	-6.322140e-03	5.886940e-03	3.959988e-04	-2.131312e-04	-8.158877e-04	-6.210751e-04	-1.948126e-04
141           	1.152541e-02	6.158412e-03	5.366998e-03	-8.703347e-04	5.442752e-03	-6.313087e-03	5.877919e-03	3.957070e-04	-2.126796e-04	-8.150346e-04	-6.201969e-04	-1.948377e-04
142           	1.150891e-02	6.149866e-03	5.359043e-03	-8.702734e-04	5.433961e-03	-6.304234e-03	5.869097e-03	3.954117e-04	-2.122358e-04	-8.141674e-04	-6.193195e-04	-1.948480e-04
143           	1.149277e-02	6.141500e-03	5.351269e-03	-8.702149e-04	5.425364e-03	-6.295578e-03	5.860471e-03	3.951155e-04	-2.118023e-04	-8.132924e-04	-6.184485e-04	-1.948438e-04
144           	1.147698e-02	6.133312e-03	5.343670e-03	-8.701589e-04	5.416957e-03	-6.287116e-03	5.852036e-03	3.948209e-04	-2.113820e-04	-8.124157e-04	-6.175898e-04	-1.948259e-04
145           	1.146154e-02	6.125301e-03	5.336241e-03	-8.701055e-04	5.408737e-03	-6.278842e-03	5.843789e-03	3.945301e-04	-2.109773e-04	-8.115438e-04	-6.167491e-04	-1.947946e-04
146           	1.144644e-02	6.117467e-03	5.328977e-03	-8.700545e-04	5.400700e-03	-6.270754e-03	5.835727e-03	3.942452e-04	-2.105905e-04	-8.106825e-04	-6.159317e-04	-1.947508e-04
147           	1.143168e-02	6.109807e-03	5.321871e-03	-8.700058e-04	5.392842e-03	-6.262848e-03	5.827845e-03	3.939682e-04	-2.102238e-04	-8.098374e-04	-6.151425e-04	-1.946949e-04
148           	1.141724e-02	6.102320e-03	5.314919e-03	-8.699593e-04	5.385160e-03	-6.255119e-03	5.820140e-03	3.937005e-04	-2.098793e-04	-8.090138e-04	-6.143862e-04	-1.946276e-04
149           	1.140312e-02	6.095003e-03	5.308117e-03	-8.699150e-04	5.377651e-03	-6.247566e-03	5.812608e-03	3.934431e-04	-2.095588e-04	-8.082163e-04	-6.136669e-04	-1.945493e-04
150           	1.138932e-02	6.087854e-03	5.301462e-03	-8.698728e-04	5.370310e-03	-6.240183e-03	5.805247e-03	3.931962e-04	-2.092636e-04	-8.074483e-04	-6.129878e-04	-1.944605e-04
151           	1.137582e-02	6.080869e-03	5.294950e-03	-8.698325e-04	5.363136e-03	-6.232969e-03	5.798052e-03	3.929599e-04	-2.089946e-04	-8.067127e-04	-6.123510e-04	-1.943618e-04
152           	1.136262e-02	6.074046e-03	5.288578e-03	-8.697942e-04	5.356124e-03	-6.225918e-03	5.791021e-03	3.927336e-04	-2.087519e-04	-8.060115e-04	-6.117576e-04	-1.942538e-04
153           	1.134973e-02	6.067379e-03	5.282346e-03	-8.697577e-04	5.349272e-03	-6.219029e-03	5.784150e-03	3.925166e-04	-2.085350e-04	-8.053452e-04	-6.112076e-04	-1.941376e-04
154           	1.133711e-02	6.060863e-03	5.276249e-03	-8.697232e-04	5.342573e-03	-6.212296e-03	5.777435e-03	3.923068e-04	-2.083421e-04	-8.047133e-04	-6.106987e-04	-1.940146e-04
155           	1.132479e-02	6.054496e-03	5.270289e-03	-8.696903e-04	5.336029e-03	-6.205719e-03	5.770874e-03	3.921039e-04	-2.081727e-04	-8.041148e-04	-6.102301e-04	-1.938847e-04
156           	1.131274e-02	6.048275e-03	5.264463e-03	-8.696589e-04	5.329635e-03	-6.199294e-03	5.764464e-03	3.919064e-04	-2.080250e-04	-8.035474e-04	-6.097986e-04	-1.937487e-04
157           	1.130097e-02	6.042196e-03	5.258770e-03	-8.696289e-04	5.323389e-03	-6.193018e-03	5.758204e-03	3.917128e-04	-2.078966e-04	-8.030083e-04	-6.094007e-04	-1.936076e-04
158           	1.128946e-02	6.036252e-03	5.253209e-03	-8.696003e-04	5.317288e-03	-6.186888e-03	5.752088e-03	3.915217e-04	-2.077851e-04	-8.024946e-04	-6.090324e-04	-1.934622e-04
159           	1.127822e-02	6.030441e-03	5.247778e-03	-8.695732e-04	5.311328e-03	-6.180901e-03	5.746114e-03	3.913315e-04	-2.076883e-04	-8.020030e-04	-6.086898e-04	-1.933132e-04
160           	1.126723e-02	6.024758e-03	5.242476e-03	-8.695475e-04	5.305506e-03	-6.175053e-03	5.740279e-03	3.911411e-04	-2.076040e-04	-8.015308e-04	-6.083694e-04	-1.931615e-04
161           	1.125650e-02	6.019199e-03	5.237300e-03	-8.695231e-04	5.299818e-03	-6.169342e-03	5.734580e-03	3.909495e-04	-2.075306e-04	-8.010757e-04	-6.080685e-04	-1.930073e-04
162           	1.124601e-02	6.013761e-03	5.232248e-03	-8.695001e-04	5.294263e-03	-6.163763e-03	5.729013e-03	3.907565e-04	-2.074672e-04	-8.006362e-04	-6.077853e-04	-1.928509e-04
163           	1.123576e-02	6.008441e-03	5.227318e-03	-8.694785e-04	5.288837e-03	-6.158316e-03	5.723576e-03	3.905619e-04	-2.074131e-04	-8.002113e-04	-6.075188e-04	-1.926925e-04
164           	1.122574e-02	6.003237e-03	5.222507e-03	-8.694581e-04	5.283537e-03	-6.152995e-03	5.718266e-03	3.903653e-04	-2.073680e-04	-7.997999e-04	-6.072679e-04	-1.925320e-04
165           	1.121596e-02	5.998145e-03	5.217813e-03	-8.694388e-04	5.278361e-03	-6.147800e-03	5.713081e-03	3.901659e-04	-2.073311e-04	-7.994002e-04	-6.070311e-04	-1.923690e-04
166           	1.120640e-02	5.993161e-03	5.213236e-03	-8.694207e-04	5.273306e-03	-6.142727e-03	5.708017e-03	3.899626e-04	-2.073016e-04	-7.990098e-04	-6.068065e-04	-1.922033e-04
167           	1.119707e-02	5.988286e-03	5.208784e-03	-8.694044e-04	5.268377e-03	-6.137782e-03	5.703079e-03	3.897513e-04	-2.072776e-04	-7.986231e-04	-6.065891e-04	-1.920340e-04
168           	1.118796e-02	5.983513e-03	5.204443e-03	-8.693897e-04	5.263563e-03	-6.132953e-03	5.698258e-03	3.895346e-04	-2.072595e-04	-7.982415e-04	-6.063803e-04	-1.918612e-04
169           	1.117905e-02	5.978839e-03	5.200211e-03	-8.693761e-04	5.258861e-03	-6.128237e-03	5.693549e-03	3.893141e-04	-2.072488e-04	-7.978684e-04	-6.061829e-04	-1.916854e-04
170           	1.117035e-02	5.974264e-03	5.196082e-03	-8.693634e-04	5.254267e-03	-6.123631e-03	5.688949e-03	3.890911e-04	-2.072463e-04	-7.975067e-04	-6.059996e-04	-1.915071e-04
171           	1.116184e-02	5.969786e-03	5.192055e-03	-8.693510e-04	5.249781e-03	-6.119132e-03	5.684456e-03	3.888654e-04	-2.072524e-04	-7.971574e-04	-6.058311e-04	-1.913263e-04
172           	1.115353e-02	5.965402e-03	5.188130e-03	-8.693388e-04	5.245399e-03	-6.114738e-03	5.680069e-03	3.886358e-04	-2.072661e-04	-7.968194e-04	-6.056758e-04	-1.911436e-04
173           	1.114542e-02	5.961108e-03	5.184308e-03	-8.693266e-04	5.241121e-03	-6.110448e-03	5.675784e-03	3.884004e-04	-2.072859e-04	-7.964903e-04	-6.055311e-04	-1.909592e-04
174           	1.113749e-02	5.956902e-03	5.180588e-03	-8.693145e-04	5.236944e-03	-6.106259e-03	5.671602e-03	3.881573e-04	-2.073100e-04	-7.961670e-04	-6.053935e-04	-1.907735e-04
175           	1.112975e-02	5.952781e-03	5.176971e-03	-8.693028e-04	5.232867e-03	-6.102170e-03	5.667519e-03	3.879051e-04	-2.073362e-04	-7.958461e-04	-6.052593e-04	-1.905868e-04
176           	1.112220e-02	5.948741e-03	5.173456e-03	-8.692915e-04	5.228888e-03	-6.098180e-03	5.663534e-03	3.876426e-04	-2.073625e-04	-7.955242e-04	-6.051246e-04	-1.903996e-04
177           	1.111482e-02	5.944780e-03	5.170042e-03	-8.692812e-04	5.225006e-03	-6.094287e-03	5.659646e-03	3.873694e-04	-2.073866e-04	-7.951976e-04	-6.049855e-04	-1.902122e-04
178           	1.110762e-02	5.940897e-03	5.166726e-03	-8.692718e-04	5.221217e-03	-6.090488e-03	5.655853e-03	3.870855e-04	-2.074069e-04	-7.948636e-04	-6.048387e-04	-1.900249e-04
179           	1.110060e-02	5.937090e-03	5.163507e-03	-8.692636e-04	5.217520e-03	-6.086783e-03	5.652151e-03	3.867915e-04	-2.074221e-04	-7.945202e-04	-6.046822e-04	-1.898380e-04
180           	1.109374e-02	5.933358e-03	5.160381e-03	-8.692565e-04	5.213913e-03	-6.083169e-03	5.648541e-03	3.864884e-04	-2.074316e-04	-7.941664e-04	-6.045148e-04	-1.896516e-04
181           	1.108705e-02	5.929701e-03	5.157345e-03	-8.692505e-04	5.210393e-03	-6.079644e-03	5.645019e-03	3.861778e-04	-2.074355e-04	-7.938025e-04	-6.043367e-04	-1.894658e-04
182           	1.108051e-02	5.926118e-03	5.154396e-03	-8.692456e-04	5.206960e-03	-6.076206e-03	5.641583e-03	3.858610e-04	-2.074343e-04	-7.934294e-04	-6.041490e-04	-1.892804e-04
183           	1.107414e-02	5.922609e-03	5.151530e-03	-8.692415e-04	5.203611e-03	-6.072853e-03	5.638232e-03	3.855397e-04	-2.074287e-04	-7.930481e-04	-6.039527e-04	-1.890953e-04
184           	1.106792e-02	5.919174e-03	5.148744e-03	-8.692382e-04	5.200345e-03	-6.069583e-03	5.634964e-03	3.852153e-04	-2.074196e-04	-7.926602e-04	-6.037497e-04	-1.889105e-04
185           	1.106185e-02	5.915814e-03	5.146035e-03	-8.692356e-04	5.197158e-03	-6.066394e-03	5.631776e-03	3.848894e-04	-2.074081e-04	-7.922675e-04	-6.035418e-04	-1.887257e-04
186           	1.105593e-02	5.912527e-03	5.143400e-03	-8.692336e-04	5.194051e-03	-6.063285e-03	5.628668e-03	3.845634e-04	-2.073948e-04	-7.918718e-04	-6.033307e-04	-1.885411e-04
187           	1.105015e-02	5.909310e-03	5.140836e-03	-8.692325e-04	5.191018e-03	-6.060251e-03	5.625635e-03	3.842369e-04	-2.073789e-04	-7.914736e-04	-6.031156e-04	-1.883579e-04
188           	1.104451e-02	5.906167e-03	5.138342e-03	-8.692319e-04	5.188062e-03	-6.057294e-03	5.622678e-03	3.839128e-04	-2.073621e-04	-7.910741e-04	-6.028992e-04	-1.881749e-04
189           	1.103901e-02	5.903097e-03	5.135915e-03	-8.692317e-04	5.185180e-03	-6.054412e-03	5.619796e-03	3.835913e-04	-2.073444e-04	-7.906734e-04	-6.026811e-04	-1.879923e-04
190           	1.103365e-02	5.900099e-03	5.133554e-03	-8.692320e-04	5.182371e-03	-6.051603e-03	5.616987e-03	3.832725e-04	-2.073253e-04	-7.902713e-04	-6.024609e-04	-1.878104e-04
191           	1.102843e-02	5.897171e-03	5.131258e-03	-8.692328e-04	5.179634e-03	-6.048867e-03	5.614251e-03	3.829563e-04	-2.073056e-04	-7.898679e-04	-6.022395e-04	-1.876283e-04
192           	1.102334e-02	5.894311e-03	5.129026e-03	-8.692340e-04	5.176966e-03	-6.046200e-03	5.611583e-03	3.826423e-04	-2.072828e-04	-7.894622e-04	-6.020139e-04	-1.874483e-04
193           	1.101837e-02	5.891515e-03	5.126856e-03	-8.692358e-04	5.174366e-03	-6.043601e-03	5.608983e-03	3.823299e-04	-2.072564e-04	-7.890537e-04	-6.017832e-04	-1.872705e-04
194           	1.101353e-02	5.888784e-03	5.124746e-03	-8.692382e-04	5.171831e-03	-6.041069e-03	5.606450e-03	3.820190e-04	-2.072260e-04	-7.886422e-04	-6.015471e-04	-1.870951e-04
195           	1.100881e-02	5.886115e-03	5.122695e-03	-8.692410e-04	5.169360e-03	-6.038601e-03	5.603981e-03	3.817097e-04	-2.071920e-04	-7.882279e-04	-6.013060e-04	-1.869219e-04
196           	1.100421e-02	5.883507e-03	5.120702e-03	-8.692443e-04	5.166953e-03	-6.036197e-03	5.601575e-03	3.814025e-04	-2.071550e-04	-7.878117e-04	-6.010609e-04	-1.867508e-04
197           	1.099973e-02	5.880961e-03	5.118765e-03	-8.692481e-04	5.164607e-03	-6.033855e-03	5.599231e-03	3.810983e-04	-2.071160e-04	-7.873951e-04	-6.008136e-04	-1.865815e-04
198           	1.099536e-02	5.878476e-03	5.116880e-03	-8.692523e-04	5.162321e-03	-6.031573e-03	5.596947e-03	3.807981e-04	-2.070762e-04	-7.869799e-04	-6.005662e-04	-1.864138e-04
199           	1.099110e-02	5.876052e-03	5.115046e-03	-8.692569e-04	5.160094e-03	-6.029351e-03	5.594723e-03	3.805032e-04	-2.070368e-04	-7.865682e-04	-6.003209e-04	-1.862473e-04
200           	1.098695e-02	5.873689e-03	5.113260e-03	-8.692619e-04	5.157925e-03	-6.027187e-03	5.592556e-03	3.802146e-04	-2.069989e-04	-7.861619e-04	-6.000798e-04	-1.860821e-04
201           	1.098291e-02	5.871386e-03	5.111520e-03	-8.692672e-04	5.155812e-03	-6.025079e-03	5.590445e-03	3.799331e-04	-2.069634e-04	-7.857627e-04	-5.998447e-04	-1.859180e-04
202           	1.097896e-02	5.869137e-03	5.109824e-03	-8.692734e-04	5.153750e-03	-6.023023e-03	5.588387e-03	3.796564e-04	-2.069294e-04	-7.853702e-04	-5.996145e-04	-1.857557e-04
203           	1.097512e-02	5.866948e-03	5.108171e-03	-8.692797e-04	5.151742e-03	-6.021022e-03	5.586382e-03	3.793886e-04	-2.068991e-04	-7.849874e-04	-5.993928e-04	-1.855945e-04
204           	1.097138e-02	5.864819e-03	5.106559e-03	-8.692860e-04	5.149788e-03	-6.019074e-03	5.584431e-03	3.791297e-04	-2.068725e-04	-7.846144e-04	-5.991797e-04	-1.854347e-04
205           	1.096773e-02	5.862747e-03	5.104988e-03	-8.692922e-04	5.147884e-03	-6.017176e-03	5.582530e-03	3.788792e-04	-2.068491e-04	-7.842509e-04	-5.989746e-04	-1.852763e-04
206           	1.096419e-02	5.860729e-03	5.103457e-03	-8.692984e-04	5.146031e-03	-6.015329e-03	5.580680e-03	3.786361e-04	-2.068281e-04	-7.838962e-04	-5.987762e-04	-1.851200e-04
207           	1.096267e-02	5.859999e-03	5.102670e-03	-8.692207e-04	5.145237e-03	-6.014458e-03	5.579848e-03	3.786646e-04	-2.069235e-04	-7.840024e-04	-5.989247e-04	-1.850776e-04
208           	1.096130e-02	5.859524e-03	5.101778e-03	-8.690916e-04	5.144526e-03	-6.013618e-03	5.579072e-03	3.788733e-04	-2.070958e-04	-7.844129e-04	-5.993022e-04	-1.851107e-04
209           	1.095998e-02	5.859146e-03	5.100830e-03	-8.689449e-04	5.143839e-03	-6.012784e-03	5.578312e-03	3.791579e-04	-2.072951e-04	-7.849482e-04	-5.997692e-04	-1.851789e-04
210           	1.095860e-02	5.858723e-03	5.099874e-03	-8.688098e-04	5.143126e-03	-6.011935e-03	5.577530e-03	3.794245e-04	-2.074763e-04	-7.854454e-04	-6.001990e-04	-1.852464e-04
211           	1.095710e-02	5.858150e-03	5.098949e-03	-8.687065e-04	5.142351e-03	-6.011057e-03	5.576704e-03	3.796004e-04	-2.076033e-04	-7.857779e-04	-6.004923e-04	-1.852856e-04
212           	1.095546e-02	5.857387e-03	5.098075e-03	-8.686440e-04	5.141502e-03	-6.010146e-03	5.575824e-03	3.796560e-04	-2.076635e-04	-7.858948e-04	-6.006109e-04	-1.852839e-04
213           	1.095369e-02	5.856433e-03	5.097259e-03	-8.686219e-04	5.140583e-03	-6.009205e-03	5.574894e-03	3.795868e-04	-2.076559e-04	-7.857898e-04	-6.005508e-04	-1.852390e-04
214           	1.095182e-02	5.855323e-03	5.096501e-03	-8.686328e-04	5.139613e-03	-6.008246e-03	5.573929e-03	3.794110e-04	-2.075914e-04	-7.854965e-04	-6.003396e-04	-1.851568e-04
215           	1.094991e-02	5.854110e-03	5.095798e-03	-8.686657e-04	5.138616e-03	-6.007282e-03	5.572949e-03	3.791560e-04	-2.074858e-04	-7.850658e-04	-6.000187e-04	-1.850471e-04
216           	1.094799e-02	5.852854e-03	5.095139e-03	-8.687082e-04	5.137619e-03	-6.006327e-03	5.571973e-03	3.788575e-04	-2.073582e-04	-7.845643e-04	-5.996403e-04	-1.849240e-04
217           	1.094613e-02	5.851610e-03	5.094516e-03	-8.687494e-04	5.136645e-03	-6.005395e-03	5.571020e-03	3.785468e-04	-2.072251e-04	-7.840463e-04	-5.992482e-04	-1.847980e-04
218           	1.094434e-02	5.850419e-03	5.093920e-03	-8.687810e-04	5.135712e-03	-6.004493e-03	5.570103e-03	3.782496e-04	-2.070992e-04	-7.835576e-04	-5.988780e-04	-1.846796e-04
219           	1.094265e-02	5.849305e-03	5.093342e-03	-8.687985e-04	5.134828e-03	-6.003627e-03	5.569228e-03	3.779815e-04	-2.069873e-04	-7.831250e-04	-5.985498e-04	-1.845752e-04
220           	1.094105e-02	5.848273e-03	5.092778e-03	-8.688010e-04	5.133994e-03	-6.002795e-03	5.568394e-03	3.777475e-04	-2.068903e-04	-7.827561e-04	-5.982684e-04	-1.844877e-04
221           	1.093954e-02	5.847314e-03	5.092226e-03	-8.687903e-04	5.133203e-03	-6.001993e-03	5.567598e-03	3.775442e-04	-2.068046e-04	-7.824430e-04	-5.980262e-04	-1.844169e-04
222           	1.093809e-02	5.846408e-03	5.091683e-03	-8.687703e-04	5.132444e-03	-6.001215e-03	5.566830e-03	3.773624e-04	-2.067235e-04	-7.821671e-04	-5.978071e-04	-1.843600e-04
223           	1.093669e-02	5.845536e-03	5.091152e-03	-8.687449e-04	5.131710e-03	-6.000454e-03	5.566082e-03	3.771924e-04	-2.066406e-04	-7.819064e-04	-5.975938e-04	-1.843126e-04
224           	1.093530e-02	5.844668e-03	5.090633e-03	-8.687193e-04	5.130983e-03	-5.999703e-03	5.565343e-03	3.770174e-04	-2.065466e-04	-7.816339e-04	-5.973636e-04	-1.842703e-04
225           	1.093391e-02	5.843783e-03	5.090130e-03	-8.686972e-04	5.130257e-03	-5.998955e-03	5.564606e-03	3.768262e-04	-2.064358e-04	-7.813291e-04	-5.971003e-04	-1.842287e-04
226           	1.093251e-02	5.842869e-03	5.089646e-03	-8.686806e-04	5.129526e-03	-5.998207e-03	5.563867e-03	3.766114e-04	-2.063050e-04	-7.809790e-04	-5.967945e-04	-1.841845e-04
227           	1.093110e-02	5.841918e-03	5.089183e-03	-8.686707e-04	5.128787e-03	-5.997458e-03	5.563123e-03	3.763676e-04	-2.061527e-04	-7.805772e-04	-5.964414e-04	-1.841359e-04
228           	1.092968e-02	5.840939e-03	5.088740e-03	-8.686662e-04	5.128045e-03	-5.996711e-03	5.562378e-03	3.760993e-04	-2.059828e-04	-7.801290e-04	-5.960473e-04	-1.840817e-04
229           	1.092826e-02	5.839940e-03	5.088320e-03	-8.686658e-04	5.127304e-03	-5.995969e-03	5.561636e-03	3.758102e-04	-2.057988e-04	-7.796418e-04	-5.956197e-04	-1.840221e-04
230           	1.092685e-02	5.838931e-03	5.087921e-03	-8.686678e-04	5.126568e-03	-5.995235e-03	5.560901e-03	3.755052e-04	-2.056048e-04	-7.791258e-04	-5.951677e-04	-1.839581e-04
231           	1.092546e-02	5.837922e-03	5.087542e-03	-8.686706e-04	5.125841e-03	-5.994512e-03	5.560177e-03	3.751900e-04	-2.054048e-04	-7.785916e-04	-5.947006e-04	-1.838910e-04
232           	1.092410e-02	5.836920e-03	5.087181e-03	-8.686729e-04	5.125129e-03	-5.993802e-03	5.559465e-03	3.748695e-04	-2.052024e-04	-7.780493e-04	-5.942270e-04	-1.838223e-04
233           	1.092277e-02	5.835932e-03	5.086836e-03	-8.686738e-04	5.124431e-03	-5.993105e-03	5.558768e-03	3.745479e-04	-2.050003e-04	-7.775065e-04	-5.937536e-04	-1.837529e-04
234           	1.092147e-02	5.834961e-03	5.086505e-03	-8.686731e-04	5.123750e-03	-5.992423e-03	5.558086e-03	3.742282e-04	-2.048004e-04	-7.769684e-04	-5.932846e-04	-1.836838e-04
235           	1.092019e-02	5.834009e-03	5.086185e-03	-8.686707e-04	5.123084e-03	-5.991754e-03	5.557419e-03	3.739120e-04	-2.046035e-04	-7.764378e-04	-5.928224e-04	-1.836154e-04
236           	1.091895e-02	5.833074e-03	5.085874e-03	-8.686671e-04	5.122432e-03	-5.991099e-03	5.556766e-03	3.735999e-04	-2.044101e-04	-7.759153e-04	-5.923678e-04	-1.835475e-04
237           	1.091773e-02	5.832155e-03	5.085571e-03	-8.686629e-04	5.121792e-03	-5.990455e-03	5.556124e-03	3.732919e-04	-2.042201e-04	-7.754002e-04	-5.919202e-04	-1.834799e-04
238           	1.091652e-02	5.831250e-03	5.085275e-03	-8.686585e-04	5.121163e-03	-5.989822e-03	5.555493e-03	3.729876e-04	-2.040333e-04	-7.748911e-04	-5.914789e-04	-1.834122e-04
239           	1.091534e-02	5.830356e-03	5.084984e-03	-8.686546e-04	5.120543e-03	-5.989198e-03	5.554871e-03	3.726864e-04	-2.038496e-04	-7.743870e-04	-5.910432e-04	-1.833439e-04
240           	1.091417e-02	5.829473e-03	5.084697e-03	-8.686514e-04	5.119931e-03	-5.988582e-03	5.554257e-03	3.723881e-04	-2.036691e-04	-7.738870e-04	-5.906126e-04	-1.832744e-04
241           	1.091301e-02	5.828599e-03	5.084414e-03	-8.686492e-04	5.119326e-03	-5.987975e-03	5.553650e-03	3.720927e-04	-2.034921e-04	-7.733911e-04	-5.901876e-04	-1.832034e-04
242           	1.091187e-02	5.827735e-03	5.084134e-03	-8.686480e-04	5.118727e-03	-5.987375e-03	5.553051e-03	3.718006e-04	-2.033190e-04	-7.729001e-04	-5.897691e-04	-1.831310e-04
243           	1.091074e-02	5.826882e-03	5.083858e-03	-8.686476e-04	5.118136e-03	-5.986784e-03	5.552460e-03	3.715123e-04	-2.031506e-04	-7.724154e-04	-5.893583e-04	-1.830571e-04
244           	1.090963e-02	5.826041e-03	5.083584e-03	-8.686479e-04	5.117553e-03	-5.986201e-03	5.551877e-03	3.712288e-04	-2.029875e-04	-7.719387e-04	-5.889568e-04	-1.829819e-04
245           	1.090853e-02	5.825214e-03	5.083312e-03	-8.686486e-04	5.116978e-03	-5.985626e-03	5.551302e-03	3.709509e-04	-2.028302e-04	-7.714718e-04	-5.885661e-04	-1.829057e-04
246           	1.090744e-02	5.824401e-03	5.083043e-03	-8.686497e-04	5.116411e-03	-5.985061e-03	5.550736e-03	3.706792e-04	-2.026791e-04	-7.710160e-04	-5.881871e-04	-1.828289e-04
247           	1.090638e-02	5.823604e-03	5.082775e-03	-8.686509e-04	5.115854e-03	-5.984504e-03	5.550179e-03	3.704142e-04	-2.025343e-04	-7.705724e-04	-5.878206e-04	-1.827519e-04
248           	1.090533e-02	5.822822e-03	5.082510e-03	-8.686522e-04	5.115305e-03	-5.983957e-03	5.549631e-03	3.701560e-04	-2.023958e-04	-7.701413e-04	-5.874665e-04	-1.826748e-04
249           	1.090430e-02	5.822055e-03	5.082246e-03	-8.686535e-04	5.114765e-03	-5.983419e-03	5.549092e-03	3.699045e-04	-2.022631e-04	-7.697224e-04	-5.871243e-04	-1.825981e-04
250           	1.090329e-02	5.821303e-03	5.081984e-03	-8.686550e-04	5.114234e-03	-5.982889e-03	5.548561e-03	3.696592e-04	-2.021357e-04	-7.693151e-04	-5.867932e-04	-1.825218e-04
251           	1.090228e-02	5.820557e-03	5.081727e-03	-8.686574e-04	5.113709e-03	-5.982366e-03	5.548038e-03	3.694152e-04	-2.020085e-04	-7.689110e-04	-5.864640e-04	-1.824470e-04
252           	1.090130e-02	5.819827e-03	5.081472e-03	-8.686597e-04	5.113193e-03	-5.981853e-03	5.547523e-03	3.691776e-04	-2.018866e-04	-7.685183e-04	-5.861458e-04	-1.823725e-04
253           	1.090033e-02	5.819112e-03	5.081219e-03	-8.686620e-04	5.112685e-03	-5.981347e-03	5.547016e-03	3.689463e-04	-2.017697e-04	-7.681362e-04	-5.858378e-04	-1.822984e-04
254           	1.089938e-02	5.818409e-03	5.080969e-03	-8.686643e-04	5.112186e-03	-5.980850e-03	5.546518e-03	3.687203e-04	-2.016571e-04	-7.677635e-04	-5.855389e-04	-1.822246e-04
255           	1.089844e-02	5.817719e-03	5.080721e-03	-8.686667e-04	5.111694e-03	-5.980361e-03	5.546028e-03	3.684989e-04	-2.015482e-04	-7.673986e-04	-5.852475e-04	-1.821511e-04
256           	1.089752e-02	5.817040e-03	5.080477e-03	-8.686693e-04	5.111210e-03	-5.979880e-03	5.545545e-03	3.682813e-04	-2.014422e-04	-7.670404e-04	-5.849624e-04	-1.820780e-04
257           	1.089661e-02	5.816371e-03	5.080237e-03	-8.686722e-04	5.110734e-03	-5.979406e-03	5.545070e-03	3.680667e-04	-2.013387e-04	-7.666878e-04	-5.846827e-04	-1.820052e-04
258           	1.089571e-02	5.815711e-03	5.080001e-03	-8.686755e-04	5.110264e-03	-5.978939e-03	5.544601e-03	3.678547e-04	-2.012373e-04	-7.663402e-04	-5.844074e-04	-1.819328e-04
259           	1.089483e-02	5.815060e-03	5.079770e-03	-8.686790e-04	5.109801e-03	-5.978480e-03	5.544140e-03	3.676449e-04	-2.011378e-04	-7.659972e-04	-5.841364e-04	-1.818608e-04
260           	1.089396e-02	5.814417e-03	5.079543e-03	-8.686829e-04	5.109345e-03	-5.978028e-03	5.543686e-03	3.674373e-04	-2.010401e-04	-7.656588e-04	-5.838694e-04	-1.817893e-04
261           	1.089310e-02	5.813784e-03	5.079320e-03	-8.686870e-04	5.108896e-03	-5.977583e-03	5.543239e-03	3.672319e-04	-2.009442e-04	-7.653252e-04	-5.836068e-04	-1.817183e-04
262           	1.089226e-02	5.813169e-03	5.079096e-03	-8.686904e-04	5.108455e-03	-5.977145e-03	5.542800e-03	3.670365e-04	-2.008559e-04	-7.650095e-04	-5.833606e-04	-1.816489e-04
263           	1.089144e-02	5.812560e-03	5.078877e-03	-8.686942e-04	5.108021e-03	-5.976715e-03	5.542368e-03	3.668413e-04	-2.007680e-04	-7.646952e-04	-5.831156e-04	-1.815795e-04
264           	1.089062e-02	5.811957e-03	5.078665e-03	-8.686985e-04	5.107593e-03	-5.976291e-03	5.541942e-03	3.666462e-04	-2.006807e-04	-7.643821e-04	-5.828717e-04	-1.815104e-04
265           	1.088982e-02	5.811361e-03	5.078458e-03	-8.687032e-04	5.107171e-03	-5.975874e-03	5.541523e-03	3.664515e-04	-2.005939e-04	-7.640706e-04	-5.826292e-04	-1.814414e-04
266           	1.088903e-02	5.810771e-03	5.078256e-03	-8.687082e-04	5.106756e-03	-5.975464e-03	5.541110e-03	3.662578e-04	-2.005081e-04	-7.637616e-04	-5.823889e-04	-1.813728e-04
267           	1.088825e-02	5.810190e-03	5.078058e-03	-8.687134e-04	5.106347e-03	-5.975060e-03	5.540704e-03	3.660659e-04	-2.004235e-04	-7.634562e-04	-5.821516e-04	-1.813046e-04
268           	1.088748e-02	5.809618e-03	5.077865e-03	-8.687186e-04	5.105945e-03	-5.974663e-03	5.540304e-03	3.658765e-04	-2.003407e-04	-7.631553e-04	-5.819183e-04	-1.812370e-04
269           	1.088673e-02	5.809055e-03	5.077675e-03	-8.687238e-04	5.105549e-03	-5.974273e-03	5.539911e-03	3.656898e-04	-2.002596e-04	-7.628594e-04	-5.816893e-04	-1.811701e-04
270           	1.088599e-02	5.808501e-03	5.077488e-03	-8.687290e-04	5.105160e-03	-5.973889e-03	5.539525e-03	3.655063e-04	-2.001806e-04	-7.625689e-04	-5.814650e-04	-1.811039e-04
271           	1.088526e-02	5.807957e-03	5.077305e-03	-8.687341e-04	5.104778e-03	-5.973512e-03	5.539145e-03	3.653259e-04	-2.001033e-04	-7.622835e-04	-5.812451e-04	-1.810384e-04
272           	1.088454e-02	5.807417e-03	5.077126e-03	-8.687397e-04	5.104400e-03	-5.973140e-03	5.538770e-03	3.651458e-04	-2.000238e-04	-7.619985e-04	-5.810230e-04	-1.809755e-04
273           	1.088384e-02	5.806888e-03	5.076950e-03	-8.687451e-04	5.104029e-03	-5.972774e-03	5.538401e-03	3.649690e-04	-1.999467e-04	-7.617188e-04	-5.808061e-04	-1.809127e-04
274           	1.088315e-02	5.806368e-03	5.076778e-03	-8.687504e-04	5.103665e-03	-5.972415e-03	5.538040e-03	3.647950e-04	-1.998720e-04	-7.614440e-04	-5.805940e-04	-1.808500e-04
275           	1.088247e-02	5.805856e-03	5.076609e-03	-8.687556e-04	5.103307e-03	-5.972062e-03	5.537684e-03	3.646237e-04	-1.997994e-04	-7.611733e-04	-5.803860e-04	-1.807873e-04
276           	1.088180e-02	5.805353e-03	5.076444e-03	-8.687609e-04	5.102955e-03	-5.971716e-03	5.537335e-03	3.644544e-04	-1.997284e-04	-7.609060e-04	-5.801814e-04	-1.807246e-04
277           	1.088114e-02	5.804857e-03	5.076283e-03	-8.687661e-04	5.102609e-03	-5.971375e-03	5.536992e-03	3.642870e-04	-1.996586e-04	-7.606416e-04	-5.799794e-04	-1.806622e-04
278           	1.088050e-02	5.804369e-03	5.076127e-03	-8.687715e-04	5.102269e-03	-5.971040e-03	5.536655e-03	3.641210e-04	-1.995897e-04	-7.603796e-04	-5.797795e-04	-1.806001e-04
279           	1.087986e-02	5.803887e-03	5.075974e-03	-8.687771e-04	5.101934e-03	-5.970711e-03	5.536323e-03	3.639565e-04	-1.995215e-04	-7.601199e-04	-5.795814e-04	-1.805384e-04
280           	1.087924e-02	5.803411e-03	5.075824e-03	-8.687827e-04	5.101605e-03	-5.970388e-03	5.535996e-03	3.637933e-04	-1.994538e-04	-7.598624e-04	-5.793850e-04	-1.804774e-04
281           	1.087862e-02	5.802942e-03	5.075679e-03	-8.687885e-04	5.101281e-03	-5.970069e-03	5.535675e-03	3.636316e-04	-1.993867e-04	-7.596074e-04	-5.791904e-04	-1.804170e-04
282           	1.087802e-02	5.802479e-03	5.075537e-03	-8.687944e-04	5.100962e-03	-5.969756e-03	5.535359e-03	3.634715e-04	-1.993203e-04	-7.593549e-04	-5.789977e-04	-1.803572e-04
283           	1.087742e-02	5.802024e-03	5.075398e-03	-8.688004e-04	5.100648e-03	-5.969449e-03	5.535049e-03	3.633131e-04	-1.992546e-04	-7.591053e-04	-5.788072e-04	-1.802981e-04
284           	1.087684e-02	5.801575e-03	5.075262e-03	-8.688063e-04	5.100340e-03	-5.969146e-03	5.534743e-03	3.631565e-04	-1.991897e-04	-7.588587e-04	-5.786190e-04	-1.802397e-04
285           	1.087626e-02	5.801133e-03	5.075129e-03	-8.688123e-04	5.100037e-03	-5.968849e-03	5.534443e-03	3.630018e-04	-1.991257e-04	-7.586151e-04	-5.784332e-04	-1.801819e-04
286           	1.087570e-02	5.800697e-03	5.074999e-03	-8.688182e-04	5.099738e-03	-5.968557e-03	5.534148e-03	3.628489e-04	-1.990625e-04	-7.583744e-04	-5.782497e-04	-1.801246e-04
287           	1.087514e-02	5.800269e-03	5.074873e-03	-8.688241e-04	5.099445e-03	-5.968270e-03	5.533858e-03	3.626978e-04	-1.990002e-04	-7.581363e-04	-5.780684e-04	-1.800679e-04
288           	1.087460e-02	5.799847e-03	5.074750e-03	-8.688300e-04	5.099157e-03	-5.967987e-03	5.533572e-03	3.625483e-04	-1.989386e-04	-7.579008e-04	-5.778890e-04	-1.800117e-04
289           	1.087406e-02	5.799431e-03	5.074630e-03	-8.688358e-04	5.098874e-03	-5.967710e-03	5.533292e-03	3.624003e-04	-1.988776e-04	-7.576674e-04	-5.777113e-04	-1.799560e-04
290           	1.087353e-02	5.799021e-03	5.074514e-03	-8.688416e-04	5.098596e-03	-5.967438e-03	5.533017e-03	3.622537e-04	-1.988171e-04	-7.574358e-04	-5.775350e-04	-1.799008e-04
291           	1.087302e-02	5.798617e-03	5.074401e-03	-8.688474e-04	5.098323e-03	-5.967170e-03	5.532746e-03	3.621083e-04	-1.987569e-04	-7.572059e-04	-5.773599e-04	-1.798460e-04
292           	1.087251e-02	5.798219e-03	5.074291e-03	-8.688531e-04	5.098054e-03	-5.966907e-03	5.532481e-03	3.619639e-04	-1.986970e-04	-7.569775e-04	-5.771858e-04	-1.797917e-04
293           	1.087201e-02	5.797826e-03	5.074185e-03	-8.688589e-04	5.097790e-03	-5.966649e-03	5.532219e-03	3.618205e-04	-1.986373e-04	-7.567504e-04	-5.770126e-04	-1.797379e-04
294           	1.087152e-02	5.797439e-03	5.074083e-03	-8.688646e-04	5.097531e-03	-5.966395e-03	5.531963e-03	3.616782e-04	-1.985778e-04	-7.565247e-04	-5.768402e-04	-1.796845e-04
295           	1.087104e-02	5.797057e-03	5.073983e-03	-8.688704e-04	5.097276e-03	-5.966146e-03	5.531711e-03	3.615367e-04	-1.985185e-04	-7.563002e-04	-5.766686e-04	-1.796316e-04
296           	1.087057e-02	5.796680e-03	5.073887e-03	-8.688761e-04	5.097025e-03	-5.965901e-03	5.531463e-03	3.613963e-04	-1.984594e-04	-7.560771e-04	-5.764979e-04	-1.795792e-04
297           	1.087010e-02	5.796308e-03	5.073795e-03	-8.688818e-04	5.096779e-03	-5.965661e-03	5.531220e-03	3.612568e-04	-1.984005e-04	-7.558553e-04	-5.763282e-04	-1.795271e-04
298           	1.086965e-02	5.795942e-03	5.073705e-03	-8.688875e-04	5.096537e-03	-5.965424e-03	5.530981e-03	3.611183e-04	-1.983419e-04	-7.556350e-04	-5.761594e-04	-1.794756e-04
299           	1.086920e-02	5.795581e-03	5.073619e-03	-8.688931e-04	5.096299e-03	-5.965193e-03	5.530746e-03	3.609808e-04	-1.982836e-04	-7.554161e-04	-5.759917e-04	-1.794244e-04
300           	1.086876e-02	5.795224e-03	5.073536e-03	-8.688988e-04	5.096066e-03	-5.964965e-03	5.530515e-03	3.608444e-04	-1.982256e-04	-7.551987e-04	-5.758249e-04	-1.793737e-04
301           	1.086833e-02	5.794873e-03	5.073455e-03	-8.689043e-04	5.095837e-03	-5.964741e-03	5.530289e-03	3.607090e-04	-1.981679e-04	-7.549827e-04	-5.756593e-04	-1.793234e-04
302           	1.086790e-02	5.794527e-03	5.073378e-03	-8.689099e-04	5.095612e-03	-5.964522e-03	5.530067e-03	3.605747e-04	-1.981106e-04	-7.547681e-04	-5.754946e-04	-1.792735e-04
303           	1.086749e-02	5.794186e-03	5.073303e-03	-8.689154e-04	5.095391e-03	-5.964306e-03	5.529849e-03	3.604414e-04	-1.980535e-04	-7.545550e-04	-5.753310e-04	-1.792240e-04
304           	1.086708e-02	5.793850e-03	5.073232e-03	-8.689209e-04	5.095174e-03	-5.964095e-03	5.529634e-03	3.603091e-04	-1.979967e-04	-7.543432e-04	-5.751684e-04	-1.791749e-04
305           	1.086668e-02	5.793518e-03	5.073163e-03	-8.689263e-04	5.094961e-03	-5.963887e-03	5.529424e-03	3.601777e-04	-1.979403e-04	-7.541329e-04	-5.750067e-04	-1.791262e-04
306           	1.086629e-02	5.793191e-03	5.073097e-03	-8.689318e-04	5.094751e-03	-5.963683e-03	5.529217e-03	3.600474e-04	-1.978841e-04	-7.539238e-04	-5.748460e-04	-1.790778e-04
307           	1.086590e-02	5.792869e-03	5.073033e-03	-8.689371e-04	5.094546e-03	-5.963483e-03	5.529015e-03	3.599180e-04	-1.978281e-04	-7.537160e-04	-5.746861e-04	-1.790299e-04
308           	1.086552e-02	5.792552e-03	5.072973e-03	-8.689425e-04	5.094344e-03	-5.963287e-03	5.528816e-03	3.597895e-04	-1.977724e-04	-7.535096e-04	-5.745272e-04	-1.789824e-04
309           	1.086515e-02	5.792238e-03	5.072915e-03	-8.689478e-04	5.094146e-03	-5.963094e-03	5.528620e-03	3.596620e-04	-1.977170e-04	-7.533044e-04	-5.743692e-04	-1.789352e-04
310           	1.086479e-02	5.791930e-03	5.072859e-03	-8.689531e-04	5.093952e-03	-5.962905e-03	5.528429e-03	3.595353e-04	-1.976618e-04	-7.531005e-04	-5.742121e-04	-1.788884e-04
311           	1.086443e-02	5.791625e-03	5.072806e-03	-8.689583e-04	5.093761e-03	-5.962720e-03	5.528240e-03	3.594096e-04	-1.976069e-04	-7.528979e-04	-5.740558e-04	-1.788421e-04
312           	1.086408e-02	5.791325e-03	5.072756e-03	-8.689635e-04	5.093574e-03	-5.962538e-03	5.528056e-03	3.592847e-04	-1.975522e-04	-7.526964e-04	-5.739004e-04	-1.787960e-04
313           	1.086374e-02	5.791035e-03	5.072702e-03	-8.689682e-04	5.093391e-03	-5.962359e-03	5.527875e-03	3.591666e-04	-1.975000e-04	-7.525065e-04	-5.737532e-04	-1.787532e-04
314           	1.086340e-02	5.790748e-03	5.072653e-03	-8.689730e-04	5.093210e-03	-5.962183e-03	5.527697e-03	3.590474e-04	-1.974472e-04	-7.523143e-04	-5.736044e-04	-1.787099e-04
315           	1.086307e-02	5.790456e-03	5.072614e-03	-8.689784e-04	5.093033e-03	-5.962012e-03	5.527522e-03	3.589206e-04	-1.973914e-04	-7.521089e-04	-5.734459e-04	-1.786630e-04
316           	1.086275e-02	5.790174e-03	5.072572e-03	-8.689833e-04	5.092860e-03	-5.961843e-03	5.527351e-03	3.588007e-04	-1.973382e-04	-7.519152e-04	-5.732958e-04	-1.786194e-04
317           	1.086243e-02	5.789894e-03	5.072534e-03	-8.689882e-04	5.092689e-03	-5.961677e-03	5.527183e-03	3.586802e-04	-1.972847e-04	-7.517203e-04	-5.731448e-04	-1.785754e-04
318           	1.086212e-02	5.789618e-03	5.072499e-03	-8.689931e-04	5.092522e-03	-5.961515e-03	5.527019e-03	3.585594e-04	-1.972310e-04	-7.515245e-04	-5.729932e-04	-1.785313e-04
319           	1.086181e-02	5.789344e-03	5.072467e-03	-8.689981e-04	5.092358e-03	-5.961356e-03	5.526857e-03	3.584385e-04	-1.971772e-04	-7.513285e-04	-5.728414e-04	-1.784871e-04
320           	1.086151e-02	5.789074e-03	5.072438e-03	-8.690030e-04	5.092197e-03	-5.961200e-03	5.526699e-03	3.583180e-04	-1.971235e-04	-7.511330e-04	-5.726900e-04	-1.784430e-04
321           	1.086122e-02	5.788807e-03	5.072411e-03	-8.690079e-04	5.092040e-03	-5.961048e-03	5.526544e-03	3.581983e-04	-1.970701e-04	-7.509385e-04	-5.725394e-04	-1.783991e-04
322           	1.086093e-02	5.788545e-03	5.072386e-03	-8.690127e-04	5.091885e-03	-5.960898e-03	5.526391e-03	3.580796e-04	-1.970172e-04	-7.507456e-04	-5.723900e-04	-1.783557e-04
323           	1.086065e-02	5.788287e-03	5.072363e-03	-8.690175e-04	5.091734e-03	-5.960751e-03	5.526242e-03	3.579622e-04	-1.969647e-04	-7.505547e-04	-5.722421e-04	-1.783126e-04
324           	1.086037e-02	5.788033e-03	5.072341e-03	-8.690221e-04	5.091585e-03	-5.960607e-03	5.526096e-03	3.578461e-04	-1.969128e-04	-7.503660e-04	-5.720958e-04	-1.782702e-04
325           	1.086010e-02	5.787783e-03	5.072321e-03	-8.690267e-04	5.091440e-03	-5.960466e-03	5.525953e-03	3.577313e-04	-1.968615e-04	-7.501793e-04	-5.719511e-04	-1.782282e-04
326           	1.085984e-02	5.787538e-03	5.072302e-03	-8.690312e-04	5.091297e-03	-5.960328e-03	5.525813e-03	3.576177e-04	-1.968105e-04	-7.499945e-04	-5.718078e-04	-1.781867e-04
327           	1.085958e-02	5.787296e-03	5.072285e-03	-8.690356e-04	5.091157e-03	-5.960193e-03	5.525675e-03	3.575051e-04	-1.967600e-04	-7.498113e-04	-5.716656e-04	-1.781457e-04
328           	1.085933e-02	5.787057e-03	5.072271e-03	-8.690400e-04	5.091020e-03	-5.960060e-03	5.525540e-03	3.573932e-04	-1.967097e-04	-7.496294e-04	-5.715244e-04	-1.781050e-04
329           	1.085908e-02	5.786822e-03	5.072258e-03	-8.690443e-04	5.090886e-03	-5.959930e-03	5.525408e-03	3.572820e-04	-1.966596e-04	-7.494486e-04	-5.713838e-04	-1.780647e-04
330           	1.085884e-02	5.786589e-03	5.072247e-03	-8.690486e-04	5.090754e-03	-5.959803e-03	5.525278e-03	3.571713e-04	-1.966095e-04	-7.492684e-04	-5.712437e-04	-1.780247e-04
331           	1.085860e-02	5.786360e-03	5.072238e-03	-8.690528e-04	5.090625e-03	-5.959678e-03	5.525151e-03	3.570609e-04	-1.965594e-04	-7.490888e-04	-5.711038e-04	-1.779850e-04
332           	1.085837e-02	5.786133e-03	5.072232e-03	-8.690570e-04	5.090499e-03	-5.959556e-03	5.525027e-03	3.569509e-04	-1.965094e-04	-7.489097e-04	-5.709642e-04	-1.779455e-04
333           	1.085814e-02	5.785910e-03	5.072227e-03	-8.690612e-04	5.090375e-03	-5.959436e-03	5.524905e-03	3.568411e-04	-1.964593e-04	-7.487309e-04	-5.708248e-04	-1.779062e-04
334           	1.085791e-02	5.785688e-03	5.072225e-03	-8.690653e-04	5.090253e-03	-5.959318e-03	5.524786e-03	3.567316e-04	-1.964092e-04	-7.485527e-04	-5.706856e-04	-1.778672e-04
335           	1.085769e-02	5.785470e-03	5.072225e-03	-8.690694e-04	5.090134e-03	-5.959203e-03	5.524669e-03	3.566226e-04	-1.963592e-04	-7.483750e-04	-5.705467e-04	-1.778284e-04
336           	1.085748e-02	5.785254e-03	5.072226e-03	-8.690734e-04	5.090017e-03	-5.959091e-03	5.524554e-03	3.565141e-04	-1.963092e-04	-7.481981e-04	-5.704082e-04	-1.777898e-04
337           	1.085727e-02	5.785042e-03	5.072230e-03	-8.690774e-04	5.089903e-03	-5.958981e-03	5.524442e-03	3.564061e-04	-1.962594e-04	-7.480219e-04	-5.702704e-04	-1.777516e-04
338           	1.085707e-02	5.784832e-03	5.072235e-03	-8.690813e-04	5.089791e-03	-5.958873e-03	5.524332e-03	3.562987e-04	-1.962098e-04	-7.478467e-04	-5.701331e-04	-1.777135e-04
339           	1.085687e-02	5.784625e-03	5.072241e-03	-8.690851e-04	5.089682e-03	-5.958767e-03	5.524225e-03	3.561920e-04	-1.961604e-04	-7.476724e-04	-5.699966e-04	-1.776758e-04
340           	1.085667e-02	5.784421e-03	5.072249e-03	-8.690889e-04	5.089575e-03	-5.958664e-03	5.524119e-03	3.560860e-04	-1.961112e-04	-7.474992e-04	-5.698608e-04	-1.776384e-04
341           	1.085648e-02	5.784220e-03	5.072259e-03	-8.690926e-04	5.089470e-03	-5.958563e-03	5.524016e-03	3.559808e-04	-1.960623e-04	-7.473270e-04	-5.697258e-04	-1.776012e-04
342           	1.085629e-02	5.784022e-03	5.072270e-03	-8.690963e-04	5.089367e-03	-5.958464e-03	5.523915e-03	3.558762e-04	-1.960137e-04	-7.471559e-04	-5.695916e-04	-1.775643e-04
343           	1.085611e-02	5.783827e-03	5.072282e-03	-8.690999e-04	5.089267e-03	-5.958367e-03	5.523817e-03	3.557724e-04	-1.959653e-04	-7.469858e-04	-5.694582e-04	-1.775276e-04
344           	1.085593e-02	5.783635e-03	5.072296e-03	-8.691035e-04	5.089168e-03	-5.958272e-03	5.523720e-03	3.556694e-04	-1.959171e-04	-7.468167e-04	-5.693255e-04	-1.774912e-04
345           	1.085576e-02	5.783445e-03	5.072311e-03	-8.691070e-04	5.089072e-03	-5.958179e-03	5.523626e-03	3.555670e-04	-1.958692e-04	-7.466487e-04	-5.691936e-04	-1.774551e-04
346           	1.085559e-02	5.783258e-03	5.072327e-03	-8.691104e-04	5.088978e-03	-5.958088e-03	5.523533e-03	3.554654e-04	-1.958215e-04	-7.464816e-04	-5.690623e-04	-1.774193e-04
347           	1.085542e-02	5.783074e-03	5.072345e-03	-8.691138e-04	5.088886e-03	-5.958000e-03	5.523443e-03	3.553645e-04	-1.957741e-04	-7.463155e-04	-5.689319e-04	-1.773837e-04
348           	1.085526e-02	5.782892e-03	5.072364e-03	-8.691172e-04	5.088796e-03	-5.957913e-03	5.523354e-03	3.552643e-04	-1.957269e-04	-7.461505e-04	-5.688021e-04	-1.773483e-04
349           	1.085510e-02	5.782713e-03	5.072383e-03	-8.691205e-04	5.088708e-03	-5.957828e-03	5.523268e-03	3.551649e-04	-1.956799e-04	-7.459864e-04	-5.686731e-04	-1.773133e-04
350           	1.085494e-02	5.782537e-03	5.072404e-03	-8.691238e-04	5.088621e-03	-5.957745e-03	5.523183e-03	3.550662e-04	-1.956332e-04	-7.458233e-04	-5.685448e-04	-1.772785e-04
351           	1.085479e-02	5.782363e-03	5.072426e-03	-8.691270e-04	5.088537e-03	-5.957664e-03	5.523101e-03	3.549683e-04	-1.955867e-04	-7.456613e-04	-5.684173e-04	-1.772439e-04
352           	1.085464e-02	5.782192e-03	5.072450e-03	-8.691301e-04	5.088455e-03	-5.957585e-03	5.523020e-03	3.548711e-04	-1.955404e-04	-7.455002e-04	-5.682905e-04	-1.772096e-04
353           	1.085450e-02	5.782023e-03	5.072474e-03	-8.691332e-04	5.088374e-03	-5.957507e-03	5.522941e-03	3.547746e-04	-1.954944e-04	-7.453401e-04	-5.681644e-04	-1.771756e-04
354           	1.085436e-02	5.781857e-03	5.072499e-03	-8.691363e-04	5.088295e-03	-5.957432e-03	5.522863e-03	3.546789e-04	-1.954486e-04	-7.451809e-04	-5.680390e-04	-1.771418e-04
355           	1.085422e-02	5.781693e-03	5.072525e-03	-8.691393e-04	5.088218e-03	-5.957358e-03	5.522788e-03	3.545838e-04	-1.954030e-04	-7.450226e-04	-5.679143e-04	-1.771083e-04
356           	1.085408e-02	5.781531e-03	5.072553e-03	-8.691423e-04	5.088143e-03	-5.957285e-03	5.522714e-03	3.544893e-04	-1.953575e-04	-7.448652e-04	-5.677901e-04	-1.770751e-04
357           	1.085395e-02	5.781372e-03	5.072581e-03	-8.691452e-04	5.088069e-03	-5.957215e-03	5.522642e-03	3.543955e-04	-1.953122e-04	-7.447086e-04	-5.676665e-04	-1.770421e-04
358           	1.085383e-02	5.781215e-03	5.072610e-03	-8.691480e-04	5.087998e-03	-5.957146e-03	5.522572e-03	3.543023e-04	-1.952671e-04	-7.445528e-04	-5.675435e-04	-1.770093e-04
359           	1.085370e-02	5.781060e-03	5.072641e-03	-8.691508e-04	5.087927e-03	-5.957078e-03	5.522503e-03	3.542097e-04	-1.952221e-04	-7.443978e-04	-5.674210e-04	-1.769768e-04
360           	1.085358e-02	5.780907e-03	5.072672e-03	-8.691536e-04	5.087859e-03	-5.957013e-03	5.522436e-03	3.541177e-04	-1.951772e-04	-7.442436e-04	-5.672990e-04	-1.769446e-04
361           	1.085346e-02	5.780757e-03	5.072704e-03	-8.691563e-04	5.087792e-03	-5.956948e-03	5.522370e-03	3.540263e-04	-1.951325e-04	-7.440902e-04	-5.671776e-04	-1.769126e-04
362           	1.085335e-02	5.780608e-03	5.072737e-03	-8.691590e-04	5.087727e-03	-5.956886e-03	5.522306e-03	3.539355e-04	-1.950879e-04	-7.439375e-04	-5.670567e-04	-1.768809e-04
363           	1.085323e-02	5.780462e-03	5.072772e-03	-8.691616e-04	5.087663e-03	-5.956824e-03	5.522244e-03	3.538453e-04	-1.950434e-04	-7.437857e-04	-5.669363e-04	-1.768494e-04
364           	1.085312e-02	5.780318e-03	5.072807e-03	-8.691641e-04	5.087601e-03	-5.956765e-03	5.522183e-03	3.537556e-04	-1.949991e-04	-7.436346e-04	-5.668164e-04	-1.768182e-04
365           	1.085302e-02	5.780176e-03	5.072842e-03	-8.691666e-04	5.087540e-03	-5.956706e-03	5.522123e-03	3.536666e-04	-1.949550e-04	-7.434842e-04	-5.666971e-04	-1.767871e-04
366           	1.085291e-02	5.780035e-03	5.072879e-03	-8.691691e-04	5.087481e-03	-5.956650e-03	5.522065e-03	3.535781e-04	-1.949109e-04	-7.433345e-04	-5.665782e-04	-1.767564e-04
367           	1.085281e-02	5.779897e-03	5.072917e-03	-8.691715e-04	5.087423e-03	-5.956594e-03	5.522008e-03	3.534900e-04	-1.948669e-04	-7.431855e-04	-5.664597e-04	-1.767258e-04
368           	1.085272e-02	5.779760e-03	5.072955e-03	-8.691739e-04	5.087366e-03	-5.956540e-03	5.521953e-03	3.534025e-04	-1.948231e-04	-7.430371e-04	-5.663416e-04	-1.766955e-04
369           	1.085262e-02	5.779625e-03	5.072995e-03	-8.691762e-04	5.087311e-03	-5.956488e-03	5.521899e-03	3.533154e-04	-1.947793e-04	-7.428893e-04	-5.662239e-04	-1.766654e-04
370           	1.085253e-02	5.779492e-03	5.073035e-03	-8.691785e-04	5.087258e-03	-5.956436e-03	5.521847e-03	3.532288e-04	-1.947355e-04	-7.427421e-04	-5.661066e-04	-1.766355e-04
371           	1.085244e-02	5.779361e-03	5.073076e-03	-8.691808e-04	5.087205e-03	-5.956386e-03	5.521796e-03	3.531426e-04	-1.946919e-04	-7.425954e-04	-5.659896e-04	-1.766058e-04
372           	1.085235e-02	5.779232e-03	5.073118e-03	-8.691830e-04	5.087154e-03	-5.956337e-03	5.521746e-03	3.530569e-04	-1.946483e-04	-7.424494e-04	-5.658730e-04	-1.765764e-04
373           	1.085226e-02	5.779104e-03	5.073160e-03	-8.691851e-04	5.087105e-03	-5.956290e-03	5.521697e-03	3.529717e-04	-1.946048e-04	-7.423040e-04	-5.657568e-04	-1.765472e-04
374           	1.085218e-02	5.778984e-03	5.073198e-03	-8.691869e-04	5.087057e-03	-5.956244e-03	5.521650e-03	3.528928e-04	-1.945641e-04	-7.421696e-04	-5.656489e-04	-1.765207e-04
375           	1.085210e-02	5.778857e-03	5.073244e-03	-8.691891e-04	5.087010e-03	-5.956199e-03	5.521604e-03	3.528066e-04	-1.945199e-04	-7.420222e-04	-5.655310e-04	-1.764912e-04
376           	1.085202e-02	5.778739e-03	5.073285e-03	-8.691909e-04	5.086964e-03	-5.956155e-03	5.521559e-03	3.527267e-04	-1.944785e-04	-7.418856e-04	-5.654213e-04	-1.764643e-04
377           	1.085195e-02	5.778620e-03	5.073329e-03	-8.691927e-04	5.086919e-03	-5.956112e-03	5.521516e-03	3.526457e-04	-1.944364e-04	-7.417469e-04	-5.653099e-04	-1.764370e-04
378           	1.085187e-02	5.778495e-03	5.073380e-03	-8.691950e-04	5.086876e-03	-5.956071e-03	5.521473e-03	3.525573e-04	-1.943907e-04	-7.415949e-04	-5.651882e-04	-1.764067e-04
379           	1.085180e-02	5.778378e-03	5.073426e-03	-8.691969e-04	5.086833e-03	-5.956030e-03	5.521432e-03	3.524761e-04	-1.943484e-04	-7.414554e-04	-5.650760e-04	-1.763793e-04
380           	1.085173e-02	5.778262e-03	5.073473e-03	-8.691987e-04	5.086792e-03	-5.955991e-03	5.521392e-03	3.523945e-04	-1.943057e-04	-7.413150e-04	-5.649632e-04	-1.763518e-04
381           	1.085167e-02	5.778146e-03	5.073521e-03	-8.692006e-04	5.086752e-03	-5.955953e-03	5.521353e-03	3.523125e-04	-1.942627e-04	-7.411740e-04	-5.648497e-04	-1.763243e-04
382           	1.085160e-02	5.778032e-03	5.073571e-03	-8.692024e-04	5.086713e-03	-5.955916e-03	5.521315e-03	3.522305e-04	-1.942196e-04	-7.410325e-04	-5.647358e-04	-1.762967e-04
383           	1.085154e-02	5.777918e-03	5.073621e-03	-8.692043e-04	5.086675e-03	-5.955880e-03	5.521278e-03	3.521484e-04	-1.941763e-04	-7.408911e-04	-5.646219e-04	-1.762692e-04
384           	1.085148e-02	5.777806e-03	5.073673e-03	-8.692060e-04	5.086639e-03	-5.955845e-03	5.521242e-03	3.520666e-04	-1.941331e-04	-7.407499e-04	-5.645081e-04	-1.762419e-04
385           	1.085142e-02	5.777695e-03	5.073725e-03	-8.692078e-04	5.086603e-03	-5.955811e-03	5.521207e-03	3.519852e-04	-1.940899e-04	-7.406094e-04	-5.643946e-04	-1.762148e-04
386           	1.085136e-02	5.777586e-03	5.073778e-03	-8.692094e-04	5.086568e-03	-5.955778e-03	5.521173e-03	3.519043e-04	-1.940469e-04	-7.404696e-04	-5.642817e-04	-1.761879e-04
387           	1.085131e-02	5.777478e-03	5.073831e-03	-8.692111e-04	5.086535e-03	-5.955746e-03	5.521140e-03	3.518238e-04	-1.940040e-04	-7.403306e-04	-5.641693e-04	-1.761614e-04
388           	1.085126e-02	5.777372e-03	5.073884e-03	-8.692126e-04	5.086502e-03	-5.955715e-03	5.521109e-03	3.517438e-04	-1.939611e-04	-7.401925e-04	-5.640573e-04	-1.761351e-04
389           	1.085121e-02	5.777267e-03	5.073939e-03	-8.692142e-04	5.086471e-03	-5.955685e-03	5.521078e-03	3.516642e-04	-1.939183e-04	-7.400549e-04	-5.639457e-04	-1.761092e-04
390           	1.085116e-02	5.777163e-03	5.073994e-03	-8.692156e-04	5.086440e-03	-5.955656e-03	5.521048e-03	3.515848e-04	-1.938754e-04	-7.399178e-04	-5.638343e-04	-1.760835e-04
391           	1.085111e-02	5.777060e-03	5.074049e-03	-8.692171e-04	5.086411e-03	-5.955628e-03	5.521019e-03	3.515056e-04	-1.938325e-04	-7.397810e-04	-5.637230e-04	-1.760581e-04
392           	1.085106e-02	5.776959e-03	5.074106e-03	-8.692185e-04	5.086382e-03	-5.955600e-03	5.520991e-03	3.514265e-04	-1.937894e-04	-7.396444e-04	-5.636115e-04	-1.760328e-04
393           	1.085102e-02	5.776857e-03	5.074163e-03	-8.692198e-04	5.086354e-03	-5.955574e-03	5.520964e-03	3.513474e-04	-1.937460e-04	-7.395077e-04	-5.634999e-04	-1.760078e-04
394           	1.085098e-02	5.776757e-03	5.074221e-03	-8.692212e-04	5.086327e-03	-5.955548e-03	5.520937e-03	3.512681e-04	-1.937025e-04	-7.393708e-04	-5.633879e-04	-1.759829e-04
395           	1.085094e-02	5.776657e-03	5.074280e-03	-8.692225e-04	5.086301e-03	-5.955523e-03	5.520912e-03	3.511887e-04	-1.936587e-04	-7.392338e-04	-5.632755e-04	-1.759582e-04
396           	1.085090e-02	5.776558e-03	5.074340e-03	-8.692238e-04	5.086275e-03	-5.955499e-03	5.520887e-03	3.511092e-04	-1.936146e-04	-7.390965e-04	-5.631628e-04	-1.759337e-04
397           	1.085086e-02	5.776460e-03	5.074401e-03	-8.692250e-04	5.086251e-03	-5.955476e-03	5.520863e-03	3.510296e-04	-1.935703e-04	-7.389591e-04	-5.630498e-04	-1.759093e-04
398           	1.085082e-02	5.776362e-03	5.074462e-03	-8.692262e-04	5.086227e-03	-5.955453e-03	5.520840e-03	3.509500e-04	-1.935258e-04	-7.388215e-04	-5.629365e-04	-1.758850e-04
399           	1.085079e-02	5.776265e-03	5.074525e-03	-8.692274e-04	5.086204e-03	-5.955432e-03	5.520818e-03	3.508703e-04	-1.934811e-04	-7.386839e-04	-5.628231e-04	-1.758608e-04
400           	1.085076e-02	5.776169e-03	5.074588e-03	-8.692286e-04	5.086182e-03	-5.955411e-03	5.520796e-03	3.507906e-04	-1.934363e-04	-7.385463e-04	-5.627095e-04	-1.758368e-04
401           	1.085073e-02	5.776074e-03	5.074652e-03	-8.692297e-04	5.086161e-03	-5.955390e-03	5.520776e-03	3.507110e-04	-1.933914e-04	-7.384088e-04	-5.625958e-04	-1.758130e-04
402           	1.085070e-02	5.775979e-03	5.074716e-03	-8.692308e-04	5.086140e-03	-5.955371e-03	5.520755e-03	3.506316e-04	-1.933465e-04	-7.382715e-04	-5.624822e-04	-1.757893e-04
403           	1.085067e-02	5.775886e-03	5.074781e-03	-8.692318e-04	5.086120e-03	-5.955352e-03	5.520736e-03	3.505523e-04	-1.933015e-04	-7.381343e-04	-5.623687e-04	-1.757657e-04
404           	1.085064e-02	5.775793e-03	5.074847e-03	-8.692328e-04	5.086101e-03	-5.955334e-03	5.520718e-03	3.504731e-04	-1.932565e-04	-7.379975e-04	-5.622552e-04	-1.757422e-04
405           	1.085061e-02	5.775701e-03	5.074913e-03	-8.692338e-04	5.086083e-03	-5.955317e-03	5.520700e-03	3.503942e-04	-1.932115e-04	-7.378609e-04	-5.621420e-04	-1.757189e-04
406           	1.085059e-02	5.775610e-03	5.074979e-03	-8.692348e-04	5.086065e-03	-5.955300e-03	5.520682e-03	3.503154e-04	-1.931665e-04	-7.377246e-04	-5.620288e-04	-1.756958e-04
407           	1.085057e-02	5.775519e-03	5.075046e-03	-8.692357e-04	5.086048e-03	-5.955284e-03	5.520666e-03	3.502367e-04	-1.931215e-04	-7.375885e-04	-5.619158e-04	-1.756727e-04
408           	1.085054e-02	5.775430e-03	5.075113e-03	-8.692366e-04	5.086032e-03	-5.955268e-03	5.520650e-03	3.501583e-04	-1.930765e-04	-7.374528e-04	-5.618029e-04	-1.756498e-04
409           	1.085052e-02	5.775341e-03	5.075181e-03	-8.692375e-04	5.086016e-03	-5.955253e-03	5.520635e-03	3.500800e-04	-1.930316e-04	-7.373173e-04	-5.616902e-04	-1.756271e-04
410           	1.085050e-02	5.775253e-03	5.075250e-03	-8.692383e-04	5.086001e-03	-5.955239e-03	5.520620e-03	3.500018e-04	-1.929865e-04	-7.371820e-04	-5.615775e-04	-1.756044e-04
411           	1.085048e-02	5.775166e-03	5.075318e-03	-8.692391e-04	5.085986e-03	-5.955225e-03	5.520606e-03	3.499237e-04	-1.929415e-04	-7.370470e-04	-5.614650e-04	-1.755820e-04
412           	1.085047e-02	5.775079e-03	5.075388e-03	-8.692399e-04	5.085973e-03	-5.955212e-03	5.520592e-03	3.498457e-04	-1.928965e-04	-7.369122e-04	-5.613526e-04	-1.755596e-04
413           	1.085045e-02	5.774993e-03	5.075457e-03	-8.692406e-04	5.085959e-03	-5.955200e-03	5.520580e-03	3.497679e-04	-1.928515e-04	-7.367778e-04	-5.612404e-04	-1.755374e-04
414           	1.085044e-02	5.774908e-03	5.075527e-03	-8.692414e-04	5.085947e-03	-5.955188e-03	5.520567e-03	3.496903e-04	-1.928065e-04	-7.366436e-04	-5.611283e-04	-1.755153e-04
415           	1.085042e-02	5.774823e-03	5.075598e-03	-8.692421e-04	5.085935e-03	-5.955177e-03	5.520556e-03	3.496128e-04	-1.927615e-04	-7.365098e-04	-5.610164e-04	-1.754934e-04
416           	1.085041e-02	5.774740e-03	5.075668e-03	-8.692428e-04	5.085923e-03	-5.955166e-03	5.520544e-03	3.495355e-04	-1.927166e-04	-7.363763e-04	-5.609047e-04	-1.754716e-04
417           	1.085040e-02	5.774656e-03	5.075740e-03	-8.692434e-04	5.085912e-03	-5.955156e-03	5.520534e-03	3.494584e-04	-1.926717e-04	-7.362432e-04	-5.607933e-04	-1.754499e-04
418           	1.085038e-02	5.774574e-03	5.075811e-03	-8.692441e-04	5.085902e-03	-5.955146e-03	5.520524e-03	3.493815e-04	-1.926269e-04	-7.361105e-04	-5.606821e-04	-1.754283e-04
419           	1.085037e-02	5.774492e-03	5.075883e-03	-8.692447e-04	5.085892e-03	-5.955137e-03	5.520514e-03	3.493048e-04	-1.925822e-04	-7.359782e-04	-5.605713e-04	-1.754069e-04
420           	1.085037e-02	5.774411e-03	5.075954e-03	-8.692453e-04	5.085883e-03	-5.955128e-03	5.520505e-03	3.492284e-04	-1.925375e-04	-7.358464e-04	-5.604607e-04	-1.753857e-04
421           	1.085036e-02	5.774331e-03	5.076027e-03	-8.692458e-04	5.085874e-03	-5.955120e-03	5.520497e-03	3.491522e-04	-1.924930e-04	-7.357150e-04	-5.603505e-04	-1.753645e-04
422           	1.085035e-02	5.774251e-03	5.076099e-03	-8.692464e-04	5.085865e-03	-5.955112e-03	5.520489e-03	3.490763e-04	-1.924485e-04	-7.355841e-04	-5.602406e-04	-1.753435e-04
423           	1.085034e-02	5.774173e-03	5.076171e-03	-8.692469e-04	5.085857e-03	-5.955104e-03	5.520481e-03	3.490007e-04	-1.924042e-04	-7.354537e-04	-5.601311e-04	-1.753226e-04
424           	1.085034e-02	5.774095e-03	5.076244e-03	-8.692474e-04	5.085850e-03	-5.955097e-03	5.520474e-03	3.489254e-04	-1.923600e-04	-7.353238e-04	-5.600220e-04	-1.753019e-04
425           	1.085033e-02	5.774017e-03	5.076316e-03	-8.692479e-04	5.085843e-03	-5.955091e-03	5.520467e-03	3.488504e-04	-1.923160e-04	-7.351945e-04	-5.599133e-04	-1.752813e-04
426           	1.085033e-02	5.773941e-03	5.076389e-03	-8.692483e-04	5.085837e-03	-5.955085e-03	5.520461e-03	3.487758e-04	-1.922721e-04	-7.350659e-04	-5.598051e-04	-1.752608e-04
427           	1.085033e-02	5.773865e-03	5.076462e-03	-8.692487e-04	5.085831e-03	-5.955079e-03	5.520455e-03	3.487015e-04	-1.922285e-04	-7.349378e-04	-5.596973e-04	-1.752404e-04
428           	1.085032e-02	5.773790e-03	5.076535e-03	-8.692492e-04	5.085825e-03	-5.955074e-03	5.520450e-03	3.486276e-04	-1.921849e-04	-7.348104e-04	-5.595901e-04	-1.752202e-04
429           	1.085032e-02	5.773716e-03	5.076608e-03	-8.692496e-04	5.085820e-03	-5.955069e-03	5.520445e-03	3.485541e-04	-1.921416e-04	-7.346836e-04	-5.594834e-04	-1.752002e-04
430           	1.085032e-02	5.773642e-03	5.076680e-03	-8.692499e-04	5.085815e-03	-5.955065e-03	5.520440e-03	3.484810e-04	-1.920985e-04	-7.345575e-04	-5.593773e-04	-1.751802e-04
431           	1.085032e-02	5.773570e-03	5.076753e-03	-8.692503e-04	5.085811e-03	-5.955061e-03	5.520436e-03	3.484083e-04	-1.920556e-04	-7.344321e-04	-5.592717e-04	-1.751605e-04
432           	1.085032e-02	5.773498e-03	5.076826e-03	-8.692506e-04	5.085807e-03	-5.955057e-03	5.520432e-03	3.483360e-04	-1.920129e-04	-7.343074e-04	-5.591666e-04	-1.751408e-04
433           	1.085032e-02	5.773426e-03	5.076898e-03	-8.692509e-04	5.085803e-03	-5.955054e-03	5.520428e-03	3.482641e-04	-1.919704e-04	-7.341834e-04	-5.590621e-04	-1.751213e-04
434           	1.085033e-02	5.773356e-03	5.076971e-03	-8.692512e-04	5.085800e-03	-5.955051e-03	5.520425e-03	3.481926e-04	-1.919281e-04	-7.340601e-04	-5.589582e-04	-1.751020e-04
435           	1.085033e-02	5.773286e-03	5.077043e-03	-8.692515e-04	5.085797e-03	-5.955048e-03	5.520423e-03	3.481216e-04	-1.918861e-04	-7.339376e-04	-5.588548e-04	-1.750827e-04
436           	1.085033e-02	5.773217e-03	5.077116e-03	-8.692518e-04	5.085794e-03	-5.955046e-03	5.520420e-03	3.480509e-04	-1.918442e-04	-7.338157e-04	-5.587521e-04	-1.750637e-04
437           	1.085034e-02	5.773149e-03	5.077188e-03	-8.692520e-04	5.085792e-03	-5.955044e-03	5.520418e-03	3.479807e-04	-1.918026e-04	-7.336946e-04	-5.586499e-04	-1.750447e-04
438           	1.085034e-02	5.773082e-03	5.077260e-03	-8.692523e-04	5.085790e-03	-5.955042e-03	5.520416e-03	3.479109e-04	-1.917612e-04	-7.335742e-04	-5.585483e-04	-1.750260e-04
439           	1.085035e-02	5.773015e-03	5.077332e-03	-8.692525e-04	5.085789e-03	-5.955041e-03	5.520415e-03	3.478416e-04	-1.917200e-04	-7.334547e-04	-5.584473e-04	-1.750073e-04
440           	1.085035e-02	5.772949e-03	5.077403e-03	-8.692527e-04	5.085787e-03	-5.955040e-03	5.520414e-03	3.477727e-04	-1.916791e-04	-7.333359e-04	-5.583470e-04	-1.749889e-04
441           	1.085036e-02	5.772884e-03	5.077475e-03	-8.692528e-04	5.085786e-03	-5.955039e-03	5.520413e-03	3.477044e-04	-1.916385e-04	-7.332179e-04	-5.582474e-04	-1.749705e-04
442           	1.085037e-02	5.772819e-03	5.077546e-03	-8.692530e-04	5.085786e-03	-5.955039e-03	5.520412e-03	3.476366e-04	-1.915981e-04	-7.331008e-04	-5.581485e-04	-1.749523e-04
443           	1.085037e-02	5.772756e-03	5.077617e-03	-8.692531e-04	5.085786e-03	-5.955039e-03	5.520412e-03	3.475692e-04	-1.915580e-04	-7.329846e-04	-5.580504e-04	-1.749343e-04
444           	1.085038e-02	5.772693e-03	5.077688e-03	-8.692533e-04	5.085785e-03	-5.955039e-03	5.520412e-03	3.475024e-04	-1.915183e-04	-7.328693e-04	-5.579529e-04	-1.749164e-04
445           	1.085039e-02	5.772631e-03	5.077758e-03	-8.692534e-04	5.085786e-03	-5.955039e-03	5.520412e-03	3.474362e-04	-1.914788e-04	-7.327549e-04	-5.578562e-04	-1.748986e-04
446           	1.085040e-02	5.772570e-03	5.077828e-03	-8.692535e-04	5.085786e-03	-5.955040e-03	5.520413e-03	3.473705e-04	-1.914397e-04	-7.326414e-04	-5.577603e-04	-1.748810e-04
447           	1.085041e-02	5.772509e-03	5.077898e-03	-8.692536e-04	5.085787e-03	-5.955041e-03	5.520414e-03	3.473054e-04	-1.914008e-04	-7.325288e-04	-5.576652e-04	-1.748636e-04
448           	1.085042e-02	5.772449e-03	5.077968e-03	-8.692537e-04	5.085788e-03	-5.955042e-03	5.520415e-03	3.472409e-04	-1.913623e-04	-7.324172e-04	-5.575709e-04	-1.748463e-04
449           	1.085043e-02	5.772391e-03	5.078037e-03	-8.692537e-04	5.085789e-03	-5.955043e-03	5.520416e-03	3.471769e-04	-1.913241e-04	-7.323066e-04	-5.574774e-04	-1.748292e-04
450           	1.085044e-02	5.772332e-03	5.078105e-03	-8.692538e-04	5.085791e-03	-5.955044e-03	5.520418e-03	3.471136e-04	-1.912863e-04	-7.321970e-04	-5.573848e-04	-1.748122e-04
451           	1.085045e-02	5.772275e-03	5.078174e-03	-8.692538e-04	5.085792e-03	-5.955046e-03	5.520419e-03	3.470508e-04	-1.912488e-04	-7.320883e-04	-5.572929e-04	-1.747954e-04
