# Force and moment coefficients
# dragDir     : (1.000000e+00 0.000000e+00 0.000000e+00)
# sideDir     : (0.000000e+00 0.000000e+00 -1.000000e+00)
# liftDir     : (0.000000e+00 1.000000e+00 0.000000e+00)
# rollAxis    : (1.000000e+00 0.000000e+00 0.000000e+00)
# pitchAxis   : (0.000000e+00 0.000000e+00 -1.000000e+00)
# yawAxis     : (0.000000e+00 1.000000e+00 0.000000e+00)
# magUInf     : 6.661800e+00
# lRef        : 1.499270e-01
# Aref        : 5.000000e-02
# CofR        : (3.750000e-02 0.000000e+00 0.000000e+00)
#
# Time        	Cd            	Cd(f)         	Cd(r)         	Cl            	Cl(f)         	Cl(r)         	CmPitch       	CmRoll        	CmYaw         	Cs            	Cs(f)         	Cs(r)         
1             	2.193677e-01	1.156813e-01	1.036864e-01	-7.081893e-03	-2.862375e-04	-6.795655e-03	3.254709e-03	5.997488e-03	9.187156e-02	-1.734014e-03	9.100455e-02	-9.273857e-02
2             	1.650250e-01	8.736789e-02	7.765712e-02	-5.582793e-03	-9.826585e-05	-5.484527e-03	2.693131e-03	4.855386e-03	6.832395e-02	-1.335634e-03	6.765613e-02	-6.899177e-02
3             	1.282064e-01	6.717814e-02	6.102822e-02	-3.413949e-03	-3.668818e-05	-3.377261e-03	1.670286e-03	3.074961e-03	5.277481e-02	-6.352307e-04	5.245719e-02	-5.309243e-02
4             	9.986671e-02	5.106580e-02	4.880091e-02	-1.114859e-03	-5.978795e-05	-1.055071e-03	4.976416e-04	1.132441e-03	4.118632e-02	1.852774e-04	4.127896e-02	-4.109368e-02
5             	7.669658e-02	3.771596e-02	3.898062e-02	9.563205e-04	-1.150502e-04	1.071371e-03	-5.932104e-04	-6.323292e-04	3.196452e-02	9.624520e-04	3.244575e-02	-3.148329e-02
6             	5.796702e-02	2.704021e-02	3.092681e-02	2.503440e-03	-1.635882e-04	2.667028e-03	-1.415308e-03	-1.943298e-03	2.462849e-02	1.558707e-03	2.540785e-02	-2.384914e-02
7             	4.370075e-02	1.918335e-02	2.451740e-02	3.386010e-03	-1.805266e-04	3.566537e-03	-1.873532e-03	-2.667029e-03	1.906065e-02	1.891296e-03	2.000630e-02	-1.811500e-02
8             	3.383397e-02	1.411983e-02	1.971415e-02	3.597446e-03	-1.562890e-04	3.753735e-03	-1.955012e-03	-2.797161e-03	1.516388e-02	1.930546e-03	1.612915e-02	-1.419861e-02
9             	2.792048e-02	1.152025e-02	1.640022e-02	3.251771e-03	-9.709620e-05	3.348867e-03	-1.722982e-03	-2.439984e-03	1.273525e-02	1.701111e-03	1.358580e-02	-1.188469e-02
10            	2.516577e-02	1.082015e-02	1.434562e-02	2.526334e-03	-2.126932e-05	2.547603e-03	-1.284436e-03	-1.762738e-03	1.146786e-02	1.271838e-03	1.210378e-02	-1.083194e-02
11            	2.458303e-02	1.133604e-02	1.324699e-02	1.624631e-03	4.849037e-05	1.576141e-03	-7.638253e-04	-9.554718e-04	1.100087e-02	7.388304e-04	1.137029e-02	-1.063145e-02
12            	2.518517e-02	1.239958e-02	1.278559e-02	7.388837e-04	9.245050e-05	6.464332e-04	-2.769914e-04	-1.930019e-04	1.098394e-02	2.033730e-04	1.108563e-02	-1.088226e-02
13            	2.614935e-02	1.347521e-02	1.267414e-02	1.052262e-05	9.844907e-05	-8.792645e-05	9.318776e-05	4.005325e-04	1.113028e-02	-2.482764e-04	1.100615e-02	-1.125442e-02
14            	2.689835e-02	1.420604e-02	1.269230e-02	-4.741509e-04	6.479505e-05	-5.389460e-04	3.018705e-04	7.568695e-04	1.124310e-02	-5.562209e-04	1.096499e-02	-1.152121e-02
15            	2.712977e-02	1.442946e-02	1.270031e-02	-6.867756e-04	3.467996e-07	-6.871224e-04	3.437346e-04	8.645730e-04	1.122078e-02	-6.929904e-04	1.087428e-02	-1.156727e-02
16            	2.678253e-02	1.415168e-02	1.263085e-02	-6.516935e-04	-7.902108e-05	-5.726724e-04	2.468256e-04	7.604158e-04	1.104194e-02	-6.641113e-04	1.070988e-02	-1.137399e-02
17            	2.596248e-02	1.349063e-02	1.247186e-02	-4.271021e-04	-1.549160e-04	-2.721861e-04	5.863507e-05	5.093839e-04	1.073810e-02	-5.017807e-04	1.048721e-02	-1.098899e-02
18            	2.486445e-02	1.262212e-02	1.224233e-02	-9.186071e-05	-2.107392e-04	1.188785e-04	-1.648088e-04	1.898965e-04	1.036698e-02	-2.554081e-04	1.023927e-02	-1.049468e-02
19            	2.369738e-02	1.172461e-02	1.197277e-02	2.725023e-04	-2.353370e-04	5.078393e-04	-3.715881e-04	-1.240812e-04	9.987994e-03	2.005481e-05	9.998022e-03	-9.977967e-03
20            	2.262635e-02	1.093422e-02	1.169214e-02	6.011935e-04	-2.247943e-04	8.259878e-04	-5.253910e-04	-3.789609e-04	9.644801e-03	2.754123e-04	9.782507e-03	-9.507094e-03
21            	2.174974e-02	1.033256e-02	1.141718e-02	8.470540e-04	-1.828886e-04	1.029943e-03	-6.064156e-04	-5.423099e-04	9.359628e-03	4.743600e-04	9.596808e-03	-9.122448e-03
22            	2.109421e-02	9.942025e-03	1.115218e-02	9.861117e-04	-1.195993e-04	1.105711e-03	-6.126552e-04	-6.050783e-04	9.133478e-03	5.974977e-04	9.432227e-03	-8.834729e-03
23            	2.062929e-02	9.736296e-03	1.089299e-02	1.017020e-03	-4.831435e-05	1.065335e-03	-5.568245e-04	-5.783487e-04	8.952125e-03	6.421776e-04	9.273214e-03	-8.631036e-03
24            	2.029017e-02	9.658279e-03	1.063189e-02	9.563429e-04	1.718485e-05	9.391581e-04	-4.609866e-04	-4.868068e-04	8.793920e-03	6.194950e-04	9.103668e-03	-8.484172e-03
25            	2.000454e-02	9.641481e-03	1.036306e-02	8.315784e-04	6.550549e-05	7.660729e-04	-3.502837e-04	-3.607904e-04	8.638245e-03	5.491727e-04	8.912831e-03	-8.363658e-03
26            	1.971311e-02	9.627424e-03	1.008569e-02	6.736888e-04	8.971553e-05	5.839733e-04	-2.471289e-04	-2.291307e-04	8.471157e-03	4.541592e-04	8.698237e-03	-8.244078e-03
27            	1.938018e-02	9.575480e-03	9.804699e-03	5.117537e-04	8.819018e-05	4.235635e-04	-1.676867e-04	-1.146094e-04	8.287657e-03	3.560840e-04	8.465699e-03	-8.109615e-03
28            	1.899676e-02	9.466558e-03	9.530201e-03	3.694771e-04	6.431188e-05	3.051653e-04	-1.204267e-04	-3.182153e-05	8.091280e-03	2.718939e-04	8.227227e-03	-7.955333e-03
29            	1.857682e-02	9.302240e-03	9.274580e-03	2.621551e-04	2.519682e-05	2.369583e-04	-1.058807e-04	1.382997e-05	7.891780e-03	2.120336e-04	7.997796e-03	-7.785763e-03
30            	1.814871e-02	9.099408e-03	9.049300e-03	1.959539e-04	-2.020222e-05	2.161561e-04	-1.181792e-04	2.505396e-05	7.701591e-03	1.802047e-04	7.791693e-03	-7.611489e-03
31            	1.774411e-02	8.882052e-03	8.862053e-03	1.693857e-04	-6.306903e-05	2.324547e-04	-1.477619e-04	9.999156e-06	7.532091e-03	1.744680e-04	7.619325e-03	-7.444857e-03
32            	1.738914e-02	8.674161e-03	8.714982e-03	1.747532e-04	-9.637239e-05	2.711256e-04	-1.837490e-04	-2.041008e-05	7.390917e-03	1.890187e-04	7.485426e-03	-7.296407e-03
33            	1.709884e-02	8.494400e-03	8.604438e-03	2.008393e-04	-1.159624e-04	3.168017e-04	-2.163820e-04	-5.501933e-05	7.280596e-03	2.161438e-04	7.388668e-03	-7.172525e-03
34            	1.687514e-02	8.352931e-03	8.522211e-03	2.356983e-04	-1.208470e-04	3.565453e-04	-2.386962e-04	-8.464007e-05	7.198581e-03	2.480740e-04	7.322618e-03	-7.074544e-03
35            	1.670823e-02	8.250815e-03	8.457417e-03	2.688191e-04	-1.128945e-04	3.817135e-04	-2.473040e-04	-1.033010e-04	7.138336e-03	2.783653e-04	7.277519e-03	-6.999154e-03
36            	1.658028e-02	8.181467e-03	8.398814e-03	2.926944e-04	-9.601881e-05	3.887133e-04	-2.423660e-04	-1.086737e-04	7.091115e-03	3.026748e-04	7.242452e-03	-6.939777e-03
37            	1.647033e-02	8.133486e-03	8.336845e-03	3.034300e-04	-7.511253e-05	3.785425e-04	-2.268275e-04	-1.016794e-04	7.047908e-03	3.189471e-04	7.207381e-03	-6.888434e-03
38            	1.635909e-02	8.093988e-03	8.265102e-03	3.005816e-04	-5.497161e-05	3.555532e-04	-2.052624e-04	-8.555681e-05	7.001173e-03	3.271222e-04	7.164734e-03	-6.837612e-03
39            	1.623258e-02	8.051632e-03	8.180951e-03	2.863939e-04	-3.941748e-05	3.258113e-04	-1.826144e-04	-6.465981e-05	6.945996e-03	3.285545e-04	7.110274e-03	-6.781719e-03
40            	1.608398e-02	7.998644e-03	8.085335e-03	2.647651e-04	-3.074884e-05	2.955140e-04	-1.631314e-04	-4.334542e-05	6.880523e-03	3.253474e-04	7.043196e-03	-6.717849e-03
41            	1.591361e-02	7.931718e-03	7.981896e-03	2.400864e-04	-2.957083e-05	2.696573e-04	-1.496141e-04	-2.508915e-05	6.805713e-03	3.197309e-04	6.965578e-03	-6.645847e-03
42            	1.572752e-02	7.851823e-03	7.875702e-03	2.162067e-04	-3.498696e-05	2.511936e-04	-1.430903e-04	-1.193959e-05	6.724614e-03	3.136179e-04	6.881423e-03	-6.567805e-03
43            	1.553512e-02	7.763176e-03	7.771941e-03	1.957573e-04	-4.503647e-05	2.407938e-04	-1.429151e-04	-4.382664e-06	6.641358e-03	3.083453e-04	6.795531e-03	-6.487185e-03
44            	1.534660e-02	7.671763e-03	7.674837e-03	1.798567e-04	-5.724494e-05	2.371016e-04	-1.471733e-04	-1.536629e-06	6.560171e-03	3.046103e-04	6.712476e-03	-6.407866e-03
45            	1.517072e-02	7.583810e-03	7.586911e-03	1.681056e-04	-6.918765e-05	2.372933e-04	-1.532405e-04	-1.550602e-06	6.484533e-03	3.025493e-04	6.635808e-03	-6.333259e-03
46            	1.501320e-02	7.504429e-03	7.508773e-03	1.590074e-04	-7.892777e-05	2.379352e-04	-1.584315e-04	-2.171678e-06	6.416647e-03	3.019080e-04	6.567601e-03	-6.265693e-03
47            	1.487612e-02	7.436830e-03	7.439293e-03	1.504319e-04	-8.530325e-05	2.357352e-04	-1.605192e-04	-1.231744e-06	6.357254e-03	3.022332e-04	6.508371e-03	-6.206138e-03
48            	1.475809e-02	7.381953e-03	7.376141e-03	1.402364e-04	-8.800531e-05	2.282417e-04	-1.581235e-04	2.906063e-06	6.305749e-03	3.030466e-04	6.457273e-03	-6.154226e-03
49            	1.465514e-02	7.338680e-03	7.316458e-03	1.267287e-04	-8.749019e-05	2.142189e-04	-1.508545e-04	1.111083e-05	6.260552e-03	3.039641e-04	6.412534e-03	-6.108570e-03
50            	1.456191e-02	7.304347e-03	7.257560e-03	1.090313e-04	-8.475848e-05	1.937898e-04	-1.392741e-04	2.339347e-05	6.219577e-03	3.047558e-04	6.371954e-03	-6.067199e-03
51            	1.447291e-02	7.275451e-03	7.197461e-03	8.721639e-05	-8.107180e-05	1.682882e-04	-1.246800e-04	3.899489e-05	6.180700e-03	3.053539e-04	6.333377e-03	-6.028023e-03
52            	1.438359e-02	7.248391e-03	7.135195e-03	6.225878e-05	-7.766803e-05	1.399268e-04	-1.087974e-04	5.659834e-05	6.142138e-03	3.058017e-04	6.295038e-03	-5.989237e-03
53            	1.429098e-02	7.220123e-03	7.070856e-03	3.575488e-05	-7.553672e-05	1.112916e-04	-9.341416e-05	7.463321e-05	6.102704e-03	3.062039e-04	6.255806e-03	-5.949602e-03
54            	1.419398e-02	7.188539e-03	7.005445e-03	9.630562e-06	-7.527002e-05	8.490058e-05	-8.008530e-05	9.154704e-05	6.061883e-03	3.066702e-04	6.215218e-03	-5.908548e-03
55            	1.409318e-02	7.152652e-03	6.940524e-03	-1.423861e-05	-7.701601e-05	6.277740e-05	-6.989671e-05	1.060638e-04	6.019778e-03	3.072718e-04	6.173414e-03	-5.866143e-03
56            	1.399038e-02	7.112552e-03	6.877826e-03	-3.436555e-05	-8.052161e-05	4.615606e-05	-6.333883e-05	1.173626e-04	5.976958e-03	3.080210e-04	6.130969e-03	-5.822948e-03
57            	1.388804e-02	7.069183e-03	6.818861e-03	-4.989323e-05	-8.523991e-05	3.534669e-05	-6.029330e-05	1.251611e-04	5.934243e-03	3.088706e-04	6.088679e-03	-5.779808e-03
58            	1.378867e-02	7.024037e-03	6.764630e-03	-6.070317e-05	-9.047134e-05	2.976817e-05	-6.011975e-05	1.297034e-04	5.892495e-03	3.097309e-04	6.047360e-03	-5.737629e-03
59            	1.369427e-02	6.978807e-03	6.715463e-03	-6.740365e-05	-9.551361e-05	2.810996e-05	-6.181178e-05	1.316722e-04	5.852439e-03	3.104959e-04	6.007687e-03	-5.697191e-03
60            	1.360609e-02	6.935087e-03	6.671007e-03	-7.118603e-05	-9.978475e-05	2.859872e-05	-6.419173e-05	1.320399e-04	5.814550e-03	3.110700e-04	5.970085e-03	-5.659015e-03
61            	1.352449e-02	6.894136e-03	6.630357e-03	-7.358665e-05	-1.029021e-04	2.931548e-05	-6.610880e-05	1.318898e-04	5.779014e-03	3.113885e-04	5.934708e-03	-5.623320e-03
62            	1.344902e-02	6.856758e-03	6.592258e-03	-7.623105e-05	-1.047192e-04	2.848819e-05	-6.660372e-05	1.322499e-04	5.745742e-03	3.114291e-04	5.901457e-03	-5.590027e-03
63            	1.337862e-02	6.823256e-03	6.555359e-03	-8.057413e-05	-1.053144e-04	2.474030e-05	-6.502737e-05	1.339485e-04	5.714437e-03	3.112137e-04	5.870044e-03	-5.558831e-03
64            	1.331193e-02	6.793492e-03	6.518443e-03	-8.769851e-05	-1.049443e-04	1.724577e-05	-6.109502e-05	1.375242e-04	5.684685e-03	3.107993e-04	5.840084e-03	-5.529285e-03
65            	1.324759e-02	6.766978e-03	6.480608e-03	-9.818292e-05	-1.039753e-04	5.792416e-06	-5.488387e-05	1.431848e-04	5.656040e-03	3.102651e-04	5.811173e-03	-5.500908e-03
66            	1.318439e-02	6.743007e-03	6.441380e-03	-1.120514e-04	-1.028085e-04	-9.242919e-06	-4.678279e-05	1.508137e-04	5.628109e-03	3.096957e-04	5.782957e-03	-5.473261e-03
67            	1.312153e-02	6.720805e-03	6.400722e-03	-1.288518e-04	-1.018091e-04	-2.704271e-05	-3.738320e-05	1.600415e-04	5.600603e-03	3.091655e-04	5.755185e-03	-5.446020e-03
68            	1.305860e-02	6.699612e-03	6.358992e-03	-1.477268e-04	-1.012567e-04	-4.647003e-05	-2.739335e-05	1.703097e-04	5.573354e-03	3.087292e-04	5.727718e-03	-5.418989e-03
69            	1.299562e-02	6.678808e-03	6.316815e-03	-1.676318e-04	-1.013169e-04	-6.631490e-05	-1.750102e-05	1.809969e-04	5.546325e-03	3.084232e-04	5.700536e-03	-5.392113e-03
70            	1.293286e-02	6.657927e-03	6.274938e-03	-1.874600e-04	-1.020336e-04	-8.542643e-05	-8.303592e-06	1.914946e-04	5.519563e-03	3.082476e-04	5.673687e-03	-5.365439e-03
71            	1.287079e-02	6.636686e-03	6.234103e-03	-2.062167e-04	-1.033433e-04	-1.028734e-04	-2.349606e-07	2.012915e-04	5.493179e-03	3.081815e-04	5.647269e-03	-5.339088e-03
72            	1.280990e-02	6.614979e-03	6.194922e-03	-2.231441e-04	-1.051027e-04	-1.180414e-04	6.469337e-06	2.100285e-04	5.467304e-03	3.081900e-04	5.621399e-03	-5.313209e-03
73            	1.275064e-02	6.592848e-03	6.157795e-03	-2.378003e-04	-1.071235e-04	-1.306767e-04	1.177662e-05	2.175266e-04	5.442061e-03	3.082333e-04	5.596178e-03	-5.287944e-03
74            	1.269331e-02	6.570440e-03	6.122875e-03	-2.500772e-04	-1.092068e-04	-1.408704e-04	1.583179e-05	2.237828e-04	5.417538e-03	3.082739e-04	5.571675e-03	-5.263401e-03
75            	1.263805e-02	6.547955e-03	6.090093e-03	-2.601449e-04	-1.111705e-04	-1.489744e-04	1.890195e-05	2.289309e-04	5.393776e-03	3.082826e-04	5.547917e-03	-5.239635e-03
76            	1.258482e-02	6.525651e-03	6.059167e-03	-2.684751e-04	-1.128804e-04	-1.555947e-04	2.135716e-05	2.332419e-04	5.370776e-03	3.082412e-04	5.524896e-03	-5.216655e-03
77            	1.253347e-02	6.503761e-03	6.029710e-03	-2.756473e-04	-1.142518e-04	-1.613955e-04	2.357182e-05	2.370254e-04	5.348499e-03	3.081432e-04	5.502571e-03	-5.194428e-03
78            	1.248377e-02	6.482483e-03	6.001291e-03	-2.822850e-04	-1.152551e-04	-1.670299e-04	2.588741e-05	2.405961e-04	5.326886e-03	3.079922e-04	5.480882e-03	-5.172890e-03
79            	1.243547e-02	6.461966e-03	5.973505e-03	-2.889665e-04	-1.159099e-04	-1.730566e-04	2.857332e-05	2.442304e-04	5.305865e-03	3.077990e-04	5.459764e-03	-5.151965e-03
80            	1.238833e-02	6.442303e-03	5.946029e-03	-2.961539e-04	-1.162730e-04	-1.798810e-04	3.180399e-05	2.481369e-04	5.285371e-03	3.075780e-04	5.439160e-03	-5.131582e-03
81            	1.234218e-02	6.423530e-03	5.918651e-03	-3.041480e-04	-1.164232e-04	-1.877248e-04	3.565083e-05	2.524397e-04	5.265352e-03	3.073441e-04	5.419024e-03	-5.111680e-03
82            	1.229691e-02	6.405632e-03	5.891280e-03	-3.130737e-04	-1.164475e-04	-1.966263e-04	4.008940e-05	2.571762e-04	5.245773e-03	3.071099e-04	5.399328e-03	-5.092218e-03
83            	1.225249e-02	6.388553e-03	5.863938e-03	-3.228909e-04	-1.164277e-04	-2.064632e-04	4.501777e-05	2.623077e-04	5.226618e-03	3.068846e-04	5.380061e-03	-5.073176e-03
84            	1.220893e-02	6.372204e-03	5.836729e-03	-3.334268e-04	-1.164320e-04	-2.169948e-04	5.028144e-05	2.677374e-04	5.207885e-03	3.066729e-04	5.361221e-03	-5.054548e-03
85            	1.216629e-02	6.356478e-03	5.809812e-03	-3.444184e-04	-1.165084e-04	-2.279101e-04	5.570086e-05	2.733333e-04	5.189578e-03	3.064760e-04	5.342816e-03	-5.036340e-03
86            	1.212462e-02	6.341255e-03	5.783362e-03	-3.555521e-04	-1.166823e-04	-2.388697e-04	6.109369e-05	2.789464e-04	5.171707e-03	3.062921e-04	5.324853e-03	-5.018561e-03
87            	1.208397e-02	6.326432e-03	5.757534e-03	-3.665425e-04	-1.169615e-04	-2.495810e-04	6.630975e-05	2.844491e-04	5.154278e-03	3.061179e-04	5.307337e-03	-5.001219e-03
88            	1.204436e-02	6.311913e-03	5.732449e-03	-3.771336e-04	-1.173361e-04	-2.597975e-04	7.123072e-05	2.897320e-04	5.137292e-03	3.059494e-04	5.290266e-03	-4.984317e-03
89            	1.200580e-02	6.297619e-03	5.708181e-03	-3.871337e-04	-1.177846e-04	-2.693491e-04	7.578222e-05	2.947189e-04	5.120741e-03	3.057835e-04	5.273633e-03	-4.967850e-03
90            	1.196825e-02	6.283493e-03	5.684755e-03	-3.964263e-04	-1.182792e-04	-2.781471e-04	7.993395e-05	2.993688e-04	5.104612e-03	3.056179e-04	5.257421e-03	-4.951803e-03
91            	1.193165e-02	6.269498e-03	5.662149e-03	-4.049711e-04	-1.187903e-04	-2.861809e-04	8.369529e-05	3.036745e-04	5.088884e-03	3.054517e-04	5.241610e-03	-4.936159e-03
92            	1.189593e-02	6.255623e-03	5.640311e-03	-4.127929e-04	-1.192904e-04	-2.935025e-04	8.710601e-05	3.076560e-04	5.073536e-03	3.052852e-04	5.226178e-03	-4.920893e-03
93            	1.186104e-02	6.241869e-03	5.619167e-03	-4.199633e-04	-1.197571e-04	-3.002062e-04	9.022456e-05	3.113509e-04	5.058543e-03	3.051194e-04	5.211103e-03	-4.905984e-03
94            	1.182689e-02	6.228252e-03	5.598639e-03	-4.265830e-04	-1.201743e-04	-3.064087e-04	9.311718e-05	3.148065e-04	5.043888e-03	3.049560e-04	5.196366e-03	-4.891410e-03
95            	1.179345e-02	6.214793e-03	5.578660e-03	-4.327528e-04	-1.205320e-04	-3.122208e-04	9.584440e-05	3.180662e-04	5.029552e-03	3.047965e-04	5.181950e-03	-4.877154e-03
96            	1.176069e-02	6.201523e-03	5.559167e-03	-4.385874e-04	-1.208291e-04	-3.177583e-04	9.846462e-05	3.211778e-04	5.015525e-03	3.046420e-04	5.167846e-03	-4.863204e-03
97            	1.172859e-02	6.188468e-03	5.540120e-03	-4.441730e-04	-1.210684e-04	-3.231046e-04	1.010181e-04	3.241742e-04	5.001801e-03	3.044933e-04	5.154047e-03	-4.849554e-03
98            	1.169714e-02	6.175649e-03	5.521496e-03	-4.495710e-04	-1.212563e-04	-3.283146e-04	1.035292e-04	3.270763e-04	4.988375e-03	3.043506e-04	5.140551e-03	-4.836200e-03
99            	1.166637e-02	6.163077e-03	5.503290e-03	-4.548142e-04	-1.214006e-04	-3.334137e-04	1.060066e-04	3.298932e-04	4.975248e-03	3.042137e-04	5.127355e-03	-4.823141e-03
100           	1.163626e-02	6.150757e-03	5.485508e-03	-4.599127e-04	-1.215097e-04	-3.384031e-04	1.084467e-04	3.326245e-04	4.962418e-03	3.040822e-04	5.114459e-03	-4.810377e-03
101           	1.160684e-02	6.138685e-03	5.468158e-03	-4.648578e-04	-1.215918e-04	-3.432661e-04	1.108371e-04	3.352634e-04	4.949886e-03	3.039554e-04	5.101864e-03	-4.797908e-03
102           	1.157810e-02	6.126836e-03	5.451265e-03	-4.695984e-04	-1.216536e-04	-3.479448e-04	1.131456e-04	3.377858e-04	4.937646e-03	3.038333e-04	5.089563e-03	-4.785730e-03
103           	1.155004e-02	6.115219e-03	5.434821e-03	-4.741495e-04	-1.217012e-04	-3.524482e-04	1.153735e-04	3.401993e-04	4.925699e-03	3.037150e-04	5.077557e-03	-4.773842e-03
104           	1.152265e-02	6.103819e-03	5.418828e-03	-4.784871e-04	-1.217387e-04	-3.567484e-04	1.175048e-04	3.424955e-04	4.914039e-03	3.036002e-04	5.065839e-03	-4.762238e-03
105           	1.149592e-02	6.092636e-03	5.403285e-03	-4.826079e-04	-1.217679e-04	-3.608400e-04	1.195361e-04	3.446755e-04	4.902666e-03	3.034966e-04	5.054414e-03	-4.750917e-03
106           	1.146982e-02	6.081636e-03	5.388182e-03	-4.864742e-04	-1.217902e-04	-3.646839e-04	1.214468e-04	3.467266e-04	4.891562e-03	3.034019e-04	5.043263e-03	-4.739861e-03
107           	1.144431e-02	6.070805e-03	5.373505e-03	-4.900824e-04	-1.218054e-04	-3.682770e-04	1.232358e-04	3.486504e-04	4.880717e-03	3.033133e-04	5.032374e-03	-4.729061e-03
108           	1.141937e-02	6.060137e-03	5.359234e-03	-4.934370e-04	-1.218120e-04	-3.716249e-04	1.249064e-04	3.504515e-04	4.870121e-03	3.032287e-04	5.021735e-03	-4.718507e-03
109           	1.139498e-02	6.049626e-03	5.345352e-03	-4.965484e-04	-1.218083e-04	-3.747401e-04	1.264659e-04	3.521368e-04	4.859763e-03	3.031462e-04	5.011337e-03	-4.708190e-03
110           	1.137111e-02	6.039269e-03	5.331841e-03	-4.994322e-04	-1.217921e-04	-3.776401e-04	1.279240e-04	3.537143e-04	4.849637e-03	3.030649e-04	5.001170e-03	-4.698105e-03
111           	1.134775e-02	6.029052e-03	5.318694e-03	-5.020776e-04	-1.217609e-04	-3.803166e-04	1.292778e-04	3.551792e-04	4.839732e-03	3.029849e-04	4.991225e-03	-4.688240e-03
112           	1.132488e-02	6.018996e-03	5.305886e-03	-5.045364e-04	-1.217143e-04	-3.828221e-04	1.305539e-04	3.565548e-04	4.830047e-03	3.029060e-04	4.981500e-03	-4.678594e-03
113           	1.130251e-02	6.009101e-03	5.293407e-03	-5.068243e-04	-1.216515e-04	-3.851728e-04	1.317606e-04	3.578471e-04	4.820577e-03	3.028290e-04	4.971992e-03	-4.669163e-03
114           	1.128062e-02	5.999369e-03	5.281247e-03	-5.089545e-04	-1.215726e-04	-3.873819e-04	1.329047e-04	3.590608e-04	4.811318e-03	3.027548e-04	4.962696e-03	-4.659941e-03
115           	1.125920e-02	5.989800e-03	5.269401e-03	-5.109378e-04	-1.214779e-04	-3.894600e-04	1.339910e-04	3.601993e-04	4.802267e-03	3.026843e-04	4.953609e-03	-4.650924e-03
116           	1.123825e-02	5.980392e-03	5.257862e-03	-5.127827e-04	-1.213679e-04	-3.914148e-04	1.350235e-04	3.612651e-04	4.793419e-03	3.026184e-04	4.944728e-03	-4.642110e-03
117           	1.121777e-02	5.971144e-03	5.246624e-03	-5.144963e-04	-1.212433e-04	-3.932530e-04	1.360048e-04	3.622598e-04	4.784771e-03	3.025576e-04	4.936050e-03	-4.633492e-03
118           	1.119774e-02	5.962054e-03	5.235684e-03	-5.160845e-04	-1.211049e-04	-3.949796e-04	1.369373e-04	3.631854e-04	4.776320e-03	3.025021e-04	4.927571e-03	-4.625069e-03
119           	1.117815e-02	5.953119e-03	5.225033e-03	-5.175527e-04	-1.209538e-04	-3.965989e-04	1.378226e-04	3.640432e-04	4.768061e-03	3.024519e-04	4.919287e-03	-4.616835e-03
120           	1.115900e-02	5.944337e-03	5.214666e-03	-5.189065e-04	-1.207910e-04	-3.981155e-04	1.386622e-04	3.648353e-04	4.759990e-03	3.024067e-04	4.911194e-03	-4.608787e-03
121           	1.114028e-02	5.935699e-03	5.204579e-03	-5.201433e-04	-1.206170e-04	-3.995263e-04	1.394546e-04	3.655599e-04	4.752102e-03	3.023661e-04	4.903285e-03	-4.600919e-03
122           	1.112197e-02	5.927210e-03	5.194759e-03	-5.212799e-04	-1.204335e-04	-4.008465e-04	1.402065e-04	3.662257e-04	4.744393e-03	3.023296e-04	4.895558e-03	-4.593228e-03
123           	1.110407e-02	5.918869e-03	5.185197e-03	-5.223220e-04	-1.202411e-04	-4.020809e-04	1.409199e-04	3.668361e-04	4.736860e-03	3.022965e-04	4.888008e-03	-4.585711e-03
124           	1.108656e-02	5.910675e-03	5.175886e-03	-5.232748e-04	-1.200406e-04	-4.032343e-04	1.415968e-04	3.673946e-04	4.729497e-03	3.022664e-04	4.880630e-03	-4.578364e-03
125           	1.106944e-02	5.902625e-03	5.166816e-03	-5.241430e-04	-1.198324e-04	-4.043107e-04	1.422392e-04	3.679046e-04	4.722300e-03	3.022390e-04	4.873420e-03	-4.571181e-03
126           	1.105270e-02	5.894717e-03	5.157979e-03	-5.249305e-04	-1.196169e-04	-4.053136e-04	1.428483e-04	3.683688e-04	4.715266e-03	3.022141e-04	4.866373e-03	-4.564159e-03
127           	1.103632e-02	5.886949e-03	5.149370e-03	-5.256410e-04	-1.193947e-04	-4.062463e-04	1.434258e-04	3.687896e-04	4.708389e-03	3.021915e-04	4.859485e-03	-4.557294e-03
128           	1.102030e-02	5.879319e-03	5.140981e-03	-5.262776e-04	-1.191662e-04	-4.071114e-04	1.439726e-04	3.691690e-04	4.701667e-03	3.021711e-04	4.852752e-03	-4.550581e-03
129           	1.100463e-02	5.871825e-03	5.132807e-03	-5.268443e-04	-1.189324e-04	-4.079119e-04	1.444898e-04	3.695090e-04	4.695095e-03	3.021530e-04	4.846171e-03	-4.544018e-03
130           	1.098931e-02	5.864465e-03	5.124841e-03	-5.273450e-04	-1.186941e-04	-4.086509e-04	1.449784e-04	3.698118e-04	4.688670e-03	3.021371e-04	4.839738e-03	-4.537601e-03
131           	1.097432e-02	5.857238e-03	5.117079e-03	-5.277829e-04	-1.184520e-04	-4.093309e-04	1.454394e-04	3.700791e-04	4.682389e-03	3.021234e-04	4.833450e-03	-4.531327e-03
132           	1.095966e-02	5.850140e-03	5.109516e-03	-5.281606e-04	-1.182068e-04	-4.099538e-04	1.458735e-04	3.703119e-04	4.676248e-03	3.021119e-04	4.827304e-03	-4.525192e-03
133           	1.094532e-02	5.843170e-03	5.102149e-03	-5.284788e-04	-1.179588e-04	-4.105200e-04	1.462806e-04	3.705106e-04	4.670246e-03	3.021025e-04	4.821297e-03	-4.519194e-03
134           	1.093130e-02	5.836323e-03	5.094974e-03	-5.287371e-04	-1.177084e-04	-4.110286e-04	1.466601e-04	3.706746e-04	4.664378e-03	3.020951e-04	4.815426e-03	-4.513330e-03
135           	1.091759e-02	5.829596e-03	5.087989e-03	-5.289359e-04	-1.174561e-04	-4.114798e-04	1.470118e-04	3.708035e-04	4.658643e-03	3.020897e-04	4.809687e-03	-4.507598e-03
136           	1.090418e-02	5.822985e-03	5.081192e-03	-5.290751e-04	-1.172021e-04	-4.118730e-04	1.473355e-04	3.708967e-04	4.653036e-03	3.020860e-04	4.804079e-03	-4.501993e-03
137           	1.089107e-02	5.816486e-03	5.074580e-03	-5.291539e-04	-1.169464e-04	-4.122075e-04	1.476305e-04	3.709529e-04	4.647557e-03	3.020841e-04	4.798599e-03	-4.496515e-03
138           	1.087825e-02	5.810095e-03	5.068152e-03	-5.291716e-04	-1.166890e-04	-4.124826e-04	1.478968e-04	3.709716e-04	4.642202e-03	3.020837e-04	4.793244e-03	-4.491160e-03
139           	1.086571e-02	5.803805e-03	5.061904e-03	-5.291242e-04	-1.164299e-04	-4.126943e-04	1.481322e-04	3.709501e-04	4.636966e-03	3.020850e-04	4.788009e-03	-4.485924e-03
140           	1.085345e-02	5.797619e-03	5.055833e-03	-5.290190e-04	-1.161688e-04	-4.128501e-04	1.483407e-04	3.708927e-04	4.631850e-03	3.020875e-04	4.782894e-03	-4.480806e-03
141           	1.084147e-02	5.791536e-03	5.049934e-03	-5.288582e-04	-1.159056e-04	-4.129526e-04	1.485235e-04	3.708007e-04	4.626851e-03	3.020911e-04	4.777897e-03	-4.475806e-03
142           	1.082976e-02	5.785554e-03	5.044203e-03	-5.286447e-04	-1.156402e-04	-4.130045e-04	1.486822e-04	3.706756e-04	4.621966e-03	3.020958e-04	4.773014e-03	-4.470918e-03
143           	1.081831e-02	5.779674e-03	5.038635e-03	-5.283821e-04	-1.153725e-04	-4.130096e-04	1.488186e-04	3.705195e-04	4.617193e-03	3.021015e-04	4.768244e-03	-4.466143e-03
144           	1.080712e-02	5.773892e-03	5.033224e-03	-5.280747e-04	-1.151025e-04	-4.129721e-04	1.489348e-04	3.703342e-04	4.612530e-03	3.021081e-04	4.763584e-03	-4.461476e-03
145           	1.079618e-02	5.768210e-03	5.027966e-03	-5.277264e-04	-1.148306e-04	-4.128958e-04	1.490326e-04	3.701218e-04	4.607973e-03	3.021157e-04	4.759031e-03	-4.456915e-03
146           	1.078548e-02	5.762625e-03	5.022857e-03	-5.273408e-04	-1.145569e-04	-4.127839e-04	1.491135e-04	3.698842e-04	4.603520e-03	3.021243e-04	4.754582e-03	-4.452458e-03
147           	1.077503e-02	5.757138e-03	5.017890e-03	-5.269214e-04	-1.142817e-04	-4.126397e-04	1.491790e-04	3.696238e-04	4.599169e-03	3.021337e-04	4.750236e-03	-4.448102e-03
148           	1.076481e-02	5.751747e-03	5.013062e-03	-5.264712e-04	-1.140051e-04	-4.124661e-04	1.492305e-04	3.693424e-04	4.594918e-03	3.021440e-04	4.745990e-03	-4.443846e-03
149           	1.075482e-02	5.746453e-03	5.008369e-03	-5.259925e-04	-1.137273e-04	-4.122653e-04	1.492690e-04	3.690420e-04	4.590765e-03	3.021551e-04	4.741842e-03	-4.439687e-03
150           	1.074506e-02	5.741253e-03	5.003805e-03	-5.254878e-04	-1.134483e-04	-4.120395e-04	1.492956e-04	3.687242e-04	4.586707e-03	3.021670e-04	4.737790e-03	-4.435623e-03
151           	1.073552e-02	5.736149e-03	4.999368e-03	-5.249592e-04	-1.131682e-04	-4.117910e-04	1.493114e-04	3.683906e-04	4.582742e-03	3.021796e-04	4.733832e-03	-4.431652e-03
152           	1.072619e-02	5.731138e-03	4.995054e-03	-5.244088e-04	-1.128870e-04	-4.115218e-04	1.493174e-04	3.680423e-04	4.578869e-03	3.021928e-04	4.729966e-03	-4.427773e-03
153           	1.071708e-02	5.726220e-03	4.990859e-03	-5.238385e-04	-1.126048e-04	-4.112337e-04	1.493144e-04	3.676805e-04	4.575086e-03	3.022066e-04	4.726189e-03	-4.423983e-03
154           	1.070817e-02	5.721393e-03	4.986781e-03	-5.232497e-04	-1.123219e-04	-4.109279e-04	1.493030e-04	3.673057e-04	4.571391e-03	3.022209e-04	4.722501e-03	-4.420280e-03
155           	1.069947e-02	5.716655e-03	4.982817e-03	-5.226438e-04	-1.120383e-04	-4.106055e-04	1.492836e-04	3.669188e-04	4.567781e-03	3.022357e-04	4.718899e-03	-4.416663e-03
156           	1.069097e-02	5.712005e-03	4.978965e-03	-5.220221e-04	-1.117544e-04	-4.102677e-04	1.492567e-04	3.665201e-04	4.564256e-03	3.022510e-04	4.715382e-03	-4.413131e-03
157           	1.068266e-02	5.707442e-03	4.975221e-03	-5.213862e-04	-1.114703e-04	-4.099159e-04	1.492228e-04	3.661105e-04	4.560814e-03	3.022666e-04	4.711947e-03	-4.409680e-03
158           	1.067455e-02	5.702964e-03	4.971583e-03	-5.207372e-04	-1.111864e-04	-4.095508e-04	1.491822e-04	3.656904e-04	4.557452e-03	3.022826e-04	4.708593e-03	-4.406311e-03
159           	1.066662e-02	5.698570e-03	4.968049e-03	-5.200751e-04	-1.109032e-04	-4.091719e-04	1.491344e-04	3.652603e-04	4.554169e-03	3.022990e-04	4.705319e-03	-4.403020e-03
160           	1.065887e-02	5.694257e-03	4.964617e-03	-5.193997e-04	-1.106209e-04	-4.087788e-04	1.490789e-04	3.648201e-04	4.550964e-03	3.023157e-04	4.702122e-03	-4.399806e-03
161           	1.065131e-02	5.690024e-03	4.961284e-03	-5.187102e-04	-1.103398e-04	-4.083704e-04	1.490153e-04	3.643699e-04	4.547834e-03	3.023327e-04	4.699001e-03	-4.396668e-03
162           	1.064392e-02	5.685869e-03	4.958049e-03	-5.180061e-04	-1.100601e-04	-4.079460e-04	1.489429e-04	3.639097e-04	4.544779e-03	3.023500e-04	4.695954e-03	-4.393604e-03
163           	1.063670e-02	5.681789e-03	4.954910e-03	-5.172867e-04	-1.097820e-04	-4.075047e-04	1.488614e-04	3.634395e-04	4.541796e-03	3.023676e-04	4.692979e-03	-4.390612e-03
164           	1.062965e-02	5.677783e-03	4.951864e-03	-5.165511e-04	-1.095054e-04	-4.070457e-04	1.487701e-04	3.629591e-04	4.538883e-03	3.023855e-04	4.690076e-03	-4.387690e-03
165           	1.062276e-02	5.673849e-03	4.948911e-03	-5.157989e-04	-1.092307e-04	-4.065682e-04	1.486688e-04	3.624687e-04	4.536040e-03	3.024037e-04	4.687242e-03	-4.384838e-03
166           	1.061603e-02	5.669985e-03	4.946048e-03	-5.150300e-04	-1.089579e-04	-4.060722e-04	1.485571e-04	3.619686e-04	4.533264e-03	3.024220e-04	4.684475e-03	-4.382053e-03
167           	1.060946e-02	5.666190e-03	4.943272e-03	-5.142443e-04	-1.086871e-04	-4.055572e-04	1.484350e-04	3.614589e-04	4.530555e-03	3.024406e-04	4.681775e-03	-4.379334e-03
168           	1.060305e-02	5.662463e-03	4.940583e-03	-5.134419e-04	-1.084186e-04	-4.050233e-04	1.483024e-04	3.609401e-04	4.527910e-03	3.024594e-04	4.679140e-03	-4.376680e-03
169           	1.059678e-02	5.658802e-03	4.937978e-03	-5.126229e-04	-1.081525e-04	-4.044704e-04	1.481590e-04	3.604123e-04	4.525328e-03	3.024784e-04	4.676567e-03	-4.374089e-03
170           	1.059066e-02	5.655206e-03	4.935454e-03	-5.117873e-04	-1.078887e-04	-4.038985e-04	1.480049e-04	3.598760e-04	4.522808e-03	3.024975e-04	4.674057e-03	-4.371560e-03
171           	1.058468e-02	5.651671e-03	4.933009e-03	-5.109352e-04	-1.076281e-04	-4.033070e-04	1.478395e-04	3.593310e-04	4.520347e-03	3.025170e-04	4.671606e-03	-4.369089e-03
172           	1.057884e-02	5.648199e-03	4.930643e-03	-5.100666e-04	-1.073697e-04	-4.026969e-04	1.476636e-04	3.587779e-04	4.517946e-03	3.025365e-04	4.669214e-03	-4.366678e-03
173           	1.057314e-02	5.644788e-03	4.928355e-03	-5.091815e-04	-1.071134e-04	-4.020681e-04	1.474773e-04	3.582168e-04	4.515603e-03	3.025559e-04	4.666881e-03	-4.364325e-03
174           	1.056758e-02	5.641438e-03	4.926141e-03	-5.082801e-04	-1.068593e-04	-4.014207e-04	1.472807e-04	3.576481e-04	4.513317e-03	3.025754e-04	4.664605e-03	-4.362029e-03
175           	1.056215e-02	5.638146e-03	4.924002e-03	-5.073628e-04	-1.066075e-04	-4.007553e-04	1.470739e-04	3.570722e-04	4.511086e-03	3.025948e-04	4.662384e-03	-4.359789e-03
176           	1.055685e-02	5.634912e-03	4.921935e-03	-5.064275e-04	-1.063569e-04	-4.000706e-04	1.468568e-04	3.564888e-04	4.508910e-03	3.026143e-04	4.660217e-03	-4.357603e-03
177           	1.055167e-02	5.631736e-03	4.919936e-03	-5.054790e-04	-1.061088e-04	-3.993701e-04	1.466306e-04	3.559000e-04	4.506787e-03	3.026337e-04	4.658104e-03	-4.355470e-03
178           	1.054662e-02	5.628616e-03	4.918002e-03	-5.045188e-04	-1.058633e-04	-3.986555e-04	1.463961e-04	3.553067e-04	4.504715e-03	3.026532e-04	4.656041e-03	-4.353388e-03
179           	1.054168e-02	5.625552e-03	4.916132e-03	-5.035485e-04	-1.056201e-04	-3.979283e-04	1.461541e-04	3.547098e-04	4.502692e-03	3.026727e-04	4.654029e-03	-4.351356e-03
180           	1.053687e-02	5.622543e-03	4.914323e-03	-5.025689e-04	-1.053793e-04	-3.971897e-04	1.459052e-04	3.541099e-04	4.500719e-03	3.026921e-04	4.652065e-03	-4.349373e-03
181           	1.053216e-02	5.619589e-03	4.912574e-03	-5.015810e-04	-1.051406e-04	-3.964404e-04	1.456499e-04	3.535076e-04	4.498793e-03	3.027116e-04	4.650149e-03	-4.347438e-03
182           	1.052757e-02	5.616689e-03	4.910883e-03	-5.005855e-04	-1.049041e-04	-3.956814e-04	1.453887e-04	3.529033e-04	4.496915e-03	3.027310e-04	4.648280e-03	-4.345549e-03
183           	1.052309e-02	5.613843e-03	4.909248e-03	-4.995836e-04	-1.046695e-04	-3.949140e-04	1.451223e-04	3.522977e-04	4.495082e-03	3.027504e-04	4.646457e-03	-4.343707e-03
184           	1.051872e-02	5.611050e-03	4.907667e-03	-4.985764e-04	-1.044371e-04	-3.941393e-04	1.448511e-04	3.516914e-04	4.493294e-03	3.027696e-04	4.644679e-03	-4.341909e-03
185           	1.051444e-02	5.608307e-03	4.906135e-03	-4.975670e-04	-1.042075e-04	-3.933595e-04	1.445760e-04	3.510859e-04	4.491548e-03	3.027892e-04	4.642942e-03	-4.340153e-03
186           	1.051027e-02	5.605617e-03	4.904657e-03	-4.965538e-04	-1.039797e-04	-3.925741e-04	1.442972e-04	3.504803e-04	4.489845e-03	3.028085e-04	4.641250e-03	-4.338441e-03
187           	1.050621e-02	5.602979e-03	4.903229e-03	-4.955375e-04	-1.037538e-04	-3.917837e-04	1.440150e-04	3.498749e-04	4.488186e-03	3.028276e-04	4.639600e-03	-4.336772e-03
188           	1.050224e-02	5.600391e-03	4.901851e-03	-4.945193e-04	-1.035297e-04	-3.909896e-04	1.437299e-04	3.492704e-04	4.486568e-03	3.028463e-04	4.637991e-03	-4.335145e-03
189           	1.049837e-02	5.597854e-03	4.900520e-03	-4.935006e-04	-1.033076e-04	-3.901930e-04	1.434427e-04	3.486673e-04	4.484991e-03	3.028648e-04	4.636423e-03	-4.333559e-03
190           	1.049460e-02	5.595366e-03	4.899234e-03	-4.924829e-04	-1.030876e-04	-3.893953e-04	1.431538e-04	3.480663e-04	4.483453e-03	3.028832e-04	4.634895e-03	-4.332012e-03
191           	1.049298e-02	5.594482e-03	4.898495e-03	-4.922263e-04	-1.029667e-04	-3.892596e-04	1.431465e-04	3.479936e-04	4.482762e-03	3.028287e-04	4.634176e-03	-4.331348e-03
192           	1.049150e-02	5.594012e-03	4.897489e-03	-4.924710e-04	-1.029133e-04	-3.895577e-04	1.433222e-04	3.482618e-04	4.482115e-03	3.027293e-04	4.633480e-03	-4.330750e-03
193           	1.049006e-02	5.593694e-03	4.896364e-03	-4.929258e-04	-1.028957e-04	-3.900301e-04	1.435672e-04	3.486649e-04	4.481477e-03	3.026141e-04	4.632784e-03	-4.330170e-03
194           	1.048855e-02	5.593293e-03	4.895258e-03	-4.933229e-04	-1.028840e-04	-3.904389e-04	1.437774e-04	3.490175e-04	4.480819e-03	3.025082e-04	4.632073e-03	-4.329565e-03
195           	1.048692e-02	5.592661e-03	4.894259e-03	-4.934942e-04	-1.028601e-04	-3.906342e-04	1.438870e-04	3.492011e-04	4.480122e-03	3.024280e-04	4.631336e-03	-4.328908e-03
196           	1.048514e-02	5.591725e-03	4.893416e-03	-4.933485e-04	-1.028126e-04	-3.905359e-04	1.438617e-04	3.491545e-04	4.479380e-03	3.023813e-04	4.630571e-03	-4.328189e-03
197           	1.048323e-02	5.590491e-03	4.892735e-03	-4.928815e-04	-1.027388e-04	-3.901427e-04	1.437019e-04	3.488778e-04	4.478597e-03	3.023678e-04	4.629780e-03	-4.327413e-03
198           	1.048121e-02	5.589019e-03	4.892195e-03	-4.921458e-04	-1.026409e-04	-3.895049e-04	1.434320e-04	3.484118e-04	4.477785e-03	3.023814e-04	4.628976e-03	-4.326594e-03
199           	1.047916e-02	5.587391e-03	4.891765e-03	-4.912142e-04	-1.025221e-04	-3.886922e-04	1.430850e-04	3.478133e-04	4.476962e-03	3.024132e-04	4.628169e-03	-4.325756e-03
200           	1.047711e-02	5.585706e-03	4.891401e-03	-4.901813e-04	-1.023883e-04	-3.877930e-04	1.427024e-04	3.471524e-04	4.476145e-03	3.024535e-04	4.627372e-03	-4.324918e-03
201           	1.047511e-02	5.584064e-03	4.891050e-03	-4.891585e-04	-1.022496e-04	-3.869089e-04	1.423297e-04	3.465068e-04	4.475349e-03	3.024928e-04	4.626595e-03	-4.324103e-03
202           	1.047321e-02	5.582520e-03	4.890688e-03	-4.882006e-04	-1.021089e-04	-3.860917e-04	1.419914e-04	3.459162e-04	4.474584e-03	3.025250e-04	4.625847e-03	-4.323322e-03
203           	1.047141e-02	5.581113e-03	4.890293e-03	-4.873517e-04	-1.019706e-04	-3.853811e-04	1.417052e-04	3.454096e-04	4.473856e-03	3.025464e-04	4.625130e-03	-4.322583e-03
204           	1.046971e-02	5.579849e-03	4.889857e-03	-4.866284e-04	-1.018375e-04	-3.847909e-04	1.414767e-04	3.449960e-04	4.473164e-03	3.025563e-04	4.624443e-03	-4.321886e-03
205           	1.046810e-02	5.578714e-03	4.889383e-03	-4.860200e-04	-1.017096e-04	-3.843104e-04	1.413004e-04	3.446652e-04	4.472505e-03	3.025558e-04	4.623783e-03	-4.321227e-03
206           	1.046655e-02	5.577680e-03	4.888872e-03	-4.855159e-04	-1.015903e-04	-3.839256e-04	1.411677e-04	3.444041e-04	4.471869e-03	3.025481e-04	4.623143e-03	-4.320595e-03
207           	1.046505e-02	5.576709e-03	4.888337e-03	-4.850823e-04	-1.014788e-04	-3.836034e-04	1.410623e-04	3.441862e-04	4.471247e-03	3.025368e-04	4.622516e-03	-4.319979e-03
208           	1.046355e-02	5.575762e-03	4.887793e-03	-4.846817e-04	-1.013738e-04	-3.833078e-04	1.409670e-04	3.439842e-04	4.470632e-03	3.025252e-04	4.621895e-03	-4.319370e-03
209           	1.046206e-02	5.574806e-03	4.887256e-03	-4.842808e-04	-1.012733e-04	-3.830075e-04	1.408671e-04	3.437749e-04	4.470019e-03	3.025161e-04	4.621277e-03	-4.318761e-03
210           	1.046055e-02	5.573820e-03	4.886732e-03	-4.838574e-04	-1.011765e-04	-3.826808e-04	1.407521e-04	3.435438e-04	4.469401e-03	3.025113e-04	4.620657e-03	-4.318146e-03
211           	1.045903e-02	5.572799e-03	4.886234e-03	-4.833963e-04	-1.010807e-04	-3.823156e-04	1.406174e-04	3.432823e-04	4.468782e-03	3.025110e-04	4.620038e-03	-4.317527e-03
212           	1.045751e-02	5.571744e-03	4.885764e-03	-4.828945e-04	-1.009847e-04	-3.819098e-04	1.404626e-04	3.429903e-04	4.468163e-03	3.025148e-04	4.619420e-03	-4.316905e-03
213           	1.045598e-02	5.570665e-03	4.885319e-03	-4.823570e-04	-1.008877e-04	-3.814693e-04	1.402908e-04	3.426731e-04	4.467545e-03	3.025218e-04	4.618806e-03	-4.316284e-03
214           	1.045447e-02	5.569576e-03	4.884897e-03	-4.817944e-04	-1.007894e-04	-3.810050e-04	1.401078e-04	3.423397e-04	4.466933e-03	3.025307e-04	4.618198e-03	-4.315668e-03
215           	1.045298e-02	5.568490e-03	4.884491e-03	-4.812198e-04	-1.006901e-04	-3.805297e-04	1.399198e-04	3.419997e-04	4.466329e-03	3.025404e-04	4.617599e-03	-4.315059e-03
216           	1.045151e-02	5.567420e-03	4.884095e-03	-4.806458e-04	-1.005899e-04	-3.800558e-04	1.397329e-04	3.416623e-04	4.465736e-03	3.025499e-04	4.617011e-03	-4.314461e-03
217           	1.045008e-02	5.566374e-03	4.883706e-03	-4.800827e-04	-1.004894e-04	-3.795932e-04	1.395519e-04	3.413342e-04	4.465154e-03	3.025585e-04	4.616433e-03	-4.313875e-03
218           	1.044867e-02	5.565357e-03	4.883318e-03	-4.795372e-04	-1.003890e-04	-3.791482e-04	1.393796e-04	3.410194e-04	4.464585e-03	3.025659e-04	4.615868e-03	-4.313302e-03
219           	1.044730e-02	5.564369e-03	4.882931e-03	-4.790123e-04	-1.002892e-04	-3.787231e-04	1.392170e-04	3.407191e-04	4.464027e-03	3.025721e-04	4.615313e-03	-4.312741e-03
220           	1.044595e-02	5.563408e-03	4.882544e-03	-4.785073e-04	-1.001903e-04	-3.783171e-04	1.390634e-04	3.404322e-04	4.463480e-03	3.025775e-04	4.614769e-03	-4.312191e-03
221           	1.044463e-02	5.562469e-03	4.882158e-03	-4.780194e-04	-1.000926e-04	-3.779268e-04	1.389171e-04	3.401559e-04	4.462942e-03	3.025823e-04	4.614233e-03	-4.311651e-03
222           	1.044332e-02	5.561547e-03	4.881774e-03	-4.775437e-04	-9.999622e-05	-3.775475e-04	1.387756e-04	3.398866e-04	4.462413e-03	3.025870e-04	4.613706e-03	-4.311119e-03
223           	1.044203e-02	5.560637e-03	4.881395e-03	-4.770755e-04	-9.990125e-05	-3.771743e-04	1.386365e-04	3.396206e-04	4.461890e-03	3.025919e-04	4.613186e-03	-4.310594e-03
224           	1.044076e-02	5.559734e-03	4.881024e-03	-4.766103e-04	-9.980757e-05	-3.768027e-04	1.384976e-04	3.393551e-04	4.461374e-03	3.025974e-04	4.612673e-03	-4.310076e-03
225           	1.043950e-02	5.558836e-03	4.880660e-03	-4.761446e-04	-9.971509e-05	-3.764295e-04	1.383572e-04	3.390879e-04	4.460864e-03	3.026034e-04	4.612166e-03	-4.309563e-03
226           	1.043825e-02	5.557942e-03	4.880306e-03	-4.756764e-04	-9.962365e-05	-3.760528e-04	1.382145e-04	3.388180e-04	4.460360e-03	3.026100e-04	4.611665e-03	-4.309055e-03
227           	1.043702e-02	5.557053e-03	4.879962e-03	-4.752051e-04	-9.953312e-05	-3.756720e-04	1.380694e-04	3.385454e-04	4.459862e-03	3.026172e-04	4.611171e-03	-4.308554e-03
228           	1.043580e-02	5.556169e-03	4.879628e-03	-4.747310e-04	-9.944336e-05	-3.752877e-04	1.379222e-04	3.382707e-04	4.459371e-03	3.026248e-04	4.610683e-03	-4.308058e-03
229           	1.043459e-02	5.555292e-03	4.879302e-03	-4.742555e-04	-9.935430e-05	-3.749012e-04	1.377734e-04	3.379950e-04	4.458886e-03	3.026327e-04	4.610202e-03	-4.307570e-03
230           	1.043341e-02	5.554424e-03	4.878985e-03	-4.737800e-04	-9.926587e-05	-3.745141e-04	1.376241e-04	3.377196e-04	4.458408e-03	3.026407e-04	4.609728e-03	-4.307088e-03
231           	1.043224e-02	5.553566e-03	4.878670e-03	-4.733089e-04	-9.917971e-05	-3.741292e-04	1.374747e-04	3.374484e-04	4.457935e-03	3.026493e-04	4.609260e-03	-4.306611e-03
232           	1.043108e-02	5.552720e-03	4.878362e-03	-4.728410e-04	-9.909360e-05	-3.737473e-04	1.373269e-04	3.371789e-04	4.457471e-03	3.026578e-04	4.608800e-03	-4.306142e-03
233           	1.042995e-02	5.551885e-03	4.878062e-03	-4.723767e-04	-9.900757e-05	-3.733691e-04	1.371808e-04	3.369116e-04	4.457014e-03	3.026660e-04	4.608347e-03	-4.305681e-03
234           	1.042883e-02	5.551062e-03	4.877768e-03	-4.719163e-04	-9.892175e-05	-3.729945e-04	1.370364e-04	3.366466e-04	4.456564e-03	3.026740e-04	4.607901e-03	-4.305227e-03
235           	1.042773e-02	5.550249e-03	4.877481e-03	-4.714599e-04	-9.883635e-05	-3.726235e-04	1.368936e-04	3.363839e-04	4.456121e-03	3.026820e-04	4.607462e-03	-4.304780e-03
236           	1.042665e-02	5.549447e-03	4.877200e-03	-4.710072e-04	-9.875155e-05	-3.722557e-04	1.367521e-04	3.361234e-04	4.455685e-03	3.026901e-04	4.607030e-03	-4.304340e-03
237           	1.042558e-02	5.548654e-03	4.876924e-03	-4.705582e-04	-9.866749e-05	-3.718907e-04	1.366116e-04	3.358649e-04	4.455256e-03	3.026982e-04	4.606605e-03	-4.303906e-03
238           	1.042452e-02	5.547870e-03	4.876654e-03	-4.701124e-04	-9.858430e-05	-3.715281e-04	1.364719e-04	3.356083e-04	4.454832e-03	3.027067e-04	4.606185e-03	-4.303478e-03
239           	1.042348e-02	5.547095e-03	4.876388e-03	-4.696696e-04	-9.850205e-05	-3.711676e-04	1.363327e-04	3.353532e-04	4.454414e-03	3.027153e-04	4.605771e-03	-4.303056e-03
240           	1.042246e-02	5.546327e-03	4.876128e-03	-4.692296e-04	-9.842077e-05	-3.708088e-04	1.361940e-04	3.350997e-04	4.454001e-03	3.027243e-04	4.605364e-03	-4.302639e-03
241           	1.042144e-02	5.545568e-03	4.875873e-03	-4.687921e-04	-9.834045e-05	-3.704517e-04	1.360556e-04	3.348476e-04	4.453595e-03	3.027334e-04	4.604961e-03	-4.302228e-03
242           	1.042044e-02	5.544820e-03	4.875623e-03	-4.683622e-04	-9.826099e-05	-3.701012e-04	1.359201e-04	3.345985e-04	4.453195e-03	3.027420e-04	4.604566e-03	-4.301824e-03
243           	1.041946e-02	5.544079e-03	4.875379e-03	-4.679321e-04	-9.818254e-05	-3.697496e-04	1.357835e-04	3.343499e-04	4.452800e-03	3.027510e-04	4.604175e-03	-4.301424e-03
244           	1.041848e-02	5.543344e-03	4.875140e-03	-4.675020e-04	-9.810502e-05	-3.693970e-04	1.356460e-04	3.341019e-04	4.452410e-03	3.027603e-04	4.603790e-03	-4.301030e-03
245           	1.041752e-02	5.542616e-03	4.874907e-03	-4.670725e-04	-9.802832e-05	-3.690442e-04	1.355079e-04	3.338547e-04	4.452026e-03	3.027700e-04	4.603411e-03	-4.300641e-03
246           	1.041658e-02	5.541896e-03	4.874679e-03	-4.666444e-04	-9.795233e-05	-3.686921e-04	1.353699e-04	3.336088e-04	4.451647e-03	3.027799e-04	4.603037e-03	-4.300257e-03
247           	1.041564e-02	5.541185e-03	4.874456e-03	-4.662187e-04	-9.787699e-05	-3.683418e-04	1.352324e-04	3.333645e-04	4.451274e-03	3.027898e-04	4.602668e-03	-4.299879e-03
248           	1.041472e-02	5.540482e-03	4.874237e-03	-4.657963e-04	-9.780226e-05	-3.679941e-04	1.350959e-04	3.331223e-04	4.450906e-03	3.027997e-04	4.602306e-03	-4.299506e-03
249           	1.041381e-02	5.539789e-03	4.874024e-03	-4.653778e-04	-9.772813e-05	-3.676496e-04	1.349608e-04	3.328825e-04	4.450544e-03	3.028096e-04	4.601948e-03	-4.299139e-03
250           	1.041292e-02	5.539104e-03	4.873814e-03	-4.649635e-04	-9.765460e-05	-3.673089e-04	1.348272e-04	3.326452e-04	4.450187e-03	3.028194e-04	4.601597e-03	-4.298777e-03
251           	1.041204e-02	5.538430e-03	4.873608e-03	-4.645538e-04	-9.758169e-05	-3.669721e-04	1.346952e-04	3.324106e-04	4.449836e-03	3.028291e-04	4.601250e-03	-4.298421e-03
252           	1.041117e-02	5.537764e-03	4.873407e-03	-4.641484e-04	-9.750943e-05	-3.666390e-04	1.345648e-04	3.321786e-04	4.449490e-03	3.028388e-04	4.600910e-03	-4.298071e-03
253           	1.041031e-02	5.537109e-03	4.873203e-03	-4.637523e-04	-9.744012e-05	-3.663121e-04	1.344360e-04	3.319531e-04	4.449148e-03	3.028487e-04	4.600573e-03	-4.297724e-03
254           	1.040947e-02	5.536463e-03	4.873005e-03	-4.633593e-04	-9.737071e-05	-3.659886e-04	1.343089e-04	3.317291e-04	4.448812e-03	3.028586e-04	4.600242e-03	-4.297383e-03
255           	1.040864e-02	5.535825e-03	4.872812e-03	-4.629687e-04	-9.730120e-05	-3.656675e-04	1.341832e-04	3.315062e-04	4.448482e-03	3.028684e-04	4.599916e-03	-4.297047e-03
256           	1.040782e-02	5.535193e-03	4.872632e-03	-4.625754e-04	-9.722942e-05	-3.653460e-04	1.340583e-04	3.312805e-04	4.448158e-03	3.028777e-04	4.599596e-03	-4.296719e-03
257           	1.040702e-02	5.534569e-03	4.872448e-03	-4.621897e-04	-9.716084e-05	-3.650289e-04	1.339340e-04	3.310606e-04	4.447837e-03	3.028875e-04	4.599281e-03	-4.296393e-03
258           	1.040622e-02	5.533954e-03	4.872269e-03	-4.618073e-04	-9.709269e-05	-3.647146e-04	1.338110e-04	3.308424e-04	4.447521e-03	3.028973e-04	4.598970e-03	-4.296073e-03
259           	1.040544e-02	5.533347e-03	4.872094e-03	-4.614283e-04	-9.702500e-05	-3.644033e-04	1.336891e-04	3.306261e-04	4.447211e-03	3.029072e-04	4.598664e-03	-4.295757e-03
260           	1.040467e-02	5.532747e-03	4.871923e-03	-4.610530e-04	-9.695784e-05	-3.640952e-04	1.335687e-04	3.304119e-04	4.446904e-03	3.029171e-04	4.598363e-03	-4.295446e-03
261           	1.040391e-02	5.532155e-03	4.871755e-03	-4.606818e-04	-9.689127e-05	-3.637905e-04	1.334496e-04	3.301999e-04	4.446603e-03	3.029270e-04	4.598066e-03	-4.295139e-03
262           	1.040316e-02	5.531571e-03	4.871590e-03	-4.603149e-04	-9.682535e-05	-3.634896e-04	1.333321e-04	3.299903e-04	4.446306e-03	3.029369e-04	4.597774e-03	-4.294837e-03
263           	1.040242e-02	5.530995e-03	4.871429e-03	-4.599526e-04	-9.676012e-05	-3.631925e-04	1.332162e-04	3.297833e-04	4.446013e-03	3.029468e-04	4.597487e-03	-4.294540e-03
264           	1.040170e-02	5.530427e-03	4.871269e-03	-4.595950e-04	-9.669561e-05	-3.628994e-04	1.331019e-04	3.295790e-04	4.445725e-03	3.029567e-04	4.597204e-03	-4.294247e-03
265           	1.040098e-02	5.529867e-03	4.871113e-03	-4.592421e-04	-9.663183e-05	-3.626103e-04	1.329892e-04	3.293774e-04	4.445442e-03	3.029666e-04	4.596925e-03	-4.293958e-03
266           	1.040027e-02	5.529315e-03	4.870959e-03	-4.588939e-04	-9.656876e-05	-3.623251e-04	1.328782e-04	3.291784e-04	4.445162e-03	3.029764e-04	4.596650e-03	-4.293674e-03
267           	1.039958e-02	5.528771e-03	4.870807e-03	-4.585501e-04	-9.650640e-05	-3.620437e-04	1.327686e-04	3.289820e-04	4.444887e-03	3.029863e-04	4.596380e-03	-4.293394e-03
268           	1.039889e-02	5.528235e-03	4.870659e-03	-4.582106e-04	-9.644472e-05	-3.617659e-04	1.326606e-04	3.287881e-04	4.444616e-03	3.029961e-04	4.596114e-03	-4.293118e-03
269           	1.039822e-02	5.527706e-03	4.870513e-03	-4.578752e-04	-9.638372e-05	-3.614915e-04	1.325539e-04	3.285966e-04	4.444349e-03	3.030059e-04	4.595852e-03	-4.292846e-03
270           	1.039755e-02	5.527184e-03	4.870370e-03	-4.575436e-04	-9.632337e-05	-3.612203e-04	1.324484e-04	3.284073e-04	4.444087e-03	3.030156e-04	4.595595e-03	-4.292579e-03
271           	1.039690e-02	5.526670e-03	4.870229e-03	-4.572157e-04	-9.626369e-05	-3.609520e-04	1.323442e-04	3.282201e-04	4.443828e-03	3.030253e-04	4.595341e-03	-4.292316e-03
272           	1.039625e-02	5.526162e-03	4.870092e-03	-4.568913e-04	-9.620467e-05	-3.606867e-04	1.322410e-04	3.280350e-04	4.443574e-03	3.030349e-04	4.595091e-03	-4.292056e-03
273           	1.039562e-02	5.525661e-03	4.869957e-03	-4.565703e-04	-9.614630e-05	-3.604240e-04	1.321389e-04	3.278520e-04	4.443323e-03	3.030445e-04	4.594845e-03	-4.291801e-03
274           	1.039499e-02	5.525167e-03	4.869826e-03	-4.562526e-04	-9.608860e-05	-3.601640e-04	1.320377e-04	3.276709e-04	4.443076e-03	3.030541e-04	4.594603e-03	-4.291549e-03
275           	1.039438e-02	5.524680e-03	4.869697e-03	-4.559383e-04	-9.603157e-05	-3.599067e-04	1.319376e-04	3.274918e-04	4.442834e-03	3.030636e-04	4.594365e-03	-4.291302e-03
276           	1.039377e-02	5.524200e-03	4.869571e-03	-4.556272e-04	-9.597521e-05	-3.596520e-04	1.318384e-04	3.273146e-04	4.442595e-03	3.030730e-04	4.594131e-03	-4.291058e-03
277           	1.039317e-02	5.523726e-03	4.869447e-03	-4.553194e-04	-9.591950e-05	-3.593999e-04	1.317402e-04	3.271394e-04	4.442359e-03	3.030824e-04	4.593900e-03	-4.290818e-03
278           	1.039258e-02	5.523258e-03	4.869326e-03	-4.550149e-04	-9.586446e-05	-3.591504e-04	1.316430e-04	3.269661e-04	4.442128e-03	3.030918e-04	4.593674e-03	-4.290582e-03
279           	1.039200e-02	5.522797e-03	4.869208e-03	-4.547137e-04	-9.581006e-05	-3.589036e-04	1.315468e-04	3.267947e-04	4.441900e-03	3.031010e-04	4.593450e-03	-4.290349e-03
280           	1.039143e-02	5.522342e-03	4.869092e-03	-4.544157e-04	-9.575630e-05	-3.586594e-04	1.314515e-04	3.266252e-04	4.441675e-03	3.031103e-04	4.593230e-03	-4.290120e-03
281           	1.039087e-02	5.521894e-03	4.868979e-03	-4.541209e-04	-9.570318e-05	-3.584177e-04	1.313573e-04	3.264576e-04	4.441454e-03	3.031194e-04	4.593014e-03	-4.289895e-03
282           	1.039032e-02	5.521452e-03	4.868868e-03	-4.538293e-04	-9.565070e-05	-3.581786e-04	1.312639e-04	3.262919e-04	4.441237e-03	3.031285e-04	4.592801e-03	-4.289673e-03
283           	1.038977e-02	5.521015e-03	4.868759e-03	-4.535408e-04	-9.559885e-05	-3.579420e-04	1.311716e-04	3.261279e-04	4.441023e-03	3.031375e-04	4.592592e-03	-4.289455e-03
284           	1.038924e-02	5.520585e-03	4.868653e-03	-4.532554e-04	-9.554761e-05	-3.577078e-04	1.310801e-04	3.259658e-04	4.440813e-03	3.031465e-04	4.592386e-03	-4.289240e-03
285           	1.038871e-02	5.520161e-03	4.868550e-03	-4.529729e-04	-9.549700e-05	-3.574759e-04	1.309895e-04	3.258055e-04	4.440606e-03	3.031554e-04	4.592183e-03	-4.289028e-03
286           	1.038819e-02	5.519742e-03	4.868448e-03	-4.526934e-04	-9.544699e-05	-3.572464e-04	1.308997e-04	3.256469e-04	4.440402e-03	3.031642e-04	4.591984e-03	-4.288820e-03
287           	1.038768e-02	5.519330e-03	4.868349e-03	-4.524168e-04	-9.539759e-05	-3.570192e-04	1.308108e-04	3.254901e-04	4.440201e-03	3.031730e-04	4.591788e-03	-4.288615e-03
288           	1.038718e-02	5.518923e-03	4.868253e-03	-4.521430e-04	-9.534878e-05	-3.567942e-04	1.307227e-04	3.253350e-04	4.440004e-03	3.031817e-04	4.591595e-03	-4.288413e-03
289           	1.038668e-02	5.518521e-03	4.868158e-03	-4.518720e-04	-9.530057e-05	-3.565715e-04	1.306355e-04	3.251817e-04	4.439810e-03	3.031903e-04	4.591405e-03	-4.288215e-03
290           	1.038619e-02	5.518126e-03	4.868065e-03	-4.516038e-04	-9.525294e-05	-3.563509e-04	1.305490e-04	3.250301e-04	4.439619e-03	3.031989e-04	4.591218e-03	-4.288019e-03
291           	1.038571e-02	5.517736e-03	4.867975e-03	-4.513385e-04	-9.520591e-05	-3.561326e-04	1.304633e-04	3.248803e-04	4.439431e-03	3.032074e-04	4.591034e-03	-4.287827e-03
292           	1.038524e-02	5.517351e-03	4.867886e-03	-4.510759e-04	-9.515947e-05	-3.559164e-04	1.303785e-04	3.247323e-04	4.439246e-03	3.032158e-04	4.590853e-03	-4.287638e-03
293           	1.038477e-02	5.516972e-03	4.867800e-03	-4.508162e-04	-9.511362e-05	-3.557026e-04	1.302945e-04	3.245861e-04	4.439064e-03	3.032241e-04	4.590676e-03	-4.287452e-03
294           	1.038431e-02	5.516598e-03	4.867715e-03	-4.505594e-04	-9.506835e-05	-3.554911e-04	1.302114e-04	3.244417e-04	4.438885e-03	3.032324e-04	4.590501e-03	-4.287268e-03
295           	1.038386e-02	5.516230e-03	4.867632e-03	-4.503056e-04	-9.502366e-05	-3.552819e-04	1.301291e-04	3.242991e-04	4.438708e-03	3.032406e-04	4.590329e-03	-4.287088e-03
296           	1.038342e-02	5.515868e-03	4.867551e-03	-4.500546e-04	-9.497952e-05	-3.550751e-04	1.300478e-04	3.241583e-04	4.438535e-03	3.032487e-04	4.590159e-03	-4.286911e-03
297           	1.038298e-02	5.515510e-03	4.867471e-03	-4.498067e-04	-9.493595e-05	-3.548708e-04	1.299674e-04	3.240194e-04	4.438365e-03	3.032567e-04	4.589993e-03	-4.286736e-03
298           	1.038255e-02	5.515158e-03	4.867393e-03	-4.495618e-04	-9.489292e-05	-3.546689e-04	1.298880e-04	3.238822e-04	4.438197e-03	3.032647e-04	4.589829e-03	-4.286565e-03
299           	1.038213e-02	5.514811e-03	4.867317e-03	-4.493199e-04	-9.485043e-05	-3.544695e-04	1.298095e-04	3.237469e-04	4.438032e-03	3.032726e-04	4.589668e-03	-4.286396e-03
300           	1.038171e-02	5.514469e-03	4.867242e-03	-4.490810e-04	-9.480848e-05	-3.542726e-04	1.297320e-04	3.236135e-04	4.437870e-03	3.032804e-04	4.589510e-03	-4.286229e-03
301           	1.038130e-02	5.514137e-03	4.867164e-03	-4.488535e-04	-9.476915e-05	-3.540843e-04	1.296576e-04	3.234867e-04	4.437710e-03	3.032878e-04	4.589354e-03	-4.286066e-03
302           	1.038090e-02	5.513809e-03	4.867088e-03	-4.486262e-04	-9.472970e-05	-3.538965e-04	1.295834e-04	3.233602e-04	4.437553e-03	3.032952e-04	4.589200e-03	-4.285905e-03
303           	1.038050e-02	5.513479e-03	4.867022e-03	-4.483906e-04	-9.468793e-05	-3.537026e-04	1.295073e-04	3.232286e-04	4.437398e-03	3.033029e-04	4.589050e-03	-4.285747e-03
304           	1.038011e-02	5.513159e-03	4.866952e-03	-4.481658e-04	-9.464873e-05	-3.535171e-04	1.294342e-04	3.231035e-04	4.437246e-03	3.033103e-04	4.588901e-03	-4.285591e-03
305           	1.037973e-02	5.512842e-03	4.866884e-03	-4.479423e-04	-9.460956e-05	-3.533327e-04	1.293616e-04	3.229791e-04	4.437097e-03	3.033177e-04	4.588756e-03	-4.285438e-03
306           	1.037935e-02	5.512529e-03	4.866818e-03	-4.477202e-04	-9.457048e-05	-3.531497e-04	1.292896e-04	3.228555e-04	4.436950e-03	3.033250e-04	4.588612e-03	-4.285288e-03
307           	1.037898e-02	5.512221e-03	4.866755e-03	-4.475000e-04	-9.453158e-05	-3.529685e-04	1.292184e-04	3.227331e-04	4.436806e-03	3.033323e-04	4.588472e-03	-4.285139e-03
308           	1.037861e-02	5.511917e-03	4.866693e-03	-4.472825e-04	-9.449297e-05	-3.527895e-04	1.291483e-04	3.226121e-04	4.436664e-03	3.033395e-04	4.588333e-03	-4.284994e-03
309           	1.037825e-02	5.511618e-03	4.866632e-03	-4.470681e-04	-9.445474e-05	-3.526133e-04	1.290793e-04	3.224929e-04	4.436524e-03	3.033466e-04	4.588197e-03	-4.284851e-03
310           	1.037790e-02	5.511324e-03	4.866573e-03	-4.468573e-04	-9.441698e-05	-3.524403e-04	1.290117e-04	3.223757e-04	4.436387e-03	3.033537e-04	4.588064e-03	-4.284710e-03
311           	1.037755e-02	5.511035e-03	4.866513e-03	-4.466505e-04	-9.437977e-05	-3.522707e-04	1.289455e-04	3.222608e-04	4.436252e-03	3.033607e-04	4.587932e-03	-4.284572e-03
312           	1.037721e-02	5.510751e-03	4.866455e-03	-4.464478e-04	-9.434311e-05	-3.521047e-04	1.288808e-04	3.221482e-04	4.436119e-03	3.033675e-04	4.587803e-03	-4.284436e-03
313           	1.037687e-02	5.510473e-03	4.866397e-03	-4.462492e-04	-9.430703e-05	-3.519422e-04	1.288176e-04	3.220380e-04	4.435989e-03	3.033743e-04	4.587676e-03	-4.284302e-03
314           	1.037654e-02	5.510199e-03	4.866339e-03	-4.460546e-04	-9.427149e-05	-3.517831e-04	1.287558e-04	3.219298e-04	4.435861e-03	3.033810e-04	4.587551e-03	-4.284170e-03
315           	1.037621e-02	5.509930e-03	4.866283e-03	-4.458636e-04	-9.423646e-05	-3.516271e-04	1.286953e-04	3.218238e-04	4.435735e-03	3.033876e-04	4.587428e-03	-4.284041e-03
316           	1.037589e-02	5.509666e-03	4.866227e-03	-4.456760e-04	-9.420192e-05	-3.514740e-04	1.286361e-04	3.217195e-04	4.435611e-03	3.033941e-04	4.587308e-03	-4.283914e-03
317           	1.037558e-02	5.509406e-03	4.866172e-03	-4.454914e-04	-9.416784e-05	-3.513236e-04	1.285779e-04	3.216170e-04	4.435489e-03	3.034006e-04	4.587189e-03	-4.283789e-03
318           	1.037527e-02	5.509150e-03	4.866117e-03	-4.453097e-04	-9.413418e-05	-3.511755e-04	1.285207e-04	3.215160e-04	4.435369e-03	3.034069e-04	4.587073e-03	-4.283666e-03
319           	1.037496e-02	5.508898e-03	4.866065e-03	-4.451306e-04	-9.410094e-05	-3.510297e-04	1.284644e-04	3.214165e-04	4.435251e-03	3.034132e-04	4.586958e-03	-4.283545e-03
320           	1.037466e-02	5.508650e-03	4.866013e-03	-4.449540e-04	-9.406809e-05	-3.508859e-04	1.284089e-04	3.213184e-04	4.435136e-03	3.034194e-04	4.586845e-03	-4.283426e-03
321           	1.037437e-02	5.508405e-03	4.865962e-03	-4.447798e-04	-9.403565e-05	-3.507441e-04	1.283542e-04	3.212216e-04	4.435022e-03	3.034256e-04	4.586735e-03	-4.283309e-03
322           	1.037408e-02	5.508165e-03	4.865912e-03	-4.446080e-04	-9.400361e-05	-3.506044e-04	1.283004e-04	3.211262e-04	4.434910e-03	3.034316e-04	4.586626e-03	-4.283194e-03
323           	1.037379e-02	5.507928e-03	4.865864e-03	-4.444387e-04	-9.397197e-05	-3.504667e-04	1.282474e-04	3.210322e-04	4.434800e-03	3.034376e-04	4.586519e-03	-4.283081e-03
324           	1.037351e-02	5.507696e-03	4.865816e-03	-4.442719e-04	-9.394074e-05	-3.503312e-04	1.281952e-04	3.209396e-04	4.434692e-03	3.034435e-04	4.586414e-03	-4.282971e-03
325           	1.037324e-02	5.507467e-03	4.865770e-03	-4.441077e-04	-9.390991e-05	-3.501978e-04	1.281440e-04	3.208484e-04	4.434586e-03	3.034493e-04	4.586311e-03	-4.282862e-03
326           	1.037297e-02	5.507242e-03	4.865724e-03	-4.439462e-04	-9.387948e-05	-3.500668e-04	1.280936e-04	3.207588e-04	4.434482e-03	3.034551e-04	4.586209e-03	-4.282754e-03
327           	1.037270e-02	5.507020e-03	4.865679e-03	-4.437875e-04	-9.384946e-05	-3.499380e-04	1.280443e-04	3.206707e-04	4.434379e-03	3.034608e-04	4.586110e-03	-4.282649e-03
328           	1.037244e-02	5.506803e-03	4.865635e-03	-4.436314e-04	-9.381983e-05	-3.498116e-04	1.279959e-04	3.205840e-04	4.434279e-03	3.034664e-04	4.586012e-03	-4.282546e-03
329           	1.037218e-02	5.506589e-03	4.865591e-03	-4.434780e-04	-9.379060e-05	-3.496874e-04	1.279484e-04	3.204988e-04	4.434180e-03	3.034719e-04	4.585916e-03	-4.282444e-03
330           	1.037193e-02	5.506379e-03	4.865549e-03	-4.433273e-04	-9.376177e-05	-3.495655e-04	1.279019e-04	3.204151e-04	4.434083e-03	3.034773e-04	4.585822e-03	-4.282344e-03
331           	1.037168e-02	5.506172e-03	4.865507e-03	-4.431791e-04	-9.373332e-05	-3.494458e-04	1.278562e-04	3.203326e-04	4.433988e-03	3.034827e-04	4.585729e-03	-4.282246e-03
332           	1.037144e-02	5.505969e-03	4.865466e-03	-4.430333e-04	-9.370525e-05	-3.493281e-04	1.278114e-04	3.202515e-04	4.433894e-03	3.034880e-04	4.585638e-03	-4.282150e-03
333           	1.037120e-02	5.505769e-03	4.865426e-03	-4.428899e-04	-9.367755e-05	-3.492123e-04	1.277674e-04	3.201716e-04	4.433802e-03	3.034932e-04	4.585548e-03	-4.282055e-03
334           	1.037096e-02	5.505573e-03	4.865387e-03	-4.427488e-04	-9.365022e-05	-3.490985e-04	1.277242e-04	3.200930e-04	4.433711e-03	3.034983e-04	4.585461e-03	-4.281962e-03
335           	1.037073e-02	5.505379e-03	4.865348e-03	-4.426098e-04	-9.362325e-05	-3.489866e-04	1.276817e-04	3.200154e-04	4.433623e-03	3.035034e-04	4.585374e-03	-4.281871e-03
336           	1.037050e-02	5.505189e-03	4.865311e-03	-4.424731e-04	-9.359664e-05	-3.488764e-04	1.276399e-04	3.199391e-04	4.433535e-03	3.035084e-04	4.585290e-03	-4.281781e-03
337           	1.037028e-02	5.505002e-03	4.865274e-03	-4.423384e-04	-9.357039e-05	-3.487680e-04	1.275988e-04	3.198638e-04	4.433450e-03	3.035133e-04	4.585206e-03	-4.281693e-03
338           	1.037006e-02	5.504818e-03	4.865239e-03	-4.422058e-04	-9.354447e-05	-3.486613e-04	1.275584e-04	3.197896e-04	4.433366e-03	3.035182e-04	4.585125e-03	-4.281607e-03
339           	1.036984e-02	5.504637e-03	4.865204e-03	-4.420752e-04	-9.351890e-05	-3.485563e-04	1.275187e-04	3.197165e-04	4.433283e-03	3.035230e-04	4.585045e-03	-4.281522e-03
340           	1.036963e-02	5.504459e-03	4.865170e-03	-4.419466e-04	-9.349366e-05	-3.484530e-04	1.274797e-04	3.196445e-04	4.433202e-03	3.035277e-04	4.584966e-03	-4.281438e-03
341           	1.036942e-02	5.504284e-03	4.865137e-03	-4.418200e-04	-9.346874e-05	-3.483513e-04	1.274413e-04	3.195735e-04	4.433122e-03	3.035324e-04	4.584889e-03	-4.281356e-03
342           	1.036922e-02	5.504111e-03	4.865104e-03	-4.416954e-04	-9.344415e-05	-3.482513e-04	1.274036e-04	3.195035e-04	4.433044e-03	3.035370e-04	4.584813e-03	-4.281276e-03
343           	1.036901e-02	5.503942e-03	4.865073e-03	-4.415727e-04	-9.341987e-05	-3.481529e-04	1.273665e-04	3.194345e-04	4.432968e-03	3.035415e-04	4.584738e-03	-4.281197e-03
344           	1.036882e-02	5.503775e-03	4.865042e-03	-4.414521e-04	-9.339592e-05	-3.480561e-04	1.273301e-04	3.193666e-04	4.432892e-03	3.035460e-04	4.584665e-03	-4.281119e-03
345           	1.036862e-02	5.503611e-03	4.865012e-03	-4.413333e-04	-9.337227e-05	-3.479611e-04	1.272944e-04	3.192996e-04	4.432818e-03	3.035504e-04	4.584594e-03	-4.281043e-03
346           	1.036843e-02	5.503450e-03	4.864983e-03	-4.412166e-04	-9.334894e-05	-3.478676e-04	1.272593e-04	3.192337e-04	4.432746e-03	3.035548e-04	4.584523e-03	-4.280968e-03
347           	1.036825e-02	5.503292e-03	4.864955e-03	-4.411017e-04	-9.332591e-05	-3.477758e-04	1.272249e-04	3.191687e-04	4.432675e-03	3.035590e-04	4.584454e-03	-4.280895e-03
348           	1.036806e-02	5.503136e-03	4.864927e-03	-4.409887e-04	-9.330319e-05	-3.476855e-04	1.271912e-04	3.191046e-04	4.432605e-03	3.035632e-04	4.584386e-03	-4.280823e-03
349           	1.036788e-02	5.502983e-03	4.864900e-03	-4.408775e-04	-9.328077e-05	-3.475967e-04	1.271580e-04	3.190415e-04	4.432536e-03	3.035674e-04	4.584320e-03	-4.280753e-03
350           	1.036771e-02	5.502832e-03	4.864874e-03	-4.407681e-04	-9.325864e-05	-3.475094e-04	1.271254e-04	3.189793e-04	4.432469e-03	3.035715e-04	4.584255e-03	-4.280683e-03
351           	1.036753e-02	5.502684e-03	4.864848e-03	-4.406603e-04	-9.323682e-05	-3.474235e-04	1.270933e-04	3.189179e-04	4.432403e-03	3.035755e-04	4.584191e-03	-4.280615e-03
352           	1.036736e-02	5.502538e-03	4.864824e-03	-4.405541e-04	-9.321528e-05	-3.473388e-04	1.270618e-04	3.188573e-04	4.432338e-03	3.035795e-04	4.584128e-03	-4.280548e-03
353           	1.036719e-02	5.502395e-03	4.864800e-03	-4.404494e-04	-9.319404e-05	-3.472554e-04	1.270307e-04	3.187974e-04	4.432275e-03	3.035834e-04	4.584066e-03	-4.280483e-03
354           	1.036703e-02	5.502253e-03	4.864777e-03	-4.403462e-04	-9.317309e-05	-3.471731e-04	1.270000e-04	3.187383e-04	4.432212e-03	3.035872e-04	4.584006e-03	-4.280419e-03
355           	1.036687e-02	5.502114e-03	4.864755e-03	-4.402444e-04	-9.315243e-05	-3.470920e-04	1.269698e-04	3.186798e-04	4.432151e-03	3.035910e-04	4.583947e-03	-4.280356e-03
356           	1.036671e-02	5.501978e-03	4.864733e-03	-4.401440e-04	-9.313206e-05	-3.470119e-04	1.269399e-04	3.186221e-04	4.432091e-03	3.035947e-04	4.583889e-03	-4.280294e-03
357           	1.036656e-02	5.501843e-03	4.864713e-03	-4.400449e-04	-9.311196e-05	-3.469329e-04	1.269105e-04	3.185650e-04	4.432032e-03	3.035984e-04	4.583832e-03	-4.280233e-03
358           	1.036640e-02	5.501710e-03	4.864693e-03	-4.399471e-04	-9.309214e-05	-3.468550e-04	1.268814e-04	3.185085e-04	4.431975e-03	3.036020e-04	4.583776e-03	-4.280174e-03
359           	1.036625e-02	5.501580e-03	4.864674e-03	-4.398506e-04	-9.307259e-05	-3.467780e-04	1.268527e-04	3.184527e-04	4.431918e-03	3.036055e-04	4.583721e-03	-4.280115e-03
360           	1.036611e-02	5.501451e-03	4.864656e-03	-4.397553e-04	-9.305330e-05	-3.467020e-04	1.268243e-04	3.183974e-04	4.431863e-03	3.036090e-04	4.583667e-03	-4.280058e-03
361           	1.036596e-02	5.501327e-03	4.864637e-03	-4.396643e-04	-9.303580e-05	-3.466285e-04	1.267964e-04	3.183449e-04	4.431808e-03	3.036123e-04	4.583614e-03	-4.280002e-03
362           	1.036582e-02	5.501203e-03	4.864619e-03	-4.395735e-04	-9.301805e-05	-3.465555e-04	1.267687e-04	3.182922e-04	4.431755e-03	3.036155e-04	4.583562e-03	-4.279947e-03
363           	1.036568e-02	5.501079e-03	4.864605e-03	-4.394794e-04	-9.299845e-05	-3.464810e-04	1.267413e-04	3.182371e-04	4.431703e-03	3.036190e-04	4.583512e-03	-4.279893e-03
364           	1.036555e-02	5.500959e-03	4.864589e-03	-4.393896e-04	-9.298062e-05	-3.464090e-04	1.267142e-04	3.181847e-04	4.431651e-03	3.036222e-04	4.583462e-03	-4.279840e-03
365           	1.036541e-02	5.500840e-03	4.864575e-03	-4.393003e-04	-9.296268e-05	-3.463376e-04	1.266875e-04	3.181324e-04	4.431601e-03	3.036254e-04	4.583414e-03	-4.279788e-03
366           	1.036528e-02	5.500722e-03	4.864562e-03	-4.392114e-04	-9.294468e-05	-3.462667e-04	1.266610e-04	3.180803e-04	4.431552e-03	3.036285e-04	4.583366e-03	-4.279737e-03
367           	1.036516e-02	5.500607e-03	4.864550e-03	-4.391233e-04	-9.292669e-05	-3.461966e-04	1.266349e-04	3.180285e-04	4.431503e-03	3.036317e-04	4.583319e-03	-4.279688e-03
368           	1.036503e-02	5.500493e-03	4.864538e-03	-4.390360e-04	-9.290881e-05	-3.461272e-04	1.266092e-04	3.179772e-04	4.431456e-03	3.036348e-04	4.583274e-03	-4.279639e-03
369           	1.036491e-02	5.500380e-03	4.864527e-03	-4.389500e-04	-9.289111e-05	-3.460588e-04	1.265839e-04	3.179264e-04	4.431410e-03	3.036379e-04	4.583229e-03	-4.279591e-03
370           	1.036479e-02	5.500270e-03	4.864517e-03	-4.388652e-04	-9.287367e-05	-3.459915e-04	1.265589e-04	3.178764e-04	4.431365e-03	3.036409e-04	4.583185e-03	-4.279544e-03
371           	1.036467e-02	5.500162e-03	4.864507e-03	-4.387819e-04	-9.285653e-05	-3.459254e-04	1.265344e-04	3.178272e-04	4.431320e-03	3.036438e-04	4.583142e-03	-4.279498e-03
372           	1.036455e-02	5.500055e-03	4.864498e-03	-4.387001e-04	-9.283971e-05	-3.458604e-04	1.265103e-04	3.177788e-04	4.431277e-03	3.036467e-04	4.583100e-03	-4.279453e-03
373           	1.036444e-02	5.499951e-03	4.864489e-03	-4.386197e-04	-9.282321e-05	-3.457965e-04	1.264866e-04	3.177312e-04	4.431234e-03	3.036496e-04	4.583059e-03	-4.279409e-03
374           	1.036433e-02	5.499849e-03	4.864480e-03	-4.385406e-04	-9.280703e-05	-3.457336e-04	1.264633e-04	3.176843e-04	4.431192e-03	3.036523e-04	4.583019e-03	-4.279366e-03
375           	1.036422e-02	5.499748e-03	4.864472e-03	-4.384627e-04	-9.279114e-05	-3.456716e-04	1.264402e-04	3.176381e-04	4.431152e-03	3.036550e-04	4.582979e-03	-4.279324e-03
376           	1.036411e-02	5.499649e-03	4.864464e-03	-4.383858e-04	-9.277552e-05	-3.456103e-04	1.264174e-04	3.175925e-04	4.431111e-03	3.036577e-04	4.582940e-03	-4.279283e-03
377           	1.036401e-02	5.499552e-03	4.864457e-03	-4.383097e-04	-9.276013e-05	-3.455496e-04	1.263947e-04	3.175472e-04	4.431072e-03	3.036603e-04	4.582902e-03	-4.279242e-03
378           	1.036391e-02	5.499455e-03	4.864451e-03	-4.382343e-04	-9.274496e-05	-3.454893e-04	1.263722e-04	3.175023e-04	4.431034e-03	3.036629e-04	4.582865e-03	-4.279202e-03
379           	1.036381e-02	5.499360e-03	4.864445e-03	-4.381593e-04	-9.272998e-05	-3.454293e-04	1.263497e-04	3.174576e-04	4.430996e-03	3.036654e-04	4.582829e-03	-4.279164e-03
380           	1.036371e-02	5.499267e-03	4.864440e-03	-4.380848e-04	-9.271518e-05	-3.453696e-04	1.263272e-04	3.174132e-04	4.430959e-03	3.036679e-04	4.582793e-03	-4.279125e-03
381           	1.036361e-02	5.499174e-03	4.864436e-03	-4.380106e-04	-9.270056e-05	-3.453100e-04	1.263047e-04	3.173689e-04	4.430923e-03	3.036703e-04	4.582758e-03	-4.279088e-03
382           	1.036352e-02	5.499083e-03	4.864433e-03	-4.379369e-04	-9.268611e-05	-3.452507e-04	1.262823e-04	3.173248e-04	4.430888e-03	3.036727e-04	4.582724e-03	-4.279052e-03
383           	1.036342e-02	5.498993e-03	4.864431e-03	-4.378635e-04	-9.267182e-05	-3.451917e-04	1.262599e-04	3.172809e-04	4.430853e-03	3.036751e-04	4.582691e-03	-4.279016e-03
384           	1.036333e-02	5.498904e-03	4.864429e-03	-4.377907e-04	-9.265770e-05	-3.451330e-04	1.262376e-04	3.172373e-04	4.430820e-03	3.036774e-04	4.582658e-03	-4.278981e-03
385           	1.036324e-02	5.498816e-03	4.864428e-03	-4.377184e-04	-9.264376e-05	-3.450747e-04	1.262155e-04	3.171941e-04	4.430786e-03	3.036797e-04	4.582626e-03	-4.278947e-03
386           	1.036316e-02	5.498730e-03	4.864427e-03	-4.376468e-04	-9.262998e-05	-3.450168e-04	1.261934e-04	3.171511e-04	4.430754e-03	3.036819e-04	4.582595e-03	-4.278913e-03
387           	1.036307e-02	5.498645e-03	4.864427e-03	-4.375758e-04	-9.261638e-05	-3.449594e-04	1.261715e-04	3.171086e-04	4.430722e-03	3.036841e-04	4.582565e-03	-4.278880e-03
388           	1.036299e-02	5.498561e-03	4.864428e-03	-4.375056e-04	-9.260294e-05	-3.449026e-04	1.261498e-04	3.170664e-04	4.430691e-03	3.036863e-04	4.582535e-03	-4.278848e-03
389           	1.036291e-02	5.498478e-03	4.864429e-03	-4.374360e-04	-9.258968e-05	-3.448463e-04	1.261283e-04	3.170247e-04	4.430661e-03	3.036884e-04	4.582505e-03	-4.278817e-03
390           	1.036283e-02	5.498397e-03	4.864430e-03	-4.373671e-04	-9.257659e-05	-3.447905e-04	1.261070e-04	3.169834e-04	4.430632e-03	3.036904e-04	4.582477e-03	-4.278786e-03
391           	1.036275e-02	5.498317e-03	4.864432e-03	-4.372989e-04	-9.256367e-05	-3.447353e-04	1.260858e-04	3.169424e-04	4.430603e-03	3.036925e-04	4.582449e-03	-4.278756e-03
392           	1.036267e-02	5.498239e-03	4.864435e-03	-4.372313e-04	-9.255091e-05	-3.446804e-04	1.260647e-04	3.169018e-04	4.430574e-03	3.036944e-04	4.582422e-03	-4.278727e-03
393           	1.036260e-02	5.498161e-03	4.864438e-03	-4.371643e-04	-9.253831e-05	-3.446259e-04	1.260438e-04	3.168615e-04	4.430547e-03	3.036964e-04	4.582395e-03	-4.278699e-03
394           	1.036253e-02	5.498084e-03	4.864441e-03	-4.370977e-04	-9.252587e-05	-3.445718e-04	1.260230e-04	3.168215e-04	4.430520e-03	3.036983e-04	4.582369e-03	-4.278671e-03
395           	1.036245e-02	5.498009e-03	4.864445e-03	-4.370316e-04	-9.251357e-05	-3.445180e-04	1.260022e-04	3.167818e-04	4.430493e-03	3.037002e-04	4.582343e-03	-4.278643e-03
396           	1.036238e-02	5.497935e-03	4.864450e-03	-4.369659e-04	-9.250144e-05	-3.444645e-04	1.259815e-04	3.167423e-04	4.430467e-03	3.037020e-04	4.582318e-03	-4.278616e-03
397           	1.036232e-02	5.497861e-03	4.864455e-03	-4.369006e-04	-9.248945e-05	-3.444112e-04	1.259609e-04	3.167030e-04	4.430442e-03	3.037038e-04	4.582294e-03	-4.278590e-03
398           	1.036225e-02	5.497789e-03	4.864461e-03	-4.368358e-04	-9.247762e-05	-3.443581e-04	1.259403e-04	3.166640e-04	4.430418e-03	3.037056e-04	4.582270e-03	-4.278565e-03
399           	1.036218e-02	5.497717e-03	4.864467e-03	-4.367713e-04	-9.246594e-05	-3.443053e-04	1.259197e-04	3.166252e-04	4.430393e-03	3.037073e-04	4.582247e-03	-4.278540e-03
400           	1.036212e-02	5.497647e-03	4.864474e-03	-4.367072e-04	-9.245441e-05	-3.442528e-04	1.258992e-04	3.165866e-04	4.430370e-03	3.037090e-04	4.582224e-03	-4.278515e-03
401           	1.036206e-02	5.497577e-03	4.864481e-03	-4.366435e-04	-9.244303e-05	-3.442005e-04	1.258787e-04	3.165483e-04	4.430347e-03	3.037107e-04	4.582202e-03	-4.278492e-03
402           	1.036200e-02	5.497509e-03	4.864488e-03	-4.365803e-04	-9.243179e-05	-3.441485e-04	1.258583e-04	3.165102e-04	4.430325e-03	3.037124e-04	4.582181e-03	-4.278468e-03
403           	1.036194e-02	5.497441e-03	4.864496e-03	-4.365174e-04	-9.242069e-05	-3.440967e-04	1.258380e-04	3.164724e-04	4.430303e-03	3.037140e-04	4.582160e-03	-4.278446e-03
404           	1.036188e-02	5.497374e-03	4.864505e-03	-4.364549e-04	-9.240973e-05	-3.440452e-04	1.258177e-04	3.164348e-04	4.430281e-03	3.037155e-04	4.582139e-03	-4.278423e-03
405           	1.036182e-02	5.497308e-03	4.864514e-03	-4.363928e-04	-9.239891e-05	-3.439939e-04	1.257975e-04	3.163974e-04	4.430260e-03	3.037171e-04	4.582119e-03	-4.278402e-03
406           	1.036177e-02	5.497244e-03	4.864523e-03	-4.363310e-04	-9.238822e-05	-3.439428e-04	1.257773e-04	3.163602e-04	4.430240e-03	3.037186e-04	4.582099e-03	-4.278381e-03
407           	1.036171e-02	5.497179e-03	4.864533e-03	-4.362696e-04	-9.237767e-05	-3.438919e-04	1.257571e-04	3.163233e-04	4.430220e-03	3.037201e-04	4.582080e-03	-4.278360e-03
408           	1.036166e-02	5.497116e-03	4.864543e-03	-4.362084e-04	-9.236725e-05	-3.438412e-04	1.257370e-04	3.162865e-04	4.430201e-03	3.037215e-04	4.582061e-03	-4.278340e-03
409           	1.036161e-02	5.497054e-03	4.864554e-03	-4.361476e-04	-9.235697e-05	-3.437906e-04	1.257168e-04	3.162499e-04	4.430182e-03	3.037229e-04	4.582043e-03	-4.278320e-03
410           	1.036156e-02	5.496992e-03	4.864565e-03	-4.360869e-04	-9.234681e-05	-3.437401e-04	1.256967e-04	3.162135e-04	4.430163e-03	3.037243e-04	4.582025e-03	-4.278301e-03
411           	1.036151e-02	5.496931e-03	4.864576e-03	-4.360265e-04	-9.233677e-05	-3.436897e-04	1.256765e-04	3.161772e-04	4.430145e-03	3.037257e-04	4.582008e-03	-4.278282e-03
412           	1.036146e-02	5.496871e-03	4.864588e-03	-4.359663e-04	-9.232686e-05	-3.436394e-04	1.256563e-04	3.161410e-04	4.430128e-03	3.037270e-04	4.581991e-03	-4.278264e-03
413           	1.036141e-02	5.496811e-03	4.864601e-03	-4.359063e-04	-9.231708e-05	-3.435892e-04	1.256361e-04	3.161050e-04	4.430110e-03	3.037283e-04	4.581975e-03	-4.278246e-03
414           	1.036137e-02	5.496752e-03	4.864614e-03	-4.358464e-04	-9.230741e-05	-3.435390e-04	1.256158e-04	3.160691e-04	4.430094e-03	3.037295e-04	4.581959e-03	-4.278229e-03
415           	1.036132e-02	5.496694e-03	4.864627e-03	-4.357868e-04	-9.229787e-05	-3.434889e-04	1.255955e-04	3.160334e-04	4.430077e-03	3.037308e-04	4.581943e-03	-4.278212e-03
416           	1.036128e-02	5.496637e-03	4.864641e-03	-4.357273e-04	-9.228844e-05	-3.434389e-04	1.255752e-04	3.159978e-04	4.430062e-03	3.037320e-04	4.581928e-03	-4.278196e-03
417           	1.036123e-02	5.496580e-03	4.864655e-03	-4.356680e-04	-9.227913e-05	-3.433889e-04	1.255549e-04	3.159623e-04	4.430046e-03	3.037332e-04	4.581913e-03	-4.278180e-03
418           	1.036119e-02	5.496524e-03	4.864670e-03	-4.356090e-04	-9.226993e-05	-3.433391e-04	1.255346e-04	3.159270e-04	4.430031e-03	3.037343e-04	4.581898e-03	-4.278164e-03
419           	1.036115e-02	5.496468e-03	4.864684e-03	-4.355502e-04	-9.226085e-05	-3.432893e-04	1.255142e-04	3.158919e-04	4.430016e-03	3.037355e-04	4.581884e-03	-4.278149e-03
420           	1.036111e-02	5.496413e-03	4.864700e-03	-4.354916e-04	-9.225187e-05	-3.432397e-04	1.254939e-04	3.158569e-04	4.430002e-03	3.037366e-04	4.581870e-03	-4.278134e-03
