# Force and moment coefficients
# dragDir     : (1.000000e+00 0.000000e+00 0.000000e+00)
# sideDir     : (0.000000e+00 1.000000e+00 0.000000e+00)
# liftDir     : (0.000000e+00 0.000000e+00 1.000000e+00)
# rollAxis    : (1.000000e+00 0.000000e+00 0.000000e+00)
# pitchAxis   : (0.000000e+00 1.000000e+00 0.000000e+00)
# yawAxis     : (0.000000e+00 0.000000e+00 1.000000e+00)
# magUInf     : 6.661800e+00
# lRef        : 1.499270e-01
# Aref        : 5.000000e-02
# CofR        : (3.750000e-02 0.000000e+00 0.000000e+00)
#
# Time        	Cd            	Cd(f)         	Cd(r)         	Cl            	Cl(f)         	Cl(r)         	CmPitch       	CmRoll        	CmYaw         	Cs            	Cs(f)         	Cs(r)         
1             	2.787207e-01	1.951534e+00	-1.672814e+00	6.291623e-04	1.466759e-01	-1.460468e-01	1.463613e-01	1.812174e+00	-1.077055e+00	-3.374869e+00	-2.764490e+00	-6.103790e-01
2             	2.019524e-01	1.779665e+00	-1.577713e+00	-1.520834e-03	1.043554e-01	-1.058763e-01	1.051158e-01	1.678689e+00	-9.854142e-01	-3.123440e+00	-2.547134e+00	-5.763059e-01
3             	1.505657e-01	1.331489e+00	-1.180924e+00	-3.280583e-03	7.639604e-02	-7.967662e-02	7.803633e-02	1.256207e+00	-7.211480e-01	-2.331664e+00	-1.886980e+00	-4.446841e-01
4             	1.123809e-01	7.462319e-01	-6.338510e-01	-4.588188e-03	5.605947e-02	-6.064766e-02	5.835356e-02	6.900414e-01	-3.711004e-01	-1.272047e+00	-1.007124e+00	-2.649229e-01
5             	8.270182e-02	1.660556e-01	-8.335381e-02	-5.373944e-03	4.064245e-02	-4.601640e-02	4.332942e-02	1.247047e-01	-2.366084e-02	-2.155712e-01	-1.314464e-01	-8.412477e-02
6             	6.015648e-02	-2.984301e-01	3.585866e-01	-5.604951e-03	2.921649e-02	-3.482144e-02	3.201896e-02	-3.285083e-01	2.520644e-01	6.290682e-01	5.665986e-01	6.246968e-02
7             	4.430741e-02	-5.825041e-01	6.268115e-01	-5.309417e-03	2.141529e-02	-2.672471e-02	2.407000e-02	-6.046578e-01	4.151959e-01	1.140569e+00	9.854805e-01	1.550888e-01
8             	3.443439e-02	-6.748800e-01	7.093144e-01	-4.600058e-03	1.675840e-02	-2.135846e-02	1.905843e-02	-6.920972e-01	4.583246e-01	1.297698e+00	1.107174e+00	1.905243e-01
9             	2.945694e-02	-6.077968e-01	6.372537e-01	-3.617636e-03	1.461631e-02	-1.823395e-02	1.642513e-02	-6.225253e-01	4.016041e-01	1.160876e+00	9.820422e-01	1.788340e-01
10            	2.811283e-02	-4.367084e-01	4.648212e-01	-2.518386e-03	1.428974e-02	-1.680813e-02	1.554893e-02	-4.507648e-01	2.802458e-01	8.338728e-01	6.971822e-01	1.366906e-01
11            	2.900892e-02	-2.228286e-01	2.518375e-01	-1.479947e-03	1.502538e-02	-1.650532e-02	1.576535e-02	-2.373330e-01	1.335443e-01	4.308089e-01	3.489488e-01	8.186013e-02
12            	3.080234e-02	-2.152458e-02	5.232692e-02	-6.571768e-04	1.611231e-02	-1.676949e-02	1.644090e-02	-3.692575e-02	-2.653060e-03	5.458222e-02	2.463805e-02	2.994417e-02
13            	3.244814e-02	1.275064e-01	-9.505825e-02	-1.504775e-04	1.700794e-02	-1.715842e-02	1.708318e-02	1.112823e-01	-1.025782e-01	-2.214957e-01	-2.133260e-01	-8.169637e-03
14            	3.328441e-02	2.046832e-01	-1.713988e-01	5.770783e-06	1.738345e-02	-1.737768e-02	1.738057e-02	1.880410e-01	-1.535787e-01	-3.618003e-01	-3.344789e-01	-2.732144e-02
15            	3.307233e-02	2.107030e-01	-1.776307e-01	-1.517132e-04	1.714191e-02	-1.729362e-02	1.721777e-02	1.941669e-01	-1.563848e-01	-3.687214e-01	-3.407455e-01	-2.797586e-02
16            	3.192390e-02	1.613283e-01	-1.294044e-01	-5.324269e-04	1.637336e-02	-1.690579e-02	1.663957e-02	1.453663e-01	-1.217915e-01	-2.727470e-01	-2.581650e-01	-1.458203e-02
17            	3.014536e-02	8.000700e-02	-4.986164e-02	-1.022125e-03	1.526859e-02	-1.629072e-02	1.577965e-02	6.493432e-02	-6.579691e-02	-1.185176e-01	-1.250557e-01	6.538118e-03
18            	2.809914e-02	-8.843868e-03	3.694301e-02	-1.507701e-03	1.404356e-02	-1.555126e-02	1.479741e-02	-2.289344e-02	-5.080995e-03	4.790323e-02	1.887062e-02	2.903261e-02
19            	2.611867e-02	-8.492330e-02	1.110420e-01	-1.894001e-03	1.289252e-02	-1.478652e-02	1.383952e-02	-9.798263e-02	4.644651e-02	1.885500e-01	1.407215e-01	4.782849e-02
20            	2.443751e-02	-1.352089e-01	1.596464e-01	-2.118355e-03	1.194832e-02	-1.406668e-02	1.300750e-02	-1.474276e-01	7.986467e-02	2.794052e-01	2.195673e-01	5.983795e-02
21            	2.315427e-02	-1.551921e-01	1.783464e-01	-2.158893e-03	1.126334e-02	-1.342223e-02	1.234278e-02	-1.667692e-01	9.212962e-02	3.125832e-01	2.484212e-01	6.416200e-02
22            	2.223787e-02	-1.478763e-01	1.701142e-01	-2.031901e-03	1.081681e-02	-1.284871e-02	1.183276e-02	-1.589953e-01	8.541724e-02	2.943448e-01	2.325896e-01	6.175515e-02
23            	2.158040e-02	-1.213334e-01	1.429138e-01	-1.781653e-03	1.054027e-02	-1.232193e-02	1.143110e-02	-1.321236e-01	6.544293e-02	2.404070e-01	1.856464e-01	5.476056e-02
24            	2.104948e-02	-8.574229e-02	1.067918e-01	-1.466866e-03	1.034899e-02	-1.181586e-02	1.108243e-02	-9.626702e-02	3.940799e-02	1.703035e-01	1.245597e-01	4.574376e-02
25            	2.052958e-02	-5.073046e-02	7.126004e-02	-1.147549e-03	1.016611e-02	-1.131366e-02	1.073988e-02	-6.099525e-02	1.413891e-02	1.023392e-01	6.530853e-02	3.703071e-02
26            	1.994895e-02	-2.344201e-02	4.339096e-02	-8.734477e-04	9.939780e-03	-1.081323e-02	1.037650e-02	-3.341648e-02	-5.281161e-03	4.995993e-02	1.969880e-02	3.026113e-02
27            	1.928917e-02	-7.606392e-03	2.689556e-02	-6.767821e-04	9.649910e-03	-1.032669e-02	9.988301e-03	-1.725098e-02	-1.618200e-02	2.003037e-02	-6.166817e-03	2.619719e-02
28            	1.857938e-02	-3.482034e-03	2.206141e-02	-5.697919e-04	9.306064e-03	-9.875856e-03	9.590960e-03	-1.277172e-02	-1.836145e-02	1.278483e-02	-1.196903e-02	2.475386e-02
29            	1.788013e-02	-8.564271e-03	2.644440e-02	-5.467547e-04	8.938915e-03	-9.485670e-03	9.212293e-03	-1.750434e-02	-1.359422e-02	2.321696e-02	-1.985735e-03	2.520270e-02
30            	1.726336e-02	-1.875002e-02	3.601338e-02	-5.884969e-04	8.589647e-03	-9.178144e-03	8.883895e-03	-2.738170e-02	-4.808730e-03	4.332946e-02	1.685600e-02	2.647346e-02
31            	1.679277e-02	-2.959203e-02	4.638480e-02	-6.690898e-04	8.298312e-03	-8.967402e-03	8.632857e-03	-3.798841e-02	4.808155e-03	6.454276e-02	3.707954e-02	2.746323e-02
32            	1.650781e-02	-3.735545e-02	5.386326e-02	-7.625826e-04	8.093993e-03	-8.856576e-03	8.475284e-03	-4.560935e-02	1.256860e-02	7.971505e-02	5.242612e-02	2.728893e-02
33            	1.641600e-02	-3.969448e-02	5.611048e-02	-8.481172e-04	7.989473e-03	-8.837591e-03	8.413532e-03	-4.790248e-02	1.676853e-02	8.442490e-02	5.898098e-02	2.544392e-02
34            	1.649330e-02	-3.591053e-02	5.240382e-02	-9.128226e-04	7.979962e-03	-8.892784e-03	8.436373e-03	-4.415718e-02	1.687327e-02	7.743910e-02	5.559282e-02	2.184628e-02
35            	1.669152e-02	-2.678680e-02	4.347832e-02	-9.524894e-04	8.046122e-03	-8.998612e-03	8.522367e-03	-3.513256e-02	1.339622e-02	6.036622e-02	4.357933e-02	1.678689e-02
36            	1.695079e-02	-1.414221e-02	3.109300e-02	-9.701407e-04	8.159967e-03	-9.130108e-03	8.645038e-03	-2.261760e-02	7.575669e-03	3.677340e-02	2.596237e-02	1.081103e-02
37            	1.721114e-02	-2.531354e-04	1.746428e-02	-9.732551e-04	8.290999e-03	-9.264254e-03	8.777627e-03	-8.858705e-03	9.596784e-04	1.106047e-02	6.489912e-03	4.570555e-03
38            	1.742288e-02	1.271554e-02	4.707344e-03	-9.707704e-04	8.411632e-03	-9.382403e-03	8.897018e-03	4.004096e-03	-5.000375e-03	-1.264041e-02	-1.132058e-02	-1.319831e-03
39            	1.755324e-02	2.314681e-02	-5.593568e-03	-9.705831e-04	8.501173e-03	-9.471756e-03	8.986464e-03	1.437019e-02	-9.255970e-03	-3.129571e-02	-2.490382e-02	-6.391884e-03
40            	1.758794e-02	3.020073e-02	-1.261279e-02	-9.777296e-04	8.547567e-03	-9.525297e-03	9.036432e-03	2.140676e-02	-1.131658e-02	-4.339577e-02	-3.301447e-02	-1.038130e-02
41            	1.752968e-02	3.384455e-02	-1.631487e-02	-9.935584e-04	8.547346e-03	-9.540904e-03	9.044125e-03	2.507971e-02	-1.125828e-02	-4.899280e-02	-3.575468e-02	-1.323812e-02
42            	1.739381e-02	3.470365e-02	-1.730984e-02	-1.016219e-03	8.504199e-03	-9.520418e-03	9.012309e-03	2.600675e-02	-9.603566e-03	-4.939552e-02	-3.430133e-02	-1.509419e-02
43            	1.720293e-02	3.380493e-02	-1.660200e-02	-1.041859e-03	8.426609e-03	-9.468469e-03	8.947539e-03	2.520346e-02	-7.126498e-03	-4.665841e-02	-3.045570e-02	-1.620271e-02
44            	1.698227e-02	3.229145e-02	-1.530918e-02	-1.065871e-03	8.326062e-03	-9.391934e-03	8.858998e-03	2.380031e-02	-4.639237e-03	-4.301894e-02	-2.614871e-02	-1.687023e-02
45            	1.675382e-02	3.116516e-02	-1.441133e-02	-1.083933e-03	8.214395e-03	-9.298328e-03	8.756362e-03	2.278825e-02	-2.810229e-03	-4.040196e-02	-2.301121e-02	-1.739075e-02
46            	1.653143e-02	3.110609e-02	-1.457466e-02	-1.092521e-03	8.100286e-03	-9.192807e-03	8.646547e-03	2.284037e-02	-2.042445e-03	-4.007948e-02	-2.208219e-02	-1.799730e-02
47            	1.631999e-02	3.239804e-02	-1.607805e-02	-1.089469e-03	7.988469e-03	-9.077938e-03	8.533203e-03	2.423804e-02	-2.431582e-03	-4.253332e-02	-2.369824e-02	-1.883508e-02
48            	1.611704e-02	3.494367e-02	-1.882663e-02	-1.074301e-03	7.879944e-03	-8.954244e-03	8.417094e-03	2.688515e-02	-3.795555e-03	-4.749742e-02	-2.754427e-02	-1.995316e-02
49            	1.591571e-02	3.835471e-02	-2.243900e-02	-1.048304e-03	7.772908e-03	-8.821212e-03	8.297060e-03	3.039686e-02	-5.758219e-03	-5.414664e-02	-3.283154e-02	-2.131510e-02
50            	1.570791e-02	4.208297e-02	-2.637506e-02	-1.014131e-03	7.664228e-03	-8.678359e-03	8.171293e-03	3.422902e-02	-7.858931e-03	-6.136248e-02	-3.854017e-02	-2.282231e-02
51            	1.548735e-02	4.556129e-02	-3.007394e-02	-9.753125e-04	7.550888e-03	-8.526201e-03	8.038545e-03	3.781761e-02	-9.662237e-03	-6.801365e-02	-4.366906e-02	-2.434459e-02
52            	1.525133e-02	4.832348e-02	-3.307215e-02	-9.354977e-04	7.431081e-03	-8.366578e-03	7.898830e-03	4.069782e-02	-1.084520e-02	-7.319106e-02	-4.744073e-02	-2.575033e-02
53            	1.500088e-02	5.008110e-02	-3.508022e-02	-8.978659e-04	7.304483e-03	-8.202349e-03	7.753416e-03	4.258066e-02	-1.124654e-02	-7.635422e-02	-4.942365e-02	-2.693057e-02
54            	1.474120e-02	5.075844e-02	-3.601724e-02	-8.648325e-04	7.172645e-03	-8.037477e-03	7.605061e-03	4.338784e-02	-1.087837e-02	-7.739141e-02	-4.957407e-02	-2.781734e-02
55            	1.448019e-02	5.047406e-02	-3.599387e-02	-8.378470e-04	7.038473e-03	-7.876320e-03	7.457397e-03	4.323396e-02	-9.898791e-03	-7.657481e-02	-4.818620e-02	-2.838861e-02
56            	1.422635e-02	4.948860e-02	-3.526224e-02	-8.173302e-04	6.905539e-03	-7.722869e-03	7.314204e-03	4.237542e-02	-8.560160e-03	-7.445041e-02	-4.578537e-02	-2.866505e-02
57            	1.398753e-02	4.813505e-02	-3.414752e-02	-8.028546e-04	6.777459e-03	-7.580314e-03	7.178887e-03	4.114128e-02	-7.147410e-03	-7.169490e-02	-4.299486e-02	-2.870004e-02
58            	1.376950e-02	4.674616e-02	-3.297666e-02	-7.934102e-04	6.657266e-03	-7.450676e-03	7.053971e-03	3.986141e-02	-5.918975e-03	-6.897017e-02	-4.040406e-02	-2.856611e-02
59            	1.357535e-02	4.559489e-02	-3.201954e-02	-7.877367e-04	6.546996e-03	-7.334733e-03	6.940864e-03	3.880721e-02	-5.062506e-03	-6.680629e-02	-3.846565e-02	-2.834064e-02
60            	1.340532e-02	4.485540e-02	-3.145007e-02	-7.846157e-04	6.447433e-03	-7.232049e-03	6.839741e-03	3.815274e-02	-4.670105e-03	-6.552703e-02	-3.743362e-02	-2.809341e-02
61            	1.325730e-02	4.458975e-02	-3.133245e-02	-7.830611e-04	6.358304e-03	-7.141365e-03	6.749835e-03	3.796110e-02	-4.735954e-03	-6.522792e-02	-3.734991e-02	-2.787800e-02
62            	1.312745e-02	4.475715e-02	-3.162971e-02	-7.824359e-04	6.278433e-03	-7.060869e-03	6.669651e-03	3.819343e-02	-5.172342e-03	-6.579946e-02	-3.807207e-02	-2.772739e-02
63            	1.301117e-02	4.524056e-02	-3.222939e-02	-7.824411e-04	6.206144e-03	-6.988585e-03	6.597365e-03	3.873498e-02	-5.838395e-03	-6.698425e-02	-3.933052e-02	-2.765373e-02
64            	1.290394e-02	4.588228e-02	-3.297835e-02	-7.830711e-04	6.139583e-03	-6.922654e-03	6.531119e-03	3.943031e-02	-6.573851e-03	-6.845092e-02	-4.079931e-02	-2.765161e-02
65            	1.280190e-02	4.652044e-02	-3.371854e-02	-7.844842e-04	6.077012e-03	-6.861496e-03	6.469254e-03	4.011949e-02	-7.230925e-03	-6.986838e-02	-4.216511e-02	-2.770326e-02
66            	1.270229e-02	4.701965e-02	-3.431736e-02	-7.868414e-04	6.017045e-03	-6.803886e-03	6.410466e-03	4.066850e-02	-7.698689e-03	-7.096687e-02	-4.318213e-02	-2.778475e-02
67            	1.260363e-02	4.729130e-02	-3.468767e-02	-7.902507e-04	5.958787e-03	-6.749038e-03	6.353913e-03	4.098948e-02	-7.916864e-03	-7.157692e-02	-4.370532e-02	-2.787160e-02
68            	1.250564e-02	4.730106e-02	-3.479541e-02	-7.947164e-04	5.901880e-03	-6.696596e-03	6.299238e-03	4.104824e-02	-7.877780e-03	-7.164199e-02	-4.369877e-02	-2.794321e-02
69            	1.240880e-02	4.706423e-02	-3.465543e-02	-8.001308e-04	5.846362e-03	-6.646493e-03	6.246427e-03	4.085983e-02	-7.618356e-03	-7.120676e-02	-4.322174e-02	-2.798502e-02
70            	1.231426e-02	4.663743e-02	-3.432316e-02	-8.063161e-04	5.792549e-03	-6.598865e-03	6.195707e-03	4.048029e-02	-7.207714e-03	-7.039749e-02	-4.240646e-02	-2.799103e-02
71            	1.222330e-02	4.609962e-02	-3.387632e-02	-8.130576e-04	5.740805e-03	-6.553862e-03	6.147334e-03	3.998797e-02	-6.728885e-03	-6.938249e-02	-4.142013e-02	-2.796236e-02
72            	1.213691e-02	4.553448e-02	-3.339757e-02	-8.201385e-04	5.691414e-03	-6.511553e-03	6.101484e-03	3.946603e-02	-6.262152e-03	-6.833541e-02	-4.042985e-02	-2.790555e-02
73            	1.205569e-02	4.501506e-02	-3.295937e-02	-8.273860e-04	5.644528e-03	-6.471914e-03	6.058221e-03	3.898722e-02	-5.871646e-03	-6.740420e-02	-3.957375e-02	-2.783046e-02
74            	1.197966e-02	4.459356e-02	-3.261390e-02	-8.346887e-04	5.600117e-03	-6.434805e-03	6.017461e-03	3.860373e-02	-5.597561e-03	-6.669107e-02	-3.894309e-02	-2.774797e-02
75            	1.190832e-02	4.429623e-02	-3.238791e-02	-8.420035e-04	5.557974e-03	-6.399978e-03	5.978976e-03	3.834207e-02	-5.453470e-03	-6.624323e-02	-3.857508e-02	-2.766814e-02
76            	1.184078e-02	4.412427e-02	-3.228348e-02	-8.493446e-04	5.517767e-03	-6.367111e-03	5.942439e-03	3.820388e-02	-5.429175e-03	-6.605599e-02	-3.845717e-02	-2.759882e-02
77            	1.177599e-02	4.405854e-02	-3.228255e-02	-8.567628e-04	5.479073e-03	-6.335836e-03	5.907455e-03	3.817055e-02	-5.496839e-03	-6.608363e-02	-3.853865e-02	-2.754498e-02
78            	1.171289e-02	4.406694e-02	-3.235406e-02	-8.643232e-04	5.441474e-03	-6.305798e-03	5.873636e-03	3.821050e-02	-5.619003e-03	-6.625526e-02	-3.874663e-02	-2.750863e-02
79            	1.165061e-02	4.411241e-02	-3.246180e-02	-8.720848e-04	5.404615e-03	-6.276700e-03	5.840657e-03	3.828710e-02	-5.756665e-03	-6.649175e-02	-3.900254e-02	-2.748921e-02
80            	1.158858e-02	4.416024e-02	-3.257167e-02	-8.800783e-04	5.368249e-03	-6.248327e-03	5.808288e-03	3.836596e-02	-5.876175e-03	-6.672090e-02	-3.923662e-02	-2.748427e-02
81            	1.152654e-02	4.418347e-02	-3.265694e-02	-8.882896e-04	5.332254e-03	-6.220544e-03	5.776399e-03	3.842020e-02	-5.953720e-03	-6.688811e-02	-3.939778e-02	-2.749034e-02
82            	1.146453e-02	4.416568e-02	-3.270115e-02	-8.966739e-04	5.296629e-03	-6.193303e-03	5.744966e-03	3.843341e-02	-5.977311e-03	-6.696181e-02	-3.945822e-02	-2.750359e-02
83            	1.140282e-02	4.410143e-02	-3.269861e-02	-9.051522e-04	5.261463e-03	-6.166616e-03	5.714039e-03	3.840002e-02	-5.946269e-03	-6.693372e-02	-3.941313e-02	-2.752059e-02
84            	1.134181e-02	4.399479e-02	-3.265298e-02	-9.136229e-04	5.226898e-03	-6.140521e-03	5.683710e-03	3.832389e-02	-5.868974e-03	-6.681517e-02	-3.927656e-02	-2.753861e-02
85            	1.128193e-02	4.385649e-02	-3.257456e-02	-9.219804e-04	5.193089e-03	-6.115070e-03	5.654079e-03	3.821552e-02	-5.759523e-03	-6.663082e-02	-3.907493e-02	-2.755589e-02
86            	1.122357e-02	4.370060e-02	-3.247704e-02	-9.301253e-04	5.160171e-03	-6.090296e-03	5.625234e-03	3.808882e-02	-5.634172e-03	-6.641146e-02	-3.883990e-02	-2.757156e-02
87            	1.116695e-02	4.354122e-02	-3.237426e-02	-9.379807e-04	5.128234e-03	-6.066215e-03	5.597225e-03	3.795774e-02	-5.507938e-03	-6.618701e-02	-3.860145e-02	-2.758557e-02
88            	1.111221e-02	4.339008e-02	-3.227787e-02	-9.454988e-04	5.097307e-03	-6.042806e-03	5.570057e-03	3.783398e-02	-5.392458e-03	-6.598166e-02	-3.838329e-02	-2.759837e-02
89            	1.105929e-02	4.325505e-02	-3.219576e-02	-9.526598e-04	5.067363e-03	-6.020023e-03	5.543693e-03	3.772540e-02	-5.294690e-03	-6.581077e-02	-3.820008e-02	-2.761070e-02
90            	1.100803e-02	4.313954e-02	-3.213151e-02	-9.594667e-04	5.038327e-03	-5.997794e-03	5.518060e-03	3.763553e-02	-5.216737e-03	-6.568013e-02	-3.805680e-02	-2.762333e-02
91            	1.095820e-02	4.304311e-02	-3.208491e-02	-9.659426e-04	5.010098e-03	-5.976041e-03	5.493069e-03	3.756401e-02	-5.156673e-03	-6.558713e-02	-3.795024e-02	-2.763689e-02
92            	1.090957e-02	4.296219e-02	-3.205262e-02	-9.721231e-04	4.982565e-03	-5.954688e-03	5.468626e-03	3.750741e-02	-5.109635e-03	-6.552287e-02	-3.787107e-02	-2.765180e-02
93            	1.086188e-02	4.289159e-02	-3.202971e-02	-9.780445e-04	4.955627e-03	-5.933672e-03	5.444650e-03	3.746065e-02	-5.069461e-03	-6.547532e-02	-3.780712e-02	-2.766820e-02
94            	1.081496e-02	4.282577e-02	-3.201080e-02	-9.837405e-04	4.929208e-03	-5.912949e-03	5.421078e-03	3.741828e-02	-5.030048e-03	-6.543204e-02	-3.774607e-02	-2.768597e-02
95            	1.076871e-02	4.275990e-02	-3.199119e-02	-9.892381e-04	4.903258e-03	-5.892496e-03	5.397877e-03	3.737555e-02	-4.986435e-03	-6.538253e-02	-3.767770e-02	-2.770483e-02
96            	1.072311e-02	4.269068e-02	-3.196757e-02	-9.945567e-04	4.877757e-03	-5.872314e-03	5.375036e-03	3.732913e-02	-4.935504e-03	-6.531973e-02	-3.759537e-02	-2.772436e-02
97            	1.067815e-02	4.261573e-02	-3.193758e-02	-9.997059e-04	4.852692e-03	-5.852398e-03	5.352545e-03	3.727666e-02	-4.875654e-03	-6.523911e-02	-3.749521e-02	-2.774390e-02
98            	1.063397e-02	4.253555e-02	-3.190158e-02	-1.004692e-03	4.828102e-03	-5.832794e-03	5.330448e-03	3.721857e-02	-4.807792e-03	-6.514192e-02	-3.737875e-02	-2.776317e-02
99            	1.059069e-02	4.245172e-02	-3.186103e-02	-1.009507e-03	4.804040e-03	-5.813547e-03	5.308794e-03	3.715637e-02	-4.733957e-03	-6.503192e-02	-3.724992e-02	-2.778200e-02
100           	1.054843e-02	4.236657e-02	-3.181814e-02	-1.014142e-03	4.780554e-03	-5.794696e-03	5.287625e-03	3.709236e-02	-4.656926e-03	-6.491441e-02	-3.711413e-02	-2.780028e-02
101           	1.050731e-02	4.228262e-02	-3.177531e-02	-1.018588e-03	4.757678e-03	-5.776266e-03	5.266972e-03	3.702896e-02	-4.579554e-03	-6.479493e-02	-3.697702e-02	-2.781791e-02
102           	1.046735e-02	4.220203e-02	-3.173468e-02	-1.022837e-03	4.735431e-03	-5.758268e-03	5.246849e-03	3.696836e-02	-4.504292e-03	-6.467834e-02	-3.684346e-02	-2.783488e-02
103           	1.042856e-02	4.212643e-02	-3.169787e-02	-1.026882e-03	4.713813e-03	-5.740695e-03	5.227254e-03	3.691215e-02	-4.432890e-03	-6.456813e-02	-3.671696e-02	-2.785118e-02
104           	1.039090e-02	4.205671e-02	-3.166581e-02	-1.030722e-03	4.692810e-03	-5.723532e-03	5.208171e-03	3.686126e-02	-4.366284e-03	-6.446626e-02	-3.659941e-02	-2.786685e-02
105           	1.035431e-02	4.199308e-02	-3.163877e-02	-1.034359e-03	4.672396e-03	-5.706755e-03	5.189576e-03	3.681592e-02	-4.304654e-03	-6.437315e-02	-3.649123e-02	-2.788192e-02
106           	1.031871e-02	4.193522e-02	-3.161651e-02	-1.037798e-03	4.652538e-03	-5.690336e-03	5.171437e-03	3.677587e-02	-4.247600e-03	-6.428811e-02	-3.639166e-02	-2.789646e-02
107           	1.028401e-02	4.188248e-02	-3.159846e-02	-1.041049e-03	4.633201e-03	-5.674250e-03	5.153725e-03	3.674047e-02	-4.194376e-03	-6.420973e-02	-3.629924e-02	-2.791049e-02
108           	1.025015e-02	4.183404e-02	-3.158389e-02	-1.044121e-03	4.614352e-03	-5.658473e-03	5.136412e-03	3.670896e-02	-4.144132e-03	-6.413636e-02	-3.621231e-02	-2.792405e-02
109           	1.021707e-02	4.178916e-02	-3.157210e-02	-1.047024e-03	4.595963e-03	-5.642987e-03	5.119475e-03	3.668063e-02	-4.096107e-03	-6.406653e-02	-3.612937e-02	-2.793716e-02
110           	1.018471e-02	4.174726e-02	-3.156255e-02	-1.049766e-03	4.578012e-03	-5.627778e-03	5.102895e-03	3.665491e-02	-4.049775e-03	-6.399919e-02	-3.604937e-02	-2.794982e-02
111           	1.015306e-02	4.170799e-02	-3.155493e-02	-1.052353e-03	4.560486e-03	-5.612839e-03	5.086663e-03	3.663146e-02	-4.004898e-03	-6.393386e-02	-3.597183e-02	-2.796203e-02
112           	1.012210e-02	4.167129e-02	-3.154919e-02	-1.054789e-03	4.543372e-03	-5.598161e-03	5.070767e-03	3.661024e-02	-3.961599e-03	-6.387073e-02	-3.589696e-02	-2.797377e-02
113           	1.009184e-02	4.163720e-02	-3.154536e-02	-1.057080e-03	4.526668e-03	-5.583747e-03	5.055208e-03	3.659128e-02	-3.920057e-03	-6.381020e-02	-3.582516e-02	-2.798504e-02
114           	1.006229e-02	4.160596e-02	-3.154367e-02	-1.059229e-03	4.510369e-03	-5.569598e-03	5.039983e-03	3.657481e-02	-3.880685e-03	-6.375308e-02	-3.575723e-02	-2.799586e-02
115           	1.003344e-02	4.157784e-02	-3.154439e-02	-1.061239e-03	4.494473e-03	-5.555711e-03	5.025092e-03	3.656111e-02	-3.843941e-03	-6.370030e-02	-3.569409e-02	-2.800621e-02
116           	1.000530e-02	4.155308e-02	-3.154778e-02	-1.063111e-03	4.478975e-03	-5.542086e-03	5.010530e-03	3.655043e-02	-3.810238e-03	-6.365268e-02	-3.563658e-02	-2.801610e-02
117           	9.977868e-03	4.153187e-02	-3.155400e-02	-1.064849e-03	4.463870e-03	-5.528720e-03	4.996295e-03	3.654293e-02	-3.779879e-03	-6.361086e-02	-3.558531e-02	-2.802555e-02
118           	9.951127e-03	4.151424e-02	-3.156312e-02	-1.066458e-03	4.449151e-03	-5.515609e-03	4.982380e-03	3.653868e-02	-3.753029e-03	-6.357521e-02	-3.554063e-02	-2.803457e-02
119           	9.925065e-03	4.150016e-02	-3.157509e-02	-1.067942e-03	4.434807e-03	-5.502750e-03	4.968778e-03	3.653763e-02	-3.729709e-03	-6.354580e-02	-3.550261e-02	-2.804319e-02
120           	9.899659e-03	4.148945e-02	-3.158979e-02	-1.069308e-03	4.420828e-03	-5.490136e-03	4.955482e-03	3.653962e-02	-3.709816e-03	-6.352250e-02	-3.547107e-02	-2.805143e-02
121           	9.874890e-03	4.148188e-02	-3.160699e-02	-1.070561e-03	4.407203e-03	-5.477764e-03	4.942484e-03	3.654443e-02	-3.693149e-03	-6.350495e-02	-3.544563e-02	-2.805933e-02
122           	9.850733e-03	4.147716e-02	-3.162643e-02	-1.071711e-03	4.393919e-03	-5.465630e-03	4.929775e-03	3.655180e-02	-3.679458e-03	-6.349272e-02	-3.542582e-02	-2.806690e-02
123           	9.827165e-03	4.147500e-02	-3.164784e-02	-1.072763e-03	4.380966e-03	-5.453729e-03	4.917348e-03	3.656142e-02	-3.668475e-03	-6.348533e-02	-3.541114e-02	-2.807419e-02
124           	9.804167e-03	4.147510e-02	-3.167094e-02	-1.073727e-03	4.368332e-03	-5.442059e-03	4.905196e-03	3.657302e-02	-3.659942e-03	-6.348228e-02	-3.540108e-02	-2.808120e-02
125           	9.781720e-03	4.147718e-02	-3.169546e-02	-1.074609e-03	4.356007e-03	-5.430616e-03	4.893312e-03	3.658632e-02	-3.653627e-03	-6.348315e-02	-3.539520e-02	-2.808795e-02
126           	9.759807e-03	4.148098e-02	-3.172118e-02	-1.075418e-03	4.343981e-03	-5.419399e-03	4.881690e-03	3.660108e-02	-3.649342e-03	-6.348756e-02	-3.539312e-02	-2.809444e-02
127           	9.738417e-03	4.148634e-02	-3.174792e-02	-1.076159e-03	4.332247e-03	-5.408407e-03	4.870327e-03	3.661713e-02	-3.646946e-03	-6.349527e-02	-3.539458e-02	-2.810069e-02
128           	9.717542e-03	4.149309e-02	-3.177555e-02	-1.076841e-03	4.320799e-03	-5.397640e-03	4.859219e-03	3.663432e-02	-3.646330e-03	-6.350607e-02	-3.539936e-02	-2.810671e-02
129           	9.697171e-03	4.150110e-02	-3.180393e-02	-1.077469e-03	4.309628e-03	-5.387097e-03	4.848363e-03	3.665251e-02	-3.647403e-03	-6.351980e-02	-3.540730e-02	-2.811250e-02
130           	9.677295e-03	4.151024e-02	-3.183294e-02	-1.078047e-03	4.298730e-03	-5.376777e-03	4.837754e-03	3.667159e-02	-3.650081e-03	-6.353631e-02	-3.541824e-02	-2.811808e-02
131           	9.657907e-03	4.152039e-02	-3.186248e-02	-1.078582e-03	4.288098e-03	-5.366680e-03	4.827389e-03	3.669144e-02	-3.654272e-03	-6.355543e-02	-3.543199e-02	-2.812344e-02
132           	9.638997e-03	4.153143e-02	-3.189244e-02	-1.079078e-03	4.277727e-03	-5.356804e-03	4.817266e-03	3.671194e-02	-3.659875e-03	-6.357695e-02	-3.544835e-02	-2.812860e-02
133           	9.620554e-03	4.154322e-02	-3.192267e-02	-1.079539e-03	4.267608e-03	-5.347148e-03	4.807378e-03	3.673294e-02	-3.666764e-03	-6.360064e-02	-3.546708e-02	-2.813355e-02
134           	9.602564e-03	4.155561e-02	-3.195304e-02	-1.079970e-03	4.257737e-03	-5.337707e-03	4.797722e-03	3.675432e-02	-3.674804e-03	-6.362621e-02	-3.548791e-02	-2.813830e-02
135           	9.585018e-03	4.156845e-02	-3.198343e-02	-1.080374e-03	4.248106e-03	-5.328481e-03	4.788293e-03	3.677594e-02	-3.683851e-03	-6.365340e-02	-3.551055e-02	-2.814285e-02
136           	9.567905e-03	4.158160e-02	-3.201369e-02	-1.080756e-03	4.238709e-03	-5.319465e-03	4.779087e-03	3.679764e-02	-3.693758e-03	-6.368191e-02	-3.553471e-02	-2.814720e-02
137           	9.551213e-03	4.159492e-02	-3.204371e-02	-1.081118e-03	4.229541e-03	-5.310659e-03	4.770100e-03	3.681932e-02	-3.704382e-03	-6.371145e-02	-3.556011e-02	-2.815134e-02
138           	9.534931e-03	4.160830e-02	-3.207337e-02	-1.081464e-03	4.220595e-03	-5.302059e-03	4.761327e-03	3.684084e-02	-3.715587e-03	-6.374175e-02	-3.558646e-02	-2.815529e-02
139           	9.519051e-03	4.162163e-02	-3.210258e-02	-1.081796e-03	4.211866e-03	-5.293662e-03	4.752764e-03	3.686210e-02	-3.727248e-03	-6.377258e-02	-3.561354e-02	-2.815904e-02
140           	9.503562e-03	4.163480e-02	-3.213124e-02	-1.082116e-03	4.203350e-03	-5.285466e-03	4.744408e-03	3.688302e-02	-3.739255e-03	-6.380371e-02	-3.564111e-02	-2.816260e-02
141           	9.488455e-03	4.164774e-02	-3.215929e-02	-1.082428e-03	4.195041e-03	-5.277469e-03	4.736255e-03	3.690352e-02	-3.751506e-03	-6.383496e-02	-3.566898e-02	-2.816597e-02
142           	9.473722e-03	4.166038e-02	-3.218665e-02	-1.082731e-03	4.186936e-03	-5.269667e-03	4.728301e-03	3.692352e-02	-3.763914e-03	-6.386614e-02	-3.569698e-02	-2.816915e-02
143           	9.459356e-03	4.167264e-02	-3.221329e-02	-1.083029e-03	4.179029e-03	-5.262058e-03	4.720543e-03	3.694296e-02	-3.776403e-03	-6.389710e-02	-3.572495e-02	-2.817215e-02
144           	9.445347e-03	4.168448e-02	-3.223914e-02	-1.083322e-03	4.171316e-03	-5.254638e-03	4.712977e-03	3.696181e-02	-3.788902e-03	-6.392771e-02	-3.575276e-02	-2.817496e-02
145           	9.431687e-03	4.169586e-02	-3.226417e-02	-1.083611e-03	4.163792e-03	-5.247404e-03	4.705598e-03	3.698001e-02	-3.801348e-03	-6.395785e-02	-3.578027e-02	-2.817758e-02
146           	9.418370e-03	4.170671e-02	-3.228834e-02	-1.083898e-03	4.156455e-03	-5.240353e-03	4.698404e-03	3.699753e-02	-3.813683e-03	-6.398740e-02	-3.580738e-02	-2.818002e-02
147           	9.405387e-03	4.171702e-02	-3.231163e-02	-1.084183e-03	4.149298e-03	-5.233481e-03	4.691390e-03	3.701433e-02	-3.825852e-03	-6.401624e-02	-3.583397e-02	-2.818227e-02
148           	9.392730e-03	4.172675e-02	-3.233402e-02	-1.084467e-03	4.142319e-03	-5.226786e-03	4.684553e-03	3.703038e-02	-3.837806e-03	-6.404429e-02	-3.585995e-02	-2.818434e-02
149           	9.380391e-03	4.173586e-02	-3.235547e-02	-1.084750e-03	4.135513e-03	-5.220263e-03	4.677888e-03	3.704566e-02	-3.849498e-03	-6.407145e-02	-3.588522e-02	-2.818622e-02
150           	9.368363e-03	4.174434e-02	-3.237597e-02	-1.085033e-03	4.128877e-03	-5.213910e-03	4.671393e-03	3.706016e-02	-3.860890e-03	-6.409763e-02	-3.590971e-02	-2.818793e-02
151           	9.356638e-03	4.175217e-02	-3.239553e-02	-1.085316e-03	4.122406e-03	-5.207722e-03	4.665064e-03	3.707385e-02	-3.871946e-03	-6.412278e-02	-3.593333e-02	-2.818944e-02
152           	9.345210e-03	4.175933e-02	-3.241412e-02	-1.085600e-03	4.116097e-03	-5.201696e-03	4.658896e-03	3.708673e-02	-3.882637e-03	-6.414683e-02	-3.595605e-02	-2.819078e-02
153           	9.334071e-03	4.176584e-02	-3.243176e-02	-1.085884e-03	4.109945e-03	-5.195829e-03	4.652887e-03	3.709880e-02	-3.892941e-03	-6.416974e-02	-3.597781e-02	-2.819193e-02
154           	9.323214e-03	4.177167e-02	-3.244846e-02	-1.086168e-03	4.103949e-03	-5.190117e-03	4.647033e-03	3.711007e-02	-3.902841e-03	-6.419149e-02	-3.599859e-02	-2.819290e-02
155           	9.312632e-03	4.177685e-02	-3.246422e-02	-1.086453e-03	4.098103e-03	-5.184556e-03	4.641330e-03	3.712053e-02	-3.912323e-03	-6.421205e-02	-3.601835e-02	-2.819370e-02
156           	9.302321e-03	4.178137e-02	-3.247905e-02	-1.086738e-03	4.092406e-03	-5.179143e-03	4.635774e-03	3.713021e-02	-3.921379e-03	-6.423141e-02	-3.603708e-02	-2.819432e-02
157           	9.292272e-03	4.178525e-02	-3.249298e-02	-1.087023e-03	4.086852e-03	-5.173875e-03	4.630364e-03	3.713912e-02	-3.930003e-03	-6.424956e-02	-3.605478e-02	-2.819478e-02
158           	9.282480e-03	4.178851e-02	-3.250603e-02	-1.087307e-03	4.081441e-03	-5.168748e-03	4.625094e-03	3.714727e-02	-3.938193e-03	-6.426651e-02	-3.607145e-02	-2.819506e-02
159           	9.272940e-03	4.179115e-02	-3.251821e-02	-1.087591e-03	4.076167e-03	-5.163758e-03	4.619963e-03	3.715468e-02	-3.945950e-03	-6.428226e-02	-3.608708e-02	-2.819518e-02
160           	9.263645e-03	4.179319e-02	-3.252954e-02	-1.087874e-03	4.071029e-03	-5.158903e-03	4.614966e-03	3.716136e-02	-3.953276e-03	-6.429683e-02	-3.610169e-02	-2.819514e-02
161           	9.254589e-03	4.179465e-02	-3.254006e-02	-1.088157e-03	4.066023e-03	-5.154180e-03	4.610101e-03	3.716735e-02	-3.960176e-03	-6.431023e-02	-3.611529e-02	-2.819494e-02
162           	9.245767e-03	4.179555e-02	-3.254978e-02	-1.088437e-03	4.061147e-03	-5.149584e-03	4.605365e-03	3.717266e-02	-3.966656e-03	-6.432248e-02	-3.612789e-02	-2.819458e-02
163           	9.237173e-03	4.179590e-02	-3.255872e-02	-1.088716e-03	4.056396e-03	-5.145112e-03	4.600754e-03	3.717731e-02	-3.972719e-03	-6.433359e-02	-3.613951e-02	-2.819408e-02
164           	9.228800e-03	4.179572e-02	-3.256692e-02	-1.088994e-03	4.051768e-03	-5.140762e-03	4.596265e-03	3.718132e-02	-3.978375e-03	-6.434360e-02	-3.615017e-02	-2.819342e-02
165           	9.220647e-03	4.179505e-02	-3.257440e-02	-1.089268e-03	4.047262e-03	-5.136531e-03	4.591896e-03	3.718473e-02	-3.983645e-03	-6.435255e-02	-3.615992e-02	-2.819263e-02
166           	9.212707e-03	4.179390e-02	-3.258120e-02	-1.089540e-03	4.042875e-03	-5.132415e-03	4.587645e-03	3.718755e-02	-3.988536e-03	-6.436046e-02	-3.616876e-02	-2.819169e-02
167           	9.204976e-03	4.179231e-02	-3.258733e-02	-1.089809e-03	4.038604e-03	-5.128413e-03	4.583509e-03	3.718982e-02	-3.993063e-03	-6.436737e-02	-3.617675e-02	-2.819062e-02
168           	9.197446e-03	4.179027e-02	-3.259282e-02	-1.090075e-03	4.034446e-03	-5.124520e-03	4.579483e-03	3.719155e-02	-3.997232e-03	-6.437330e-02	-3.618388e-02	-2.818942e-02
169           	9.190113e-03	4.178781e-02	-3.259770e-02	-1.090337e-03	4.030397e-03	-5.120734e-03	4.575565e-03	3.719276e-02	-4.001055e-03	-6.437829e-02	-3.619020e-02	-2.818809e-02
170           	9.182972e-03	4.178496e-02	-3.260199e-02	-1.090595e-03	4.026456e-03	-5.117051e-03	4.571754e-03	3.719348e-02	-4.004547e-03	-6.438237e-02	-3.619573e-02	-2.818664e-02
171           	9.176019e-03	4.178173e-02	-3.260571e-02	-1.090850e-03	4.022620e-03	-5.113470e-03	4.568045e-03	3.719372e-02	-4.007722e-03	-6.438559e-02	-3.620051e-02	-2.818507e-02
172           	9.169249e-03	4.177815e-02	-3.260890e-02	-1.091100e-03	4.018887e-03	-5.109987e-03	4.564437e-03	3.719352e-02	-4.010593e-03	-6.438797e-02	-3.620458e-02	-2.818339e-02
173           	9.162658e-03	4.177423e-02	-3.261157e-02	-1.091346e-03	4.015254e-03	-5.106600e-03	4.560927e-03	3.719290e-02	-4.013175e-03	-6.438955e-02	-3.620795e-02	-2.818160e-02
174           	9.156241e-03	4.177000e-02	-3.261376e-02	-1.091588e-03	4.011719e-03	-5.103307e-03	4.557513e-03	3.719188e-02	-4.015482e-03	-6.439037e-02	-3.621067e-02	-2.817970e-02
175           	9.149995e-03	4.176548e-02	-3.261549e-02	-1.091824e-03	4.008280e-03	-5.100104e-03	4.554192e-03	3.719048e-02	-4.017528e-03	-6.439048e-02	-3.621277e-02	-2.817771e-02
176           	9.143915e-03	4.176068e-02	-3.261677e-02	-1.092056e-03	4.004935e-03	-5.096991e-03	4.550963e-03	3.718872e-02	-4.019325e-03	-6.438989e-02	-3.621427e-02	-2.817562e-02
177           	9.137998e-03	4.175563e-02	-3.261763e-02	-1.092283e-03	4.001680e-03	-5.093963e-03	4.547822e-03	3.718663e-02	-4.020886e-03	-6.438865e-02	-3.621521e-02	-2.817344e-02
178           	9.132239e-03	4.175033e-02	-3.261809e-02	-1.092504e-03	3.998515e-03	-5.091019e-03	4.544767e-03	3.718421e-02	-4.022223e-03	-6.438679e-02	-3.621562e-02	-2.817117e-02
179           	9.126635e-03	4.174482e-02	-3.261818e-02	-1.092720e-03	3.995438e-03	-5.088158e-03	4.541798e-03	3.718150e-02	-4.023347e-03	-6.438434e-02	-3.621552e-02	-2.816882e-02
180           	9.121182e-03	4.173909e-02	-3.261791e-02	-1.092930e-03	3.992445e-03	-5.085375e-03	4.538910e-03	3.717850e-02	-4.024271e-03	-6.438133e-02	-3.621493e-02	-2.816639e-02
181           	9.115876e-03	4.173317e-02	-3.261730e-02	-1.093135e-03	3.989535e-03	-5.082671e-03	4.536103e-03	3.717524e-02	-4.025006e-03	-6.437779e-02	-3.621390e-02	-2.816389e-02
182           	9.110713e-03	4.172708e-02	-3.261636e-02	-1.093335e-03	3.986706e-03	-5.080041e-03	4.533374e-03	3.717172e-02	-4.025562e-03	-6.437376e-02	-3.621244e-02	-2.816132e-02
183           	9.105691e-03	4.172082e-02	-3.261513e-02	-1.093529e-03	3.983957e-03	-5.077485e-03	4.530721e-03	3.716797e-02	-4.025951e-03	-6.436926e-02	-3.621058e-02	-2.815868e-02
184           	9.100805e-03	4.171441e-02	-3.261360e-02	-1.093717e-03	3.981284e-03	-5.075001e-03	4.528142e-03	3.716401e-02	-4.026182e-03	-6.436432e-02	-3.620834e-02	-2.815598e-02
185           	9.096052e-03	4.170786e-02	-3.261180e-02	-1.093899e-03	3.978686e-03	-5.072585e-03	4.525636e-03	3.715983e-02	-4.026263e-03	-6.435896e-02	-3.620574e-02	-2.815322e-02
186           	9.091430e-03	4.170118e-02	-3.260975e-02	-1.094076e-03	3.976162e-03	-5.070238e-03	4.523200e-03	3.715547e-02	-4.026207e-03	-6.435322e-02	-3.620282e-02	-2.815040e-02
187           	9.086934e-03	4.169440e-02	-3.260746e-02	-1.094247e-03	3.973710e-03	-5.067957e-03	4.520834e-03	3.715093e-02	-4.026024e-03	-6.434712e-02	-3.619958e-02	-2.814753e-02
188           	9.082563e-03	4.168751e-02	-3.260495e-02	-1.094412e-03	3.971328e-03	-5.065740e-03	4.518534e-03	3.714623e-02	-4.025721e-03	-6.434068e-02	-3.619606e-02	-2.814462e-02
189           	9.078312e-03	4.168053e-02	-3.260222e-02	-1.094572e-03	3.969014e-03	-5.063586e-03	4.516300e-03	3.714138e-02	-4.025307e-03	-6.433394e-02	-3.619228e-02	-2.814166e-02
190           	9.074180e-03	4.167348e-02	-3.259930e-02	-1.094726e-03	3.966766e-03	-5.061492e-03	4.514129e-03	3.713639e-02	-4.024787e-03	-6.432691e-02	-3.618824e-02	-2.813867e-02
191           	9.070162e-03	4.166635e-02	-3.259619e-02	-1.094874e-03	3.964583e-03	-5.059458e-03	4.512021e-03	3.713127e-02	-4.024169e-03	-6.431960e-02	-3.618397e-02	-2.813563e-02
192           	9.066256e-03	4.165916e-02	-3.259290e-02	-1.095017e-03	3.962464e-03	-5.057481e-03	4.509973e-03	3.712603e-02	-4.023458e-03	-6.431204e-02	-3.617948e-02	-2.813256e-02
193           	9.062459e-03	4.165191e-02	-3.258945e-02	-1.095155e-03	3.960406e-03	-5.055561e-03	4.507983e-03	3.712068e-02	-4.022662e-03	-6.430426e-02	-3.617479e-02	-2.812947e-02
194           	9.058769e-03	4.164462e-02	-3.258585e-02	-1.095287e-03	3.958408e-03	-5.053695e-03	4.506051e-03	3.711524e-02	-4.021786e-03	-6.429625e-02	-3.616991e-02	-2.812634e-02
195           	9.055182e-03	4.163729e-02	-3.258211e-02	-1.095414e-03	3.956468e-03	-5.051882e-03	4.504175e-03	3.710970e-02	-4.020836e-03	-6.428806e-02	-3.616486e-02	-2.812319e-02
196           	9.051697e-03	4.162993e-02	-3.257823e-02	-1.095535e-03	3.954586e-03	-5.050121e-03	4.502354e-03	3.710408e-02	-4.019818e-03	-6.427968e-02	-3.615966e-02	-2.812002e-02
197           	9.048310e-03	4.162255e-02	-3.257424e-02	-1.095652e-03	3.952759e-03	-5.048411e-03	4.500585e-03	3.709839e-02	-4.018737e-03	-6.427114e-02	-3.615431e-02	-2.811683e-02
198           	9.045020e-03	4.161515e-02	-3.257013e-02	-1.095763e-03	3.950987e-03	-5.046750e-03	4.498868e-03	3.709264e-02	-4.017597e-03	-6.426245e-02	-3.614882e-02	-2.811363e-02
199           	9.041824e-03	4.160774e-02	-3.256592e-02	-1.095869e-03	3.949267e-03	-5.045136e-03	4.497201e-03	3.708683e-02	-4.016405e-03	-6.425363e-02	-3.614322e-02	-2.811041e-02
200           	9.038719e-03	4.160033e-02	-3.256161e-02	-1.095971e-03	3.947598e-03	-5.043569e-03	4.495584e-03	3.708097e-02	-4.015164e-03	-6.424469e-02	-3.613751e-02	-2.810718e-02
201           	9.035704e-03	4.159292e-02	-3.255722e-02	-1.096067e-03	3.945980e-03	-5.042047e-03	4.494014e-03	3.707507e-02	-4.013878e-03	-6.423564e-02	-3.613170e-02	-2.810394e-02
202           	9.032775e-03	4.158552e-02	-3.255275e-02	-1.096159e-03	3.944411e-03	-5.040569e-03	4.492490e-03	3.706914e-02	-4.012554e-03	-6.422650e-02	-3.612580e-02	-2.810070e-02
203           	9.029932e-03	4.157814e-02	-3.254821e-02	-1.096246e-03	3.942889e-03	-5.039135e-03	4.491012e-03	3.706317e-02	-4.011193e-03	-6.421728e-02	-3.611983e-02	-2.809745e-02
204           	9.027170e-03	4.157077e-02	-3.254360e-02	-1.096328e-03	3.941413e-03	-5.037741e-03	4.489577e-03	3.705719e-02	-4.009800e-03	-6.420800e-02	-3.611380e-02	-2.809420e-02
205           	9.024489e-03	4.156343e-02	-3.253894e-02	-1.096407e-03	3.939982e-03	-5.036389e-03	4.488185e-03	3.705118e-02	-4.008375e-03	-6.419865e-02	-3.610770e-02	-2.809095e-02
206           	9.021886e-03	4.155611e-02	-3.253422e-02	-1.096480e-03	3.938595e-03	-5.035076e-03	4.486835e-03	3.704517e-02	-4.006926e-03	-6.418926e-02	-3.610155e-02	-2.808770e-02
207           	9.019360e-03	4.154883e-02	-3.252947e-02	-1.096550e-03	3.937251e-03	-5.033801e-03	4.485526e-03	3.703915e-02	-4.005455e-03	-6.417983e-02	-3.609537e-02	-2.808446e-02
208           	9.016909e-03	4.154158e-02	-3.252467e-02	-1.096616e-03	3.935949e-03	-5.032564e-03	4.484256e-03	3.703313e-02	-4.003964e-03	-6.417037e-02	-3.608915e-02	-2.808122e-02
209           	9.014531e-03	4.153438e-02	-3.251985e-02	-1.096677e-03	3.934687e-03	-5.031364e-03	4.483026e-03	3.702711e-02	-4.002457e-03	-6.416090e-02	-3.608291e-02	-2.807799e-02
210           	9.012223e-03	4.152722e-02	-3.251499e-02	-1.096735e-03	3.933465e-03	-5.030199e-03	4.481832e-03	3.702111e-02	-4.000934e-03	-6.415141e-02	-3.607664e-02	-2.807477e-02
211           	9.009985e-03	4.152010e-02	-3.251012e-02	-1.096789e-03	3.932281e-03	-5.029069e-03	4.480675e-03	3.701511e-02	-3.999399e-03	-6.414193e-02	-3.607036e-02	-2.807156e-02
212           	9.007813e-03	4.151304e-02	-3.250522e-02	-1.096839e-03	3.931134e-03	-5.027973e-03	4.479554e-03	3.700913e-02	-3.997853e-03	-6.413244e-02	-3.606407e-02	-2.806837e-02
213           	9.005706e-03	4.150602e-02	-3.250031e-02	-1.096886e-03	3.930023e-03	-5.026909e-03	4.478466e-03	3.700317e-02	-3.996293e-03	-6.412296e-02	-3.605777e-02	-2.806519e-02
214           	9.003662e-03	4.149906e-02	-3.249539e-02	-1.096929e-03	3.928948e-03	-5.025877e-03	4.477412e-03	3.699723e-02	-3.994728e-03	-6.411350e-02	-3.605148e-02	-2.806202e-02
215           	9.001681e-03	4.149215e-02	-3.249047e-02	-1.096969e-03	3.927907e-03	-5.024876e-03	4.476391e-03	3.699131e-02	-3.993160e-03	-6.410407e-02	-3.604519e-02	-2.805887e-02
216           	8.999761e-03	4.148531e-02	-3.248555e-02	-1.097005e-03	3.926900e-03	-5.023905e-03	4.475402e-03	3.698543e-02	-3.991588e-03	-6.409466e-02	-3.603892e-02	-2.805574e-02
217           	8.997901e-03	4.147853e-02	-3.248063e-02	-1.097039e-03	3.925926e-03	-5.022964e-03	4.474445e-03	3.697958e-02	-3.990017e-03	-6.408529e-02	-3.603266e-02	-2.805263e-02
218           	8.996099e-03	4.147182e-02	-3.247572e-02	-1.097069e-03	3.924984e-03	-5.022053e-03	4.473518e-03	3.697377e-02	-3.988443e-03	-6.407596e-02	-3.602642e-02	-2.804953e-02
219           	8.994352e-03	4.146516e-02	-3.247081e-02	-1.097096e-03	3.924072e-03	-5.021168e-03	4.472620e-03	3.696798e-02	-3.986868e-03	-6.406666e-02	-3.602020e-02	-2.804646e-02
220           	8.992659e-03	4.145857e-02	-3.246591e-02	-1.097120e-03	3.923190e-03	-5.020310e-03	4.471750e-03	3.696224e-02	-3.985293e-03	-6.405742e-02	-3.601400e-02	-2.804342e-02
221           	8.991017e-03	4.145205e-02	-3.246103e-02	-1.097142e-03	3.922337e-03	-5.019478e-03	4.470907e-03	3.695654e-02	-3.983720e-03	-6.404823e-02	-3.600783e-02	-2.804039e-02
222           	8.989426e-03	4.144560e-02	-3.245617e-02	-1.097160e-03	3.921511e-03	-5.018671e-03	4.470091e-03	3.695088e-02	-3.982150e-03	-6.403909e-02	-3.600170e-02	-2.803740e-02
223           	8.987885e-03	4.143921e-02	-3.245133e-02	-1.097176e-03	3.920713e-03	-5.017889e-03	4.469301e-03	3.694527e-02	-3.980585e-03	-6.403002e-02	-3.599560e-02	-2.803443e-02
224           	8.986392e-03	4.143290e-02	-3.244651e-02	-1.097190e-03	3.919941e-03	-5.017131e-03	4.468536e-03	3.693971e-02	-3.979026e-03	-6.402101e-02	-3.598953e-02	-2.803148e-02
225           	8.984946e-03	4.142666e-02	-3.244172e-02	-1.097201e-03	3.919195e-03	-5.016396e-03	4.467795e-03	3.693419e-02	-3.977472e-03	-6.401207e-02	-3.598351e-02	-2.802856e-02
226           	8.983547e-03	4.142049e-02	-3.243695e-02	-1.097210e-03	3.918474e-03	-5.015684e-03	4.467079e-03	3.692872e-02	-3.975927e-03	-6.400320e-02	-3.597753e-02	-2.802567e-02
227           	8.982193e-03	4.141440e-02	-3.243221e-02	-1.097216e-03	3.917778e-03	-5.014995e-03	4.466387e-03	3.692330e-02	-3.974389e-03	-6.399440e-02	-3.597159e-02	-2.802281e-02
228           	8.980883e-03	4.140838e-02	-3.242750e-02	-1.097220e-03	3.917106e-03	-5.014327e-03	4.465717e-03	3.691794e-02	-3.972860e-03	-6.398567e-02	-3.596569e-02	-2.801997e-02
229           	8.979616e-03	4.140243e-02	-3.242282e-02	-1.097222e-03	3.916458e-03	-5.013680e-03	4.465069e-03	3.691262e-02	-3.971341e-03	-6.397701e-02	-3.595985e-02	-2.801717e-02
230           	8.978390e-03	4.139656e-02	-3.241817e-02	-1.097223e-03	3.915831e-03	-5.013054e-03	4.464443e-03	3.690737e-02	-3.969832e-03	-6.396844e-02	-3.595405e-02	-2.801439e-02
231           	8.977205e-03	4.139077e-02	-3.241356e-02	-1.097221e-03	3.915227e-03	-5.012448e-03	4.463837e-03	3.690216e-02	-3.968334e-03	-6.395994e-02	-3.594831e-02	-2.801164e-02
232           	8.976059e-03	4.138505e-02	-3.240899e-02	-1.097217e-03	3.914644e-03	-5.011861e-03	4.463253e-03	3.689702e-02	-3.966848e-03	-6.395153e-02	-3.594261e-02	-2.800892e-02
233           	8.974951e-03	4.137940e-02	-3.240445e-02	-1.097212e-03	3.914082e-03	-5.011293e-03	4.462688e-03	3.689193e-02	-3.965375e-03	-6.394321e-02	-3.593698e-02	-2.800623e-02
234           	8.973880e-03	4.137384e-02	-3.239996e-02	-1.097205e-03	3.913539e-03	-5.010744e-03	4.462142e-03	3.688690e-02	-3.963914e-03	-6.393498e-02	-3.593140e-02	-2.800357e-02
235           	8.972845e-03	4.136835e-02	-3.239550e-02	-1.097196e-03	3.913016e-03	-5.010212e-03	4.461614e-03	3.688193e-02	-3.962468e-03	-6.392683e-02	-3.592588e-02	-2.800095e-02
236           	8.971845e-03	4.136294e-02	-3.239109e-02	-1.097185e-03	3.912512e-03	-5.009698e-03	4.461105e-03	3.687702e-02	-3.961036e-03	-6.391878e-02	-3.592043e-02	-2.799835e-02
237           	8.970880e-03	4.135761e-02	-3.238673e-02	-1.097174e-03	3.912027e-03	-5.009200e-03	4.460613e-03	3.687217e-02	-3.959618e-03	-6.391082e-02	-3.591503e-02	-2.799579e-02
238           	8.969947e-03	4.135235e-02	-3.238240e-02	-1.097160e-03	3.911559e-03	-5.008719e-03	4.460139e-03	3.686738e-02	-3.958215e-03	-6.390295e-02	-3.590969e-02	-2.799326e-02
239           	8.969046e-03	4.134717e-02	-3.237812e-02	-1.097146e-03	3.911108e-03	-5.008253e-03	4.459680e-03	3.686265e-02	-3.956826e-03	-6.389518e-02	-3.590442e-02	-2.799076e-02
240           	8.968177e-03	4.134207e-02	-3.237389e-02	-1.097130e-03	3.910673e-03	-5.007803e-03	4.459238e-03	3.685798e-02	-3.955452e-03	-6.388750e-02	-3.589920e-02	-2.798830e-02
241           	8.967338e-03	4.133704e-02	-3.236970e-02	-1.097113e-03	3.910256e-03	-5.007368e-03	4.458812e-03	3.685337e-02	-3.954094e-03	-6.387992e-02	-3.589405e-02	-2.798586e-02
242           	8.966529e-03	4.133209e-02	-3.236556e-02	-1.097094e-03	3.909854e-03	-5.006948e-03	4.458401e-03	3.684883e-02	-3.952752e-03	-6.387243e-02	-3.588897e-02	-2.798346e-02
243           	8.965749e-03	4.132722e-02	-3.236147e-02	-1.097075e-03	3.909467e-03	-5.006542e-03	4.458005e-03	3.684435e-02	-3.951426e-03	-6.386503e-02	-3.588394e-02	-2.798109e-02
244           	8.964997e-03	4.132242e-02	-3.235743e-02	-1.097054e-03	3.909096e-03	-5.006150e-03	4.457623e-03	3.683993e-02	-3.950115e-03	-6.385774e-02	-3.587898e-02	-2.797875e-02
245           	8.964272e-03	4.131770e-02	-3.235343e-02	-1.097033e-03	3.908738e-03	-5.005771e-03	4.457255e-03	3.683557e-02	-3.948821e-03	-6.385054e-02	-3.587409e-02	-2.797645e-02
246           	8.963574e-03	4.131306e-02	-3.234948e-02	-1.097010e-03	3.908395e-03	-5.005405e-03	4.456900e-03	3.683127e-02	-3.947544e-03	-6.384344e-02	-3.586926e-02	-2.797417e-02
247           	8.962901e-03	4.130849e-02	-3.234559e-02	-1.096987e-03	3.908065e-03	-5.005052e-03	4.456559e-03	3.682704e-02	-3.946282e-03	-6.383643e-02	-3.586450e-02	-2.797193e-02
248           	8.962253e-03	4.130399e-02	-3.234174e-02	-1.096963e-03	3.907748e-03	-5.004711e-03	4.456230e-03	3.682286e-02	-3.945038e-03	-6.382953e-02	-3.585980e-02	-2.796973e-02
249           	8.961629e-03	4.129957e-02	-3.233794e-02	-1.096937e-03	3.907444e-03	-5.004382e-03	4.455913e-03	3.681875e-02	-3.943810e-03	-6.382272e-02	-3.585517e-02	-2.796755e-02
250           	8.961028e-03	4.129522e-02	-3.233419e-02	-1.096912e-03	3.907153e-03	-5.004064e-03	4.455609e-03	3.681470e-02	-3.942599e-03	-6.381601e-02	-3.585060e-02	-2.796541e-02
251           	8.960451e-03	4.129094e-02	-3.233049e-02	-1.096885e-03	3.906873e-03	-5.003758e-03	4.455316e-03	3.681072e-02	-3.941405e-03	-6.380940e-02	-3.584610e-02	-2.796329e-02
252           	8.959894e-03	4.128674e-02	-3.232684e-02	-1.096858e-03	3.906604e-03	-5.003462e-03	4.455033e-03	3.680679e-02	-3.940228e-03	-6.380288e-02	-3.584167e-02	-2.796121e-02
253           	8.959360e-03	4.128260e-02	-3.232324e-02	-1.096830e-03	3.906347e-03	-5.003178e-03	4.454762e-03	3.680292e-02	-3.939068e-03	-6.379647e-02	-3.583730e-02	-2.795917e-02
254           	8.958847e-03	4.127854e-02	-3.231970e-02	-1.096802e-03	3.906101e-03	-5.002903e-03	4.454502e-03	3.679912e-02	-3.937924e-03	-6.379015e-02	-3.583300e-02	-2.795715e-02
255           	8.958354e-03	4.127455e-02	-3.231620e-02	-1.096773e-03	3.905866e-03	-5.002639e-03	4.454252e-03	3.679538e-02	-3.936798e-03	-6.378393e-02	-3.582876e-02	-2.795516e-02
256           	8.957882e-03	4.127064e-02	-3.231276e-02	-1.096744e-03	3.905641e-03	-5.002384e-03	4.454013e-03	3.679170e-02	-3.935688e-03	-6.377780e-02	-3.582459e-02	-2.795321e-02
257           	8.957429e-03	4.126679e-02	-3.230936e-02	-1.096714e-03	3.905426e-03	-5.002139e-03	4.453783e-03	3.678808e-02	-3.934596e-03	-6.377177e-02	-3.582048e-02	-2.795129e-02
258           	8.956994e-03	4.126301e-02	-3.230602e-02	-1.096683e-03	3.905220e-03	-5.001904e-03	4.453562e-03	3.678451e-02	-3.933520e-03	-6.376584e-02	-3.581644e-02	-2.794940e-02
259           	8.956577e-03	4.125930e-02	-3.230272e-02	-1.096653e-03	3.905024e-03	-5.001676e-03	4.453350e-03	3.678101e-02	-3.932462e-03	-6.376000e-02	-3.581246e-02	-2.794754e-02
260           	8.956177e-03	4.125566e-02	-3.229948e-02	-1.096622e-03	3.904836e-03	-5.001458e-03	4.453147e-03	3.677757e-02	-3.931421e-03	-6.375426e-02	-3.580855e-02	-2.794571e-02
261           	8.955793e-03	4.125208e-02	-3.229629e-02	-1.096590e-03	3.904657e-03	-5.001248e-03	4.452952e-03	3.677418e-02	-3.930397e-03	-6.374861e-02	-3.580470e-02	-2.794391e-02
262           	8.955426e-03	4.124857e-02	-3.229314e-02	-1.096559e-03	3.904486e-03	-5.001045e-03	4.452766e-03	3.677085e-02	-3.929387e-03	-6.374304e-02	-3.580091e-02	-2.794213e-02
263           	8.955074e-03	4.124512e-02	-3.229004e-02	-1.096527e-03	3.904324e-03	-5.000851e-03	4.452587e-03	3.676758e-02	-3.928396e-03	-6.373758e-02	-3.579718e-02	-2.794039e-02
264           	8.954739e-03	4.124174e-02	-3.228700e-02	-1.096495e-03	3.904169e-03	-5.000664e-03	4.452417e-03	3.676437e-02	-3.927421e-03	-6.373221e-02	-3.579352e-02	-2.793868e-02
265           	8.954418e-03	4.123842e-02	-3.228400e-02	-1.096463e-03	3.904022e-03	-5.000485e-03	4.452254e-03	3.676121e-02	-3.926463e-03	-6.372693e-02	-3.578993e-02	-2.793700e-02
266           	8.954112e-03	4.123517e-02	-3.228106e-02	-1.096431e-03	3.903882e-03	-5.000313e-03	4.452098e-03	3.675811e-02	-3.925520e-03	-6.372174e-02	-3.578639e-02	-2.793535e-02
267           	8.953821e-03	4.123198e-02	-3.227816e-02	-1.096398e-03	3.903750e-03	-5.000148e-03	4.451949e-03	3.675507e-02	-3.924594e-03	-6.371664e-02	-3.578291e-02	-2.793372e-02
268           	8.953543e-03	4.122886e-02	-3.227531e-02	-1.096365e-03	3.903625e-03	-4.999990e-03	4.451807e-03	3.675208e-02	-3.923686e-03	-6.371163e-02	-3.577950e-02	-2.793213e-02
269           	8.953271e-03	4.122580e-02	-3.227253e-02	-1.096331e-03	3.903502e-03	-4.999833e-03	4.451668e-03	3.674916e-02	-3.922795e-03	-6.370673e-02	-3.577616e-02	-2.793057e-02
270           	8.953014e-03	4.122280e-02	-3.226978e-02	-1.096298e-03	3.903388e-03	-4.999685e-03	4.451537e-03	3.674629e-02	-3.921917e-03	-6.370191e-02	-3.577287e-02	-2.792904e-02
271           	8.952780e-03	4.121985e-02	-3.226707e-02	-1.096266e-03	3.903284e-03	-4.999550e-03	4.451417e-03	3.674346e-02	-3.921053e-03	-6.369715e-02	-3.576963e-02	-2.792752e-02
272           	8.952557e-03	4.121695e-02	-3.226440e-02	-1.096234e-03	3.903186e-03	-4.999420e-03	4.451303e-03	3.674067e-02	-3.920205e-03	-6.369247e-02	-3.576644e-02	-2.792603e-02
273           	8.952344e-03	4.121412e-02	-3.226177e-02	-1.096202e-03	3.903093e-03	-4.999295e-03	4.451194e-03	3.673795e-02	-3.919372e-03	-6.368788e-02	-3.576331e-02	-2.792457e-02
274           	8.952140e-03	4.121134e-02	-3.225920e-02	-1.096169e-03	3.903004e-03	-4.999174e-03	4.451089e-03	3.673527e-02	-3.918554e-03	-6.368338e-02	-3.576025e-02	-2.792314e-02
275           	8.951946e-03	4.120862e-02	-3.225668e-02	-1.096136e-03	3.902921e-03	-4.999057e-03	4.450989e-03	3.673265e-02	-3.917751e-03	-6.367897e-02	-3.575724e-02	-2.792173e-02
276           	8.951762e-03	4.120596e-02	-3.225420e-02	-1.096103e-03	3.902842e-03	-4.998946e-03	4.450894e-03	3.673008e-02	-3.916964e-03	-6.367464e-02	-3.575429e-02	-2.792036e-02
277           	8.951587e-03	4.120336e-02	-3.225177e-02	-1.096070e-03	3.902769e-03	-4.998839e-03	4.450804e-03	3.672757e-02	-3.916192e-03	-6.367040e-02	-3.575139e-02	-2.791901e-02
278           	8.951422e-03	4.120081e-02	-3.224939e-02	-1.096037e-03	3.902700e-03	-4.998737e-03	4.450718e-03	3.672510e-02	-3.915434e-03	-6.366624e-02	-3.574856e-02	-2.791769e-02
279           	8.951267e-03	4.119832e-02	-3.224705e-02	-1.096005e-03	3.902635e-03	-4.998640e-03	4.450638e-03	3.672268e-02	-3.914691e-03	-6.366216e-02	-3.574577e-02	-2.791639e-02
280           	8.951121e-03	4.119587e-02	-3.224475e-02	-1.095972e-03	3.902576e-03	-4.998548e-03	4.450562e-03	3.672031e-02	-3.913962e-03	-6.365816e-02	-3.574304e-02	-2.791512e-02
281           	8.950984e-03	4.119348e-02	-3.224250e-02	-1.095940e-03	3.902520e-03	-4.998460e-03	4.450490e-03	3.671799e-02	-3.913246e-03	-6.365423e-02	-3.574036e-02	-2.791387e-02
282           	8.950856e-03	4.119114e-02	-3.224028e-02	-1.095907e-03	3.902469e-03	-4.998377e-03	4.450423e-03	3.671571e-02	-3.912545e-03	-6.365038e-02	-3.573773e-02	-2.791265e-02
283           	8.950737e-03	4.118885e-02	-3.223811e-02	-1.095876e-03	3.902422e-03	-4.998298e-03	4.450360e-03	3.671348e-02	-3.911857e-03	-6.364660e-02	-3.573516e-02	-2.791144e-02
284           	8.950626e-03	4.118661e-02	-3.223598e-02	-1.095844e-03	3.902379e-03	-4.998223e-03	4.450301e-03	3.671129e-02	-3.911183e-03	-6.364290e-02	-3.573263e-02	-2.791027e-02
285           	8.950513e-03	4.118443e-02	-3.223392e-02	-1.095811e-03	3.902336e-03	-4.998147e-03	4.450242e-03	3.670917e-02	-3.910529e-03	-6.363930e-02	-3.573018e-02	-2.790912e-02
286           	8.950412e-03	4.118230e-02	-3.223188e-02	-1.095778e-03	3.902298e-03	-4.998077e-03	4.450187e-03	3.670709e-02	-3.909886e-03	-6.363577e-02	-3.572777e-02	-2.790800e-02
287           	8.950322e-03	4.118020e-02	-3.222988e-02	-1.095747e-03	3.902265e-03	-4.998012e-03	4.450139e-03	3.670504e-02	-3.909253e-03	-6.363230e-02	-3.572540e-02	-2.790690e-02
288           	8.950241e-03	4.117815e-02	-3.222791e-02	-1.095716e-03	3.902237e-03	-4.997953e-03	4.450095e-03	3.670303e-02	-3.908631e-03	-6.362888e-02	-3.572307e-02	-2.790581e-02
289           	8.950168e-03	4.117615e-02	-3.222598e-02	-1.095686e-03	3.902212e-03	-4.997898e-03	4.450055e-03	3.670106e-02	-3.908020e-03	-6.362553e-02	-3.572078e-02	-2.790474e-02
290           	8.950102e-03	4.117418e-02	-3.222408e-02	-1.095656e-03	3.902190e-03	-4.997846e-03	4.450018e-03	3.669913e-02	-3.907422e-03	-6.362224e-02	-3.571854e-02	-2.790370e-02
291           	8.950042e-03	4.117227e-02	-3.222222e-02	-1.095626e-03	3.902171e-03	-4.997797e-03	4.449984e-03	3.669725e-02	-3.906837e-03	-6.361903e-02	-3.571635e-02	-2.790268e-02
292           	8.949987e-03	4.117040e-02	-3.222041e-02	-1.095596e-03	3.902155e-03	-4.997751e-03	4.449953e-03	3.669540e-02	-3.906266e-03	-6.361588e-02	-3.571421e-02	-2.790168e-02
293           	8.949937e-03	4.116857e-02	-3.221864e-02	-1.095566e-03	3.902141e-03	-4.997707e-03	4.449924e-03	3.669361e-02	-3.905709e-03	-6.361282e-02	-3.571212e-02	-2.790070e-02
294           	8.949891e-03	4.116680e-02	-3.221691e-02	-1.095536e-03	3.902129e-03	-4.997666e-03	4.449897e-03	3.669185e-02	-3.905166e-03	-6.360982e-02	-3.571008e-02	-2.789974e-02
295           	8.949850e-03	4.116507e-02	-3.221522e-02	-1.095507e-03	3.902119e-03	-4.997626e-03	4.449873e-03	3.669014e-02	-3.904636e-03	-6.360689e-02	-3.570808e-02	-2.789881e-02
296           	8.949814e-03	4.116338e-02	-3.221356e-02	-1.095477e-03	3.902112e-03	-4.997589e-03	4.449851e-03	3.668847e-02	-3.904119e-03	-6.360404e-02	-3.570614e-02	-2.789790e-02
297           	8.949781e-03	4.116173e-02	-3.221195e-02	-1.095448e-03	3.902106e-03	-4.997555e-03	4.449831e-03	3.668684e-02	-3.903614e-03	-6.360125e-02	-3.570424e-02	-2.789701e-02
298           	8.949754e-03	4.116012e-02	-3.221037e-02	-1.095420e-03	3.902103e-03	-4.997523e-03	4.449813e-03	3.668525e-02	-3.903120e-03	-6.359852e-02	-3.570238e-02	-2.789614e-02
299           	8.949731e-03	4.115855e-02	-3.220882e-02	-1.095391e-03	3.902102e-03	-4.997493e-03	4.449797e-03	3.668369e-02	-3.902638e-03	-6.359585e-02	-3.570056e-02	-2.789529e-02
300           	8.949713e-03	4.115702e-02	-3.220731e-02	-1.095363e-03	3.902103e-03	-4.997465e-03	4.449784e-03	3.668217e-02	-3.902166e-03	-6.359324e-02	-3.569879e-02	-2.789445e-02
301           	8.949699e-03	4.115553e-02	-3.220583e-02	-1.095335e-03	3.902105e-03	-4.997440e-03	4.449773e-03	3.668068e-02	-3.901705e-03	-6.359069e-02	-3.569705e-02	-2.789364e-02
302           	8.949689e-03	4.115407e-02	-3.220438e-02	-1.095308e-03	3.902110e-03	-4.997417e-03	4.449764e-03	3.667923e-02	-3.901254e-03	-6.358819e-02	-3.569535e-02	-2.789284e-02
303           	8.949684e-03	4.115265e-02	-3.220297e-02	-1.095280e-03	3.902116e-03	-4.997397e-03	4.449756e-03	3.667781e-02	-3.900814e-03	-6.358575e-02	-3.569369e-02	-2.789206e-02
304           	8.949682e-03	4.115126e-02	-3.220158e-02	-1.095254e-03	3.902124e-03	-4.997378e-03	4.449751e-03	3.667642e-02	-3.900384e-03	-6.358337e-02	-3.569207e-02	-2.789130e-02
305           	8.949683e-03	4.114991e-02	-3.220023e-02	-1.095227e-03	3.902134e-03	-4.997361e-03	4.449747e-03	3.667507e-02	-3.899965e-03	-6.358104e-02	-3.569049e-02	-2.789056e-02
306           	8.949688e-03	4.114860e-02	-3.219891e-02	-1.095201e-03	3.902145e-03	-4.997345e-03	4.449745e-03	3.667376e-02	-3.899557e-03	-6.357877e-02	-3.568894e-02	-2.788983e-02
307           	8.949696e-03	4.114732e-02	-3.219763e-02	-1.095175e-03	3.902157e-03	-4.997331e-03	4.449744e-03	3.667247e-02	-3.899160e-03	-6.357656e-02	-3.568744e-02	-2.788912e-02
308           	8.949706e-03	4.114608e-02	-3.219637e-02	-1.095149e-03	3.902170e-03	-4.997319e-03	4.449745e-03	3.667123e-02	-3.898772e-03	-6.357440e-02	-3.568597e-02	-2.788843e-02
309           	8.949720e-03	4.114487e-02	-3.219515e-02	-1.095124e-03	3.902185e-03	-4.997309e-03	4.449747e-03	3.667001e-02	-3.898395e-03	-6.357230e-02	-3.568454e-02	-2.788775e-02
310           	8.949736e-03	4.114369e-02	-3.219395e-02	-1.095099e-03	3.902201e-03	-4.997299e-03	4.449750e-03	3.666882e-02	-3.898028e-03	-6.357025e-02	-3.568315e-02	-2.788709e-02
311           	8.949755e-03	4.114255e-02	-3.219279e-02	-1.095074e-03	3.902218e-03	-4.997292e-03	4.449755e-03	3.666767e-02	-3.897670e-03	-6.356825e-02	-3.568179e-02	-2.788645e-02
312           	8.949776e-03	4.114143e-02	-3.219166e-02	-1.095049e-03	3.902236e-03	-4.997285e-03	4.449760e-03	3.666654e-02	-3.897322e-03	-6.356629e-02	-3.568047e-02	-2.788583e-02
313           	8.949800e-03	4.114035e-02	-3.219055e-02	-1.095025e-03	3.902255e-03	-4.997280e-03	4.449767e-03	3.666545e-02	-3.896983e-03	-6.356439e-02	-3.567918e-02	-2.788521e-02
314           	8.949826e-03	4.113929e-02	-3.218947e-02	-1.095001e-03	3.902275e-03	-4.997276e-03	4.449775e-03	3.666438e-02	-3.896652e-03	-6.356254e-02	-3.567792e-02	-2.788462e-02
315           	8.949854e-03	4.113827e-02	-3.218842e-02	-1.094978e-03	3.902295e-03	-4.997273e-03	4.449784e-03	3.666334e-02	-3.896330e-03	-6.356073e-02	-3.567670e-02	-2.788404e-02
316           	8.949884e-03	4.113727e-02	-3.218739e-02	-1.094955e-03	3.902317e-03	-4.997272e-03	4.449794e-03	3.666233e-02	-3.896017e-03	-6.355897e-02	-3.567550e-02	-2.788347e-02
317           	8.949916e-03	4.113630e-02	-3.218639e-02	-1.094932e-03	3.902339e-03	-4.997271e-03	4.449805e-03	3.666135e-02	-3.895711e-03	-6.355726e-02	-3.567434e-02	-2.788292e-02
318           	8.949950e-03	4.113536e-02	-3.218541e-02	-1.094910e-03	3.902362e-03	-4.997272e-03	4.449817e-03	3.666039e-02	-3.895414e-03	-6.355559e-02	-3.567321e-02	-2.788238e-02
319           	8.949986e-03	4.113445e-02	-3.218446e-02	-1.094887e-03	3.902386e-03	-4.997273e-03	4.449830e-03	3.665945e-02	-3.895124e-03	-6.355396e-02	-3.567210e-02	-2.788185e-02
320           	8.950023e-03	4.113356e-02	-3.218353e-02	-1.094866e-03	3.902410e-03	-4.997276e-03	4.449843e-03	3.665854e-02	-3.894842e-03	-6.355237e-02	-3.567103e-02	-2.788134e-02
321           	8.950062e-03	4.113269e-02	-3.218263e-02	-1.094844e-03	3.902435e-03	-4.997279e-03	4.449857e-03	3.665766e-02	-3.894568e-03	-6.355083e-02	-3.566998e-02	-2.788085e-02
322           	8.950102e-03	4.113185e-02	-3.218175e-02	-1.094823e-03	3.902460e-03	-4.997283e-03	4.449872e-03	3.665680e-02	-3.894301e-03	-6.354932e-02	-3.566896e-02	-2.788036e-02
323           	8.950144e-03	4.113104e-02	-3.218089e-02	-1.094802e-03	3.902486e-03	-4.997288e-03	4.449887e-03	3.665597e-02	-3.894041e-03	-6.354786e-02	-3.566797e-02	-2.787989e-02
324           	8.950186e-03	4.113025e-02	-3.218006e-02	-1.094781e-03	3.902512e-03	-4.997294e-03	4.449903e-03	3.665515e-02	-3.893789e-03	-6.354644e-02	-3.566701e-02	-2.787943e-02
325           	8.950230e-03	4.112948e-02	-3.217925e-02	-1.094761e-03	3.902539e-03	-4.997300e-03	4.449920e-03	3.665436e-02	-3.893543e-03	-6.354505e-02	-3.566607e-02	-2.787898e-02
326           	8.950275e-03	4.112873e-02	-3.217846e-02	-1.094741e-03	3.902566e-03	-4.997307e-03	4.449937e-03	3.665359e-02	-3.893304e-03	-6.354370e-02	-3.566515e-02	-2.787855e-02
327           	8.950322e-03	4.112801e-02	-3.217769e-02	-1.094722e-03	3.902594e-03	-4.997315e-03	4.449954e-03	3.665285e-02	-3.893071e-03	-6.354239e-02	-3.566426e-02	-2.787812e-02
328           	8.950369e-03	4.112731e-02	-3.217694e-02	-1.094702e-03	3.902621e-03	-4.997324e-03	4.449972e-03	3.665212e-02	-3.892845e-03	-6.354111e-02	-3.566340e-02	-2.787771e-02
329           	8.950417e-03	4.112663e-02	-3.217621e-02	-1.094683e-03	3.902649e-03	-4.997333e-03	4.449991e-03	3.665142e-02	-3.892625e-03	-6.353987e-02	-3.566256e-02	-2.787731e-02
330           	8.950466e-03	4.112597e-02	-3.217550e-02	-1.094664e-03	3.902678e-03	-4.997342e-03	4.450010e-03	3.665073e-02	-3.892411e-03	-6.353866e-02	-3.566174e-02	-2.787692e-02
331           	8.950515e-03	4.112533e-02	-3.217481e-02	-1.094646e-03	3.902706e-03	-4.997352e-03	4.450029e-03	3.665007e-02	-3.892204e-03	-6.353749e-02	-3.566095e-02	-2.787654e-02
332           	8.950566e-03	4.112471e-02	-3.217414e-02	-1.094628e-03	3.902735e-03	-4.997363e-03	4.450049e-03	3.664942e-02	-3.892002e-03	-6.353635e-02	-3.566018e-02	-2.787617e-02
333           	8.950617e-03	4.112411e-02	-3.217349e-02	-1.094610e-03	3.902764e-03	-4.997374e-03	4.450069e-03	3.664880e-02	-3.891806e-03	-6.353524e-02	-3.565943e-02	-2.787581e-02
334           	8.950668e-03	4.112353e-02	-3.217286e-02	-1.094593e-03	3.902793e-03	-4.997385e-03	4.450089e-03	3.664819e-02	-3.891616e-03	-6.353416e-02	-3.565870e-02	-2.787547e-02
335           	8.950721e-03	4.112296e-02	-3.217224e-02	-1.094575e-03	3.902822e-03	-4.997397e-03	4.450109e-03	3.664760e-02	-3.891431e-03	-6.353312e-02	-3.565799e-02	-2.787513e-02
336           	8.950773e-03	4.112242e-02	-3.217164e-02	-1.094558e-03	3.902851e-03	-4.997409e-03	4.450130e-03	3.664703e-02	-3.891252e-03	-6.353210e-02	-3.565730e-02	-2.787480e-02
337           	8.950826e-03	4.112189e-02	-3.217106e-02	-1.094542e-03	3.902880e-03	-4.997422e-03	4.450151e-03	3.664648e-02	-3.891078e-03	-6.353112e-02	-3.565664e-02	-2.787448e-02
338           	8.950880e-03	4.112138e-02	-3.217050e-02	-1.094526e-03	3.902910e-03	-4.997435e-03	4.450172e-03	3.664594e-02	-3.890909e-03	-6.353016e-02	-3.565599e-02	-2.787417e-02
339           	8.950933e-03	4.112088e-02	-3.216995e-02	-1.094510e-03	3.902939e-03	-4.997448e-03	4.450194e-03	3.664542e-02	-3.890745e-03	-6.352923e-02	-3.565536e-02	-2.787387e-02
340           	8.950988e-03	4.112041e-02	-3.216942e-02	-1.094494e-03	3.902968e-03	-4.997462e-03	4.450215e-03	3.664491e-02	-3.890587e-03	-6.352833e-02	-3.565475e-02	-2.787358e-02
341           	8.951042e-03	4.111995e-02	-3.216890e-02	-1.094478e-03	3.902998e-03	-4.997476e-03	4.450237e-03	3.664442e-02	-3.890433e-03	-6.352745e-02	-3.565416e-02	-2.787329e-02
342           	8.951096e-03	4.111950e-02	-3.216840e-02	-1.094463e-03	3.903027e-03	-4.997490e-03	4.450258e-03	3.664395e-02	-3.890283e-03	-6.352660e-02	-3.565358e-02	-2.787302e-02
343           	8.951151e-03	4.111907e-02	-3.216792e-02	-1.094448e-03	3.903056e-03	-4.997504e-03	4.450280e-03	3.664349e-02	-3.890139e-03	-6.352578e-02	-3.565303e-02	-2.787275e-02
344           	8.951206e-03	4.111865e-02	-3.216745e-02	-1.094434e-03	3.903085e-03	-4.997519e-03	4.450302e-03	3.664305e-02	-3.889999e-03	-6.352498e-02	-3.565249e-02	-2.787249e-02
345           	8.951261e-03	4.111825e-02	-3.216699e-02	-1.094419e-03	3.903115e-03	-4.997534e-03	4.450324e-03	3.664262e-02	-3.889863e-03	-6.352421e-02	-3.565197e-02	-2.787224e-02
346           	8.951316e-03	4.111786e-02	-3.216655e-02	-1.094405e-03	3.903144e-03	-4.997549e-03	4.450346e-03	3.664220e-02	-3.889732e-03	-6.352346e-02	-3.565146e-02	-2.787200e-02
347           	8.951371e-03	4.111749e-02	-3.216612e-02	-1.094391e-03	3.903172e-03	-4.997564e-03	4.450368e-03	3.664180e-02	-3.889605e-03	-6.352273e-02	-3.565097e-02	-2.787176e-02
348           	8.951425e-03	4.111713e-02	-3.216570e-02	-1.094378e-03	3.903201e-03	-4.997579e-03	4.450390e-03	3.664141e-02	-3.889482e-03	-6.352203e-02	-3.565050e-02	-2.787153e-02
349           	8.951480e-03	4.111678e-02	-3.216530e-02	-1.094364e-03	3.903230e-03	-4.997594e-03	4.450412e-03	3.664104e-02	-3.889363e-03	-6.352134e-02	-3.565004e-02	-2.787131e-02
350           	8.951535e-03	4.111644e-02	-3.216491e-02	-1.094351e-03	3.903258e-03	-4.997610e-03	4.450434e-03	3.664067e-02	-3.889248e-03	-6.352068e-02	-3.564959e-02	-2.787109e-02
351           	8.951590e-03	4.111612e-02	-3.216453e-02	-1.094338e-03	3.903287e-03	-4.997625e-03	4.450456e-03	3.664032e-02	-3.889136e-03	-6.352004e-02	-3.564916e-02	-2.787089e-02
352           	8.951644e-03	4.111581e-02	-3.216416e-02	-1.094326e-03	3.903315e-03	-4.997641e-03	4.450478e-03	3.663998e-02	-3.889029e-03	-6.351943e-02	-3.564874e-02	-2.787068e-02
353           	8.951699e-03	4.111551e-02	-3.216381e-02	-1.094314e-03	3.903343e-03	-4.997657e-03	4.450500e-03	3.663966e-02	-3.888925e-03	-6.351883e-02	-3.564834e-02	-2.787049e-02
354           	8.951753e-03	4.111522e-02	-3.216347e-02	-1.094302e-03	3.903371e-03	-4.997672e-03	4.450521e-03	3.663934e-02	-3.888825e-03	-6.351825e-02	-3.564795e-02	-2.787030e-02
355           	8.951807e-03	4.111494e-02	-3.216314e-02	-1.094290e-03	3.903398e-03	-4.997688e-03	4.450543e-03	3.663904e-02	-3.888729e-03	-6.351769e-02	-3.564757e-02	-2.787012e-02
356           	8.951860e-03	4.111468e-02	-3.216282e-02	-1.094278e-03	3.903426e-03	-4.997704e-03	4.450565e-03	3.663875e-02	-3.888636e-03	-6.351715e-02	-3.564721e-02	-2.786994e-02
357           	8.951914e-03	4.111442e-02	-3.216251e-02	-1.094267e-03	3.903453e-03	-4.997719e-03	4.450586e-03	3.663846e-02	-3.888546e-03	-6.351663e-02	-3.564686e-02	-2.786977e-02
358           	8.951967e-03	4.111418e-02	-3.216221e-02	-1.094256e-03	3.903479e-03	-4.997735e-03	4.450607e-03	3.663819e-02	-3.888460e-03	-6.351612e-02	-3.564652e-02	-2.786960e-02
359           	8.952020e-03	4.111394e-02	-3.216192e-02	-1.094245e-03	3.903506e-03	-4.997751e-03	4.450629e-03	3.663793e-02	-3.888376e-03	-6.351563e-02	-3.564619e-02	-2.786944e-02
360           	8.952072e-03	4.111371e-02	-3.216164e-02	-1.094234e-03	3.903532e-03	-4.997767e-03	4.450650e-03	3.663768e-02	-3.888295e-03	-6.351516e-02	-3.564588e-02	-2.786929e-02
361           	8.952124e-03	4.111349e-02	-3.216137e-02	-1.094224e-03	3.903559e-03	-4.997782e-03	4.450670e-03	3.663743e-02	-3.888217e-03	-6.351471e-02	-3.564557e-02	-2.786914e-02
362           	8.952176e-03	4.111328e-02	-3.216111e-02	-1.094213e-03	3.903585e-03	-4.997798e-03	4.450691e-03	3.663720e-02	-3.888142e-03	-6.351427e-02	-3.564527e-02	-2.786899e-02
363           	8.952227e-03	4.111308e-02	-3.216086e-02	-1.094203e-03	3.903610e-03	-4.997814e-03	4.450712e-03	3.663697e-02	-3.888070e-03	-6.351384e-02	-3.564499e-02	-2.786885e-02
364           	8.952279e-03	4.111289e-02	-3.216061e-02	-1.094194e-03	3.903636e-03	-4.997829e-03	4.450732e-03	3.663675e-02	-3.887998e-03	-6.351343e-02	-3.564471e-02	-2.786871e-02
365           	8.952329e-03	4.111270e-02	-3.216037e-02	-1.094184e-03	3.903661e-03	-4.997845e-03	4.450753e-03	3.663654e-02	-3.887930e-03	-6.351303e-02	-3.564444e-02	-2.786858e-02
366           	8.952380e-03	4.111253e-02	-3.216015e-02	-1.094175e-03	3.903686e-03	-4.997860e-03	4.450773e-03	3.663634e-02	-3.887866e-03	-6.351265e-02	-3.564419e-02	-2.786846e-02
367           	8.952430e-03	4.111236e-02	-3.215993e-02	-1.094165e-03	3.903710e-03	-4.997876e-03	4.450793e-03	3.663614e-02	-3.887805e-03	-6.351228e-02	-3.564394e-02	-2.786833e-02
368           	8.952479e-03	4.111220e-02	-3.215972e-02	-1.094156e-03	3.903734e-03	-4.997891e-03	4.450813e-03	3.663596e-02	-3.887747e-03	-6.351193e-02	-3.564371e-02	-2.786822e-02
369           	8.952528e-03	4.111205e-02	-3.215952e-02	-1.094148e-03	3.903758e-03	-4.997906e-03	4.450832e-03	3.663578e-02	-3.887692e-03	-6.351159e-02	-3.564349e-02	-2.786810e-02
370           	8.952576e-03	4.111190e-02	-3.215933e-02	-1.094139e-03	3.903782e-03	-4.997921e-03	4.450852e-03	3.663561e-02	-3.887639e-03	-6.351127e-02	-3.564327e-02	-2.786799e-02
371           	8.952624e-03	4.111177e-02	-3.215914e-02	-1.094131e-03	3.903805e-03	-4.997936e-03	4.450871e-03	3.663545e-02	-3.887589e-03	-6.351095e-02	-3.564307e-02	-2.786789e-02
372           	8.952672e-03	4.111163e-02	-3.215896e-02	-1.094123e-03	3.903829e-03	-4.997951e-03	4.450890e-03	3.663530e-02	-3.887540e-03	-6.351065e-02	-3.564287e-02	-2.786779e-02
373           	8.952719e-03	4.111151e-02	-3.215879e-02	-1.094114e-03	3.903851e-03	-4.997966e-03	4.450909e-03	3.663515e-02	-3.887493e-03	-6.351036e-02	-3.564267e-02	-2.786769e-02
374           	8.952752e-03	4.111146e-02	-3.215871e-02	-1.094107e-03	3.903868e-03	-4.997975e-03	4.450921e-03	3.663508e-02	-3.887509e-03	-6.351024e-02	-3.564263e-02	-2.786761e-02
375           	8.952788e-03	4.111146e-02	-3.215867e-02	-1.094099e-03	3.903886e-03	-4.997985e-03	4.450935e-03	3.663507e-02	-3.887564e-03	-6.351024e-02	-3.564268e-02	-2.786756e-02
376           	8.952826e-03	4.111149e-02	-3.215867e-02	-1.094091e-03	3.903904e-03	-4.997996e-03	4.450950e-03	3.663508e-02	-3.887633e-03	-6.351029e-02	-3.564278e-02	-2.786751e-02
377           	8.952863e-03	4.111153e-02	-3.215866e-02	-1.094084e-03	3.903922e-03	-4.998006e-03	4.450964e-03	3.663510e-02	-3.887697e-03	-6.351034e-02	-3.564287e-02	-2.786747e-02
