# Force and moment coefficients
# dragDir     : (1.000000e+00 0.000000e+00 0.000000e+00)
# sideDir     : (0.000000e+00 1.000000e+00 0.000000e+00)
# liftDir     : (0.000000e+00 0.000000e+00 1.000000e+00)
# rollAxis    : (1.000000e+00 0.000000e+00 0.000000e+00)
# pitchAxis   : (0.000000e+00 1.000000e+00 0.000000e+00)
# yawAxis     : (0.000000e+00 0.000000e+00 1.000000e+00)
# magUInf     : 6.661800e+00
# lRef        : 1.499270e-01
# Aref        : 5.000000e-02
# CofR        : (0.000000e+00 0.000000e+00 0.000000e+00)
#
# Time        	Cd            	Cd(f)         	Cd(r)         	Cl            	Cl(f)         	Cl(r)         	CmPitch       	CmRoll        	CmYaw         	Cs            	Cs(f)         	Cs(r)         
1             	5.734543e-01	2.894712e-01	2.839831e-01	-3.228365e-02	6.603400e-01	-6.926236e-01	6.764818e-01	2.744057e-03	-1.477684e-03	-3.164956e-03	-3.060162e-03	-1.047935e-04
2             	4.323593e-01	2.186194e-01	2.137399e-01	-3.937102e-02	4.957400e-01	-5.351110e-01	5.154255e-01	2.439763e-03	-1.282744e-03	-2.904626e-03	-2.735057e-03	-1.695691e-04
3             	3.364505e-01	1.696532e-01	1.667973e-01	-3.806174e-02	3.829896e-01	-4.210513e-01	4.020204e-01	1.427972e-03	-6.919712e-04	-1.832647e-03	-1.608295e-03	-2.243521e-04
4             	2.619154e-01	1.310086e-01	1.309068e-01	-3.102272e-02	2.950897e-01	-3.261124e-01	3.106010e-01	5.090809e-05	1.235041e-04	-3.295808e-04	-4.128634e-05	-2.882944e-04
5             	2.003234e-01	9.887368e-02	1.014497e-01	-2.109916e-02	2.226681e-01	-2.437672e-01	2.332177e-01	-1.288016e-03	9.396499e-04	1.161643e-03	1.520471e-03	-3.588283e-04
6             	1.501145e-01	7.278558e-02	7.732896e-02	-1.090130e-02	1.641226e-01	-1.750239e-01	1.695732e-01	-2.271686e-03	1.577467e-03	2.285507e-03	2.720220e-03	-4.347134e-04
7             	1.116550e-01	5.311065e-02	5.854432e-02	-2.340932e-03	1.198916e-01	-1.222325e-01	1.210620e-01	-2.716832e-03	1.924731e-03	2.830203e-03	3.339832e-03	-5.096296e-04
8             	8.499565e-02	3.989855e-02	4.509710e-02	3.527946e-03	8.990553e-02	-8.637758e-02	8.814155e-02	-2.599278e-03	1.952749e-03	2.756356e-03	3.330927e-03	-5.745706e-04
9             	6.906700e-02	3.250076e-02	3.656624e-02	6.469870e-03	7.270530e-02	-6.623543e-02	6.947036e-02	-2.032741e-03	1.710143e-03	2.177841e-03	2.799064e-03	-6.212228e-04
10            	6.178564e-02	2.966984e-02	3.211580e-02	6.861216e-03	6.562877e-02	-5.876756e-02	6.219816e-02	-1.222978e-03	1.301514e-03	1.311440e-03	1.957234e-03	-6.457936e-04
11            	6.049057e-02	2.984031e-02	3.065026e-02	5.439332e-03	6.536533e-02	-5.992600e-02	6.264566e-02	-4.049774e-04	8.547642e-04	4.101890e-04	1.059859e-03	-6.496698e-04
12            	6.249196e-02	3.145998e-02	3.103197e-02	3.049532e-03	6.862947e-02	-6.557994e-02	6.710470e-02	2.140051e-04	4.905577e-04	-2.978467e-04	3.416343e-04	-6.394810e-04
13            	6.551521e-02	3.325835e-02	3.225686e-02	4.494962e-04	7.269678e-02	-7.224728e-02	7.247203e-02	5.007426e-04	2.932945e-04	-6.604343e-04	-3.692266e-05	-6.235117e-04
14            	6.796434e-02	3.439771e-02	3.356663e-02	-1.809477e-03	7.570986e-02	-7.751934e-02	7.661460e-02	4.155404e-04	2.974229e-04	-6.241053e-04	-1.462975e-05	-6.094755e-04
15            	6.899168e-02	3.450456e-02	3.448712e-02	-3.425587e-03	7.674548e-02	-8.017107e-02	7.845828e-02	8.722457e-06	4.855269e-04	-2.329079e-04	3.690730e-04	-6.019809e-04
16            	6.840876e-02	3.360130e-02	3.480746e-02	-4.327134e-03	7.569070e-02	-8.001783e-02	7.785427e-02	-6.030778e-04	7.984522e-04	3.947552e-04	9.958298e-04	-6.010746e-04
17            	6.649133e-02	3.197601e-02	3.451532e-02	-4.610254e-03	7.298634e-02	-7.759660e-02	7.529147e-02	-1.269653e-03	1.153395e-03	1.101989e-03	1.704389e-03	-6.024003e-04
18            	6.376398e-02	3.003678e-02	3.372719e-02	-4.465483e-03	6.935409e-02	-7.381957e-02	7.158683e-02	-1.845204e-03	1.465141e-03	1.731953e-03	2.331118e-03	-5.991645e-04
19            	6.079144e-02	2.817772e-02	3.261372e-02	-4.104801e-03	6.553522e-02	-6.964002e-02	6.758762e-02	-2.218004e-03	1.664659e-03	2.160695e-03	2.745007e-03	-5.843112e-04
20            	5.802998e-02	2.668458e-02	3.134539e-02	-3.707821e-03	6.210766e-02	-6.581548e-02	6.396157e-02	-2.330405e-03	1.713168e-03	2.319525e-03	2.872930e-03	-5.534055e-04
21            	5.575232e-02	2.569254e-02	3.005978e-02	-3.392847e-03	5.939877e-02	-6.279162e-02	6.109519e-02	-2.183617e-03	1.607085e-03	2.202103e-03	2.708136e-03	-5.060332e-04
22            	5.403686e-02	2.518832e-02	2.884854e-02	-3.210353e-03	5.747846e-02	-6.068881e-02	5.908363e-02	-1.830113e-03	1.375242e-03	1.857839e-03	2.304161e-03	-4.463219e-04
23            	5.280869e-02	2.504928e-02	2.775941e-02	-3.154883e-03	5.621811e-02	-5.937299e-02	5.779555e-02	-1.355066e-03	1.068017e-03	1.373368e-03	1.754701e-03	-3.813324e-04
24            	5.189790e-02	2.509334e-02	2.680457e-02	-3.183814e-03	5.537035e-02	-5.855416e-02	5.696225e-02	-8.556173e-04	7.452796e-04	8.509747e-04	1.170767e-03	-3.197922e-04
25            	5.111641e-02	2.513766e-02	2.597875e-02	-3.243156e-03	5.467001e-02	-5.791316e-02	5.629158e-02	-4.205450e-04	4.630316e-04	3.862781e-04	6.561707e-04	-2.698926e-04
26            	5.031207e-02	2.504205e-02	2.527002e-02	-3.286408e-03	5.390544e-02	-5.719185e-02	5.554864e-02	-1.139850e-04	2.627606e-04	5.088005e-05	2.882006e-04	-2.373206e-04
27            	4.939542e-02	2.473096e-02	2.466446e-02	-3.284687e-03	5.295294e-02	-5.623762e-02	5.459528e-02	3.324894e-05	1.648220e-04	-1.181054e-04	1.057693e-04	-2.238747e-04
28            	4.834938e-02	2.419882e-02	2.415056e-02	-3.231174e-03	5.178834e-02	-5.501951e-02	5.340393e-02	2.413009e-05	1.675333e-04	-1.196815e-04	1.076926e-04	-2.273741e-04
29            	4.721774e-02	2.349832e-02	2.371943e-02	-3.138325e-03	5.047121e-02	-5.360954e-02	5.204037e-02	-1.105539e-04	2.506717e-04	1.647100e-05	2.589072e-04	-2.424362e-04
30            	4.608226e-02	2.271881e-02	2.336345e-02	-3.031077e-03	4.911357e-02	-5.214465e-02	5.062911e-02	-3.223224e-04	3.820255e-04	2.404405e-04	5.022457e-04	-2.618052e-04
31            	4.503000e-02	2.195771e-02	2.307229e-02	-2.936642e-03	4.783640e-02	-5.077304e-02	4.930472e-02	-5.572885e-04	5.257279e-04	4.950068e-04	7.732313e-04	-2.782246e-04
32            	4.412950e-02	2.129822e-02	2.283129e-02	-2.876860e-03	4.673731e-02	-4.961417e-02	4.817574e-02	-7.665344e-04	6.491520e-04	7.268981e-04	1.012601e-03	-2.857029e-04
33            	4.341680e-02	2.079388e-02	2.262292e-02	-2.863628e-03	4.587146e-02	-4.873509e-02	4.730328e-02	-9.145189e-04	7.289645e-04	8.962475e-04	1.177088e-03	-2.808407e-04
34            	4.289074e-02	2.046232e-02	2.242842e-02	-2.897239e-03	4.524460e-02	-4.814184e-02	4.669322e-02	-9.830467e-04	7.538922e-04	9.814164e-04	1.244600e-03	-2.631841e-04
35            	4.251769e-02	2.028752e-02	2.223017e-02	-2.967763e-03	4.481843e-02	-4.778619e-02	4.630231e-02	-9.713257e-04	7.247698e-04	9.796239e-04	1.214582e-03	-2.349578e-04
36            	4.224298e-02	2.022849e-02	2.201449e-02	-3.058626e-03	4.452530e-02	-4.758393e-02	4.605461e-02	-8.929968e-04	6.524280e-04	9.041663e-04	1.104511e-03	-2.003449e-04
37            	4.200501e-02	2.023162e-02	2.177338e-02	-3.151044e-03	4.428652e-02	-4.743756e-02	4.586204e-02	-7.708810e-04	5.538369e-04	7.789504e-04	9.433122e-04	-1.643617e-04
38            	4.174884e-02	2.024331e-02	2.150552e-02	-3.228354e-03	4.403021e-02	-4.725856e-02	4.564439e-02	-6.311035e-04	4.478837e-04	6.322543e-04	7.640108e-04	-1.317565e-04
39            	4.143678e-02	2.022066e-02	2.121612e-02	-3.279390e-03	4.370546e-02	-4.698485e-02	4.534515e-02	-4.977332e-04	3.515160e-04	4.908257e-04	5.969288e-04	-1.061031e-04
40            	4.105260e-02	2.013748e-02	2.091512e-02	-3.299801e-03	4.328841e-02	-4.658821e-02	4.493831e-02	-3.888243e-04	2.768509e-04	3.752864e-04	4.644941e-04	-8.920775e-05
41            	4.060094e-02	1.998606e-02	2.061487e-02	-3.291865e-03	4.278217e-02	-4.607404e-02	4.442811e-02	-3.144060e-04	2.298154e-04	2.976327e-04	3.786318e-04	-8.099907e-05
42            	4.010255e-02	1.977484e-02	2.032770e-02	-3.262932e-03	4.221110e-02	-4.547403e-02	4.384256e-02	-2.764315e-04	2.103038e-04	2.608754e-04	3.407415e-04	-7.986607e-05
43            	3.958718e-02	1.952347e-02	2.006372e-02	-3.223133e-03	4.161194e-02	-4.483507e-02	4.322351e-02	-2.701262e-04	2.133517e-04	2.602570e-04	3.434802e-04	-8.322323e-05
44            	3.908568e-02	1.925652e-02	1.982916e-02	-3.182840e-03	4.102384e-02	-4.420668e-02	4.261526e-02	-2.863195e-04	2.310087e-04	2.857078e-04	3.738626e-04	-8.815479e-05
45            	3.862357e-02	1.899769e-02	1.962587e-02	-3.150606e-03	4.047999e-02	-4.363060e-02	4.205530e-02	-3.140904e-04	2.544630e-04	3.247823e-04	4.168541e-04	-9.207181e-05
46            	3.821667e-02	1.876513e-02	1.945154e-02	-3.131791e-03	4.000182e-02	-4.313361e-02	4.156771e-02	-3.432007e-04	2.759329e-04	3.654637e-04	4.586647e-04	-9.320108e-05
47            	3.786961e-02	1.856897e-02	1.930064e-02	-3.128080e-03	3.959670e-02	-4.272478e-02	4.116074e-02	-3.658351e-04	2.899467e-04	3.982789e-04	4.890862e-04	-9.080726e-05
48            	3.757672e-02	1.841085e-02	1.916588e-02	-3.137824e-03	3.925894e-02	-4.239677e-02	4.082785e-02	-3.775158e-04	2.939159e-04	4.174665e-04	5.026491e-04	-8.518266e-05
49            	3.732496e-02	1.828534e-02	1.903962e-02	-3.156982e-03	3.897317e-02	-4.213015e-02	4.055166e-02	-3.771410e-04	2.880132e-04	4.212666e-04	4.986466e-04	-7.737993e-05
50            	3.709760e-02	1.818237e-02	1.891523e-02	-3.180340e-03	3.871895e-02	-4.189929e-02	4.030912e-02	-3.664321e-04	2.745716e-04	4.113941e-04	4.802687e-04	-6.887452e-05
51            	3.687815e-02	1.809022e-02	1.878794e-02	-3.202788e-03	3.847569e-02	-4.167848e-02	4.007709e-02	-3.488596e-04	2.570808e-04	3.918759e-04	4.530188e-04	-6.114287e-05
52            	3.665343e-02	1.799817e-02	1.865526e-02	-3.220286e-03	3.822656e-02	-4.144684e-02	3.983670e-02	-3.285412e-04	2.392278e-04	3.677949e-04	4.231252e-04	-5.533037e-05
53            	3.641547e-02	1.789854e-02	1.851693e-02	-3.230489e-03	3.796101e-02	-4.119150e-02	3.957626e-02	-3.091904e-04	2.240114e-04	3.440058e-04	3.960143e-04	-5.200849e-05
54            	3.616204e-02	1.778760e-02	1.837444e-02	-3.232901e-03	3.767563e-02	-4.090853e-02	3.929208e-02	-2.934185e-04	2.132113e-04	3.242087e-04	3.753157e-04	-5.110693e-05
55            	3.589599e-02	1.766559e-02	1.823040e-02	-3.228640e-03	3.737334e-02	-4.060198e-02	3.898766e-02	-2.824082e-04	2.072159e-04	3.104451e-04	3.624384e-04	-5.199334e-05
56            	3.562366e-02	1.753588e-02	1.808779e-02	-3.219938e-03	3.706165e-02	-4.028158e-02	3.867161e-02	-2.759558e-04	2.051704e-04	3.030134e-04	3.566771e-04	-5.366366e-05
57            	3.535303e-02	1.740371e-02	1.794932e-02	-3.209511e-03	3.675022e-02	-3.995973e-02	3.835498e-02	-2.728020e-04	2.053717e-04	3.007578e-04	3.557506e-04	-5.499284e-05
58            	3.509180e-02	1.727479e-02	1.781701e-02	-3.199954e-03	3.644866e-02	-3.964861e-02	3.804863e-02	-2.711126e-04	2.057769e-04	3.015849e-04	3.565693e-04	-5.498446e-05
59            	3.484588e-02	1.715390e-02	1.769198e-02	-3.193263e-03	3.616450e-02	-3.935776e-02	3.776113e-02	-2.690389e-04	2.045476e-04	3.031196e-04	3.561074e-04	-5.298783e-05
60            	3.461856e-02	1.704412e-02	1.757444e-02	-3.190557e-03	3.590214e-02	-3.909270e-02	3.749742e-02	-2.651629e-04	2.004530e-04	3.032725e-04	3.520892e-04	-4.881678e-05
61            	3.441029e-02	1.694639e-02	1.746390e-02	-3.192027e-03	3.566254e-02	-3.885457e-02	3.725855e-02	-2.587537e-04	1.930796e-04	3.006387e-04	3.433990e-04	-4.276027e-05
62            	3.421905e-02	1.685966e-02	1.735940e-02	-3.197063e-03	3.544356e-02	-3.864062e-02	3.704209e-02	-2.498716e-04	1.828647e-04	2.947147e-04	3.302221e-04	-3.550731e-05
63            	3.404111e-02	1.678128e-02	1.725983e-02	-3.204502e-03	3.524089e-02	-3.844539e-02	3.684314e-02	-2.392754e-04	1.709510e-04	2.858977e-04	3.138999e-04	-2.800214e-05
64            	3.387196e-02	1.670778e-02	1.716418e-02	-3.212948e-03	3.504920e-02	-3.826214e-02	3.665567e-02	-2.281960e-04	1.589062e-04	2.752981e-04	2.965553e-04	-2.125714e-05
65            	3.370724e-02	1.663559e-02	1.707165e-02	-3.221059e-03	3.486321e-02	-3.808426e-02	3.647373e-02	-2.180287e-04	1.483742e-04	2.644234e-04	2.805859e-04	-1.616249e-05
66            	3.354347e-02	1.656171e-02	1.698176e-02	-3.227789e-03	3.467862e-02	-3.790641e-02	3.629252e-02	-2.100286e-04	1.407461e-04	2.548259e-04	2.681591e-04	-1.333317e-05
67            	3.337847e-02	1.648418e-02	1.689429e-02	-3.232520e-03	3.449267e-02	-3.772519e-02	3.610893e-02	-2.050560e-04	1.369014e-04	2.477794e-04	2.607911e-04	-1.301171e-05
68            	3.321146e-02	1.640229e-02	1.680917e-02	-3.235092e-03	3.430424e-02	-3.753933e-02	3.592179e-02	-2.034443e-04	1.370858e-04	2.440680e-04	2.591198e-04	-1.505185e-05
69            	3.304291e-02	1.631651e-02	1.672641e-02	-3.235746e-03	3.411373e-02	-3.734947e-02	3.573160e-02	-2.049511e-04	1.408841e-04	2.438556e-04	2.628119e-04	-1.895624e-05
70            	3.287418e-02	1.622825e-02	1.664593e-02	-3.235004e-03	3.392260e-02	-3.715761e-02	3.554010e-02	-2.088407e-04	1.473340e-04	2.467123e-04	2.706901e-04	-2.397781e-05
71            	3.270708e-02	1.613949e-02	1.656759e-02	-3.233522e-03	3.373293e-02	-3.696645e-02	3.534969e-02	-2.140530e-04	1.551287e-04	2.517422e-04	2.809998e-04	-2.925763e-05
72            	3.254342e-02	1.605232e-02	1.649110e-02	-3.231950e-03	3.354681e-02	-3.677876e-02	3.516278e-02	-2.193898e-04	1.628386e-04	2.577634e-04	2.917203e-04	-3.395689e-05
73            	3.238468e-02	1.596862e-02	1.641606e-02	-3.230813e-03	3.336599e-02	-3.659680e-02	3.498140e-02	-2.237158e-04	1.691417e-04	2.635232e-04	3.009033e-04	-3.738015e-05
74            	3.223178e-02	1.588975e-02	1.634203e-02	-3.230449e-03	3.319160e-02	-3.642205e-02	3.480683e-02	-2.261390e-04	1.730203e-04	2.679090e-04	3.069748e-04	-3.906578e-05
75            	3.208504e-02	1.581641e-02	1.626863e-02	-3.230985e-03	3.302405e-02	-3.625504e-02	3.463955e-02	-2.261101e-04	1.738768e-04	2.700972e-04	3.089254e-04	-3.882822e-05
76            	3.194417e-02	1.574859e-02	1.619557e-02	-3.232357e-03	3.286311e-02	-3.609547e-02	3.447929e-02	-2.234905e-04	1.715978e-04	2.696653e-04	3.064304e-04	-3.676511e-05
77            	3.180849e-02	1.568571e-02	1.612278e-02	-3.234363e-03	3.270805e-02	-3.594241e-02	3.432523e-02	-2.185383e-04	1.665324e-04	2.666224e-04	2.998436e-04	-3.322117e-05
78            	3.167710e-02	1.562674e-02	1.605037e-02	-3.236730e-03	3.255790e-02	-3.579462e-02	3.417626e-02	-2.118153e-04	1.593721e-04	2.613426e-04	2.900434e-04	-2.870084e-05
79            	3.154908e-02	1.557046e-02	1.597862e-02	-3.239174e-03	3.241166e-02	-3.565083e-02	3.403125e-02	-2.040830e-04	1.510348e-04	2.544831e-04	2.782764e-04	-2.379329e-05
80            	3.142362e-02	1.551564e-02	1.590798e-02	-3.241460e-03	3.226848e-02	-3.550994e-02	3.388921e-02	-1.961717e-04	1.425131e-04	2.468611e-04	2.659436e-04	-1.908251e-05
81            	3.130018e-02	1.546123e-02	1.583895e-02	-3.243430e-03	3.212778e-02	-3.537121e-02	3.374950e-02	-1.888581e-04	1.347246e-04	2.393154e-04	2.543822e-04	-1.506687e-05
82            	3.117847e-02	1.540648e-02	1.577200e-02	-3.245017e-03	3.198927e-02	-3.523429e-02	3.361178e-02	-1.827604e-04	1.283939e-04	2.325847e-04	2.446862e-04	-1.210150e-05
83            	3.105848e-02	1.535097e-02	1.570751e-02	-3.246240e-03	3.185294e-02	-3.509918e-02	3.347606e-02	-1.782696e-04	1.239741e-04	2.272140e-04	2.375811e-04	-1.036708e-05
84            	3.094036e-02	1.529465e-02	1.564571e-02	-3.247179e-03	3.171897e-02	-3.496615e-02	3.334256e-02	-1.755316e-04	1.216273e-04	2.235118e-04	2.333832e-04	-9.871367e-06
85            	3.082440e-02	1.523775e-02	1.558665e-02	-3.247952e-03	3.158767e-02	-3.483562e-02	3.321165e-02	-1.744501e-04	1.212269e-04	2.215282e-04	2.319910e-04	-1.046280e-05
86            	3.071092e-02	1.518072e-02	1.553020e-02	-3.248682e-03	3.145934e-02	-3.470802e-02	3.308368e-02	-1.747436e-04	1.224290e-04	2.210970e-04	2.329775e-04	-1.188047e-05
87            	3.060015e-02	1.512407e-02	1.547608e-02	-3.249475e-03	3.133420e-02	-3.458368e-02	3.295894e-02	-1.760011e-04	1.247380e-04	2.218800e-04	2.356780e-04	-1.379794e-05
88            	3.049225e-02	1.506837e-02	1.542388e-02	-3.250400e-03	3.121237e-02	-3.446277e-02	3.283757e-02	-1.777527e-04	1.275904e-04	2.234350e-04	2.393079e-04	-1.587290e-05
89            	3.038723e-02	1.501408e-02	1.537316e-02	-3.251487e-03	3.109380e-02	-3.434529e-02	3.271955e-02	-1.795396e-04	1.304379e-04	2.252895e-04	2.430827e-04	-1.779320e-05
90            	3.028502e-02	1.496154e-02	1.532348e-02	-3.252727e-03	3.097835e-02	-3.423108e-02	3.260471e-02	-1.809684e-04	1.328120e-04	2.270034e-04	2.463137e-04	-1.931031e-05
91            	3.018543e-02	1.491097e-02	1.527446e-02	-3.254079e-03	3.086576e-02	-3.411984e-02	3.249280e-02	-1.817469e-04	1.343676e-04	2.282170e-04	2.484761e-04	-2.025908e-05
92            	3.008823e-02	1.486241e-02	1.522582e-02	-3.255489e-03	3.075576e-02	-3.401124e-02	3.238350e-02	-1.817039e-04	1.349063e-04	2.286839e-04	2.492482e-04	-2.056431e-05
93            	2.999318e-02	1.481580e-02	1.517738e-02	-3.256897e-03	3.064806e-02	-3.390496e-02	3.227651e-02	-1.807895e-04	1.343761e-04	2.282824e-04	2.485173e-04	-2.023493e-05
94            	2.990009e-02	1.477098e-02	1.512910e-02	-3.258251e-03	3.054245e-02	-3.380070e-02	3.217158e-02	-1.790615e-04	1.328544e-04	2.270091e-04	2.463590e-04	-1.934990e-05
95            	2.980877e-02	1.472772e-02	1.508105e-02	-3.259514e-03	3.043877e-02	-3.369828e-02	3.206852e-02	-1.766670e-04	1.305261e-04	2.249679e-04	2.430100e-04	-1.804212e-05
96            	2.971915e-02	1.468580e-02	1.503335e-02	-3.260674e-03	3.033695e-02	-3.359763e-02	3.196729e-02	-1.737791e-04	1.276060e-04	2.223064e-04	2.387591e-04	-1.645276e-05
97            	2.963119e-02	1.464500e-02	1.498620e-02	-3.261732e-03	3.023701e-02	-3.349874e-02	3.186787e-02	-1.705996e-04	1.243435e-04	2.192203e-04	2.339537e-04	-1.473335e-05
98            	2.954491e-02	1.460513e-02	1.493977e-02	-3.262709e-03	3.013898e-02	-3.340169e-02	3.177034e-02	-1.673215e-04	1.209753e-04	2.159120e-04	2.289314e-04	-1.301933e-05
99            	2.946034e-02	1.456606e-02	1.489428e-02	-3.263632e-03	3.004297e-02	-3.330660e-02	3.167479e-02	-1.641079e-04	1.177012e-04	2.125668e-04	2.239846e-04	-1.141784e-05
100           	2.937755e-02	1.452770e-02	1.484985e-02	-3.264532e-03	2.994904e-02	-3.321358e-02	3.158131e-02	-1.610766e-04	1.146645e-04	2.093309e-04	2.193299e-04	-9.999010e-06
101           	2.929657e-02	1.448999e-02	1.480658e-02	-3.265437e-03	2.985726e-02	-3.312270e-02	3.148998e-02	-1.582957e-04	1.119470e-04	2.063024e-04	2.150982e-04	-8.795750e-06
102           	2.921744e-02	1.445293e-02	1.476451e-02	-3.266368e-03	2.976767e-02	-3.303403e-02	3.140085e-02	-1.557868e-04	1.095726e-04	2.035302e-04	2.113377e-04	-7.807496e-06
103           	2.914016e-02	1.441655e-02	1.472362e-02	-3.267338e-03	2.968024e-02	-3.294758e-02	3.131391e-02	-1.535336e-04	1.075174e-04	2.010192e-04	2.080270e-04	-7.007770e-06
104           	2.906472e-02	1.438087e-02	1.468385e-02	-3.268351e-03	2.959496e-02	-3.286331e-02	3.122913e-02	-1.514915e-04	1.057227e-04	1.987399e-04	2.050927e-04	-6.352758e-06
105           	2.899105e-02	1.434592e-02	1.464512e-02	-3.269401e-03	2.951172e-02	-3.278112e-02	3.114642e-02	-1.495999e-04	1.041106e-04	1.966400e-04	2.024306e-04	-5.790588e-06
106           	2.891910e-02	1.431175e-02	1.460734e-02	-3.270477e-03	2.943045e-02	-3.270093e-02	3.106569e-02	-1.477936e-04	1.025975e-04	1.946558e-04	1.999254e-04	-5.269537e-06
107           	2.884878e-02	1.427838e-02	1.457040e-02	-3.271567e-03	2.935103e-02	-3.262260e-02	3.098682e-02	-1.460105e-04	1.011053e-04	1.927230e-04	1.974668e-04	-4.743790e-06
108           	2.878003e-02	1.424581e-02	1.453422e-02	-3.272654e-03	2.927337e-02	-3.254602e-02	3.090969e-02	-1.442024e-04	9.957132e-05	1.907854e-04	1.949640e-04	-4.178591e-06
109           	2.871276e-02	1.421405e-02	1.449871e-02	-3.273727e-03	2.919736e-02	-3.247108e-02	3.083422e-02	-1.423338e-04	9.795372e-05	1.888022e-04	1.923548e-04	-3.552627e-06
110           	2.864692e-02	1.418308e-02	1.446384e-02	-3.274775e-03	2.912293e-02	-3.239771e-02	3.076032e-02	-1.403826e-04	9.622584e-05	1.867423e-04	1.895970e-04	-2.854709e-06
111           	2.858246e-02	1.415289e-02	1.442957e-02	-3.275794e-03	2.905004e-02	-3.232583e-02	3.068794e-02	-1.383438e-04	9.438276e-05	1.845935e-04	1.866795e-04	-2.085993e-06
112           	2.851935e-02	1.412345e-02	1.439590e-02	-3.276783e-03	2.897864e-02	-3.225543e-02	3.061703e-02	-1.362262e-04	9.243637e-05	1.823589e-04	1.836158e-04	-1.256944e-06
113           	2.845756e-02	1.409473e-02	1.436282e-02	-3.277742e-03	2.890872e-02	-3.218646e-02	3.054759e-02	-1.340465e-04	9.040827e-05	1.800506e-04	1.804336e-04	-3.829967e-07
114           	2.839707e-02	1.406671e-02	1.433036e-02	-3.278677e-03	2.884026e-02	-3.211893e-02	3.047959e-02	-1.318264e-04	8.832727e-05	1.776889e-04	1.771717e-04	5.171718e-07
115           	2.833787e-02	1.403934e-02	1.429852e-02	-3.279592e-03	2.877324e-02	-3.205283e-02	3.041304e-02	-1.295905e-04	8.622537e-05	1.752985e-04	1.738746e-04	1.423894e-06
116           	2.827994e-02	1.401261e-02	1.426734e-02	-3.280492e-03	2.870767e-02	-3.198816e-02	3.034792e-02	-1.273639e-04	8.413437e-05	1.729058e-04	1.705872e-04	2.318509e-06
117           	2.822329e-02	1.398647e-02	1.423681e-02	-3.281382e-03	2.864353e-02	-3.192492e-02	3.028423e-02	-1.251700e-04	8.208318e-05	1.705360e-04	1.673512e-04	3.184844e-06
118           	2.816788e-02	1.396091e-02	1.420697e-02	-3.282265e-03	2.858082e-02	-3.186308e-02	3.022195e-02	-1.230282e-04	8.009500e-05	1.682113e-04	1.642006e-04	4.010635e-06
119           	2.811370e-02	1.393590e-02	1.417780e-02	-3.283141e-03	2.851949e-02	-3.180263e-02	3.016106e-02	-1.209537e-04	7.818820e-05	1.659511e-04	1.611637e-04	4.787343e-06
120           	2.806073e-02	1.391142e-02	1.414931e-02	-3.284013e-03	2.845953e-02	-3.174355e-02	3.010154e-02	-1.189464e-04	7.636243e-05	1.637575e-04	1.582412e-04	5.516317e-06
121           	2.800894e-02	1.388746e-02	1.412148e-02	-3.284878e-03	2.840092e-02	-3.168580e-02	3.004336e-02	-1.170095e-04	7.461946e-05	1.616355e-04	1.554372e-04	6.198312e-06
122           	2.795830e-02	1.386400e-02	1.409429e-02	-3.285735e-03	2.834361e-02	-3.162934e-02	2.998647e-02	-1.151453e-04	7.295989e-05	1.595893e-04	1.527546e-04	6.834779e-06
123           	2.790879e-02	1.384104e-02	1.406775e-02	-3.286582e-03	2.828756e-02	-3.157415e-02	2.993086e-02	-1.133535e-04	7.138199e-05	1.576206e-04	1.501923e-04	7.428293e-06
124           	2.786037e-02	1.381856e-02	1.404182e-02	-3.287418e-03	2.823276e-02	-3.152017e-02	2.987647e-02	-1.116289e-04	6.987844e-05	1.557252e-04	1.477411e-04	7.984168e-06
125           	2.781303e-02	1.379655e-02	1.401648e-02	-3.288239e-03	2.817915e-02	-3.146739e-02	2.982327e-02	-1.099672e-04	6.844269e-05	1.538992e-04	1.453923e-04	8.506898e-06
126           	2.776673e-02	1.377500e-02	1.399173e-02	-3.289045e-03	2.812672e-02	-3.141577e-02	2.977125e-02	-1.083665e-04	6.707021e-05	1.521394e-04	1.431399e-04	8.999482e-06
127           	2.772146e-02	1.375390e-02	1.396756e-02	-3.289835e-03	2.807544e-02	-3.136527e-02	2.972036e-02	-1.068265e-04	6.575909e-05	1.504447e-04	1.409814e-04	9.463240e-06
128           	2.767719e-02	1.373325e-02	1.394394e-02	-3.290608e-03	2.802527e-02	-3.131588e-02	2.967058e-02	-1.053440e-04	6.450461e-05	1.488108e-04	1.389100e-04	9.900813e-06
129           	2.763390e-02	1.371303e-02	1.392086e-02	-3.291364e-03	2.797620e-02	-3.126757e-02	2.962189e-02	-1.039141e-04	6.330074e-05	1.472326e-04	1.369170e-04	1.031554e-05
130           	2.759157e-02	1.369325e-02	1.389832e-02	-3.292102e-03	2.792821e-02	-3.122031e-02	2.957426e-02	-1.025353e-04	6.214509e-05	1.457076e-04	1.349989e-04	1.070872e-05
131           	2.755018e-02	1.367388e-02	1.387630e-02	-3.292824e-03	2.788126e-02	-3.117409e-02	2.952768e-02	-1.012095e-04	6.103808e-05	1.442358e-04	1.331560e-04	1.107984e-05
132           	2.750972e-02	1.365493e-02	1.385480e-02	-3.293528e-03	2.783535e-02	-3.112888e-02	2.948212e-02	-9.993528e-05	5.997823e-05	1.428157e-04	1.313861e-04	1.142961e-05
133           	2.747018e-02	1.363638e-02	1.383380e-02	-3.294216e-03	2.779047e-02	-3.108468e-02	2.943758e-02	-9.871164e-05	5.896456e-05	1.414463e-04	1.296877e-04	1.175861e-05
134           	2.743152e-02	1.361823e-02	1.381329e-02	-3.294888e-03	2.774657e-02	-3.104146e-02	2.939401e-02	-9.753470e-05	5.799365e-05	1.401248e-04	1.280560e-04	1.206874e-05
135           	2.739373e-02	1.360047e-02	1.379326e-02	-3.295542e-03	2.770364e-02	-3.099919e-02	2.935141e-02	-9.639774e-05	5.705944e-05	1.388458e-04	1.264824e-04	1.236347e-05
136           	2.735679e-02	1.358310e-02	1.377369e-02	-3.296179e-03	2.766166e-02	-3.095784e-02	2.930975e-02	-9.529405e-05	5.615587e-05	1.376044e-04	1.249581e-04	1.264633e-05
137           	2.732068e-02	1.356612e-02	1.375456e-02	-3.296799e-03	2.762061e-02	-3.091741e-02	2.926901e-02	-9.421828e-05	5.527775e-05	1.363963e-04	1.234759e-04	1.292038e-05
138           	2.728538e-02	1.354951e-02	1.373586e-02	-3.297399e-03	2.758047e-02	-3.087786e-02	2.922917e-02	-9.317573e-05	5.443054e-05	1.352278e-04	1.220444e-04	1.318334e-05
139           	2.725088e-02	1.353329e-02	1.371759e-02	-3.297983e-03	2.754121e-02	-3.083920e-02	2.919020e-02	-9.214717e-05	5.359543e-05	1.340812e-04	1.206360e-04	1.344515e-05
140           	2.721716e-02	1.351745e-02	1.369971e-02	-3.298552e-03	2.750284e-02	-3.080139e-02	2.915212e-02	-9.112938e-05	5.276939e-05	1.329540e-04	1.192464e-04	1.370760e-05
141           	2.718422e-02	1.350199e-02	1.368223e-02	-3.299105e-03	2.746533e-02	-3.076443e-02	2.911488e-02	-9.012188e-05	5.195172e-05	1.318457e-04	1.178746e-04	1.397113e-05
142           	2.715202e-02	1.348688e-02	1.366514e-02	-3.299644e-03	2.742865e-02	-3.072830e-02	2.907848e-02	-8.912579e-05	5.114313e-05	1.307568e-04	1.165215e-04	1.423528e-05
143           	2.712056e-02	1.347214e-02	1.364842e-02	-3.300167e-03	2.739280e-02	-3.069297e-02	2.904288e-02	-8.814232e-05	5.034452e-05	1.296877e-04	1.151884e-04	1.449934e-05
144           	2.708981e-02	1.345773e-02	1.363208e-02	-3.300675e-03	2.735775e-02	-3.065843e-02	2.900809e-02	-8.717228e-05	4.955626e-05	1.286382e-04	1.138754e-04	1.476283e-05
145           	2.705977e-02	1.344367e-02	1.361610e-02	-3.301168e-03	2.732348e-02	-3.062465e-02	2.897407e-02	-8.621527e-05	4.877760e-05	1.276069e-04	1.125811e-04	1.502586e-05
146           	2.703040e-02	1.342993e-02	1.360047e-02	-3.301646e-03	2.728998e-02	-3.059163e-02	2.894080e-02	-8.527109e-05	4.800783e-05	1.265927e-04	1.113042e-04	1.528852e-05
147           	2.700171e-02	1.341652e-02	1.358519e-02	-3.302109e-03	2.725723e-02	-3.055934e-02	2.890828e-02	-8.433955e-05	4.724661e-05	1.255946e-04	1.100439e-04	1.555071e-05
148           	2.697367e-02	1.340341e-02	1.357026e-02	-3.302558e-03	2.722520e-02	-3.052776e-02	2.887648e-02	-8.342061e-05	4.649396e-05	1.246123e-04	1.088001e-04	1.581221e-05
149           	2.694627e-02	1.339062e-02	1.355565e-02	-3.302993e-03	2.719390e-02	-3.049689e-02	2.884540e-02	-8.251418e-05	4.575016e-05	1.236455e-04	1.075729e-04	1.607256e-05
150           	2.691949e-02	1.337813e-02	1.354137e-02	-3.303414e-03	2.716329e-02	-3.046671e-02	2.881500e-02	-8.162026e-05	4.501570e-05	1.226938e-04	1.063626e-04	1.633121e-05
151           	2.689333e-02	1.336592e-02	1.352740e-02	-3.303822e-03	2.713337e-02	-3.043720e-02	2.878529e-02	-8.073992e-05	4.429216e-05	1.217583e-04	1.051713e-04	1.658699e-05
152           	2.686776e-02	1.335401e-02	1.351376e-02	-3.304217e-03	2.710413e-02	-3.040834e-02	2.875624e-02	-7.987442e-05	4.358130e-05	1.208399e-04	1.040013e-04	1.683867e-05
153           	2.684278e-02	1.334237e-02	1.350042e-02	-3.304600e-03	2.707554e-02	-3.038013e-02	2.872784e-02	-7.902471e-05	4.288415e-05	1.199389e-04	1.028536e-04	1.708529e-05
154           	2.681837e-02	1.333100e-02	1.348738e-02	-3.304970e-03	2.704759e-02	-3.035256e-02	2.870007e-02	-7.819134e-05	4.220101e-05	1.190549e-04	1.017284e-04	1.732641e-05
155           	2.679453e-02	1.331989e-02	1.347464e-02	-3.305328e-03	2.702027e-02	-3.032559e-02	2.867293e-02	-7.737404e-05	4.153135e-05	1.181875e-04	1.006251e-04	1.756240e-05
156           	2.677123e-02	1.330904e-02	1.346219e-02	-3.305675e-03	2.699357e-02	-3.029924e-02	2.864640e-02	-7.657231e-05	4.087565e-05	1.173368e-04	9.954407e-05	1.779277e-05
157           	2.674846e-02	1.329845e-02	1.345002e-02	-3.306011e-03	2.696746e-02	-3.027348e-02	2.862047e-02	-7.578388e-05	4.023085e-05	1.165013e-04	9.848152e-05	1.801981e-05
158           	2.672622e-02	1.328810e-02	1.343812e-02	-3.306335e-03	2.694195e-02	-3.024829e-02	2.859512e-02	-7.500702e-05	3.959574e-05	1.156802e-04	9.743582e-05	1.824435e-05
159           	2.670449e-02	1.327801e-02	1.342649e-02	-3.306648e-03	2.691701e-02	-3.022366e-02	2.857034e-02	-7.423902e-05	3.896835e-05	1.148717e-04	9.640421e-05	1.846750e-05
160           	2.668326e-02	1.326815e-02	1.341511e-02	-3.306950e-03	2.689264e-02	-3.019959e-02	2.854611e-02	-7.347822e-05	3.834756e-05	1.140749e-04	9.538502e-05	1.868989e-05
161           	2.666252e-02	1.325853e-02	1.340398e-02	-3.307239e-03	2.686880e-02	-3.017604e-02	2.852242e-02	-7.272604e-05	3.773488e-05	1.132921e-04	9.438094e-05	1.891119e-05
162           	2.664225e-02	1.324915e-02	1.339311e-02	-3.307519e-03	2.684551e-02	-3.015303e-02	2.849927e-02	-7.197993e-05	3.712795e-05	1.125193e-04	9.338758e-05	1.913168e-05
163           	2.662246e-02	1.323999e-02	1.338247e-02	-3.307791e-03	2.682276e-02	-3.013055e-02	2.847665e-02	-7.124040e-05	3.652714e-05	1.117562e-04	9.240524e-05	1.935097e-05
164           	2.660314e-02	1.323106e-02	1.337208e-02	-3.308053e-03	2.680052e-02	-3.010858e-02	2.845455e-02	-7.050744e-05	3.593219e-05	1.110025e-04	9.143344e-05	1.956905e-05
165           	2.658426e-02	1.322235e-02	1.336191e-02	-3.308308e-03	2.677880e-02	-3.008711e-02	2.843295e-02	-6.977976e-05	3.534196e-05	1.102571e-04	9.047054e-05	1.978661e-05
166           	2.656583e-02	1.321386e-02	1.335197e-02	-3.308553e-03	2.675757e-02	-3.006612e-02	2.841185e-02	-6.905593e-05	3.475538e-05	1.095193e-04	8.951501e-05	2.000424e-05
167           	2.654783e-02	1.320558e-02	1.334225e-02	-3.308790e-03	2.673683e-02	-3.004562e-02	2.839123e-02	-6.833604e-05	3.417296e-05	1.087891e-04	8.856750e-05	2.022158e-05
168           	2.653025e-02	1.319750e-02	1.333274e-02	-3.309019e-03	2.671657e-02	-3.002559e-02	2.837108e-02	-6.762123e-05	3.359647e-05	1.080681e-04	8.763055e-05	2.043760e-05
169           	2.651308e-02	1.318963e-02	1.332345e-02	-3.309239e-03	2.669677e-02	-3.000601e-02	2.835139e-02	-6.691280e-05	3.302767e-05	1.073580e-04	8.670666e-05	2.065133e-05
170           	2.649632e-02	1.318195e-02	1.331437e-02	-3.309451e-03	2.667743e-02	-2.998688e-02	2.833216e-02	-6.621176e-05	3.246804e-05	1.066600e-04	8.579804e-05	2.086195e-05
171           	2.647995e-02	1.317446e-02	1.330550e-02	-3.309655e-03	2.665854e-02	-2.996819e-02	2.831337e-02	-6.551995e-05	3.191962e-05	1.059757e-04	8.490747e-05	2.106823e-05
172           	2.646398e-02	1.316715e-02	1.329683e-02	-3.309851e-03	2.664008e-02	-2.994993e-02	2.829501e-02	-6.484056e-05	3.138536e-05	1.053077e-04	8.403921e-05	2.126848e-05
173           	2.644838e-02	1.316002e-02	1.328836e-02	-3.310039e-03	2.662205e-02	-2.993209e-02	2.827707e-02	-6.417250e-05	3.086373e-05	1.046543e-04	8.319086e-05	2.146341e-05
174           	2.643315e-02	1.315306e-02	1.328009e-02	-3.310220e-03	2.660444e-02	-2.991466e-02	2.825955e-02	-6.351737e-05	3.035524e-05	1.040154e-04	8.236296e-05	2.165248e-05
175           	2.641829e-02	1.314627e-02	1.327202e-02	-3.310394e-03	2.658725e-02	-2.989764e-02	2.824244e-02	-6.287687e-05	2.986006e-05	1.033908e-04	8.155545e-05	2.183534e-05
176           	2.640378e-02	1.313964e-02	1.326414e-02	-3.310561e-03	2.657045e-02	-2.988101e-02	2.822573e-02	-6.225073e-05	2.937714e-05	1.027792e-04	8.076672e-05	2.201244e-05
177           	2.638963e-02	1.313318e-02	1.325645e-02	-3.310721e-03	2.655406e-02	-2.986478e-02	2.820942e-02	-6.163793e-05	2.890503e-05	1.021793e-04	7.999466e-05	2.218460e-05
178           	2.637582e-02	1.312687e-02	1.324894e-02	-3.310875e-03	2.653804e-02	-2.984892e-02	2.819348e-02	-6.103714e-05	2.844259e-05	1.015904e-04	7.923780e-05	2.235262e-05
179           	2.636234e-02	1.312072e-02	1.324162e-02	-3.311022e-03	2.652241e-02	-2.983344e-02	2.817792e-02	-6.044655e-05	2.798830e-05	1.010117e-04	7.849417e-05	2.251756e-05
180           	2.634919e-02	1.311473e-02	1.323446e-02	-3.311163e-03	2.650715e-02	-2.981832e-02	2.816274e-02	-5.986385e-05	2.754012e-05	1.004416e-04	7.776092e-05	2.268069e-05
181           	2.633635e-02	1.310888e-02	1.322747e-02	-3.311296e-03	2.649225e-02	-2.980355e-02	2.814790e-02	-5.929212e-05	2.710239e-05	9.988436e-05	7.704457e-05	2.283979e-05
182           	2.632383e-02	1.310319e-02	1.322064e-02	-3.311424e-03	2.647771e-02	-2.978913e-02	2.813342e-02	-5.872348e-05	2.666672e-05	9.933243e-05	7.633294e-05	2.299950e-05
183           	2.631163e-02	1.309766e-02	1.321397e-02	-3.311548e-03	2.646351e-02	-2.977506e-02	2.811929e-02	-5.815695e-05	2.623274e-05	9.878548e-05	7.562548e-05	2.316000e-05
184           	2.629972e-02	1.309227e-02	1.320745e-02	-3.311666e-03	2.644967e-02	-2.976133e-02	2.810550e-02	-5.759253e-05	2.580120e-05	9.824416e-05	7.492328e-05	2.332088e-05
185           	2.628811e-02	1.308702e-02	1.320109e-02	-3.311779e-03	2.643615e-02	-2.974793e-02	2.809204e-02	-5.703089e-05	2.537367e-05	9.770992e-05	7.422863e-05	2.348129e-05
186           	2.627679e-02	1.308192e-02	1.319487e-02	-3.311887e-03	2.642297e-02	-2.973486e-02	2.807892e-02	-5.647158e-05	2.495075e-05	9.718347e-05	7.354249e-05	2.364098e-05
187           	2.626575e-02	1.307696e-02	1.318879e-02	-3.311990e-03	2.641011e-02	-2.972210e-02	2.806611e-02	-5.591373e-05	2.453265e-05	9.666529e-05	7.286529e-05	2.380000e-05
188           	2.625499e-02	1.307214e-02	1.318285e-02	-3.312089e-03	2.639756e-02	-2.970965e-02	2.805361e-02	-5.535664e-05	2.411935e-05	9.615564e-05	7.219717e-05	2.395847e-05
189           	2.624450e-02	1.306745e-02	1.317705e-02	-3.312182e-03	2.638532e-02	-2.969750e-02	2.804141e-02	-5.479989e-05	2.371067e-05	9.565447e-05	7.153791e-05	2.411656e-05
190           	2.623427e-02	1.306289e-02	1.317138e-02	-3.312271e-03	2.637338e-02	-2.968565e-02	2.802951e-02	-5.424282e-05	2.330580e-05	9.516117e-05	7.088638e-05	2.427479e-05
191           	2.622430e-02	1.305846e-02	1.316583e-02	-3.312356e-03	2.636173e-02	-2.967408e-02	2.801791e-02	-5.368428e-05	2.290329e-05	9.467448e-05	7.024053e-05	2.443395e-05
192           	2.621458e-02	1.305417e-02	1.316041e-02	-3.312436e-03	2.635037e-02	-2.966280e-02	2.800658e-02	-5.312340e-05	2.250178e-05	9.419309e-05	6.959833e-05	2.459477e-05
193           	2.620511e-02	1.304999e-02	1.315511e-02	-3.312513e-03	2.633929e-02	-2.965180e-02	2.799554e-02	-5.255979e-05	2.210023e-05	9.371597e-05	6.895821e-05	2.475776e-05
194           	2.619588e-02	1.304594e-02	1.314993e-02	-3.312585e-03	2.632848e-02	-2.964107e-02	2.798477e-02	-5.199326e-05	2.169782e-05	9.324222e-05	6.831893e-05	2.492329e-05
195           	2.618688e-02	1.304202e-02	1.314487e-02	-3.312654e-03	2.631795e-02	-2.963060e-02	2.797427e-02	-5.142420e-05	2.129437e-05	9.277148e-05	6.768011e-05	2.509137e-05
196           	2.617811e-02	1.303820e-02	1.313992e-02	-3.312718e-03	2.630767e-02	-2.962039e-02	2.796403e-02	-5.085969e-05	2.089681e-05	9.230942e-05	6.705152e-05	2.525790e-05
197           	2.616957e-02	1.303450e-02	1.313508e-02	-3.312779e-03	2.629765e-02	-2.961043e-02	2.795404e-02	-5.029149e-05	2.049582e-05	9.184794e-05	6.641979e-05	2.542815e-05
198           	2.616126e-02	1.303091e-02	1.313035e-02	-3.312839e-03	2.628789e-02	-2.960073e-02	2.794431e-02	-4.971964e-05	2.009117e-05	9.138661e-05	6.578448e-05	2.560214e-05
199           	2.615316e-02	1.302743e-02	1.312572e-02	-3.312896e-03	2.627839e-02	-2.959128e-02	2.793483e-02	-4.914485e-05	1.968334e-05	9.092558e-05	6.514613e-05	2.577945e-05
200           	2.614527e-02	1.302407e-02	1.312120e-02	-3.312951e-03	2.626912e-02	-2.958207e-02	2.792560e-02	-4.856773e-05	1.927275e-05	9.046492e-05	6.450521e-05	2.595971e-05
201           	2.613760e-02	1.302081e-02	1.311679e-02	-3.313004e-03	2.626009e-02	-2.957310e-02	2.791660e-02	-4.798846e-05	1.885950e-05	9.000441e-05	6.386170e-05	2.614270e-05
202           	2.613012e-02	1.301765e-02	1.311247e-02	-3.313054e-03	2.625130e-02	-2.956435e-02	2.790783e-02	-4.740711e-05	1.844352e-05	8.954374e-05	6.321539e-05	2.632835e-05
203           	2.612284e-02	1.301460e-02	1.310824e-02	-3.313102e-03	2.624273e-02	-2.955583e-02	2.789928e-02	-4.682357e-05	1.802456e-05	8.908253e-05	6.256582e-05	2.651671e-05
204           	2.611575e-02	1.301164e-02	1.310411e-02	-3.313148e-03	2.623438e-02	-2.954753e-02	2.789095e-02	-4.623771e-05	1.760229e-05	8.862041e-05	6.191249e-05	2.670792e-05
205           	2.610885e-02	1.300878e-02	1.310008e-02	-3.313192e-03	2.622625e-02	-2.953944e-02	2.788284e-02	-4.564908e-05	1.717616e-05	8.815679e-05	6.125456e-05	2.690224e-05
206           	2.610214e-02	1.300601e-02	1.309612e-02	-3.313233e-03	2.621832e-02	-2.953156e-02	2.787494e-02	-4.505711e-05	1.674547e-05	8.769100e-05	6.059097e-05	2.710003e-05
207           	2.609560e-02	1.300334e-02	1.309226e-02	-3.313273e-03	2.621061e-02	-2.952388e-02	2.786724e-02	-4.446120e-05	1.630945e-05	8.722230e-05	5.992060e-05	2.730170e-05
208           	2.608923e-02	1.300076e-02	1.308848e-02	-3.313311e-03	2.620309e-02	-2.951640e-02	2.785974e-02	-4.386067e-05	1.586731e-05	8.674987e-05	5.924224e-05	2.750763e-05
209           	2.608304e-02	1.299827e-02	1.308477e-02	-3.313348e-03	2.619577e-02	-2.950912e-02	2.785244e-02	-4.325488e-05	1.541827e-05	8.627293e-05	5.855474e-05	2.771819e-05
210           	2.607701e-02	1.299585e-02	1.308116e-02	-3.313381e-03	2.618863e-02	-2.950201e-02	2.784532e-02	-4.265269e-05	1.497107e-05	8.579824e-05	5.787018e-05	2.792805e-05
211           	2.607114e-02	1.299353e-02	1.307761e-02	-3.313414e-03	2.618169e-02	-2.949510e-02	2.783840e-02	-4.204144e-05	1.451289e-05	8.531540e-05	5.717059e-05	2.814482e-05
212           	2.606544e-02	1.299130e-02	1.307414e-02	-3.313447e-03	2.617493e-02	-2.948838e-02	2.783165e-02	-4.142091e-05	1.404345e-05	8.482400e-05	5.645545e-05	2.836855e-05
213           	2.605989e-02	1.298915e-02	1.307074e-02	-3.313479e-03	2.616836e-02	-2.948184e-02	2.782510e-02	-4.079136e-05	1.356302e-05	8.432403e-05	5.572504e-05	2.859899e-05
214           	2.605450e-02	1.298710e-02	1.306740e-02	-3.313510e-03	2.616196e-02	-2.947547e-02	2.781872e-02	-4.015339e-05	1.307227e-05	8.381586e-05	5.498020e-05	2.883566e-05
215           	2.604925e-02	1.298512e-02	1.306414e-02	-3.313541e-03	2.615574e-02	-2.946928e-02	2.781251e-02	-3.950772e-05	1.257204e-05	8.330006e-05	5.422207e-05	2.907798e-05
216           	2.604416e-02	1.298322e-02	1.306093e-02	-3.313571e-03	2.614968e-02	-2.946325e-02	2.780647e-02	-3.885480e-05	1.206308e-05	8.277710e-05	5.345163e-05	2.932547e-05
217           	2.603920e-02	1.298140e-02	1.305779e-02	-3.313600e-03	2.614379e-02	-2.945739e-02	2.780059e-02	-3.819513e-05	1.154614e-05	8.224748e-05	5.266988e-05	2.957761e-05
218           	2.603438e-02	1.297966e-02	1.305472e-02	-3.313628e-03	2.613805e-02	-2.945168e-02	2.779487e-02	-3.752957e-05	1.102220e-05	8.171194e-05	5.187818e-05	2.983377e-05
219           	2.602969e-02	1.297798e-02	1.305170e-02	-3.313655e-03	2.613247e-02	-2.944613e-02	2.778930e-02	-3.685938e-05	1.049256e-05	8.117143e-05	5.107828e-05	3.009315e-05
220           	2.602513e-02	1.297638e-02	1.304875e-02	-3.313682e-03	2.612704e-02	-2.944072e-02	2.778388e-02	-3.618591e-05	9.958472e-06	8.062691e-05	5.027193e-05	3.035498e-05
221           	2.602070e-02	1.297484e-02	1.304586e-02	-3.313707e-03	2.612176e-02	-2.943546e-02	2.777861e-02	-3.551022e-05	9.420957e-06	8.007913e-05	4.946052e-05	3.061861e-05
222           	2.601639e-02	1.297336e-02	1.304303e-02	-3.313731e-03	2.611662e-02	-2.943035e-02	2.777348e-02	-3.483325e-05	8.880902e-06	7.952877e-05	4.864529e-05	3.088348e-05
223           	2.601220e-02	1.297194e-02	1.304026e-02	-3.313755e-03	2.611162e-02	-2.942537e-02	2.776849e-02	-3.416245e-05	8.345360e-06	7.898145e-05	4.783609e-05	3.114537e-05
224           	2.600814e-02	1.297058e-02	1.303756e-02	-3.313778e-03	2.610675e-02	-2.942053e-02	2.776364e-02	-3.348983e-05	7.806678e-06	7.843106e-05	4.702221e-05	3.140885e-05
225           	2.600419e-02	1.296928e-02	1.303491e-02	-3.313801e-03	2.610203e-02	-2.941583e-02	2.775893e-02	-3.281579e-05	7.265254e-06	7.787795e-05	4.620423e-05	3.167372e-05
226           	2.600035e-02	1.296803e-02	1.303232e-02	-3.313823e-03	2.609743e-02	-2.941125e-02	2.775434e-02	-3.214088e-05	6.721677e-06	7.732268e-05	4.538302e-05	3.193966e-05
227           	2.599662e-02	1.296685e-02	1.302978e-02	-3.313845e-03	2.609296e-02	-2.940681e-02	2.774989e-02	-3.146563e-05	6.176560e-06	7.676581e-05	4.455946e-05	3.220634e-05
228           	2.599300e-02	1.296571e-02	1.302729e-02	-3.313867e-03	2.608862e-02	-2.940249e-02	2.774556e-02	-3.079065e-05	5.630642e-06	7.620802e-05	4.373465e-05	3.247337e-05
229           	2.598949e-02	1.296463e-02	1.302486e-02	-3.313889e-03	2.608441e-02	-2.939829e-02	2.774135e-02	-3.011663e-05	5.084676e-06	7.565003e-05	4.290969e-05	3.274034e-05
230           	2.598608e-02	1.296360e-02	1.302248e-02	-3.313910e-03	2.608031e-02	-2.939422e-02	2.773726e-02	-2.944415e-05	4.539360e-06	7.509248e-05	4.208560e-05	3.300688e-05
231           	2.598470e-02	1.296337e-02	1.302133e-02	-3.314031e-03	2.607870e-02	-2.939273e-02	2.773571e-02	-2.898127e-05	4.200324e-06	7.473520e-05	4.156792e-05	3.316727e-05
232           	2.598354e-02	1.296309e-02	1.302044e-02	-3.314207e-03	2.607736e-02	-2.939157e-02	2.773447e-02	-2.867593e-05	4.013425e-06	7.452440e-05	4.127563e-05	3.324878e-05
233           	2.598246e-02	1.296279e-02	1.301967e-02	-3.314401e-03	2.607613e-02	-2.939053e-02	2.773333e-02	-2.844054e-05	3.890253e-06	7.437714e-05	4.107882e-05	3.329832e-05
234           	2.598133e-02	1.296244e-02	1.301888e-02	-3.314572e-03	2.607482e-02	-2.938939e-02	2.773211e-02	-2.821907e-05	3.773498e-06	7.423786e-05	4.089243e-05	3.334543e-05
235           	2.598006e-02	1.296206e-02	1.301800e-02	-3.314695e-03	2.607333e-02	-2.938802e-02	2.773067e-02	-2.797290e-05	3.623902e-06	7.406839e-05	4.065810e-05	3.341029e-05
236           	2.597862e-02	1.296163e-02	1.301699e-02	-3.314756e-03	2.607159e-02	-2.938635e-02	2.772897e-02	-2.768252e-05	3.422039e-06	7.384959e-05	4.034683e-05	3.350276e-05
237           	2.597700e-02	1.296115e-02	1.301585e-02	-3.314758e-03	2.606962e-02	-2.938438e-02	2.772700e-02	-2.735161e-05	3.172217e-06	7.358442e-05	3.996442e-05	3.361999e-05
238           	2.597524e-02	1.296065e-02	1.301460e-02	-3.314712e-03	2.606748e-02	-2.938219e-02	2.772483e-02	-2.697550e-05	2.871771e-06	7.327068e-05	3.950711e-05	3.376357e-05
239           	2.597341e-02	1.296013e-02	1.301327e-02	-3.314636e-03	2.606522e-02	-2.937986e-02	2.772254e-02	-2.656938e-05	2.537561e-06	7.292468e-05	3.899990e-05	3.392478e-05
240           	2.597155e-02	1.295961e-02	1.301194e-02	-3.314548e-03	2.606294e-02	-2.937749e-02	2.772021e-02	-2.616519e-05	2.202813e-06	7.257594e-05	3.849079e-05	3.408516e-05
241           	2.596973e-02	1.295909e-02	1.301064e-02	-3.314464e-03	2.606070e-02	-2.937517e-02	2.771794e-02	-2.577338e-05	1.879041e-06	7.223822e-05	3.799815e-05	3.424007e-05
242           	2.596799e-02	1.295859e-02	1.300940e-02	-3.314398e-03	2.605857e-02	-2.937297e-02	2.771577e-02	-2.540637e-05	1.579837e-06	7.192440e-05	3.754204e-05	3.438236e-05
243           	2.596634e-02	1.295811e-02	1.300823e-02	-3.314356e-03	2.605657e-02	-2.937092e-02	2.771374e-02	-2.506284e-05	1.305191e-06	7.163569e-05	3.712304e-05	3.451265e-05
244           	2.596480e-02	1.295766e-02	1.300715e-02	-3.314340e-03	2.605470e-02	-2.936904e-02	2.771187e-02	-2.474404e-05	1.056301e-06	7.137154e-05	3.674207e-05	3.462947e-05
245           	2.596336e-02	1.295724e-02	1.300612e-02	-3.314347e-03	2.605297e-02	-2.936731e-02	2.771014e-02	-2.444260e-05	8.257275e-07	7.112502e-05	3.638824e-05	3.473678e-05
246           	2.596200e-02	1.295685e-02	1.300515e-02	-3.314372e-03	2.605133e-02	-2.936570e-02	2.770851e-02	-2.414975e-05	6.042756e-07	7.088769e-05	3.604812e-05	3.483957e-05
247           	2.596068e-02	1.295648e-02	1.300420e-02	-3.314405e-03	2.604976e-02	-2.936416e-02	2.770696e-02	-2.385753e-05	3.833961e-07	7.065179e-05	3.570929e-05	3.494250e-05
248           	2.595940e-02	1.295614e-02	1.300326e-02	-3.314439e-03	2.604821e-02	-2.936265e-02	2.770543e-02	-2.356014e-05	1.566211e-07	7.041152e-05	3.536238e-05	3.504914e-05
249           	2.595812e-02	1.295581e-02	1.300232e-02	-3.314470e-03	2.604668e-02	-2.936115e-02	2.770391e-02	-2.325428e-05	-7.987780e-08	7.016349e-05	3.500187e-05	3.516162e-05
250           	2.595684e-02	1.295548e-02	1.300136e-02	-3.314492e-03	2.604513e-02	-2.935962e-02	2.770238e-02	-2.293905e-05	-3.273301e-07	6.990665e-05	3.462599e-05	3.528065e-05
251           	2.595556e-02	1.295516e-02	1.300039e-02	-3.314504e-03	2.604357e-02	-2.935808e-02	2.770082e-02	-2.261546e-05	-5.848419e-07	6.964181e-05	3.423606e-05	3.540575e-05
252           	2.595426e-02	1.295485e-02	1.299942e-02	-3.314507e-03	2.604200e-02	-2.935650e-02	2.769925e-02	-2.228572e-05	-8.501326e-07	6.937098e-05	3.383536e-05	3.553562e-05
253           	2.595297e-02	1.295453e-02	1.299844e-02	-3.314504e-03	2.604042e-02	-2.935492e-02	2.769767e-02	-2.195245e-05	-1.120351e-06	6.909661e-05	3.342796e-05	3.566866e-05
254           	2.595168e-02	1.295422e-02	1.299746e-02	-3.314495e-03	2.603884e-02	-2.935334e-02	2.769609e-02	-2.161805e-05	-1.392782e-06	6.882102e-05	3.301773e-05	3.580329e-05
255           	2.595041e-02	1.295392e-02	1.299649e-02	-3.314486e-03	2.603729e-02	-2.935178e-02	2.769453e-02	-2.128430e-05	-1.665313e-06	6.854593e-05	3.260765e-05	3.593828e-05
256           	2.594917e-02	1.295362e-02	1.299555e-02	-3.314477e-03	2.603576e-02	-2.935024e-02	2.769300e-02	-2.096117e-05	-1.928402e-06	6.827890e-05	3.221105e-05	3.606785e-05
257           	2.594795e-02	1.295334e-02	1.299461e-02	-3.314471e-03	2.603427e-02	-2.934874e-02	2.769151e-02	-2.063694e-05	-2.192660e-06	6.801142e-05	3.181305e-05	3.619837e-05
258           	2.594676e-02	1.295307e-02	1.299369e-02	-3.314468e-03	2.603282e-02	-2.934729e-02	2.769005e-02	-2.031113e-05	-2.458399e-06	6.774311e-05	3.141315e-05	3.632995e-05
259           	2.594561e-02	1.295282e-02	1.299279e-02	-3.314467e-03	2.603140e-02	-2.934587e-02	2.768864e-02	-1.998351e-05	-2.725817e-06	6.747364e-05	3.101100e-05	3.646264e-05
260           	2.594447e-02	1.295258e-02	1.299189e-02	-3.314469e-03	2.603002e-02	-2.934449e-02	2.768725e-02	-1.965413e-05	-2.994878e-06	6.720292e-05	3.060658e-05	3.659634e-05
261           	2.594337e-02	1.295236e-02	1.299101e-02	-3.314472e-03	2.602867e-02	-2.934314e-02	2.768590e-02	-1.932341e-05	-3.265264e-06	6.693107e-05	3.020027e-05	3.673080e-05
262           	2.594228e-02	1.295215e-02	1.299013e-02	-3.314476e-03	2.602734e-02	-2.934181e-02	2.768458e-02	-1.899204e-05	-3.536400e-06	6.665851e-05	2.979285e-05	3.686565e-05
263           	2.594122e-02	1.295195e-02	1.298927e-02	-3.314480e-03	2.602603e-02	-2.934051e-02	2.768327e-02	-1.866088e-05	-3.807531e-06	6.638581e-05	2.938538e-05	3.700044e-05
264           	2.594017e-02	1.295175e-02	1.298842e-02	-3.314483e-03	2.602474e-02	-2.933923e-02	2.768199e-02	-1.833086e-05	-4.077824e-06	6.611369e-05	2.897902e-05	3.713467e-05
265           	2.593913e-02	1.295156e-02	1.298757e-02	-3.314485e-03	2.602347e-02	-2.933796e-02	2.768072e-02	-1.800282e-05	-4.346490e-06	6.584282e-05	2.857492e-05	3.726790e-05
266           	2.593811e-02	1.295135e-02	1.298675e-02	-3.314484e-03	2.602221e-02	-2.933669e-02	2.767945e-02	-1.770002e-05	-4.591045e-06	6.559196e-05	2.820494e-05	3.738702e-05
267           	2.593710e-02	1.295116e-02	1.298594e-02	-3.314483e-03	2.602097e-02	-2.933545e-02	2.767821e-02	-1.739351e-05	-4.839663e-06	6.533780e-05	2.782924e-05	3.750856e-05
268           	2.593611e-02	1.295097e-02	1.298514e-02	-3.314482e-03	2.601975e-02	-2.933423e-02	2.767699e-02	-1.708328e-05	-5.092304e-06	6.508047e-05	2.744793e-05	3.763254e-05
269           	2.593514e-02	1.295080e-02	1.298434e-02	-3.314481e-03	2.601855e-02	-2.933303e-02	2.767579e-02	-1.677030e-05	-5.348008e-06	6.482082e-05	2.706240e-05	3.775842e-05
270           	2.593419e-02	1.295064e-02	1.298355e-02	-3.314480e-03	2.601737e-02	-2.933185e-02	2.767461e-02	-1.645592e-05	-5.605414e-06	6.456001e-05	2.667459e-05	3.788542e-05
271           	2.593325e-02	1.295048e-02	1.298277e-02	-3.314480e-03	2.601622e-02	-2.933070e-02	2.767346e-02	-1.614147e-05	-5.863151e-06	6.429917e-05	2.628644e-05	3.801274e-05
272           	2.593233e-02	1.295034e-02	1.298199e-02	-3.314480e-03	2.601508e-02	-2.932956e-02	2.767232e-02	-1.582816e-05	-6.120020e-06	6.403926e-05	2.589961e-05	3.813965e-05
273           	2.593143e-02	1.295020e-02	1.298123e-02	-3.314481e-03	2.601397e-02	-2.932845e-02	2.767121e-02	-1.551689e-05	-6.375094e-06	6.378100e-05	2.551540e-05	3.826559e-05
274           	2.593054e-02	1.295006e-02	1.298048e-02	-3.314481e-03	2.601287e-02	-2.932735e-02	2.767011e-02	-1.520827e-05	-6.627784e-06	6.352484e-05	2.513464e-05	3.839020e-05
275           	2.592967e-02	1.294993e-02	1.297974e-02	-3.314481e-03	2.601179e-02	-2.932627e-02	2.766903e-02	-1.490258e-05	-6.877797e-06	6.327101e-05	2.475771e-05	3.851330e-05
276           	2.592882e-02	1.294981e-02	1.297901e-02	-3.314481e-03	2.601073e-02	-2.932521e-02	2.766797e-02	-1.459987e-05	-7.125079e-06	6.301955e-05	2.438470e-05	3.863486e-05
277           	2.592798e-02	1.294969e-02	1.297829e-02	-3.314481e-03	2.600969e-02	-2.932417e-02	2.766693e-02	-1.430008e-05	-7.369704e-06	6.277042e-05	2.401550e-05	3.875491e-05
278           	2.592715e-02	1.294957e-02	1.297758e-02	-3.314480e-03	2.600866e-02	-2.932314e-02	2.766590e-02	-1.400310e-05	-7.611818e-06	6.252350e-05	2.364993e-05	3.887357e-05
279           	2.592634e-02	1.294946e-02	1.297688e-02	-3.314480e-03	2.600765e-02	-2.932213e-02	2.766489e-02	-1.370880e-05	-7.851580e-06	6.227869e-05	2.328777e-05	3.899093e-05
280           	2.592554e-02	1.294935e-02	1.297619e-02	-3.314479e-03	2.600666e-02	-2.932113e-02	2.766389e-02	-1.341704e-05	-8.089152e-06	6.203590e-05	2.292880e-05	3.910710e-05
281           	2.592476e-02	1.294925e-02	1.297551e-02	-3.314478e-03	2.600568e-02	-2.932015e-02	2.766292e-02	-1.312774e-05	-8.324661e-06	6.179503e-05	2.257286e-05	3.922218e-05
282           	2.592399e-02	1.294915e-02	1.297483e-02	-3.314477e-03	2.600472e-02	-2.931919e-02	2.766195e-02	-1.284082e-05	-8.558200e-06	6.155604e-05	2.221982e-05	3.933622e-05
283           	2.592323e-02	1.294906e-02	1.297417e-02	-3.314476e-03	2.600377e-02	-2.931825e-02	2.766101e-02	-1.255625e-05	-8.789824e-06	6.131889e-05	2.186962e-05	3.944927e-05
284           	2.592249e-02	1.294897e-02	1.297352e-02	-3.314475e-03	2.600284e-02	-2.931732e-02	2.766008e-02	-1.227401e-05	-9.019554e-06	6.108356e-05	2.152223e-05	3.956134e-05
285           	2.592176e-02	1.294889e-02	1.297287e-02	-3.314474e-03	2.600193e-02	-2.931641e-02	2.765917e-02	-1.199412e-05	-9.247379e-06	6.085009e-05	2.117766e-05	3.967242e-05
286           	2.592104e-02	1.294881e-02	1.297224e-02	-3.314473e-03	2.600104e-02	-2.931551e-02	2.765827e-02	-1.171660e-05	-9.473264e-06	6.061848e-05	2.083598e-05	3.978251e-05
287           	2.592034e-02	1.294873e-02	1.297161e-02	-3.314473e-03	2.600016e-02	-2.931463e-02	2.765739e-02	-1.144148e-05	-9.697179e-06	6.038879e-05	2.049721e-05	3.989157e-05
288           	2.591966e-02	1.294866e-02	1.297100e-02	-3.314473e-03	2.599929e-02	-2.931377e-02	2.765653e-02	-1.116875e-05	-9.919097e-06	6.016103e-05	2.016142e-05	3.999961e-05
289           	2.591898e-02	1.294859e-02	1.297039e-02	-3.314472e-03	2.599845e-02	-2.931292e-02	2.765568e-02	-1.089844e-05	-1.013899e-05	5.993525e-05	1.982864e-05	4.010661e-05
290           	2.591832e-02	1.294853e-02	1.296979e-02	-3.314472e-03	2.599761e-02	-2.931209e-02	2.765485e-02	-1.063055e-05	-1.035682e-05	5.971148e-05	1.949892e-05	4.021256e-05
291           	2.591767e-02	1.294847e-02	1.296920e-02	-3.314472e-03	2.599679e-02	-2.931127e-02	2.765403e-02	-1.036510e-05	-1.057257e-05	5.948974e-05	1.917230e-05	4.031744e-05
292           	2.591703e-02	1.294841e-02	1.296862e-02	-3.314471e-03	2.599599e-02	-2.931046e-02	2.765323e-02	-1.010211e-05	-1.078621e-05	5.927007e-05	1.884882e-05	4.042125e-05
293           	2.591640e-02	1.294836e-02	1.296804e-02	-3.314471e-03	2.599520e-02	-2.930967e-02	2.765244e-02	-9.841575e-06	-1.099773e-05	5.905249e-05	1.852851e-05	4.052398e-05
294           	2.591579e-02	1.294831e-02	1.296748e-02	-3.314471e-03	2.599443e-02	-2.930890e-02	2.765166e-02	-9.583493e-06	-1.120713e-05	5.883700e-05	1.821137e-05	4.062563e-05
295           	2.591519e-02	1.294827e-02	1.296692e-02	-3.314471e-03	2.599366e-02	-2.930814e-02	2.765090e-02	-9.327805e-06	-1.141446e-05	5.862357e-05	1.789733e-05	4.072625e-05
296           	2.591460e-02	1.294822e-02	1.296637e-02	-3.314470e-03	2.599292e-02	-2.930739e-02	2.765015e-02	-9.074421e-06	-1.161979e-05	5.841215e-05	1.758628e-05	4.082586e-05
297           	2.591402e-02	1.294818e-02	1.296583e-02	-3.314470e-03	2.599218e-02	-2.930665e-02	2.764942e-02	-8.823264e-06	-1.182319e-05	5.820268e-05	1.727815e-05	4.092453e-05
298           	2.591345e-02	1.294815e-02	1.296530e-02	-3.314470e-03	2.599146e-02	-2.930593e-02	2.764870e-02	-8.574294e-06	-1.202471e-05	5.799514e-05	1.697286e-05	4.102228e-05
299           	2.591289e-02	1.294812e-02	1.296477e-02	-3.314470e-03	2.599075e-02	-2.930522e-02	2.764799e-02	-8.327503e-06	-1.222434e-05	5.778952e-05	1.667042e-05	4.111910e-05
300           	2.591234e-02	1.294807e-02	1.296428e-02	-3.314471e-03	2.599006e-02	-2.930453e-02	2.764729e-02	-8.104566e-06	-1.240238e-05	5.760193e-05	1.639859e-05	4.120335e-05
301           	2.591181e-02	1.294805e-02	1.296376e-02	-3.314471e-03	2.598938e-02	-2.930385e-02	2.764661e-02	-7.855974e-06	-1.260402e-05	5.739550e-05	1.609373e-05	4.130177e-05
302           	2.591128e-02	1.294801e-02	1.296327e-02	-3.314471e-03	2.598871e-02	-2.930318e-02	2.764594e-02	-7.630628e-06	-1.278463e-05	5.720665e-05	1.581870e-05	4.138795e-05
303           	2.591077e-02	1.294800e-02	1.296276e-02	-3.314471e-03	2.598805e-02	-2.930252e-02	2.764528e-02	-7.380566e-06	-1.298799e-05	5.699969e-05	1.551185e-05	4.148783e-05
304           	2.591026e-02	1.294798e-02	1.296229e-02	-3.314471e-03	2.598740e-02	-2.930187e-02	2.764464e-02	-7.154928e-06	-1.316919e-05	5.681122e-05	1.523642e-05	4.157480e-05
305           	2.590977e-02	1.294796e-02	1.296181e-02	-3.314472e-03	2.598677e-02	-2.930124e-02	2.764401e-02	-6.927798e-06	-1.335194e-05	5.662192e-05	1.495902e-05	4.166290e-05
306           	2.590928e-02	1.294794e-02	1.296134e-02	-3.314472e-03	2.598615e-02	-2.930062e-02	2.764338e-02	-6.699432e-06	-1.353598e-05	5.643200e-05	1.468002e-05	4.175198e-05
307           	2.590881e-02	1.294793e-02	1.296087e-02	-3.314472e-03	2.598554e-02	-2.930001e-02	2.764277e-02	-6.470512e-06	-1.372068e-05	5.624197e-05	1.440030e-05	4.184167e-05
308           	2.590834e-02	1.294793e-02	1.296041e-02	-3.314473e-03	2.598494e-02	-2.929941e-02	2.764218e-02	-6.241937e-06	-1.390519e-05	5.605250e-05	1.412106e-05	4.193144e-05
309           	2.590788e-02	1.294793e-02	1.295996e-02	-3.314473e-03	2.598435e-02	-2.929882e-02	2.764159e-02	-6.014621e-06	-1.408864e-05	5.586428e-05	1.384350e-05	4.202078e-05
310           	2.590743e-02	1.294793e-02	1.295951e-02	-3.314474e-03	2.598377e-02	-2.929825e-02	2.764101e-02	-5.789389e-06	-1.427025e-05	5.567791e-05	1.356870e-05	4.210921e-05
311           	2.590699e-02	1.294793e-02	1.295906e-02	-3.314474e-03	2.598321e-02	-2.929768e-02	2.764045e-02	-5.566871e-06	-1.444944e-05	5.549387e-05	1.329749e-05	4.219638e-05
312           	2.590657e-02	1.294794e-02	1.295863e-02	-3.314475e-03	2.598266e-02	-2.929713e-02	2.763989e-02	-5.347470e-06	-1.462583e-05	5.531242e-05	1.303038e-05	4.228204e-05
313           	2.590615e-02	1.294794e-02	1.295820e-02	-3.314476e-03	2.598211e-02	-2.929659e-02	2.763935e-02	-5.131378e-06	-1.479926e-05	5.513369e-05	1.276758e-05	4.236611e-05
314           	2.590573e-02	1.294795e-02	1.295779e-02	-3.314477e-03	2.598158e-02	-2.929606e-02	2.763882e-02	-4.918610e-06	-1.496974e-05	5.495767e-05	1.250910e-05	4.244857e-05
315           	2.590533e-02	1.294796e-02	1.295737e-02	-3.314478e-03	2.598106e-02	-2.929554e-02	2.763830e-02	-4.709061e-06	-1.513738e-05	5.478425e-05	1.225475e-05	4.252950e-05
316           	2.590494e-02	1.294797e-02	1.295697e-02	-3.314479e-03	2.598055e-02	-2.929503e-02	2.763779e-02	-4.502544e-06	-1.530240e-05	5.461327e-05	1.200424e-05	4.260903e-05
317           	2.590455e-02	1.294798e-02	1.295657e-02	-3.314480e-03	2.598005e-02	-2.929453e-02	2.763729e-02	-4.298853e-06	-1.546501e-05	5.444455e-05	1.175727e-05	4.268728e-05
318           	2.590417e-02	1.294799e-02	1.295618e-02	-3.314481e-03	2.597956e-02	-2.929404e-02	2.763680e-02	-4.097817e-06	-1.562539e-05	5.427797e-05	1.151359e-05	4.276438e-05
319           	2.590380e-02	1.294800e-02	1.295580e-02	-3.314483e-03	2.597907e-02	-2.929356e-02	2.763631e-02	-3.899318e-06	-1.578368e-05	5.411343e-05	1.127304e-05	4.284040e-05
320           	2.590344e-02	1.294802e-02	1.295542e-02	-3.314484e-03	2.597860e-02	-2.929308e-02	2.763584e-02	-3.703290e-06	-1.593994e-05	5.395088e-05	1.103550e-05	4.291538e-05
321           	2.590309e-02	1.294803e-02	1.295505e-02	-3.314485e-03	2.597814e-02	-2.929262e-02	2.763538e-02	-3.509704e-06	-1.609422e-05	5.379031e-05	1.080094e-05	4.298937e-05
322           	2.590274e-02	1.294805e-02	1.295469e-02	-3.314487e-03	2.597768e-02	-2.929217e-02	2.763493e-02	-3.318565e-06	-1.624650e-05	5.363171e-05	1.056935e-05	4.306235e-05
323           	2.590240e-02	1.294807e-02	1.295433e-02	-3.314488e-03	2.597724e-02	-2.929173e-02	2.763448e-02	-3.129892e-06	-1.639677e-05	5.347511e-05	1.034078e-05	4.313432e-05
324           	2.590207e-02	1.294809e-02	1.295398e-02	-3.314489e-03	2.597680e-02	-2.929129e-02	2.763405e-02	-2.943708e-06	-1.654499e-05	5.332053e-05	1.011528e-05	4.320525e-05
325           	2.590174e-02	1.294811e-02	1.295363e-02	-3.314491e-03	2.597637e-02	-2.929087e-02	2.763362e-02	-2.760037e-06	-1.669112e-05	5.316800e-05	9.892883e-06	4.327512e-05
326           	2.590143e-02	1.294813e-02	1.295329e-02	-3.314492e-03	2.597596e-02	-2.929045e-02	2.763320e-02	-2.578900e-06	-1.683513e-05	5.301754e-05	9.673635e-06	4.334390e-05
327           	2.590112e-02	1.294816e-02	1.295296e-02	-3.314494e-03	2.597555e-02	-2.929004e-02	2.763279e-02	-2.400306e-06	-1.697702e-05	5.286914e-05	9.457552e-06	4.341159e-05
328           	2.590081e-02	1.294818e-02	1.295263e-02	-3.314495e-03	2.597514e-02	-2.928964e-02	2.763239e-02	-2.224263e-06	-1.711677e-05	5.272281e-05	9.244641e-06	4.347817e-05
329           	2.590052e-02	1.294821e-02	1.295231e-02	-3.314497e-03	2.597475e-02	-2.928925e-02	2.763200e-02	-2.050773e-06	-1.725438e-05	5.257855e-05	9.034896e-06	4.354365e-05
330           	2.590023e-02	1.294823e-02	1.295199e-02	-3.314498e-03	2.597437e-02	-2.928887e-02	2.763162e-02	-1.879836e-06	-1.738986e-05	5.243633e-05	8.828312e-06	4.360802e-05
331           	2.589994e-02	1.294826e-02	1.295168e-02	-3.314500e-03	2.597399e-02	-2.928849e-02	2.763124e-02	-1.711453e-06	-1.752321e-05	5.229617e-05	8.624880e-06	4.367129e-05
332           	2.589967e-02	1.294829e-02	1.295138e-02	-3.314502e-03	2.597362e-02	-2.928812e-02	2.763087e-02	-1.545613e-06	-1.765444e-05	5.215804e-05	8.424577e-06	4.373347e-05
333           	2.589940e-02	1.294832e-02	1.295108e-02	-3.314503e-03	2.597326e-02	-2.928776e-02	2.763051e-02	-1.382276e-06	-1.778360e-05	5.202193e-05	8.227360e-06	4.379457e-05
334           	2.589913e-02	1.294834e-02	1.295079e-02	-3.314505e-03	2.597291e-02	-2.928741e-02	2.763016e-02	-1.221390e-06	-1.791073e-05	5.188780e-05	8.033171e-06	4.385463e-05
335           	2.589887e-02	1.294837e-02	1.295050e-02	-3.314507e-03	2.597256e-02	-2.928707e-02	2.762981e-02	-1.062894e-06	-1.803587e-05	5.175561e-05	7.841931e-06	4.391368e-05
336           	2.589862e-02	1.294840e-02	1.295022e-02	-3.314509e-03	2.597222e-02	-2.928673e-02	2.762948e-02	-9.067238e-07	-1.815910e-05	5.162532e-05	7.653566e-06	4.397176e-05
337           	2.589838e-02	1.294843e-02	1.294994e-02	-3.314510e-03	2.597189e-02	-2.928640e-02	2.762915e-02	-7.528152e-07	-1.828045e-05	5.149690e-05	7.468002e-06	4.402890e-05
338           	2.589814e-02	1.294847e-02	1.294967e-02	-3.314512e-03	2.597157e-02	-2.928608e-02	2.762882e-02	-6.011307e-07	-1.839996e-05	5.137031e-05	7.285191e-06	4.408511e-05
339           	2.589790e-02	1.294850e-02	1.294940e-02	-3.314514e-03	2.597125e-02	-2.928576e-02	2.762851e-02	-4.516484e-07	-1.851766e-05	5.124553e-05	7.105106e-06	4.414042e-05
340           	2.589767e-02	1.294853e-02	1.294914e-02	-3.314516e-03	2.597094e-02	-2.928546e-02	2.762820e-02	-3.043370e-07	-1.863357e-05	5.112255e-05	6.927708e-06	4.419484e-05
341           	2.589745e-02	1.294857e-02	1.294888e-02	-3.314518e-03	2.597064e-02	-2.928515e-02	2.762789e-02	-1.591496e-07	-1.874773e-05	5.100133e-05	6.752938e-06	4.424839e-05
342           	2.589723e-02	1.294860e-02	1.294863e-02	-3.314519e-03	2.597034e-02	-2.928486e-02	2.762760e-02	-1.604155e-08	-1.886018e-05	5.088183e-05	6.580738e-06	4.430109e-05
343           	2.589702e-02	1.294863e-02	1.294838e-02	-3.314521e-03	2.597005e-02	-2.928457e-02	2.762731e-02	1.250228e-07	-1.897095e-05	5.076403e-05	6.411062e-06	4.435297e-05
344           	2.589681e-02	1.294867e-02	1.294814e-02	-3.314523e-03	2.596977e-02	-2.928429e-02	2.762703e-02	2.641059e-07	-1.908011e-05	5.064788e-05	6.243833e-06	4.440405e-05
345           	2.589661e-02	1.294871e-02	1.294790e-02	-3.314525e-03	2.596949e-02	-2.928401e-02	2.762675e-02	4.012796e-07	-1.918770e-05	5.053332e-05	6.078960e-06	4.445436e-05
346           	2.589641e-02	1.294874e-02	1.294767e-02	-3.314527e-03	2.596922e-02	-2.928374e-02	2.762648e-02	5.366266e-07	-1.929381e-05	5.042030e-05	5.916335e-06	4.450396e-05
347           	2.589622e-02	1.294878e-02	1.294744e-02	-3.314529e-03	2.596895e-02	-2.928348e-02	2.762622e-02	6.702434e-07	-1.939852e-05	5.030873e-05	5.755841e-06	4.455289e-05
348           	2.589603e-02	1.294882e-02	1.294721e-02	-3.314530e-03	2.596869e-02	-2.928322e-02	2.762596e-02	8.021901e-07	-1.950188e-05	5.019859e-05	5.597412e-06	4.460118e-05
349           	2.589585e-02	1.294886e-02	1.294699e-02	-3.314532e-03	2.596844e-02	-2.928297e-02	2.762571e-02	9.325127e-07	-1.960393e-05	5.008985e-05	5.440997e-06	4.464885e-05
350           	2.589567e-02	1.294890e-02	1.294677e-02	-3.314534e-03	2.596819e-02	-2.928273e-02	2.762546e-02	1.061216e-06	-1.970465e-05	4.998249e-05	5.286592e-06	4.469590e-05
351           	2.589550e-02	1.294894e-02	1.294656e-02	-3.314536e-03	2.596795e-02	-2.928249e-02	2.762522e-02	1.188307e-06	-1.980407e-05	4.987652e-05	5.134186e-06	4.474233e-05
352           	2.589533e-02	1.294898e-02	1.294635e-02	-3.314538e-03	2.596772e-02	-2.928225e-02	2.762498e-02	1.313770e-06	-1.990217e-05	4.977194e-05	4.983795e-06	4.478814e-05
353           	2.589517e-02	1.294902e-02	1.294615e-02	-3.314540e-03	2.596749e-02	-2.928203e-02	2.762476e-02	1.437598e-06	-1.999895e-05	4.966874e-05	4.835422e-06	4.483331e-05
354           	2.589501e-02	1.294906e-02	1.294594e-02	-3.314541e-03	2.596726e-02	-2.928180e-02	2.762453e-02	1.559788e-06	-2.009439e-05	4.956692e-05	4.689067e-06	4.487785e-05
355           	2.589485e-02	1.294911e-02	1.294575e-02	-3.314543e-03	2.596704e-02	-2.928158e-02	2.762431e-02	1.680344e-06	-2.018852e-05	4.946648e-05	4.544721e-06	4.492176e-05
356           	2.589470e-02	1.294915e-02	1.294555e-02	-3.314545e-03	2.596683e-02	-2.928137e-02	2.762410e-02	1.799308e-06	-2.028136e-05	4.936738e-05	4.402335e-06	4.496505e-05
357           	2.589455e-02	1.294919e-02	1.294536e-02	-3.314547e-03	2.596662e-02	-2.928117e-02	2.762389e-02	1.916748e-06	-2.037296e-05	4.926958e-05	4.261829e-06	4.500775e-05
358           	2.589441e-02	1.294924e-02	1.294517e-02	-3.314549e-03	2.596641e-02	-2.928096e-02	2.762369e-02	2.032743e-06	-2.046341e-05	4.917302e-05	4.123101e-06	4.504992e-05
359           	2.589427e-02	1.294928e-02	1.294499e-02	-3.314551e-03	2.596622e-02	-2.928077e-02	2.762349e-02	2.147359e-06	-2.055275e-05	4.907765e-05	3.986075e-06	4.509158e-05
360           	2.589414e-02	1.294933e-02	1.294481e-02	-3.314552e-03	2.596602e-02	-2.928057e-02	2.762330e-02	2.260648e-06	-2.064103e-05	4.898344e-05	3.850689e-06	4.513275e-05
361           	2.589401e-02	1.294938e-02	1.294463e-02	-3.314554e-03	2.596583e-02	-2.928039e-02	2.762311e-02	2.372666e-06	-2.072830e-05	4.889034e-05	3.716872e-06	4.517347e-05
362           	2.589388e-02	1.294942e-02	1.294446e-02	-3.314556e-03	2.596565e-02	-2.928020e-02	2.762293e-02	2.483458e-06	-2.081459e-05	4.879831e-05	3.584567e-06	4.521375e-05
363           	2.589376e-02	1.294947e-02	1.294429e-02	-3.314558e-03	2.596547e-02	-2.928003e-02	2.762275e-02	2.593046e-06	-2.089993e-05	4.870734e-05	3.453744e-06	4.525360e-05
364           	2.589364e-02	1.294952e-02	1.294412e-02	-3.314559e-03	2.596529e-02	-2.927985e-02	2.762257e-02	2.701449e-06	-2.098433e-05	4.861741e-05	3.324376e-06	4.529303e-05
365           	2.589352e-02	1.294957e-02	1.294395e-02	-3.314561e-03	2.596512e-02	-2.927968e-02	2.762240e-02	2.808679e-06	-2.106780e-05	4.852850e-05	3.196446e-06	4.533205e-05
366           	2.589341e-02	1.294962e-02	1.294379e-02	-3.314563e-03	2.596496e-02	-2.927952e-02	2.762224e-02	2.914730e-06	-2.115035e-05	4.844061e-05	3.069954e-06	4.537065e-05
367           	2.589330e-02	1.294967e-02	1.294363e-02	-3.314564e-03	2.596479e-02	-2.927936e-02	2.762208e-02	3.019598e-06	-2.123196e-05	4.835373e-05	2.944904e-06	4.540883e-05
368           	2.589319e-02	1.294972e-02	1.294347e-02	-3.314566e-03	2.596464e-02	-2.927920e-02	2.762192e-02	3.123299e-06	-2.131266e-05	4.826786e-05	2.821272e-06	4.544659e-05
369           	2.589309e-02	1.294977e-02	1.294332e-02	-3.314568e-03	2.596448e-02	-2.927905e-02	2.762177e-02	3.225838e-06	-2.139244e-05	4.818298e-05	2.699046e-06	4.548393e-05
370           	2.589299e-02	1.294982e-02	1.294317e-02	-3.314569e-03	2.596433e-02	-2.927890e-02	2.762162e-02	3.327217e-06	-2.147132e-05	4.809906e-05	2.578207e-06	4.552086e-05
371           	2.589290e-02	1.294988e-02	1.294302e-02	-3.314571e-03	2.596419e-02	-2.927876e-02	2.762147e-02	3.427451e-06	-2.154933e-05	4.801610e-05	2.458721e-06	4.555737e-05
372           	2.589280e-02	1.294993e-02	1.294287e-02	-3.314573e-03	2.596405e-02	-2.927862e-02	2.762133e-02	3.526553e-06	-2.162647e-05	4.793405e-05	2.340562e-06	4.559349e-05
373           	2.589271e-02	1.294998e-02	1.294273e-02	-3.314574e-03	2.596391e-02	-2.927848e-02	2.762120e-02	3.624525e-06	-2.170275e-05	4.785293e-05	2.223715e-06	4.562921e-05
374           	2.589263e-02	1.295003e-02	1.294259e-02	-3.314576e-03	2.596378e-02	-2.927835e-02	2.762106e-02	3.721382e-06	-2.177819e-05	4.777270e-05	2.108162e-06	4.566453e-05
375           	2.589254e-02	1.295009e-02	1.294245e-02	-3.314577e-03	2.596365e-02	-2.927822e-02	2.762094e-02	3.817130e-06	-2.185278e-05	4.769335e-05	1.993894e-06	4.569946e-05
376           	2.589246e-02	1.295014e-02	1.294232e-02	-3.314579e-03	2.596352e-02	-2.927810e-02	2.762081e-02	3.911798e-06	-2.192656e-05	4.761488e-05	1.880882e-06	4.573400e-05
377           	2.589238e-02	1.295020e-02	1.294219e-02	-3.314580e-03	2.596340e-02	-2.927798e-02	2.762069e-02	4.005401e-06	-2.199952e-05	4.753727e-05	1.769113e-06	4.576815e-05
378           	2.589231e-02	1.295025e-02	1.294206e-02	-3.314582e-03	2.596328e-02	-2.927786e-02	2.762057e-02	4.097924e-06	-2.207166e-05	4.746052e-05	1.658604e-06	4.580192e-05
379           	2.589224e-02	1.295031e-02	1.294193e-02	-3.314583e-03	2.596316e-02	-2.927775e-02	2.762046e-02	4.189343e-06	-2.214294e-05	4.738466e-05	1.549388e-06	4.583527e-05
380           	2.589217e-02	1.295036e-02	1.294180e-02	-3.314585e-03	2.596305e-02	-2.927764e-02	2.762035e-02	4.279618e-06	-2.221334e-05	4.730970e-05	1.441511e-06	4.586819e-05
381           	2.589210e-02	1.295042e-02	1.294168e-02	-3.314586e-03	2.596294e-02	-2.927753e-02	2.762024e-02	4.368730e-06	-2.228284e-05	4.723566e-05	1.334992e-06	4.590067e-05
382           	2.589204e-02	1.295047e-02	1.294156e-02	-3.314588e-03	2.596284e-02	-2.927743e-02	2.762013e-02	4.456673e-06	-2.235143e-05	4.716254e-05	1.229837e-06	4.593270e-05
383           	2.589197e-02	1.295053e-02	1.294144e-02	-3.314589e-03	2.596274e-02	-2.927733e-02	2.762003e-02	4.543429e-06	-2.241910e-05	4.709034e-05	1.126067e-06	4.596427e-05
384           	2.589191e-02	1.295059e-02	1.294133e-02	-3.314591e-03	2.596264e-02	-2.927723e-02	2.761993e-02	4.628990e-06	-2.248584e-05	4.701907e-05	1.023692e-06	4.599538e-05
385           	2.589186e-02	1.295064e-02	1.294122e-02	-3.314592e-03	2.596254e-02	-2.927713e-02	2.761984e-02	4.713354e-06	-2.255165e-05	4.694873e-05	9.227135e-07	4.602602e-05
386           	2.589180e-02	1.295070e-02	1.294111e-02	-3.314593e-03	2.596245e-02	-2.927704e-02	2.761975e-02	4.796516e-06	-2.261652e-05	4.687931e-05	8.231356e-07	4.605618e-05
387           	2.589175e-02	1.295075e-02	1.294100e-02	-3.314595e-03	2.596236e-02	-2.927696e-02	2.761966e-02	4.878487e-06	-2.268046e-05	4.681082e-05	7.249445e-07	4.608587e-05
388           	2.589170e-02	1.295081e-02	1.294089e-02	-3.314596e-03	2.596227e-02	-2.927687e-02	2.761957e-02	4.959286e-06	-2.274349e-05	4.674323e-05	6.281210e-07	4.611511e-05
389           	2.589165e-02	1.295087e-02	1.294079e-02	-3.314597e-03	2.596219e-02	-2.927679e-02	2.761949e-02	5.038957e-06	-2.280564e-05	4.667653e-05	5.326239e-07	4.614391e-05
390           	2.589161e-02	1.295092e-02	1.294069e-02	-3.314599e-03	2.596211e-02	-2.927671e-02	2.761941e-02	5.117532e-06	-2.286693e-05	4.661070e-05	4.384230e-07	4.617228e-05
391           	2.589157e-02	1.295098e-02	1.294059e-02	-3.314600e-03	2.596203e-02	-2.927663e-02	2.761933e-02	5.195013e-06	-2.292735e-05	4.654576e-05	3.455257e-07	4.620023e-05
392           	2.589153e-02	1.295102e-02	1.294051e-02	-3.314602e-03	2.596196e-02	-2.927656e-02	2.761926e-02	5.255245e-06	-2.297275e-05	4.649309e-05	2.737965e-07	4.621929e-05
393           	2.589149e-02	1.295108e-02	1.294041e-02	-3.314603e-03	2.596189e-02	-2.927649e-02	2.761919e-02	5.334908e-06	-2.303528e-05	4.642686e-05	1.781536e-07	4.624871e-05
394           	2.589145e-02	1.295112e-02	1.294033e-02	-3.314605e-03	2.596182e-02	-2.927642e-02	2.761912e-02	5.397672e-06	-2.308307e-05	4.637269e-05	1.032714e-07	4.626942e-05
395           	2.589141e-02	1.295119e-02	1.294023e-02	-3.314605e-03	2.596175e-02	-2.927635e-02	2.761905e-02	5.479457e-06	-2.314772e-05	4.630521e-05	4.889102e-09	4.630033e-05
396           	2.589138e-02	1.295123e-02	1.294015e-02	-3.314607e-03	2.596168e-02	-2.927629e-02	2.761899e-02	5.543562e-06	-2.319694e-05	4.625033e-05	-7.176816e-08	4.632210e-05
397           	2.589135e-02	1.295130e-02	1.294005e-02	-3.314607e-03	2.596162e-02	-2.927623e-02	2.761892e-02	5.625458e-06	-2.326195e-05	4.618298e-05	-1.704640e-07	4.635344e-05
398           	2.589132e-02	1.295135e-02	1.293997e-02	-3.314608e-03	2.596156e-02	-2.927617e-02	2.761886e-02	5.688805e-06	-2.331075e-05	4.612881e-05	-2.463457e-07	4.637516e-05
399           	2.589129e-02	1.295140e-02	1.293989e-02	-3.314610e-03	2.596150e-02	-2.927611e-02	2.761881e-02	5.752941e-06	-2.336034e-05	4.607420e-05	-3.232359e-07	4.639744e-05
400           	2.589127e-02	1.295145e-02	1.293982e-02	-3.314611e-03	2.596145e-02	-2.927606e-02	2.761875e-02	5.817988e-06	-2.341082e-05	4.601905e-05	-4.012918e-07	4.642034e-05
401           	2.589124e-02	1.295151e-02	1.293974e-02	-3.314612e-03	2.596139e-02	-2.927601e-02	2.761870e-02	5.883844e-06	-2.346211e-05	4.596343e-05	-4.803957e-07	4.644382e-05
402           	2.589122e-02	1.295158e-02	1.293964e-02	-3.314612e-03	2.596134e-02	-2.927595e-02	2.761865e-02	5.965972e-06	-2.352789e-05	4.589633e-05	-5.797296e-07	4.647606e-05
403           	2.589120e-02	1.295163e-02	1.293957e-02	-3.314613e-03	2.596129e-02	-2.927591e-02	2.761860e-02	6.028584e-06	-2.357654e-05	4.584313e-05	-6.549712e-07	4.649810e-05
404           	2.589118e-02	1.295168e-02	1.293950e-02	-3.314614e-03	2.596125e-02	-2.927586e-02	2.761855e-02	6.090525e-06	-2.362464e-05	4.579049e-05	-7.293983e-07	4.651989e-05
405           	2.589116e-02	1.295174e-02	1.293942e-02	-3.314615e-03	2.596120e-02	-2.927582e-02	2.761851e-02	6.156550e-06	-2.367682e-05	4.573337e-05	-8.101293e-07	4.654350e-05
406           	2.589115e-02	1.295179e-02	1.293935e-02	-3.314616e-03	2.596116e-02	-2.927577e-02	2.761847e-02	6.220409e-06	-2.372706e-05	4.567845e-05	-8.878325e-07	4.656628e-05
407           	2.589113e-02	1.295185e-02	1.293928e-02	-3.314617e-03	2.596112e-02	-2.927574e-02	2.761843e-02	6.282154e-06	-2.377538e-05	4.562568e-05	-9.625451e-07	4.658822e-05
408           	2.589112e-02	1.295190e-02	1.293922e-02	-3.314618e-03	2.596108e-02	-2.927570e-02	2.761839e-02	6.342096e-06	-2.382207e-05	4.557476e-05	-1.034685e-06	4.660945e-05
409           	2.589111e-02	1.295195e-02	1.293915e-02	-3.314619e-03	2.596105e-02	-2.927567e-02	2.761836e-02	6.400667e-06	-2.386750e-05	4.552527e-05	-1.104864e-06	4.663013e-05
410           	2.589110e-02	1.295201e-02	1.293909e-02	-3.314619e-03	2.596101e-02	-2.927563e-02	2.761832e-02	6.462665e-06	-2.391633e-05	4.547202e-05	-1.180324e-06	4.665234e-05
411           	2.589109e-02	1.295207e-02	1.293902e-02	-3.314620e-03	2.596098e-02	-2.927560e-02	2.761829e-02	6.522154e-06	-2.396291e-05	4.542125e-05	-1.252285e-06	4.667354e-05
412           	2.589108e-02	1.295212e-02	1.293896e-02	-3.314621e-03	2.596095e-02	-2.927557e-02	2.761826e-02	6.579343e-06	-2.400742e-05	4.537272e-05	-1.321066e-06	4.669378e-05
413           	2.589108e-02	1.295218e-02	1.293890e-02	-3.314622e-03	2.596092e-02	-2.927554e-02	2.761823e-02	6.639032e-06	-2.405448e-05	4.532125e-05	-1.393859e-06	4.671511e-05
414           	2.589107e-02	1.295223e-02	1.293884e-02	-3.314623e-03	2.596089e-02	-2.927551e-02	2.761820e-02	6.695512e-06	-2.409864e-05	4.527290e-05	-1.462190e-06	4.673509e-05
415           	2.589107e-02	1.295228e-02	1.293879e-02	-3.314624e-03	2.596087e-02	-2.927549e-02	2.761818e-02	6.749252e-06	-2.414030e-05	4.522719e-05	-1.526705e-06	4.675390e-05
416           	2.589107e-02	1.295234e-02	1.293873e-02	-3.314625e-03	2.596084e-02	-2.927547e-02	2.761816e-02	6.805255e-06	-2.418424e-05	4.517882e-05	-1.594832e-06	4.677365e-05
417           	2.589107e-02	1.295239e-02	1.293868e-02	-3.314626e-03	2.596082e-02	-2.927545e-02	2.761814e-02	6.858094e-06	-2.422529e-05	4.513356e-05	-1.658515e-06	4.679207e-05
418           	2.589107e-02	1.295245e-02	1.293862e-02	-3.314626e-03	2.596080e-02	-2.927543e-02	2.761811e-02	6.912708e-06	-2.426816e-05	4.508615e-05	-1.725082e-06	4.681123e-05
419           	2.589107e-02	1.295250e-02	1.293857e-02	-3.314628e-03	2.596078e-02	-2.927541e-02	2.761810e-02	6.963689e-06	-2.430769e-05	4.504234e-05	-1.786515e-06	4.682886e-05
420           	2.589107e-02	1.295255e-02	1.293852e-02	-3.314628e-03	2.596077e-02	-2.927539e-02	2.761808e-02	7.016117e-06	-2.434871e-05	4.499675e-05	-1.850329e-06	4.684708e-05
421           	2.589108e-02	1.295260e-02	1.293847e-02	-3.314630e-03	2.596075e-02	-2.927538e-02	2.761807e-02	7.064705e-06	-2.438619e-05	4.495499e-05	-1.908698e-06	4.686369e-05
422           	2.589108e-02	1.295266e-02	1.293843e-02	-3.314631e-03	2.596074e-02	-2.927537e-02	2.761805e-02	7.114650e-06	-2.442508e-05	4.491156e-05	-1.969296e-06	4.688085e-05
423           	2.589109e-02	1.295270e-02	1.293838e-02	-3.314632e-03	2.596073e-02	-2.927536e-02	2.761804e-02	7.160815e-06	-2.446048e-05	4.487191e-05	-2.024522e-06	4.689643e-05
424           	2.589110e-02	1.295276e-02	1.293834e-02	-3.314633e-03	2.596072e-02	-2.927535e-02	2.761803e-02	7.208427e-06	-2.449735e-05	4.483053e-05	-2.082091e-06	4.691262e-05
425           	2.589110e-02	1.295281e-02	1.293829e-02	-3.314634e-03	2.596071e-02	-2.927534e-02	2.761802e-02	7.256811e-06	-2.453509e-05	4.478810e-05	-2.141041e-06	4.692914e-05
426           	2.589111e-02	1.295286e-02	1.293826e-02	-3.314636e-03	2.596070e-02	-2.927534e-02	2.761802e-02	7.300728e-06	-2.456872e-05	4.475014e-05	-2.193654e-06	4.694379e-05
427           	2.589112e-02	1.295291e-02	1.293822e-02	-3.314636e-03	2.596069e-02	-2.927533e-02	2.761801e-02	7.345512e-06	-2.460328e-05	4.471103e-05	-2.247768e-06	4.695880e-05
428           	2.589113e-02	1.295295e-02	1.293818e-02	-3.314638e-03	2.596069e-02	-2.927533e-02	2.761801e-02	7.386243e-06	-2.463411e-05	4.467598e-05	-2.296117e-06	4.697210e-05
429           	2.589115e-02	1.295300e-02	1.293815e-02	-3.314639e-03	2.596069e-02	-2.927532e-02	2.761800e-02	7.428292e-06	-2.466627e-05	4.463937e-05	-2.346591e-06	4.698596e-05
430           	2.589116e-02	1.295305e-02	1.293811e-02	-3.314640e-03	2.596068e-02	-2.927532e-02	2.761800e-02	7.471167e-06	-2.469934e-05	4.460169e-05	-2.398491e-06	4.700018e-05
