# Force and moment coefficients
# dragDir     : (1.000000e+00 0.000000e+00 0.000000e+00)
# sideDir     : (0.000000e+00 1.000000e+00 0.000000e+00)
# liftDir     : (0.000000e+00 0.000000e+00 1.000000e+00)
# rollAxis    : (1.000000e+00 0.000000e+00 0.000000e+00)
# pitchAxis   : (0.000000e+00 1.000000e+00 0.000000e+00)
# yawAxis     : (0.000000e+00 0.000000e+00 1.000000e+00)
# magUInf     : 6.661800e+00
# lRef        : 1.499270e-01
# Aref        : 5.000000e-02
# CofR        : (0.000000e+00 0.000000e+00 0.000000e+00)
#
# Time        	Cd            	Cd(f)         	Cd(r)         	Cl            	Cl(f)         	Cl(r)         	CmPitch       	CmRoll        	CmYaw         	Cs            	Cs(f)         	Cs(r)         
1             	4.683643e-01	2.465297e-01	2.218346e-01	-3.115311e-02	4.649743e-01	-4.961274e-01	4.805509e-01	1.234757e-02	-1.011121e-02	-7.248188e-03	-1.373531e-02	6.487117e-03
2             	3.512578e-01	1.854380e-01	1.658198e-01	-3.844045e-02	3.492810e-01	-3.877214e-01	3.685012e-01	9.809080e-03	-8.107794e-03	-5.527818e-03	-1.087170e-02	5.343885e-03
3             	2.722351e-01	1.421942e-01	1.300409e-01	-3.749742e-02	2.702789e-01	-3.077763e-01	2.890276e-01	6.076678e-03	-4.987457e-03	-3.206936e-03	-6.590925e-03	3.383989e-03
4             	2.116446e-01	1.079530e-01	1.036916e-01	-3.091354e-02	2.089746e-01	-2.398881e-01	2.244313e-01	2.130712e-03	-1.598076e-03	-8.586960e-04	-2.027424e-03	1.168728e-03
5             	1.622617e-01	7.971598e-02	8.254576e-02	-2.145348e-02	1.586504e-01	-1.801039e-01	1.693771e-01	-1.414888e-03	1.504097e-03	1.194328e-03	2.101261e-03	-9.069331e-04
6             	1.224191e-01	5.715195e-02	6.526710e-02	-1.163369e-02	1.180078e-01	-1.296415e-01	1.238247e-01	-4.057579e-03	3.857606e-03	2.704043e-03	5.209627e-03	-2.505584e-03
7             	9.209027e-02	4.046670e-02	5.162357e-02	-3.302290e-03	8.723057e-02	-9.053286e-02	8.888171e-02	-5.578439e-03	5.245595e-03	3.585724e-03	7.038457e-03	-3.452733e-03
8             	7.110695e-02	2.957925e-02	4.152770e-02	2.508819e-03	6.621625e-02	-6.370743e-02	6.496184e-02	-5.974224e-03	5.642569e-03	3.860272e-03	7.572705e-03	-3.712433e-03
9             	5.850893e-02	2.381263e-02	3.469630e-02	5.544795e-03	5.395066e-02	-4.840587e-02	5.117827e-02	-5.441837e-03	5.206819e-03	3.643346e-03	7.028492e-03	-3.385146e-03
10            	5.260920e-02	2.202169e-02	3.058751e-02	6.134442e-03	4.861907e-02	-4.248463e-02	4.555185e-02	-4.282909e-03	4.197981e-03	3.092361e-03	5.744161e-03	-2.651800e-03
11            	5.132218e-02	2.281590e-02	2.850628e-02	4.952346e-03	4.798405e-02	-4.303170e-02	4.550788e-02	-2.845190e-03	2.923501e-03	2.380115e-03	4.113559e-03	-1.733444e-03
12            	5.256881e-02	2.484079e-02	2.772802e-02	2.784920e-03	4.982883e-02	-4.704391e-02	4.843637e-02	-1.443614e-03	1.667847e-03	1.659059e-03	2.497376e-03	-8.383173e-04
13            	5.460792e-02	2.699538e-02	2.761254e-02	3.459309e-04	5.231803e-02	-5.197210e-02	5.214507e-02	-3.085806e-04	6.435768e-04	1.040933e-03	1.164043e-03	-1.231103e-04
14            	5.622679e-02	2.854115e-02	2.768565e-02	-1.835549e-03	5.419729e-02	-5.603284e-02	5.511507e-02	4.277485e-04	-2.429821e-05	5.945778e-04	2.729907e-04	3.215871e-04
15            	5.678753e-02	2.912227e-02	2.766526e-02	-3.457571e-03	5.483666e-02	-5.829423e-02	5.656544e-02	7.285024e-04	-2.979094e-04	3.480211e-04	-1.238988e-04	4.719200e-04
16            	5.615469e-02	2.872985e-02	2.742485e-02	-4.430797e-03	5.414648e-02	-5.857728e-02	5.636188e-02	6.524978e-04	-2.275602e-04	2.837610e-04	-8.567969e-05	3.694407e-04
17            	5.453999e-02	2.757119e-02	2.696880e-02	-4.822601e-03	5.239925e-02	-5.722185e-02	5.481055e-02	3.011946e-04	9.521999e-05	3.664531e-04	2.784465e-04	8.800654e-05
18            	5.233912e-02	2.597526e-02	2.636387e-02	-4.792034e-03	5.005217e-02	-5.484421e-02	5.244819e-02	-1.943055e-04	5.499142e-04	5.435311e-04	8.216798e-04	-2.781486e-04
19            	4.997579e-02	2.427918e-02	2.569661e-02	-4.524767e-03	4.757632e-02	-5.210109e-02	4.983870e-02	-7.087195e-04	1.019751e-03	7.608871e-04	1.400194e-03	-6.393072e-04
20            	4.778698e-02	2.274573e-02	2.504125e-02	-4.183062e-03	4.533518e-02	-4.951824e-02	4.742671e-02	-1.147757e-03	1.415806e-03	9.750181e-04	1.903315e-03	-9.282972e-04
21            	4.597174e-02	2.153469e-02	2.443705e-02	-3.879720e-03	4.353285e-02	-4.741257e-02	4.547271e-02	-1.451177e-03	1.681246e-03	1.153119e-03	2.257805e-03	-1.104686e-03
22            	4.458337e-02	2.069161e-02	2.389176e-02	-3.670148e-03	4.221043e-02	-4.588058e-02	4.404550e-02	-1.600077e-03	1.798444e-03	1.278565e-03	2.437726e-03	-1.159162e-03
23            	4.356143e-02	2.017397e-02	2.338746e-02	-3.560970e-03	4.128473e-02	-4.484570e-02	4.306522e-02	-1.606741e-03	1.779488e-03	1.346368e-03	2.452672e-03	-1.106304e-03
24            	4.277791e-02	1.987930e-02	2.289860e-02	-3.525923e-03	4.060199e-02	-4.412792e-02	4.236495e-02	-1.509649e-03	1.661573e-03	1.364061e-03	2.343604e-03	-9.795428e-04
25            	4.209296e-02	1.969109e-02	2.240187e-02	-3.526416e-03	4.000097e-02	-4.352739e-02	4.176418e-02	-1.355391e-03	1.490484e-03	1.344597e-03	2.162782e-03	-8.181852e-04
26            	4.139433e-02	1.950928e-02	2.188506e-02	-3.527149e-03	3.935527e-02	-4.288242e-02	4.111884e-02	-1.187891e-03	1.309309e-03	1.301368e-03	1.959993e-03	-6.586250e-04
27            	4.061822e-02	1.926797e-02	2.135025e-02	-3.505455e-03	3.859664e-02	-4.210210e-02	4.034937e-02	-1.041142e-03	1.151410e-03	1.246222e-03	1.774521e-03	-5.282989e-04
28            	3.975473e-02	1.894166e-02	2.081307e-02	-3.454966e-03	3.771931e-02	-4.117428e-02	3.944680e-02	-9.357040e-04	1.036934e-03	1.188318e-03	1.631093e-03	-4.427754e-04
29            	3.883849e-02	1.854163e-02	2.029686e-02	-3.383801e-03	3.676822e-02	-4.015202e-02	3.846012e-02	-8.776131e-04	9.716230e-04	1.133036e-03	1.538141e-03	-4.051048e-04
30            	3.793029e-02	1.810521e-02	1.982508e-02	-3.309170e-03	3.581715e-02	-3.912632e-02	3.747174e-02	-8.599368e-04	9.485349e-04	1.081909e-03	1.489489e-03	-4.075803e-04
31            	3.709419e-02	1.767832e-02	1.941587e-02	-3.249979e-03	3.494249e-02	-3.819247e-02	3.656748e-02	-8.687728e-04	9.535701e-04	1.034369e-03	1.470754e-03	-4.363856e-04
32            	3.637942e-02	1.730160e-02	1.907783e-02	-3.220837e-03	3.420291e-02	-3.742375e-02	3.581333e-02	-8.881145e-04	9.704941e-04	9.893127e-04	1.465150e-03	-4.758377e-04
33            	3.581039e-02	1.700174e-02	1.880865e-02	-3.228676e-03	3.362789e-02	-3.685656e-02	3.524223e-02	-9.034534e-04	9.845507e-04	9.456577e-04	1.457380e-03	-5.117219e-04
34            	3.538349e-02	1.678677e-02	1.859672e-02	-3.271621e-03	3.321421e-02	-3.648583e-02	3.485002e-02	-9.049766e-04	9.856244e-04	9.032110e-04	1.437230e-03	-5.340189e-04
35            	3.507136e-02	1.664695e-02	1.842441e-02	-3.340329e-03	3.293098e-02	-3.627131e-02	3.460115e-02	-8.887309e-04	9.694546e-04	8.628528e-04	1.400881e-03	-5.380282e-04
36            	3.483157e-02	1.655925e-02	1.827232e-02	-3.420883e-03	3.272973e-02	-3.615061e-02	3.444017e-02	-8.565347e-04	9.375562e-04	8.264709e-04	1.350792e-03	-5.243207e-04
37            	3.461730e-02	1.649418e-02	1.812312e-02	-3.498320e-03	3.255673e-02	-3.605505e-02	3.430589e-02	-8.144688e-04	8.957812e-04	7.964740e-04	1.294018e-03	-4.975442e-04
38            	3.438765e-02	1.642304e-02	1.796461e-02	-3.560028e-03	3.236467e-02	-3.592470e-02	3.414468e-02	-7.707829e-04	8.522000e-04	7.751229e-04	1.239761e-03	-4.646386e-04
39            	3.411478e-02	1.632397e-02	1.779080e-02	-3.598032e-03	3.212101e-02	-3.571904e-02	3.392003e-02	-7.334148e-04	8.146669e-04	7.637565e-04	1.196545e-03	-4.327886e-04
40            	3.378726e-02	1.618549e-02	1.760177e-02	-3.609991e-03	3.181182e-02	-3.542181e-02	3.361682e-02	-7.081414e-04	7.889571e-04	7.623447e-04	1.170130e-03	-4.077848e-04
41            	3.340938e-02	1.600718e-02	1.740221e-02	-3.598816e-03	3.144118e-02	-3.503999e-02	3.324059e-02	-6.975142e-04	7.776863e-04	7.693790e-04	1.162376e-03	-3.929968e-04
42            	3.299738e-02	1.579799e-02	1.719939e-02	-3.571276e-03	3.102704e-02	-3.459832e-02	3.281268e-02	-7.006988e-04	7.801120e-04	7.821229e-04	1.171173e-03	-3.890505e-04
43            	3.257408e-02	1.557310e-02	1.700098e-02	-3.536077e-03	3.059518e-02	-3.413126e-02	3.236322e-02	-7.139439e-04	7.926095e-04	7.970484e-04	1.191134e-03	-3.940853e-04
44            	3.216297e-02	1.534997e-02	1.681300e-02	-3.501823e-03	3.017262e-02	-3.367444e-02	3.192353e-02	-7.315189e-04	8.096094e-04	8.103358e-04	1.214777e-03	-4.044415e-04
45            	3.178341e-02	1.514458e-02	1.663883e-02	-3.475392e-03	2.978203e-02	-3.325743e-02	3.151973e-02	-7.471285e-04	8.249681e-04	8.185486e-04	1.234242e-03	-4.156939e-04
46            	3.144741e-02	1.496858e-02	1.647883e-02	-3.460903e-03	2.943805e-02	-3.289895e-02	3.116850e-02	-7.551289e-04	8.331764e-04	8.191144e-04	1.242734e-03	-4.236192e-04
47            	3.115848e-02	1.482778e-02	1.633071e-02	-3.459415e-03	2.914579e-02	-3.260520e-02	3.087549e-02	-7.514642e-04	8.302984e-04	8.106317e-04	1.235614e-03	-4.249825e-04
48            	3.091240e-02	1.472193e-02	1.619046e-02	-3.469280e-03	2.890152e-02	-3.237080e-02	3.063616e-02	-7.342650e-04	8.145405e-04	7.930002e-04	1.211041e-03	-4.180403e-04
49            	3.069931e-02	1.464575e-02	1.605355e-02	-3.486956e-03	2.869497e-02	-3.218193e-02	3.043845e-02	-7.038998e-04	7.863228e-04	7.672981e-04	1.169972e-03	-4.026737e-04
50            	3.050657e-02	1.459057e-02	1.591599e-02	-3.508033e-03	2.851234e-02	-3.202038e-02	3.026636e-02	-6.627091e-04	7.479993e-04	7.355398e-04	1.115769e-03	-3.802294e-04
51            	3.032160e-02	1.454640e-02	1.577521e-02	-3.528256e-03	2.833954e-02	-3.186780e-02	3.010367e-02	-6.144073e-04	7.032606e-04	7.003036e-04	1.053412e-03	-3.531088e-04
52            	3.013423e-02	1.450375e-02	1.563048e-02	-3.544304e-03	2.816478e-02	-3.170908e-02	2.993693e-02	-5.633672e-04	6.564091e-04	6.643314e-04	9.885749e-04	-3.242434e-04
53            	2.993806e-02	1.445518e-02	1.548288e-02	-3.554265e-03	2.798028e-02	-3.153455e-02	2.975741e-02	-5.138525e-04	6.116022e-04	6.301399e-04	9.266722e-04	-2.965323e-04
54            	2.973098e-02	1.439608e-02	1.533489e-02	-3.557741e-03	2.778291e-02	-3.134065e-02	2.956178e-02	-4.694061e-04	5.722431e-04	5.997255e-04	8.721058e-04	-2.723803e-04
55            	2.951465e-02	1.432490e-02	1.518975e-02	-3.555645e-03	2.757376e-02	-3.112941e-02	2.935159e-02	-4.324268e-04	5.405650e-04	5.743704e-04	8.277503e-04	-2.533798e-04
56            	2.929344e-02	1.424271e-02	1.505073e-02	-3.549778e-03	2.735709e-02	-3.090687e-02	2.913198e-02	-4.040084e-04	5.174784e-04	5.545942e-04	7.947755e-04	-2.401813e-04
57            	2.907302e-02	1.415254e-02	1.492048e-02	-3.542328e-03	2.713883e-02	-3.068116e-02	2.891000e-02	-3.839720e-04	5.026184e-04	5.401982e-04	7.727175e-04	-2.325193e-04
58            	2.885898e-02	1.405845e-02	1.480053e-02	-3.535381e-03	2.692513e-02	-3.046051e-02	2.869282e-02	-3.710430e-04	4.945400e-04	5.303578e-04	7.597189e-04	-2.293611e-04
59            	2.865580e-02	1.396471e-02	1.469109e-02	-3.530548e-03	2.672113e-02	-3.025168e-02	2.848641e-02	-3.631920e-04	4.910727e-04	5.238142e-04	7.529798e-04	-2.291656e-04
60            	2.846609e-02	1.387505e-02	1.459104e-02	-3.528747e-03	2.653016e-02	-3.005891e-02	2.829454e-02	-3.579973e-04	4.896926e-04	5.190611e-04	7.492231e-04	-2.301621e-04
61            	2.829047e-02	1.379220e-02	1.449827e-02	-3.530166e-03	2.635348e-02	-2.988364e-02	2.811856e-02	-3.530335e-04	4.879237e-04	5.145712e-04	7.452093e-04	-2.306381e-04
62            	2.812780e-02	1.371774e-02	1.441006e-02	-3.534362e-03	2.619040e-02	-2.972476e-02	2.795758e-02	-3.461607e-04	4.836288e-04	5.089501e-04	7.381039e-04	-2.291538e-04
63            	2.797562e-02	1.365205e-02	1.432357e-02	-3.540462e-03	2.603881e-02	-2.957927e-02	2.780904e-02	-3.357607e-04	4.752504e-04	5.010971e-04	7.257990e-04	-2.247019e-04
64            	2.783092e-02	1.359461e-02	1.423630e-02	-3.547407e-03	2.589578e-02	-2.944318e-02	2.766948e-02	-3.208447e-04	4.619090e-04	4.902758e-04	7.070468e-04	-2.167711e-04
65            	2.769065e-02	1.354423e-02	1.414642e-02	-3.554180e-03	2.575824e-02	-2.931242e-02	2.753533e-02	-3.010924e-04	4.434316e-04	4.761645e-04	6.815139e-04	-2.053493e-04
66            	2.755233e-02	1.349938e-02	1.405295e-02	-3.559981e-03	2.562354e-02	-2.918353e-02	2.740353e-02	-2.767886e-04	4.202745e-04	4.588450e-04	6.496970e-04	-1.908520e-04
67            	2.741433e-02	1.345846e-02	1.395587e-02	-3.564339e-03	2.548980e-02	-2.905414e-02	2.727197e-02	-2.487076e-04	3.933897e-04	4.387532e-04	6.127663e-04	-1.740132e-04
68            	2.727594e-02	1.342000e-02	1.385594e-02	-3.567121e-03	2.535602e-02	-2.892314e-02	2.713958e-02	-2.179699e-04	3.640672e-04	4.166093e-04	5.723718e-04	-1.557626e-04
69            	2.713734e-02	1.338282e-02	1.375452e-02	-3.568499e-03	2.522207e-02	-2.879057e-02	2.700632e-02	-1.858496e-04	3.337247e-04	3.932976e-04	5.303735e-04	-1.370758e-04
70            	2.699928e-02	1.334600e-02	1.365329e-02	-3.568852e-03	2.508851e-02	-2.865736e-02	2.687294e-02	-1.536460e-04	3.037693e-04	3.697862e-04	4.886624e-04	-1.188762e-04
71            	2.686288e-02	1.330890e-02	1.355398e-02	-3.568657e-03	2.495624e-02	-2.852489e-02	2.674056e-02	-1.225395e-04	2.754421e-04	3.470115e-04	4.489479e-04	-1.019364e-04
72            	2.672927e-02	1.327118e-02	1.345808e-02	-3.568380e-03	2.482628e-02	-2.839466e-02	2.661047e-02	-9.344916e-05	2.496729e-04	3.257551e-04	4.125505e-04	-8.679535e-05
73            	2.659938e-02	1.323266e-02	1.336671e-02	-3.568397e-03	2.469953e-02	-2.826793e-02	2.648373e-02	-6.702405e-05	2.270702e-04	3.066187e-04	3.803795e-04	-7.376082e-05
74            	2.647380e-02	1.319328e-02	1.328052e-02	-3.568939e-03	2.457662e-02	-2.814556e-02	2.636109e-02	-4.361733e-05	2.078989e-04	2.899794e-04	3.528886e-04	-6.290918e-05
75            	2.635274e-02	1.315313e-02	1.319961e-02	-3.570088e-03	2.445780e-02	-2.802789e-02	2.624284e-02	-2.324109e-05	1.920520e-04	2.759317e-04	3.300179e-04	-5.408618e-05
76            	2.623601e-02	1.311234e-02	1.312368e-02	-3.571786e-03	2.434302e-02	-2.791481e-02	2.612892e-02	-5.667805e-06	1.791579e-04	2.643500e-04	3.113329e-04	-4.698294e-05
77            	2.612319e-02	1.307113e-02	1.305205e-02	-3.573878e-03	2.423197e-02	-2.780585e-02	2.601891e-02	9.540851e-06	1.686258e-04	2.549009e-04	2.960762e-04	-4.117536e-05
78            	2.601368e-02	1.302980e-02	1.298388e-02	-3.576164e-03	2.412420e-02	-2.770036e-02	2.591228e-02	2.296133e-05	1.597340e-04	2.470979e-04	2.832829e-04	-3.618504e-05
79            	2.590690e-02	1.298868e-02	1.291822e-02	-3.578444e-03	2.401921e-02	-2.759765e-02	2.580843e-02	3.523115e-05	1.517192e-04	2.403674e-04	2.719029e-04	-3.153550e-05
80            	2.580234e-02	1.294815e-02	1.285419e-02	-3.580556e-03	2.391659e-02	-2.749715e-02	2.570687e-02	4.697594e-05	1.438606e-04	2.341189e-04	2.609201e-04	-2.680115e-05
81            	2.569966e-02	1.290856e-02	1.279110e-02	-3.582402e-03	2.381605e-02	-2.739845e-02	2.560725e-02	5.872876e-05	1.355658e-04	2.278245e-04	2.494780e-04	-2.165355e-05
82            	2.559869e-02	1.287028e-02	1.272841e-02	-3.583953e-03	2.371745e-02	-2.730140e-02	2.550943e-02	7.093327e-05	1.263709e-04	2.210300e-04	2.368859e-04	-1.585594e-05
83            	2.549942e-02	1.283358e-02	1.266585e-02	-3.585241e-03	2.362077e-02	-2.720601e-02	2.541339e-02	8.386405e-05	1.160174e-04	2.134339e-04	2.227343e-04	-9.300464e-06
84            	2.540198e-02	1.279863e-02	1.260335e-02	-3.586341e-03	2.352611e-02	-2.711245e-02	2.531928e-02	9.763815e-05	1.044369e-04	2.048883e-04	2.068810e-04	-1.992742e-06
85            	2.530655e-02	1.276550e-02	1.254105e-02	-3.587351e-03	2.343361e-02	-2.702096e-02	2.522728e-02	1.122256e-04	9.173367e-05	1.953989e-04	1.894331e-04	5.965766e-06
86            	2.521330e-02	1.273412e-02	1.247918e-02	-3.588364e-03	2.334338e-02	-2.693174e-02	2.513756e-02	1.274671e-04	7.815350e-05	1.851016e-04	1.707043e-04	1.439729e-05
87            	2.512237e-02	1.270430e-02	1.241806e-02	-3.589457e-03	2.325550e-02	-2.684496e-02	2.505023e-02	1.431199e-04	6.403158e-05	1.742280e-04	1.511456e-04	2.308240e-05
88            	2.503382e-02	1.267580e-02	1.235802e-02	-3.590675e-03	2.317001e-02	-2.676069e-02	2.496535e-02	1.588895e-04	4.974913e-05	1.630720e-04	1.312851e-04	3.178684e-05
89            	2.494765e-02	1.264828e-02	1.229936e-02	-3.592030e-03	2.308684e-02	-2.667887e-02	2.488285e-02	1.744607e-04	3.569373e-05	1.519541e-04	1.116708e-04	4.028333e-05
90            	2.486375e-02	1.262143e-02	1.224231e-02	-3.593507e-03	2.300587e-02	-2.659938e-02	2.480263e-02	1.895600e-04	2.219350e-05	1.411634e-04	9.277519e-05	4.838819e-05
91            	2.478198e-02	1.259494e-02	1.218704e-02	-3.595065e-03	2.292695e-02	-2.652202e-02	2.472448e-02	2.039514e-04	9.516827e-06	1.309519e-04	7.499278e-05	5.595913e-05
92            	2.470216e-02	1.256852e-02	1.213364e-02	-3.596651e-03	2.284989e-02	-2.644654e-02	2.464821e-02	2.174426e-04	-2.134260e-06	1.215230e-04	5.862722e-05	6.289574e-05
93            	2.462412e-02	1.254202e-02	1.208210e-02	-3.598216e-03	2.277452e-02	-2.637274e-02	2.457363e-02	2.299617e-04	-1.269728e-05	1.129670e-04	4.378624e-05	6.918080e-05
94            	2.454770e-02	1.251533e-02	1.203237e-02	-3.599716e-03	2.270071e-02	-2.630042e-02	2.450057e-02	2.414795e-04	-2.216998e-05	1.053209e-04	3.049047e-05	7.483043e-05
95            	2.447278e-02	1.248842e-02	1.198436e-02	-3.601123e-03	2.262835e-02	-2.622947e-02	2.442891e-02	2.520277e-04	-3.062239e-05	9.855403e-05	1.865462e-05	7.989941e-05
96            	2.439931e-02	1.246134e-02	1.193797e-02	-3.602424e-03	2.255740e-02	-2.615982e-02	2.435861e-02	2.616832e-04	-3.817586e-05	9.258445e-05	8.116359e-06	8.446809e-05
97            	2.432724e-02	1.243418e-02	1.189306e-02	-3.603625e-03	2.248783e-02	-2.609146e-02	2.428964e-02	2.705573e-04	-4.498590e-05	8.729293e-05	-1.339433e-06	8.863236e-05
98            	2.425659e-02	1.240707e-02	1.184952e-02	-3.604742e-03	2.241968e-02	-2.602442e-02	2.422205e-02	2.787753e-04	-5.121744e-05	8.254470e-05	-9.945090e-06	9.248979e-05
99            	2.418740e-02	1.238016e-02	1.180724e-02	-3.605800e-03	2.235298e-02	-2.595878e-02	2.415588e-02	2.864607e-04	-5.702571e-05	7.820580e-05	-1.792281e-05	9.612862e-05
100           	2.411970e-02	1.235357e-02	1.176612e-02	-3.606829e-03	2.228777e-02	-2.589460e-02	2.409119e-02	2.937247e-04	-6.254390e-05	7.415528e-05	-2.546626e-05	9.962154e-05
101           	2.405352e-02	1.232742e-02	1.172610e-02	-3.607853e-03	2.222410e-02	-2.583195e-02	2.402803e-02	3.006574e-04	-6.787370e-05	7.029549e-05	-3.272595e-05	1.030214e-04
102           	2.398888e-02	1.230176e-02	1.168712e-02	-3.608892e-03	2.216197e-02	-2.577086e-02	2.396642e-02	3.073196e-04	-7.307890e-05	6.656003e-05	-3.979889e-05	1.063589e-04
103           	2.392579e-02	1.227666e-02	1.164914e-02	-3.609958e-03	2.210139e-02	-2.571135e-02	2.390637e-02	3.137613e-04	-7.820129e-05	6.290190e-05	-4.675035e-05	1.096522e-04
104           	2.386423e-02	1.225212e-02	1.161211e-02	-3.611057e-03	2.204232e-02	-2.565338e-02	2.384785e-02	3.200034e-04	-8.324807e-05	5.930471e-05	-5.359571e-05	1.129004e-04
105           	2.380415e-02	1.222812e-02	1.157603e-02	-3.612183e-03	2.198473e-02	-2.559692e-02	2.379082e-02	3.260484e-04	-8.820351e-05	5.577423e-05	-6.031639e-05	1.160906e-04
106           	2.374550e-02	1.220464e-02	1.154086e-02	-3.613329e-03	2.192856e-02	-2.554188e-02	2.373522e-02	3.318893e-04	-9.304067e-05	5.232804e-05	-6.687665e-05	1.192047e-04
107           	2.368823e-02	1.218163e-02	1.150660e-02	-3.614481e-03	2.187373e-02	-2.548821e-02	2.368097e-02	3.375110e-04	-9.772555e-05	4.899235e-05	-7.322938e-05	1.222217e-04
108           	2.363228e-02	1.215903e-02	1.147325e-02	-3.615628e-03	2.182020e-02	-2.543583e-02	2.362801e-02	3.428889e-04	-1.022162e-04	4.580392e-05	-7.931429e-05	1.251182e-04
109           	2.357757e-02	1.213679e-02	1.144078e-02	-3.616758e-03	2.176789e-02	-2.538464e-02	2.357627e-02	3.480034e-04	-1.064813e-04	4.278970e-05	-8.508644e-05	1.278761e-04
110           	2.352407e-02	1.211487e-02	1.140920e-02	-3.617860e-03	2.171674e-02	-2.533460e-02	2.352567e-02	3.528365e-04	-1.104955e-04	3.997185e-05	-9.050957e-05	1.304814e-04
111           	2.347172e-02	1.209323e-02	1.137848e-02	-3.618930e-03	2.166672e-02	-2.528565e-02	2.347618e-02	3.573756e-04	-1.142432e-04	3.736514e-05	-9.556061e-05	1.329257e-04
112           	2.342050e-02	1.207186e-02	1.134863e-02	-3.619964e-03	2.161779e-02	-2.523775e-02	2.342777e-02	3.616149e-04	-1.177193e-04	3.497594e-05	-1.002314e-04	1.352073e-04
113           	2.337038e-02	1.205074e-02	1.131963e-02	-3.620964e-03	2.156993e-02	-2.519089e-02	2.338041e-02	3.655552e-04	-1.209282e-04	3.280291e-05	-1.045267e-04	1.373296e-04
114           	2.332135e-02	1.202987e-02	1.129147e-02	-3.621934e-03	2.152312e-02	-2.514505e-02	2.333409e-02	3.691989e-04	-1.238779e-04	3.084088e-05	-1.084574e-04	1.392983e-04
115           	2.327339e-02	1.200926e-02	1.126413e-02	-3.622877e-03	2.147735e-02	-2.510023e-02	2.328879e-02	3.725644e-04	-1.265910e-04	2.907288e-05	-1.120546e-04	1.411274e-04
116           	2.322650e-02	1.198892e-02	1.123758e-02	-3.623798e-03	2.143262e-02	-2.505642e-02	2.324452e-02	3.756676e-04	-1.290887e-04	2.748208e-05	-1.153477e-04	1.428297e-04
117           	2.318066e-02	1.196886e-02	1.121181e-02	-3.624703e-03	2.138890e-02	-2.501361e-02	2.320126e-02	3.785251e-04	-1.313925e-04	2.605067e-05	-1.183672e-04	1.444179e-04
118           	2.313586e-02	1.194908e-02	1.118678e-02	-3.625593e-03	2.134620e-02	-2.497179e-02	2.315899e-02	3.811538e-04	-1.335233e-04	2.476101e-05	-1.211428e-04	1.459038e-04
119           	2.309208e-02	1.192961e-02	1.116247e-02	-3.626471e-03	2.130448e-02	-2.493095e-02	2.311771e-02	3.835713e-04	-1.355012e-04	2.359538e-05	-1.237035e-04	1.472989e-04
120           	2.304930e-02	1.191045e-02	1.113886e-02	-3.627337e-03	2.126373e-02	-2.489107e-02	2.307740e-02	3.857959e-04	-1.373449e-04	2.253717e-05	-1.260763e-04	1.486135e-04
121           	2.300751e-02	1.189160e-02	1.111591e-02	-3.628192e-03	2.122394e-02	-2.485213e-02	2.303804e-02	3.878444e-04	-1.390701e-04	2.157245e-05	-1.282839e-04	1.498563e-04
122           	2.296667e-02	1.187307e-02	1.109360e-02	-3.629033e-03	2.118507e-02	-2.481411e-02	2.299959e-02	3.897342e-04	-1.406923e-04	2.068751e-05	-1.303486e-04	1.510361e-04
123           	2.292676e-02	1.185486e-02	1.107190e-02	-3.629861e-03	2.114712e-02	-2.477698e-02	2.296205e-02	3.914802e-04	-1.422228e-04	1.987203e-05	-1.322868e-04	1.521588e-04
124           	2.288777e-02	1.183698e-02	1.105079e-02	-3.630673e-03	2.111004e-02	-2.474071e-02	2.292537e-02	3.930924e-04	-1.436673e-04	1.912048e-05	-1.341070e-04	1.532275e-04
125           	2.284968e-02	1.181942e-02	1.103026e-02	-3.631467e-03	2.107382e-02	-2.470529e-02	2.288956e-02	3.945789e-04	-1.450291e-04	1.842923e-05	-1.358145e-04	1.542437e-04
126           	2.281245e-02	1.180217e-02	1.101028e-02	-3.632243e-03	2.103845e-02	-2.467069e-02	2.285457e-02	3.959456e-04	-1.463106e-04	1.779573e-05	-1.374127e-04	1.552084e-04
127           	2.277607e-02	1.178523e-02	1.099084e-02	-3.633001e-03	2.100389e-02	-2.463689e-02	2.282039e-02	3.971976e-04	-1.475141e-04	1.721742e-05	-1.389054e-04	1.561228e-04
128           	2.274053e-02	1.176860e-02	1.097192e-02	-3.633738e-03	2.097013e-02	-2.460387e-02	2.278700e-02	3.983406e-04	-1.486436e-04	1.669054e-05	-1.402984e-04	1.569889e-04
129           	2.270579e-02	1.175228e-02	1.095352e-02	-3.634456e-03	2.093716e-02	-2.457161e-02	2.275438e-02	3.993813e-04	-1.497044e-04	1.621068e-05	-1.415991e-04	1.578098e-04
130           	2.267186e-02	1.173625e-02	1.093561e-02	-3.635154e-03	2.090494e-02	-2.454010e-02	2.272252e-02	4.003247e-04	-1.506999e-04	1.577522e-05	-1.428122e-04	1.585875e-04
131           	2.263871e-02	1.172053e-02	1.091818e-02	-3.635833e-03	2.087348e-02	-2.450931e-02	2.269140e-02	4.011758e-04	-1.516326e-04	1.538229e-05	-1.439415e-04	1.593238e-04
132           	2.260632e-02	1.170510e-02	1.090122e-02	-3.636492e-03	2.084275e-02	-2.447924e-02	2.266099e-02	4.019389e-04	-1.525045e-04	1.503104e-05	-1.449890e-04	1.600200e-04
133           	2.257467e-02	1.168995e-02	1.088472e-02	-3.637132e-03	2.081273e-02	-2.444986e-02	2.263130e-02	4.026182e-04	-1.533171e-04	1.472033e-05	-1.459569e-04	1.606773e-04
134           	2.254376e-02	1.167509e-02	1.086867e-02	-3.637750e-03	2.078341e-02	-2.442116e-02	2.260228e-02	4.032098e-04	-1.540646e-04	1.445439e-05	-1.468374e-04	1.612918e-04
135           	2.251356e-02	1.166051e-02	1.085305e-02	-3.638352e-03	2.075477e-02	-2.439313e-02	2.257395e-02	4.037280e-04	-1.547584e-04	1.422490e-05	-1.476460e-04	1.618709e-04
136           	2.248407e-02	1.164621e-02	1.083786e-02	-3.638936e-03	2.072682e-02	-2.436575e-02	2.254628e-02	4.041729e-04	-1.553968e-04	1.403309e-05	-1.483803e-04	1.624134e-04
137           	2.245527e-02	1.163218e-02	1.082309e-02	-3.639503e-03	2.069952e-02	-2.433902e-02	2.251927e-02	4.045430e-04	-1.559776e-04	1.388070e-05	-1.490372e-04	1.629179e-04
138           	2.242715e-02	1.161841e-02	1.080874e-02	-3.640054e-03	2.067287e-02	-2.431292e-02	2.249289e-02	4.048372e-04	-1.564979e-04	1.376980e-05	-1.496130e-04	1.633828e-04
139           	2.239969e-02	1.160490e-02	1.079479e-02	-3.640590e-03	2.064685e-02	-2.428744e-02	2.246715e-02	4.050575e-04	-1.569584e-04	1.370005e-05	-1.501084e-04	1.638084e-04
140           	2.237287e-02	1.159163e-02	1.078124e-02	-3.641108e-03	2.062145e-02	-2.426256e-02	2.244201e-02	4.051982e-04	-1.573520e-04	1.367684e-05	-1.505136e-04	1.641905e-04
141           	2.234668e-02	1.157860e-02	1.076808e-02	-3.641610e-03	2.059665e-02	-2.423826e-02	2.241746e-02	4.052602e-04	-1.576783e-04	1.370101e-05	-1.508278e-04	1.645288e-04
142           	2.232110e-02	1.156580e-02	1.075531e-02	-3.642093e-03	2.057244e-02	-2.421453e-02	2.239349e-02	4.052444e-04	-1.579364e-04	1.377337e-05	-1.510497e-04	1.648231e-04
143           	2.229613e-02	1.155323e-02	1.074290e-02	-3.642562e-03	2.054880e-02	-2.419137e-02	2.237009e-02	4.051613e-04	-1.581340e-04	1.388926e-05	-1.511894e-04	1.650787e-04
144           	2.227175e-02	1.154089e-02	1.073086e-02	-3.643015e-03	2.052573e-02	-2.416875e-02	2.234724e-02	4.050124e-04	-1.582717e-04	1.404855e-05	-1.512475e-04	1.652960e-04
145           	2.224794e-02	1.152877e-02	1.071917e-02	-3.643453e-03	2.050321e-02	-2.414667e-02	2.232494e-02	4.048016e-04	-1.583523e-04	1.424935e-05	-1.512276e-04	1.654770e-04
146           	2.222470e-02	1.151688e-02	1.070782e-02	-3.643877e-03	2.048123e-02	-2.412511e-02	2.230317e-02	4.045323e-04	-1.583787e-04	1.448947e-05	-1.511340e-04	1.656234e-04
147           	2.220201e-02	1.150521e-02	1.069679e-02	-3.644286e-03	2.045978e-02	-2.410407e-02	2.228192e-02	4.042088e-04	-1.583547e-04	1.476592e-05	-1.509718e-04	1.657377e-04
148           	2.217985e-02	1.149376e-02	1.068609e-02	-3.644681e-03	2.043884e-02	-2.408352e-02	2.226118e-02	4.038348e-04	-1.582839e-04	1.507580e-05	-1.507460e-04	1.658218e-04
149           	2.215822e-02	1.148252e-02	1.067570e-02	-3.645060e-03	2.041840e-02	-2.406346e-02	2.224093e-02	4.034105e-04	-1.581676e-04	1.541771e-05	-1.504587e-04	1.658765e-04
150           	2.213710e-02	1.147149e-02	1.066561e-02	-3.645428e-03	2.039846e-02	-2.404389e-02	2.222117e-02	4.029417e-04	-1.580108e-04	1.578804e-05	-1.501168e-04	1.659049e-04
151           	2.211649e-02	1.146067e-02	1.065582e-02	-3.645783e-03	2.037900e-02	-2.402479e-02	2.220190e-02	4.024297e-04	-1.578149e-04	1.618548e-05	-1.497221e-04	1.659076e-04
152           	2.209637e-02	1.145006e-02	1.064631e-02	-3.646127e-03	2.036002e-02	-2.400615e-02	2.218309e-02	4.018744e-04	-1.575801e-04	1.660964e-05	-1.492753e-04	1.658849e-04
153           	2.207674e-02	1.143965e-02	1.063710e-02	-3.646460e-03	2.034150e-02	-2.398796e-02	2.216473e-02	4.012755e-04	-1.573062e-04	1.706070e-05	-1.487758e-04	1.658365e-04
154           	2.205758e-02	1.142942e-02	1.062816e-02	-3.646781e-03	2.032344e-02	-2.397022e-02	2.214683e-02	4.006312e-04	-1.569915e-04	1.754006e-05	-1.482215e-04	1.657615e-04
155           	2.203888e-02	1.141938e-02	1.061950e-02	-3.647090e-03	2.030581e-02	-2.395290e-02	2.212936e-02	3.999411e-04	-1.566352e-04	1.804857e-05	-1.476109e-04	1.656595e-04
156           	2.202063e-02	1.140952e-02	1.061111e-02	-3.647388e-03	2.028862e-02	-2.393601e-02	2.211231e-02	3.992076e-04	-1.562388e-04	1.858528e-05	-1.469462e-04	1.655315e-04
157           	2.200281e-02	1.139984e-02	1.060297e-02	-3.647674e-03	2.027185e-02	-2.391952e-02	2.209568e-02	3.984352e-04	-1.558060e-04	1.914742e-05	-1.462323e-04	1.653797e-04
158           	2.198543e-02	1.139034e-02	1.059508e-02	-3.647949e-03	2.025548e-02	-2.390343e-02	2.207946e-02	3.976297e-04	-1.553412e-04	1.973193e-05	-1.454752e-04	1.652071e-04
159           	2.196847e-02	1.138103e-02	1.058743e-02	-3.648214e-03	2.023952e-02	-2.388774e-02	2.206363e-02	3.967981e-04	-1.548496e-04	2.033528e-05	-1.446819e-04	1.650172e-04
160           	2.195191e-02	1.137190e-02	1.058001e-02	-3.648467e-03	2.022395e-02	-2.387242e-02	2.204819e-02	3.959473e-04	-1.543367e-04	2.095373e-05	-1.438598e-04	1.648136e-04
161           	2.193576e-02	1.136296e-02	1.057280e-02	-3.648711e-03	2.020877e-02	-2.385748e-02	2.203313e-02	3.950828e-04	-1.538072e-04	2.158405e-05	-1.430152e-04	1.645992e-04
162           	2.192000e-02	1.135421e-02	1.056579e-02	-3.648946e-03	2.019397e-02	-2.384291e-02	2.201844e-02	3.942100e-04	-1.532657e-04	2.222285e-05	-1.421542e-04	1.643771e-04
163           	2.190463e-02	1.134565e-02	1.055898e-02	-3.649171e-03	2.017953e-02	-2.382870e-02	2.200411e-02	3.933319e-04	-1.527151e-04	2.286794e-05	-1.412811e-04	1.641490e-04
164           	2.188963e-02	1.133727e-02	1.055237e-02	-3.649387e-03	2.016545e-02	-2.381484e-02	2.199014e-02	3.924505e-04	-1.521573e-04	2.351788e-05	-1.403984e-04	1.639162e-04
165           	2.187500e-02	1.132906e-02	1.054594e-02	-3.649593e-03	2.015172e-02	-2.380131e-02	2.197652e-02	3.915625e-04	-1.515899e-04	2.417436e-05	-1.395027e-04	1.636771e-04
166           	2.186073e-02	1.132104e-02	1.053969e-02	-3.649791e-03	2.013834e-02	-2.378813e-02	2.196323e-02	3.906745e-04	-1.510192e-04	2.483246e-05	-1.386030e-04	1.634355e-04
167           	2.184681e-02	1.131319e-02	1.053362e-02	-3.649982e-03	2.012529e-02	-2.377527e-02	2.195028e-02	3.897859e-04	-1.504452e-04	2.549209e-05	-1.376992e-04	1.631913e-04
168           	2.183323e-02	1.130551e-02	1.052772e-02	-3.650166e-03	2.011258e-02	-2.376274e-02	2.193766e-02	3.888962e-04	-1.498677e-04	2.615324e-05	-1.367911e-04	1.629443e-04
169           	2.182000e-02	1.129800e-02	1.052199e-02	-3.650342e-03	2.010018e-02	-2.375053e-02	2.192535e-02	3.880051e-04	-1.492866e-04	2.681571e-05	-1.358788e-04	1.626945e-04
170           	2.180709e-02	1.129066e-02	1.051643e-02	-3.650511e-03	2.008810e-02	-2.373862e-02	2.191336e-02	3.871132e-04	-1.487028e-04	2.747841e-05	-1.349636e-04	1.624420e-04
171           	2.179450e-02	1.128347e-02	1.051103e-02	-3.650673e-03	2.007633e-02	-2.372701e-02	2.190167e-02	3.862211e-04	-1.481176e-04	2.814008e-05	-1.340475e-04	1.621876e-04
172           	2.178223e-02	1.127644e-02	1.050578e-02	-3.650828e-03	2.006486e-02	-2.371569e-02	2.189027e-02	3.853289e-04	-1.475314e-04	2.880001e-05	-1.331314e-04	1.619314e-04
173           	2.177026e-02	1.126957e-02	1.050069e-02	-3.650976e-03	2.005367e-02	-2.370465e-02	2.187916e-02	3.844367e-04	-1.469452e-04	2.945732e-05	-1.322166e-04	1.616739e-04
174           	2.175859e-02	1.126284e-02	1.049575e-02	-3.651118e-03	2.004277e-02	-2.369389e-02	2.186833e-02	3.835449e-04	-1.463594e-04	3.011141e-05	-1.313037e-04	1.614151e-04
175           	2.174721e-02	1.125626e-02	1.049095e-02	-3.651253e-03	2.003215e-02	-2.368341e-02	2.185778e-02	3.826529e-04	-1.457734e-04	3.076244e-05	-1.303922e-04	1.611547e-04
176           	2.173613e-02	1.124982e-02	1.048630e-02	-3.651382e-03	2.002182e-02	-2.367320e-02	2.184751e-02	3.817608e-04	-1.451849e-04	3.141464e-05	-1.294776e-04	1.608922e-04
177           	2.172532e-02	1.124353e-02	1.048179e-02	-3.651506e-03	2.001174e-02	-2.366325e-02	2.183750e-02	3.808670e-04	-1.445927e-04	3.206790e-05	-1.285588e-04	1.606267e-04
178           	2.171479e-02	1.123736e-02	1.047743e-02	-3.651623e-03	2.000193e-02	-2.365355e-02	2.182774e-02	3.799689e-04	-1.439949e-04	3.272251e-05	-1.276337e-04	1.603562e-04
179           	2.170452e-02	1.123132e-02	1.047320e-02	-3.651735e-03	1.999236e-02	-2.364410e-02	2.181823e-02	3.790632e-04	-1.433886e-04	3.337986e-05	-1.266986e-04	1.600785e-04
180           	2.169450e-02	1.122539e-02	1.046911e-02	-3.651840e-03	1.998304e-02	-2.363488e-02	2.180896e-02	3.781401e-04	-1.427640e-04	3.404704e-05	-1.257405e-04	1.597876e-04
181           	2.168474e-02	1.121958e-02	1.046517e-02	-3.651941e-03	1.997396e-02	-2.362590e-02	2.179993e-02	3.772036e-04	-1.421245e-04	3.472160e-05	-1.247637e-04	1.594853e-04
182           	2.167523e-02	1.121387e-02	1.046137e-02	-3.652037e-03	1.996511e-02	-2.361715e-02	2.179113e-02	3.762495e-04	-1.414660e-04	3.540695e-05	-1.237625e-04	1.591694e-04
183           	2.166597e-02	1.120826e-02	1.045771e-02	-3.652130e-03	1.995650e-02	-2.360863e-02	2.178257e-02	3.752751e-04	-1.407850e-04	3.610599e-05	-1.227320e-04	1.588380e-04
184           	2.165694e-02	1.120275e-02	1.045419e-02	-3.652219e-03	1.994812e-02	-2.360034e-02	2.177423e-02	3.742785e-04	-1.400804e-04	3.682009e-05	-1.216703e-04	1.584904e-04
185           	2.164815e-02	1.119733e-02	1.045082e-02	-3.652305e-03	1.993996e-02	-2.359226e-02	2.176611e-02	3.732591e-04	-1.393519e-04	3.754961e-05	-1.205771e-04	1.581267e-04
186           	2.163958e-02	1.119201e-02	1.044757e-02	-3.652387e-03	1.993201e-02	-2.358440e-02	2.175821e-02	3.722175e-04	-1.386013e-04	3.829335e-05	-1.194546e-04	1.577479e-04
187           	2.163124e-02	1.118677e-02	1.044446e-02	-3.652466e-03	1.992427e-02	-2.357674e-02	2.175051e-02	3.711552e-04	-1.378310e-04	3.904927e-05	-1.183064e-04	1.573556e-04
188           	2.162311e-02	1.118163e-02	1.044148e-02	-3.652541e-03	1.991674e-02	-2.356928e-02	2.174301e-02	3.700735e-04	-1.370435e-04	3.981548e-05	-1.171357e-04	1.569512e-04
189           	2.161518e-02	1.117657e-02	1.043862e-02	-3.652612e-03	1.990940e-02	-2.356201e-02	2.173570e-02	3.689735e-04	-1.362405e-04	4.059044e-05	-1.159453e-04	1.565358e-04
190           	2.160747e-02	1.117159e-02	1.043588e-02	-3.652679e-03	1.990225e-02	-2.355493e-02	2.172859e-02	3.678557e-04	-1.354235e-04	4.137304e-05	-1.147370e-04	1.561100e-04
191           	2.159995e-02	1.116670e-02	1.043325e-02	-3.652743e-03	1.989529e-02	-2.354804e-02	2.172167e-02	3.667210e-04	-1.345937e-04	4.216185e-05	-1.135128e-04	1.556746e-04
192           	2.159263e-02	1.116188e-02	1.043074e-02	-3.652805e-03	1.988852e-02	-2.354133e-02	2.171492e-02	3.655704e-04	-1.337525e-04	4.295562e-05	-1.122747e-04	1.552303e-04
193           	2.158550e-02	1.115715e-02	1.042835e-02	-3.652863e-03	1.988193e-02	-2.353479e-02	2.170836e-02	3.644042e-04	-1.329003e-04	4.375386e-05	-1.110234e-04	1.547772e-04
194           	2.157855e-02	1.115249e-02	1.042606e-02	-3.652917e-03	1.987551e-02	-2.352843e-02	2.170197e-02	3.632165e-04	-1.320312e-04	4.456101e-05	-1.097507e-04	1.543117e-04
195           	2.157179e-02	1.114791e-02	1.042388e-02	-3.652970e-03	1.986927e-02	-2.352224e-02	2.169575e-02	3.620157e-04	-1.311527e-04	4.537144e-05	-1.084670e-04	1.538384e-04
196           	2.156521e-02	1.114341e-02	1.042180e-02	-3.653021e-03	1.986319e-02	-2.351622e-02	2.168971e-02	3.608018e-04	-1.302643e-04	4.618563e-05	-1.071715e-04	1.533571e-04
197           	2.155881e-02	1.113898e-02	1.041983e-02	-3.653071e-03	1.985729e-02	-2.351036e-02	2.168382e-02	3.595741e-04	-1.293650e-04	4.700435e-05	-1.058628e-04	1.528672e-04
198           	2.155257e-02	1.113462e-02	1.041795e-02	-3.653119e-03	1.985154e-02	-2.350466e-02	2.167810e-02	3.583320e-04	-1.284541e-04	4.782827e-05	-1.045400e-04	1.523683e-04
199           	2.154651e-02	1.113033e-02	1.041618e-02	-3.653165e-03	1.984596e-02	-2.349912e-02	2.167254e-02	3.570755e-04	-1.275314e-04	4.865760e-05	-1.032026e-04	1.518602e-04
200           	2.154060e-02	1.112611e-02	1.041450e-02	-3.653210e-03	1.984052e-02	-2.349373e-02	2.166713e-02	3.558048e-04	-1.265971e-04	4.949226e-05	-1.018510e-04	1.513432e-04
201           	2.153485e-02	1.112195e-02	1.041291e-02	-3.653253e-03	1.983523e-02	-2.348849e-02	2.166186e-02	3.545207e-04	-1.256517e-04	5.033189e-05	-1.004858e-04	1.508177e-04
202           	2.152926e-02	1.111785e-02	1.041141e-02	-3.653294e-03	1.983009e-02	-2.348338e-02	2.165674e-02	3.532238e-04	-1.246961e-04	5.117599e-05	-9.910814e-05	1.502841e-04
203           	2.152381e-02	1.111382e-02	1.040999e-02	-3.653333e-03	1.982508e-02	-2.347842e-02	2.165175e-02	3.519154e-04	-1.237316e-04	5.202371e-05	-9.771976e-05	1.497435e-04
204           	2.151851e-02	1.110985e-02	1.040866e-02	-3.653370e-03	1.982022e-02	-2.347359e-02	2.164690e-02	3.505973e-04	-1.227599e-04	5.287383e-05	-9.632296e-05	1.491968e-04
205           	2.151335e-02	1.110595e-02	1.040740e-02	-3.653407e-03	1.981548e-02	-2.346889e-02	2.164218e-02	3.492710e-04	-1.217825e-04	5.372527e-05	-9.491990e-05	1.486452e-04
206           	2.150833e-02	1.110210e-02	1.040623e-02	-3.653442e-03	1.981088e-02	-2.346432e-02	2.163760e-02	3.479385e-04	-1.208011e-04	5.457697e-05	-9.351263e-05	1.480896e-04
207           	2.150344e-02	1.109831e-02	1.040513e-02	-3.653474e-03	1.980639e-02	-2.345986e-02	2.163313e-02	3.465949e-04	-1.198104e-04	5.543309e-05	-9.209383e-05	1.475269e-04
208           	2.149868e-02	1.109459e-02	1.040409e-02	-3.653506e-03	1.980203e-02	-2.345554e-02	2.162879e-02	3.452506e-04	-1.188205e-04	5.628591e-05	-9.067750e-05	1.469634e-04
209           	2.149406e-02	1.109094e-02	1.040312e-02	-3.653537e-03	1.979780e-02	-2.345134e-02	2.162457e-02	3.439066e-04	-1.178321e-04	5.713491e-05	-8.926463e-05	1.463995e-04
210           	2.148956e-02	1.108735e-02	1.040222e-02	-3.653569e-03	1.979369e-02	-2.344726e-02	2.162047e-02	3.425637e-04	-1.168457e-04	5.797977e-05	-8.785580e-05	1.458356e-04
211           	2.148519e-02	1.108382e-02	1.040137e-02	-3.653600e-03	1.978969e-02	-2.344329e-02	2.161649e-02	3.412226e-04	-1.158616e-04	5.882016e-05	-8.645154e-05	1.452717e-04
212           	2.148094e-02	1.108035e-02	1.040059e-02	-3.653631e-03	1.978581e-02	-2.343944e-02	2.161262e-02	3.398840e-04	-1.148802e-04	5.965586e-05	-8.505229e-05	1.447082e-04
213           	2.147681e-02	1.107695e-02	1.039985e-02	-3.653661e-03	1.978203e-02	-2.343569e-02	2.160886e-02	3.385482e-04	-1.139018e-04	6.048668e-05	-8.365842e-05	1.441451e-04
214           	2.147278e-02	1.107361e-02	1.039918e-02	-3.653690e-03	1.977836e-02	-2.343205e-02	2.160521e-02	3.372159e-04	-1.129266e-04	6.131245e-05	-8.227033e-05	1.435828e-04
215           	2.146887e-02	1.107032e-02	1.039855e-02	-3.653719e-03	1.977480e-02	-2.342852e-02	2.160166e-02	3.358877e-04	-1.119551e-04	6.213284e-05	-8.088870e-05	1.430215e-04
216           	2.146507e-02	1.106710e-02	1.039797e-02	-3.653747e-03	1.977133e-02	-2.342508e-02	2.159820e-02	3.345645e-04	-1.109882e-04	6.294731e-05	-7.951460e-05	1.424619e-04
217           	2.146137e-02	1.106393e-02	1.039744e-02	-3.653773e-03	1.976796e-02	-2.342174e-02	2.159485e-02	3.332475e-04	-1.100269e-04	6.375523e-05	-7.814925e-05	1.419045e-04
218           	2.145778e-02	1.106083e-02	1.039695e-02	-3.653800e-03	1.976469e-02	-2.341849e-02	2.159159e-02	3.319378e-04	-1.090719e-04	6.455604e-05	-7.679384e-05	1.413499e-04
219           	2.145428e-02	1.105778e-02	1.039650e-02	-3.653825e-03	1.976151e-02	-2.341533e-02	2.158842e-02	3.306369e-04	-1.081243e-04	6.534905e-05	-7.544973e-05	1.407988e-04
220           	2.145088e-02	1.105479e-02	1.039609e-02	-3.653850e-03	1.975842e-02	-2.341227e-02	2.158534e-02	3.293463e-04	-1.071853e-04	6.613340e-05	-7.411863e-05	1.402520e-04
221           	2.144758e-02	1.105186e-02	1.039572e-02	-3.653875e-03	1.975542e-02	-2.340929e-02	2.158236e-02	3.280674e-04	-1.062562e-04	6.690835e-05	-7.280202e-05	1.397104e-04
222           	2.144621e-02	1.105048e-02	1.039573e-02	-3.653978e-03	1.975422e-02	-2.340819e-02	2.158121e-02	3.273778e-04	-1.057932e-04	6.731677e-05	-7.213478e-05	1.394515e-04
223           	2.144503e-02	1.104962e-02	1.039541e-02	-3.654128e-03	1.975321e-02	-2.340734e-02	2.158027e-02	3.271014e-04	-1.056589e-04	6.746677e-05	-7.192552e-05	1.393923e-04
224           	2.144391e-02	1.104899e-02	1.039493e-02	-3.654288e-03	1.975226e-02	-2.340655e-02	2.157940e-02	3.270300e-04	-1.056842e-04	6.749024e-05	-7.193907e-05	1.394293e-04
225           	2.144275e-02	1.104835e-02	1.039440e-02	-3.654426e-03	1.975126e-02	-2.340569e-02	2.157847e-02	3.269775e-04	-1.057178e-04	6.750454e-05	-7.196553e-05	1.394701e-04
226           	2.144147e-02	1.104754e-02	1.039393e-02	-3.654519e-03	1.975013e-02	-2.340465e-02	2.157739e-02	3.268082e-04	-1.056492e-04	6.759514e-05	-7.185159e-05	1.394467e-04
227           	2.144003e-02	1.104646e-02	1.039357e-02	-3.654555e-03	1.974883e-02	-2.340338e-02	2.157610e-02	3.264459e-04	-1.054156e-04	6.781056e-05	-7.151034e-05	1.393209e-04
228           	2.143843e-02	1.104509e-02	1.039334e-02	-3.654538e-03	1.974736e-02	-2.340190e-02	2.157463e-02	3.258773e-04	-1.050078e-04	6.815757e-05	-7.092902e-05	1.390866e-04
229           	2.143673e-02	1.104349e-02	1.039324e-02	-3.654480e-03	1.974578e-02	-2.340026e-02	2.157302e-02	3.251260e-04	-1.044466e-04	6.861952e-05	-7.013688e-05	1.387564e-04
230           	2.143496e-02	1.104172e-02	1.039324e-02	-3.654396e-03	1.974413e-02	-2.339853e-02	2.157133e-02	3.242367e-04	-1.037682e-04	6.916887e-05	-6.918374e-05	1.383526e-04
231           	2.143318e-02	1.103986e-02	1.039332e-02	-3.654305e-03	1.974247e-02	-2.339677e-02	2.156962e-02	3.232672e-04	-1.030244e-04	6.976506e-05	-6.814187e-05	1.379069e-04
232           	2.143144e-02	1.103799e-02	1.039344e-02	-3.654223e-03	1.974085e-02	-2.339507e-02	2.156796e-02	3.222761e-04	-1.022639e-04	7.037135e-05	-6.707825e-05	1.374496e-04
233           	2.142977e-02	1.103620e-02	1.039358e-02	-3.654160e-03	1.973931e-02	-2.339347e-02	2.156639e-02	3.213116e-04	-1.015263e-04	7.095829e-05	-6.604715e-05	1.370054e-04
234           	2.142821e-02	1.103451e-02	1.039370e-02	-3.654123e-03	1.973788e-02	-2.339200e-02	2.156494e-02	3.204050e-04	-1.008372e-04	7.150725e-05	-6.508359e-05	1.365908e-04
235           	2.142674e-02	1.103294e-02	1.039380e-02	-3.654114e-03	1.973655e-02	-2.339066e-02	2.156360e-02	3.195708e-04	-1.002082e-04	7.201031e-05	-6.420308e-05	1.362134e-04
236           	2.142535e-02	1.103149e-02	1.039387e-02	-3.654126e-03	1.973531e-02	-2.338943e-02	2.156237e-02	3.188097e-04	-9.963957e-05	7.246813e-05	-6.340550e-05	1.358736e-04
237           	2.142404e-02	1.103013e-02	1.039391e-02	-3.654155e-03	1.973413e-02	-2.338829e-02	2.156121e-02	3.181126e-04	-9.912332e-05	7.288727e-05	-6.267968e-05	1.355670e-04
238           	2.142277e-02	1.102885e-02	1.039392e-02	-3.654191e-03	1.973301e-02	-2.338720e-02	2.156010e-02	3.174645e-04	-9.864688e-05	7.327756e-05	-6.200810e-05	1.352857e-04
239           	2.142152e-02	1.102761e-02	1.039391e-02	-3.654230e-03	1.973190e-02	-2.338613e-02	2.155902e-02	3.168526e-04	-9.820099e-05	7.364580e-05	-6.137809e-05	1.350239e-04
240           	2.142028e-02	1.102640e-02	1.039388e-02	-3.654262e-03	1.973080e-02	-2.338506e-02	2.155793e-02	3.162562e-04	-9.776709e-05	7.400586e-05	-6.076415e-05	1.347700e-04
241           	2.141902e-02	1.102517e-02	1.039385e-02	-3.654283e-03	1.972967e-02	-2.338396e-02	2.155682e-02	3.156593e-04	-9.733064e-05	7.436839e-05	-6.014645e-05	1.345148e-04
242           	2.141776e-02	1.102394e-02	1.039382e-02	-3.654294e-03	1.972854e-02	-2.338283e-02	2.155568e-02	3.150602e-04	-9.689274e-05	7.473176e-05	-5.952685e-05	1.342586e-04
243           	2.141649e-02	1.102270e-02	1.039379e-02	-3.654296e-03	1.972739e-02	-2.338168e-02	2.155453e-02	3.144562e-04	-9.645160e-05	7.509681e-05	-5.890320e-05	1.340000e-04
244           	2.141522e-02	1.102146e-02	1.039376e-02	-3.654291e-03	1.972623e-02	-2.338052e-02	2.155338e-02	3.138480e-04	-9.600798e-05	7.546257e-05	-5.827670e-05	1.337393e-04
245           	2.141395e-02	1.102022e-02	1.039374e-02	-3.654283e-03	1.972508e-02	-2.337937e-02	2.155223e-02	3.132381e-04	-9.556415e-05	7.582708e-05	-5.765060e-05	1.334777e-04
246           	2.141271e-02	1.101898e-02	1.039372e-02	-3.654275e-03	1.972395e-02	-2.337823e-02	2.155109e-02	3.126302e-04	-9.512293e-05	7.618816e-05	-5.702885e-05	1.332170e-04
247           	2.141149e-02	1.101777e-02	1.039372e-02	-3.654268e-03	1.972284e-02	-2.337711e-02	2.154998e-02	3.120277e-04	-9.468695e-05	7.654392e-05	-5.641498e-05	1.329589e-04
248           	2.141029e-02	1.101658e-02	1.039371e-02	-3.654264e-03	1.972176e-02	-2.337602e-02	2.154889e-02	3.114334e-04	-9.425810e-05	7.689314e-05	-5.581153e-05	1.327047e-04
249           	2.140913e-02	1.101541e-02	1.039372e-02	-3.654264e-03	1.972071e-02	-2.337497e-02	2.154784e-02	3.108490e-04	-9.383743e-05	7.723532e-05	-5.521977e-05	1.324551e-04
250           	2.140799e-02	1.101427e-02	1.039372e-02	-3.654268e-03	1.971968e-02	-2.337395e-02	2.154682e-02	3.102753e-04	-9.342508e-05	7.757062e-05	-5.463977e-05	1.322104e-04
251           	2.140688e-02	1.101315e-02	1.039373e-02	-3.654274e-03	1.971868e-02	-2.337296e-02	2.154582e-02	3.097121e-04	-9.302055e-05	7.789965e-05	-5.407072e-05	1.319704e-04
252           	2.140580e-02	1.101206e-02	1.039374e-02	-3.654282e-03	1.971771e-02	-2.337199e-02	2.154485e-02	3.091585e-04	-9.262296e-05	7.822327e-05	-5.351133e-05	1.317346e-04
253           	2.140473e-02	1.101098e-02	1.039375e-02	-3.654291e-03	1.971675e-02	-2.337104e-02	2.154389e-02	3.086134e-04	-9.223131e-05	7.854232e-05	-5.296015e-05	1.315025e-04
254           	2.140367e-02	1.100991e-02	1.039377e-02	-3.654297e-03	1.971580e-02	-2.337010e-02	2.154295e-02	3.080708e-04	-9.183716e-05	7.886401e-05	-5.240515e-05	1.312692e-04
255           	2.140264e-02	1.100885e-02	1.039378e-02	-3.654304e-03	1.971487e-02	-2.336917e-02	2.154202e-02	3.075363e-04	-9.144994e-05	7.918012e-05	-5.185988e-05	1.310400e-04
256           	2.140161e-02	1.100782e-02	1.039380e-02	-3.654309e-03	1.971395e-02	-2.336825e-02	2.154110e-02	3.070096e-04	-9.106939e-05	7.949078e-05	-5.132401e-05	1.308148e-04
257           	2.140060e-02	1.100679e-02	1.039381e-02	-3.654314e-03	1.971304e-02	-2.336735e-02	2.154020e-02	3.064900e-04	-9.069495e-05	7.979639e-05	-5.079676e-05	1.305931e-04
258           	2.139961e-02	1.100579e-02	1.039382e-02	-3.654320e-03	1.971215e-02	-2.336647e-02	2.153931e-02	3.059887e-04	-9.033820e-05	8.008783e-05	-5.029429e-05	1.303821e-04
259           	2.139864e-02	1.100481e-02	1.039383e-02	-3.654324e-03	1.971127e-02	-2.336559e-02	2.153843e-02	3.054888e-04	-8.998184e-05	8.037853e-05	-4.979257e-05	1.301711e-04
260           	2.139767e-02	1.100383e-02	1.039385e-02	-3.654328e-03	1.971040e-02	-2.336473e-02	2.153757e-02	3.049893e-04	-8.962486e-05	8.066920e-05	-4.929026e-05	1.299595e-04
261           	2.139672e-02	1.100285e-02	1.039387e-02	-3.654331e-03	1.970955e-02	-2.336388e-02	2.153671e-02	3.044901e-04	-8.926735e-05	8.095973e-05	-4.878749e-05	1.297472e-04
262           	2.139579e-02	1.100189e-02	1.039390e-02	-3.654334e-03	1.970871e-02	-2.336304e-02	2.153587e-02	3.039923e-04	-8.891016e-05	8.124948e-05	-4.828542e-05	1.295349e-04
263           	2.139487e-02	1.100093e-02	1.039394e-02	-3.654337e-03	1.970788e-02	-2.336222e-02	2.153505e-02	3.034972e-04	-8.855450e-05	8.153755e-05	-4.778572e-05	1.293233e-04
264           	2.139396e-02	1.099999e-02	1.039398e-02	-3.654340e-03	1.970707e-02	-2.336141e-02	2.153424e-02	3.030062e-04	-8.820162e-05	8.182303e-05	-4.729011e-05	1.291131e-04
265           	2.139308e-02	1.099906e-02	1.039402e-02	-3.654344e-03	1.970627e-02	-2.336061e-02	2.153344e-02	3.025206e-04	-8.785255e-05	8.210517e-05	-4.679996e-05	1.289051e-04
266           	2.139220e-02	1.099814e-02	1.039406e-02	-3.654347e-03	1.970548e-02	-2.335983e-02	2.153266e-02	3.020410e-04	-8.750792e-05	8.238355e-05	-4.631615e-05	1.286997e-04
267           	2.139135e-02	1.099724e-02	1.039410e-02	-3.654351e-03	1.970471e-02	-2.335906e-02	2.153189e-02	3.015678e-04	-8.716798e-05	8.265800e-05	-4.583897e-05	1.284970e-04
268           	2.139050e-02	1.099635e-02	1.039415e-02	-3.654354e-03	1.970395e-02	-2.335830e-02	2.153113e-02	3.010994e-04	-8.682694e-05	8.293411e-05	-4.535989e-05	1.282940e-04
269           	2.138967e-02	1.099547e-02	1.039420e-02	-3.654357e-03	1.970320e-02	-2.335756e-02	2.153038e-02	3.006371e-04	-8.649196e-05	8.320494e-05	-4.488949e-05	1.280944e-04
270           	2.138885e-02	1.099461e-02	1.039425e-02	-3.654360e-03	1.970247e-02	-2.335683e-02	2.152965e-02	3.001802e-04	-8.616242e-05	8.347091e-05	-4.442696e-05	1.278979e-04
271           	2.138805e-02	1.099375e-02	1.039430e-02	-3.654364e-03	1.970175e-02	-2.335612e-02	2.152893e-02	2.997277e-04	-8.583735e-05	8.373282e-05	-4.397095e-05	1.277038e-04
272           	2.138726e-02	1.099291e-02	1.039435e-02	-3.654368e-03	1.970105e-02	-2.335541e-02	2.152823e-02	2.992789e-04	-8.551571e-05	8.399150e-05	-4.351996e-05	1.275115e-04
273           	2.138649e-02	1.099208e-02	1.039441e-02	-3.654372e-03	1.970035e-02	-2.335472e-02	2.152754e-02	2.988331e-04	-8.519659e-05	8.424770e-05	-4.307274e-05	1.273204e-04
274           	2.138573e-02	1.099125e-02	1.039447e-02	-3.654376e-03	1.969967e-02	-2.335405e-02	2.152686e-02	2.983900e-04	-8.487941e-05	8.450194e-05	-4.262844e-05	1.271304e-04
275           	2.138498e-02	1.099044e-02	1.039454e-02	-3.654380e-03	1.969900e-02	-2.335338e-02	2.152619e-02	2.979495e-04	-8.456395e-05	8.475443e-05	-4.218674e-05	1.269412e-04
276           	2.138424e-02	1.098963e-02	1.039461e-02	-3.654383e-03	1.969834e-02	-2.335272e-02	2.152553e-02	2.975121e-04	-8.425037e-05	8.500511e-05	-4.174782e-05	1.267529e-04
277           	2.138351e-02	1.098884e-02	1.039468e-02	-3.654387e-03	1.969769e-02	-2.335207e-02	2.152488e-02	2.970782e-04	-8.393909e-05	8.525367e-05	-4.131226e-05	1.265659e-04
278           	2.138280e-02	1.098805e-02	1.039475e-02	-3.654390e-03	1.969705e-02	-2.335144e-02	2.152424e-02	2.966484e-04	-8.363069e-05	8.549972e-05	-4.088083e-05	1.263805e-04
279           	2.138210e-02	1.098727e-02	1.039483e-02	-3.654393e-03	1.969642e-02	-2.335081e-02	2.152362e-02	2.962234e-04	-8.332575e-05	8.574281e-05	-4.045435e-05	1.261972e-04
280           	2.138141e-02	1.098651e-02	1.039490e-02	-3.654397e-03	1.969580e-02	-2.335020e-02	2.152300e-02	2.958036e-04	-8.302481e-05	8.598257e-05	-4.003352e-05	1.260161e-04
281           	2.138073e-02	1.098576e-02	1.039498e-02	-3.654400e-03	1.969520e-02	-2.334960e-02	2.152240e-02	2.953895e-04	-8.272823e-05	8.621872e-05	-3.961887e-05	1.258376e-04
282           	2.138007e-02	1.098502e-02	1.039505e-02	-3.654403e-03	1.969460e-02	-2.334900e-02	2.152180e-02	2.949811e-04	-8.243620e-05	8.645112e-05	-3.921064e-05	1.256618e-04
283           	2.137942e-02	1.098429e-02	1.039513e-02	-3.654407e-03	1.969402e-02	-2.334842e-02	2.152122e-02	2.945786e-04	-8.214875e-05	8.667976e-05	-3.880887e-05	1.254886e-04
284           	2.137877e-02	1.098357e-02	1.039521e-02	-3.654411e-03	1.969344e-02	-2.334785e-02	2.152065e-02	2.941817e-04	-8.186574e-05	8.690475e-05	-3.841337e-05	1.253181e-04
285           	2.137814e-02	1.098286e-02	1.039528e-02	-3.654415e-03	1.969288e-02	-2.334729e-02	2.152009e-02	2.937902e-04	-8.158694e-05	8.712627e-05	-3.802380e-05	1.251501e-04
286           	2.137753e-02	1.098217e-02	1.039536e-02	-3.654418e-03	1.969233e-02	-2.334675e-02	2.151954e-02	2.934038e-04	-8.131208e-05	8.734451e-05	-3.763982e-05	1.249843e-04
287           	2.137692e-02	1.098148e-02	1.039544e-02	-3.654422e-03	1.969178e-02	-2.334621e-02	2.151899e-02	2.930223e-04	-8.104091e-05	8.755967e-05	-3.726108e-05	1.248208e-04
288           	2.137632e-02	1.098081e-02	1.039551e-02	-3.654426e-03	1.969125e-02	-2.334568e-02	2.151846e-02	2.926455e-04	-8.077321e-05	8.777192e-05	-3.688725e-05	1.246592e-04
289           	2.137573e-02	1.098014e-02	1.039559e-02	-3.654430e-03	1.969073e-02	-2.334516e-02	2.151794e-02	2.922731e-04	-8.050879e-05	8.798141e-05	-3.651809e-05	1.244995e-04
290           	2.137516e-02	1.097948e-02	1.039567e-02	-3.654434e-03	1.969021e-02	-2.334465e-02	2.151743e-02	2.919052e-04	-8.024756e-05	8.818822e-05	-3.615345e-05	1.243417e-04
291           	2.137459e-02	1.097884e-02	1.039575e-02	-3.654438e-03	1.968971e-02	-2.334414e-02	2.151693e-02	2.915417e-04	-7.998949e-05	8.839237e-05	-3.579330e-05	1.241857e-04
292           	2.137403e-02	1.097820e-02	1.039583e-02	-3.654442e-03	1.968921e-02	-2.334365e-02	2.151643e-02	2.911827e-04	-7.973462e-05	8.859385e-05	-3.543770e-05	1.240315e-04
293           	2.137349e-02	1.097757e-02	1.039591e-02	-3.654445e-03	1.968872e-02	-2.334317e-02	2.151595e-02	2.908283e-04	-7.948303e-05	8.879260e-05	-3.508673e-05	1.238793e-04
294           	2.137295e-02	1.097695e-02	1.039600e-02	-3.654449e-03	1.968824e-02	-2.334269e-02	2.151547e-02	2.904785e-04	-7.923481e-05	8.898857e-05	-3.474053e-05	1.237291e-04
295           	2.137242e-02	1.097634e-02	1.039608e-02	-3.654453e-03	1.968777e-02	-2.334223e-02	2.151500e-02	2.901334e-04	-7.899005e-05	8.918169e-05	-3.439920e-05	1.235809e-04
296           	2.137190e-02	1.097574e-02	1.039616e-02	-3.654457e-03	1.968731e-02	-2.334177e-02	2.151454e-02	2.897931e-04	-7.874881e-05	8.937192e-05	-3.406285e-05	1.234348e-04
297           	2.137140e-02	1.097516e-02	1.039624e-02	-3.654460e-03	1.968686e-02	-2.334132e-02	2.151409e-02	2.894576e-04	-7.851117e-05	8.955922e-05	-3.373156e-05	1.232908e-04
298           	2.137090e-02	1.097457e-02	1.039632e-02	-3.654464e-03	1.968642e-02	-2.334088e-02	2.151365e-02	2.891269e-04	-7.827716e-05	8.974357e-05	-3.340538e-05	1.231489e-04
299           	2.137041e-02	1.097400e-02	1.039640e-02	-3.654468e-03	1.968598e-02	-2.334045e-02	2.151321e-02	2.888011e-04	-7.804681e-05	8.992495e-05	-3.308434e-05	1.230093e-04
300           	2.136993e-02	1.097345e-02	1.039647e-02	-3.654473e-03	1.968555e-02	-2.334003e-02	2.151279e-02	2.884912e-04	-7.782599e-05	9.010019e-05	-3.277590e-05	1.228761e-04
301           	2.136945e-02	1.097290e-02	1.039656e-02	-3.654477e-03	1.968513e-02	-2.333961e-02	2.151237e-02	2.881712e-04	-7.760082e-05	9.027688e-05	-3.246238e-05	1.227393e-04
302           	2.136899e-02	1.097236e-02	1.039663e-02	-3.654481e-03	1.968472e-02	-2.333921e-02	2.151196e-02	2.878663e-04	-7.738463e-05	9.044783e-05	-3.216071e-05	1.226085e-04
303           	2.136854e-02	1.097183e-02	1.039671e-02	-3.654485e-03	1.968432e-02	-2.333881e-02	2.151156e-02	2.875626e-04	-7.716999e-05	9.061708e-05	-3.186145e-05	1.224785e-04
304           	2.136809e-02	1.097129e-02	1.039680e-02	-3.654489e-03	1.968392e-02	-2.333841e-02	2.151117e-02	2.872488e-04	-7.695091e-05	9.078789e-05	-3.155697e-05	1.223449e-04
305           	2.136765e-02	1.097078e-02	1.039687e-02	-3.654493e-03	1.968354e-02	-2.333803e-02	2.151078e-02	2.869515e-04	-7.674146e-05	9.095261e-05	-3.126516e-05	1.222178e-04
306           	2.136722e-02	1.097027e-02	1.039695e-02	-3.654497e-03	1.968315e-02	-2.333765e-02	2.151040e-02	2.866574e-04	-7.653473e-05	9.111494e-05	-3.097726e-05	1.220922e-04
307           	2.136680e-02	1.096977e-02	1.039703e-02	-3.654501e-03	1.968278e-02	-2.333728e-02	2.151003e-02	2.863667e-04	-7.633081e-05	9.127482e-05	-3.069340e-05	1.219682e-04
308           	2.136639e-02	1.096927e-02	1.039711e-02	-3.654505e-03	1.968241e-02	-2.333692e-02	2.150967e-02	2.860798e-04	-7.612991e-05	9.143215e-05	-3.041383e-05	1.218460e-04
309           	2.136598e-02	1.096879e-02	1.039719e-02	-3.654509e-03	1.968205e-02	-2.333656e-02	2.150931e-02	2.857970e-04	-7.593224e-05	9.158678e-05	-3.013885e-05	1.217256e-04
310           	2.136558e-02	1.096831e-02	1.039727e-02	-3.654513e-03	1.968170e-02	-2.333621e-02	2.150896e-02	2.855187e-04	-7.573803e-05	9.173861e-05	-2.986873e-05	1.216073e-04
311           	2.136519e-02	1.096784e-02	1.039735e-02	-3.654517e-03	1.968136e-02	-2.333587e-02	2.150861e-02	2.852452e-04	-7.554743e-05	9.188753e-05	-2.960367e-05	1.214912e-04
312           	2.136481e-02	1.096738e-02	1.039743e-02	-3.654522e-03	1.968102e-02	-2.333554e-02	2.150828e-02	2.849766e-04	-7.536053e-05	9.203351e-05	-2.934377e-05	1.213773e-04
313           	2.136443e-02	1.096693e-02	1.039750e-02	-3.654526e-03	1.968068e-02	-2.333521e-02	2.150795e-02	2.847130e-04	-7.517733e-05	9.217656e-05	-2.908905e-05	1.212656e-04
314           	2.136406e-02	1.096649e-02	1.039758e-02	-3.654530e-03	1.968036e-02	-2.333489e-02	2.150762e-02	2.844542e-04	-7.499775e-05	9.231675e-05	-2.883938e-05	1.211561e-04
315           	2.136370e-02	1.096605e-02	1.039765e-02	-3.654535e-03	1.968004e-02	-2.333457e-02	2.150731e-02	2.842001e-04	-7.482165e-05	9.245416e-05	-2.859457e-05	1.210487e-04
316           	2.136335e-02	1.096562e-02	1.039772e-02	-3.654539e-03	1.967973e-02	-2.333427e-02	2.150700e-02	2.839504e-04	-7.464886e-05	9.258894e-05	-2.835439e-05	1.209433e-04
317           	2.136300e-02	1.096520e-02	1.039780e-02	-3.654543e-03	1.967942e-02	-2.333397e-02	2.150669e-02	2.837049e-04	-7.447917e-05	9.272123e-05	-2.811856e-05	1.208398e-04
318           	2.136266e-02	1.096479e-02	1.039787e-02	-3.654548e-03	1.967912e-02	-2.333367e-02	2.150640e-02	2.834633e-04	-7.431240e-05	9.285114e-05	-2.788683e-05	1.207380e-04
319           	2.136233e-02	1.096439e-02	1.039794e-02	-3.654552e-03	1.967883e-02	-2.333338e-02	2.150610e-02	2.832254e-04	-7.414838e-05	9.297882e-05	-2.765897e-05	1.206378e-04
320           	2.136200e-02	1.096399e-02	1.039801e-02	-3.654556e-03	1.967854e-02	-2.333310e-02	2.150582e-02	2.829911e-04	-7.398699e-05	9.310435e-05	-2.743481e-05	1.205392e-04
321           	2.136168e-02	1.096360e-02	1.039808e-02	-3.654560e-03	1.967826e-02	-2.333282e-02	2.150554e-02	2.827603e-04	-7.382812e-05	9.322779e-05	-2.721422e-05	1.204420e-04
322           	2.136136e-02	1.096321e-02	1.039815e-02	-3.654565e-03	1.967798e-02	-2.333254e-02	2.150526e-02	2.825328e-04	-7.367173e-05	9.334919e-05	-2.699713e-05	1.203463e-04
323           	2.136105e-02	1.096284e-02	1.039822e-02	-3.654569e-03	1.967771e-02	-2.333228e-02	2.150499e-02	2.823086e-04	-7.351780e-05	9.346857e-05	-2.678351e-05	1.202521e-04
324           	2.136075e-02	1.096246e-02	1.039829e-02	-3.654573e-03	1.967744e-02	-2.333202e-02	2.150473e-02	2.820878e-04	-7.336632e-05	9.358594e-05	-2.657336e-05	1.201593e-04
325           	2.136046e-02	1.096210e-02	1.039836e-02	-3.654577e-03	1.967718e-02	-2.333176e-02	2.150447e-02	2.818704e-04	-7.321731e-05	9.370129e-05	-2.636667e-05	1.200680e-04
326           	2.136017e-02	1.096174e-02	1.039843e-02	-3.654582e-03	1.967693e-02	-2.333151e-02	2.150422e-02	2.816564e-04	-7.307076e-05	9.381464e-05	-2.616344e-05	1.199781e-04
327           	2.135988e-02	1.096139e-02	1.039850e-02	-3.654586e-03	1.967668e-02	-2.333126e-02	2.150397e-02	2.814457e-04	-7.292664e-05	9.392604e-05	-2.596362e-05	1.198897e-04
328           	2.135960e-02	1.096104e-02	1.039856e-02	-3.654590e-03	1.967643e-02	-2.333102e-02	2.150373e-02	2.812383e-04	-7.278486e-05	9.403554e-05	-2.576708e-05	1.198026e-04
329           	2.135933e-02	1.096070e-02	1.039863e-02	-3.654594e-03	1.967620e-02	-2.333079e-02	2.150349e-02	2.810340e-04	-7.264534e-05	9.414324e-05	-2.557372e-05	1.197170e-04
330           	2.135906e-02	1.096036e-02	1.039870e-02	-3.654598e-03	1.967596e-02	-2.333056e-02	2.150326e-02	2.808328e-04	-7.250801e-05	9.424918e-05	-2.538341e-05	1.196326e-04
331           	2.135880e-02	1.096004e-02	1.039877e-02	-3.654602e-03	1.967573e-02	-2.333034e-02	2.150303e-02	2.806347e-04	-7.237282e-05	9.435342e-05	-2.519611e-05	1.195495e-04
332           	2.135855e-02	1.095971e-02	1.039883e-02	-3.654607e-03	1.967551e-02	-2.333012e-02	2.150281e-02	2.804396e-04	-7.223972e-05	9.445597e-05	-2.501174e-05	1.194677e-04
333           	2.135830e-02	1.095940e-02	1.039890e-02	-3.654611e-03	1.967529e-02	-2.332990e-02	2.150259e-02	2.802474e-04	-7.210871e-05	9.455686e-05	-2.483028e-05	1.193871e-04
334           	2.135805e-02	1.095908e-02	1.039897e-02	-3.654615e-03	1.967508e-02	-2.332969e-02	2.150238e-02	2.800582e-04	-7.197976e-05	9.465609e-05	-2.465171e-05	1.193078e-04
335           	2.135781e-02	1.095878e-02	1.039903e-02	-3.654619e-03	1.967487e-02	-2.332948e-02	2.150217e-02	2.798718e-04	-7.185283e-05	9.475370e-05	-2.447598e-05	1.192297e-04
336           	2.135757e-02	1.095848e-02	1.039910e-02	-3.654623e-03	1.967466e-02	-2.332928e-02	2.150197e-02	2.796882e-04	-7.172790e-05	9.484972e-05	-2.430304e-05	1.191528e-04
337           	2.135734e-02	1.095818e-02	1.039916e-02	-3.654627e-03	1.967446e-02	-2.332909e-02	2.150177e-02	2.795074e-04	-7.160494e-05	9.494415e-05	-2.413287e-05	1.190770e-04
338           	2.135712e-02	1.095789e-02	1.039923e-02	-3.654631e-03	1.967426e-02	-2.332889e-02	2.150158e-02	2.793293e-04	-7.148392e-05	9.503704e-05	-2.396540e-05	1.190024e-04
339           	2.135690e-02	1.095760e-02	1.039930e-02	-3.654635e-03	1.967407e-02	-2.332871e-02	2.150139e-02	2.791538e-04	-7.136476e-05	9.512844e-05	-2.380055e-05	1.189290e-04
340           	2.135668e-02	1.095732e-02	1.039936e-02	-3.654639e-03	1.967388e-02	-2.332852e-02	2.150120e-02	2.789810e-04	-7.124742e-05	9.521840e-05	-2.363822e-05	1.188566e-04
341           	2.135647e-02	1.095705e-02	1.039943e-02	-3.654643e-03	1.967370e-02	-2.332834e-02	2.150102e-02	2.788107e-04	-7.113183e-05	9.530698e-05	-2.347834e-05	1.187853e-04
342           	2.135627e-02	1.095678e-02	1.039949e-02	-3.654647e-03	1.967352e-02	-2.332817e-02	2.150084e-02	2.786429e-04	-7.101795e-05	9.539422e-05	-2.332084e-05	1.187151e-04
343           	2.135606e-02	1.095651e-02	1.039955e-02	-3.654650e-03	1.967334e-02	-2.332800e-02	2.150067e-02	2.784775e-04	-7.090572e-05	9.548016e-05	-2.316564e-05	1.186458e-04
344           	2.135587e-02	1.095625e-02	1.039962e-02	-3.654654e-03	1.967317e-02	-2.332783e-02	2.150050e-02	2.783145e-04	-7.079509e-05	9.556485e-05	-2.301266e-05	1.185775e-04
345           	2.135567e-02	1.095599e-02	1.039968e-02	-3.654658e-03	1.967301e-02	-2.332766e-02	2.150033e-02	2.781538e-04	-7.068602e-05	9.564832e-05	-2.286186e-05	1.185102e-04
346           	2.135549e-02	1.095574e-02	1.039975e-02	-3.654662e-03	1.967284e-02	-2.332750e-02	2.150017e-02	2.779954e-04	-7.057847e-05	9.573060e-05	-2.271317e-05	1.184438e-04
347           	2.135530e-02	1.095549e-02	1.039981e-02	-3.654666e-03	1.967268e-02	-2.332735e-02	2.150002e-02	2.778393e-04	-7.047244e-05	9.581169e-05	-2.256660e-05	1.183783e-04
348           	2.135512e-02	1.095525e-02	1.039988e-02	-3.654669e-03	1.967253e-02	-2.332720e-02	2.149986e-02	2.776854e-04	-7.036794e-05	9.589158e-05	-2.242214e-05	1.183137e-04
349           	2.135495e-02	1.095501e-02	1.039994e-02	-3.654673e-03	1.967237e-02	-2.332705e-02	2.149971e-02	2.775337e-04	-7.026491e-05	9.597031e-05	-2.227975e-05	1.182501e-04
350           	2.135477e-02	1.095477e-02	1.040000e-02	-3.654677e-03	1.967223e-02	-2.332690e-02	2.149956e-02	2.773841e-04	-7.016333e-05	9.604790e-05	-2.213938e-05	1.181873e-04
351           	2.135461e-02	1.095454e-02	1.040007e-02	-3.654680e-03	1.967208e-02	-2.332676e-02	2.149942e-02	2.772367e-04	-7.006320e-05	9.612437e-05	-2.200102e-05	1.181254e-04
352           	2.135444e-02	1.095431e-02	1.040013e-02	-3.654684e-03	1.967194e-02	-2.332662e-02	2.149928e-02	2.770914e-04	-6.996448e-05	9.619973e-05	-2.186462e-05	1.180643e-04
353           	2.135428e-02	1.095409e-02	1.040019e-02	-3.654687e-03	1.967180e-02	-2.332649e-02	2.149914e-02	2.769481e-04	-6.986714e-05	9.627404e-05	-2.173012e-05	1.180042e-04
354           	2.135413e-02	1.095387e-02	1.040026e-02	-3.654691e-03	1.967167e-02	-2.332636e-02	2.149901e-02	2.768068e-04	-6.977112e-05	9.634733e-05	-2.159745e-05	1.179448e-04
355           	2.135397e-02	1.095365e-02	1.040032e-02	-3.654694e-03	1.967153e-02	-2.332623e-02	2.149888e-02	2.766675e-04	-6.967637e-05	9.641965e-05	-2.146654e-05	1.178862e-04
356           	2.135382e-02	1.095344e-02	1.040038e-02	-3.654698e-03	1.967141e-02	-2.332610e-02	2.149876e-02	2.765301e-04	-6.958283e-05	9.649106e-05	-2.133730e-05	1.178284e-04
357           	2.135368e-02	1.095323e-02	1.040045e-02	-3.654701e-03	1.967128e-02	-2.332598e-02	2.149863e-02	2.763945e-04	-6.949045e-05	9.656159e-05	-2.120966e-05	1.177712e-04
358           	2.135354e-02	1.095303e-02	1.040051e-02	-3.654704e-03	1.967116e-02	-2.332586e-02	2.149851e-02	2.762607e-04	-6.939920e-05	9.663129e-05	-2.108356e-05	1.177148e-04
359           	2.135340e-02	1.095283e-02	1.040057e-02	-3.654707e-03	1.967104e-02	-2.332575e-02	2.149839e-02	2.761287e-04	-6.930904e-05	9.670017e-05	-2.095895e-05	1.176591e-04
360           	2.135326e-02	1.095263e-02	1.040063e-02	-3.654711e-03	1.967093e-02	-2.332564e-02	2.149828e-02	2.759984e-04	-6.921993e-05	9.676828e-05	-2.083579e-05	1.176041e-04
361           	2.135313e-02	1.095244e-02	1.040070e-02	-3.654714e-03	1.967081e-02	-2.332553e-02	2.149817e-02	2.758699e-04	-6.913185e-05	9.683563e-05	-2.071404e-05	1.175497e-04
362           	2.135301e-02	1.095225e-02	1.040076e-02	-3.654717e-03	1.967070e-02	-2.332542e-02	2.149806e-02	2.757430e-04	-6.904477e-05	9.690223e-05	-2.059366e-05	1.174959e-04
363           	2.135288e-02	1.095206e-02	1.040082e-02	-3.654720e-03	1.967060e-02	-2.332532e-02	2.149796e-02	2.756177e-04	-6.895870e-05	9.696809e-05	-2.047466e-05	1.174427e-04
364           	2.135276e-02	1.095187e-02	1.040089e-02	-3.654723e-03	1.967049e-02	-2.332522e-02	2.149785e-02	2.754941e-04	-6.887363e-05	9.703321e-05	-2.035703e-05	1.173902e-04
365           	2.135264e-02	1.095169e-02	1.040095e-02	-3.654726e-03	1.967039e-02	-2.332512e-02	2.149775e-02	2.753721e-04	-6.878956e-05	9.709757e-05	-2.024078e-05	1.173384e-04
366           	2.135252e-02	1.095151e-02	1.040101e-02	-3.654729e-03	1.967029e-02	-2.332502e-02	2.149766e-02	2.752516e-04	-6.870650e-05	9.716118e-05	-2.012591e-05	1.172871e-04
367           	2.135241e-02	1.095134e-02	1.040107e-02	-3.654732e-03	1.967020e-02	-2.332493e-02	2.149756e-02	2.751328e-04	-6.862443e-05	9.722405e-05	-2.001240e-05	1.172365e-04
368           	2.135230e-02	1.095117e-02	1.040114e-02	-3.654735e-03	1.967010e-02	-2.332484e-02	2.149747e-02	2.750154e-04	-6.854333e-05	9.728620e-05	-1.990023e-05	1.171864e-04
369           	2.135220e-02	1.095100e-02	1.040120e-02	-3.654738e-03	1.967001e-02	-2.332475e-02	2.149738e-02	2.748996e-04	-6.846316e-05	9.734765e-05	-1.978934e-05	1.171370e-04
370           	2.135209e-02	1.095083e-02	1.040126e-02	-3.654741e-03	1.966993e-02	-2.332467e-02	2.149730e-02	2.747852e-04	-6.838389e-05	9.740845e-05	-1.967967e-05	1.170881e-04
371           	2.135199e-02	1.095067e-02	1.040132e-02	-3.654744e-03	1.966984e-02	-2.332458e-02	2.149721e-02	2.746723e-04	-6.830548e-05	9.746863e-05	-1.957117e-05	1.170398e-04
372           	2.135189e-02	1.095051e-02	1.040139e-02	-3.654746e-03	1.966976e-02	-2.332450e-02	2.149713e-02	2.745608e-04	-6.822792e-05	9.752821e-05	-1.946381e-05	1.169920e-04
373           	2.135180e-02	1.095035e-02	1.040145e-02	-3.654749e-03	1.966968e-02	-2.332443e-02	2.149705e-02	2.744506e-04	-6.815119e-05	9.758720e-05	-1.935759e-05	1.169448e-04
374           	2.135171e-02	1.095020e-02	1.040151e-02	-3.654752e-03	1.966960e-02	-2.332435e-02	2.149698e-02	2.743418e-04	-6.807531e-05	9.764559e-05	-1.925251e-05	1.168981e-04
375           	2.135162e-02	1.095004e-02	1.040157e-02	-3.654754e-03	1.966952e-02	-2.332428e-02	2.149690e-02	2.742344e-04	-6.800027e-05	9.770337e-05	-1.914858e-05	1.168520e-04
376           	2.135153e-02	1.094989e-02	1.040164e-02	-3.654757e-03	1.966945e-02	-2.332421e-02	2.149683e-02	2.741284e-04	-6.792608e-05	9.776055e-05	-1.904581e-05	1.168064e-04
377           	2.135145e-02	1.094975e-02	1.040170e-02	-3.654759e-03	1.966938e-02	-2.332414e-02	2.149676e-02	2.740237e-04	-6.785275e-05	9.781713e-05	-1.894419e-05	1.167613e-04
378           	2.135136e-02	1.094960e-02	1.040176e-02	-3.654762e-03	1.966931e-02	-2.332407e-02	2.149669e-02	2.739204e-04	-6.778028e-05	9.787309e-05	-1.884373e-05	1.167168e-04
379           	2.135128e-02	1.094946e-02	1.040182e-02	-3.654764e-03	1.966925e-02	-2.332401e-02	2.149663e-02	2.738184e-04	-6.770866e-05	9.792844e-05	-1.874444e-05	1.166729e-04
380           	2.135121e-02	1.094932e-02	1.040189e-02	-3.654767e-03	1.966918e-02	-2.332395e-02	2.149656e-02	2.737177e-04	-6.763791e-05	9.798317e-05	-1.864632e-05	1.166295e-04
381           	2.135113e-02	1.094918e-02	1.040195e-02	-3.654769e-03	1.966912e-02	-2.332389e-02	2.149650e-02	2.736184e-04	-6.756802e-05	9.803728e-05	-1.854938e-05	1.165867e-04
382           	2.135106e-02	1.094905e-02	1.040201e-02	-3.654772e-03	1.966906e-02	-2.332383e-02	2.149644e-02	2.735203e-04	-6.749900e-05	9.809076e-05	-1.845362e-05	1.165444e-04
383           	2.135099e-02	1.094892e-02	1.040207e-02	-3.654774e-03	1.966900e-02	-2.332377e-02	2.149639e-02	2.734236e-04	-6.743083e-05	9.814363e-05	-1.835902e-05	1.165026e-04
384           	2.135092e-02	1.094879e-02	1.040213e-02	-3.654776e-03	1.966894e-02	-2.332372e-02	2.149633e-02	2.733282e-04	-6.736352e-05	9.819587e-05	-1.826558e-05	1.164614e-04
385           	2.135086e-02	1.094867e-02	1.040219e-02	-3.654779e-03	1.966889e-02	-2.332367e-02	2.149628e-02	2.732432e-04	-6.730205e-05	9.824502e-05	-1.817954e-05	1.164246e-04
386           	2.135079e-02	1.094854e-02	1.040225e-02	-3.654781e-03	1.966884e-02	-2.332362e-02	2.149623e-02	2.731472e-04	-6.723463e-05	9.829699e-05	-1.808613e-05	1.163831e-04
387           	2.135073e-02	1.094842e-02	1.040231e-02	-3.654783e-03	1.966879e-02	-2.332357e-02	2.149618e-02	2.730520e-04	-6.716768e-05	9.834858e-05	-1.799338e-05	1.163420e-04
388           	2.135067e-02	1.094830e-02	1.040237e-02	-3.654785e-03	1.966874e-02	-2.332353e-02	2.149613e-02	2.729673e-04	-6.710660e-05	9.839712e-05	-1.790804e-05	1.163052e-04
389           	2.135062e-02	1.094818e-02	1.040244e-02	-3.654787e-03	1.966869e-02	-2.332348e-02	2.149609e-02	2.728724e-04	-6.703992e-05	9.844824e-05	-1.781580e-05	1.162640e-04
390           	2.135056e-02	1.094807e-02	1.040249e-02	-3.654789e-03	1.966865e-02	-2.332344e-02	2.149604e-02	2.727882e-04	-6.697929e-05	9.849623e-05	-1.773117e-05	1.162274e-04
391           	2.135051e-02	1.094796e-02	1.040255e-02	-3.654792e-03	1.966861e-02	-2.332340e-02	2.149600e-02	2.727035e-04	-6.691847e-05	9.854414e-05	-1.764640e-05	1.161905e-04
392           	2.135046e-02	1.094784e-02	1.040262e-02	-3.654793e-03	1.966856e-02	-2.332336e-02	2.149596e-02	2.726090e-04	-6.685242e-05	9.859436e-05	-1.755524e-05	1.161496e-04
393           	2.135041e-02	1.094773e-02	1.040268e-02	-3.654795e-03	1.966852e-02	-2.332332e-02	2.149592e-02	2.725262e-04	-6.679294e-05	9.864118e-05	-1.747235e-05	1.161135e-04
394           	2.135036e-02	1.094762e-02	1.040274e-02	-3.654797e-03	1.966849e-02	-2.332328e-02	2.149589e-02	2.724438e-04	-6.673396e-05	9.868752e-05	-1.739020e-05	1.160777e-04
395           	2.135031e-02	1.094752e-02	1.040280e-02	-3.654799e-03	1.966845e-02	-2.332325e-02	2.149585e-02	2.723619e-04	-6.667542e-05	9.873342e-05	-1.730870e-05	1.160421e-04
396           	2.135027e-02	1.094741e-02	1.040286e-02	-3.654800e-03	1.966841e-02	-2.332321e-02	2.149581e-02	2.722722e-04	-6.661054e-05	9.878422e-05	-1.721843e-05	1.160026e-04
397           	2.135023e-02	1.094730e-02	1.040293e-02	-3.654801e-03	1.966838e-02	-2.332318e-02	2.149578e-02	2.721864e-04	-6.654883e-05	9.883250e-05	-1.713258e-05	1.159651e-04
398           	2.135019e-02	1.094720e-02	1.040299e-02	-3.654803e-03	1.966835e-02	-2.332315e-02	2.149575e-02	2.721044e-04	-6.649016e-05	9.887841e-05	-1.705095e-05	1.159294e-04
399           	2.135015e-02	1.094710e-02	1.040305e-02	-3.654805e-03	1.966832e-02	-2.332312e-02	2.149572e-02	2.720259e-04	-6.643415e-05	9.892228e-05	-1.697301e-05	1.158953e-04
400           	2.135011e-02	1.094701e-02	1.040311e-02	-3.654806e-03	1.966829e-02	-2.332310e-02	2.149569e-02	2.719501e-04	-6.638029e-05	9.896453e-05	-1.689802e-05	1.158626e-04
401           	2.135008e-02	1.094691e-02	1.040317e-02	-3.654807e-03	1.966826e-02	-2.332307e-02	2.149567e-02	2.718685e-04	-6.632142e-05	9.901080e-05	-1.681602e-05	1.158268e-04
402           	2.135004e-02	1.094681e-02	1.040323e-02	-3.654809e-03	1.966824e-02	-2.332304e-02	2.149564e-02	2.717919e-04	-6.626639e-05	9.905417e-05	-1.673930e-05	1.157935e-04
403           	2.135001e-02	1.094672e-02	1.040329e-02	-3.654811e-03	1.966821e-02	-2.332302e-02	2.149562e-02	2.717196e-04	-6.621463e-05	9.909507e-05	-1.666710e-05	1.157622e-04
404           	2.134998e-02	1.094663e-02	1.040335e-02	-3.654812e-03	1.966819e-02	-2.332300e-02	2.149559e-02	2.716425e-04	-6.615877e-05	9.913931e-05	-1.658911e-05	1.157284e-04
405           	2.134995e-02	1.094655e-02	1.040340e-02	-3.654814e-03	1.966817e-02	-2.332298e-02	2.149557e-02	2.715711e-04	-6.610732e-05	9.918018e-05	-1.651723e-05	1.156974e-04
406           	2.134992e-02	1.094647e-02	1.040346e-02	-3.654816e-03	1.966815e-02	-2.332296e-02	2.149556e-02	2.715041e-04	-6.605936e-05	9.921839e-05	-1.645016e-05	1.156686e-04
407           	2.134990e-02	1.094638e-02	1.040352e-02	-3.654817e-03	1.966813e-02	-2.332294e-02	2.149554e-02	2.714324e-04	-6.600728e-05	9.925991e-05	-1.637732e-05	1.156372e-04
408           	2.134987e-02	1.094630e-02	1.040357e-02	-3.654819e-03	1.966811e-02	-2.332293e-02	2.149552e-02	2.713659e-04	-6.595930e-05	9.929826e-05	-1.631017e-05	1.156084e-04
409           	2.134985e-02	1.094622e-02	1.040363e-02	-3.654820e-03	1.966809e-02	-2.332291e-02	2.149550e-02	2.712953e-04	-6.590780e-05	9.933944e-05	-1.623808e-05	1.155775e-04
410           	2.134983e-02	1.094615e-02	1.040368e-02	-3.654822e-03	1.966808e-02	-2.332290e-02	2.149549e-02	2.712305e-04	-6.586091e-05	9.937701e-05	-1.617240e-05	1.155494e-04
411           	2.134981e-02	1.094607e-02	1.040374e-02	-3.654823e-03	1.966807e-02	-2.332289e-02	2.149548e-02	2.711621e-04	-6.581082e-05	9.941715e-05	-1.610225e-05	1.155194e-04
412           	2.134979e-02	1.094599e-02	1.040380e-02	-3.654825e-03	1.966805e-02	-2.332288e-02	2.149547e-02	2.710998e-04	-6.576552e-05	9.945354e-05	-1.603875e-05	1.154923e-04
413           	2.134977e-02	1.094592e-02	1.040385e-02	-3.654826e-03	1.966804e-02	-2.332287e-02	2.149545e-02	2.710339e-04	-6.571710e-05	9.949243e-05	-1.597089e-05	1.154633e-04
414           	2.134976e-02	1.094585e-02	1.040390e-02	-3.654828e-03	1.966803e-02	-2.332286e-02	2.149545e-02	2.709739e-04	-6.567341e-05	9.952762e-05	-1.590960e-05	1.154372e-04
415           	2.134974e-02	1.094578e-02	1.040396e-02	-3.654829e-03	1.966802e-02	-2.332285e-02	2.149544e-02	2.709105e-04	-6.562659e-05	9.956533e-05	-1.584392e-05	1.154093e-04
416           	2.134973e-02	1.094572e-02	1.040401e-02	-3.654832e-03	1.966801e-02	-2.332285e-02	2.149543e-02	2.708528e-04	-6.558430e-05	9.959950e-05	-1.578455e-05	1.153840e-04
417           	2.134972e-02	1.094565e-02	1.040407e-02	-3.654833e-03	1.966801e-02	-2.332284e-02	2.149542e-02	2.707915e-04	-6.553881e-05	9.963625e-05	-1.572069e-05	1.153569e-04
418           	2.134970e-02	1.094558e-02	1.040412e-02	-3.654834e-03	1.966800e-02	-2.332283e-02	2.149542e-02	2.707280e-04	-6.549121e-05	9.967473e-05	-1.565385e-05	1.153286e-04
419           	2.134969e-02	1.094552e-02	1.040418e-02	-3.654836e-03	1.966800e-02	-2.332283e-02	2.149541e-02	2.706714e-04	-6.544922e-05	9.970881e-05	-1.559482e-05	1.153036e-04
420           	2.134969e-02	1.094546e-02	1.040423e-02	-3.654837e-03	1.966799e-02	-2.332283e-02	2.149541e-02	2.706123e-04	-6.540492e-05	9.974479e-05	-1.553252e-05	1.152773e-04
421           	2.134968e-02	1.094539e-02	1.040429e-02	-3.654838e-03	1.966799e-02	-2.332283e-02	2.149541e-02	2.705517e-04	-6.535911e-05	9.978201e-05	-1.546811e-05	1.152501e-04
422           	2.134967e-02	1.094533e-02	1.040434e-02	-3.654840e-03	1.966799e-02	-2.332283e-02	2.149541e-02	2.704983e-04	-6.531922e-05	9.981459e-05	-1.541193e-05	1.152265e-04
423           	2.134967e-02	1.094528e-02	1.040439e-02	-3.654842e-03	1.966799e-02	-2.332283e-02	2.149541e-02	2.704427e-04	-6.527718e-05	9.984893e-05	-1.535272e-05	1.152016e-04
424           	2.134966e-02	1.094522e-02	1.040444e-02	-3.654843e-03	1.966799e-02	-2.332283e-02	2.149541e-02	2.703855e-04	-6.523367e-05	9.988449e-05	-1.529143e-05	1.151759e-04
425           	2.134966e-02	1.094516e-02	1.040449e-02	-3.654845e-03	1.966799e-02	-2.332283e-02	2.149541e-02	2.703353e-04	-6.519583e-05	9.991558e-05	-1.523804e-05	1.151536e-04
426           	2.134966e-02	1.094511e-02	1.040455e-02	-3.654846e-03	1.966799e-02	-2.332284e-02	2.149541e-02	2.702825e-04	-6.515571e-05	9.994853e-05	-1.518144e-05	1.151300e-04
427           	2.134965e-02	1.094506e-02	1.040460e-02	-3.654848e-03	1.966799e-02	-2.332284e-02	2.149542e-02	2.702281e-04	-6.511395e-05	9.998284e-05	-1.512253e-05	1.151054e-04
428           	2.134965e-02	1.094500e-02	1.040465e-02	-3.654849e-03	1.966800e-02	-2.332285e-02	2.149542e-02	2.701728e-04	-6.507125e-05	1.000180e-04	-1.506228e-05	1.150802e-04
429           	2.134965e-02	1.094494e-02	1.040471e-02	-3.654850e-03	1.966800e-02	-2.332285e-02	2.149543e-02	2.701173e-04	-6.502826e-05	1.000534e-04	-1.500158e-05	1.150549e-04
430           	2.134966e-02	1.094490e-02	1.040476e-02	-3.654852e-03	1.966801e-02	-2.332286e-02	2.149543e-02	2.700698e-04	-6.499189e-05	1.000835e-04	-1.495015e-05	1.150336e-04
431           	2.134966e-02	1.094485e-02	1.040481e-02	-3.654854e-03	1.966801e-02	-2.332287e-02	2.149544e-02	2.700207e-04	-6.495398e-05	1.001149e-04	-1.489654e-05	1.150114e-04
