# Force and moment coefficients
# dragDir     : (1.000000e+00 0.000000e+00 0.000000e+00)
# sideDir     : (0.000000e+00 1.000000e+00 0.000000e+00)
# liftDir     : (0.000000e+00 0.000000e+00 1.000000e+00)
# rollAxis    : (1.000000e+00 0.000000e+00 0.000000e+00)
# pitchAxis   : (0.000000e+00 1.000000e+00 0.000000e+00)
# yawAxis     : (0.000000e+00 0.000000e+00 1.000000e+00)
# magUInf     : 6.661800e+00
# lRef        : 1.499270e-01
# Aref        : 5.000000e-02
# CofR        : (3.750000e-02 0.000000e+00 0.000000e+00)
#
# Time        	Cd            	Cd(f)         	Cd(r)         	Cl            	Cl(f)         	Cl(r)         	CmPitch       	CmRoll        	CmYaw         	Cs            	Cs(f)         	Cs(r)         
1             	1.765563e-01	8.811178e-02	8.844447e-02	-3.628079e-02	9.029827e-02	-1.265791e-01	1.084387e-01	-1.663425e-04	4.911347e-04	5.843243e-04	7.832969e-04	-1.989725e-04
2             	1.417911e-01	7.075501e-02	7.103609e-02	-4.567978e-02	7.267982e-02	-1.183596e-01	9.551971e-02	-1.405400e-04	4.413364e-04	5.505054e-04	7.165891e-04	-1.660837e-04
3             	1.149851e-01	5.739893e-02	5.758616e-02	-4.490209e-02	5.835317e-02	-1.032553e-01	8.080422e-02	-9.361734e-05	3.319359e-04	4.369929e-04	5.504324e-04	-1.134394e-04
4             	9.134575e-02	4.562779e-02	4.571797e-02	-3.669618e-02	4.530034e-02	-8.199652e-02	6.364843e-02	-4.509130e-05	2.124850e-04	3.006588e-04	3.628144e-04	-6.215557e-05
5             	6.985982e-02	3.491914e-02	3.494068e-02	-2.438594e-02	3.332664e-02	-5.771259e-02	4.551961e-02	-1.076813e-05	1.220363e-04	1.881379e-04	2.161052e-04	-2.796731e-05
6             	5.117893e-02	2.558982e-02	2.558911e-02	-1.121507e-02	2.300005e-02	-3.421512e-02	2.860758e-02	3.567274e-07	8.401241e-05	1.293832e-04	1.487040e-04	-1.932080e-05
7             	3.627941e-02	1.812646e-02	1.815295e-02	2.356848e-04	1.495432e-02	-1.471863e-02	1.483647e-02	-1.324724e-05	1.040903e-04	1.348293e-04	1.715050e-04	-3.667563e-05
8             	2.577178e-02	1.283967e-02	1.293211e-02	8.355813e-03	9.539528e-03	-1.183714e-03	5.361621e-03	-4.622051e-05	1.717470e-04	1.964216e-04	2.699578e-04	-7.353617e-05
9             	1.963513e-02	9.727937e-03	9.907194e-03	1.256378e-02	6.695072e-03	5.868711e-03	4.131802e-04	-8.962853e-05	2.672874e-04	2.946800e-04	4.146274e-04	-1.199474e-04
10            	1.726439e-02	8.498403e-03	8.765985e-03	1.313863e-02	6.005049e-03	7.133582e-03	-5.642668e-04	-1.337907e-04	3.681190e-04	4.056251e-04	5.709316e-04	-1.653065e-04
11            	1.765962e-02	8.659167e-03	9.000450e-03	1.094363e-02	6.826264e-03	4.117365e-03	1.354450e-03	-1.706413e-04	4.544486e-04	5.069758e-04	7.079364e-04	-2.009607e-04
12            	1.967491e-02	9.641673e-03	1.003324e-02	7.110748e-03	8.447173e-03	-1.336425e-03	4.891799e-03	-1.957826e-04	5.140978e-04	5.836211e-04	8.059083e-04	-2.222872e-04
13            	2.224704e-02	1.091528e-02	1.133176e-02	2.758070e-03	1.022948e-02	-7.471413e-03	8.850448e-03	-2.082398e-04	5.428358e-04	6.286831e-04	8.571773e-04	-2.284942e-04
14            	2.454983e-02	1.206500e-02	1.248483e-02	-1.207999e-03	1.169872e-02	-1.290672e-02	1.230272e-02	-2.099159e-04	5.437452e-04	6.432065e-04	8.653485e-04	-2.221420e-04
15            	2.607019e-02	1.283086e-02	1.323933e-02	-4.200097e-03	1.258391e-02	-1.678400e-02	1.468395e-02	-2.042356e-04	5.242197e-04	6.333191e-04	8.408792e-04	-2.075601e-04
16            	2.661008e-02	1.310982e-02	1.350026e-02	-5.970075e-03	1.281200e-02	-1.878207e-02	1.579704e-02	-1.952229e-04	4.940404e-04	6.084923e-04	7.982865e-04	-1.897942e-04
17            	2.622826e-02	1.292807e-02	1.330018e-02	-6.558930e-03	1.246391e-02	-1.902284e-02	1.574338e-02	-1.860544e-04	4.618693e-04	5.778665e-04	7.508026e-04	-1.729360e-04
18            	2.515215e-02	1.239737e-02	1.275478e-02	-6.207677e-03	1.171462e-02	-1.792230e-02	1.481846e-02	-1.787058e-04	4.338604e-04	5.485373e-04	7.081291e-04	-1.595918e-04
19            	2.368234e-02	1.166751e-02	1.201483e-02	-5.255049e-03	1.077019e-02	-1.602524e-02	1.339771e-02	-1.736571e-04	4.127023e-04	5.244049e-04	6.749047e-04	-1.504999e-04
20            	2.211234e-02	1.088574e-02	1.122660e-02	-4.047460e-03	9.818472e-03	-1.386593e-02	1.184220e-02	-1.704294e-04	3.984860e-04	5.068238e-04	6.518979e-04	-1.450741e-04
21            	2.067295e-02	1.016851e-02	1.050444e-02	-2.872913e-03	8.996418e-03	-1.186933e-02	1.043287e-02	-1.679663e-04	3.893364e-04	4.949881e-04	6.368304e-04	-1.418423e-04
22            	1.950680e-02	9.588220e-03	9.918578e-03	-1.926359e-03	8.378164e-03	-1.030452e-02	9.341343e-03	-1.651791e-04	3.826323e-04	4.869955e-04	6.261300e-04	-1.391345e-04
23            	1.866653e-02	9.171879e-03	9.494646e-03	-1.301760e-03	7.978138e-03	-9.279898e-03	8.629018e-03	-1.613834e-04	3.760657e-04	4.808328e-04	6.164821e-04	-1.356493e-04
24            	1.813154e-02	8.909533e-03	9.222010e-03	-1.005676e-03	7.765661e-03	-8.771336e-03	8.268499e-03	-1.562387e-04	3.679112e-04	4.747375e-04	6.052799e-04	-1.305424e-04
25            	1.783469e-02	8.767421e-03	9.067273e-03	-9.834611e-04	7.684854e-03	-8.668315e-03	8.176585e-03	-1.499259e-04	3.575056e-04	4.676765e-04	5.913438e-04	-1.236674e-04
26            	1.769027e-02	8.702111e-03	8.988154e-03	-1.149145e-03	7.674144e-03	-8.823290e-03	8.248717e-03	-1.430213e-04	3.452839e-04	4.595609e-04	5.750644e-04	-1.155035e-04
27            	1.761646e-02	8.672058e-03	8.944405e-03	-1.411374e-03	7.680528e-03	-9.091902e-03	8.386215e-03	-1.361737e-04	3.321424e-04	4.506842e-04	5.574845e-04	-1.068003e-04
28            	1.754992e-02	8.645032e-03	8.904887e-03	-1.692068e-03	7.667693e-03	-9.359761e-03	8.513727e-03	-1.299279e-04	3.191041e-04	4.415156e-04	5.398619e-04	-9.834635e-05
29            	1.745224e-02	8.601527e-03	8.850709e-03	-1.936800e-03	7.618457e-03	-9.555257e-03	8.586857e-03	-1.245913e-04	3.069851e-04	4.324584e-04	5.232143e-04	-9.075588e-05
30            	1.730928e-02	8.534429e-03	8.774853e-03	-2.117190e-03	7.532354e-03	-9.649544e-03	8.590949e-03	-1.202119e-04	2.962662e-04	4.237950e-04	5.081637e-04	-8.436873e-05
31            	1.712517e-02	8.445985e-03	8.679180e-03	-2.227111e-03	7.419856e-03	-9.646967e-03	8.533412e-03	-1.165976e-04	2.869843e-04	4.155330e-04	4.947508e-04	-7.921775e-05
32            	1.691442e-02	8.343800e-03	8.570615e-03	-2.275797e-03	7.296034e-03	-9.571831e-03	8.433932e-03	-1.134075e-04	2.788175e-04	4.074944e-04	4.825647e-04	-7.507027e-05
33            	1.669449e-02	8.236983e-03	8.457506e-03	-2.280298e-03	7.175118e-03	-9.455416e-03	8.315267e-03	-1.102612e-04	2.712498e-04	3.994230e-04	4.709612e-04	-7.153828e-05
34            	1.648020e-02	8.133254e-03	8.346950e-03	-2.259041e-03	7.066922e-03	-9.325964e-03	8.196443e-03	-1.068484e-04	2.637711e-04	3.911202e-04	4.593312e-04	-6.821105e-05
35            	1.628071e-02	8.037371e-03	8.243341e-03	-2.227446e-03	6.975417e-03	-9.202863e-03	8.089140e-03	-1.029851e-04	2.560113e-04	3.825162e-04	4.472694e-04	-6.475315e-05
36            	1.609891e-02	7.950811e-03	8.148102e-03	-2.195834e-03	6.899181e-03	-9.095015e-03	7.997098e-03	-9.864538e-05	2.478149e-04	3.736827e-04	4.346562e-04	-6.097353e-05
37            	1.593264e-02	7.872364e-03	8.060280e-03	-2.169283e-03	6.833085e-03	-9.002367e-03	7.917726e-03	-9.395844e-05	2.392569e-04	3.648131e-04	4.216634e-04	-5.685033e-05
38            	1.577706e-02	7.799376e-03	7.977683e-03	-2.148915e-03	6.770697e-03	-8.919612e-03	7.845155e-03	-8.915377e-05	2.306129e-04	3.562014e-04	4.087136e-04	-5.251223e-05
39            	1.562701e-02	7.729009e-03	7.898006e-03	-2.133639e-03	6.706416e-03	-8.840055e-03	7.773235e-03	-8.449886e-05	2.222668e-04	3.481685e-04	3.963510e-04	-4.818251e-05
40            	1.547880e-02	7.659163e-03	7.819633e-03	-2.121777e-03	6.636857e-03	-8.758634e-03	7.697746e-03	-8.023496e-05	2.145919e-04	3.409707e-04	3.850773e-04	-4.410660e-05
41            	1.533106e-02	7.589007e-03	7.742056e-03	-2.112130e-03	6.561428e-03	-8.673557e-03	7.617493e-03	-7.652434e-05	2.078473e-04	3.347208e-04	3.752077e-04	-4.048687e-05
42            	1.518482e-02	7.518977e-03	7.665842e-03	-2.104459e-03	6.482033e-03	-8.586491e-03	7.534262e-03	-7.343288e-05	2.021455e-04	3.293969e-04	3.668439e-04	-3.744706e-05
43            	1.504273e-02	7.450437e-03	7.592292e-03	-2.099384e-03	6.402226e-03	-8.501610e-03	7.451918e-03	-7.092711e-05	1.974393e-04	3.248557e-04	3.598671e-04	-3.501142e-05
44            	1.490806e-02	7.385137e-03	7.522925e-03	-2.097927e-03	6.326076e-03	-8.424003e-03	7.375040e-03	-6.889401e-05	1.935487e-04	3.208741e-04	3.539857e-04	-3.311159e-05
45            	1.478360e-02	7.324626e-03	7.458979e-03	-2.100925e-03	6.257065e-03	-8.357990e-03	7.307528e-03	-6.717627e-05	1.902134e-04	3.172002e-04	3.488135e-04	-3.161326e-05
46            	1.467087e-02	7.269834e-03	7.401035e-03	-2.108576e-03	6.197316e-03	-8.305892e-03	7.251604e-03	-6.560077e-05	1.871405e-04	3.135952e-04	3.439380e-04	-3.034288e-05
47            	1.456974e-02	7.220857e-03	7.348880e-03	-2.120227e-03	6.147241e-03	-8.267467e-03	7.207354e-03	-6.401116e-05	1.840612e-04	3.098714e-04	3.389969e-04	-2.912544e-05
48            	1.447855e-02	7.176987e-03	7.301567e-03	-2.134436e-03	6.105640e-03	-8.240076e-03	7.172858e-03	-6.228988e-05	1.807728e-04	3.059173e-04	3.337315e-04	-2.781414e-05
49            	1.439457e-02	7.136911e-03	7.257661e-03	-2.149266e-03	6.070123e-03	-8.219390e-03	7.144757e-03	-6.037501e-05	1.771694e-04	3.017096e-04	3.280242e-04	-2.631462e-05
50            	1.431461e-02	7.099047e-03	7.215568e-03	-2.162701e-03	6.037750e-03	-8.200451e-03	7.119101e-03	-5.826042e-05	1.732420e-04	2.972973e-04	3.218907e-04	-2.459338e-05
51            	1.423574e-02	7.061881e-03	7.173858e-03	-2.173069e-03	6.005683e-03	-8.178752e-03	7.092217e-03	-5.598840e-05	1.690665e-04	2.927828e-04	3.154579e-04	-2.267516e-05
52            	1.415580e-02	7.024267e-03	7.131529e-03	-2.179371e-03	5.971732e-03	-8.151102e-03	7.061417e-03	-5.363098e-05	1.647719e-04	2.882904e-04	3.089171e-04	-2.062676e-05
53            	1.407374e-02	6.985597e-03	7.088140e-03	-2.181421e-03	5.934688e-03	-8.116109e-03	7.025399e-03	-5.127110e-05	1.605060e-04	2.839370e-04	3.024745e-04	-1.853745e-05
54            	1.398962e-02	6.945817e-03	7.043798e-03	-2.179815e-03	5.894386e-03	-8.074201e-03	6.984293e-03	-4.899027e-05	1.564106e-04	2.798166e-04	2.963188e-04	-1.650228e-05
55            	1.390443e-02	6.905363e-03	6.999067e-03	-2.175732e-03	5.851572e-03	-8.027304e-03	6.939438e-03	-4.685169e-05	1.525933e-04	2.759833e-04	2.905849e-04	-1.460166e-05
56            	1.381975e-02	6.864980e-03	6.954769e-03	-2.170638e-03	5.807600e-03	-7.978238e-03	6.892919e-03	-4.489482e-05	1.491160e-04	2.724492e-04	2.853406e-04	-1.289144e-05
57            	1.373730e-02	6.825516e-03	6.911780e-03	-2.165973e-03	5.764061e-03	-7.930034e-03	6.847048e-03	-4.313197e-05	1.459904e-04	2.691880e-04	2.805844e-04	-1.139635e-05
58            	1.365857e-02	6.787730e-03	6.870836e-03	-2.162879e-03	5.722427e-03	-7.885306e-03	6.803866e-03	-4.155305e-05	1.431868e-04	2.661485e-04	2.762611e-04	-1.011251e-05
59            	1.358454e-02	6.752139e-03	6.832403e-03	-2.162024e-03	5.683775e-03	-7.845799e-03	6.764787e-03	-4.013184e-05	1.406474e-04	2.632686e-04	2.722817e-04	-9.013096e-06
60            	1.351557e-02	6.718952e-03	6.796620e-03	-2.163545e-03	5.648641e-03	-7.812186e-03	6.730413e-03	-3.883392e-05	1.383018e-04	2.604892e-04	2.685464e-04	-8.057208e-06
61            	1.345138e-02	6.688069e-03	6.763313e-03	-2.167102e-03	5.617003e-03	-7.784105e-03	6.700554e-03	-3.762210e-05	1.360775e-04	2.577587e-04	2.649568e-04	-7.198129e-06
62            	1.339121e-02	6.659139e-03	6.732069e-03	-2.172019e-03	5.588369e-03	-7.760388e-03	6.674378e-03	-3.646519e-05	1.339179e-04	2.550492e-04	2.614425e-04	-6.393275e-06
63            	1.333401e-02	6.631663e-03	6.702343e-03	-2.177462e-03	5.561944e-03	-7.739406e-03	6.650675e-03	-3.533986e-05	1.317847e-04	2.523504e-04	2.579599e-04	-5.609478e-06
64            	1.327868e-02	6.605103e-03	6.673578e-03	-2.182621e-03	5.536824e-03	-7.719444e-03	6.628134e-03	-3.423744e-05	1.296683e-04	2.496781e-04	2.545073e-04	-4.829258e-06
65            	1.322429e-02	6.578992e-03	6.645302e-03	-2.186870e-03	5.512178e-03	-7.699049e-03	6.605614e-03	-3.315488e-05	1.275713e-04	2.470514e-04	2.510970e-04	-4.045653e-06
66            	1.317019e-02	6.552998e-03	6.617194e-03	-2.189851e-03	5.487386e-03	-7.677237e-03	6.582312e-03	-3.209800e-05	1.255127e-04	2.444984e-04	2.477619e-04	-3.263461e-06
67            	1.311607e-02	6.526961e-03	6.589114e-03	-2.191496e-03	5.462102e-03	-7.653598e-03	6.557850e-03	-3.107686e-05	1.235176e-04	2.420461e-04	2.445407e-04	-2.494553e-06
68            	1.306197e-02	6.500885e-03	6.561089e-03	-2.191994e-03	5.436267e-03	-7.628262e-03	6.532265e-03	-3.010184e-05	1.216101e-04	2.397143e-04	2.414672e-04	-1.752973e-06
69            	1.300818e-02	6.474909e-03	6.533269e-03	-2.191711e-03	5.410060e-03	-7.601771e-03	6.505916e-03	-2.918006e-05	1.198057e-04	2.375107e-04	2.385611e-04	-1.050404e-06
70            	1.295513e-02	6.449249e-03	6.505878e-03	-2.191091e-03	5.383812e-03	-7.574904e-03	6.479358e-03	-2.831459e-05	1.181102e-04	2.354311e-04	2.358258e-04	-3.946709e-07
71            	1.290328e-02	6.424138e-03	6.479145e-03	-2.190558e-03	5.357913e-03	-7.548471e-03	6.453192e-03	-2.750386e-05	1.165185e-04	2.334615e-04	2.332493e-04	2.121943e-07
72            	1.285304e-02	6.399776e-03	6.453260e-03	-2.190434e-03	5.332722e-03	-7.523156e-03	6.427939e-03	-2.674188e-05	1.150157e-04	2.315793e-04	2.308054e-04	7.739042e-07
73            	1.280463e-02	6.376296e-03	6.428334e-03	-2.190900e-03	5.308500e-03	-7.499400e-03	6.403950e-03	-2.601917e-05	1.135797e-04	2.297578e-04	2.284586e-04	1.299143e-06
74            	1.275814e-02	6.353743e-03	6.404394e-03	-2.191982e-03	5.285380e-03	-7.477362e-03	6.381371e-03	-2.532562e-05	1.121866e-04	2.279707e-04	2.261719e-04	1.798761e-06
75            	1.271347e-02	6.332085e-03	6.381383e-03	-2.193576e-03	5.263364e-03	-7.456940e-03	6.360152e-03	-2.464916e-05	1.108112e-04	2.261936e-04	2.239080e-04	2.285530e-06
76            	1.267041e-02	6.311223e-03	6.359186e-03	-2.195487e-03	5.242343e-03	-7.437830e-03	6.340087e-03	-2.398127e-05	1.094355e-04	2.244098e-04	2.216404e-04	2.769368e-06
77            	1.262867e-02	6.291021e-03	6.337654e-03	-2.197483e-03	5.222138e-03	-7.419621e-03	6.320879e-03	-2.331650e-05	1.080486e-04	2.226111e-04	2.193541e-04	3.257007e-06
78            	1.258798e-02	6.271338e-03	6.316644e-03	-2.199343e-03	5.202547e-03	-7.401890e-03	6.302218e-03	-2.265304e-05	1.066478e-04	2.207979e-04	2.170468e-04	3.751102e-06
79            	1.254807e-02	6.252043e-03	6.296026e-03	-2.200907e-03	5.183377e-03	-7.384284e-03	6.283830e-03	-2.199179e-05	1.052376e-04	2.189770e-04	2.147261e-04	4.250933e-06
80            	1.250876e-02	6.233046e-03	6.275717e-03	-2.202085e-03	5.164488e-03	-7.366573e-03	6.265531e-03	-2.133572e-05	1.038268e-04	2.171597e-04	2.124066e-04	4.753114e-06
81            	1.246998e-02	6.214302e-03	6.255679e-03	-2.202874e-03	5.145801e-03	-7.348676e-03	6.247238e-03	-2.068861e-05	1.024263e-04	2.153584e-04	2.101055e-04	5.252910e-06
82            	1.243173e-02	6.195809e-03	6.235916e-03	-2.203339e-03	5.127301e-03	-7.330641e-03	6.228971e-03	-2.005365e-05	1.010459e-04	2.135837e-04	2.078378e-04	5.745902e-06
83            	1.239406e-02	6.177599e-03	6.216465e-03	-2.203593e-03	5.109025e-03	-7.312618e-03	6.210822e-03	-1.943284e-05	9.969270e-05	2.118430e-04	2.056142e-04	6.228792e-06
84            	1.235710e-02	6.159723e-03	6.197376e-03	-2.203765e-03	5.091042e-03	-7.294807e-03	6.192924e-03	-1.882670e-05	9.836991e-05	2.101397e-04	2.034398e-04	6.699940e-06
85            	1.232094e-02	6.142234e-03	6.178706e-03	-2.203977e-03	5.073428e-03	-7.277405e-03	6.175417e-03	-1.823597e-05	9.707960e-05	2.084765e-04	2.013179e-04	7.158673e-06
86            	1.228568e-02	6.125182e-03	6.160494e-03	-2.204324e-03	5.056258e-03	-7.260583e-03	6.158421e-03	-1.765579e-05	9.581402e-05	2.068447e-04	1.992364e-04	7.608328e-06
87            	1.225136e-02	6.108598e-03	6.142764e-03	-2.204858e-03	5.039579e-03	-7.244437e-03	6.142008e-03	-1.708297e-05	9.456696e-05	2.052379e-04	1.971859e-04	8.051996e-06
88            	1.221800e-02	6.092487e-03	6.125515e-03	-2.205586e-03	5.023405e-03	-7.228990e-03	6.126197e-03	-1.651388e-05	9.333075e-05	2.036485e-04	1.951550e-04	8.493519e-06
89            	1.218556e-02	6.076836e-03	6.108725e-03	-2.206473e-03	5.007722e-03	-7.214195e-03	6.110958e-03	-1.594471e-05	9.209710e-05	2.020685e-04	1.931313e-04	8.937128e-06
90            	1.215397e-02	6.061612e-03	6.092356e-03	-2.207462e-03	4.992490e-03	-7.199952e-03	6.096221e-03	-1.537192e-05	9.085844e-05	2.004904e-04	1.911036e-04	9.386743e-06
91            	1.212314e-02	6.046776e-03	6.076362e-03	-2.208480e-03	4.977656e-03	-7.186136e-03	6.081896e-03	-1.479272e-05	8.960877e-05	1.989085e-04	1.890630e-04	9.845478e-06
92            	1.209298e-02	6.032284e-03	6.060694e-03	-2.209458e-03	4.963163e-03	-7.172620e-03	6.067892e-03	-1.420529e-05	8.834403e-05	1.973188e-04	1.870034e-04	1.031537e-05
93            	1.206341e-02	6.018093e-03	6.045315e-03	-2.210341e-03	4.948957e-03	-7.159298e-03	6.054128e-03	-1.361088e-05	8.706572e-05	1.957222e-04	1.849268e-04	1.079539e-05
94            	1.203437e-02	6.004180e-03	6.030192e-03	-2.211097e-03	4.935005e-03	-7.146102e-03	6.040554e-03	-1.300619e-05	8.576919e-05	1.941145e-04	1.828264e-04	1.128806e-05
95            	1.200584e-02	5.990528e-03	6.015310e-03	-2.211719e-03	4.921285e-03	-7.133005e-03	6.027145e-03	-1.239121e-05	8.445525e-05	1.924962e-04	1.807033e-04	1.179283e-05
96            	1.197779e-02	5.977130e-03	6.000663e-03	-2.212221e-03	4.907796e-03	-7.120017e-03	6.013906e-03	-1.176650e-05	8.312601e-05	1.908689e-04	1.785605e-04	1.230843e-05
97            	1.195025e-02	5.963992e-03	5.986258e-03	-2.212633e-03	4.894547e-03	-7.107180e-03	6.000863e-03	-1.113289e-05	8.178408e-05	1.892349e-04	1.764015e-04	1.283337e-05
98            	1.192323e-02	5.951123e-03	5.972106e-03	-2.212993e-03	4.881560e-03	-7.094553e-03	5.988057e-03	-1.049145e-05	8.043232e-05	1.875966e-04	1.742306e-04	1.336598e-05
99            	1.189676e-02	5.938537e-03	5.958223e-03	-2.213344e-03	4.868857e-03	-7.082201e-03	5.975529e-03	-9.843142e-06	7.907346e-05	1.859562e-04	1.720516e-04	1.390464e-05
100           	1.187087e-02	5.926244e-03	5.944622e-03	-2.213719e-03	4.856458e-03	-7.070177e-03	5.963318e-03	-9.188730e-06	7.770942e-05	1.843153e-04	1.698670e-04	1.444821e-05
101           	1.184556e-02	5.914252e-03	5.931309e-03	-2.214143e-03	4.844378e-03	-7.058521e-03	5.951450e-03	-8.528784e-06	7.634144e-05	1.826747e-04	1.676788e-04	1.499589e-05
102           	1.182085e-02	5.902561e-03	5.918289e-03	-2.214628e-03	4.832622e-03	-7.047250e-03	5.939936e-03	-7.863824e-06	7.497046e-05	1.810351e-04	1.654880e-04	1.554709e-05
103           	1.179672e-02	5.891168e-03	5.905556e-03	-2.215174e-03	4.821184e-03	-7.036358e-03	5.928771e-03	-7.194167e-06	7.359696e-05	1.793969e-04	1.632954e-04	1.610149e-05
104           	1.177316e-02	5.880062e-03	5.893102e-03	-2.215770e-03	4.810052e-03	-7.025822e-03	5.917937e-03	-6.520085e-06	7.222128e-05	1.777604e-04	1.611015e-04	1.665894e-05
105           	1.175014e-02	5.869229e-03	5.880912e-03	-2.216399e-03	4.799208e-03	-7.015608e-03	5.907408e-03	-5.841736e-06	7.084340e-05	1.761257e-04	1.589062e-04	1.721944e-05
106           	1.172763e-02	5.858653e-03	5.868973e-03	-2.217042e-03	4.788630e-03	-7.005672e-03	5.897151e-03	-5.159775e-06	6.946428e-05	1.744934e-04	1.567110e-04	1.778243e-05
107           	1.170559e-02	5.848319e-03	5.857268e-03	-2.217678e-03	4.778297e-03	-6.995975e-03	5.887136e-03	-4.474914e-06	6.808489e-05	1.728642e-04	1.545170e-04	1.834720e-05
108           	1.168400e-02	5.838211e-03	5.845787e-03	-2.218293e-03	4.768190e-03	-6.986483e-03	5.877337e-03	-3.787928e-06	6.670641e-05	1.712388e-04	1.523258e-04	1.891301e-05
109           	1.166284e-02	5.828319e-03	5.834518e-03	-2.218878e-03	4.758295e-03	-6.977173e-03	5.867734e-03	-3.099539e-06	6.532991e-05	1.696181e-04	1.501389e-04	1.947912e-05
110           	1.164209e-02	5.818635e-03	5.823455e-03	-2.219428e-03	4.748603e-03	-6.968031e-03	5.858317e-03	-2.410309e-06	6.395627e-05	1.680025e-04	1.479575e-04	2.004497e-05
111           	1.162175e-02	5.809153e-03	5.812595e-03	-2.219946e-03	4.739109e-03	-6.959055e-03	5.849082e-03	-1.720736e-06	6.258636e-05	1.663929e-04	1.457828e-04	2.061008e-05
112           	1.160181e-02	5.799872e-03	5.801935e-03	-2.220437e-03	4.729813e-03	-6.950250e-03	5.840032e-03	-1.031253e-06	6.122107e-05	1.647900e-04	1.436161e-04	2.117394e-05
113           	1.158227e-02	5.790792e-03	5.791476e-03	-2.220910e-03	4.720717e-03	-6.941627e-03	5.831172e-03	-3.421862e-07	5.986112e-05	1.631945e-04	1.414584e-04	2.173615e-05
114           	1.156313e-02	5.781911e-03	5.781219e-03	-2.221375e-03	4.711823e-03	-6.933198e-03	5.822511e-03	3.460388e-07	5.850737e-05	1.616073e-04	1.393110e-04	2.229626e-05
115           	1.154440e-02	5.773232e-03	5.771166e-03	-2.221840e-03	4.703135e-03	-6.924975e-03	5.814055e-03	1.032996e-06	5.716069e-05	1.600292e-04	1.371753e-04	2.285388e-05
116           	1.152607e-02	5.764751e-03	5.761315e-03	-2.222311e-03	4.694653e-03	-6.916964e-03	5.805809e-03	1.718149e-06	5.582225e-05	1.584613e-04	1.350529e-04	2.340840e-05
117           	1.150813e-02	5.756468e-03	5.751666e-03	-2.222792e-03	4.686379e-03	-6.909170e-03	5.797774e-03	2.400936e-06	5.449319e-05	1.569047e-04	1.329456e-04	2.395917e-05
118           	1.149060e-02	5.748379e-03	5.742217e-03	-2.223284e-03	4.678308e-03	-6.901592e-03	5.789950e-03	3.080804e-06	5.317461e-05	1.553605e-04	1.308549e-04	2.450564e-05
119           	1.147344e-02	5.740479e-03	5.732965e-03	-2.223787e-03	4.670438e-03	-6.894224e-03	5.782331e-03	3.757216e-06	5.186742e-05	1.538295e-04	1.287822e-04	2.504731e-05
120           	1.145666e-02	5.732761e-03	5.723903e-03	-2.224295e-03	4.662758e-03	-6.887053e-03	5.774906e-03	4.428835e-06	5.057287e-05	1.523134e-04	1.267295e-04	2.558382e-05
121           	1.144025e-02	5.725222e-03	5.715029e-03	-2.224808e-03	4.655267e-03	-6.880075e-03	5.767671e-03	5.096507e-06	4.929075e-05	1.508113e-04	1.246964e-04	2.611490e-05
122           	1.142419e-02	5.717855e-03	5.706337e-03	-2.225323e-03	4.647958e-03	-6.873281e-03	5.760619e-03	5.758994e-06	4.802386e-05	1.493251e-04	1.226864e-04	2.663870e-05
123           	1.140848e-02	5.710656e-03	5.697823e-03	-2.225834e-03	4.640822e-03	-6.866657e-03	5.753740e-03	6.416763e-06	4.677036e-05	1.478542e-04	1.206975e-04	2.715674e-05
124           	1.139310e-02	5.703619e-03	5.689481e-03	-2.226341e-03	4.633853e-03	-6.860194e-03	5.747024e-03	7.069062e-06	4.553137e-05	1.463997e-04	1.187312e-04	2.766846e-05
125           	1.137804e-02	5.696737e-03	5.681307e-03	-2.226840e-03	4.627045e-03	-6.853885e-03	5.740465e-03	7.715165e-06	4.430802e-05	1.449625e-04	1.167893e-04	2.817325e-05
126           	1.136331e-02	5.690007e-03	5.673298e-03	-2.227331e-03	4.620392e-03	-6.847723e-03	5.734058e-03	8.354471e-06	4.310124e-05	1.435438e-04	1.148731e-04	2.867064e-05
127           	1.134888e-02	5.683425e-03	5.665452e-03	-2.227814e-03	4.613892e-03	-6.841706e-03	5.727799e-03	8.986482e-06	4.191187e-05	1.421441e-04	1.129839e-04	2.916018e-05
128           	1.133475e-02	5.676988e-03	5.657766e-03	-2.228290e-03	4.607540e-03	-6.835830e-03	5.721685e-03	9.610771e-06	4.074057e-05	1.407642e-04	1.111227e-04	2.964153e-05
129           	1.132093e-02	5.670689e-03	5.650238e-03	-2.228759e-03	4.601330e-03	-6.830089e-03	5.715710e-03	1.022525e-05	3.958970e-05	1.394065e-04	1.092930e-04	3.011356e-05
130           	1.130740e-02	5.664530e-03	5.642865e-03	-2.229222e-03	4.595265e-03	-6.824488e-03	5.709877e-03	1.083251e-05	3.845623e-05	1.380680e-04	1.074903e-04	3.057779e-05
131           	1.129415e-02	5.658510e-03	5.635644e-03	-2.229683e-03	4.589342e-03	-6.819025e-03	5.704184e-03	1.143265e-05	3.733994e-05	1.367487e-04	1.057143e-04	3.103439e-05
132           	1.128120e-02	5.652624e-03	5.628573e-03	-2.230141e-03	4.583559e-03	-6.813700e-03	5.698630e-03	1.202551e-05	3.624098e-05	1.354486e-04	1.039653e-04	3.148332e-05
133           	1.126852e-02	5.646872e-03	5.621650e-03	-2.230596e-03	4.577913e-03	-6.808509e-03	5.693211e-03	1.261089e-05	3.515943e-05	1.341680e-04	1.022434e-04	3.192458e-05
134           	1.125612e-02	5.641248e-03	5.614871e-03	-2.231050e-03	4.572401e-03	-6.803451e-03	5.687926e-03	1.318853e-05	3.409554e-05	1.329072e-04	1.005491e-04	3.235807e-05
135           	1.124399e-02	5.635752e-03	5.608235e-03	-2.231500e-03	4.567020e-03	-6.798520e-03	5.682770e-03	1.375818e-05	3.304953e-05	1.316664e-04	9.888275e-05	3.278368e-05
136           	1.123212e-02	5.630374e-03	5.601741e-03	-2.231947e-03	4.561764e-03	-6.793712e-03	5.677738e-03	1.431669e-05	3.202610e-05	1.304496e-04	9.725092e-05	3.319872e-05
137           	1.122050e-02	5.625118e-03	5.595382e-03	-2.232391e-03	4.556634e-03	-6.789025e-03	5.672829e-03	1.486803e-05	3.101900e-05	1.292518e-04	9.564488e-05	3.360688e-05
138           	1.120914e-02	5.619981e-03	5.589157e-03	-2.232832e-03	4.551625e-03	-6.784457e-03	5.668041e-03	1.541214e-05	3.002819e-05	1.280728e-04	9.406457e-05	3.400818e-05
139           	1.119802e-02	5.614960e-03	5.583062e-03	-2.233269e-03	4.546734e-03	-6.780003e-03	5.663369e-03	1.594889e-05	2.905374e-05	1.269127e-04	9.251011e-05	3.440262e-05
140           	1.118715e-02	5.610051e-03	5.577094e-03	-2.233701e-03	4.541959e-03	-6.775660e-03	5.658809e-03	1.647815e-05	2.809584e-05	1.257719e-04	9.098177e-05	3.479010e-05
141           	1.117650e-02	5.605251e-03	5.571252e-03	-2.234129e-03	4.537295e-03	-6.771424e-03	5.654359e-03	1.699977e-05	2.715458e-05	1.246503e-04	8.947974e-05	3.517058e-05
142           	1.116609e-02	5.600559e-03	5.565531e-03	-2.234551e-03	4.532740e-03	-6.767291e-03	5.650015e-03	1.751370e-05	2.622990e-05	1.235480e-04	8.800391e-05	3.554412e-05
143           	1.115590e-02	5.595971e-03	5.559930e-03	-2.234968e-03	4.528291e-03	-6.763258e-03	5.645775e-03	1.802013e-05	2.532122e-05	1.224645e-04	8.655346e-05	3.591102e-05
144           	1.114593e-02	5.591485e-03	5.554446e-03	-2.235379e-03	4.523944e-03	-6.759324e-03	5.641634e-03	1.851923e-05	2.442809e-05	1.213992e-04	8.512769e-05	3.627152e-05
145           	1.113618e-02	5.587099e-03	5.549077e-03	-2.235785e-03	4.519698e-03	-6.755484e-03	5.637591e-03	1.901107e-05	2.355026e-05	1.203520e-04	8.372628e-05	3.662577e-05
146           	1.112663e-02	5.582811e-03	5.543819e-03	-2.236186e-03	4.515550e-03	-6.751737e-03	5.633643e-03	1.949575e-05	2.268749e-05	1.193228e-04	8.234890e-05	3.697391e-05
147           	1.111729e-02	5.578618e-03	5.538671e-03	-2.236582e-03	4.511498e-03	-6.748080e-03	5.629789e-03	1.997346e-05	2.183942e-05	1.183112e-04	8.099502e-05	3.731618e-05
148           	1.110815e-02	5.574520e-03	5.533631e-03	-2.236972e-03	4.507540e-03	-6.744512e-03	5.626026e-03	2.044440e-05	2.100559e-05	1.173168e-04	7.966400e-05	3.765282e-05
149           	1.109921e-02	5.570514e-03	5.528696e-03	-2.237357e-03	4.503674e-03	-6.741031e-03	5.622353e-03	2.090881e-05	2.018558e-05	1.163393e-04	7.835524e-05	3.798407e-05
150           	1.109046e-02	5.566598e-03	5.523864e-03	-2.237738e-03	4.499897e-03	-6.737635e-03	5.618766e-03	2.136689e-05	1.937896e-05	1.153783e-04	7.706810e-05	3.831018e-05
151           	1.108190e-02	5.562770e-03	5.519132e-03	-2.238113e-03	4.496209e-03	-6.734322e-03	5.615265e-03	2.181894e-05	1.858517e-05	1.144332e-04	7.580180e-05	3.863145e-05
152           	1.107353e-02	5.559025e-03	5.514501e-03	-2.238482e-03	4.492603e-03	-6.731085e-03	5.611844e-03	2.226189e-05	1.780871e-05	1.135078e-04	7.456263e-05	3.894521e-05
153           	1.106533e-02	5.555366e-03	5.509965e-03	-2.238847e-03	4.489082e-03	-6.727929e-03	5.608505e-03	2.270057e-05	1.704209e-05	1.125959e-04	7.334002e-05	3.925583e-05
154           	1.105731e-02	5.551792e-03	5.505521e-03	-2.239207e-03	4.485644e-03	-6.724850e-03	5.605247e-03	2.313515e-05	1.628498e-05	1.116969e-04	7.213344e-05	3.956349e-05
155           	1.104947e-02	5.548300e-03	5.501169e-03	-2.239562e-03	4.482286e-03	-6.721848e-03	5.602067e-03	2.356547e-05	1.553750e-05	1.108111e-04	7.094305e-05	3.986806e-05
156           	1.104179e-02	5.544889e-03	5.496906e-03	-2.239913e-03	4.479006e-03	-6.718919e-03	5.598962e-03	2.399113e-05	1.480021e-05	1.099388e-04	6.976961e-05	4.016918e-05
157           	1.103429e-02	5.541555e-03	5.492731e-03	-2.240258e-03	4.475802e-03	-6.716060e-03	5.595931e-03	2.441173e-05	1.407369e-05	1.090804e-04	6.861388e-05	4.046650e-05
158           	1.102694e-02	5.538296e-03	5.488643e-03	-2.240598e-03	4.472672e-03	-6.713270e-03	5.592971e-03	2.482688e-05	1.335838e-05	1.082362e-04	6.747648e-05	4.075972e-05
159           	1.101975e-02	5.535111e-03	5.484639e-03	-2.240932e-03	4.469614e-03	-6.710546e-03	5.590080e-03	2.523636e-05	1.265456e-05	1.074064e-04	6.635775e-05	4.104863e-05
160           	1.101272e-02	5.531998e-03	5.480718e-03	-2.241261e-03	4.466626e-03	-6.707887e-03	5.587256e-03	2.564006e-05	1.196229e-05	1.065909e-04	6.525776e-05	4.133317e-05
161           	1.100583e-02	5.528954e-03	5.476878e-03	-2.241585e-03	4.463706e-03	-6.705290e-03	5.584498e-03	2.603802e-05	1.128142e-05	1.057896e-04	6.417624e-05	4.161341e-05
162           	1.099910e-02	5.525979e-03	5.473118e-03	-2.241902e-03	4.460852e-03	-6.702754e-03	5.581803e-03	2.643042e-05	1.061158e-05	1.050022e-04	6.311269e-05	4.188952e-05
163           	1.099251e-02	5.523071e-03	5.469436e-03	-2.242215e-03	4.458064e-03	-6.700278e-03	5.579171e-03	2.681747e-05	9.952382e-06	1.042282e-04	6.206649e-05	4.216172e-05
164           	1.098606e-02	5.520229e-03	5.465830e-03	-2.242521e-03	4.455339e-03	-6.697860e-03	5.576599e-03	2.719946e-05	9.303216e-06	1.034671e-04	6.103675e-05	4.243031e-05
165           	1.097975e-02	5.517451e-03	5.462297e-03	-2.242823e-03	4.452676e-03	-6.695499e-03	5.574087e-03	2.757672e-05	8.663443e-06	1.027181e-04	6.002250e-05	4.269561e-05
166           	1.097358e-02	5.514740e-03	5.458842e-03	-2.243117e-03	4.450079e-03	-6.693196e-03	5.571638e-03	2.794878e-05	8.033529e-06	1.019816e-04	5.902435e-05	4.295730e-05
167           	1.096755e-02	5.512089e-03	5.455458e-03	-2.243404e-03	4.447542e-03	-6.690946e-03	5.569244e-03	2.831586e-05	7.413019e-06	1.012572e-04	5.804160e-05	4.321556e-05
168           	1.096164e-02	5.509498e-03	5.452142e-03	-2.243687e-03	4.445061e-03	-6.688748e-03	5.566905e-03	2.867813e-05	6.801586e-06	1.005443e-04	5.707372e-05	4.347055e-05
169           	1.095586e-02	5.506965e-03	5.448893e-03	-2.243964e-03	4.442637e-03	-6.686601e-03	5.564619e-03	2.903567e-05	6.199096e-06	9.984278e-05	5.612049e-05	4.372230e-05
170           	1.095020e-02	5.504488e-03	5.445711e-03	-2.244238e-03	4.440266e-03	-6.684504e-03	5.562385e-03	2.938860e-05	5.605362e-06	9.915248e-05	5.518160e-05	4.397088e-05
171           	1.094466e-02	5.502068e-03	5.442594e-03	-2.244507e-03	4.437949e-03	-6.682456e-03	5.560202e-03	2.973704e-05	5.020159e-06	9.847308e-05	5.425670e-05	4.421638e-05
172           	1.093924e-02	5.499703e-03	5.439541e-03	-2.244772e-03	4.435683e-03	-6.680455e-03	5.558069e-03	3.008108e-05	4.443320e-06	9.780441e-05	5.334553e-05	4.445889e-05
173           	1.093394e-02	5.497392e-03	5.436550e-03	-2.245032e-03	4.433469e-03	-6.678501e-03	5.555985e-03	3.042079e-05	3.874735e-06	9.714637e-05	5.244792e-05	4.469845e-05
174           	1.092875e-02	5.495133e-03	5.433620e-03	-2.245288e-03	4.431304e-03	-6.676591e-03	5.553947e-03	3.075633e-05	3.314016e-06	9.649855e-05	5.156329e-05	4.493526e-05
175           	1.092368e-02	5.492926e-03	5.430750e-03	-2.245538e-03	4.429187e-03	-6.674725e-03	5.551956e-03	3.108791e-05	2.760669e-06	9.586046e-05	5.069090e-05	4.516956e-05
176           	1.091871e-02	5.490770e-03	5.427938e-03	-2.245783e-03	4.427119e-03	-6.672902e-03	5.550010e-03	3.141575e-05	2.214171e-06	9.523152e-05	4.982993e-05	4.540159e-05
177           	1.091384e-02	5.488658e-03	5.425186e-03	-2.246021e-03	4.425094e-03	-6.671114e-03	5.548104e-03	3.173648e-05	1.679393e-06	9.461553e-05	4.898716e-05	4.562837e-05
178           	1.090908e-02	5.486598e-03	5.422487e-03	-2.246253e-03	4.423115e-03	-6.669368e-03	5.546242e-03	3.205523e-05	1.148506e-06	9.400608e-05	4.815155e-05	4.585453e-05
179           	1.090443e-02	5.484586e-03	5.419842e-03	-2.246481e-03	4.421183e-03	-6.667663e-03	5.544423e-03	3.237217e-05	6.210840e-07	9.340274e-05	4.732245e-05	4.608028e-05
180           	1.089987e-02	5.482623e-03	5.417249e-03	-2.246703e-03	4.419294e-03	-6.665997e-03	5.542646e-03	3.268715e-05	9.726414e-08	9.280550e-05	4.650001e-05	4.630548e-05
181           	1.089541e-02	5.480707e-03	5.414707e-03	-2.246921e-03	4.417448e-03	-6.664370e-03	5.540909e-03	3.299982e-05	-4.224667e-07	9.221466e-05	4.568486e-05	4.652979e-05
182           	1.089105e-02	5.478836e-03	5.412216e-03	-2.247135e-03	4.415644e-03	-6.662779e-03	5.539212e-03	3.330979e-05	-9.375810e-07	9.163050e-05	4.487767e-05	4.675283e-05
183           	1.088678e-02	5.477008e-03	5.409775e-03	-2.247344e-03	4.413880e-03	-6.661224e-03	5.537552e-03	3.361673e-05	-1.447652e-06	9.105322e-05	4.407896e-05	4.697426e-05
184           	1.088261e-02	5.475223e-03	5.407382e-03	-2.247548e-03	4.412155e-03	-6.659703e-03	5.535929e-03	3.392043e-05	-1.952441e-06	9.048284e-05	4.328898e-05	4.719386e-05
185           	1.087852e-02	5.473479e-03	5.405038e-03	-2.247748e-03	4.410468e-03	-6.658216e-03	5.534342e-03	3.422076e-05	-2.451820e-06	8.991933e-05	4.250784e-05	4.741148e-05
186           	1.087452e-02	5.471776e-03	5.402740e-03	-2.247943e-03	4.408818e-03	-6.656762e-03	5.532790e-03	3.451773e-05	-2.945823e-06	8.936255e-05	4.173545e-05	4.762710e-05
187           	1.087060e-02	5.470112e-03	5.400489e-03	-2.248134e-03	4.407204e-03	-6.655339e-03	5.531272e-03	3.481140e-05	-3.434522e-06	8.881239e-05	4.097167e-05	4.784072e-05
188           	1.086677e-02	5.468486e-03	5.398283e-03	-2.248321e-03	4.405626e-03	-6.653947e-03	5.529787e-03	3.510187e-05	-3.918053e-06	8.826870e-05	4.021629e-05	4.805240e-05
189           	1.086302e-02	5.466899e-03	5.396120e-03	-2.248504e-03	4.404083e-03	-6.652586e-03	5.528334e-03	3.538928e-05	-4.396624e-06	8.773126e-05	3.946901e-05	4.826225e-05
190           	1.085935e-02	5.465348e-03	5.394000e-03	-2.248682e-03	4.402573e-03	-6.651255e-03	5.526914e-03	3.567380e-05	-4.870498e-06	8.719982e-05	3.872941e-05	4.847041e-05
191           	1.085576e-02	5.463834e-03	5.391923e-03	-2.248856e-03	4.401097e-03	-6.649952e-03	5.525525e-03	3.595555e-05	-5.339856e-06	8.667420e-05	3.799724e-05	4.867696e-05
192           	1.085224e-02	5.462355e-03	5.389886e-03	-2.249026e-03	4.399653e-03	-6.648679e-03	5.524166e-03	3.623459e-05	-5.804789e-06	8.615428e-05	3.727235e-05	4.888193e-05
193           	1.084880e-02	5.460912e-03	5.387890e-03	-2.249191e-03	4.398241e-03	-6.647433e-03	5.522837e-03	3.651092e-05	-6.265265e-06	8.564006e-05	3.655477e-05	4.908530e-05
194           	1.084543e-02	5.459502e-03	5.385933e-03	-2.249353e-03	4.396860e-03	-6.646214e-03	5.521537e-03	3.678450e-05	-6.721179e-06	8.513160e-05	3.584462e-05	4.928698e-05
195           	1.084214e-02	5.458125e-03	5.384015e-03	-2.249511e-03	4.395510e-03	-6.645022e-03	5.520266e-03	3.705525e-05	-7.172380e-06	8.462898e-05	3.514211e-05	4.948687e-05
196           	1.083892e-02	5.456781e-03	5.382135e-03	-2.249666e-03	4.394190e-03	-6.643855e-03	5.519022e-03	3.732313e-05	-7.618766e-06	8.413228e-05	3.444737e-05	4.968491e-05
197           	1.083576e-02	5.455468e-03	5.380292e-03	-2.249816e-03	4.392898e-03	-6.642714e-03	5.517806e-03	3.758810e-05	-8.060280e-06	8.364150e-05	3.376047e-05	4.988103e-05
198           	1.083267e-02	5.454186e-03	5.378486e-03	-2.249963e-03	4.391635e-03	-6.641598e-03	5.516616e-03	3.785016e-05	-8.496885e-06	8.315665e-05	3.308144e-05	5.007521e-05
199           	1.082965e-02	5.452934e-03	5.376716e-03	-2.250107e-03	4.390399e-03	-6.640505e-03	5.515452e-03	3.810929e-05	-8.928520e-06	8.267776e-05	3.241036e-05	5.026740e-05
200           	1.082669e-02	5.451711e-03	5.374980e-03	-2.250247e-03	4.389190e-03	-6.639437e-03	5.514313e-03	3.836548e-05	-9.355197e-06	8.220479e-05	3.174720e-05	5.045759e-05
201           	1.082380e-02	5.450517e-03	5.373280e-03	-2.250383e-03	4.388007e-03	-6.638390e-03	5.513199e-03	3.861876e-05	-9.776992e-06	8.173762e-05	3.109182e-05	5.064580e-05
202           	1.082096e-02	5.449351e-03	5.371613e-03	-2.250517e-03	4.386850e-03	-6.637367e-03	5.512108e-03	3.886917e-05	-1.019402e-05	8.127612e-05	3.044404e-05	5.083207e-05
203           	1.081819e-02	5.448212e-03	5.369979e-03	-2.250647e-03	4.385718e-03	-6.636365e-03	5.511042e-03	3.911673e-05	-1.060634e-05	8.082018e-05	2.980375e-05	5.101643e-05
204           	1.081547e-02	5.447095e-03	5.368379e-03	-2.250771e-03	4.384608e-03	-6.635379e-03	5.509993e-03	3.935758e-05	-1.100790e-05	8.037481e-05	2.917950e-05	5.119531e-05
205           	1.081282e-02	5.446005e-03	5.366811e-03	-2.250894e-03	4.383523e-03	-6.634416e-03	5.508969e-03	3.959707e-05	-1.140721e-05	7.993295e-05	2.855927e-05	5.137368e-05
206           	1.081022e-02	5.444943e-03	5.365273e-03	-2.251014e-03	4.382462e-03	-6.633476e-03	5.507969e-03	3.983534e-05	-1.180448e-05	7.949440e-05	2.794272e-05	5.155168e-05
207           	1.080767e-02	5.443908e-03	5.363764e-03	-2.251131e-03	4.381425e-03	-6.632556e-03	5.506991e-03	4.007222e-05	-1.219945e-05	7.905935e-05	2.733023e-05	5.172912e-05
208           	1.080518e-02	5.442899e-03	5.362284e-03	-2.251246e-03	4.380412e-03	-6.631658e-03	5.506035e-03	4.030736e-05	-1.259155e-05	7.862823e-05	2.672257e-05	5.190566e-05
209           	1.080275e-02	5.441914e-03	5.360833e-03	-2.251358e-03	4.379421e-03	-6.630779e-03	5.505100e-03	4.054033e-05	-1.298006e-05	7.820161e-05	2.612075e-05	5.208086e-05
210           	1.080036e-02	5.440952e-03	5.359411e-03	-2.251468e-03	4.378451e-03	-6.629919e-03	5.504185e-03	4.077076e-05	-1.336433e-05	7.778000e-05	2.552567e-05	5.225433e-05
211           	1.079803e-02	5.440013e-03	5.358017e-03	-2.251575e-03	4.377502e-03	-6.629077e-03	5.503290e-03	4.099837e-05	-1.374391e-05	7.736373e-05	2.493796e-05	5.242577e-05
212           	1.079575e-02	5.439096e-03	5.356650e-03	-2.251679e-03	4.376574e-03	-6.628253e-03	5.502413e-03	4.122303e-05	-1.411855e-05	7.695299e-05	2.435794e-05	5.259505e-05
213           	1.079351e-02	5.438200e-03	5.355311e-03	-2.251780e-03	4.375665e-03	-6.627445e-03	5.501555e-03	4.144474e-05	-1.448824e-05	7.654779e-05	2.378565e-05	5.276214e-05
214           	1.079276e-02	5.437971e-03	5.354785e-03	-2.252246e-03	4.375529e-03	-6.627775e-03	5.501652e-03	4.159320e-05	-1.472401e-05	7.628169e-05	2.341683e-05	5.286486e-05
215           	1.079224e-02	5.437813e-03	5.354429e-03	-2.252926e-03	4.375548e-03	-6.628474e-03	5.502011e-03	4.169182e-05	-1.486904e-05	7.611001e-05	2.318596e-05	5.292405e-05
216           	1.079180e-02	5.437666e-03	5.354133e-03	-2.253661e-03	4.375602e-03	-6.629263e-03	5.502433e-03	4.176636e-05	-1.497062e-05	7.598450e-05	2.302163e-05	5.296287e-05
217           	1.079128e-02	5.437480e-03	5.353801e-03	-2.254312e-03	4.375589e-03	-6.629901e-03	5.502745e-03	4.183948e-05	-1.507017e-05	7.586324e-05	2.286144e-05	5.300179e-05
218           	1.079059e-02	5.437223e-03	5.353369e-03	-2.254787e-03	4.375436e-03	-6.630223e-03	5.502830e-03	4.192713e-05	-1.519675e-05	7.571692e-05	2.266170e-05	5.305521e-05
219           	1.078968e-02	5.436877e-03	5.352806e-03	-2.255042e-03	4.375112e-03	-6.630154e-03	5.502633e-03	4.203525e-05	-1.536174e-05	7.553350e-05	2.240501e-05	5.312849e-05
220           	1.078856e-02	5.436448e-03	5.352117e-03	-2.255086e-03	4.374628e-03	-6.629713e-03	5.502170e-03	4.216540e-05	-1.556691e-05	7.531134e-05	2.208876e-05	5.322258e-05
221           	1.078729e-02	5.435963e-03	5.351327e-03	-2.254967e-03	4.374023e-03	-6.628989e-03	5.501506e-03	4.231818e-05	-1.581232e-05	7.505045e-05	2.171291e-05	5.333754e-05
222           	1.078591e-02	5.435445e-03	5.350468e-03	-2.254739e-03	4.373341e-03	-6.628079e-03	5.500710e-03	4.248843e-05	-1.608904e-05	7.475982e-05	2.129087e-05	5.346895e-05
223           	1.078450e-02	5.434913e-03	5.349591e-03	-2.254467e-03	4.372634e-03	-6.627101e-03	5.499868e-03	4.266104e-05	-1.637071e-05	7.446470e-05	2.086164e-05	5.360306e-05
224           	1.078313e-02	5.434392e-03	5.348735e-03	-2.254214e-03	4.371951e-03	-6.626166e-03	5.499058e-03	4.282889e-05	-1.664465e-05	7.417689e-05	2.044380e-05	5.373310e-05
225           	1.078183e-02	5.433900e-03	5.347928e-03	-2.254021e-03	4.371328e-03	-6.625349e-03	5.498338e-03	4.298596e-05	-1.690004e-05	7.390682e-05	2.005337e-05	5.385345e-05
226           	1.078063e-02	5.433445e-03	5.347186e-03	-2.253911e-03	4.370780e-03	-6.624691e-03	5.497736e-03	4.312928e-05	-1.713154e-05	7.365978e-05	1.969835e-05	5.396143e-05
227           	1.077954e-02	5.433028e-03	5.346509e-03	-2.253886e-03	4.370309e-03	-6.624195e-03	5.497252e-03	4.325944e-05	-1.734016e-05	7.343514e-05	1.937741e-05	5.405772e-05
228           	1.077853e-02	5.432646e-03	5.345887e-03	-2.253932e-03	4.369906e-03	-6.623838e-03	5.496872e-03	4.337959e-05	-1.753125e-05	7.322807e-05	1.908279e-05	5.414528e-05
229           	1.077760e-02	5.432292e-03	5.345306e-03	-2.254029e-03	4.369550e-03	-6.623579e-03	5.496565e-03	4.349292e-05	-1.771044e-05	7.303340e-05	1.880626e-05	5.422714e-05
230           	1.077670e-02	5.431953e-03	5.344749e-03	-2.254151e-03	4.369222e-03	-6.623373e-03	5.496298e-03	4.360234e-05	-1.788302e-05	7.284612e-05	1.854004e-05	5.430608e-05
231           	1.077582e-02	5.431620e-03	5.344200e-03	-2.254274e-03	4.368900e-03	-6.623174e-03	5.496037e-03	4.371030e-05	-1.805352e-05	7.266187e-05	1.827741e-05	5.438446e-05
232           	1.077493e-02	5.431285e-03	5.343648e-03	-2.254379e-03	4.368568e-03	-6.622947e-03	5.495758e-03	4.381851e-05	-1.822520e-05	7.247745e-05	1.801352e-05	5.446393e-05
233           	1.077403e-02	5.430941e-03	5.343085e-03	-2.254455e-03	4.368216e-03	-6.622671e-03	5.495444e-03	4.392792e-05	-1.839983e-05	7.229101e-05	1.774567e-05	5.454534e-05
234           	1.077310e-02	5.430587e-03	5.342510e-03	-2.254500e-03	4.367841e-03	-6.622340e-03	5.495091e-03	4.403873e-05	-1.857785e-05	7.210198e-05	1.747314e-05	5.462885e-05
235           	1.077215e-02	5.430225e-03	5.341923e-03	-2.254515e-03	4.367445e-03	-6.621960e-03	5.494703e-03	4.415070e-05	-1.875879e-05	7.191067e-05	1.719655e-05	5.471412e-05
236           	1.077119e-02	5.429857e-03	5.341330e-03	-2.254509e-03	4.367035e-03	-6.621544e-03	5.494290e-03	4.426329e-05	-1.894160e-05	7.171794e-05	1.691737e-05	5.480057e-05
237           	1.077022e-02	5.429488e-03	5.340736e-03	-2.254490e-03	4.366619e-03	-6.621109e-03	5.493864e-03	4.437585e-05	-1.912502e-05	7.152492e-05	1.663744e-05	5.488748e-05
238           	1.076927e-02	5.429122e-03	5.340146e-03	-2.254468e-03	4.366204e-03	-6.620672e-03	5.493438e-03	4.448769e-05	-1.930772e-05	7.133277e-05	1.635867e-05	5.497410e-05
239           	1.076833e-02	5.428762e-03	5.339565e-03	-2.254451e-03	4.365797e-03	-6.620247e-03	5.493022e-03	4.459828e-05	-1.948863e-05	7.114245e-05	1.608260e-05	5.505985e-05
240           	1.076740e-02	5.428405e-03	5.338999e-03	-2.254440e-03	4.365399e-03	-6.619839e-03	5.492619e-03	4.470325e-05	-1.966045e-05	7.096053e-05	1.581982e-05	5.514071e-05
241           	1.076650e-02	5.428060e-03	5.338444e-03	-2.254441e-03	4.365015e-03	-6.619456e-03	5.492236e-03	4.480787e-05	-1.983174e-05	7.077936e-05	1.555794e-05	5.522141e-05
242           	1.076562e-02	5.427725e-03	5.337900e-03	-2.254452e-03	4.364646e-03	-6.619098e-03	5.491872e-03	4.491232e-05	-2.000271e-05	7.059877e-05	1.529668e-05	5.530209e-05
243           	1.076476e-02	5.427399e-03	5.337366e-03	-2.254472e-03	4.364289e-03	-6.618761e-03	5.491525e-03	4.501660e-05	-2.017337e-05	7.041877e-05	1.503602e-05	5.538276e-05
244           	1.076392e-02	5.427082e-03	5.336840e-03	-2.254497e-03	4.363942e-03	-6.618439e-03	5.491190e-03	4.512063e-05	-2.034356e-05	7.023951e-05	1.477620e-05	5.546331e-05
245           	1.076309e-02	5.426770e-03	5.336321e-03	-2.254524e-03	4.363601e-03	-6.618125e-03	5.490863e-03	4.522422e-05	-2.051300e-05	7.006121e-05	1.451761e-05	5.554360e-05
246           	1.076227e-02	5.426462e-03	5.335808e-03	-2.254550e-03	4.363265e-03	-6.617815e-03	5.490540e-03	4.532718e-05	-2.068138e-05	6.988414e-05	1.426069e-05	5.562345e-05
247           	1.076146e-02	5.426157e-03	5.335299e-03	-2.254574e-03	4.362930e-03	-6.617504e-03	5.490217e-03	4.542929e-05	-2.084839e-05	6.970856e-05	1.400589e-05	5.570267e-05
248           	1.076065e-02	5.425854e-03	5.334793e-03	-2.254594e-03	4.362597e-03	-6.617191e-03	5.489894e-03	4.553040e-05	-2.101378e-05	6.953468e-05	1.375356e-05	5.578112e-05
249           	1.075984e-02	5.425552e-03	5.334292e-03	-2.254610e-03	4.362264e-03	-6.616874e-03	5.489569e-03	4.563040e-05	-2.117737e-05	6.936265e-05	1.350395e-05	5.585870e-05
250           	1.075905e-02	5.425253e-03	5.333794e-03	-2.254623e-03	4.361933e-03	-6.616555e-03	5.489244e-03	4.572926e-05	-2.133909e-05	6.919253e-05	1.325717e-05	5.593536e-05
251           	1.075826e-02	5.424955e-03	5.333301e-03	-2.254633e-03	4.361603e-03	-6.616236e-03	5.488920e-03	4.582698e-05	-2.149894e-05	6.902432e-05	1.301321e-05	5.601110e-05
252           	1.075747e-02	5.424661e-03	5.332813e-03	-2.254642e-03	4.361276e-03	-6.615918e-03	5.488597e-03	4.592361e-05	-2.165699e-05	6.885797e-05	1.277200e-05	5.608597e-05
253           	1.075670e-02	5.424369e-03	5.332331e-03	-2.254651e-03	4.360953e-03	-6.615604e-03	5.488279e-03	4.601923e-05	-2.181332e-05	6.869342e-05	1.253339e-05	5.616003e-05
254           	1.075594e-02	5.424082e-03	5.331854e-03	-2.254660e-03	4.360635e-03	-6.615295e-03	5.487965e-03	4.611390e-05	-2.196806e-05	6.853055e-05	1.229722e-05	5.623333e-05
255           	1.075518e-02	5.423799e-03	5.331384e-03	-2.254671e-03	4.360321e-03	-6.614992e-03	5.487657e-03	4.620771e-05	-2.212131e-05	6.836927e-05	1.206333e-05	5.630595e-05
256           	1.075444e-02	5.423521e-03	5.330919e-03	-2.254683e-03	4.360013e-03	-6.614695e-03	5.487354e-03	4.630071e-05	-2.227318e-05	6.820952e-05	1.183158e-05	5.637793e-05
257           	1.075371e-02	5.423246e-03	5.330460e-03	-2.254696e-03	4.359709e-03	-6.614404e-03	5.487056e-03	4.639294e-05	-2.242373e-05	6.805122e-05	1.160188e-05	5.644934e-05
258           	1.075298e-02	5.422976e-03	5.330007e-03	-2.254710e-03	4.359409e-03	-6.614119e-03	5.486764e-03	4.648444e-05	-2.257302e-05	6.789433e-05	1.137415e-05	5.652018e-05
259           	1.075227e-02	5.422709e-03	5.329559e-03	-2.254724e-03	4.359114e-03	-6.613837e-03	5.486476e-03	4.657521e-05	-2.272109e-05	6.773881e-05	1.114831e-05	5.659049e-05
260           	1.075156e-02	5.422446e-03	5.329116e-03	-2.254738e-03	4.358822e-03	-6.613560e-03	5.486191e-03	4.666528e-05	-2.286796e-05	6.758464e-05	1.092436e-05	5.666028e-05
261           	1.075086e-02	5.422187e-03	5.328677e-03	-2.254751e-03	4.358533e-03	-6.613285e-03	5.485909e-03	4.675466e-05	-2.301367e-05	6.743179e-05	1.070223e-05	5.672956e-05
262           	1.075017e-02	5.421930e-03	5.328243e-03	-2.254764e-03	4.358248e-03	-6.613012e-03	5.485630e-03	4.684336e-05	-2.315825e-05	6.728023e-05	1.048187e-05	5.679837e-05
263           	1.074949e-02	5.421677e-03	5.327814e-03	-2.254777e-03	4.357966e-03	-6.612742e-03	5.485354e-03	4.693143e-05	-2.330176e-05	6.712991e-05	1.026320e-05	5.686672e-05
264           	1.074881e-02	5.421426e-03	5.327389e-03	-2.254788e-03	4.357686e-03	-6.612474e-03	5.485080e-03	4.701889e-05	-2.344427e-05	6.698077e-05	1.004612e-05	5.693465e-05
265           	1.074815e-02	5.421179e-03	5.326968e-03	-2.254799e-03	4.357409e-03	-6.612209e-03	5.484809e-03	4.710578e-05	-2.358584e-05	6.683273e-05	9.830530e-06	5.700220e-05
266           	1.074749e-02	5.420935e-03	5.326551e-03	-2.254810e-03	4.357136e-03	-6.611946e-03	5.484541e-03	4.719214e-05	-2.372653e-05	6.668575e-05	9.616346e-06	5.706940e-05
267           	1.074683e-02	5.420694e-03	5.326138e-03	-2.254820e-03	4.356865e-03	-6.611685e-03	5.484275e-03	4.727800e-05	-2.386638e-05	6.653978e-05	9.403511e-06	5.713627e-05
268           	1.074619e-02	5.420450e-03	5.325736e-03	-2.254829e-03	4.356596e-03	-6.611425e-03	5.484010e-03	4.735698e-05	-2.399476e-05	6.640396e-05	9.207223e-06	5.719674e-05
269           	1.074555e-02	5.420211e-03	5.325336e-03	-2.254839e-03	4.356330e-03	-6.611169e-03	5.483749e-03	4.743749e-05	-2.412570e-05	6.626626e-05	9.007430e-06	5.725883e-05
270           	1.074492e-02	5.419978e-03	5.324938e-03	-2.254848e-03	4.356068e-03	-6.610917e-03	5.483493e-03	4.751971e-05	-2.425950e-05	6.612646e-05	8.803730e-06	5.732273e-05
271           	1.074429e-02	5.419757e-03	5.324537e-03	-2.254859e-03	4.355813e-03	-6.610672e-03	5.483243e-03	4.760997e-05	-2.440668e-05	6.597556e-05	8.581099e-06	5.739446e-05
272           	1.074368e-02	5.419532e-03	5.324147e-03	-2.254868e-03	4.355559e-03	-6.610427e-03	5.482993e-03	4.769275e-05	-2.454138e-05	6.583564e-05	8.376445e-06	5.745920e-05
273           	1.074307e-02	5.419311e-03	5.323760e-03	-2.254878e-03	4.355308e-03	-6.610186e-03	5.482747e-03	4.777581e-05	-2.467654e-05	6.569560e-05	8.171258e-06	5.752434e-05
274           	1.074247e-02	5.419094e-03	5.323376e-03	-2.254888e-03	4.355060e-03	-6.609948e-03	5.482504e-03	4.785896e-05	-2.481186e-05	6.555568e-05	7.965979e-06	5.758970e-05
275           	1.074188e-02	5.418880e-03	5.322996e-03	-2.254897e-03	4.354815e-03	-6.609713e-03	5.482264e-03	4.794197e-05	-2.494696e-05	6.541617e-05	7.761121e-06	5.765505e-05
276           	1.074129e-02	5.418670e-03	5.322620e-03	-2.254907e-03	4.354574e-03	-6.609481e-03	5.482027e-03	4.802464e-05	-2.508151e-05	6.527735e-05	7.557171e-06	5.772018e-05
277           	1.074071e-02	5.418462e-03	5.322248e-03	-2.254917e-03	4.354335e-03	-6.609252e-03	5.481793e-03	4.810680e-05	-2.521521e-05	6.513946e-05	7.354523e-06	5.778493e-05
278           	1.074014e-02	5.418257e-03	5.321880e-03	-2.254926e-03	4.354099e-03	-6.609025e-03	5.481562e-03	4.818834e-05	-2.534788e-05	6.500263e-05	7.153438e-06	5.784919e-05
279           	1.073957e-02	5.418055e-03	5.321517e-03	-2.254936e-03	4.353866e-03	-6.608802e-03	5.481334e-03	4.826922e-05	-2.547944e-05	6.486694e-05	6.954031e-06	5.791291e-05
280           	1.073901e-02	5.417856e-03	5.321157e-03	-2.254945e-03	4.353635e-03	-6.608581e-03	5.481108e-03	4.834944e-05	-2.560991e-05	6.473239e-05	6.756290e-06	5.797610e-05
281           	1.073846e-02	5.417659e-03	5.320801e-03	-2.254954e-03	4.353408e-03	-6.608362e-03	5.480885e-03	4.842905e-05	-2.573935e-05	6.459892e-05	6.560108e-06	5.803881e-05
282           	1.073791e-02	5.417464e-03	5.320448e-03	-2.254963e-03	4.353182e-03	-6.608146e-03	5.480664e-03	4.850812e-05	-2.586790e-05	6.446644e-05	6.365323e-06	5.810111e-05
283           	1.073737e-02	5.417273e-03	5.320100e-03	-2.254972e-03	4.352960e-03	-6.607932e-03	5.480446e-03	4.858674e-05	-2.599566e-05	6.433484e-05	6.171760e-06	5.816308e-05
284           	1.073684e-02	5.417084e-03	5.319754e-03	-2.254981e-03	4.352740e-03	-6.607720e-03	5.480230e-03	4.866496e-05	-2.612276e-05	6.420406e-05	5.979268e-06	5.822479e-05
285           	1.073631e-02	5.416898e-03	5.319413e-03	-2.254989e-03	4.352522e-03	-6.607512e-03	5.480017e-03	4.874284e-05	-2.624927e-05	6.407401e-05	5.787736e-06	5.828628e-05
286           	1.073579e-02	5.416715e-03	5.319074e-03	-2.254998e-03	4.352308e-03	-6.607305e-03	5.479806e-03	4.882041e-05	-2.637524e-05	6.394468e-05	5.597099e-06	5.834758e-05
287           	1.073527e-02	5.416534e-03	5.318739e-03	-2.255006e-03	4.352095e-03	-6.607101e-03	5.479598e-03	4.889768e-05	-2.650068e-05	6.381603e-05	5.407335e-06	5.840870e-05
288           	1.073476e-02	5.416357e-03	5.318407e-03	-2.255014e-03	4.351886e-03	-6.606900e-03	5.479393e-03	4.897464e-05	-2.662558e-05	6.368809e-05	5.218461e-06	5.846963e-05
289           	1.073426e-02	5.416181e-03	5.318079e-03	-2.255022e-03	4.351679e-03	-6.606701e-03	5.479190e-03	4.905127e-05	-2.674991e-05	6.356086e-05	5.030516e-06	5.853034e-05
290           	1.073376e-02	5.416009e-03	5.317754e-03	-2.255030e-03	4.351474e-03	-6.606504e-03	5.478989e-03	4.912754e-05	-2.687363e-05	6.343437e-05	4.843555e-06	5.859082e-05
291           	1.073327e-02	5.415839e-03	5.317432e-03	-2.255038e-03	4.351272e-03	-6.606310e-03	5.478791e-03	4.920343e-05	-2.699669e-05	6.330865e-05	4.657631e-06	5.865102e-05
292           	1.073278e-02	5.415671e-03	5.317113e-03	-2.255046e-03	4.351072e-03	-6.606118e-03	5.478595e-03	4.927892e-05	-2.711907e-05	6.318373e-05	4.472796e-06	5.871093e-05
293           	1.073230e-02	5.415506e-03	5.316798e-03	-2.255054e-03	4.350875e-03	-6.605929e-03	5.478402e-03	4.935398e-05	-2.724072e-05	6.305961e-05	4.289087e-06	5.877052e-05
294           	1.073183e-02	5.415344e-03	5.316486e-03	-2.255062e-03	4.350680e-03	-6.605742e-03	5.478211e-03	4.942862e-05	-2.736163e-05	6.293631e-05	4.106527e-06	5.882978e-05
295           	1.073136e-02	5.415183e-03	5.316178e-03	-2.255070e-03	4.350488e-03	-6.605558e-03	5.478023e-03	4.950281e-05	-2.748179e-05	6.281384e-05	3.925128e-06	5.888871e-05
296           	1.073090e-02	5.415025e-03	5.315872e-03	-2.255078e-03	4.350298e-03	-6.605376e-03	5.477837e-03	4.957657e-05	-2.760121e-05	6.269219e-05	3.744885e-06	5.894730e-05
297           	1.073044e-02	5.414869e-03	5.315570e-03	-2.255086e-03	4.350110e-03	-6.605196e-03	5.477653e-03	4.964989e-05	-2.771988e-05	6.257135e-05	3.565791e-06	5.900556e-05
298           	1.072999e-02	5.414716e-03	5.315270e-03	-2.255093e-03	4.349924e-03	-6.605018e-03	5.477471e-03	4.972279e-05	-2.783782e-05	6.245133e-05	3.387840e-06	5.906349e-05
299           	1.072954e-02	5.414565e-03	5.314974e-03	-2.255101e-03	4.349741e-03	-6.604842e-03	5.477292e-03	4.979525e-05	-2.795503e-05	6.233211e-05	3.211027e-06	5.912109e-05
300           	1.072910e-02	5.414416e-03	5.314681e-03	-2.255109e-03	4.349560e-03	-6.604669e-03	5.477114e-03	4.986729e-05	-2.807150e-05	6.221371e-05	3.035355e-06	5.917835e-05
301           	1.072866e-02	5.414269e-03	5.314391e-03	-2.255116e-03	4.349381e-03	-6.604497e-03	5.476939e-03	4.993889e-05	-2.818723e-05	6.209612e-05	2.860831e-06	5.923529e-05
302           	1.072823e-02	5.414124e-03	5.314104e-03	-2.255124e-03	4.349204e-03	-6.604328e-03	5.476766e-03	5.001006e-05	-2.830221e-05	6.197936e-05	2.687464e-06	5.929189e-05
303           	1.072780e-02	5.413981e-03	5.313820e-03	-2.255131e-03	4.349029e-03	-6.604161e-03	5.476595e-03	5.008080e-05	-2.841645e-05	6.186341e-05	2.515256e-06	5.934815e-05
304           	1.072738e-02	5.413841e-03	5.313538e-03	-2.255138e-03	4.348857e-03	-6.603995e-03	5.476426e-03	5.015109e-05	-2.852993e-05	6.174828e-05	2.344205e-06	5.940407e-05
305           	1.072696e-02	5.413702e-03	5.313260e-03	-2.255146e-03	4.348686e-03	-6.603832e-03	5.476259e-03	5.022095e-05	-2.864267e-05	6.163396e-05	2.174309e-06	5.945965e-05
306           	1.072655e-02	5.413565e-03	5.312985e-03	-2.255153e-03	4.348518e-03	-6.603671e-03	5.476094e-03	5.029037e-05	-2.875466e-05	6.152046e-05	2.005565e-06	5.951489e-05
307           	1.072614e-02	5.413431e-03	5.312712e-03	-2.255160e-03	4.348351e-03	-6.603512e-03	5.475932e-03	5.035936e-05	-2.886591e-05	6.140776e-05	1.837974e-06	5.956979e-05
308           	1.072574e-02	5.413298e-03	5.312442e-03	-2.255167e-03	4.348187e-03	-6.603354e-03	5.475771e-03	5.042790e-05	-2.897640e-05	6.129588e-05	1.671536e-06	5.962434e-05
309           	1.072534e-02	5.413167e-03	5.312175e-03	-2.255175e-03	4.348025e-03	-6.603199e-03	5.475612e-03	5.049601e-05	-2.908616e-05	6.118480e-05	1.506245e-06	5.967855e-05
310           	1.072495e-02	5.413039e-03	5.311911e-03	-2.255182e-03	4.347864e-03	-6.603046e-03	5.475455e-03	5.056369e-05	-2.919517e-05	6.107452e-05	1.342094e-06	5.973243e-05
311           	1.072455e-02	5.412911e-03	5.311643e-03	-2.255180e-03	4.347703e-03	-6.602883e-03	5.475293e-03	5.063400e-05	-2.930918e-05	6.095617e-05	1.168910e-06	5.978726e-05
312           	1.072417e-02	5.412785e-03	5.311381e-03	-2.255180e-03	4.347543e-03	-6.602724e-03	5.475134e-03	5.070185e-05	-2.941901e-05	6.084320e-05	1.002588e-06	5.984062e-05
313           	1.072378e-02	5.412660e-03	5.311124e-03	-2.255184e-03	4.347387e-03	-6.602572e-03	5.474979e-03	5.076762e-05	-2.952524e-05	6.073505e-05	8.422856e-07	5.989277e-05
314           	1.072341e-02	5.412536e-03	5.310873e-03	-2.255192e-03	4.347234e-03	-6.602426e-03	5.474830e-03	5.083191e-05	-2.962880e-05	6.063060e-05	6.865013e-07	5.994410e-05
315           	1.072303e-02	5.412415e-03	5.310618e-03	-2.255193e-03	4.347080e-03	-6.602273e-03	5.474677e-03	5.089871e-05	-2.973690e-05	6.051923e-05	5.227156e-07	5.999651e-05
316           	1.072266e-02	5.412295e-03	5.310369e-03	-2.255198e-03	4.346929e-03	-6.602127e-03	5.474528e-03	5.096303e-05	-2.984066e-05	6.041378e-05	3.662335e-07	6.004755e-05
317           	1.072230e-02	5.412177e-03	5.310119e-03	-2.255198e-03	4.346778e-03	-6.601976e-03	5.474377e-03	5.102933e-05	-2.994799e-05	6.030290e-05	2.034657e-07	6.009944e-05
318           	1.072194e-02	5.412061e-03	5.309876e-03	-2.255202e-03	4.346631e-03	-6.601833e-03	5.474232e-03	5.109243e-05	-3.004972e-05	6.019967e-05	5.011710e-08	6.014955e-05
319           	1.072159e-02	5.411946e-03	5.309639e-03	-2.255213e-03	4.346488e-03	-6.601701e-03	5.474094e-03	5.115344e-05	-3.014767e-05	6.010183e-05	-9.675257e-08	6.019858e-05
320           	1.072123e-02	5.411834e-03	5.309399e-03	-2.255218e-03	4.346344e-03	-6.601562e-03	5.473953e-03	5.121711e-05	-3.025027e-05	5.999731e-05	-2.516104e-07	6.024892e-05
321           	1.072088e-02	5.411723e-03	5.309158e-03	-2.255218e-03	4.346200e-03	-6.601417e-03	5.473809e-03	5.128241e-05	-3.035580e-05	5.988838e-05	-4.116115e-07	6.029999e-05
322           	1.072054e-02	5.411614e-03	5.308926e-03	-2.255223e-03	4.346060e-03	-6.601283e-03	5.473672e-03	5.134383e-05	-3.045466e-05	5.978843e-05	-5.604439e-07	6.034887e-05
323           	1.072020e-02	5.411506e-03	5.308692e-03	-2.255226e-03	4.345920e-03	-6.601146e-03	5.473533e-03	5.140688e-05	-3.055639e-05	5.968427e-05	-7.142517e-07	6.039852e-05
324           	1.071987e-02	5.411400e-03	5.308467e-03	-2.255235e-03	4.345786e-03	-6.601020e-03	5.473403e-03	5.146624e-05	-3.065171e-05	5.958881e-05	-8.573033e-07	6.044612e-05
325           	1.071954e-02	5.411295e-03	5.308240e-03	-2.255240e-03	4.345650e-03	-6.600890e-03	5.473270e-03	5.152759e-05	-3.075048e-05	5.948845e-05	-1.006253e-06	6.049470e-05
326           	1.071920e-02	5.411193e-03	5.308012e-03	-2.255241e-03	4.345515e-03	-6.600756e-03	5.473136e-03	5.159011e-05	-3.085134e-05	5.938494e-05	-1.158874e-06	6.054381e-05
327           	1.071888e-02	5.411091e-03	5.307794e-03	-2.255249e-03	4.345385e-03	-6.600635e-03	5.473010e-03	5.164825e-05	-3.094468e-05	5.929154e-05	-1.298909e-06	6.059045e-05
328           	1.071857e-02	5.410991e-03	5.307575e-03	-2.255255e-03	4.345255e-03	-6.600510e-03	5.472882e-03	5.170815e-05	-3.104102e-05	5.919389e-05	-1.444078e-06	6.063797e-05
329           	1.071825e-02	5.410893e-03	5.307354e-03	-2.255256e-03	4.345125e-03	-6.600381e-03	5.472753e-03	5.176909e-05	-3.113921e-05	5.909349e-05	-1.592468e-06	6.068596e-05
330           	1.071794e-02	5.410795e-03	5.307144e-03	-2.255266e-03	4.345000e-03	-6.600266e-03	5.472633e-03	5.182553e-05	-3.122966e-05	5.900351e-05	-1.727901e-06	6.073141e-05
331           	1.071763e-02	5.410700e-03	5.306932e-03	-2.255273e-03	4.344875e-03	-6.600148e-03	5.472512e-03	5.188382e-05	-3.132326e-05	5.890915e-05	-1.868683e-06	6.077783e-05
332           	1.071733e-02	5.410606e-03	5.306719e-03	-2.255276e-03	4.344750e-03	-6.600026e-03	5.472388e-03	5.194332e-05	-3.141896e-05	5.881177e-05	-2.013077e-06	6.082485e-05
333           	1.071702e-02	5.410514e-03	5.306507e-03	-2.255276e-03	4.344625e-03	-6.599901e-03	5.472263e-03	5.200330e-05	-3.151557e-05	5.871292e-05	-2.159106e-06	6.087203e-05
334           	1.071672e-02	5.410422e-03	5.306296e-03	-2.255275e-03	4.344502e-03	-6.599776e-03	5.472139e-03	5.206309e-05	-3.161194e-05	5.861407e-05	-2.304900e-06	6.091897e-05
335           	1.071643e-02	5.410332e-03	5.306098e-03	-2.255285e-03	4.344384e-03	-6.599669e-03	5.472027e-03	5.211696e-05	-3.169818e-05	5.852862e-05	-2.433868e-06	6.096249e-05
336           	1.071614e-02	5.410242e-03	5.305898e-03	-2.255293e-03	4.344267e-03	-6.599560e-03	5.471913e-03	5.217219e-05	-3.178667e-05	5.844013e-05	-2.566607e-06	6.100674e-05
337           	1.071585e-02	5.410155e-03	5.305698e-03	-2.255298e-03	4.344150e-03	-6.599448e-03	5.471799e-03	5.222844e-05	-3.187689e-05	5.834924e-05	-2.702275e-06	6.105151e-05
338           	1.071557e-02	5.410070e-03	5.305499e-03	-2.255301e-03	4.344034e-03	-6.599335e-03	5.471685e-03	5.228527e-05	-3.196812e-05	5.825685e-05	-2.839690e-06	6.109654e-05
339           	1.071529e-02	5.409985e-03	5.305301e-03	-2.255303e-03	4.343919e-03	-6.599222e-03	5.471570e-03	5.234222e-05	-3.205957e-05	5.816398e-05	-2.977576e-06	6.114156e-05
340           	1.071501e-02	5.409902e-03	5.305104e-03	-2.255304e-03	4.343804e-03	-6.599109e-03	5.471456e-03	5.239885e-05	-3.215054e-05	5.807153e-05	-3.114768e-06	6.118630e-05
341           	1.071474e-02	5.409819e-03	5.304920e-03	-2.255317e-03	4.343697e-03	-6.599014e-03	5.471356e-03	5.244958e-05	-3.223139e-05	5.799252e-05	-3.235131e-06	6.122765e-05
342           	1.071447e-02	5.409738e-03	5.304735e-03	-2.255328e-03	4.343590e-03	-6.598918e-03	5.471254e-03	5.250190e-05	-3.231486e-05	5.791003e-05	-3.359848e-06	6.126987e-05
343           	1.071421e-02	5.409653e-03	5.304553e-03	-2.255335e-03	4.343481e-03	-6.598815e-03	5.471148e-03	5.255000e-05	-3.239116e-05	5.783282e-05	-3.474754e-06	6.130757e-05
344           	1.071394e-02	5.409572e-03	5.304370e-03	-2.255339e-03	4.343373e-03	-6.598712e-03	5.471042e-03	5.260060e-05	-3.247171e-05	5.775111e-05	-3.596158e-06	6.134726e-05
345           	1.071368e-02	5.409493e-03	5.304186e-03	-2.255342e-03	4.343265e-03	-6.598607e-03	5.470936e-03	5.265332e-05	-3.255590e-05	5.766575e-05	-3.723024e-06	6.138877e-05
346           	1.071342e-02	5.409417e-03	5.304002e-03	-2.255343e-03	4.343159e-03	-6.598503e-03	5.470831e-03	5.270755e-05	-3.264267e-05	5.757802e-05	-3.853657e-06	6.143167e-05
347           	1.071316e-02	5.409343e-03	5.303818e-03	-2.255344e-03	4.343054e-03	-6.598399e-03	5.470727e-03	5.276253e-05	-3.273075e-05	5.748929e-05	-3.986099e-06	6.147539e-05
348           	1.071291e-02	5.409271e-03	5.303636e-03	-2.255346e-03	4.342951e-03	-6.598297e-03	5.470624e-03	5.281754e-05	-3.281891e-05	5.740085e-05	-4.118488e-06	6.151934e-05
349           	1.071266e-02	5.409200e-03	5.303456e-03	-2.255347e-03	4.342849e-03	-6.598197e-03	5.470523e-03	5.287198e-05	-3.290616e-05	5.731367e-05	-4.249324e-06	6.156300e-05
350           	1.071241e-02	5.409130e-03	5.303279e-03	-2.255350e-03	4.342749e-03	-6.598099e-03	5.470424e-03	5.292545e-05	-3.299179e-05	5.722837e-05	-4.377603e-06	6.160598e-05
351           	1.071217e-02	5.409060e-03	5.303105e-03	-2.255353e-03	4.342650e-03	-6.598004e-03	5.470327e-03	5.297775e-05	-3.307545e-05	5.714522e-05	-4.502840e-06	6.164806e-05
352           	1.071193e-02	5.408992e-03	5.302934e-03	-2.255358e-03	4.342553e-03	-6.597911e-03	5.470232e-03	5.302885e-05	-3.315709e-05	5.706417e-05	-4.625005e-06	6.168917e-05
353           	1.071169e-02	5.408923e-03	5.302766e-03	-2.255364e-03	4.342457e-03	-6.597821e-03	5.470139e-03	5.307886e-05	-3.323688e-05	5.698497e-05	-4.744397e-06	6.172936e-05
354           	1.071146e-02	5.408856e-03	5.302600e-03	-2.255370e-03	4.342363e-03	-6.597733e-03	5.470048e-03	5.312797e-05	-3.331513e-05	5.690725e-05	-4.861509e-06	6.176876e-05
355           	1.071123e-02	5.408789e-03	5.302437e-03	-2.255377e-03	4.342271e-03	-6.597647e-03	5.469959e-03	5.317638e-05	-3.339221e-05	5.683064e-05	-4.976892e-06	6.180753e-05
356           	1.071100e-02	5.408724e-03	5.302275e-03	-2.255384e-03	4.342179e-03	-6.597563e-03	5.469871e-03	5.322430e-05	-3.346845e-05	5.675478e-05	-5.091059e-06	6.184584e-05
357           	1.071078e-02	5.408660e-03	5.302116e-03	-2.255391e-03	4.342089e-03	-6.597480e-03	5.469784e-03	5.327190e-05	-3.354413e-05	5.667943e-05	-5.204415e-06	6.188385e-05
358           	1.071055e-02	5.408596e-03	5.301958e-03	-2.255397e-03	4.342000e-03	-6.597397e-03	5.469699e-03	5.331927e-05	-3.361944e-05	5.660442e-05	-5.317228e-06	6.192165e-05
359           	1.071034e-02	5.408534e-03	5.301801e-03	-2.255404e-03	4.341912e-03	-6.597316e-03	5.469614e-03	5.336648e-05	-3.369447e-05	5.652969e-05	-5.429621e-06	6.195931e-05
360           	1.071012e-02	5.408473e-03	5.301646e-03	-2.255410e-03	4.341825e-03	-6.597235e-03	5.469530e-03	5.341353e-05	-3.376923e-05	5.645527e-05	-5.541593e-06	6.199686e-05
361           	1.070990e-02	5.408413e-03	5.301492e-03	-2.255416e-03	4.341739e-03	-6.597155e-03	5.469447e-03	5.346037e-05	-3.384367e-05	5.638122e-05	-5.653058e-06	6.203428e-05
362           	1.070969e-02	5.408353e-03	5.301339e-03	-2.255421e-03	4.341654e-03	-6.597075e-03	5.469364e-03	5.350697e-05	-3.391770e-05	5.630765e-05	-5.763875e-06	6.207153e-05
363           	1.070948e-02	5.408295e-03	5.301188e-03	-2.255426e-03	4.341569e-03	-6.596996e-03	5.469283e-03	5.355325e-05	-3.399122e-05	5.623466e-05	-5.873888e-06	6.210855e-05
364           	1.070928e-02	5.408237e-03	5.301039e-03	-2.255431e-03	4.341486e-03	-6.596917e-03	5.469202e-03	5.359916e-05	-3.406413e-05	5.616235e-05	-5.982957e-06	6.214531e-05
365           	1.070907e-02	5.408180e-03	5.300891e-03	-2.255436e-03	4.341403e-03	-6.596840e-03	5.469122e-03	5.364466e-05	-3.413636e-05	5.609077e-05	-6.090970e-06	6.218174e-05
366           	1.070887e-02	5.408124e-03	5.300745e-03	-2.255441e-03	4.341322e-03	-6.596763e-03	5.469042e-03	5.368971e-05	-3.420785e-05	5.601997e-05	-6.197862e-06	6.221783e-05
367           	1.070867e-02	5.408069e-03	5.300600e-03	-2.255446e-03	4.341241e-03	-6.596687e-03	5.468964e-03	5.373431e-05	-3.427858e-05	5.594994e-05	-6.303609e-06	6.225355e-05
368           	1.070847e-02	5.408014e-03	5.300457e-03	-2.255450e-03	4.341162e-03	-6.596612e-03	5.468887e-03	5.377845e-05	-3.434856e-05	5.588067e-05	-6.408222e-06	6.228889e-05
369           	1.070828e-02	5.407960e-03	5.300316e-03	-2.255455e-03	4.341083e-03	-6.596539e-03	5.468811e-03	5.382215e-05	-3.441780e-05	5.581213e-05	-6.511739e-06	6.232387e-05
370           	1.070808e-02	5.407907e-03	5.300176e-03	-2.255460e-03	4.341006e-03	-6.596466e-03	5.468736e-03	5.386542e-05	-3.448635e-05	5.574428e-05	-6.614209e-06	6.235849e-05
371           	1.070789e-02	5.407855e-03	5.300038e-03	-2.255465e-03	4.340930e-03	-6.596395e-03	5.468662e-03	5.390830e-05	-3.455423e-05	5.567708e-05	-6.715683e-06	6.239277e-05
372           	1.070770e-02	5.407803e-03	5.299902e-03	-2.255470e-03	4.340854e-03	-6.596324e-03	5.468589e-03	5.395078e-05	-3.462147e-05	5.561052e-05	-6.816209e-06	6.242673e-05
373           	1.070752e-02	5.407752e-03	5.299767e-03	-2.255475e-03	4.340780e-03	-6.596255e-03	5.468517e-03	5.399291e-05	-3.468810e-05	5.554456e-05	-6.915821e-06	6.246038e-05
374           	1.070734e-02	5.407703e-03	5.299633e-03	-2.255480e-03	4.340706e-03	-6.596186e-03	5.468446e-03	5.403467e-05	-3.475414e-05	5.547920e-05	-7.014540e-06	6.249374e-05
375           	1.070715e-02	5.407653e-03	5.299501e-03	-2.255485e-03	4.340633e-03	-6.596119e-03	5.468376e-03	5.407607e-05	-3.481959e-05	5.541443e-05	-7.112375e-06	6.252681e-05
376           	1.070698e-02	5.407605e-03	5.299371e-03	-2.255490e-03	4.340562e-03	-6.596052e-03	5.468307e-03	5.411712e-05	-3.488446e-05	5.535027e-05	-7.209324e-06	6.255959e-05
377           	1.070680e-02	5.407557e-03	5.299241e-03	-2.255495e-03	4.340491e-03	-6.595986e-03	5.468238e-03	5.415780e-05	-3.494873e-05	5.528671e-05	-7.305378e-06	6.259209e-05
378           	1.070662e-02	5.407510e-03	5.299114e-03	-2.255500e-03	4.340421e-03	-6.595921e-03	5.468171e-03	5.419813e-05	-3.501241e-05	5.522376e-05	-7.400526e-06	6.262429e-05
379           	1.070645e-02	5.407463e-03	5.298987e-03	-2.255505e-03	4.340352e-03	-6.595857e-03	5.468104e-03	5.423808e-05	-3.507548e-05	5.516144e-05	-7.494759e-06	6.265620e-05
380           	1.070628e-02	5.407418e-03	5.298862e-03	-2.255509e-03	4.340284e-03	-6.595793e-03	5.468038e-03	5.427767e-05	-3.513794e-05	5.509974e-05	-7.588072e-06	6.268781e-05
381           	1.070611e-02	5.407372e-03	5.298739e-03	-2.255514e-03	4.340216e-03	-6.595730e-03	5.467973e-03	5.431688e-05	-3.519979e-05	5.503866e-05	-7.680463e-06	6.271912e-05
382           	1.070594e-02	5.407328e-03	5.298616e-03	-2.255519e-03	4.340149e-03	-6.595668e-03	5.467909e-03	5.435571e-05	-3.526104e-05	5.497820e-05	-7.771937e-06	6.275013e-05
383           	1.070578e-02	5.407284e-03	5.298495e-03	-2.255523e-03	4.340084e-03	-6.595607e-03	5.467845e-03	5.439418e-05	-3.532168e-05	5.491834e-05	-7.862504e-06	6.278085e-05
384           	1.070562e-02	5.407241e-03	5.298376e-03	-2.255528e-03	4.340019e-03	-6.595546e-03	5.467782e-03	5.443228e-05	-3.538172e-05	5.485909e-05	-7.952176e-06	6.281126e-05
385           	1.070546e-02	5.407198e-03	5.298258e-03	-2.255532e-03	4.339954e-03	-6.595487e-03	5.467720e-03	5.447002e-05	-3.544118e-05	5.480042e-05	-8.040970e-06	6.284139e-05
386           	1.070530e-02	5.407156e-03	5.298141e-03	-2.255537e-03	4.339891e-03	-6.595428e-03	5.467659e-03	5.450740e-05	-3.550006e-05	5.474232e-05	-8.128902e-06	6.287122e-05
387           	1.070514e-02	5.407114e-03	5.298025e-03	-2.255541e-03	4.339828e-03	-6.595369e-03	5.467599e-03	5.454444e-05	-3.555838e-05	5.468479e-05	-8.215986e-06	6.290078e-05
388           	1.070498e-02	5.407073e-03	5.297911e-03	-2.255546e-03	4.339766e-03	-6.595312e-03	5.467539e-03	5.458113e-05	-3.561614e-05	5.462782e-05	-8.302236e-06	6.293005e-05
389           	1.070483e-02	5.407033e-03	5.297798e-03	-2.255550e-03	4.339705e-03	-6.595255e-03	5.467480e-03	5.461749e-05	-3.567336e-05	5.457139e-05	-8.387664e-06	6.295905e-05
390           	1.070468e-02	5.406993e-03	5.297686e-03	-2.255555e-03	4.339645e-03	-6.595199e-03	5.467422e-03	5.465351e-05	-3.573003e-05	5.451551e-05	-8.472279e-06	6.298779e-05
391           	1.070453e-02	5.406954e-03	5.297575e-03	-2.255559e-03	4.339585e-03	-6.595144e-03	5.467364e-03	5.468920e-05	-3.578617e-05	5.446017e-05	-8.556088e-06	6.301625e-05
392           	1.070438e-02	5.406915e-03	5.297466e-03	-2.255563e-03	4.339526e-03	-6.595089e-03	5.467308e-03	5.472456e-05	-3.584178e-05	5.440536e-05	-8.639098e-06	6.304446e-05
393           	1.070424e-02	5.406877e-03	5.297358e-03	-2.255568e-03	4.339468e-03	-6.595035e-03	5.467251e-03	5.475959e-05	-3.589686e-05	5.435109e-05	-8.721315e-06	6.307240e-05
394           	1.070409e-02	5.406840e-03	5.297251e-03	-2.255572e-03	4.339410e-03	-6.594982e-03	5.467196e-03	5.479430e-05	-3.595141e-05	5.429734e-05	-8.802743e-06	6.310008e-05
395           	1.070395e-02	5.406803e-03	5.297145e-03	-2.255576e-03	4.339353e-03	-6.594929e-03	5.467141e-03	5.482869e-05	-3.600545e-05	5.424412e-05	-8.883389e-06	6.312751e-05
396           	1.070381e-02	5.406766e-03	5.297041e-03	-2.255580e-03	4.339297e-03	-6.594877e-03	5.467087e-03	5.486276e-05	-3.605897e-05	5.419141e-05	-8.963263e-06	6.315468e-05
397           	1.070367e-02	5.406730e-03	5.296937e-03	-2.255585e-03	4.339242e-03	-6.594826e-03	5.467034e-03	5.489652e-05	-3.611198e-05	5.413922e-05	-9.042372e-06	6.318160e-05
398           	1.070353e-02	5.406695e-03	5.296835e-03	-2.255589e-03	4.339187e-03	-6.594776e-03	5.466981e-03	5.492996e-05	-3.616449e-05	5.408754e-05	-9.120725e-06	6.320826e-05
399           	1.070339e-02	5.406660e-03	5.296734e-03	-2.255593e-03	4.339133e-03	-6.594726e-03	5.466929e-03	5.496310e-05	-3.621651e-05	5.403635e-05	-9.198334e-06	6.323469e-05
400           	1.070326e-02	5.406625e-03	5.296633e-03	-2.255597e-03	4.339079e-03	-6.594676e-03	5.466878e-03	5.499593e-05	-3.626804e-05	5.398566e-05	-9.275206e-06	6.326087e-05
401           	1.070313e-02	5.406591e-03	5.296534e-03	-2.255601e-03	4.339026e-03	-6.594627e-03	5.466827e-03	5.502846e-05	-3.631908e-05	5.393545e-05	-9.351353e-06	6.328681e-05
402           	1.070299e-02	5.406558e-03	5.296437e-03	-2.255605e-03	4.338974e-03	-6.594579e-03	5.466777e-03	5.506070e-05	-3.636965e-05	5.388572e-05	-9.426785e-06	6.331251e-05
403           	1.070286e-02	5.406525e-03	5.296340e-03	-2.255609e-03	4.338923e-03	-6.594532e-03	5.466727e-03	5.509264e-05	-3.641974e-05	5.383647e-05	-9.501509e-06	6.333798e-05
404           	1.070274e-02	5.406492e-03	5.296244e-03	-2.255613e-03	4.338872e-03	-6.594485e-03	5.466678e-03	5.512430e-05	-3.646937e-05	5.378768e-05	-9.575535e-06	6.336322e-05
405           	1.070261e-02	5.406460e-03	5.296149e-03	-2.255617e-03	4.338821e-03	-6.594438e-03	5.466630e-03	5.515567e-05	-3.651855e-05	5.373936e-05	-9.648867e-06	6.338822e-05
406           	1.070248e-02	5.406429e-03	5.296055e-03	-2.255621e-03	4.338772e-03	-6.594393e-03	5.466582e-03	5.518675e-05	-3.656726e-05	5.369149e-05	-9.721514e-06	6.341301e-05
407           	1.070236e-02	5.406398e-03	5.295963e-03	-2.255625e-03	4.338723e-03	-6.594348e-03	5.466535e-03	5.521755e-05	-3.661552e-05	5.364408e-05	-9.793482e-06	6.343756e-05
408           	1.070224e-02	5.406367e-03	5.295871e-03	-2.255629e-03	4.338674e-03	-6.594303e-03	5.466489e-03	5.524807e-05	-3.666334e-05	5.359712e-05	-9.864779e-06	6.346190e-05
409           	1.070212e-02	5.406337e-03	5.295780e-03	-2.255633e-03	4.338626e-03	-6.594259e-03	5.466443e-03	5.527832e-05	-3.671072e-05	5.355060e-05	-9.935413e-06	6.348602e-05
410           	1.070200e-02	5.406307e-03	5.295691e-03	-2.255636e-03	4.338579e-03	-6.594215e-03	5.466397e-03	5.530830e-05	-3.675766e-05	5.350453e-05	-1.000539e-05	6.350992e-05
411           	1.070188e-02	5.406278e-03	5.295602e-03	-2.255640e-03	4.338532e-03	-6.594172e-03	5.466352e-03	5.533801e-05	-3.680417e-05	5.345889e-05	-1.007472e-05	6.353361e-05
412           	1.070176e-02	5.406249e-03	5.295514e-03	-2.255644e-03	4.338486e-03	-6.594130e-03	5.466308e-03	5.536745e-05	-3.685025e-05	5.341367e-05	-1.014342e-05	6.355709e-05
413           	1.070165e-02	5.406221e-03	5.295427e-03	-2.255648e-03	4.338440e-03	-6.594088e-03	5.466264e-03	5.539664e-05	-3.689592e-05	5.336888e-05	-1.021148e-05	6.358036e-05
414           	1.070153e-02	5.406193e-03	5.295341e-03	-2.255651e-03	4.338395e-03	-6.594047e-03	5.466221e-03	5.542556e-05	-3.694117e-05	5.332451e-05	-1.027891e-05	6.360342e-05
415           	1.070142e-02	5.406165e-03	5.295257e-03	-2.255655e-03	4.338351e-03	-6.594006e-03	5.466178e-03	5.545423e-05	-3.698601e-05	5.328055e-05	-1.034574e-05	6.362628e-05
416           	1.070131e-02	5.406138e-03	5.295172e-03	-2.255659e-03	4.338307e-03	-6.593966e-03	5.466136e-03	5.548265e-05	-3.703045e-05	5.323699e-05	-1.041195e-05	6.364895e-05
417           	1.070120e-02	5.406111e-03	5.295089e-03	-2.255662e-03	4.338263e-03	-6.593926e-03	5.466095e-03	5.551081e-05	-3.707449e-05	5.319384e-05	-1.047757e-05	6.367141e-05
418           	1.070109e-02	5.406085e-03	5.295007e-03	-2.255666e-03	4.338221e-03	-6.593886e-03	5.466053e-03	5.553873e-05	-3.711813e-05	5.315109e-05	-1.054259e-05	6.369368e-05
419           	1.070098e-02	5.406059e-03	5.294926e-03	-2.255670e-03	4.338178e-03	-6.593848e-03	5.466013e-03	5.556641e-05	-3.716139e-05	5.310873e-05	-1.060702e-05	6.371575e-05
420           	1.070088e-02	5.406033e-03	5.294845e-03	-2.255673e-03	4.338136e-03	-6.593809e-03	5.465973e-03	5.559384e-05	-3.720425e-05	5.306676e-05	-1.067087e-05	6.373763e-05
421           	1.070077e-02	5.406008e-03	5.294766e-03	-2.255677e-03	4.338095e-03	-6.593771e-03	5.465933e-03	5.562103e-05	-3.724673e-05	5.302518e-05	-1.073414e-05	6.375932e-05
422           	1.070067e-02	5.405983e-03	5.294687e-03	-2.255680e-03	4.338054e-03	-6.593734e-03	5.465894e-03	5.564798e-05	-3.728883e-05	5.298398e-05	-1.079684e-05	6.378082e-05
423           	1.070057e-02	5.405958e-03	5.294609e-03	-2.255684e-03	4.338014e-03	-6.593697e-03	5.465855e-03	5.567469e-05	-3.733056e-05	5.294316e-05	-1.085898e-05	6.380213e-05
424           	1.070046e-02	5.405929e-03	5.294536e-03	-2.255686e-03	4.337972e-03	-6.593658e-03	5.465815e-03	5.569613e-05	-3.736404e-05	5.290978e-05	-1.090915e-05	6.381893e-05
425           	1.070037e-02	5.405907e-03	5.294459e-03	-2.255690e-03	4.337933e-03	-6.593623e-03	5.465778e-03	5.572388e-05	-3.740738e-05	5.286756e-05	-1.097360e-05	6.384117e-05
426           	1.070027e-02	5.405885e-03	5.294382e-03	-2.255693e-03	4.337894e-03	-6.593588e-03	5.465741e-03	5.575153e-05	-3.745058e-05	5.282554e-05	-1.103781e-05	6.386335e-05
427           	1.070017e-02	5.405858e-03	5.294310e-03	-2.255696e-03	4.337855e-03	-6.593551e-03	5.465703e-03	5.577368e-05	-3.748518e-05	5.279127e-05	-1.108955e-05	6.388081e-05
428           	1.070007e-02	5.405832e-03	5.294239e-03	-2.255699e-03	4.337816e-03	-6.593514e-03	5.465665e-03	5.579667e-05	-3.752109e-05	5.275584e-05	-1.114317e-05	6.389901e-05
429           	1.069998e-02	5.405814e-03	5.294162e-03	-2.255703e-03	4.337779e-03	-6.593482e-03	5.465630e-03	5.582602e-05	-3.756696e-05	5.271158e-05	-1.121117e-05	6.392275e-05
430           	1.069988e-02	5.405790e-03	5.294091e-03	-2.255705e-03	4.337741e-03	-6.593447e-03	5.465594e-03	5.584939e-05	-3.760347e-05	5.267572e-05	-1.126561e-05	6.394133e-05
431           	1.069979e-02	5.405767e-03	5.294020e-03	-2.255708e-03	4.337704e-03	-6.593412e-03	5.465558e-03	5.587321e-05	-3.764068e-05	5.263926e-05	-1.132105e-05	6.396031e-05
432           	1.069969e-02	5.405745e-03	5.293950e-03	-2.255711e-03	4.337667e-03	-6.593379e-03	5.465523e-03	5.589746e-05	-3.767857e-05	5.260225e-05	-1.137745e-05	6.397970e-05
433           	1.069960e-02	5.405724e-03	5.293880e-03	-2.255714e-03	4.337631e-03	-6.593346e-03	5.465488e-03	5.592204e-05	-3.771699e-05	5.256481e-05	-1.143458e-05	6.399939e-05
434           	1.069951e-02	5.405704e-03	5.293810e-03	-2.255717e-03	4.337596e-03	-6.593313e-03	5.465455e-03	5.594682e-05	-3.775570e-05	5.252715e-05	-1.149213e-05	6.401928e-05
435           	1.069942e-02	5.405684e-03	5.293741e-03	-2.255720e-03	4.337561e-03	-6.593281e-03	5.465421e-03	5.597163e-05	-3.779445e-05	5.248950e-05	-1.154970e-05	6.403921e-05
436           	1.069934e-02	5.405665e-03	5.293672e-03	-2.255723e-03	4.337527e-03	-6.593250e-03	5.465389e-03	5.599631e-05	-3.783300e-05	5.245209e-05	-1.160695e-05	6.405904e-05
437           	1.069925e-02	5.405646e-03	5.293604e-03	-2.255726e-03	4.337493e-03	-6.593220e-03	5.465356e-03	5.602072e-05	-3.787112e-05	5.241508e-05	-1.166358e-05	6.407866e-05
438           	1.069916e-02	5.405627e-03	5.293537e-03	-2.255730e-03	4.337460e-03	-6.593189e-03	5.465325e-03	5.604479e-05	-3.790867e-05	5.237861e-05	-1.171937e-05	6.409797e-05
439           	1.069908e-02	5.405608e-03	5.293472e-03	-2.255733e-03	4.337427e-03	-6.593159e-03	5.465293e-03	5.606844e-05	-3.794557e-05	5.234274e-05	-1.177420e-05	6.411693e-05
440           	1.069900e-02	5.405590e-03	5.293407e-03	-2.255736e-03	4.337394e-03	-6.593130e-03	5.465262e-03	5.609168e-05	-3.798178e-05	5.230748e-05	-1.182804e-05	6.413552e-05
441           	1.069891e-02	5.405571e-03	5.293342e-03	-2.255739e-03	4.337362e-03	-6.593101e-03	5.465232e-03	5.611450e-05	-3.801735e-05	5.227281e-05	-1.188094e-05	6.415376e-05
442           	1.069883e-02	5.405553e-03	5.293279e-03	-2.255742e-03	4.337330e-03	-6.593073e-03	5.465201e-03	5.613696e-05	-3.805232e-05	5.223868e-05	-1.193298e-05	6.417166e-05
