# Force and moment coefficients
# dragDir     : (1.000000e+00 0.000000e+00 0.000000e+00)
# sideDir     : (0.000000e+00 1.000000e+00 0.000000e+00)
# liftDir     : (0.000000e+00 0.000000e+00 1.000000e+00)
# rollAxis    : (1.000000e+00 0.000000e+00 0.000000e+00)
# pitchAxis   : (0.000000e+00 1.000000e+00 0.000000e+00)
# yawAxis     : (0.000000e+00 0.000000e+00 1.000000e+00)
# magUInf     : 6.661800e+00
# lRef        : 1.499270e-01
# Aref        : 5.000000e-02
# CofR        : (0.000000e+00 0.000000e+00 0.000000e+00)
#
# Time        	Cd            	Cd(f)         	Cd(r)         	Cl            	Cl(f)         	Cl(r)         	CmPitch       	CmRoll        	CmYaw         	Cs            	Cs(f)         	Cs(r)         
1             	2.345325e-01	1.243505e-01	1.101820e-01	-1.280535e-03	1.076718e-01	-1.089523e-01	1.083120e-01	7.084234e-03	-5.673035e-03	-1.160467e-02	-1.147537e-02	-1.293006e-04
2             	1.752260e-01	9.330197e-02	8.192401e-02	-2.939575e-03	7.914477e-02	-8.208435e-02	8.061456e-02	5.688982e-03	-4.733512e-03	-9.318942e-03	-9.392983e-03	7.404098e-05
3             	1.352084e-01	7.115850e-02	6.404993e-02	-3.804680e-03	6.044682e-02	-6.425150e-02	6.234916e-02	3.554284e-03	-2.980833e-03	-5.799542e-03	-5.880604e-03	8.106243e-05
4             	1.047260e-01	5.362187e-02	5.110418e-02	-3.975710e-03	4.672324e-02	-5.069895e-02	4.871110e-02	1.258844e-03	-9.841204e-04	-2.006737e-03	-1.987489e-03	-1.924810e-05
5             	8.012077e-02	3.923763e-02	4.088314e-02	-3.634029e-03	3.599916e-02	-3.963318e-02	3.781617e-02	-8.227552e-04	8.701370e-04	1.427785e-03	1.584029e-03	-1.562445e-04
6             	6.046096e-02	2.786607e-02	3.259489e-02	-2.967977e-03	2.761310e-02	-3.058108e-02	2.909709e-02	-2.364412e-03	2.257318e-03	3.960189e-03	4.237413e-03	-2.772234e-04
7             	4.562430e-02	1.960565e-02	2.601865e-02	-2.155350e-03	2.134526e-02	-2.350061e-02	2.242293e-02	-3.206502e-03	3.011701e-03	5.324738e-03	5.674070e-03	-3.493321e-04
8             	3.542969e-02	1.437533e-02	2.105436e-02	-1.341864e-03	1.702311e-02	-1.836498e-02	1.769405e-02	-3.339513e-03	3.113951e-03	5.511621e-03	5.869762e-03	-3.581407e-04
9             	2.933040e-02	1.177693e-02	1.755347e-02	-6.356532e-04	1.437389e-02	-1.500955e-02	1.469172e-02	-2.888273e-03	2.675317e-03	4.734565e-03	5.042599e-03	-3.080344e-04
10            	2.645325e-02	1.117509e-02	1.527816e-02	-1.030590e-04	1.302350e-02	-1.312656e-02	1.307503e-02	-2.051535e-03	1.882889e-03	3.330122e-03	3.547951e-03	-2.178284e-04
11            	2.575877e-02	1.182011e-02	1.393866e-02	2.265713e-04	1.255005e-02	-1.232347e-02	1.243676e-02	-1.059272e-03	9.555576e-04	1.683777e-03	1.797446e-03	-1.136690e-04
12            	2.623593e-02	1.299578e-02	1.324015e-02	3.567442e-04	1.255378e-02	-1.219703e-02	1.237541e-02	-1.221871e-04	9.438239e-05	1.454495e-04	1.671071e-04	-2.165765e-05
13            	2.705355e-02	1.413098e-02	1.292257e-02	3.155749e-04	1.271119e-02	-1.239562e-02	1.255341e-02	6.042054e-04	-5.536960e-04	-1.029909e-03	-1.068650e-03	3.874168e-05
14            	2.764800e-02	1.486251e-02	1.278548e-02	1.476432e-04	1.280523e-02	-1.265759e-02	1.273141e-02	1.038515e-03	-9.148293e-04	-1.713596e-03	-1.771627e-03	5.803140e-05
15            	2.773474e-02	1.503083e-02	1.270391e-02	-9.565834e-05	1.272652e-02	-1.282218e-02	1.277435e-02	1.163461e-03	-9.804275e-04	-1.885659e-03	-1.923257e-03	3.759783e-05
16            	2.726922e-02	1.465974e-02	1.260948e-02	-3.630165e-04	1.245764e-02	-1.282065e-02	1.263914e-02	1.025127e-03	-8.030761e-04	-1.630829e-03	-1.618491e-03	-1.233859e-05
17            	2.636707e-02	1.388816e-02	1.247891e-02	-6.113901e-04	1.204107e-02	-1.265246e-02	1.234676e-02	7.046280e-04	-4.689979e-04	-1.090116e-03	-1.014056e-03	-7.606031e-05
18            	2.522561e-02	1.291110e-02	1.231451e-02	-8.094025e-04	1.154880e-02	-1.235821e-02	1.195350e-02	2.982956e-04	-7.532852e-05	-4.239934e-04	-2.873252e-04	-1.366682e-04
19            	2.404882e-02	1.192349e-02	1.212533e-02	-9.397536e-04	1.105397e-02	-1.199372e-02	1.152385e-02	-1.009222e-04	2.868625e-04	2.141347e-04	3.939299e-04	-1.797951e-04
20            	2.299371e-02	1.107335e-02	1.192036e-02	-9.995736e-04	1.061146e-02	-1.161104e-02	1.111125e-02	-4.235040e-04	5.544853e-04	7.144499e-04	9.117103e-04	-1.972603e-04
21            	2.214701e-02	1.044601e-02	1.170100e-02	-9.975302e-04	1.024986e-02	-1.124739e-02	1.074863e-02	-6.274976e-04	6.949972e-04	1.015160e-03	1.202577e-03	-1.874173e-04
22            	2.152335e-02	1.006170e-02	1.146166e-02	-9.501738e-04	9.971583e-03	-1.092176e-02	1.044667e-02	-6.999796e-04	7.062171e-04	1.102974e-03	1.257704e-03	-1.547302e-04
23            	2.108247e-02	9.887299e-03	1.119517e-02	-8.774521e-04	9.759945e-03	-1.063740e-02	1.019867e-02	-6.539375e-04	6.113570e-04	1.006455e-03	1.114584e-03	-1.081297e-04
24            	2.075279e-02	9.855124e-03	1.089767e-02	-7.990658e-04	9.587847e-03	-1.038691e-02	9.987380e-03	-5.212708e-04	4.494844e-04	7.822259e-04	8.405973e-04	-5.837143e-05
25            	2.045909e-02	9.887077e-03	1.057202e-02	-7.307114e-04	9.428014e-03	-1.015873e-02	9.793370e-03	-3.424692e-04	2.647983e-04	4.983529e-04	5.139747e-04	-1.562187e-05
26            	2.014227e-02	9.914407e-03	1.022786e-02	-6.822247e-04	9.259837e-03	-9.942061e-03	9.600949e-03	-1.567254e-04	9.548217e-05	2.166423e-04	2.038033e-04	1.283898e-05
27            	1.976921e-02	9.888047e-03	9.881158e-03	-6.574428e-04	9.072726e-03	-9.730169e-03	9.401447e-03	3.444029e-06	-3.109701e-05	-1.507149e-05	-3.863275e-05	2.356126e-05
28            	1.933551e-02	9.784456e-03	9.551056e-03	-6.547876e-04	8.866634e-03	-9.521422e-03	9.194028e-03	1.167003e-04	-1.015092e-04	-1.687338e-04	-1.858761e-04	1.714234e-05
29            	1.886035e-02	9.604329e-03	9.256018e-03	-6.687995e-04	8.649800e-03	-9.318599e-03	8.984200e-03	1.741554e-04	-1.157781e-04	-2.365452e-04	-2.340508e-04	-2.494466e-06
30            	1.837706e-02	9.367037e-03	9.010020e-03	-6.920137e-04	8.435059e-03	-9.127073e-03	8.781066e-03	1.785087e-04	-8.455656e-05	-2.280243e-04	-1.985687e-04	-2.945561e-05
31            	1.792143e-02	9.102016e-03	8.819418e-03	-7.170618e-04	8.235555e-03	-8.952617e-03	8.594086e-03	1.412988e-04	-2.521267e-05	-1.648875e-04	-1.076564e-04	-5.723105e-05
32            	1.752254e-02	8.840175e-03	8.682363e-03	-7.380829e-04	8.061464e-03	-8.799547e-03	8.430505e-03	7.890602e-05	4.328996e-05	-7.380902e-05	6.385453e-06	-8.019447e-05
33            	1.719722e-02	8.607337e-03	8.589885e-03	-7.514853e-04	7.918102e-03	-8.669587e-03	8.293844e-03	8.725964e-06	1.043727e-04	1.953997e-05	1.141427e-04	-9.460274e-05
34            	1.694784e-02	8.419860e-03	8.527981e-03	-7.561871e-04	7.805281e-03	-8.561468e-03	8.183374e-03	-5.406061e-05	1.465874e-04	9.505572e-05	1.941153e-04	-9.905958e-05
35            	1.676395e-02	8.283192e-03	8.480763e-03	-7.532623e-04	7.718156e-03	-8.471418e-03	8.094787e-03	-9.878554e-05	1.648032e-04	1.407880e-04	2.351973e-04	-9.440923e-05
36            	1.662627e-02	8.192850e-03	8.433420e-03	-7.452547e-04	7.648813e-03	-8.394068e-03	8.021440e-03	-1.202852e-04	1.599301e-04	1.533875e-04	2.366238e-04	-8.323636e-05
37            	1.651184e-02	8.137185e-03	8.374652e-03	-7.353246e-04	7.588260e-03	-8.323584e-03	7.955922e-03	-1.187337e-04	1.375002e-04	1.368691e-04	2.059348e-04	-6.906566e-05
38            	1.639912e-02	8.100984e-03	8.298136e-03	-7.264385e-04	7.528293e-03	-8.254731e-03	7.891512e-03	-9.857588e-05	1.056500e-04	1.003014e-04	1.558006e-04	-5.549926e-05
39            	1.627193e-02	8.069161e-03	8.202764e-03	-7.207506e-04	7.462894e-03	-8.183645e-03	7.823269e-03	-6.680136e-05	7.287813e-05	5.482227e-05	1.002893e-04	-4.546699e-05
40            	1.612148e-02	8.029592e-03	8.091890e-03	-7.192935e-04	7.388922e-03	-8.108215e-03	7.748568e-03	-3.114899e-05	4.621164e-05	1.098282e-05	5.170305e-05	-4.072023e-05
41            	1.594665e-02	7.974858e-03	7.971792e-03	-7.219611e-04	7.306125e-03	-8.028086e-03	7.667106e-03	1.532985e-06	2.998415e-05	-2.333925e-05	1.831453e-05	-4.165378e-05
42            	1.575262e-02	7.902669e-03	7.849948e-03	-7.277342e-04	7.216599e-03	-7.944333e-03	7.580466e-03	2.636043e-05	2.545085e-05	-4.393546e-05	3.483121e-06	-4.741859e-05
43            	1.554861e-02	7.815339e-03	7.733267e-03	-7.350550e-04	7.123890e-03	-7.858945e-03	7.491417e-03	4.103567e-05	3.102491e-05	-5.050731e-05	5.771257e-06	-5.627857e-05
44            	1.534524e-02	7.718433e-03	7.626805e-03	-7.422458e-04	7.032020e-03	-7.774266e-03	7.403143e-03	4.581388e-05	4.308358e-05	-4.600310e-05	2.008203e-05	-6.608513e-05
45            	1.515215e-02	7.619090e-03	7.533059e-03	-7.478760e-04	6.944607e-03	-7.692482e-03	7.318544e-03	4.301556e-05	5.702846e-05	-3.546688e-05	3.929502e-05	-7.476190e-05
46            	1.497626e-02	7.524355e-03	7.451904e-03	-7.510163e-04	6.864232e-03	-7.615249e-03	7.239741e-03	3.622548e-05	6.837965e-05	-2.465650e-05	5.605140e-05	-8.070790e-05
47            	1.482092e-02	7.439858e-03	7.381064e-03	-7.513481e-04	6.792148e-03	-7.543496e-03	7.167822e-03	2.939701e-05	7.365622e-05	-1.877977e-05	6.426633e-05	-8.304610e-05
48            	1.468593e-02	7.369001e-03	7.316932e-03	-7.491326e-04	6.728280e-03	-7.477413e-03	7.102846e-03	2.603442e-05	7.092466e-05	-2.155040e-05	6.014946e-05	-8.169985e-05
49            	1.456820e-02	7.312673e-03	7.255529e-03	-7.450721e-04	6.671485e-03	-7.416557e-03	7.044021e-03	2.857206e-05	5.997579e-05	-3.465552e-05	4.264803e-05	-7.730355e-05
50            	1.446287e-02	7.269488e-03	7.193378e-03	-7.401083e-04	6.619956e-03	-7.360065e-03	6.990010e-03	3.805496e-05	4.214405e-05	-5.770055e-05	1.329377e-05	-7.099432e-05
51            	1.436450e-02	7.236354e-03	7.128145e-03	-7.352100e-04	6.571663e-03	-7.306873e-03	6.939268e-03	5.410478e-05	1.987041e-05	-8.853184e-05	-2.439551e-05	-6.413633e-05
52            	1.426822e-02	7.209286e-03	7.058938e-03	-7.311892e-04	6.524757e-03	-7.255946e-03	6.890351e-03	7.517419e-05	-3.896016e-06	-1.238586e-04	-6.582532e-05	-5.803329e-05
53            	1.417046e-02	7.184196e-03	6.986264e-03	-7.285780e-04	6.477837e-03	-7.206415e-03	6.842126e-03	9.896587e-05	-2.629299e-05	-1.599868e-04	-1.062864e-04	-5.370042e-05
54            	1.406931e-02	7.157602e-03	6.911713e-03	-7.275770e-04	6.430107e-03	-7.157684e-03	6.793896e-03	1.229442e-04	-4.505172e-05	-1.935289e-04	-1.418162e-04	-5.171272e-05
55            	1.396457e-02	7.127105e-03	6.837467e-03	-7.280746e-04	6.381378e-03	-7.109452e-03	6.745415e-03	1.448192e-04	-5.882129e-05	-2.219578e-04	-1.698002e-04	-5.215763e-05
56            	1.385737e-02	7.091602e-03	6.765772e-03	-7.297201e-04	6.331958e-03	-7.061678e-03	6.696818e-03	1.629147e-04	-6.728265e-05	-2.439275e-04	-1.892464e-04	-5.468112e-05
57            	1.374971e-02	7.051237e-03	6.698475e-03	-7.320251e-04	6.282489e-03	-7.014514e-03	6.648501e-03	1.763808e-04	-7.106607e-05	-2.593370e-04	-2.007346e-04	-5.860244e-05
58            	1.364387e-02	7.007185e-03	6.636689e-03	-7.344707e-04	6.233749e-03	-6.968220e-03	6.600984e-03	1.852482e-04	-7.153044e-05	-2.691990e-04	-2.061299e-04	-6.306906e-05
59            	1.354195e-02	6.961307e-03	6.580640e-03	-7.366016e-04	6.186480e-03	-6.923082e-03	6.554781e-03	1.903337e-04	-7.045130e-05	-2.753566e-04	-2.081296e-04	-6.722699e-05
60            	1.344546e-02	6.915725e-03	6.529730e-03	-7.380910e-04	6.141255e-03	-6.879346e-03	6.510300e-03	1.929976e-04	-6.967043e-05	-2.800573e-04	-2.096991e-04	-7.035824e-05
61            	1.335518e-02	6.872438e-03	6.482740e-03	-7.387709e-04	6.098406e-03	-6.837176e-03	6.467791e-03	1.948487e-04	-7.078540e-05	-2.855331e-04	-2.135519e-04	-7.198114e-05
62            	1.327113e-02	6.833027e-03	6.438106e-03	-7.386313e-04	6.058008e-03	-6.796639e-03	6.427324e-03	1.974604e-04	-7.493397e-05	-2.936700e-04	-2.217689e-04	-7.190101e-05
63            	1.319271e-02	6.798454e-03	6.394251e-03	-7.377907e-04	6.019914e-03	-6.757705e-03	6.388810e-03	2.021018e-04	-8.266218e-05	-3.057258e-04	-2.355251e-04	-7.020075e-05
64            	1.311886e-02	6.769011e-03	6.349851e-03	-7.364514e-04	5.983818e-03	-6.720270e-03	6.352044e-03	2.095802e-04	-9.392885e-05	-3.222400e-04	-2.550489e-04	-6.719117e-05
65            	1.304838e-02	6.744337e-03	6.304047e-03	-7.348521e-04	5.949329e-03	-6.684181e-03	6.316755e-03	2.201448e-04	-1.081636e-04	-3.429976e-04	-2.796624e-04	-6.333522e-05
66            	1.298011e-02	6.723588e-03	6.256517e-03	-7.332197e-04	5.916049e-03	-6.649269e-03	6.282659e-03	2.335356e-04	-1.244460e-04	-3.671976e-04	-3.080448e-04	-5.915280e-05
67            	1.291307e-02	6.705601e-03	6.207468e-03	-7.317378e-04	5.883631e-03	-6.615369e-03	6.249500e-03	2.490666e-04	-1.416638e-04	-3.936089e-04	-3.384683e-04	-5.514063e-05
68            	1.284663e-02	6.689108e-03	6.157525e-03	-7.305264e-04	5.851813e-03	-6.582339e-03	6.217076e-03	2.657913e-04	-1.587065e-04	-4.208177e-04	-3.691153e-04	-5.170238e-05
69            	1.278050e-02	6.672929e-03	6.107568e-03	-7.296375e-04	5.820441e-03	-6.550078e-03	6.185260e-03	2.826805e-04	-1.746216e-04	-4.474518e-04	-3.983475e-04	-4.910433e-05
70            	1.271464e-02	6.656100e-03	6.058543e-03	-7.290615e-04	5.789447e-03	-6.518509e-03	6.153978e-03	2.987785e-04	-1.887186e-04	-4.723557e-04	-4.248964e-04	-4.745925e-05
71            	1.264929e-02	6.638012e-03	6.011279e-03	-7.287412e-04	5.758849e-03	-6.487590e-03	6.123220e-03	3.133662e-04	-2.006512e-04	-4.947624e-04	-4.480325e-04	-4.672997e-05
72            	1.258478e-02	6.618396e-03	5.966387e-03	-7.285939e-04	5.728714e-03	-6.457308e-03	6.093011e-03	3.260043e-04	-2.103843e-04	-5.143004e-04	-4.675345e-04	-4.676587e-05
73            	1.252149e-02	6.597316e-03	5.924177e-03	-7.285300e-04	5.699133e-03	-6.427663e-03	6.063398e-03	3.365695e-04	-2.181615e-04	-5.309998e-04	-4.836614e-04	-4.733846e-05
74            	1.245975e-02	6.575100e-03	5.884650e-03	-7.284686e-04	5.670196e-03	-6.398665e-03	6.034430e-03	3.452253e-04	-2.244272e-04	-5.452246e-04	-4.970395e-04	-4.818503e-05
75            	1.239980e-02	6.552266e-03	5.847530e-03	-7.283472e-04	5.641979e-03	-6.370326e-03	6.006153e-03	3.523680e-04	-2.297453e-04	-5.575908e-04	-5.085407e-04	-4.905015e-05
76            	1.234176e-02	6.529402e-03	5.812357e-03	-7.281276e-04	5.614530e-03	-6.342658e-03	5.978594e-03	3.585221e-04	-2.346956e-04	-5.688273e-04	-5.191092e-04	-4.971805e-05
77            	1.228565e-02	6.507076e-03	5.778575e-03	-7.277950e-04	5.587870e-03	-6.315665e-03	5.951767e-03	3.642505e-04	-2.398003e-04	-5.796682e-04	-5.296343e-04	-5.003381e-05
78            	1.223140e-02	6.485766e-03	5.745634e-03	-7.273543e-04	5.561991e-03	-6.289345e-03	5.925668e-03	3.700660e-04	-2.454635e-04	-5.907523e-04	-5.408396e-04	-4.991265e-05
79            	1.217887e-02	6.465800e-03	5.713070e-03	-7.268243e-04	5.536867e-03	-6.263691e-03	5.900279e-03	3.763646e-04	-2.519382e-04	-6.025526e-04	-5.532145e-04	-4.933805e-05
80            	1.212790e-02	6.447338e-03	5.680565e-03	-7.262307e-04	5.512460e-03	-6.238690e-03	5.875575e-03	3.833866e-04	-2.593180e-04	-6.153386e-04	-5.669873e-04	-4.835126e-05
81            	1.207834e-02	6.430377e-03	5.647960e-03	-7.256008e-04	5.488726e-03	-6.214327e-03	5.851527e-03	3.912086e-04	-2.675520e-04	-6.291753e-04	-5.821396e-04	-4.703568e-05
82            	1.203003e-02	6.414770e-03	5.615263e-03	-7.249588e-04	5.465623e-03	-6.190582e-03	5.828102e-03	3.997538e-04	-2.764699e-04	-6.439381e-04	-5.984390e-04	-4.549913e-05
83            	1.198288e-02	6.400288e-03	5.582597e-03	-7.243228e-04	5.443112e-03	-6.167435e-03	5.805273e-03	4.088455e-04	-2.858415e-04	-6.593931e-04	-6.155380e-04	-4.385506e-05
84            	1.193682e-02	6.386641e-03	5.550175e-03	-7.237043e-04	5.421161e-03	-6.144865e-03	5.783013e-03	4.182333e-04	-2.953988e-04	-6.752137e-04	-6.330056e-04	-4.220805e-05
85            	1.189178e-02	6.373535e-03	5.518243e-03	-7.231090e-04	5.399743e-03	-6.122852e-03	5.761297e-03	4.276461e-04	-3.048806e-04	-6.910481e-04	-6.504047e-04	-4.064340e-05
86            	1.184775e-02	6.360707e-03	5.487039e-03	-7.225375e-04	5.378836e-03	-6.101374e-03	5.740105e-03	4.368342e-04	-3.140628e-04	-7.065678e-04	-6.673467e-04	-3.922109e-05
87            	1.180470e-02	6.347950e-03	5.456751e-03	-7.219876e-04	5.358422e-03	-6.080410e-03	5.719416e-03	4.455993e-04	-3.227777e-04	-7.215034e-04	-6.835294e-04	-3.797403e-05
88            	1.176263e-02	6.335130e-03	5.427501e-03	-7.214555e-04	5.338485e-03	-6.059940e-03	5.699213e-03	4.538143e-04	-3.309244e-04	-7.356685e-04	-6.987587e-04	-3.690985e-05
89            	1.172152e-02	6.322180e-03	5.399340e-03	-7.209375e-04	5.319009e-03	-6.039946e-03	5.679478e-03	4.614204e-04	-3.384615e-04	-7.489551e-04	-7.129390e-04	-3.601609e-05
90            	1.168135e-02	6.309116e-03	5.372235e-03	-7.204298e-04	5.299981e-03	-6.020411e-03	5.660196e-03	4.684404e-04	-3.454183e-04	-7.613657e-04	-7.261012e-04	-3.526455e-05
91            	1.164210e-02	6.295990e-03	5.346108e-03	-7.199301e-04	5.281388e-03	-6.001318e-03	5.641353e-03	4.749410e-04	-3.518585e-04	-7.729562e-04	-7.383366e-04	-3.461957e-05
92            	1.160373e-02	6.282887e-03	5.320847e-03	-7.194369e-04	5.263217e-03	-5.982654e-03	5.622935e-03	4.810199e-04	-3.578708e-04	-7.838286e-04	-7.497851e-04	-3.404350e-05
93            	1.156623e-02	6.269902e-03	5.296329e-03	-7.189495e-04	5.245456e-03	-5.964406e-03	5.604931e-03	4.867863e-04	-3.635525e-04	-7.941085e-04	-7.606068e-04	-3.350173e-05
94            	1.152956e-02	6.257121e-03	5.272443e-03	-7.184680e-04	5.228096e-03	-5.946564e-03	5.587330e-03	4.923389e-04	-3.689934e-04	-8.039187e-04	-7.709528e-04	-3.296591e-05
95            	1.149371e-02	6.244612e-03	5.249098e-03	-7.179925e-04	5.211127e-03	-5.929120e-03	5.570123e-03	4.977569e-04	-3.742679e-04	-8.133689e-04	-7.809523e-04	-3.241654e-05
96            	1.145865e-02	6.232416e-03	5.226232e-03	-7.175231e-04	5.194542e-03	-5.912065e-03	5.553303e-03	5.030919e-04	-3.794289e-04	-8.225428e-04	-7.907003e-04	-3.184251e-05
97            	1.142436e-02	6.220532e-03	5.203829e-03	-7.170611e-04	5.178331e-03	-5.895392e-03	5.536861e-03	5.083516e-04	-3.844910e-04	-8.314675e-04	-8.002248e-04	-3.124274e-05
98            	1.139084e-02	6.208972e-03	5.181871e-03	-7.166048e-04	5.162491e-03	-5.879096e-03	5.520794e-03	5.135503e-04	-3.894806e-04	-8.401971e-04	-8.095791e-04	-3.061793e-05
99            	1.135809e-02	6.197718e-03	5.160374e-03	-7.161532e-04	5.147020e-03	-5.863173e-03	5.505096e-03	5.186718e-04	-3.943952e-04	-8.487395e-04	-8.187650e-04	-2.997453e-05
100           	1.132609e-02	6.186712e-03	5.139377e-03	-7.157076e-04	5.131907e-03	-5.847615e-03	5.489761e-03	5.236678e-04	-3.991990e-04	-8.570492e-04	-8.277236e-04	-2.932559e-05
101           	1.129483e-02	6.175917e-03	5.118918e-03	-7.152691e-04	5.117153e-03	-5.832422e-03	5.474788e-03	5.284997e-04	-4.038638e-04	-8.650907e-04	-8.364092e-04	-2.868153e-05
102           	1.126430e-02	6.165262e-03	5.099033e-03	-7.148395e-04	5.102740e-03	-5.817580e-03	5.460160e-03	5.331143e-04	-4.083416e-04	-8.727957e-04	-8.447395e-04	-2.805628e-05
103           	1.123446e-02	6.154733e-03	5.079727e-03	-7.144177e-04	5.088663e-03	-5.803081e-03	5.445872e-03	5.375027e-04	-4.126243e-04	-8.801619e-04	-8.527052e-04	-2.745665e-05
104           	1.120531e-02	6.144305e-03	5.061004e-03	-7.140042e-04	5.074913e-03	-5.788917e-03	5.431915e-03	5.416505e-04	-4.166938e-04	-8.871646e-04	-8.602761e-04	-2.688854e-05
105           	1.117682e-02	6.133967e-03	5.042855e-03	-7.135997e-04	5.061480e-03	-5.775080e-03	5.418280e-03	5.455559e-04	-4.205412e-04	-8.937919e-04	-8.674372e-04	-2.635473e-05
106           	1.114898e-02	6.123715e-03	5.025260e-03	-7.132048e-04	5.048354e-03	-5.761559e-03	5.404957e-03	5.492273e-04	-4.241667e-04	-9.000434e-04	-8.741884e-04	-2.585505e-05
107           	1.112175e-02	6.113556e-03	5.008193e-03	-7.128204e-04	5.035527e-03	-5.748348e-03	5.391937e-03	5.526813e-04	-4.275779e-04	-9.059295e-04	-8.805426e-04	-2.538689e-05
108           	1.109512e-02	6.103500e-03	4.991621e-03	-7.124469e-04	5.022990e-03	-5.735437e-03	5.379213e-03	5.559393e-04	-4.307894e-04	-9.114700e-04	-8.865244e-04	-2.494566e-05
109           	1.106907e-02	6.093562e-03	4.975512e-03	-7.120847e-04	5.010734e-03	-5.722819e-03	5.366777e-03	5.590251e-04	-4.338202e-04	-9.166911e-04	-8.921657e-04	-2.452538e-05
110           	1.104359e-02	6.083758e-03	4.959835e-03	-7.117340e-04	4.998753e-03	-5.710487e-03	5.354620e-03	5.619616e-04	-4.366915e-04	-9.216222e-04	-8.975026e-04	-2.411960e-05
111           	1.101867e-02	6.074108e-03	4.944559e-03	-7.113940e-04	4.987041e-03	-5.698435e-03	5.342738e-03	5.647746e-04	-4.394293e-04	-9.263013e-04	-9.025799e-04	-2.372140e-05
112           	1.099427e-02	6.064599e-03	4.929673e-03	-7.110666e-04	4.975587e-03	-5.686653e-03	5.331120e-03	5.674633e-04	-4.420355e-04	-9.307276e-04	-9.073993e-04	-2.332831e-05
113           	1.097041e-02	6.055258e-03	4.915151e-03	-7.107496e-04	4.964389e-03	-5.675139e-03	5.319764e-03	5.700532e-04	-4.445398e-04	-9.349486e-04	-9.120141e-04	-2.293451e-05
114           	1.094707e-02	6.046084e-03	4.900983e-03	-7.104427e-04	4.953444e-03	-5.663887e-03	5.308665e-03	5.725505e-04	-4.469531e-04	-9.389812e-04	-9.164437e-04	-2.253751e-05
115           	1.092424e-02	6.037077e-03	4.887163e-03	-7.101456e-04	4.942745e-03	-5.652890e-03	5.297818e-03	5.749570e-04	-4.492818e-04	-9.428361e-04	-9.206999e-04	-2.213626e-05
116           	1.090192e-02	6.028229e-03	4.873687e-03	-7.098580e-04	4.932287e-03	-5.642145e-03	5.287216e-03	5.772713e-04	-4.515282e-04	-9.465185e-04	-9.247874e-04	-2.173105e-05
117           	1.088009e-02	6.019534e-03	4.860553e-03	-7.095799e-04	4.922067e-03	-5.631647e-03	5.276857e-03	5.794905e-04	-4.536917e-04	-9.500295e-04	-9.287065e-04	-2.132302e-05
118           	1.085874e-02	6.010984e-03	4.847761e-03	-7.093114e-04	4.912077e-03	-5.621389e-03	5.266733e-03	5.816114e-04	-4.557706e-04	-9.533687e-04	-9.324549e-04	-2.091373e-05
119           	1.083788e-02	6.002570e-03	4.835306e-03	-7.090524e-04	4.902314e-03	-5.611367e-03	5.256841e-03	5.836319e-04	-4.577627e-04	-9.565354e-04	-9.360305e-04	-2.050498e-05
120           	1.081747e-02	5.994288e-03	4.823184e-03	-7.088032e-04	4.892773e-03	-5.601576e-03	5.247174e-03	5.855521e-04	-4.596670e-04	-9.595307e-04	-9.394324e-04	-2.009829e-05
121           	1.079752e-02	5.986135e-03	4.811387e-03	-7.085637e-04	4.883448e-03	-5.592011e-03	5.237729e-03	5.873739e-04	-4.614840e-04	-9.623575e-04	-9.426628e-04	-1.969472e-05
122           	1.077802e-02	5.978110e-03	4.799905e-03	-7.083339e-04	4.874334e-03	-5.582667e-03	5.228501e-03	5.891025e-04	-4.632169e-04	-9.650227e-04	-9.457282e-04	-1.929442e-05
123           	1.075894e-02	5.970216e-03	4.788726e-03	-7.081136e-04	4.865426e-03	-5.573540e-03	5.219483e-03	5.907451e-04	-4.648714e-04	-9.675365e-04	-9.486397e-04	-1.889682e-05
124           	1.074029e-02	5.962455e-03	4.777835e-03	-7.079026e-04	4.856721e-03	-5.564624e-03	5.210672e-03	5.923103e-04	-4.664545e-04	-9.699109e-04	-9.514099e-04	-1.850096e-05
125           	1.072205e-02	5.954832e-03	4.767219e-03	-7.077007e-04	4.848213e-03	-5.555914e-03	5.202064e-03	5.938064e-04	-4.679734e-04	-9.721580e-04	-9.540524e-04	-1.810561e-05
126           	1.070422e-02	5.947349e-03	4.756868e-03	-7.075074e-04	4.839898e-03	-5.547406e-03	5.193652e-03	5.952405e-04	-4.694350e-04	-9.742892e-04	-9.565796e-04	-1.770957e-05
127           	1.068677e-02	5.940002e-03	4.746773e-03	-7.073230e-04	4.831771e-03	-5.539094e-03	5.185433e-03	5.966142e-04	-4.708410e-04	-9.763069e-04	-9.589945e-04	-1.731243e-05
128           	1.066972e-02	5.932799e-03	4.736921e-03	-7.071463e-04	4.823829e-03	-5.530975e-03	5.177402e-03	5.979388e-04	-4.722038e-04	-9.782322e-04	-9.613199e-04	-1.691228e-05
129           	1.065304e-02	5.925740e-03	4.727305e-03	-7.069768e-04	4.816068e-03	-5.523044e-03	5.169556e-03	5.992176e-04	-4.735273e-04	-9.800720e-04	-9.635633e-04	-1.650870e-05
130           	1.063674e-02	5.918823e-03	4.717918e-03	-7.068143e-04	4.808484e-03	-5.515298e-03	5.161891e-03	6.004526e-04	-4.748139e-04	-9.818311e-04	-9.657295e-04	-1.610160e-05
131           	1.062080e-02	5.912044e-03	4.708756e-03	-7.066584e-04	4.801073e-03	-5.507731e-03	5.154402e-03	6.016442e-04	-4.760647e-04	-9.835117e-04	-9.678205e-04	-1.569119e-05
132           	1.060521e-02	5.905400e-03	4.699814e-03	-7.065091e-04	4.793831e-03	-5.500340e-03	5.147085e-03	6.027928e-04	-4.772803e-04	-9.851159e-04	-9.698382e-04	-1.527766e-05
133           	1.058998e-02	5.898887e-03	4.691089e-03	-7.063663e-04	4.786755e-03	-5.493121e-03	5.139938e-03	6.038987e-04	-4.784616e-04	-9.866457e-04	-9.717845e-04	-1.486120e-05
134           	1.057508e-02	5.892501e-03	4.682578e-03	-7.062296e-04	4.779840e-03	-5.486070e-03	5.132955e-03	6.049617e-04	-4.796092e-04	-9.881025e-04	-9.736604e-04	-1.444211e-05
135           	1.056051e-02	5.886238e-03	4.674275e-03	-7.060992e-04	4.773084e-03	-5.479183e-03	5.126133e-03	6.059817e-04	-4.807231e-04	-9.894879e-04	-9.754671e-04	-1.402086e-05
136           	1.054627e-02	5.880095e-03	4.666179e-03	-7.059746e-04	4.766482e-03	-5.472456e-03	5.119469e-03	6.069582e-04	-4.818035e-04	-9.908029e-04	-9.772049e-04	-1.359796e-05
137           	1.053235e-02	5.874067e-03	4.658286e-03	-7.058558e-04	4.760031e-03	-5.465887e-03	5.112959e-03	6.078906e-04	-4.828501e-04	-9.920480e-04	-9.788741e-04	-1.317395e-05
138           	1.051874e-02	5.868150e-03	4.650593e-03	-7.057424e-04	4.753728e-03	-5.459471e-03	5.106600e-03	6.087786e-04	-4.838632e-04	-9.932248e-04	-9.804756e-04	-1.274917e-05
139           	1.050544e-02	5.862342e-03	4.643096e-03	-7.056342e-04	4.747571e-03	-5.453205e-03	5.100388e-03	6.096231e-04	-4.848445e-04	-9.943361e-04	-9.820125e-04	-1.232359e-05
140           	1.049243e-02	5.856641e-03	4.635791e-03	-7.055310e-04	4.741554e-03	-5.447085e-03	5.094320e-03	6.104250e-04	-4.857963e-04	-9.953863e-04	-9.834895e-04	-1.189681e-05
141           	1.047972e-02	5.851046e-03	4.628673e-03	-7.054324e-04	4.735677e-03	-5.441109e-03	5.088393e-03	6.111863e-04	-4.867219e-04	-9.963804e-04	-9.849121e-04	-1.146830e-05
142           	1.046729e-02	5.845554e-03	4.621736e-03	-7.053382e-04	4.729935e-03	-5.435274e-03	5.082604e-03	6.119087e-04	-4.876240e-04	-9.973231e-04	-9.862855e-04	-1.103758e-05
143           	1.045514e-02	5.840164e-03	4.614978e-03	-7.052482e-04	4.724327e-03	-5.429575e-03	5.076951e-03	6.125932e-04	-4.885043e-04	-9.982175e-04	-9.876130e-04	-1.060446e-05
144           	1.044327e-02	5.834874e-03	4.608393e-03	-7.051620e-04	4.718848e-03	-5.424010e-03	5.071429e-03	6.132404e-04	-4.893634e-04	-9.990651e-04	-9.888960e-04	-1.016916e-05
145           	1.043166e-02	5.829680e-03	4.601980e-03	-7.050795e-04	4.713496e-03	-5.418576e-03	5.066036e-03	6.138500e-04	-4.902009e-04	-9.998661e-04	-9.901339e-04	-9.732182e-06
146           	1.042031e-02	5.824579e-03	4.595735e-03	-7.050005e-04	4.708269e-03	-5.413270e-03	5.060770e-03	6.144218e-04	-4.910160e-04	-1.000620e-03	-9.913261e-04	-9.294073e-06
147           	1.040923e-02	5.819568e-03	4.589657e-03	-7.049246e-04	4.703164e-03	-5.408089e-03	5.055626e-03	6.149554e-04	-4.918083e-04	-1.001327e-03	-9.924719e-04	-8.855351e-06
148           	1.039839e-02	5.814644e-03	4.583743e-03	-7.048519e-04	4.698178e-03	-5.403030e-03	5.050604e-03	6.154505e-04	-4.925770e-04	-1.001987e-03	-9.935706e-04	-8.416526e-06
149           	1.038780e-02	5.809805e-03	4.577990e-03	-7.047821e-04	4.693308e-03	-5.398090e-03	5.045699e-03	6.159073e-04	-4.933219e-04	-1.002600e-03	-9.946218e-04	-7.977989e-06
150           	1.037744e-02	5.805047e-03	4.572396e-03	-7.047151e-04	4.688552e-03	-5.393267e-03	5.040910e-03	6.163257e-04	-4.940425e-04	-1.003165e-03	-9.956250e-04	-7.540055e-06
151           	1.036733e-02	5.800369e-03	4.566958e-03	-7.046509e-04	4.683908e-03	-5.388559e-03	5.036233e-03	6.167057e-04	-4.947381e-04	-1.003682e-03	-9.965792e-04	-7.103062e-06
152           	1.035744e-02	5.795768e-03	4.561673e-03	-7.045892e-04	4.679372e-03	-5.383962e-03	5.031667e-03	6.170479e-04	-4.954085e-04	-1.004152e-03	-9.974843e-04	-6.667265e-06
153           	1.034778e-02	5.791236e-03	4.556540e-03	-7.045307e-04	4.674942e-03	-5.379473e-03	5.027208e-03	6.173481e-04	-4.960489e-04	-1.004566e-03	-9.983317e-04	-6.233975e-06
154           	1.033833e-02	5.786782e-03	4.551553e-03	-7.044744e-04	4.670617e-03	-5.375092e-03	5.022854e-03	6.176145e-04	-4.966671e-04	-1.004938e-03	-9.991360e-04	-5.801898e-06
155           	1.032911e-02	5.782403e-03	4.546707e-03	-7.044202e-04	4.666395e-03	-5.370816e-03	5.018606e-03	6.178480e-04	-4.972632e-04	-1.005269e-03	-9.998979e-04	-5.371442e-06
156           	1.032010e-02	5.778098e-03	4.542002e-03	-7.043681e-04	4.662274e-03	-5.366643e-03	5.014458e-03	6.180484e-04	-4.978363e-04	-1.005559e-03	-1.000616e-03	-4.943376e-06
157           	1.031130e-02	5.773864e-03	4.537434e-03	-7.043181e-04	4.658252e-03	-5.362570e-03	5.010411e-03	6.182149e-04	-4.983839e-04	-1.005806e-03	-1.001287e-03	-4.518884e-06
158           	1.030270e-02	5.769697e-03	4.533004e-03	-7.042703e-04	4.654326e-03	-5.358596e-03	5.006461e-03	6.183463e-04	-4.989034e-04	-1.006005e-03	-1.001906e-03	-4.099275e-06
159           	1.029430e-02	5.765593e-03	4.528710e-03	-7.042246e-04	4.650494e-03	-5.354718e-03	5.002606e-03	6.184414e-04	-4.993922e-04	-1.006156e-03	-1.002470e-03	-3.685638e-06
160           	1.028610e-02	5.761549e-03	4.524552e-03	-7.041811e-04	4.646754e-03	-5.350935e-03	4.998844e-03	6.184986e-04	-4.998474e-04	-1.006253e-03	-1.002974e-03	-3.279122e-06
161           	1.027809e-02	5.757562e-03	4.520528e-03	-7.041399e-04	4.643104e-03	-5.347243e-03	4.995173e-03	6.185170e-04	-5.002677e-04	-1.006296e-03	-1.003416e-03	-2.880330e-06
162           	1.027027e-02	5.753628e-03	4.516637e-03	-7.041009e-04	4.639541e-03	-5.343642e-03	4.991592e-03	6.184957e-04	-5.006512e-04	-1.006282e-03	-1.003792e-03	-2.490022e-06
163           	1.026263e-02	5.749747e-03	4.512879e-03	-7.040640e-04	4.636065e-03	-5.340129e-03	4.988097e-03	6.184340e-04	-5.009957e-04	-1.006210e-03	-1.004101e-03	-2.109114e-06
164           	1.025517e-02	5.745914e-03	4.509251e-03	-7.040293e-04	4.632674e-03	-5.336703e-03	4.984688e-03	6.183312e-04	-5.012991e-04	-1.006075e-03	-1.004337e-03	-1.738576e-06
165           	1.024788e-02	5.742128e-03	4.505754e-03	-7.039967e-04	4.629364e-03	-5.333361e-03	4.981363e-03	6.181870e-04	-5.015594e-04	-1.005877e-03	-1.004498e-03	-1.379210e-06
166           	1.024077e-02	5.738387e-03	4.502384e-03	-7.039661e-04	4.626136e-03	-5.330102e-03	4.978119e-03	6.180011e-04	-5.017754e-04	-1.005614e-03	-1.004582e-03	-1.031580e-06
167           	1.023383e-02	5.734689e-03	4.499141e-03	-7.039375e-04	4.622987e-03	-5.326925e-03	4.974956e-03	6.177737e-04	-5.019461e-04	-1.005284e-03	-1.004588e-03	-6.960148e-07
168           	1.022705e-02	5.731029e-03	4.496024e-03	-7.039115e-04	4.619914e-03	-5.323826e-03	4.971870e-03	6.175024e-04	-5.020689e-04	-1.004884e-03	-1.004511e-03	-3.732162e-07
169           	1.022044e-02	5.727412e-03	4.493029e-03	-7.038870e-04	4.616918e-03	-5.320805e-03	4.968861e-03	6.171913e-04	-5.021478e-04	-1.004420e-03	-1.004358e-03	-6.221220e-08
170           	1.021399e-02	5.723836e-03	4.490153e-03	-7.038640e-04	4.613996e-03	-5.317860e-03	4.965928e-03	6.168415e-04	-5.021841e-04	-1.003893e-03	-1.004131e-03	2.373449e-07
171           	1.020769e-02	5.720301e-03	4.487393e-03	-7.038425e-04	4.611147e-03	-5.314990e-03	4.963069e-03	6.164541e-04	-5.021786e-04	-1.003306e-03	-1.003832e-03	5.255784e-07
172           	1.020155e-02	5.716807e-03	4.484747e-03	-7.038224e-04	4.608370e-03	-5.312192e-03	4.960281e-03	6.160298e-04	-5.021318e-04	-1.002659e-03	-1.003461e-03	8.025377e-07
173           	1.019556e-02	5.713351e-03	4.482213e-03	-7.038038e-04	4.605662e-03	-5.309466e-03	4.957564e-03	6.155688e-04	-5.020435e-04	-1.001951e-03	-1.003019e-03	1.068182e-06
174           	1.018972e-02	5.709932e-03	4.479789e-03	-7.037868e-04	4.603022e-03	-5.306808e-03	4.954915e-03	6.150714e-04	-5.019134e-04	-1.001182e-03	-1.002504e-03	1.322446e-06
175           	1.018402e-02	5.706548e-03	4.477473e-03	-7.037713e-04	4.600447e-03	-5.304219e-03	4.952333e-03	6.145375e-04	-5.017414e-04	-1.000352e-03	-1.001917e-03	1.565334e-06
176           	1.017846e-02	5.703198e-03	4.475262e-03	-7.037574e-04	4.597938e-03	-5.301695e-03	4.949817e-03	6.139678e-04	-5.015276e-04	-9.994613e-04	-1.001258e-03	1.796979e-06
177           	1.017304e-02	5.699882e-03	4.473155e-03	-7.037450e-04	4.595491e-03	-5.299236e-03	4.947364e-03	6.133635e-04	-5.012732e-04	-9.985110e-04	-1.000529e-03	2.017648e-06
178           	1.016775e-02	5.696599e-03	4.471147e-03	-7.037340e-04	4.593106e-03	-5.296840e-03	4.944973e-03	6.127260e-04	-5.009797e-04	-9.975038e-04	-9.997315e-04	2.227764e-06
179           	1.016259e-02	5.693351e-03	4.469236e-03	-7.037244e-04	4.590781e-03	-5.294505e-03	4.942643e-03	6.120576e-04	-5.006493e-04	-9.964428e-04	-9.988707e-04	2.427932e-06
180           	1.015755e-02	5.690138e-03	4.467417e-03	-7.037161e-04	4.588515e-03	-5.292231e-03	4.940373e-03	6.113605e-04	-5.002846e-04	-9.953316e-04	-9.979504e-04	2.618779e-06
181           	1.015265e-02	5.686961e-03	4.465687e-03	-7.037090e-04	4.586305e-03	-5.290014e-03	4.938160e-03	6.106367e-04	-4.998875e-04	-9.941734e-04	-9.969742e-04	2.800819e-06
182           	1.014786e-02	5.683819e-03	4.464043e-03	-7.037029e-04	4.584152e-03	-5.287855e-03	4.936004e-03	6.098881e-04	-4.994600e-04	-9.929710e-04	-9.959455e-04	2.974485e-06
183           	1.014320e-02	5.680715e-03	4.462482e-03	-7.036979e-04	4.582054e-03	-5.285751e-03	4.933903e-03	6.091165e-04	-4.990039e-04	-9.917273e-04	-9.948676e-04	3.140222e-06
184           	1.013865e-02	5.677647e-03	4.461000e-03	-7.036938e-04	4.580008e-03	-5.283702e-03	4.931855e-03	6.083234e-04	-4.985210e-04	-9.904451e-04	-9.937436e-04	3.298496e-06
185           	1.013421e-02	5.674616e-03	4.459596e-03	-7.036905e-04	4.578015e-03	-5.281706e-03	4.929860e-03	6.075104e-04	-4.980132e-04	-9.891271e-04	-9.925767e-04	3.449651e-06
186           	1.012989e-02	5.671623e-03	4.458265e-03	-7.036881e-04	4.576073e-03	-5.279761e-03	4.927917e-03	6.066789e-04	-4.974819e-04	-9.877760e-04	-9.913699e-04	3.593962e-06
187           	1.012567e-02	5.668667e-03	4.457006e-03	-7.036865e-04	4.574180e-03	-5.277866e-03	4.926023e-03	6.058305e-04	-4.969287e-04	-9.863942e-04	-9.901258e-04	3.731653e-06
188           	1.012156e-02	5.665748e-03	4.455815e-03	-7.036856e-04	4.572335e-03	-5.276021e-03	4.924178e-03	6.049663e-04	-4.963548e-04	-9.849838e-04	-9.888467e-04	3.862889e-06
189           	1.011756e-02	5.662866e-03	4.454691e-03	-7.036853e-04	4.570538e-03	-5.274223e-03	4.922380e-03	6.040876e-04	-4.957611e-04	-9.835466e-04	-9.875344e-04	3.987826e-06
190           	1.011365e-02	5.660021e-03	4.453630e-03	-7.036857e-04	4.568786e-03	-5.272472e-03	4.920629e-03	6.031953e-04	-4.951487e-04	-9.820841e-04	-9.861907e-04	4.106603e-06
191           	1.010985e-02	5.657213e-03	4.452632e-03	-7.036867e-04	4.567080e-03	-5.270766e-03	4.918923e-03	6.022905e-04	-4.945181e-04	-9.805976e-04	-9.848169e-04	4.219313e-06
192           	1.010614e-02	5.654442e-03	4.451694e-03	-7.036882e-04	4.565417e-03	-5.269105e-03	4.917261e-03	6.013739e-04	-4.938703e-04	-9.790886e-04	-9.834146e-04	4.326029e-06
193           	1.010252e-02	5.651706e-03	4.450814e-03	-7.036901e-04	4.563797e-03	-5.267487e-03	4.915642e-03	6.004463e-04	-4.932060e-04	-9.775584e-04	-9.819852e-04	4.426847e-06
194           	1.009899e-02	5.649002e-03	4.449990e-03	-7.036936e-04	4.562217e-03	-5.265911e-03	4.914064e-03	5.995060e-04	-4.925226e-04	-9.760041e-04	-9.805247e-04	4.520551e-06
195           	1.009555e-02	5.646335e-03	4.449220e-03	-7.036970e-04	4.560679e-03	-5.264376e-03	4.912527e-03	5.985578e-04	-4.918263e-04	-9.744338e-04	-9.790432e-04	4.609418e-06
196           	1.009221e-02	5.643706e-03	4.448502e-03	-7.037003e-04	4.559181e-03	-5.262881e-03	4.911031e-03	5.976022e-04	-4.911180e-04	-9.728487e-04	-9.775423e-04	4.693663e-06
197           	1.008895e-02	5.641115e-03	4.447834e-03	-7.037035e-04	4.557722e-03	-5.261426e-03	4.909574e-03	5.966401e-04	-4.903984e-04	-9.712501e-04	-9.760234e-04	4.773373e-06
198           	1.008754e-02	5.640266e-03	4.447278e-03	-7.036122e-04	4.557077e-03	-5.260689e-03	4.908883e-03	5.964942e-04	-4.903165e-04	-9.709274e-04	-9.757802e-04	4.852780e-06
199           	1.008628e-02	5.640014e-03	4.446262e-03	-7.034631e-04	4.556484e-03	-5.259948e-03	4.908216e-03	5.968762e-04	-4.906498e-04	-9.714362e-04	-9.763679e-04	4.931681e-06
200           	1.008504e-02	5.639989e-03	4.445055e-03	-7.032953e-04	4.555908e-03	-5.259203e-03	4.907555e-03	5.974669e-04	-4.911402e-04	-9.722789e-04	-9.772796e-04	5.000693e-06
201           	1.008377e-02	5.639858e-03	4.443907e-03	-7.031431e-04	4.555313e-03	-5.258456e-03	4.906884e-03	5.979755e-04	-4.915497e-04	-9.729987e-04	-9.780490e-04	5.050331e-06
202           	1.008238e-02	5.639409e-03	4.442975e-03	-7.030285e-04	4.554680e-03	-5.257708e-03	4.906194e-03	5.982171e-04	-4.917291e-04	-9.733078e-04	-9.783829e-04	5.075168e-06
203           	1.008088e-02	5.638534e-03	4.442345e-03	-7.029621e-04	4.554000e-03	-5.256962e-03	4.905481e-03	5.980942e-04	-4.915998e-04	-9.730525e-04	-9.781260e-04	5.073545e-06
204           	1.007926e-02	5.637235e-03	4.442023e-03	-7.029429e-04	4.553276e-03	-5.256219e-03	4.904748e-03	5.976059e-04	-4.911640e-04	-9.722307e-04	-9.772794e-04	5.048650e-06
205           	1.007755e-02	5.635592e-03	4.441960e-03	-7.029614e-04	4.552522e-03	-5.255483e-03	4.904003e-03	5.968160e-04	-4.904776e-04	-9.709404e-04	-9.759477e-04	5.007369e-06
206           	1.007581e-02	5.633717e-03	4.442090e-03	-7.030047e-04	4.551753e-03	-5.254758e-03	4.903255e-03	5.958139e-04	-4.896171e-04	-9.693171e-04	-9.742757e-04	4.958579e-06
207           	1.007407e-02	5.631757e-03	4.442309e-03	-7.030579e-04	4.550987e-03	-5.254045e-03	4.902516e-03	5.947238e-04	-4.886890e-04	-9.675531e-04	-9.724656e-04	4.912486e-06
208           	1.007237e-02	5.629822e-03	4.442547e-03	-7.031080e-04	4.550239e-03	-5.253348e-03	4.901794e-03	5.936375e-04	-4.877718e-04	-9.657895e-04	-9.706666e-04	4.877098e-06
209           	1.007075e-02	5.628011e-03	4.442735e-03	-7.031453e-04	4.549522e-03	-5.252667e-03	4.901094e-03	5.926379e-04	-4.869362e-04	-9.641553e-04	-9.690138e-04	4.858549e-06
210           	1.006921e-02	5.626379e-03	4.442832e-03	-7.031646e-04	4.548839e-03	-5.252004e-03	4.900421e-03	5.917732e-04	-4.862229e-04	-9.627263e-04	-9.675860e-04	4.859746e-06
211           	1.006776e-02	5.624939e-03	4.442824e-03	-7.031651e-04	4.548192e-03	-5.251357e-03	4.899774e-03	5.910578e-04	-4.856435e-04	-9.615262e-04	-9.664066e-04	4.880345e-06
212           	1.006639e-02	5.623675e-03	4.442716e-03	-7.031495e-04	4.547575e-03	-5.250725e-03	4.899150e-03	5.904796e-04	-4.851864e-04	-9.605385e-04	-9.654556e-04	4.917111e-06
213           	1.006508e-02	5.622547e-03	4.442531e-03	-7.031226e-04	4.546982e-03	-5.250105e-03	4.898543e-03	5.900078e-04	-4.848233e-04	-9.597173e-04	-9.646819e-04	4.964648e-06
214           	1.006380e-02	5.621504e-03	4.442300e-03	-7.030896e-04	4.546406e-03	-5.249496e-03	4.897951e-03	5.896024e-04	-4.845187e-04	-9.590019e-04	-9.640196e-04	5.017769e-06
215           	1.006254e-02	5.620491e-03	4.442053e-03	-7.030570e-04	4.545837e-03	-5.248894e-03	4.897366e-03	5.892189e-04	-4.842314e-04	-9.583251e-04	-9.633939e-04	5.068839e-06
216           	1.006128e-02	5.619458e-03	4.441821e-03	-7.030304e-04	4.545267e-03	-5.248297e-03	4.896782e-03	5.888184e-04	-4.839257e-04	-9.576272e-04	-9.627393e-04	5.112038e-06
217           	1.006001e-02	5.618383e-03	4.441624e-03	-7.030110e-04	4.544695e-03	-5.247706e-03	4.896200e-03	5.883797e-04	-4.835838e-04	-9.568751e-04	-9.620214e-04	5.146260e-06
218           	1.005872e-02	5.617254e-03	4.441470e-03	-7.029995e-04	4.544120e-03	-5.247120e-03	4.895620e-03	5.878920e-04	-4.831965e-04	-9.560512e-04	-9.612220e-04	5.170882e-06
219           	1.005744e-02	5.616074e-03	4.441362e-03	-7.029951e-04	4.543544e-03	-5.246539e-03	4.895042e-03	5.873559e-04	-4.827646e-04	-9.551553e-04	-9.603422e-04	5.186929e-06
220           	1.005615e-02	5.614854e-03	4.441293e-03	-7.029961e-04	4.542970e-03	-5.245966e-03	4.894468e-03	5.867804e-04	-4.822968e-04	-9.542004e-04	-9.593970e-04	5.196567e-06
221           	1.005487e-02	5.613614e-03	4.441255e-03	-7.030002e-04	4.542400e-03	-5.245400e-03	4.893900e-03	5.861795e-04	-4.818061e-04	-9.532072e-04	-9.584097e-04	5.202501e-06
222           	1.005361e-02	5.612371e-03	4.441235e-03	-7.030055e-04	4.541837e-03	-5.244842e-03	4.893340e-03	5.855684e-04	-4.813065e-04	-9.521981e-04	-9.574056e-04	5.207425e-06
223           	1.005237e-02	5.611144e-03	4.441223e-03	-7.030100e-04	4.541284e-03	-5.244294e-03	4.892789e-03	5.849606e-04	-4.808104e-04	-9.511936e-04	-9.564072e-04	5.213565e-06
224           	1.005115e-02	5.609943e-03	4.441210e-03	-7.030127e-04	4.540743e-03	-5.243755e-03	4.892249e-03	5.843664e-04	-4.803268e-04	-9.502088e-04	-9.554312e-04	5.222395e-06
225           	1.004997e-02	5.608775e-03	4.441193e-03	-7.030131e-04	4.540213e-03	-5.243226e-03	4.891720e-03	5.837912e-04	-4.798606e-04	-9.492521e-04	-9.544867e-04	5.234556e-06
226           	1.004881e-02	5.607642e-03	4.441169e-03	-7.030111e-04	4.539695e-03	-5.242706e-03	4.891201e-03	5.832365e-04	-4.794128e-04	-9.483258e-04	-9.535757e-04	5.249914e-06
227           	1.004768e-02	5.606539e-03	4.441138e-03	-7.030074e-04	4.539188e-03	-5.242195e-03	4.890691e-03	5.827001e-04	-4.789811e-04	-9.474267e-04	-9.526945e-04	5.267768e-06
228           	1.004656e-02	5.605460e-03	4.441105e-03	-7.030027e-04	4.538690e-03	-5.241692e-03	4.890191e-03	5.821778e-04	-4.785613e-04	-9.465485e-04	-9.518356e-04	5.287090e-06
229           	1.004547e-02	5.604400e-03	4.441071e-03	-7.029978e-04	4.538200e-03	-5.241198e-03	4.889699e-03	5.816642e-04	-4.781484e-04	-9.456833e-04	-9.509901e-04	5.306775e-06
230           	1.004439e-02	5.603350e-03	4.441042e-03	-7.029933e-04	4.537717e-03	-5.240710e-03	4.889214e-03	5.811542e-04	-4.777377e-04	-9.448237e-04	-9.501495e-04	5.325850e-06
231           	1.004333e-02	5.602307e-03	4.441019e-03	-7.029898e-04	4.537240e-03	-5.240230e-03	4.888735e-03	5.806438e-04	-4.773254e-04	-9.439635e-04	-9.493072e-04	5.343622e-06
232           	1.004227e-02	5.601267e-03	4.441006e-03	-7.029875e-04	4.536769e-03	-5.239756e-03	4.888263e-03	5.801305e-04	-4.769093e-04	-9.430992e-04	-9.484589e-04	5.359734e-06
233           	1.004123e-02	5.600229e-03	4.441002e-03	-7.029864e-04	4.536303e-03	-5.239290e-03	4.887797e-03	5.796133e-04	-4.764888e-04	-9.422293e-04	-9.476035e-04	5.374155e-06
234           	1.004020e-02	5.599193e-03	4.441008e-03	-7.029864e-04	4.535843e-03	-5.238830e-03	4.887337e-03	5.790927e-04	-4.760644e-04	-9.413546e-04	-9.467417e-04	5.387114e-06
235           	1.003918e-02	5.598162e-03	4.441022e-03	-7.029873e-04	4.535389e-03	-5.238377e-03	4.886883e-03	5.785700e-04	-4.756376e-04	-9.404772e-04	-9.458762e-04	5.399008e-06
236           	1.003818e-02	5.597140e-03	4.441037e-03	-7.029899e-04	4.534940e-03	-5.237930e-03	4.886435e-03	5.780514e-04	-4.752130e-04	-9.396072e-04	-9.450167e-04	5.409412e-06
237           	1.003719e-02	5.596126e-03	4.441060e-03	-7.029924e-04	4.534498e-03	-5.237490e-03	4.885994e-03	5.775331e-04	-4.747886e-04	-9.387375e-04	-9.441574e-04	5.419806e-06
238           	1.003621e-02	5.595122e-03	4.441090e-03	-7.029947e-04	4.534062e-03	-5.237057e-03	4.885560e-03	5.770165e-04	-4.743658e-04	-9.378704e-04	-9.433010e-04	5.430573e-06
239           	1.003525e-02	5.594130e-03	4.441124e-03	-7.029967e-04	4.533635e-03	-5.236631e-03	4.885133e-03	5.765029e-04	-4.739457e-04	-9.370077e-04	-9.424496e-04	5.441873e-06
240           	1.003431e-02	5.593149e-03	4.441163e-03	-7.029984e-04	4.533214e-03	-5.236212e-03	4.884713e-03	5.759932e-04	-4.735291e-04	-9.361509e-04	-9.416046e-04	5.453656e-06
241           	1.003339e-02	5.592181e-03	4.441205e-03	-7.030001e-04	4.532800e-03	-5.235800e-03	4.884300e-03	5.754876e-04	-4.731159e-04	-9.353004e-04	-9.407661e-04	5.465719e-06
242           	1.003247e-02	5.591223e-03	4.441251e-03	-7.030018e-04	4.532392e-03	-5.235394e-03	4.883893e-03	5.749860e-04	-4.727057e-04	-9.344560e-04	-9.399337e-04	5.477760e-06
243           	1.003158e-02	5.590276e-03	4.441300e-03	-7.030038e-04	4.531991e-03	-5.234995e-03	4.883493e-03	5.744878e-04	-4.722979e-04	-9.336169e-04	-9.391063e-04	5.489438e-06
244           	1.003069e-02	5.589338e-03	4.441355e-03	-7.030049e-04	4.531596e-03	-5.234601e-03	4.883099e-03	5.739915e-04	-4.718915e-04	-9.327816e-04	-9.382823e-04	5.500681e-06
245           	1.002982e-02	5.588409e-03	4.441414e-03	-7.030069e-04	4.531207e-03	-5.234214e-03	4.882711e-03	5.734976e-04	-4.714862e-04	-9.319501e-04	-9.374612e-04	5.511122e-06
246           	1.002896e-02	5.587486e-03	4.441476e-03	-7.030098e-04	4.530823e-03	-5.233833e-03	4.882328e-03	5.730054e-04	-4.710810e-04	-9.311210e-04	-9.366415e-04	5.520493e-06
247           	1.002811e-02	5.586570e-03	4.441542e-03	-7.030136e-04	4.530444e-03	-5.233458e-03	4.881951e-03	5.725141e-04	-4.706754e-04	-9.302934e-04	-9.358220e-04	5.528654e-06
248           	1.002727e-02	5.585661e-03	4.441614e-03	-7.030180e-04	4.530070e-03	-5.233088e-03	4.881579e-03	5.720234e-04	-4.702690e-04	-9.294667e-04	-9.350023e-04	5.535598e-06
249           	1.002645e-02	5.584757e-03	4.441690e-03	-7.030229e-04	4.529702e-03	-5.232724e-03	4.881213e-03	5.715334e-04	-4.698619e-04	-9.286409e-04	-9.341823e-04	5.541411e-06
250           	1.002563e-02	5.583861e-03	4.441772e-03	-7.030279e-04	4.529338e-03	-5.232366e-03	4.880852e-03	5.710443e-04	-4.694544e-04	-9.278162e-04	-9.333625e-04	5.546237e-06
251           	1.002483e-02	5.582972e-03	4.441859e-03	-7.030330e-04	4.528981e-03	-5.232014e-03	4.880497e-03	5.705563e-04	-4.690468e-04	-9.269932e-04	-9.325434e-04	5.550240e-06
252           	1.002404e-02	5.582091e-03	4.441951e-03	-7.030380e-04	4.528629e-03	-5.231667e-03	4.880148e-03	5.700698e-04	-4.686397e-04	-9.261722e-04	-9.317258e-04	5.553573e-06
253           	1.002326e-02	5.581224e-03	4.442038e-03	-7.030437e-04	4.528281e-03	-5.231325e-03	4.879803e-03	5.695926e-04	-4.682387e-04	-9.253667e-04	-9.309220e-04	5.555349e-06
254           	1.002250e-02	5.580363e-03	4.442133e-03	-7.030491e-04	4.527939e-03	-5.230988e-03	4.879464e-03	5.691147e-04	-4.678366e-04	-9.245594e-04	-9.301163e-04	5.556878e-06
255           	1.002174e-02	5.579508e-03	4.442236e-03	-7.030541e-04	4.527604e-03	-5.230658e-03	4.879131e-03	5.686363e-04	-4.674335e-04	-9.237505e-04	-9.293088e-04	5.558266e-06
256           	1.002100e-02	5.578660e-03	4.442344e-03	-7.030589e-04	4.527274e-03	-5.230332e-03	4.878803e-03	5.681577e-04	-4.670299e-04	-9.229407e-04	-9.285003e-04	5.559524e-06
257           	1.002028e-02	5.577818e-03	4.442459e-03	-7.030636e-04	4.526949e-03	-5.230012e-03	4.878481e-03	5.676797e-04	-4.666262e-04	-9.221312e-04	-9.276918e-04	5.560593e-06
258           	1.001956e-02	5.576984e-03	4.442578e-03	-7.030683e-04	4.526630e-03	-5.229698e-03	4.878164e-03	5.672031e-04	-4.662231e-04	-9.213234e-04	-9.268848e-04	5.561389e-06
259           	1.001886e-02	5.576158e-03	4.442701e-03	-7.030732e-04	4.526315e-03	-5.229388e-03	4.877852e-03	5.667285e-04	-4.658210e-04	-9.205184e-04	-9.260802e-04	5.561825e-06
260           	1.001816e-02	5.575339e-03	4.442826e-03	-7.030783e-04	4.526006e-03	-5.229084e-03	4.877545e-03	5.662565e-04	-4.654205e-04	-9.197173e-04	-9.252792e-04	5.561834e-06
261           	1.001748e-02	5.574528e-03	4.442953e-03	-7.030838e-04	4.525701e-03	-5.228784e-03	4.877243e-03	5.657874e-04	-4.650219e-04	-9.189209e-04	-9.244823e-04	5.561378e-06
262           	1.001681e-02	5.573726e-03	4.443083e-03	-7.030895e-04	4.525400e-03	-5.228490e-03	4.876945e-03	5.653216e-04	-4.646253e-04	-9.181296e-04	-9.236901e-04	5.560452e-06
263           	1.001615e-02	5.572932e-03	4.443213e-03	-7.030954e-04	4.525104e-03	-5.228200e-03	4.876652e-03	5.648591e-04	-4.642309e-04	-9.173436e-04	-9.229027e-04	5.559080e-06
264           	1.001549e-02	5.572146e-03	4.443346e-03	-7.031015e-04	4.524813e-03	-5.227914e-03	4.876364e-03	5.643998e-04	-4.638387e-04	-9.165628e-04	-9.221202e-04	5.557311e-06
265           	1.001485e-02	5.571368e-03	4.443481e-03	-7.031077e-04	4.524526e-03	-5.227634e-03	4.876080e-03	5.639436e-04	-4.634488e-04	-9.157872e-04	-9.213424e-04	5.555201e-06
266           	1.001422e-02	5.570598e-03	4.443617e-03	-7.031139e-04	4.524243e-03	-5.227357e-03	4.875800e-03	5.634905e-04	-4.630610e-04	-9.150163e-04	-9.205691e-04	5.552808e-06
267           	1.001359e-02	5.569836e-03	4.443756e-03	-7.031202e-04	4.523965e-03	-5.227085e-03	4.875525e-03	5.630404e-04	-4.626753e-04	-9.142502e-04	-9.198004e-04	5.550189e-06
268           	1.001298e-02	5.569083e-03	4.443896e-03	-7.031265e-04	4.523692e-03	-5.226818e-03	4.875255e-03	5.625932e-04	-4.622916e-04	-9.134885e-04	-9.190359e-04	5.547382e-06
269           	1.001238e-02	5.568337e-03	4.444039e-03	-7.031327e-04	4.523422e-03	-5.226555e-03	4.874989e-03	5.621487e-04	-4.619100e-04	-9.127312e-04	-9.182756e-04	5.544412e-06
270           	1.001178e-02	5.567598e-03	4.444184e-03	-7.031389e-04	4.523157e-03	-5.226296e-03	4.874727e-03	5.617071e-04	-4.615304e-04	-9.119783e-04	-9.175196e-04	5.541295e-06
271           	1.001120e-02	5.566868e-03	4.444331e-03	-7.031451e-04	4.522897e-03	-5.226042e-03	4.874469e-03	5.612684e-04	-4.611530e-04	-9.112298e-04	-9.167679e-04	5.538049e-06
272           	1.001062e-02	5.566145e-03	4.444479e-03	-7.031513e-04	4.522640e-03	-5.225792e-03	4.874216e-03	5.608327e-04	-4.607776e-04	-9.104859e-04	-9.160206e-04	5.534684e-06
273           	1.001006e-02	5.565430e-03	4.444630e-03	-7.031576e-04	4.522388e-03	-5.225546e-03	4.873967e-03	5.604001e-04	-4.604046e-04	-9.097467e-04	-9.152780e-04	5.531213e-06
274           	1.000950e-02	5.564723e-03	4.444781e-03	-7.031638e-04	4.522140e-03	-5.225304e-03	4.873722e-03	5.599708e-04	-4.600340e-04	-9.090126e-04	-9.145403e-04	5.527653e-06
275           	1.000896e-02	5.564023e-03	4.444933e-03	-7.031701e-04	4.521896e-03	-5.225066e-03	4.873481e-03	5.595448e-04	-4.596659e-04	-9.082837e-04	-9.138077e-04	5.524024e-06
276           	1.000842e-02	5.563332e-03	4.445087e-03	-7.031764e-04	4.521655e-03	-5.224832e-03	4.873244e-03	5.591224e-04	-4.593005e-04	-9.075603e-04	-9.130806e-04	5.520346e-06
277           	1.000789e-02	5.562648e-03	4.445241e-03	-7.031827e-04	4.521419e-03	-5.224602e-03	4.873010e-03	5.587036e-04	-4.589379e-04	-9.068425e-04	-9.123592e-04	5.516639e-06
278           	1.000737e-02	5.561973e-03	4.445396e-03	-7.031891e-04	4.521186e-03	-5.224376e-03	4.872781e-03	5.582885e-04	-4.585782e-04	-9.061306e-04	-9.116435e-04	5.512917e-06
279           	1.000686e-02	5.561305e-03	4.445551e-03	-7.031954e-04	4.520958e-03	-5.224153e-03	4.872555e-03	5.578772e-04	-4.582215e-04	-9.054246e-04	-9.109338e-04	5.509197e-06
280           	1.000635e-02	5.560646e-03	4.445706e-03	-7.032018e-04	4.520733e-03	-5.223934e-03	4.872334e-03	5.574697e-04	-4.578678e-04	-9.047246e-04	-9.102301e-04	5.505493e-06
281           	1.000586e-02	5.559994e-03	4.445862e-03	-7.032081e-04	4.520511e-03	-5.223719e-03	4.872115e-03	5.570660e-04	-4.575172e-04	-9.040307e-04	-9.095325e-04	5.501817e-06
282           	1.000537e-02	5.559351e-03	4.446019e-03	-7.032144e-04	4.520294e-03	-5.223508e-03	4.871901e-03	5.566661e-04	-4.571696e-04	-9.033428e-04	-9.088410e-04	5.498177e-06
283           	1.000489e-02	5.558715e-03	4.446175e-03	-7.032207e-04	4.520080e-03	-5.223300e-03	4.871690e-03	5.562699e-04	-4.568251e-04	-9.026610e-04	-9.081556e-04	5.494575e-06
284           	1.000442e-02	5.558087e-03	4.446332e-03	-7.032269e-04	4.519869e-03	-5.223096e-03	4.871482e-03	5.558775e-04	-4.564836e-04	-9.019852e-04	-9.074762e-04	5.491007e-06
285           	1.000396e-02	5.557467e-03	4.446489e-03	-7.032332e-04	4.519662e-03	-5.222895e-03	4.871278e-03	5.554887e-04	-4.561451e-04	-9.013153e-04	-9.068028e-04	5.487471e-06
286           	1.000350e-02	5.556854e-03	4.446647e-03	-7.032394e-04	4.519458e-03	-5.222698e-03	4.871078e-03	5.551037e-04	-4.558096e-04	-9.006514e-04	-9.061353e-04	5.483964e-06
287           	1.000305e-02	5.556248e-03	4.446804e-03	-7.032456e-04	4.519258e-03	-5.222504e-03	4.870881e-03	5.547223e-04	-4.554772e-04	-8.999933e-04	-9.054738e-04	5.480485e-06
288           	1.000261e-02	5.555659e-03	4.446953e-03	-7.032513e-04	4.519061e-03	-5.222312e-03	4.870686e-03	5.543527e-04	-4.551539e-04	-8.993560e-04	-9.048320e-04	5.475915e-06
289           	1.000218e-02	5.555073e-03	4.447105e-03	-7.032572e-04	4.518867e-03	-5.222124e-03	4.870496e-03	5.539837e-04	-4.548312e-04	-8.987190e-04	-9.041907e-04	5.471674e-06
290           	1.000175e-02	5.554483e-03	4.447270e-03	-7.032636e-04	4.518677e-03	-5.221940e-03	4.870309e-03	5.536068e-04	-4.545024e-04	-8.980672e-04	-9.035360e-04	5.468850e-06
291           	1.000133e-02	5.553909e-03	4.447425e-03	-7.032696e-04	4.518490e-03	-5.221759e-03	4.870124e-03	5.532417e-04	-4.541828e-04	-8.974358e-04	-9.029008e-04	5.464938e-06
292           	1.000092e-02	5.553340e-03	4.447583e-03	-7.032756e-04	4.518305e-03	-5.221581e-03	4.869943e-03	5.528783e-04	-4.538648e-04	-8.968070e-04	-9.022683e-04	5.461270e-06
293           	1.000052e-02	5.552776e-03	4.447742e-03	-7.032817e-04	4.518124e-03	-5.221406e-03	4.869765e-03	5.525171e-04	-4.535485e-04	-8.961814e-04	-9.016392e-04	5.457829e-06
294           	1.000012e-02	5.552219e-03	4.447902e-03	-7.032877e-04	4.517947e-03	-5.221234e-03	4.869591e-03	5.521586e-04	-4.532347e-04	-8.955601e-04	-9.010147e-04	5.454586e-06
295           	9.999730e-03	5.551668e-03	4.448062e-03	-7.032937e-04	4.517772e-03	-5.221066e-03	4.869419e-03	5.518034e-04	-4.529236e-04	-8.949442e-04	-9.003957e-04	5.451510e-06
296           	9.999346e-03	5.551125e-03	4.448221e-03	-7.032997e-04	4.517600e-03	-5.220900e-03	4.869250e-03	5.514520e-04	-4.526159e-04	-8.943347e-04	-8.997832e-04	5.448571e-06
297           	9.998969e-03	5.550589e-03	4.448380e-03	-7.033057e-04	4.517431e-03	-5.220737e-03	4.869084e-03	5.511047e-04	-4.523118e-04	-8.937321e-04	-8.991779e-04	5.445746e-06
298           	9.998599e-03	5.550061e-03	4.448537e-03	-7.033115e-04	4.517266e-03	-5.220577e-03	4.868921e-03	5.507618e-04	-4.520115e-04	-8.931370e-04	-8.985800e-04	5.443018e-06
299           	9.998235e-03	5.549541e-03	4.448694e-03	-7.033173e-04	4.517103e-03	-5.220420e-03	4.868761e-03	5.504233e-04	-4.517150e-04	-8.925493e-04	-8.979897e-04	5.440369e-06
300           	9.997877e-03	5.549028e-03	4.448850e-03	-7.033230e-04	4.516942e-03	-5.220265e-03	4.868604e-03	5.500890e-04	-4.514222e-04	-8.919688e-04	-8.974066e-04	5.437781e-06
301           	9.997526e-03	5.548521e-03	4.449004e-03	-7.033286e-04	4.516785e-03	-5.220114e-03	4.868449e-03	5.497586e-04	-4.511327e-04	-8.913950e-04	-8.968302e-04	5.435233e-06
302           	9.997181e-03	5.548022e-03	4.449159e-03	-7.033341e-04	4.516630e-03	-5.219965e-03	4.868297e-03	5.494318e-04	-4.508463e-04	-8.908273e-04	-8.962600e-04	5.432701e-06
303           	9.996842e-03	5.547529e-03	4.449313e-03	-7.033396e-04	4.516478e-03	-5.219818e-03	4.868148e-03	5.491083e-04	-4.505628e-04	-8.902652e-04	-8.956954e-04	5.430163e-06
304           	9.996509e-03	5.547042e-03	4.449466e-03	-7.033451e-04	4.516329e-03	-5.219674e-03	4.868002e-03	5.487880e-04	-4.502817e-04	-8.897083e-04	-8.951359e-04	5.427598e-06
305           	9.996182e-03	5.546561e-03	4.449620e-03	-7.033505e-04	4.516182e-03	-5.219533e-03	4.867858e-03	5.484705e-04	-4.500031e-04	-8.891561e-04	-8.945811e-04	5.424991e-06
306           	9.995860e-03	5.546086e-03	4.449774e-03	-7.033559e-04	4.516038e-03	-5.219394e-03	4.867716e-03	5.481558e-04	-4.497266e-04	-8.886085e-04	-8.940309e-04	5.422330e-06
307           	9.995544e-03	5.545616e-03	4.449928e-03	-7.033612e-04	4.515897e-03	-5.219258e-03	4.867577e-03	5.478437e-04	-4.494523e-04	-8.880654e-04	-8.934850e-04	5.419610e-06
308           	9.995234e-03	5.545152e-03	4.450083e-03	-7.033665e-04	4.515757e-03	-5.219124e-03	4.867441e-03	5.475345e-04	-4.491802e-04	-8.875268e-04	-8.929436e-04	5.416831e-06
309           	9.994930e-03	5.544693e-03	4.450237e-03	-7.033718e-04	4.515621e-03	-5.218992e-03	4.867307e-03	5.472280e-04	-4.489104e-04	-8.869927e-04	-8.924067e-04	5.413994e-06
310           	9.994630e-03	5.544240e-03	4.450391e-03	-7.033770e-04	4.515486e-03	-5.218863e-03	4.867175e-03	5.469243e-04	-4.486428e-04	-8.864634e-04	-8.918745e-04	5.411107e-06
311           	9.994337e-03	5.543792e-03	4.450545e-03	-7.033821e-04	4.515354e-03	-5.218737e-03	4.867045e-03	5.466236e-04	-4.483776e-04	-8.859388e-04	-8.913470e-04	5.408173e-06
312           	9.994048e-03	5.543350e-03	4.450698e-03	-7.033872e-04	4.515225e-03	-5.218612e-03	4.866918e-03	5.463258e-04	-4.481148e-04	-8.854191e-04	-8.908243e-04	5.405192e-06
313           	9.993765e-03	5.542913e-03	4.450852e-03	-7.033923e-04	4.515098e-03	-5.218490e-03	4.866794e-03	5.460309e-04	-4.478543e-04	-8.849043e-04	-8.903065e-04	5.402165e-06
314           	9.993487e-03	5.542482e-03	4.451005e-03	-7.033972e-04	4.514973e-03	-5.218370e-03	4.866671e-03	5.457389e-04	-4.475963e-04	-8.843944e-04	-8.897934e-04	5.399086e-06
315           	9.993214e-03	5.542057e-03	4.451157e-03	-7.034021e-04	4.514850e-03	-5.218252e-03	4.866551e-03	5.454497e-04	-4.473405e-04	-8.838892e-04	-8.892851e-04	5.395947e-06
316           	9.992946e-03	5.541637e-03	4.451310e-03	-7.034070e-04	4.514730e-03	-5.218137e-03	4.866433e-03	5.451634e-04	-4.470871e-04	-8.833886e-04	-8.887814e-04	5.392739e-06
317           	9.992684e-03	5.541222e-03	4.451462e-03	-7.034118e-04	4.514611e-03	-5.218023e-03	4.866317e-03	5.448797e-04	-4.468358e-04	-8.828926e-04	-8.882821e-04	5.389447e-06
318           	9.992426e-03	5.540812e-03	4.451614e-03	-7.034165e-04	4.514495e-03	-5.217912e-03	4.866204e-03	5.445987e-04	-4.465866e-04	-8.824010e-04	-8.877871e-04	5.386058e-06
319           	9.992173e-03	5.540407e-03	4.451766e-03	-7.034212e-04	4.514381e-03	-5.217803e-03	4.866092e-03	5.443202e-04	-4.463394e-04	-8.819136e-04	-8.872962e-04	5.382558e-06
320           	9.991924e-03	5.540006e-03	4.451918e-03	-7.034258e-04	4.514270e-03	-5.217695e-03	4.865983e-03	5.440442e-04	-4.460941e-04	-8.814303e-04	-8.868092e-04	5.378935e-06
321           	9.991681e-03	5.539611e-03	4.452070e-03	-7.034304e-04	4.514160e-03	-5.217590e-03	4.865875e-03	5.437707e-04	-4.458507e-04	-8.809510e-04	-8.863262e-04	5.375178e-06
322           	9.991441e-03	5.539220e-03	4.452221e-03	-7.034349e-04	4.514052e-03	-5.217487e-03	4.865770e-03	5.434995e-04	-4.456091e-04	-8.804756e-04	-8.858469e-04	5.371283e-06
323           	9.991207e-03	5.538834e-03	4.452373e-03	-7.034394e-04	4.513947e-03	-5.217386e-03	4.865666e-03	5.432306e-04	-4.453693e-04	-8.800042e-04	-8.853714e-04	5.367247e-06
324           	9.990977e-03	5.538452e-03	4.452524e-03	-7.034438e-04	4.513843e-03	-5.217287e-03	4.865565e-03	5.429642e-04	-4.451313e-04	-8.795365e-04	-8.848996e-04	5.363071e-06
325           	9.990751e-03	5.538075e-03	4.452675e-03	-7.034482e-04	4.513741e-03	-5.217189e-03	4.865465e-03	5.427000e-04	-4.448951e-04	-8.790728e-04	-8.844315e-04	5.358752e-06
326           	9.990529e-03	5.537703e-03	4.452827e-03	-7.034525e-04	4.513641e-03	-5.217094e-03	4.865367e-03	5.424381e-04	-4.446607e-04	-8.786128e-04	-8.839671e-04	5.354295e-06
327           	9.990312e-03	5.537335e-03	4.452978e-03	-7.034568e-04	4.513543e-03	-5.217000e-03	4.865272e-03	5.421785e-04	-4.444280e-04	-8.781566e-04	-8.835063e-04	5.349702e-06
328           	9.990099e-03	5.536971e-03	4.453128e-03	-7.034610e-04	4.513447e-03	-5.216908e-03	4.865178e-03	5.419212e-04	-4.441970e-04	-8.777041e-04	-8.830491e-04	5.344972e-06
329           	9.989890e-03	5.536611e-03	4.453279e-03	-7.034652e-04	4.513353e-03	-5.216818e-03	4.865085e-03	5.416661e-04	-4.439678e-04	-8.772554e-04	-8.825955e-04	5.340102e-06
330           	9.989686e-03	5.536256e-03	4.453430e-03	-7.034693e-04	4.513260e-03	-5.216730e-03	4.864995e-03	5.414132e-04	-4.437402e-04	-8.768103e-04	-8.821453e-04	5.335091e-06
331           	9.989485e-03	5.535905e-03	4.453580e-03	-7.034733e-04	4.513170e-03	-5.216643e-03	4.864906e-03	5.411625e-04	-4.435143e-04	-8.763687e-04	-8.816987e-04	5.329938e-06
332           	9.989288e-03	5.535558e-03	4.453730e-03	-7.034773e-04	4.513081e-03	-5.216558e-03	4.864820e-03	5.409139e-04	-4.432900e-04	-8.759308e-04	-8.812554e-04	5.324646e-06
333           	9.989095e-03	5.535215e-03	4.453880e-03	-7.034813e-04	4.512994e-03	-5.216475e-03	4.864734e-03	5.406675e-04	-4.430674e-04	-8.754963e-04	-8.808156e-04	5.319218e-06
334           	9.988906e-03	5.534876e-03	4.454030e-03	-7.034851e-04	4.512908e-03	-5.216393e-03	4.864651e-03	5.404233e-04	-4.428464e-04	-8.750654e-04	-8.803791e-04	5.313659e-06
335           	9.988721e-03	5.534542e-03	4.454179e-03	-7.034890e-04	4.512825e-03	-5.216314e-03	4.864569e-03	5.401811e-04	-4.426270e-04	-8.746380e-04	-8.799459e-04	5.307976e-06
336           	9.988539e-03	5.534211e-03	4.454329e-03	-7.034928e-04	4.512742e-03	-5.216235e-03	4.864489e-03	5.399410e-04	-4.424092e-04	-8.742140e-04	-8.795161e-04	5.302176e-06
337           	9.988361e-03	5.533884e-03	4.454478e-03	-7.034965e-04	4.512662e-03	-5.216158e-03	4.864410e-03	5.397030e-04	-4.421930e-04	-8.737934e-04	-8.790897e-04	5.296268e-06
338           	9.988187e-03	5.533561e-03	4.454626e-03	-7.035002e-04	4.512583e-03	-5.216083e-03	4.864333e-03	5.394671e-04	-4.419784e-04	-8.733763e-04	-8.786666e-04	5.290261e-06
339           	9.988016e-03	5.533241e-03	4.454775e-03	-7.035038e-04	4.512506e-03	-5.216010e-03	4.864258e-03	5.392334e-04	-4.417655e-04	-8.729627e-04	-8.782468e-04	5.284166e-06
340           	9.987849e-03	5.532926e-03	4.454923e-03	-7.035074e-04	4.512430e-03	-5.215937e-03	4.864184e-03	5.390017e-04	-4.415542e-04	-8.725525e-04	-8.778305e-04	5.277989e-06
341           	9.987685e-03	5.532614e-03	4.455070e-03	-7.035110e-04	4.512356e-03	-5.215867e-03	4.864111e-03	5.387721e-04	-4.413446e-04	-8.721458e-04	-8.774175e-04	5.271737e-06
342           	9.987524e-03	5.532307e-03	4.455218e-03	-7.035145e-04	4.512283e-03	-5.215797e-03	4.864040e-03	5.385446e-04	-4.411367e-04	-8.717425e-04	-8.770079e-04	5.265416e-06
343           	9.987367e-03	5.532003e-03	4.455364e-03	-7.035179e-04	4.512212e-03	-5.215730e-03	4.863971e-03	5.383191e-04	-4.409304e-04	-8.713427e-04	-8.766017e-04	5.259030e-06
344           	9.987213e-03	5.531711e-03	4.455502e-03	-7.035209e-04	4.512142e-03	-5.215663e-03	4.863902e-03	5.381046e-04	-4.407333e-04	-8.709621e-04	-8.762143e-04	5.252223e-06
345           	9.987062e-03	5.531411e-03	4.455651e-03	-7.035244e-04	4.512073e-03	-5.215598e-03	4.863836e-03	5.378801e-04	-4.405275e-04	-8.705634e-04	-8.758092e-04	5.245772e-06
346           	9.986915e-03	5.531124e-03	4.455791e-03	-7.035274e-04	4.512006e-03	-5.215534e-03	4.863770e-03	5.376661e-04	-4.403306e-04	-8.701834e-04	-8.754223e-04	5.238925e-06
347           	9.986771e-03	5.530837e-03	4.455934e-03	-7.035305e-04	4.511941e-03	-5.215471e-03	4.863706e-03	5.374513e-04	-4.401329e-04	-8.698017e-04	-8.750338e-04	5.232064e-06
348           	9.986629e-03	5.530550e-03	4.456079e-03	-7.035337e-04	4.511877e-03	-5.215410e-03	4.863643e-03	5.372359e-04	-4.399345e-04	-8.694187e-04	-8.746438e-04	5.225163e-06
349           	9.986490e-03	5.530256e-03	4.456234e-03	-7.035373e-04	4.511814e-03	-5.215351e-03	4.863582e-03	5.370114e-04	-4.397282e-04	-8.690196e-04	-8.742381e-04	5.218425e-06
350           	9.986354e-03	5.529977e-03	4.456378e-03	-7.035404e-04	4.511752e-03	-5.215292e-03	4.863522e-03	5.367996e-04	-4.395328e-04	-8.686428e-04	-8.738542e-04	5.211389e-06
351           	9.986222e-03	5.529700e-03	4.456521e-03	-7.035435e-04	4.511692e-03	-5.215235e-03	4.863463e-03	5.365895e-04	-4.393387e-04	-8.682687e-04	-8.734730e-04	5.204334e-06
352           	9.986092e-03	5.529427e-03	4.456665e-03	-7.035465e-04	4.511633e-03	-5.215179e-03	4.863406e-03	5.363811e-04	-4.391460e-04	-8.678975e-04	-8.730948e-04	5.197263e-06
353           	9.985965e-03	5.529157e-03	4.456808e-03	-7.035495e-04	4.511575e-03	-5.215124e-03	4.863350e-03	5.361745e-04	-4.389550e-04	-8.675296e-04	-8.727197e-04	5.190182e-06
354           	9.985841e-03	5.528890e-03	4.456951e-03	-7.035524e-04	4.511518e-03	-5.215071e-03	4.863295e-03	5.359699e-04	-4.387655e-04	-8.671649e-04	-8.723480e-04	5.183095e-06
355           	9.985720e-03	5.528627e-03	4.457093e-03	-7.035553e-04	4.511463e-03	-5.215019e-03	4.863241e-03	5.357672e-04	-4.385778e-04	-8.668036e-04	-8.719796e-04	5.176000e-06
356           	9.985601e-03	5.528367e-03	4.457234e-03	-7.035581e-04	4.511409e-03	-5.214967e-03	4.863188e-03	5.355666e-04	-4.383918e-04	-8.664458e-04	-8.716147e-04	5.168896e-06
357           	9.985485e-03	5.528111e-03	4.457375e-03	-7.035609e-04	4.511356e-03	-5.214917e-03	4.863137e-03	5.353679e-04	-4.382076e-04	-8.660915e-04	-8.712533e-04	5.161778e-06
358           	9.985372e-03	5.527857e-03	4.457515e-03	-7.035636e-04	4.511305e-03	-5.214868e-03	4.863087e-03	5.351713e-04	-4.380250e-04	-8.657407e-04	-8.708953e-04	5.154640e-06
359           	9.985261e-03	5.527607e-03	4.457654e-03	-7.035663e-04	4.511254e-03	-5.214821e-03	4.863037e-03	5.349766e-04	-4.378440e-04	-8.653931e-04	-8.705406e-04	5.147479e-06
360           	9.985153e-03	5.527360e-03	4.457793e-03	-7.035689e-04	4.511205e-03	-5.214774e-03	4.862989e-03	5.347838e-04	-4.376647e-04	-8.650487e-04	-8.701890e-04	5.140292e-06
361           	9.985047e-03	5.527117e-03	4.457931e-03	-7.035715e-04	4.511157e-03	-5.214728e-03	4.862942e-03	5.345928e-04	-4.374868e-04	-8.647075e-04	-8.698406e-04	5.133079e-06
362           	9.984944e-03	5.526876e-03	4.458069e-03	-7.035740e-04	4.511109e-03	-5.214683e-03	4.862896e-03	5.344035e-04	-4.373105e-04	-8.643693e-04	-8.694951e-04	5.125844e-06
363           	9.984843e-03	5.526638e-03	4.458206e-03	-7.035765e-04	4.511063e-03	-5.214640e-03	4.862851e-03	5.342160e-04	-4.371356e-04	-8.640340e-04	-8.691526e-04	5.118592e-06
364           	9.984745e-03	5.526402e-03	4.458342e-03	-7.035790e-04	4.511018e-03	-5.214597e-03	4.862808e-03	5.340302e-04	-4.369622e-04	-8.637017e-04	-8.688130e-04	5.111329e-06
365           	9.984648e-03	5.526170e-03	4.458478e-03	-7.035814e-04	4.510974e-03	-5.214555e-03	4.862765e-03	5.338461e-04	-4.367902e-04	-8.633723e-04	-8.684764e-04	5.104067e-06
366           	9.984554e-03	5.525941e-03	4.458613e-03	-7.035838e-04	4.510931e-03	-5.214515e-03	4.862723e-03	5.336637e-04	-4.366198e-04	-8.630459e-04	-8.681427e-04	5.096818e-06
367           	9.984462e-03	5.525714e-03	4.458748e-03	-7.035861e-04	4.510889e-03	-5.214475e-03	4.862682e-03	5.334830e-04	-4.364508e-04	-8.627225e-04	-8.678121e-04	5.089590e-06
368           	9.984373e-03	5.525490e-03	4.458882e-03	-7.035884e-04	4.510848e-03	-5.214436e-03	4.862642e-03	5.333041e-04	-4.362835e-04	-8.624022e-04	-8.674845e-04	5.082394e-06
369           	9.984285e-03	5.525270e-03	4.459016e-03	-7.035907e-04	4.510808e-03	-5.214398e-03	4.862603e-03	5.331270e-04	-4.361177e-04	-8.620849e-04	-8.671601e-04	5.075239e-06
370           	9.984200e-03	5.525052e-03	4.459148e-03	-7.035930e-04	4.510768e-03	-5.214361e-03	4.862565e-03	5.329517e-04	-4.359535e-04	-8.617707e-04	-8.668388e-04	5.068131e-06
371           	9.984117e-03	5.524837e-03	4.459280e-03	-7.035951e-04	4.510730e-03	-5.214325e-03	4.862528e-03	5.327781e-04	-4.357909e-04	-8.614597e-04	-8.665207e-04	5.061071e-06
372           	9.984036e-03	5.524624e-03	4.459411e-03	-7.035973e-04	4.510693e-03	-5.214290e-03	4.862492e-03	5.326064e-04	-4.356300e-04	-8.611518e-04	-8.662059e-04	5.054066e-06
373           	9.983956e-03	5.524415e-03	4.459542e-03	-7.035994e-04	4.510657e-03	-5.214256e-03	4.862456e-03	5.324366e-04	-4.354707e-04	-8.608471e-04	-8.658942e-04	5.047118e-06
374           	9.983879e-03	5.524208e-03	4.459671e-03	-7.036015e-04	4.510621e-03	-5.214223e-03	4.862422e-03	5.322685e-04	-4.353130e-04	-8.605455e-04	-8.655858e-04	5.040234e-06
375           	9.983804e-03	5.524004e-03	4.459800e-03	-7.036035e-04	4.510586e-03	-5.214190e-03	4.862388e-03	5.321023e-04	-4.351570e-04	-8.602472e-04	-8.652806e-04	5.033415e-06
376           	9.983731e-03	5.523803e-03	4.459927e-03	-7.036055e-04	4.510553e-03	-5.214158e-03	4.862355e-03	5.319380e-04	-4.350027e-04	-8.599520e-04	-8.649787e-04	5.026666e-06
377           	9.983659e-03	5.523605e-03	4.460054e-03	-7.036075e-04	4.510520e-03	-5.214127e-03	4.862323e-03	5.317754e-04	-4.348500e-04	-8.596600e-04	-8.646799e-04	5.019988e-06
378           	9.983590e-03	5.523410e-03	4.460180e-03	-7.036094e-04	4.510488e-03	-5.214097e-03	4.862292e-03	5.316146e-04	-4.346989e-04	-8.593711e-04	-8.643844e-04	5.013383e-06
379           	9.983522e-03	5.523217e-03	4.460306e-03	-7.036113e-04	4.510456e-03	-5.214068e-03	4.862262e-03	5.314556e-04	-4.345495e-04	-8.590853e-04	-8.640921e-04	5.006850e-06
380           	9.983456e-03	5.523027e-03	4.460430e-03	-7.036132e-04	4.510426e-03	-5.214039e-03	4.862232e-03	5.312984e-04	-4.344017e-04	-8.588026e-04	-8.638030e-04	5.000388e-06
381           	9.983392e-03	5.522839e-03	4.460553e-03	-7.036150e-04	4.510396e-03	-5.214011e-03	4.862204e-03	5.311429e-04	-4.342555e-04	-8.585230e-04	-8.635170e-04	4.993998e-06
382           	9.983330e-03	5.522654e-03	4.460676e-03	-7.036168e-04	4.510367e-03	-5.213984e-03	4.862176e-03	5.309892e-04	-4.341109e-04	-8.582464e-04	-8.632341e-04	4.987676e-06
383           	9.983269e-03	5.522472e-03	4.460797e-03	-7.036186e-04	4.510339e-03	-5.213958e-03	4.862148e-03	5.308373e-04	-4.339678e-04	-8.579729e-04	-8.629543e-04	4.981422e-06
384           	9.983210e-03	5.522292e-03	4.460918e-03	-7.036203e-04	4.510312e-03	-5.213932e-03	4.862122e-03	5.306870e-04	-4.338264e-04	-8.577023e-04	-8.626776e-04	4.975233e-06
385           	9.983152e-03	5.522115e-03	4.461038e-03	-7.036220e-04	4.510285e-03	-5.213907e-03	4.862096e-03	5.305385e-04	-4.336865e-04	-8.574348e-04	-8.624039e-04	4.969107e-06
386           	9.983097e-03	5.521940e-03	4.461157e-03	-7.036237e-04	4.510259e-03	-5.213883e-03	4.862071e-03	5.303916e-04	-4.335481e-04	-8.571702e-04	-8.621333e-04	4.963040e-06
387           	9.983042e-03	5.521768e-03	4.461275e-03	-7.036253e-04	4.510234e-03	-5.213859e-03	4.862046e-03	5.302464e-04	-4.334113e-04	-8.569085e-04	-8.618656e-04	4.957031e-06
388           	9.982990e-03	5.521598e-03	4.461392e-03	-7.036269e-04	4.510209e-03	-5.213836e-03	4.862023e-03	5.301029e-04	-4.332759e-04	-8.566497e-04	-8.616008e-04	4.951080e-06
389           	9.982938e-03	5.521430e-03	4.461508e-03	-7.036285e-04	4.510185e-03	-5.213814e-03	4.862000e-03	5.299609e-04	-4.331421e-04	-8.563938e-04	-8.613390e-04	4.945189e-06
390           	9.982889e-03	5.521265e-03	4.461624e-03	-7.036300e-04	4.510162e-03	-5.213792e-03	4.861977e-03	5.298206e-04	-4.330097e-04	-8.561407e-04	-8.610800e-04	4.939363e-06
391           	9.982840e-03	5.521102e-03	4.461738e-03	-7.036315e-04	4.510140e-03	-5.213771e-03	4.861955e-03	5.296819e-04	-4.328788e-04	-8.558904e-04	-8.608240e-04	4.933606e-06
392           	9.982794e-03	5.520942e-03	4.461852e-03	-7.036330e-04	4.510118e-03	-5.213751e-03	4.861934e-03	5.295448e-04	-4.327494e-04	-8.556429e-04	-8.605709e-04	4.927921e-06
393           	9.982748e-03	5.520783e-03	4.461965e-03	-7.036344e-04	4.510096e-03	-5.213731e-03	4.861914e-03	5.294094e-04	-4.326215e-04	-8.553983e-04	-8.603206e-04	4.922312e-06
394           	9.982704e-03	5.520628e-03	4.462077e-03	-7.036358e-04	4.510076e-03	-5.213711e-03	4.861894e-03	5.292755e-04	-4.324950e-04	-8.551565e-04	-8.600733e-04	4.916781e-06
395           	9.982661e-03	5.520474e-03	4.462188e-03	-7.036372e-04	4.510056e-03	-5.213693e-03	4.861874e-03	5.291432e-04	-4.323701e-04	-8.549175e-04	-8.598289e-04	4.911330e-06
396           	9.982620e-03	5.520323e-03	4.462298e-03	-7.036386e-04	4.510036e-03	-5.213675e-03	4.861855e-03	5.290125e-04	-4.322466e-04	-8.546813e-04	-8.595873e-04	4.905960e-06
397           	9.982580e-03	5.520173e-03	4.462407e-03	-7.036399e-04	4.510017e-03	-5.213657e-03	4.861837e-03	5.288833e-04	-4.321246e-04	-8.544479e-04	-8.593486e-04	4.900672e-06
398           	9.982541e-03	5.520026e-03	4.462515e-03	-7.036412e-04	4.509999e-03	-5.213640e-03	4.861819e-03	5.287558e-04	-4.320041e-04	-8.542173e-04	-8.591128e-04	4.895468e-06
399           	9.982504e-03	5.519882e-03	4.462622e-03	-7.036424e-04	4.509981e-03	-5.213624e-03	4.861802e-03	5.286298e-04	-4.318851e-04	-8.539894e-04	-8.588798e-04	4.890349e-06
400           	9.982468e-03	5.519739e-03	4.462728e-03	-7.036437e-04	4.509964e-03	-5.213608e-03	4.861786e-03	5.285054e-04	-4.317675e-04	-8.537643e-04	-8.586496e-04	4.885316e-06
401           	9.982433e-03	5.519599e-03	4.462834e-03	-7.036449e-04	4.509947e-03	-5.213592e-03	4.861770e-03	5.283826e-04	-4.316514e-04	-8.535420e-04	-8.584223e-04	4.880368e-06
402           	9.982399e-03	5.519461e-03	4.462938e-03	-7.036461e-04	4.509931e-03	-5.213577e-03	4.861754e-03	5.282613e-04	-4.315367e-04	-8.533224e-04	-8.581979e-04	4.875506e-06
