# Force and moment coefficients
# dragDir     : (1.000000e+00 0.000000e+00 0.000000e+00)
# sideDir     : (0.000000e+00 1.000000e+00 0.000000e+00)
# liftDir     : (0.000000e+00 0.000000e+00 1.000000e+00)
# rollAxis    : (1.000000e+00 0.000000e+00 0.000000e+00)
# pitchAxis   : (0.000000e+00 1.000000e+00 0.000000e+00)
# yawAxis     : (0.000000e+00 0.000000e+00 1.000000e+00)
# magUInf     : 6.661800e+00
# lRef        : 1.499270e-01
# Aref        : 5.000000e-02
# CofR        : (0.000000e+00 0.000000e+00 0.000000e+00)
#
# Time        	Cd            	Cd(f)         	Cd(r)         	Cl            	Cl(f)         	Cl(r)         	CmPitch       	CmRoll        	CmYaw         	Cs            	Cs(f)         	Cs(r)         
1             	3.599541e-01	1.793617e-01	1.805924e-01	-2.040979e-02	2.597582e-01	-2.801680e-01	2.699631e-01	-6.153302e-04	1.473745e-04	5.338237e-04	4.142863e-04	1.195374e-04
2             	2.695301e-01	1.337597e-01	1.357704e-01	-2.540452e-02	1.930955e-01	-2.185000e-01	2.057977e-01	-1.005371e-03	5.261674e-04	9.008661e-04	9.766005e-04	-7.573436e-05
3             	2.084859e-01	1.030101e-01	1.054758e-01	-2.492020e-02	1.481078e-01	-1.730280e-01	1.605679e-01	-1.232842e-03	8.273373e-04	1.102165e-03	1.378420e-03	-2.762547e-04
4             	1.616824e-01	7.953111e-02	8.215130e-02	-2.065111e-02	1.137381e-01	-1.343892e-01	1.240637e-01	-1.310096e-03	1.052685e-03	1.170283e-03	1.637827e-03	-4.675437e-04
5             	1.235570e-01	6.052088e-02	6.303612e-02	-1.442111e-02	8.591736e-02	-1.003385e-01	9.312791e-02	-1.257620e-03	1.205746e-03	1.149592e-03	1.780542e-03	-6.309497e-04
6             	9.283880e-02	4.529144e-02	4.754737e-02	-7.901002e-03	6.369891e-02	-7.159991e-02	6.764941e-02	-1.127963e-03	1.304533e-03	1.102087e-03	1.855577e-03	-7.534896e-04
7             	6.951332e-02	3.378351e-02	3.572981e-02	-2.328587e-03	4.703140e-02	-4.935999e-02	4.819569e-02	-9.731483e-04	1.365767e-03	1.075263e-03	1.903399e-03	-8.281357e-04
8             	5.344533e-02	2.588047e-02	2.756486e-02	1.594791e-03	3.576153e-02	-3.416674e-02	3.496413e-02	-8.421982e-04	1.405291e-03	1.098035e-03	1.954308e-03	-8.562733e-04
9             	4.387834e-02	2.117023e-02	2.270811e-02	3.681602e-03	2.927320e-02	-2.559160e-02	2.743240e-02	-7.689400e-04	1.434492e-03	1.175934e-03	2.022459e-03	-8.465255e-04
10            	3.949185e-02	1.897717e-02	2.051468e-02	4.133715e-03	2.653997e-02	-2.240625e-02	2.447311e-02	-7.687521e-04	1.459949e-03	1.295972e-03	2.107935e-03	-8.119632e-04
11            	3.865337e-02	1.848853e-02	2.016484e-02	3.388137e-03	2.631843e-02	-2.293029e-02	2.462436e-02	-8.381574e-04	1.484207e-03	1.433195e-03	2.200804e-03	-7.676094e-04
12            	3.973980e-02	1.891050e-02	2.082930e-02	1.962155e-03	2.738930e-02	-2.542715e-02	2.640822e-02	-9.593954e-04	1.507201e-03	1.560428e-03	2.287414e-03	-7.269866e-04
13            	4.139403e-02	1.958847e-02	2.180556e-02	3.315421e-04	2.874878e-02	-2.841724e-02	2.858301e-02	-1.108544e-03	1.528906e-03	1.657168e-03	2.357489e-03	-7.003216e-04
14            	4.267571e-02	2.007872e-02	2.259699e-02	-1.145822e-03	2.971731e-02	-3.086313e-02	3.029022e-02	-1.259139e-03	1.548641e-03	1.711726e-03	2.404504e-03	-6.927782e-04
15            	4.309381e-02	2.016035e-02	2.293346e-02	-2.259715e-03	2.996007e-02	-3.221978e-02	3.108993e-02	-1.386551e-03	1.565402e-03	1.722120e-03	2.426462e-03	-7.043420e-04
16            	4.255294e-02	1.980427e-02	2.274867e-02	-2.941338e-03	2.944191e-02	-3.238325e-02	3.091258e-02	-1.472199e-03	1.576275e-03	1.693592e-03	2.423071e-03	-7.294787e-04
17            	4.123036e-02	1.910683e-02	2.212353e-02	-3.227997e-03	2.832843e-02	-3.155643e-02	2.994243e-02	-1.508347e-03	1.580617e-03	1.639444e-03	2.400339e-03	-7.608948e-04
18            	3.944786e-02	1.822679e-02	2.122107e-02	-3.221139e-03	2.688722e-02	-3.010836e-02	2.849779e-02	-1.497140e-03	1.578280e-03	1.575491e-03	2.366026e-03	-7.905345e-04
19            	3.754877e-02	1.732565e-02	2.022312e-02	-3.043638e-03	2.539265e-02	-2.843629e-02	2.691447e-02	-1.448736e-03	1.569562e-03	1.516247e-03	2.327686e-03	-8.114382e-04
20            	3.580480e-02	1.652455e-02	1.928025e-02	-2.805729e-03	2.405546e-02	-2.686119e-02	2.545832e-02	-1.377851e-03	1.555294e-03	1.472491e-03	2.291540e-03	-8.190483e-04
21            	3.437648e-02	1.588764e-02	1.848884e-02	-2.586927e-03	2.299424e-02	-2.558116e-02	2.428770e-02	-1.300601e-03	1.536690e-03	1.449770e-03	2.261574e-03	-8.118046e-04
22            	3.330643e-02	1.542142e-02	1.788502e-02	-2.429297e-03	2.223276e-02	-2.466206e-02	2.344741e-02	-1.231800e-03	1.515675e-03	1.448763e-03	2.240056e-03	-7.912933e-04
23            	3.254451e-02	1.509035e-02	1.745416e-02	-2.342042e-03	2.172180e-02	-2.406384e-02	2.289282e-02	-1.181906e-03	1.493831e-03	1.465384e-03	2.226523e-03	-7.611388e-04
24            	3.198415e-02	1.483638e-02	1.714777e-02	-2.310903e-03	2.136899e-02	-2.367989e-02	2.252444e-02	-1.155698e-03	1.472264e-03	1.492446e-03	2.218487e-03	-7.260413e-04
25            	3.150741e-02	1.460111e-02	1.690629e-02	-2.311264e-03	2.107546e-02	-2.338672e-02	2.223109e-02	-1.152591e-03	1.451717e-03	1.521817e-03	2.212625e-03	-6.908087e-04
26            	3.101923e-02	1.434255e-02	1.667668e-02	-2.319080e-03	2.076228e-02	-2.308136e-02	2.192182e-02	-1.167065e-03	1.432035e-03	1.545510e-03	2.204790e-03	-6.592802e-04
27            	3.046289e-02	1.404104e-02	1.642186e-02	-2.317015e-03	2.038313e-02	-2.270015e-02	2.154164e-02	-1.190411e-03	1.411841e-03	1.556674e-03	2.190178e-03	-6.335037e-04
28            	2.982590e-02	1.369990e-02	1.612601e-02	-2.297788e-03	1.992842e-02	-2.222621e-02	2.107732e-02	-1.213055e-03	1.389508e-03	1.551150e-03	2.165083e-03	-6.139323e-04
29            	2.913306e-02	1.333989e-02	1.579317e-02	-2.263662e-03	1.941938e-02	-2.168304e-02	2.055121e-02	-1.226637e-03	1.363555e-03	1.527746e-03	2.127428e-03	-5.996818e-04
30            	2.843232e-02	1.299036e-02	1.544196e-02	-2.223545e-03	1.889615e-02	-2.111969e-02	2.000792e-02	-1.225799e-03	1.333506e-03	1.488572e-03	2.077792e-03	-5.892199e-04
31            	2.777619e-02	1.267936e-02	1.509682e-02	-2.188504e-03	1.840263e-02	-2.059113e-02	1.949688e-02	-1.208731e-03	1.299710e-03	1.437936e-03	2.018678e-03	-5.807419e-04
32            	2.720671e-02	1.242630e-02	1.478041e-02	-2.167924e-03	1.797441e-02	-2.014234e-02	1.905838e-02	-1.177056e-03	1.263318e-03	1.381470e-03	1.954052e-03	-5.725829e-04
33            	2.674707e-02	1.223816e-02	1.450891e-02	-2.167171e-03	1.763173e-02	-1.979891e-02	1.871532e-02	-1.135374e-03	1.226475e-03	1.325413e-03	1.889181e-03	-5.637684e-04
34            	2.639844e-02	1.210920e-02	1.428924e-02	-2.186592e-03	1.737687e-02	-1.956346e-02	1.847017e-02	-1.090016e-03	1.191843e-03	1.275523e-03	1.829605e-03	-5.540817e-04
35            	2.614253e-02	1.202350e-02	1.411903e-02	-2.221938e-03	1.719603e-02	-1.941797e-02	1.830700e-02	-1.047768e-03	1.162206e-03	1.236384e-03	1.780398e-03	-5.440142e-04
36            	2.594820e-02	1.195971e-02	1.398849e-02	-2.265897e-03	1.706475e-02	-1.933065e-02	1.819770e-02	-1.014393e-03	1.139793e-03	1.210684e-03	1.745135e-03	-5.344511e-04
37            	2.577974e-02	1.189625e-02	1.388349e-02	-2.310095e-03	1.695452e-02	-1.926461e-02	1.810956e-02	-9.936173e-04	1.125818e-03	1.198980e-03	1.725309e-03	-5.263283e-04
38            	2.560483e-02	1.181580e-02	1.378903e-02	-2.347063e-03	1.683928e-02	-1.918634e-02	1.801281e-02	-9.866167e-04	1.120235e-03	1.199814e-03	1.720142e-03	-5.203275e-04
39            	2.540060e-02	1.170826e-02	1.369235e-02	-2.371736e-03	1.670035e-02	-1.907209e-02	1.788622e-02	-9.920443e-04	1.121754e-03	1.210136e-03	1.726822e-03	-5.166865e-04
40            	2.515657e-02	1.157176e-02	1.358481e-02	-2.382146e-03	1.652886e-02	-1.891101e-02	1.771994e-02	-1.006527e-03	1.128072e-03	1.225910e-03	1.741027e-03	-5.151175e-04
41            	2.487446e-02	1.141180e-02	1.346266e-02	-2.379364e-03	1.632573e-02	-1.870510e-02	1.751541e-02	-1.025431e-03	1.136252e-03	1.242773e-03	1.757639e-03	-5.148654e-04
42            	2.456550e-02	1.123888e-02	1.332662e-02	-2.366770e-03	1.609960e-02	-1.846637e-02	1.728299e-02	-1.043871e-03	1.143286e-03	1.256773e-03	1.771672e-03	-5.148992e-04
43            	2.424637e-02	1.106560e-02	1.318077e-02	-2.349013e-03	1.586367e-02	-1.821268e-02	1.703817e-02	-1.057587e-03	1.146605e-03	1.264906e-03	1.779058e-03	-5.141513e-04
44            	2.393478e-02	1.090376e-02	1.303102e-02	-2.330876e-03	1.563214e-02	-1.796301e-02	1.679758e-02	-1.063629e-03	1.144483e-03	1.265462e-03	1.777214e-03	-5.117523e-04
45            	2.364563e-02	1.076210e-02	1.288353e-02	-2.316306e-03	1.541714e-02	-1.773344e-02	1.657529e-02	-1.060717e-03	1.136260e-03	1.258118e-03	1.765320e-03	-5.072011e-04
46            	2.338840e-02	1.064493e-02	1.274347e-02	-2.307790e-03	1.522660e-02	-1.753439e-02	1.638049e-02	-1.049268e-03	1.122363e-03	1.243819e-03	1.744272e-03	-5.004538e-04
47            	2.316620e-02	1.055197e-02	1.261424e-02	-2.306133e-03	1.506341e-02	-1.736954e-02	1.621647e-02	-1.031136e-03	1.104156e-03	1.224472e-03	1.716392e-03	-4.919197e-04
48            	2.297622e-02	1.047902e-02	1.249720e-02	-2.310621e-03	1.492570e-02	-1.723632e-02	1.608101e-02	-1.009092e-03	1.083603e-03	1.202511e-03	1.684858e-03	-4.823472e-04
49            	2.281126e-02	1.041932e-02	1.239194e-02	-2.319441e-03	1.480802e-02	-1.712746e-02	1.596774e-02	-9.863069e-04	1.062959e-03	1.180516e-03	1.653217e-03	-4.727014e-04
50            	2.266193e-02	1.036523e-02	1.229670e-02	-2.330248e-03	1.470303e-02	-1.703328e-02	1.586816e-02	-9.657336e-04	1.044345e-03	1.160773e-03	1.624731e-03	-4.639580e-04
51            	2.251875e-02	1.030973e-02	1.220902e-02	-2.340734e-03	1.460319e-02	-1.694392e-02	1.577355e-02	-9.496453e-04	1.029418e-03	1.144971e-03	1.601903e-03	-4.569321e-04
52            	2.237400e-02	1.024763e-02	1.212637e-02	-2.349078e-03	1.450220e-02	-1.685128e-02	1.567674e-02	-9.393697e-04	1.019177e-03	1.134047e-03	1.586201e-03	-4.521539e-04
53            	2.222283e-02	1.017622e-02	1.204662e-02	-2.354219e-03	1.439599e-02	-1.675021e-02	1.557310e-02	-9.351993e-04	1.013877e-03	1.128152e-03	1.577953e-03	-4.498010e-04
54            	2.206362e-02	1.009530e-02	1.196831e-02	-2.355929e-03	1.428300e-02	-1.663893e-02	1.546096e-02	-9.365048e-04	1.013087e-03	1.126762e-03	1.576468e-03	-4.497061e-04
55            	2.189762e-02	1.000684e-02	1.189078e-02	-2.354701e-03	1.416397e-02	-1.651867e-02	1.534132e-02	-9.419694e-04	1.015843e-03	1.128858e-03	1.580272e-03	-4.514134e-04
56            	2.172817e-02	9.914179e-03	1.181399e-02	-2.351525e-03	1.404134e-02	-1.639286e-02	1.521710e-02	-9.499078e-04	1.020860e-03	1.133163e-03	1.587441e-03	-4.542784e-04
57            	2.155962e-02	9.821220e-03	1.173840e-02	-2.347602e-03	1.391844e-02	-1.626604e-02	1.509224e-02	-9.585876e-04	1.026767e-03	1.138362e-03	1.595948e-03	-4.575859e-04
58            	2.139624e-02	9.731617e-03	1.166462e-02	-2.344072e-03	1.379867e-02	-1.614275e-02	1.497071e-02	-9.665029e-04	1.032310e-03	1.143294e-03	1.603957e-03	-4.606632e-04
59            	2.124145e-02	9.648158e-03	1.159329e-02	-2.341810e-03	1.368482e-02	-1.602663e-02	1.485572e-02	-9.725676e-04	1.036518e-03	1.147093e-03	1.610065e-03	-4.629715e-04
60            	2.109723e-02	9.572425e-03	1.152480e-02	-2.341296e-03	1.357861e-02	-1.591991e-02	1.474926e-02	-9.761881e-04	1.038766e-03	1.149219e-03	1.613376e-03	-4.641565e-04
61            	2.096399e-02	9.504725e-03	1.145927e-02	-2.342600e-03	1.348061e-02	-1.582321e-02	1.465191e-02	-9.772724e-04	1.038820e-03	1.149489e-03	1.613565e-03	-4.640756e-04
62            	2.084080e-02	9.444276e-03	1.139653e-02	-2.345437e-03	1.339029e-02	-1.573573e-02	1.456301e-02	-9.761252e-04	1.036773e-03	1.147997e-03	1.610772e-03	-4.627751e-04
63            	2.072572e-02	9.389534e-03	1.133618e-02	-2.349290e-03	1.330632e-02	-1.565561e-02	1.448097e-02	-9.733243e-04	1.032982e-03	1.145051e-03	1.605507e-03	-4.604565e-04
64            	2.061633e-02	9.338597e-03	1.127773e-02	-2.353540e-03	1.322696e-02	-1.558050e-02	1.440373e-02	-9.695685e-04	1.027954e-03	1.141071e-03	1.598490e-03	-4.574191e-04
65            	2.051026e-02	9.289583e-03	1.122068e-02	-2.357602e-03	1.315043e-02	-1.550803e-02	1.432923e-02	-9.655477e-04	1.022264e-03	1.136515e-03	1.590521e-03	-4.540062e-04
66            	2.040555e-02	9.240937e-03	1.116462e-02	-2.361023e-03	1.307520e-02	-1.543623e-02	1.425571e-02	-9.618392e-04	1.016457e-03	1.131809e-03	1.582362e-03	-4.505525e-04
67            	2.030092e-02	9.191614e-03	1.110931e-02	-2.363543e-03	1.300023e-02	-1.536377e-02	1.418200e-02	-9.588469e-04	1.010996e-03	1.127302e-03	1.574647e-03	-4.473447e-04
68            	2.019583e-02	9.141125e-03	1.105470e-02	-2.365099e-03	1.292499e-02	-1.529009e-02	1.410754e-02	-9.567898e-04	1.006228e-03	1.123255e-03	1.567855e-03	-4.446001e-04
69            	2.009041e-02	9.089490e-03	1.100092e-02	-2.365805e-03	1.284948e-02	-1.521529e-02	1.403238e-02	-9.557170e-04	1.002372e-03	1.119836e-03	1.562290e-03	-4.424541e-04
70            	1.998529e-02	9.037088e-03	1.094821e-02	-2.365892e-03	1.277407e-02	-1.513996e-02	1.395702e-02	-9.555594e-04	9.995417e-04	1.117146e-03	1.558115e-03	-4.409688e-04
71            	1.988135e-02	8.984490e-03	1.089686e-02	-2.365643e-03	1.269933e-02	-1.506497e-02	1.388215e-02	-9.561850e-04	9.977667e-04	1.115242e-03	1.555388e-03	-4.401457e-04
72            	1.977949e-02	8.932317e-03	1.084717e-02	-2.365336e-03	1.262590e-02	-1.499123e-02	1.380856e-02	-9.574268e-04	9.969944e-04	1.114127e-03	1.554058e-03	-4.399311e-04
73            	1.968046e-02	8.881086e-03	1.079937e-02	-2.365189e-03	1.255430e-02	-1.491949e-02	1.373690e-02	-9.591428e-04	9.971391e-04	1.113790e-03	1.554034e-03	-4.402442e-04
74            	1.958473e-02	8.831139e-03	1.075359e-02	-2.365339e-03	1.248491e-02	-1.485025e-02	1.366758e-02	-9.612280e-04	9.980882e-04	1.114205e-03	1.555191e-03	-4.409858e-04
75            	1.949248e-02	8.782617e-03	1.070986e-02	-2.365833e-03	1.241788e-02	-1.478371e-02	1.360080e-02	-9.636208e-04	9.997167e-04	1.115331e-03	1.557382e-03	-4.420512e-04
76            	1.940356e-02	8.735511e-03	1.066804e-02	-2.366638e-03	1.235315e-02	-1.471979e-02	1.353647e-02	-9.662662e-04	1.001863e-03	1.117074e-03	1.560400e-03	-4.433253e-04
77            	1.931763e-02	8.689686e-03	1.062795e-02	-2.367664e-03	1.229054e-02	-1.465821e-02	1.347437e-02	-9.691303e-04	1.004362e-03	1.119323e-03	1.564023e-03	-4.447004e-04
78            	1.923426e-02	8.644956e-03	1.058930e-02	-2.368796e-03	1.222977e-02	-1.459856e-02	1.341416e-02	-9.721741e-04	1.007042e-03	1.121934e-03	1.568009e-03	-4.460751e-04
79            	1.915298e-02	8.601146e-03	1.055183e-02	-2.369921e-03	1.217054e-02	-1.454046e-02	1.335550e-02	-9.753420e-04	1.009731e-03	1.124743e-03	1.572102e-03	-4.473590e-04
80            	1.907339e-02	8.558132e-03	1.051525e-02	-2.370945e-03	1.211261e-02	-1.448356e-02	1.329808e-02	-9.785611e-04	1.012269e-03	1.127580e-03	1.576058e-03	-4.484785e-04
81            	1.899523e-02	8.515884e-03	1.047934e-02	-2.371818e-03	1.205582e-02	-1.442763e-02	1.324173e-02	-9.817295e-04	1.014500e-03	1.130259e-03	1.579629e-03	-4.493698e-04
82            	1.891837e-02	8.474440e-03	1.044393e-02	-2.372525e-03	1.200008e-02	-1.437260e-02	1.318634e-02	-9.847437e-04	1.016308e-03	1.132627e-03	1.582621e-03	-4.499945e-04
83            	1.884281e-02	8.433897e-03	1.040891e-02	-2.373086e-03	1.194539e-02	-1.431848e-02	1.313194e-02	-9.875062e-04	1.017619e-03	1.134563e-03	1.584901e-03	-4.503379e-04
84            	1.876863e-02	8.394372e-03	1.037426e-02	-2.373545e-03	1.189182e-02	-1.426536e-02	1.307859e-02	-9.899433e-04	1.018411e-03	1.135999e-03	1.586411e-03	-4.504112e-04
85            	1.869597e-02	8.355969e-03	1.034000e-02	-2.373958e-03	1.183944e-02	-1.421339e-02	1.302641e-02	-9.920172e-04	1.018713e-03	1.136927e-03	1.587177e-03	-4.502501e-04
86            	1.862497e-02	8.318752e-03	1.030622e-02	-2.374379e-03	1.178832e-02	-1.416270e-02	1.297551e-02	-9.937323e-04	1.018606e-03	1.137390e-03	1.587301e-03	-4.499109e-04
87            	1.855572e-02	8.282727e-03	1.027300e-02	-2.374848e-03	1.173852e-02	-1.411337e-02	1.292594e-02	-9.951347e-04	1.018206e-03	1.137484e-03	1.586948e-03	-4.494643e-04
88            	1.848827e-02	8.247831e-03	1.024044e-02	-2.375389e-03	1.169004e-02	-1.406543e-02	1.287774e-02	-9.963062e-04	1.017655e-03	1.137336e-03	1.586323e-03	-4.489874e-04
89            	1.842261e-02	8.213954e-03	1.020865e-02	-2.376006e-03	1.164285e-02	-1.401885e-02	1.283085e-02	-9.973499e-04	1.017099e-03	1.137088e-03	1.585643e-03	-4.485551e-04
90            	1.835864e-02	8.180942e-03	1.017770e-02	-2.376687e-03	1.159686e-02	-1.397355e-02	1.278521e-02	-9.983784e-04	1.016674e-03	1.136883e-03	1.585115e-03	-4.482327e-04
91            	1.829625e-02	8.148630e-03	1.014762e-02	-2.377408e-03	1.155199e-02	-1.392940e-02	1.274069e-02	-9.994975e-04	1.016490e-03	1.136843e-03	1.584912e-03	-4.480690e-04
92            	1.823531e-02	8.116864e-03	1.011845e-02	-2.378138e-03	1.150812e-02	-1.388626e-02	1.269719e-02	-1.000791e-03	1.016621e-03	1.137059e-03	1.585151e-03	-4.480921e-04
93            	1.817567e-02	8.085518e-03	1.009015e-02	-2.378848e-03	1.146515e-02	-1.384400e-02	1.265457e-02	-1.002316e-03	1.017103e-03	1.137587e-03	1.585896e-03	-4.483091e-04
94            	1.811721e-02	8.054515e-03	1.006270e-02	-2.379515e-03	1.142301e-02	-1.380252e-02	1.261276e-02	-1.004091e-03	1.017925e-03	1.138439e-03	1.587144e-03	-4.487053e-04
95            	1.805986e-02	8.023827e-03	1.003603e-02	-2.380126e-03	1.138163e-02	-1.376176e-02	1.257170e-02	-1.006103e-03	1.019041e-03	1.139585e-03	1.588834e-03	-4.492484e-04
96            	1.800356e-02	7.993474e-03	1.001009e-02	-2.380676e-03	1.134101e-02	-1.372169e-02	1.253135e-02	-1.008306e-03	1.020379e-03	1.140969e-03	1.590864e-03	-4.498949e-04
97            	1.794831e-02	7.963515e-03	9.984793e-03	-2.381172e-03	1.130114e-02	-1.368231e-02	1.249172e-02	-1.010639e-03	1.021853e-03	1.142514e-03	1.593110e-03	-4.505955e-04
98            	1.789411e-02	7.934029e-03	9.960086e-03	-2.381626e-03	1.126204e-02	-1.364366e-02	1.245285e-02	-1.013028e-03	1.023370e-03	1.144136e-03	1.595437e-03	-4.513017e-04
99            	1.784101e-02	7.905106e-03	9.935904e-03	-2.382056e-03	1.122374e-02	-1.360580e-02	1.241477e-02	-1.015399e-03	1.024846e-03	1.145752e-03	1.597722e-03	-4.519705e-04
100           	1.778904e-02	7.876832e-03	9.912209e-03	-2.382480e-03	1.118629e-02	-1.356877e-02	1.237753e-02	-1.017689e-03	1.026217e-03	1.147294e-03	1.599864e-03	-4.525706e-04
101           	1.773823e-02	7.849265e-03	9.888963e-03	-2.382913e-03	1.114971e-02	-1.353262e-02	1.234116e-02	-1.019849e-03	1.027437e-03	1.148711e-03	1.601792e-03	-4.530817e-04
102           	1.768859e-02	7.822447e-03	9.866141e-03	-2.383367e-03	1.111399e-02	-1.349736e-02	1.230568e-02	-1.021847e-03	1.028481e-03	1.149971e-03	1.603467e-03	-4.534955e-04
103           	1.764012e-02	7.796389e-03	9.843731e-03	-2.383847e-03	1.107915e-02	-1.346300e-02	1.227107e-02	-1.023671e-03	1.029348e-03	1.151065e-03	1.604881e-03	-4.538155e-04
104           	1.759281e-02	7.771077e-03	9.821729e-03	-2.384352e-03	1.104516e-02	-1.342951e-02	1.223734e-02	-1.025326e-03	1.030055e-03	1.152002e-03	1.606056e-03	-4.540543e-04
105           	1.754662e-02	7.746477e-03	9.800138e-03	-2.384881e-03	1.101200e-02	-1.339688e-02	1.220444e-02	-1.026831e-03	1.030633e-03	1.152804e-03	1.607035e-03	-4.542313e-04
106           	1.750150e-02	7.722537e-03	9.778967e-03	-2.385427e-03	1.097963e-02	-1.336506e-02	1.217234e-02	-1.028215e-03	1.031120e-03	1.153504e-03	1.607872e-03	-4.543682e-04
107           	1.745742e-02	7.699202e-03	9.758222e-03	-2.385981e-03	1.094801e-02	-1.333399e-02	1.214100e-02	-1.029510e-03	1.031555e-03	1.154137e-03	1.608624e-03	-4.544868e-04
108           	1.741433e-02	7.676415e-03	9.737910e-03	-2.386537e-03	1.091710e-02	-1.330364e-02	1.211037e-02	-1.030748e-03	1.031975e-03	1.154737e-03	1.609343e-03	-4.546060e-04
109           	1.737215e-02	7.654115e-03	9.718039e-03	-2.387085e-03	1.088686e-02	-1.327394e-02	1.208040e-02	-1.031962e-03	1.032418e-03	1.155345e-03	1.610090e-03	-4.547450e-04
110           	1.733089e-02	7.632288e-03	9.698602e-03	-2.387625e-03	1.085727e-02	-1.324489e-02	1.205108e-02	-1.033157e-03	1.032881e-03	1.155958e-03	1.610860e-03	-4.549023e-04
111           	1.729049e-02	7.610893e-03	9.679601e-03	-2.388152e-03	1.082830e-02	-1.321645e-02	1.202237e-02	-1.034354e-03	1.033388e-03	1.156601e-03	1.611688e-03	-4.550876e-04
112           	1.725094e-02	7.589913e-03	9.661026e-03	-2.388665e-03	1.079993e-02	-1.318860e-02	1.199426e-02	-1.035557e-03	1.033939e-03	1.157278e-03	1.612578e-03	-4.553002e-04
113           	1.721221e-02	7.569342e-03	9.642870e-03	-2.389164e-03	1.077216e-02	-1.316132e-02	1.196674e-02	-1.036764e-03	1.034529e-03	1.157987e-03	1.613523e-03	-4.555358e-04
114           	1.717430e-02	7.549180e-03	9.625120e-03	-2.389651e-03	1.074497e-02	-1.313462e-02	1.193979e-02	-1.037970e-03	1.035150e-03	1.158723e-03	1.614511e-03	-4.557883e-04
115           	1.713720e-02	7.529432e-03	9.607764e-03	-2.390130e-03	1.071835e-02	-1.310848e-02	1.191342e-02	-1.039166e-03	1.035788e-03	1.159474e-03	1.615525e-03	-4.560504e-04
116           	1.710088e-02	7.510093e-03	9.590790e-03	-2.390600e-03	1.069231e-02	-1.308291e-02	1.188761e-02	-1.040348e-03	1.036438e-03	1.160240e-03	1.616558e-03	-4.563182e-04
117           	1.706537e-02	7.491182e-03	9.574184e-03	-2.391068e-03	1.066684e-02	-1.305791e-02	1.186237e-02	-1.041501e-03	1.037081e-03	1.160999e-03	1.617581e-03	-4.565813e-04
118           	1.703063e-02	7.472700e-03	9.557935e-03	-2.391534e-03	1.064194e-02	-1.303347e-02	1.183770e-02	-1.042618e-03	1.037707e-03	1.161744e-03	1.618579e-03	-4.568350e-04
119           	1.699668e-02	7.454645e-03	9.542032e-03	-2.392000e-03	1.061759e-02	-1.300959e-02	1.181359e-02	-1.043693e-03	1.038309e-03	1.162467e-03	1.619542e-03	-4.570752e-04
120           	1.696348e-02	7.437016e-03	9.526463e-03	-2.392465e-03	1.059380e-02	-1.298627e-02	1.179003e-02	-1.044724e-03	1.038881e-03	1.163164e-03	1.620463e-03	-4.572988e-04
121           	1.693102e-02	7.419806e-03	9.511218e-03	-2.392931e-03	1.057054e-02	-1.296347e-02	1.176701e-02	-1.045706e-03	1.039419e-03	1.163830e-03	1.621333e-03	-4.575037e-04
122           	1.689929e-02	7.403008e-03	9.496286e-03	-2.393394e-03	1.054781e-02	-1.294120e-02	1.174451e-02	-1.046639e-03	1.039920e-03	1.164462e-03	1.622150e-03	-4.576887e-04
123           	1.686828e-02	7.386622e-03	9.481655e-03	-2.393856e-03	1.052559e-02	-1.291945e-02	1.172252e-02	-1.047517e-03	1.040375e-03	1.165051e-03	1.622901e-03	-4.578499e-04
124           	1.683795e-02	7.370626e-03	9.467319e-03	-2.394313e-03	1.050387e-02	-1.289818e-02	1.170102e-02	-1.048346e-03	1.040794e-03	1.165605e-03	1.623596e-03	-4.579914e-04
125           	1.680828e-02	7.355006e-03	9.453269e-03	-2.394762e-03	1.048262e-02	-1.287738e-02	1.168000e-02	-1.049131e-03	1.041179e-03	1.166127e-03	1.624242e-03	-4.581150e-04
126           	1.677926e-02	7.339765e-03	9.439497e-03	-2.395205e-03	1.046184e-02	-1.285704e-02	1.165944e-02	-1.049866e-03	1.041521e-03	1.166608e-03	1.624825e-03	-4.582171e-04
127           	1.675089e-02	7.324894e-03	9.425996e-03	-2.395642e-03	1.044152e-02	-1.283716e-02	1.163934e-02	-1.050551e-03	1.041821e-03	1.167045e-03	1.625343e-03	-4.582979e-04
128           	1.672315e-02	7.310387e-03	9.412758e-03	-2.396073e-03	1.042165e-02	-1.281772e-02	1.161969e-02	-1.051185e-03	1.042076e-03	1.167438e-03	1.625795e-03	-4.583572e-04
129           	1.669601e-02	7.296239e-03	9.399776e-03	-2.396497e-03	1.040222e-02	-1.279872e-02	1.160047e-02	-1.051769e-03	1.042286e-03	1.167783e-03	1.626177e-03	-4.583942e-04
130           	1.666948e-02	7.282441e-03	9.387044e-03	-2.396913e-03	1.038322e-02	-1.278014e-02	1.158168e-02	-1.052302e-03	1.042448e-03	1.168080e-03	1.626488e-03	-4.584086e-04
131           	1.664354e-02	7.268987e-03	9.374556e-03	-2.397323e-03	1.036465e-02	-1.276197e-02	1.156331e-02	-1.052785e-03	1.042565e-03	1.168329e-03	1.626730e-03	-4.584011e-04
132           	1.661818e-02	7.255869e-03	9.362309e-03	-2.397725e-03	1.034648e-02	-1.274420e-02	1.154534e-02	-1.053220e-03	1.042639e-03	1.168532e-03	1.626906e-03	-4.583731e-04
133           	1.659338e-02	7.243078e-03	9.350298e-03	-2.398119e-03	1.032872e-02	-1.272684e-02	1.152778e-02	-1.053610e-03	1.042673e-03	1.168695e-03	1.627021e-03	-4.583261e-04
134           	1.656913e-02	7.230608e-03	9.338519e-03	-2.398506e-03	1.031135e-02	-1.270985e-02	1.151060e-02	-1.053956e-03	1.042671e-03	1.168818e-03	1.627080e-03	-4.582615e-04
135           	1.654542e-02	7.218449e-03	9.326970e-03	-2.398886e-03	1.029436e-02	-1.269325e-02	1.149381e-02	-1.054260e-03	1.042633e-03	1.168906e-03	1.627086e-03	-4.581805e-04
136           	1.652224e-02	7.206595e-03	9.315647e-03	-2.399257e-03	1.027776e-02	-1.267702e-02	1.147739e-02	-1.054526e-03	1.042564e-03	1.168959e-03	1.627043e-03	-4.580838e-04
137           	1.649958e-02	7.195039e-03	9.304546e-03	-2.399621e-03	1.026153e-02	-1.266115e-02	1.146134e-02	-1.054754e-03	1.042463e-03	1.168981e-03	1.626954e-03	-4.579726e-04
138           	1.647744e-02	7.183772e-03	9.293664e-03	-2.399978e-03	1.024566e-02	-1.264564e-02	1.144565e-02	-1.054946e-03	1.042333e-03	1.168971e-03	1.626819e-03	-4.578478e-04
139           	1.645579e-02	7.172789e-03	9.282999e-03	-2.400326e-03	1.023015e-02	-1.263048e-02	1.143031e-02	-1.055105e-03	1.042175e-03	1.168931e-03	1.626641e-03	-4.577099e-04
140           	1.643463e-02	7.162083e-03	9.272545e-03	-2.400667e-03	1.021499e-02	-1.261566e-02	1.141532e-02	-1.055231e-03	1.041990e-03	1.168860e-03	1.626420e-03	-4.575595e-04
141           	1.641395e-02	7.151647e-03	9.262299e-03	-2.400999e-03	1.020017e-02	-1.260117e-02	1.140067e-02	-1.055326e-03	1.041776e-03	1.168758e-03	1.626155e-03	-4.573968e-04
142           	1.639373e-02	7.141477e-03	9.252258e-03	-2.401324e-03	1.018569e-02	-1.258701e-02	1.138635e-02	-1.055391e-03	1.041535e-03	1.168626e-03	1.625848e-03	-4.572221e-04
143           	1.637398e-02	7.131565e-03	9.242417e-03	-2.401641e-03	1.017153e-02	-1.257317e-02	1.137235e-02	-1.055426e-03	1.041268e-03	1.168463e-03	1.625499e-03	-4.570360e-04
144           	1.635468e-02	7.121905e-03	9.232775e-03	-2.401950e-03	1.015770e-02	-1.255965e-02	1.135867e-02	-1.055435e-03	1.040976e-03	1.168273e-03	1.625113e-03	-4.568399e-04
145           	1.633582e-02	7.112489e-03	9.223328e-03	-2.402251e-03	1.014418e-02	-1.254643e-02	1.134530e-02	-1.055420e-03	1.040665e-03	1.168058e-03	1.624694e-03	-4.566356e-04
146           	1.631738e-02	7.103309e-03	9.214076e-03	-2.402544e-03	1.013097e-02	-1.253351e-02	1.133224e-02	-1.055383e-03	1.040337e-03	1.167823e-03	1.624248e-03	-4.564251e-04
147           	1.629937e-02	7.094357e-03	9.205017e-03	-2.402829e-03	1.011806e-02	-1.252089e-02	1.131947e-02	-1.055330e-03	1.039996e-03	1.167571e-03	1.623782e-03	-4.562107e-04
148           	1.628178e-02	7.085626e-03	9.196150e-03	-2.403107e-03	1.010544e-02	-1.250855e-02	1.130700e-02	-1.055262e-03	1.039648e-03	1.167307e-03	1.623301e-03	-4.559944e-04
149           	1.626458e-02	7.077106e-03	9.187475e-03	-2.403377e-03	1.009312e-02	-1.249649e-02	1.129481e-02	-1.055184e-03	1.039294e-03	1.167032e-03	1.622811e-03	-4.557782e-04
150           	1.624778e-02	7.068793e-03	9.178988e-03	-2.403639e-03	1.008107e-02	-1.248471e-02	1.128289e-02	-1.055098e-03	1.038939e-03	1.166752e-03	1.622315e-03	-4.555633e-04
151           	1.623136e-02	7.060677e-03	9.170686e-03	-2.403893e-03	1.006930e-02	-1.247320e-02	1.127125e-02	-1.055004e-03	1.038583e-03	1.166467e-03	1.621817e-03	-4.553500e-04
152           	1.621532e-02	7.052754e-03	9.162568e-03	-2.404140e-03	1.005780e-02	-1.246194e-02	1.125987e-02	-1.054907e-03	1.038232e-03	1.166181e-03	1.621322e-03	-4.551410e-04
153           	1.619965e-02	7.045019e-03	9.154634e-03	-2.404381e-03	1.004657e-02	-1.245095e-02	1.124876e-02	-1.054807e-03	1.037885e-03	1.165896e-03	1.620833e-03	-4.549369e-04
154           	1.618435e-02	7.037467e-03	9.146879e-03	-2.404615e-03	1.003559e-02	-1.244021e-02	1.123790e-02	-1.054706e-03	1.037545e-03	1.165614e-03	1.620352e-03	-4.547380e-04
155           	1.616939e-02	7.030094e-03	9.139299e-03	-2.404842e-03	1.002487e-02	-1.242972e-02	1.122729e-02	-1.054602e-03	1.037210e-03	1.165332e-03	1.619876e-03	-4.545439e-04
156           	1.615479e-02	7.022896e-03	9.131890e-03	-2.405063e-03	1.001440e-02	-1.241946e-02	1.121693e-02	-1.054497e-03	1.036881e-03	1.165053e-03	1.619407e-03	-4.543546e-04
157           	1.614052e-02	7.015868e-03	9.124650e-03	-2.405277e-03	1.000417e-02	-1.240945e-02	1.120681e-02	-1.054391e-03	1.036559e-03	1.164777e-03	1.618947e-03	-4.541704e-04
158           	1.612658e-02	7.009005e-03	9.117573e-03	-2.405485e-03	9.994176e-03	-1.239966e-02	1.119692e-02	-1.054284e-03	1.036244e-03	1.164505e-03	1.618496e-03	-4.539914e-04
159           	1.611296e-02	7.002303e-03	9.110660e-03	-2.405686e-03	9.984414e-03	-1.239010e-02	1.118726e-02	-1.054178e-03	1.035937e-03	1.164238e-03	1.618057e-03	-4.538182e-04
160           	1.609966e-02	6.995756e-03	9.103907e-03	-2.405881e-03	9.974878e-03	-1.238076e-02	1.117782e-02	-1.054076e-03	1.035642e-03	1.163980e-03	1.617632e-03	-4.536518e-04
161           	1.608667e-02	6.989359e-03	9.097314e-03	-2.406070e-03	9.965563e-03	-1.237163e-02	1.116860e-02	-1.053978e-03	1.035360e-03	1.163732e-03	1.617226e-03	-4.534934e-04
162           	1.607399e-02	6.983106e-03	9.090880e-03	-2.406254e-03	9.956466e-03	-1.236272e-02	1.115959e-02	-1.053887e-03	1.035093e-03	1.163498e-03	1.616842e-03	-4.533439e-04
163           	1.606160e-02	6.976994e-03	9.084601e-03	-2.406431e-03	9.947582e-03	-1.235401e-02	1.115080e-02	-1.053803e-03	1.034842e-03	1.163277e-03	1.616480e-03	-4.532030e-04
164           	1.604950e-02	6.971022e-03	9.078474e-03	-2.406603e-03	9.938906e-03	-1.234551e-02	1.114221e-02	-1.053726e-03	1.034604e-03	1.163069e-03	1.616138e-03	-4.530699e-04
165           	1.603768e-02	6.965186e-03	9.072494e-03	-2.406770e-03	9.930434e-03	-1.233720e-02	1.113382e-02	-1.053654e-03	1.034379e-03	1.162871e-03	1.615814e-03	-4.529432e-04
166           	1.602614e-02	6.959487e-03	9.066657e-03	-2.406931e-03	9.922162e-03	-1.232909e-02	1.112563e-02	-1.053585e-03	1.034162e-03	1.162681e-03	1.615502e-03	-4.528213e-04
167           	1.601488e-02	6.953924e-03	9.060957e-03	-2.407087e-03	9.914085e-03	-1.232117e-02	1.111763e-02	-1.053517e-03	1.033950e-03	1.162495e-03	1.615197e-03	-4.527024e-04
168           	1.600388e-02	6.948496e-03	9.055389e-03	-2.407237e-03	9.906201e-03	-1.231344e-02	1.110982e-02	-1.053447e-03	1.033739e-03	1.162310e-03	1.614894e-03	-4.525845e-04
169           	1.599315e-02	6.943201e-03	9.049949e-03	-2.407383e-03	9.898503e-03	-1.230589e-02	1.110219e-02	-1.053374e-03	1.033529e-03	1.162123e-03	1.614590e-03	-4.524671e-04
170           	1.598267e-02	6.938037e-03	9.044635e-03	-2.407524e-03	9.890989e-03	-1.229851e-02	1.109475e-02	-1.053299e-03	1.033319e-03	1.161937e-03	1.614287e-03	-4.523503e-04
171           	1.597244e-02	6.933000e-03	9.039445e-03	-2.407660e-03	9.883655e-03	-1.229131e-02	1.108748e-02	-1.053223e-03	1.033110e-03	1.161751e-03	1.613986e-03	-4.522349e-04
172           	1.596246e-02	6.928085e-03	9.034378e-03	-2.407791e-03	9.876496e-03	-1.228429e-02	1.108039e-02	-1.053147e-03	1.032906e-03	1.161568e-03	1.613690e-03	-4.521222e-04
173           	1.595272e-02	6.923288e-03	9.029433e-03	-2.407918e-03	9.869509e-03	-1.227743e-02	1.107347e-02	-1.053073e-03	1.032708e-03	1.161390e-03	1.613403e-03	-4.520130e-04
174           	1.594321e-02	6.918605e-03	9.024609e-03	-2.408040e-03	9.862690e-03	-1.227073e-02	1.106671e-02	-1.053002e-03	1.032517e-03	1.161217e-03	1.613126e-03	-4.519083e-04
175           	1.593394e-02	6.914033e-03	9.019905e-03	-2.408157e-03	9.856036e-03	-1.226419e-02	1.106011e-02	-1.052936e-03	1.032336e-03	1.161053e-03	1.612862e-03	-4.518090e-04
176           	1.592489e-02	6.909567e-03	9.015319e-03	-2.408270e-03	9.849544e-03	-1.225781e-02	1.105368e-02	-1.052876e-03	1.032165e-03	1.160899e-03	1.612615e-03	-4.517160e-04
177           	1.591605e-02	6.905202e-03	9.010851e-03	-2.408378e-03	9.843207e-03	-1.225159e-02	1.104740e-02	-1.052824e-03	1.032008e-03	1.160755e-03	1.612385e-03	-4.516301e-04
178           	1.590744e-02	6.900940e-03	9.006497e-03	-2.408482e-03	9.837026e-03	-1.224551e-02	1.104127e-02	-1.052778e-03	1.031860e-03	1.160620e-03	1.612171e-03	-4.515502e-04
179           	1.589903e-02	6.896779e-03	9.002254e-03	-2.408583e-03	9.830997e-03	-1.223958e-02	1.103529e-02	-1.052738e-03	1.031723e-03	1.160494e-03	1.611970e-03	-4.514755e-04
180           	1.589084e-02	6.892717e-03	8.998120e-03	-2.408680e-03	9.825117e-03	-1.223380e-02	1.102946e-02	-1.052701e-03	1.031592e-03	1.160374e-03	1.611779e-03	-4.514049e-04
181           	1.588284e-02	6.888755e-03	8.994089e-03	-2.408773e-03	9.819382e-03	-1.222815e-02	1.102377e-02	-1.052667e-03	1.031467e-03	1.160259e-03	1.611596e-03	-4.513374e-04
182           	1.587505e-02	6.884890e-03	8.990158e-03	-2.408862e-03	9.813789e-03	-1.222265e-02	1.101822e-02	-1.052634e-03	1.031345e-03	1.160146e-03	1.611418e-03	-4.512715e-04
183           	1.586745e-02	6.881122e-03	8.986324e-03	-2.408948e-03	9.808335e-03	-1.221728e-02	1.101281e-02	-1.052601e-03	1.031223e-03	1.160034e-03	1.611240e-03	-4.512063e-04
184           	1.586003e-02	6.877451e-03	8.982582e-03	-2.409030e-03	9.803017e-03	-1.221205e-02	1.100753e-02	-1.052566e-03	1.031101e-03	1.159920e-03	1.611061e-03	-4.511410e-04
185           	1.585281e-02	6.873875e-03	8.978931e-03	-2.409109e-03	9.797830e-03	-1.220694e-02	1.100239e-02	-1.052528e-03	1.030977e-03	1.159805e-03	1.610880e-03	-4.510749e-04
186           	1.584576e-02	6.870391e-03	8.975367e-03	-2.409185e-03	9.792774e-03	-1.220196e-02	1.099737e-02	-1.052488e-03	1.030851e-03	1.159687e-03	1.610695e-03	-4.510080e-04
187           	1.583890e-02	6.867002e-03	8.971896e-03	-2.409259e-03	9.787854e-03	-1.219711e-02	1.099248e-02	-1.052447e-03	1.030726e-03	1.159569e-03	1.610510e-03	-4.509415e-04
188           	1.583221e-02	6.863699e-03	8.968511e-03	-2.409330e-03	9.783057e-03	-1.219239e-02	1.098772e-02	-1.052406e-03	1.030601e-03	1.159451e-03	1.610327e-03	-4.508753e-04
189           	1.582569e-02	6.860481e-03	8.965206e-03	-2.409399e-03	9.778379e-03	-1.218778e-02	1.098308e-02	-1.052363e-03	1.030475e-03	1.159333e-03	1.610142e-03	-4.508091e-04
190           	1.581933e-02	6.857346e-03	8.961980e-03	-2.409464e-03	9.773818e-03	-1.218328e-02	1.097855e-02	-1.052317e-03	1.030350e-03	1.159213e-03	1.609956e-03	-4.507432e-04
191           	1.581313e-02	6.854293e-03	8.958832e-03	-2.409525e-03	9.769369e-03	-1.217889e-02	1.097413e-02	-1.052269e-03	1.030224e-03	1.159092e-03	1.609770e-03	-4.506779e-04
192           	1.580708e-02	6.851320e-03	8.955760e-03	-2.409583e-03	9.765033e-03	-1.217462e-02	1.096982e-02	-1.052220e-03	1.030099e-03	1.158972e-03	1.609585e-03	-4.506136e-04
193           	1.580119e-02	6.848426e-03	8.952763e-03	-2.409637e-03	9.760807e-03	-1.217044e-02	1.096563e-02	-1.052169e-03	1.029977e-03	1.158852e-03	1.609403e-03	-4.505510e-04
194           	1.579545e-02	6.845607e-03	8.949841e-03	-2.409688e-03	9.756689e-03	-1.216638e-02	1.096153e-02	-1.052117e-03	1.029857e-03	1.158733e-03	1.609223e-03	-4.504901e-04
195           	1.578985e-02	6.842862e-03	8.946992e-03	-2.409737e-03	9.752677e-03	-1.216241e-02	1.095755e-02	-1.052065e-03	1.029739e-03	1.158616e-03	1.609047e-03	-4.504311e-04
196           	1.578440e-02	6.840190e-03	8.944215e-03	-2.409785e-03	9.748769e-03	-1.215855e-02	1.095366e-02	-1.052013e-03	1.029624e-03	1.158500e-03	1.608874e-03	-4.503742e-04
197           	1.577909e-02	6.837584e-03	8.941508e-03	-2.409829e-03	9.744957e-03	-1.215479e-02	1.094987e-02	-1.051962e-03	1.029513e-03	1.158388e-03	1.608707e-03	-4.503194e-04
198           	1.577392e-02	6.835048e-03	8.938870e-03	-2.409872e-03	9.741246e-03	-1.215112e-02	1.094618e-02	-1.051911e-03	1.029405e-03	1.158277e-03	1.608543e-03	-4.502664e-04
199           	1.576888e-02	6.832579e-03	8.936301e-03	-2.409914e-03	9.737634e-03	-1.214755e-02	1.094259e-02	-1.051861e-03	1.029299e-03	1.158167e-03	1.608382e-03	-4.502152e-04
200           	1.576398e-02	6.830177e-03	8.933798e-03	-2.409956e-03	9.734119e-03	-1.214407e-02	1.093910e-02	-1.051810e-03	1.029194e-03	1.158057e-03	1.608223e-03	-4.501655e-04
201           	1.575920e-02	6.827841e-03	8.931359e-03	-2.409997e-03	9.730696e-03	-1.214069e-02	1.093569e-02	-1.051759e-03	1.029091e-03	1.157948e-03	1.608065e-03	-4.501169e-04
202           	1.575455e-02	6.825568e-03	8.928982e-03	-2.410036e-03	9.727364e-03	-1.213740e-02	1.093238e-02	-1.051707e-03	1.028989e-03	1.157839e-03	1.607908e-03	-4.500690e-04
203           	1.575002e-02	6.823358e-03	8.926663e-03	-2.410074e-03	9.724121e-03	-1.213419e-02	1.092916e-02	-1.051653e-03	1.028886e-03	1.157729e-03	1.607751e-03	-4.500214e-04
204           	1.574561e-02	6.821211e-03	8.924402e-03	-2.410111e-03	9.720963e-03	-1.213107e-02	1.092602e-02	-1.051595e-03	1.028782e-03	1.157618e-03	1.607591e-03	-4.499734e-04
205           	1.574132e-02	6.819126e-03	8.922195e-03	-2.410145e-03	9.717889e-03	-1.212803e-02	1.092296e-02	-1.051534e-03	1.028677e-03	1.157504e-03	1.607429e-03	-4.499249e-04
206           	1.573714e-02	6.817101e-03	8.920041e-03	-2.410179e-03	9.714897e-03	-1.212508e-02	1.091999e-02	-1.051470e-03	1.028569e-03	1.157388e-03	1.607264e-03	-4.498753e-04
207           	1.573307e-02	6.815136e-03	8.917938e-03	-2.410210e-03	9.711984e-03	-1.212219e-02	1.091709e-02	-1.051401e-03	1.028459e-03	1.157269e-03	1.607094e-03	-4.498246e-04
208           	1.572911e-02	6.813229e-03	8.915885e-03	-2.410240e-03	9.709149e-03	-1.211939e-02	1.091427e-02	-1.051328e-03	1.028346e-03	1.157147e-03	1.606920e-03	-4.497726e-04
209           	1.572526e-02	6.811380e-03	8.913881e-03	-2.410269e-03	9.706391e-03	-1.211666e-02	1.091153e-02	-1.051251e-03	1.028230e-03	1.157021e-03	1.606740e-03	-4.497190e-04
210           	1.572151e-02	6.809587e-03	8.911924e-03	-2.410297e-03	9.703708e-03	-1.211400e-02	1.090886e-02	-1.051168e-03	1.028109e-03	1.156891e-03	1.606555e-03	-4.496638e-04
211           	1.571786e-02	6.807849e-03	8.910012e-03	-2.410323e-03	9.701097e-03	-1.211142e-02	1.090626e-02	-1.051082e-03	1.027985e-03	1.156757e-03	1.606363e-03	-4.496067e-04
212           	1.571431e-02	6.806166e-03	8.908145e-03	-2.410349e-03	9.698558e-03	-1.210891e-02	1.090373e-02	-1.050989e-03	1.027856e-03	1.156617e-03	1.606165e-03	-4.495476e-04
213           	1.571086e-02	6.804536e-03	8.906320e-03	-2.410373e-03	9.696089e-03	-1.210646e-02	1.090128e-02	-1.050892e-03	1.027722e-03	1.156472e-03	1.605958e-03	-4.494862e-04
214           	1.570942e-02	6.803812e-03	8.905608e-03	-2.410449e-03	9.695085e-03	-1.210553e-02	1.090031e-02	-1.050898e-03	1.027670e-03	1.156419e-03	1.605879e-03	-4.494598e-04
215           	1.570816e-02	6.803109e-03	8.905054e-03	-2.410551e-03	9.694219e-03	-1.210477e-02	1.089949e-02	-1.050973e-03	1.027673e-03	1.156431e-03	1.605889e-03	-4.494578e-04
216           	1.570697e-02	6.802416e-03	8.904552e-03	-2.410657e-03	9.693399e-03	-1.210406e-02	1.089873e-02	-1.051068e-03	1.027695e-03	1.156464e-03	1.605927e-03	-4.494635e-04
217           	1.570572e-02	6.801715e-03	8.904008e-03	-2.410746e-03	9.692537e-03	-1.210328e-02	1.089791e-02	-1.051146e-03	1.027707e-03	1.156485e-03	1.605949e-03	-4.494642e-04
218           	1.570435e-02	6.800997e-03	8.903353e-03	-2.410801e-03	9.691571e-03	-1.210237e-02	1.089697e-02	-1.051178e-03	1.027687e-03	1.156474e-03	1.605923e-03	-4.494499e-04
219           	1.570282e-02	6.800256e-03	8.902563e-03	-2.410817e-03	9.690478e-03	-1.210129e-02	1.089589e-02	-1.051153e-03	1.027626e-03	1.156417e-03	1.605835e-03	-4.494177e-04
220           	1.570114e-02	6.799496e-03	8.901642e-03	-2.410796e-03	9.689263e-03	-1.210006e-02	1.089466e-02	-1.051073e-03	1.027527e-03	1.156316e-03	1.605685e-03	-4.493685e-04
221           	1.569934e-02	6.798724e-03	8.900620e-03	-2.410747e-03	9.687957e-03	-1.209870e-02	1.089333e-02	-1.050948e-03	1.027395e-03	1.156179e-03	1.605485e-03	-4.493060e-04
222           	1.569749e-02	6.797949e-03	8.899538e-03	-2.410682e-03	9.686601e-03	-1.209728e-02	1.089194e-02	-1.050794e-03	1.027245e-03	1.156018e-03	1.605254e-03	-4.492361e-04
223           	1.569562e-02	6.797180e-03	8.898442e-03	-2.410614e-03	9.685239e-03	-1.209585e-02	1.089055e-02	-1.050631e-03	1.027091e-03	1.155850e-03	1.605016e-03	-4.491659e-04
224           	1.569380e-02	6.796423e-03	8.897378e-03	-2.410553e-03	9.683912e-03	-1.209446e-02	1.088919e-02	-1.050477e-03	1.026949e-03	1.155693e-03	1.604796e-03	-4.491022e-04
225           	1.569206e-02	6.795684e-03	8.896377e-03	-2.410507e-03	9.682650e-03	-1.209316e-02	1.088790e-02	-1.050346e-03	1.026829e-03	1.155558e-03	1.604608e-03	-4.490496e-04
226           	1.569042e-02	6.794964e-03	8.895455e-03	-2.410482e-03	9.681468e-03	-1.209195e-02	1.088671e-02	-1.050245e-03	1.026734e-03	1.155449e-03	1.604459e-03	-4.490100e-04
227           	1.568888e-02	6.794266e-03	8.894613e-03	-2.410478e-03	9.680367e-03	-1.209085e-02	1.088561e-02	-1.050174e-03	1.026664e-03	1.155364e-03	1.604346e-03	-4.489825e-04
228           	1.568743e-02	6.793588e-03	8.893840e-03	-2.410490e-03	9.679338e-03	-1.208983e-02	1.088458e-02	-1.050126e-03	1.026613e-03	1.155298e-03	1.604262e-03	-4.489640e-04
229           	1.568605e-02	6.792929e-03	8.893117e-03	-2.410513e-03	9.678363e-03	-1.208888e-02	1.088362e-02	-1.050094e-03	1.026571e-03	1.155242e-03	1.604192e-03	-4.489502e-04
230           	1.568471e-02	6.792287e-03	8.892420e-03	-2.410543e-03	9.677422e-03	-1.208796e-02	1.088269e-02	-1.050067e-03	1.026530e-03	1.155188e-03	1.604124e-03	-4.489361e-04
231           	1.568339e-02	6.791661e-03	8.891728e-03	-2.410571e-03	9.676495e-03	-1.208707e-02	1.088178e-02	-1.050034e-03	1.026481e-03	1.155126e-03	1.604044e-03	-4.489174e-04
232           	1.568207e-02	6.791049e-03	8.891024e-03	-2.410596e-03	9.675568e-03	-1.208616e-02	1.088087e-02	-1.049988e-03	1.026417e-03	1.155052e-03	1.603943e-03	-4.488909e-04
233           	1.568075e-02	6.790451e-03	8.890300e-03	-2.410613e-03	9.674633e-03	-1.208525e-02	1.087994e-02	-1.049925e-03	1.026336e-03	1.154963e-03	1.603818e-03	-4.488549e-04
234           	1.567942e-02	6.789866e-03	8.889551e-03	-2.410623e-03	9.673686e-03	-1.208431e-02	1.087900e-02	-1.049842e-03	1.026237e-03	1.154856e-03	1.603665e-03	-4.488089e-04
235           	1.567808e-02	6.789296e-03	8.888780e-03	-2.410626e-03	9.672732e-03	-1.208336e-02	1.087804e-02	-1.049742e-03	1.026121e-03	1.154735e-03	1.603489e-03	-4.487540e-04
236           	1.567674e-02	6.788740e-03	8.887995e-03	-2.410624e-03	9.671774e-03	-1.208240e-02	1.087709e-02	-1.049628e-03	1.025992e-03	1.154601e-03	1.603293e-03	-4.486916e-04
237           	1.567540e-02	6.788200e-03	8.887203e-03	-2.410619e-03	9.670822e-03	-1.208144e-02	1.087613e-02	-1.049502e-03	1.025853e-03	1.154458e-03	1.603081e-03	-4.486238e-04
238           	1.567409e-02	6.787675e-03	8.886413e-03	-2.410614e-03	9.669882e-03	-1.208050e-02	1.087519e-02	-1.049369e-03	1.025706e-03	1.154308e-03	1.602860e-03	-4.485524e-04
239           	1.567280e-02	6.787167e-03	8.885632e-03	-2.410611e-03	9.668960e-03	-1.207957e-02	1.087427e-02	-1.049232e-03	1.025556e-03	1.154155e-03	1.602633e-03	-4.484789e-04
240           	1.567153e-02	6.786668e-03	8.884866e-03	-2.410609e-03	9.668058e-03	-1.207867e-02	1.087336e-02	-1.049099e-03	1.025409e-03	1.154004e-03	1.602410e-03	-4.484066e-04
241           	1.567030e-02	6.786187e-03	8.884114e-03	-2.410611e-03	9.667179e-03	-1.207779e-02	1.087248e-02	-1.048964e-03	1.025258e-03	1.153850e-03	1.602183e-03	-4.483333e-04
242           	1.566910e-02	6.785722e-03	8.883376e-03	-2.410616e-03	9.666325e-03	-1.207694e-02	1.087163e-02	-1.048827e-03	1.025106e-03	1.153693e-03	1.601952e-03	-4.482590e-04
243           	1.566792e-02	6.785274e-03	8.882651e-03	-2.410624e-03	9.665492e-03	-1.207612e-02	1.087080e-02	-1.048689e-03	1.024950e-03	1.153533e-03	1.601717e-03	-4.481837e-04
244           	1.566678e-02	6.784839e-03	8.881936e-03	-2.410633e-03	9.664679e-03	-1.207531e-02	1.087000e-02	-1.048548e-03	1.024792e-03	1.153369e-03	1.601477e-03	-4.481074e-04
245           	1.566565e-02	6.784417e-03	8.881229e-03	-2.410643e-03	9.663881e-03	-1.207452e-02	1.086920e-02	-1.048406e-03	1.024631e-03	1.153203e-03	1.601233e-03	-4.480298e-04
246           	1.566454e-02	6.784007e-03	8.880529e-03	-2.410653e-03	9.663095e-03	-1.207375e-02	1.086842e-02	-1.048261e-03	1.024468e-03	1.153033e-03	1.600984e-03	-4.479510e-04
247           	1.566344e-02	6.783606e-03	8.879833e-03	-2.410662e-03	9.662321e-03	-1.207298e-02	1.086765e-02	-1.048114e-03	1.024302e-03	1.152861e-03	1.600732e-03	-4.478711e-04
248           	1.566236e-02	6.783214e-03	8.879142e-03	-2.410670e-03	9.661555e-03	-1.207223e-02	1.086689e-02	-1.047964e-03	1.024134e-03	1.152687e-03	1.600477e-03	-4.477903e-04
249           	1.566129e-02	6.782831e-03	8.878456e-03	-2.410677e-03	9.660799e-03	-1.207148e-02	1.086614e-02	-1.047812e-03	1.023964e-03	1.152511e-03	1.600220e-03	-4.477087e-04
250           	1.566023e-02	6.782457e-03	8.877774e-03	-2.410683e-03	9.660053e-03	-1.207074e-02	1.086539e-02	-1.047658e-03	1.023794e-03	1.152334e-03	1.599961e-03	-4.476264e-04
251           	1.565919e-02	6.782092e-03	8.877098e-03	-2.410688e-03	9.659316e-03	-1.207000e-02	1.086466e-02	-1.047503e-03	1.023622e-03	1.152156e-03	1.599700e-03	-4.475438e-04
252           	1.565816e-02	6.781736e-03	8.876428e-03	-2.410693e-03	9.658590e-03	-1.206928e-02	1.086394e-02	-1.047346e-03	1.023449e-03	1.151977e-03	1.599438e-03	-4.474608e-04
253           	1.565715e-02	6.781388e-03	8.875766e-03	-2.410698e-03	9.657876e-03	-1.206857e-02	1.086323e-02	-1.047189e-03	1.023276e-03	1.151797e-03	1.599175e-03	-4.473777e-04
254           	1.565616e-02	6.781051e-03	8.875110e-03	-2.410704e-03	9.657174e-03	-1.206788e-02	1.086253e-02	-1.047030e-03	1.023103e-03	1.151617e-03	1.598911e-03	-4.472943e-04
255           	1.565518e-02	6.780723e-03	8.874462e-03	-2.410709e-03	9.656485e-03	-1.206719e-02	1.086184e-02	-1.046870e-03	1.022929e-03	1.151436e-03	1.598646e-03	-4.472108e-04
256           	1.565423e-02	6.780404e-03	8.873822e-03	-2.410715e-03	9.655808e-03	-1.206652e-02	1.086116e-02	-1.046709e-03	1.022754e-03	1.151254e-03	1.598381e-03	-4.471271e-04
257           	1.565328e-02	6.780081e-03	8.873197e-03	-2.410720e-03	9.655138e-03	-1.206586e-02	1.086050e-02	-1.046558e-03	1.022589e-03	1.151082e-03	1.598130e-03	-4.470484e-04
258           	1.565235e-02	6.779772e-03	8.872576e-03	-2.410725e-03	9.654481e-03	-1.206521e-02	1.085984e-02	-1.046402e-03	1.022420e-03	1.150905e-03	1.597873e-03	-4.469672e-04
259           	1.565144e-02	6.779477e-03	8.871958e-03	-2.410731e-03	9.653837e-03	-1.206457e-02	1.085920e-02	-1.046240e-03	1.022245e-03	1.150723e-03	1.597607e-03	-4.468835e-04
260           	1.565054e-02	6.779195e-03	8.871343e-03	-2.410737e-03	9.653205e-03	-1.206394e-02	1.085857e-02	-1.046074e-03	1.022066e-03	1.150536e-03	1.597334e-03	-4.467975e-04
261           	1.564966e-02	6.778924e-03	8.870732e-03	-2.410743e-03	9.652584e-03	-1.206333e-02	1.085796e-02	-1.045904e-03	1.021882e-03	1.150345e-03	1.597055e-03	-4.467097e-04
262           	1.564879e-02	6.778676e-03	8.870118e-03	-2.410750e-03	9.651978e-03	-1.206273e-02	1.085735e-02	-1.045721e-03	1.021686e-03	1.150141e-03	1.596756e-03	-4.466150e-04
263           	1.564794e-02	6.778431e-03	8.869511e-03	-2.410757e-03	9.651379e-03	-1.206214e-02	1.085676e-02	-1.045540e-03	1.021493e-03	1.149941e-03	1.596463e-03	-4.465223e-04
264           	1.564710e-02	6.778188e-03	8.868916e-03	-2.410763e-03	9.650789e-03	-1.206155e-02	1.085617e-02	-1.045364e-03	1.021305e-03	1.149745e-03	1.596178e-03	-4.464323e-04
265           	1.564628e-02	6.777946e-03	8.868330e-03	-2.410768e-03	9.650206e-03	-1.206097e-02	1.085559e-02	-1.045192e-03	1.021123e-03	1.149555e-03	1.595900e-03	-4.463450e-04
266           	1.564546e-02	6.777705e-03	8.867754e-03	-2.410773e-03	9.649632e-03	-1.206040e-02	1.085502e-02	-1.045024e-03	1.020945e-03	1.149370e-03	1.595630e-03	-4.462600e-04
267           	1.564465e-02	6.777469e-03	8.867186e-03	-2.410778e-03	9.649066e-03	-1.205984e-02	1.085445e-02	-1.044858e-03	1.020770e-03	1.149187e-03	1.595363e-03	-4.461763e-04
268           	1.564386e-02	6.777238e-03	8.866625e-03	-2.410782e-03	9.648509e-03	-1.205929e-02	1.085390e-02	-1.044693e-03	1.020596e-03	1.149005e-03	1.595098e-03	-4.460931e-04
269           	1.564309e-02	6.777016e-03	8.866070e-03	-2.410787e-03	9.647962e-03	-1.205875e-02	1.085336e-02	-1.044527e-03	1.020421e-03	1.148823e-03	1.594832e-03	-4.460093e-04
270           	1.564232e-02	6.776802e-03	8.865520e-03	-2.410792e-03	9.647425e-03	-1.205822e-02	1.085282e-02	-1.044359e-03	1.020243e-03	1.148638e-03	1.594563e-03	-4.459244e-04
271           	1.564157e-02	6.776584e-03	8.864983e-03	-2.410796e-03	9.646895e-03	-1.205769e-02	1.085229e-02	-1.044199e-03	1.020076e-03	1.148465e-03	1.594308e-03	-4.458438e-04
272           	1.564083e-02	6.776382e-03	8.864447e-03	-2.410800e-03	9.646377e-03	-1.205718e-02	1.085178e-02	-1.044033e-03	1.019901e-03	1.148283e-03	1.594043e-03	-4.457595e-04
273           	1.564010e-02	6.776193e-03	8.863912e-03	-2.410805e-03	9.645869e-03	-1.205667e-02	1.085127e-02	-1.043860e-03	1.019719e-03	1.148095e-03	1.593766e-03	-4.456716e-04
274           	1.563939e-02	6.776017e-03	8.863378e-03	-2.410811e-03	9.645372e-03	-1.205618e-02	1.085078e-02	-1.043681e-03	1.019531e-03	1.147900e-03	1.593481e-03	-4.455807e-04
275           	1.563870e-02	6.775851e-03	8.862847e-03	-2.410817e-03	9.644885e-03	-1.205570e-02	1.085029e-02	-1.043498e-03	1.019338e-03	1.147701e-03	1.593189e-03	-4.454879e-04
276           	1.563801e-02	6.775694e-03	8.862320e-03	-2.410823e-03	9.644407e-03	-1.205523e-02	1.084982e-02	-1.043313e-03	1.019144e-03	1.147500e-03	1.592895e-03	-4.453942e-04
277           	1.563734e-02	6.775543e-03	8.861799e-03	-2.410829e-03	9.643937e-03	-1.205477e-02	1.084935e-02	-1.043128e-03	1.018951e-03	1.147300e-03	1.592600e-03	-4.453008e-04
278           	1.563668e-02	6.775395e-03	8.861285e-03	-2.410835e-03	9.643475e-03	-1.205431e-02	1.084889e-02	-1.042945e-03	1.018759e-03	1.147101e-03	1.592309e-03	-4.452083e-04
279           	1.563603e-02	6.775251e-03	8.860778e-03	-2.410840e-03	9.643021e-03	-1.205386e-02	1.084844e-02	-1.042763e-03	1.018570e-03	1.146905e-03	1.592022e-03	-4.451172e-04
280           	1.563539e-02	6.775109e-03	8.860278e-03	-2.410846e-03	9.642573e-03	-1.205342e-02	1.084800e-02	-1.042585e-03	1.018383e-03	1.146711e-03	1.591739e-03	-4.450276e-04
281           	1.563476e-02	6.774970e-03	8.859787e-03	-2.410851e-03	9.642133e-03	-1.205298e-02	1.084756e-02	-1.042408e-03	1.018200e-03	1.146521e-03	1.591460e-03	-4.449393e-04
282           	1.563414e-02	6.774835e-03	8.859301e-03	-2.410856e-03	9.641701e-03	-1.205256e-02	1.084713e-02	-1.042233e-03	1.018018e-03	1.146332e-03	1.591184e-03	-4.448519e-04
283           	1.563353e-02	6.774704e-03	8.858822e-03	-2.410861e-03	9.641275e-03	-1.205214e-02	1.084671e-02	-1.042059e-03	1.017837e-03	1.146145e-03	1.590910e-03	-4.447649e-04
284           	1.563293e-02	6.774579e-03	8.858349e-03	-2.410865e-03	9.640858e-03	-1.205172e-02	1.084629e-02	-1.041885e-03	1.017657e-03	1.145958e-03	1.590636e-03	-4.446781e-04
285           	1.563234e-02	6.774459e-03	8.857880e-03	-2.410870e-03	9.640448e-03	-1.205132e-02	1.084588e-02	-1.041711e-03	1.017477e-03	1.145771e-03	1.590362e-03	-4.445910e-04
286           	1.563176e-02	6.774345e-03	8.857416e-03	-2.410875e-03	9.640046e-03	-1.205092e-02	1.084548e-02	-1.041536e-03	1.017295e-03	1.145583e-03	1.590087e-03	-4.445035e-04
287           	1.563119e-02	6.774237e-03	8.856957e-03	-2.410880e-03	9.639651e-03	-1.205053e-02	1.084509e-02	-1.041360e-03	1.017113e-03	1.145395e-03	1.589811e-03	-4.444155e-04
288           	1.563064e-02	6.774135e-03	8.856502e-03	-2.410886e-03	9.639265e-03	-1.205015e-02	1.084471e-02	-1.041183e-03	1.016930e-03	1.145206e-03	1.589534e-03	-4.443273e-04
289           	1.563009e-02	6.774038e-03	8.856052e-03	-2.410891e-03	9.638885e-03	-1.204978e-02	1.084433e-02	-1.041007e-03	1.016748e-03	1.145017e-03	1.589256e-03	-4.442389e-04
290           	1.562955e-02	6.773946e-03	8.855607e-03	-2.410896e-03	9.638513e-03	-1.204941e-02	1.084396e-02	-1.040830e-03	1.016565e-03	1.144829e-03	1.588980e-03	-4.441507e-04
291           	1.562903e-02	6.773859e-03	8.855167e-03	-2.410902e-03	9.638148e-03	-1.204905e-02	1.084360e-02	-1.040654e-03	1.016384e-03	1.144641e-03	1.588704e-03	-4.440630e-04
292           	1.562851e-02	6.773775e-03	8.854733e-03	-2.410907e-03	9.637789e-03	-1.204870e-02	1.084324e-02	-1.040479e-03	1.016203e-03	1.144455e-03	1.588431e-03	-4.439760e-04
293           	1.562800e-02	6.773694e-03	8.854305e-03	-2.410912e-03	9.637438e-03	-1.204835e-02	1.084289e-02	-1.040306e-03	1.016025e-03	1.144270e-03	1.588160e-03	-4.438899e-04
294           	1.562750e-02	6.773616e-03	8.853884e-03	-2.410918e-03	9.637092e-03	-1.204801e-02	1.084255e-02	-1.040134e-03	1.015848e-03	1.144087e-03	1.587892e-03	-4.438048e-04
295           	1.562701e-02	6.773541e-03	8.853469e-03	-2.410923e-03	9.636754e-03	-1.204768e-02	1.084222e-02	-1.039964e-03	1.015674e-03	1.143907e-03	1.587627e-03	-4.437208e-04
296           	1.562653e-02	6.773468e-03	8.853059e-03	-2.410928e-03	9.636421e-03	-1.204735e-02	1.084189e-02	-1.039796e-03	1.015502e-03	1.143728e-03	1.587366e-03	-4.436379e-04
297           	1.562606e-02	6.773399e-03	8.852656e-03	-2.410933e-03	9.636095e-03	-1.204703e-02	1.084156e-02	-1.039629e-03	1.015332e-03	1.143551e-03	1.587107e-03	-4.435561e-04
298           	1.562559e-02	6.773331e-03	8.852260e-03	-2.410939e-03	9.635775e-03	-1.204671e-02	1.084124e-02	-1.039464e-03	1.015164e-03	1.143377e-03	1.586852e-03	-4.434753e-04
299           	1.562514e-02	6.773267e-03	8.851868e-03	-2.410944e-03	9.635462e-03	-1.204641e-02	1.084093e-02	-1.039301e-03	1.014997e-03	1.143204e-03	1.586599e-03	-4.433954e-04
300           	1.562469e-02	6.773202e-03	8.851487e-03	-2.410949e-03	9.635155e-03	-1.204610e-02	1.084063e-02	-1.039142e-03	1.014837e-03	1.143038e-03	1.586355e-03	-4.433177e-04
301           	1.562425e-02	6.773141e-03	8.851110e-03	-2.410955e-03	9.634854e-03	-1.204581e-02	1.084033e-02	-1.038984e-03	1.014677e-03	1.142872e-03	1.586113e-03	-4.432407e-04
302           	1.562382e-02	6.773082e-03	8.850738e-03	-2.410960e-03	9.634558e-03	-1.204552e-02	1.084004e-02	-1.038828e-03	1.014518e-03	1.142707e-03	1.585871e-03	-4.431645e-04
303           	1.562340e-02	6.773026e-03	8.850371e-03	-2.410965e-03	9.634268e-03	-1.204523e-02	1.083975e-02	-1.038672e-03	1.014361e-03	1.142543e-03	1.585632e-03	-4.430892e-04
304           	1.562298e-02	6.772973e-03	8.850009e-03	-2.410970e-03	9.633983e-03	-1.204495e-02	1.083947e-02	-1.038518e-03	1.014205e-03	1.142380e-03	1.585395e-03	-4.430148e-04
305           	1.562257e-02	6.772921e-03	8.849653e-03	-2.410975e-03	9.633704e-03	-1.204468e-02	1.083919e-02	-1.038366e-03	1.014051e-03	1.142219e-03	1.585160e-03	-4.429414e-04
306           	1.562217e-02	6.772871e-03	8.849303e-03	-2.410980e-03	9.633430e-03	-1.204441e-02	1.083892e-02	-1.038216e-03	1.013899e-03	1.142060e-03	1.584929e-03	-4.428690e-04
307           	1.562178e-02	6.772823e-03	8.848958e-03	-2.410985e-03	9.633162e-03	-1.204415e-02	1.083865e-02	-1.038067e-03	1.013749e-03	1.141903e-03	1.584701e-03	-4.427978e-04
308           	1.562140e-02	6.772777e-03	8.848620e-03	-2.410990e-03	9.632899e-03	-1.204389e-02	1.083839e-02	-1.037921e-03	1.013602e-03	1.141749e-03	1.584477e-03	-4.427275e-04
309           	1.562102e-02	6.772733e-03	8.848286e-03	-2.410995e-03	9.632641e-03	-1.204364e-02	1.083814e-02	-1.037777e-03	1.013457e-03	1.141597e-03	1.584256e-03	-4.426583e-04
310           	1.562065e-02	6.772691e-03	8.847959e-03	-2.411000e-03	9.632389e-03	-1.204339e-02	1.083789e-02	-1.037634e-03	1.013314e-03	1.141448e-03	1.584038e-03	-4.425900e-04
311           	1.562029e-02	6.772650e-03	8.847637e-03	-2.411005e-03	9.632142e-03	-1.204315e-02	1.083765e-02	-1.037494e-03	1.013173e-03	1.141301e-03	1.583823e-03	-4.425228e-04
312           	1.561993e-02	6.772611e-03	8.847321e-03	-2.411011e-03	9.631901e-03	-1.204291e-02	1.083741e-02	-1.037355e-03	1.013035e-03	1.141156e-03	1.583612e-03	-4.424567e-04
313           	1.561958e-02	6.772573e-03	8.847011e-03	-2.411016e-03	9.631664e-03	-1.204268e-02	1.083717e-02	-1.037219e-03	1.012898e-03	1.141013e-03	1.583405e-03	-4.423917e-04
314           	1.561924e-02	6.772537e-03	8.846706e-03	-2.411021e-03	9.631432e-03	-1.204245e-02	1.083694e-02	-1.037085e-03	1.012764e-03	1.140873e-03	1.583201e-03	-4.423278e-04
315           	1.561891e-02	6.772501e-03	8.846406e-03	-2.411026e-03	9.631205e-03	-1.204223e-02	1.083672e-02	-1.036952e-03	1.012633e-03	1.140735e-03	1.583000e-03	-4.422651e-04
316           	1.561858e-02	6.772467e-03	8.846112e-03	-2.411031e-03	9.630983e-03	-1.204201e-02	1.083650e-02	-1.036823e-03	1.012503e-03	1.140599e-03	1.582803e-03	-4.422036e-04
317           	1.561826e-02	6.772433e-03	8.845823e-03	-2.411036e-03	9.630764e-03	-1.204180e-02	1.083628e-02	-1.036695e-03	1.012376e-03	1.140466e-03	1.582609e-03	-4.421434e-04
318           	1.561794e-02	6.772400e-03	8.845540e-03	-2.411041e-03	9.630551e-03	-1.204159e-02	1.083607e-02	-1.036570e-03	1.012252e-03	1.140335e-03	1.582420e-03	-4.420845e-04
319           	1.561763e-02	6.772368e-03	8.845262e-03	-2.411046e-03	9.630341e-03	-1.204139e-02	1.083586e-02	-1.036447e-03	1.012130e-03	1.140207e-03	1.582233e-03	-4.420268e-04
320           	1.561733e-02	6.772337e-03	8.844989e-03	-2.411051e-03	9.630136e-03	-1.204119e-02	1.083566e-02	-1.036326e-03	1.012010e-03	1.140081e-03	1.582051e-03	-4.419702e-04
321           	1.561703e-02	6.772306e-03	8.844722e-03	-2.411056e-03	9.629935e-03	-1.204099e-02	1.083546e-02	-1.036208e-03	1.011893e-03	1.139957e-03	1.581872e-03	-4.419149e-04
322           	1.561674e-02	6.772276e-03	8.844459e-03	-2.411060e-03	9.629738e-03	-1.204080e-02	1.083527e-02	-1.036091e-03	1.011778e-03	1.139835e-03	1.581696e-03	-4.418607e-04
323           	1.561645e-02	6.772248e-03	8.844202e-03	-2.411065e-03	9.629546e-03	-1.204061e-02	1.083508e-02	-1.035977e-03	1.011666e-03	1.139716e-03	1.581524e-03	-4.418076e-04
324           	1.561617e-02	6.772219e-03	8.843949e-03	-2.411070e-03	9.629357e-03	-1.204043e-02	1.083489e-02	-1.035865e-03	1.011555e-03	1.139599e-03	1.581355e-03	-4.417555e-04
325           	1.561589e-02	6.772192e-03	8.843702e-03	-2.411075e-03	9.629173e-03	-1.204025e-02	1.083471e-02	-1.035755e-03	1.011447e-03	1.139484e-03	1.581189e-03	-4.417044e-04
326           	1.561562e-02	6.772166e-03	8.843459e-03	-2.411079e-03	9.628993e-03	-1.204007e-02	1.083453e-02	-1.035647e-03	1.011340e-03	1.139372e-03	1.581026e-03	-4.416544e-04
327           	1.561536e-02	6.772140e-03	8.843221e-03	-2.411084e-03	9.628816e-03	-1.203990e-02	1.083436e-02	-1.035540e-03	1.011236e-03	1.139261e-03	1.580866e-03	-4.416052e-04
328           	1.561510e-02	6.772116e-03	8.842987e-03	-2.411089e-03	9.628644e-03	-1.203973e-02	1.083419e-02	-1.035436e-03	1.011133e-03	1.139153e-03	1.580710e-03	-4.415570e-04
329           	1.561485e-02	6.772092e-03	8.842758e-03	-2.411093e-03	9.628475e-03	-1.203957e-02	1.083402e-02	-1.035333e-03	1.011033e-03	1.139046e-03	1.580556e-03	-4.415097e-04
330           	1.561460e-02	6.772069e-03	8.842533e-03	-2.411098e-03	9.628310e-03	-1.203941e-02	1.083386e-02	-1.035232e-03	1.010934e-03	1.138941e-03	1.580405e-03	-4.414633e-04
331           	1.561436e-02	6.772046e-03	8.842313e-03	-2.411102e-03	9.628148e-03	-1.203925e-02	1.083370e-02	-1.035133e-03	1.010837e-03	1.138838e-03	1.580256e-03	-4.414179e-04
332           	1.561412e-02	6.772024e-03	8.842097e-03	-2.411107e-03	9.627991e-03	-1.203910e-02	1.083354e-02	-1.035036e-03	1.010742e-03	1.138738e-03	1.580111e-03	-4.413733e-04
333           	1.561389e-02	6.772003e-03	8.841886e-03	-2.411111e-03	9.627836e-03	-1.203895e-02	1.083339e-02	-1.034941e-03	1.010649e-03	1.138639e-03	1.579968e-03	-4.413296e-04
334           	1.561366e-02	6.771983e-03	8.841678e-03	-2.411116e-03	9.627685e-03	-1.203880e-02	1.083324e-02	-1.034848e-03	1.010558e-03	1.138542e-03	1.579828e-03	-4.412869e-04
335           	1.561344e-02	6.771963e-03	8.841475e-03	-2.411120e-03	9.627537e-03	-1.203866e-02	1.083310e-02	-1.034756e-03	1.010468e-03	1.138446e-03	1.579691e-03	-4.412450e-04
336           	1.561322e-02	6.771944e-03	8.841275e-03	-2.411124e-03	9.627393e-03	-1.203852e-02	1.083295e-02	-1.034666e-03	1.010381e-03	1.138353e-03	1.579557e-03	-4.412040e-04
337           	1.561301e-02	6.771925e-03	8.841080e-03	-2.411129e-03	9.627252e-03	-1.203838e-02	1.083282e-02	-1.034577e-03	1.010295e-03	1.138262e-03	1.579425e-03	-4.411639e-04
338           	1.561280e-02	6.771908e-03	8.840889e-03	-2.411133e-03	9.627114e-03	-1.203825e-02	1.083268e-02	-1.034491e-03	1.010210e-03	1.138172e-03	1.579296e-03	-4.411246e-04
339           	1.561259e-02	6.771890e-03	8.840702e-03	-2.411137e-03	9.626979e-03	-1.203812e-02	1.083255e-02	-1.034406e-03	1.010128e-03	1.138084e-03	1.579170e-03	-4.410861e-04
340           	1.561239e-02	6.771873e-03	8.840518e-03	-2.411141e-03	9.626847e-03	-1.203799e-02	1.083242e-02	-1.034322e-03	1.010047e-03	1.137998e-03	1.579046e-03	-4.410485e-04
341           	1.561220e-02	6.771857e-03	8.840338e-03	-2.411145e-03	9.626718e-03	-1.203786e-02	1.083229e-02	-1.034241e-03	1.009968e-03	1.137913e-03	1.578925e-03	-4.410117e-04
342           	1.561200e-02	6.771841e-03	8.840162e-03	-2.411150e-03	9.626593e-03	-1.203774e-02	1.083217e-02	-1.034161e-03	1.009891e-03	1.137831e-03	1.578806e-03	-4.409757e-04
343           	1.561182e-02	6.771826e-03	8.839990e-03	-2.411154e-03	9.626470e-03	-1.203762e-02	1.083205e-02	-1.034082e-03	1.009815e-03	1.137750e-03	1.578690e-03	-4.409405e-04
344           	1.561163e-02	6.771811e-03	8.839822e-03	-2.411158e-03	9.626350e-03	-1.203751e-02	1.083193e-02	-1.034005e-03	1.009741e-03	1.137671e-03	1.578577e-03	-4.409061e-04
345           	1.561145e-02	6.771796e-03	8.839657e-03	-2.411162e-03	9.626233e-03	-1.203739e-02	1.083181e-02	-1.033930e-03	1.009669e-03	1.137593e-03	1.578465e-03	-4.408724e-04
346           	1.561128e-02	6.771782e-03	8.839495e-03	-2.411165e-03	9.626119e-03	-1.203728e-02	1.083170e-02	-1.033856e-03	1.009598e-03	1.137517e-03	1.578356e-03	-4.408395e-04
347           	1.561111e-02	6.771769e-03	8.839337e-03	-2.411169e-03	9.626007e-03	-1.203718e-02	1.083159e-02	-1.033784e-03	1.009528e-03	1.137442e-03	1.578250e-03	-4.408073e-04
348           	1.561094e-02	6.771756e-03	8.839182e-03	-2.411173e-03	9.625899e-03	-1.203707e-02	1.083149e-02	-1.033713e-03	1.009460e-03	1.137369e-03	1.578145e-03	-4.407757e-04
349           	1.561077e-02	6.771743e-03	8.839031e-03	-2.411177e-03	9.625793e-03	-1.203697e-02	1.083138e-02	-1.033644e-03	1.009394e-03	1.137298e-03	1.578043e-03	-4.407449e-04
350           	1.561061e-02	6.771731e-03	8.838883e-03	-2.411181e-03	9.625689e-03	-1.203687e-02	1.083128e-02	-1.033576e-03	1.009329e-03	1.137228e-03	1.577943e-03	-4.407148e-04
351           	1.561046e-02	6.771719e-03	8.838738e-03	-2.411184e-03	9.625588e-03	-1.203677e-02	1.083118e-02	-1.033509e-03	1.009265e-03	1.137160e-03	1.577845e-03	-4.406854e-04
352           	1.561030e-02	6.771708e-03	8.838596e-03	-2.411188e-03	9.625489e-03	-1.203668e-02	1.083108e-02	-1.033444e-03	1.009203e-03	1.137093e-03	1.577749e-03	-4.406567e-04
353           	1.561015e-02	6.771697e-03	8.838458e-03	-2.411192e-03	9.625393e-03	-1.203659e-02	1.083099e-02	-1.033380e-03	1.009142e-03	1.137027e-03	1.577656e-03	-4.406287e-04
354           	1.561001e-02	6.771686e-03	8.838322e-03	-2.411195e-03	9.625300e-03	-1.203649e-02	1.083090e-02	-1.033318e-03	1.009083e-03	1.136963e-03	1.577565e-03	-4.406013e-04
355           	1.560987e-02	6.771675e-03	8.838190e-03	-2.411199e-03	9.625208e-03	-1.203641e-02	1.083081e-02	-1.033257e-03	1.009025e-03	1.136901e-03	1.577475e-03	-4.405746e-04
356           	1.560973e-02	6.771665e-03	8.838061e-03	-2.411202e-03	9.625119e-03	-1.203632e-02	1.083072e-02	-1.033198e-03	1.008968e-03	1.136840e-03	1.577388e-03	-4.405486e-04
357           	1.560959e-02	6.771656e-03	8.837935e-03	-2.411206e-03	9.625033e-03	-1.203624e-02	1.083064e-02	-1.033140e-03	1.008913e-03	1.136780e-03	1.577303e-03	-4.405232e-04
358           	1.560946e-02	6.771646e-03	8.837811e-03	-2.411209e-03	9.624948e-03	-1.203616e-02	1.083055e-02	-1.033083e-03	1.008859e-03	1.136721e-03	1.577220e-03	-4.404984e-04
359           	1.560933e-02	6.771637e-03	8.837691e-03	-2.411213e-03	9.624866e-03	-1.203608e-02	1.083047e-02	-1.033027e-03	1.008806e-03	1.136664e-03	1.577138e-03	-4.404742e-04
360           	1.560920e-02	6.771628e-03	8.837573e-03	-2.411216e-03	9.624786e-03	-1.203600e-02	1.083039e-02	-1.032972e-03	1.008755e-03	1.136608e-03	1.577059e-03	-4.404506e-04
361           	1.560908e-02	6.771619e-03	8.837458e-03	-2.411219e-03	9.624708e-03	-1.203593e-02	1.083032e-02	-1.032919e-03	1.008705e-03	1.136554e-03	1.576981e-03	-4.404277e-04
362           	1.560896e-02	6.771611e-03	8.837346e-03	-2.411222e-03	9.624632e-03	-1.203585e-02	1.083024e-02	-1.032867e-03	1.008656e-03	1.136500e-03	1.576906e-03	-4.404053e-04
363           	1.560884e-02	6.771603e-03	8.837236e-03	-2.411226e-03	9.624558e-03	-1.203578e-02	1.083017e-02	-1.032817e-03	1.008608e-03	1.136448e-03	1.576832e-03	-4.403836e-04
364           	1.560872e-02	6.771595e-03	8.837130e-03	-2.411229e-03	9.624486e-03	-1.203571e-02	1.083010e-02	-1.032767e-03	1.008561e-03	1.136398e-03	1.576760e-03	-4.403624e-04
365           	1.560861e-02	6.771587e-03	8.837026e-03	-2.411232e-03	9.624416e-03	-1.203565e-02	1.083003e-02	-1.032719e-03	1.008516e-03	1.136348e-03	1.576690e-03	-4.403418e-04
366           	1.560850e-02	6.771580e-03	8.836924e-03	-2.411235e-03	9.624348e-03	-1.203558e-02	1.082997e-02	-1.032672e-03	1.008472e-03	1.136300e-03	1.576622e-03	-4.403218e-04
367           	1.560840e-02	6.771573e-03	8.836825e-03	-2.411238e-03	9.624282e-03	-1.203552e-02	1.082990e-02	-1.032626e-03	1.008429e-03	1.136253e-03	1.576555e-03	-4.403024e-04
368           	1.560830e-02	6.771565e-03	8.836731e-03	-2.411241e-03	9.624219e-03	-1.203546e-02	1.082984e-02	-1.032583e-03	1.008389e-03	1.136210e-03	1.576494e-03	-4.402842e-04
369           	1.560819e-02	6.771558e-03	8.836636e-03	-2.411244e-03	9.624156e-03	-1.203540e-02	1.082978e-02	-1.032539e-03	1.008348e-03	1.136165e-03	1.576431e-03	-4.402659e-04
370           	1.560810e-02	6.771551e-03	8.836547e-03	-2.411247e-03	9.624096e-03	-1.203534e-02	1.082972e-02	-1.032498e-03	1.008310e-03	1.136123e-03	1.576372e-03	-4.402487e-04
371           	1.560800e-02	6.771543e-03	8.836457e-03	-2.411250e-03	9.624037e-03	-1.203529e-02	1.082966e-02	-1.032457e-03	1.008272e-03	1.136080e-03	1.576312e-03	-4.402317e-04
372           	1.560791e-02	6.771536e-03	8.836372e-03	-2.411253e-03	9.623980e-03	-1.203523e-02	1.082961e-02	-1.032418e-03	1.008236e-03	1.136041e-03	1.576256e-03	-4.402157e-04
373           	1.560782e-02	6.771529e-03	8.836286e-03	-2.411255e-03	9.623923e-03	-1.203518e-02	1.082955e-02	-1.032379e-03	1.008200e-03	1.135999e-03	1.576199e-03	-4.401999e-04
374           	1.560773e-02	6.771521e-03	8.836206e-03	-2.411258e-03	9.623870e-03	-1.203513e-02	1.082950e-02	-1.032342e-03	1.008166e-03	1.135962e-03	1.576147e-03	-4.401850e-04
375           	1.560764e-02	6.771514e-03	8.836127e-03	-2.411261e-03	9.623818e-03	-1.203508e-02	1.082945e-02	-1.032306e-03	1.008133e-03	1.135926e-03	1.576096e-03	-4.401704e-04
376           	1.560756e-02	6.771508e-03	8.836050e-03	-2.411264e-03	9.623767e-03	-1.203503e-02	1.082940e-02	-1.032271e-03	1.008101e-03	1.135890e-03	1.576046e-03	-4.401564e-04
377           	1.560748e-02	6.771501e-03	8.835976e-03	-2.411266e-03	9.623718e-03	-1.203498e-02	1.082935e-02	-1.032237e-03	1.008070e-03	1.135855e-03	1.575998e-03	-4.401427e-04
378           	1.560740e-02	6.771494e-03	8.835901e-03	-2.411268e-03	9.623669e-03	-1.203494e-02	1.082930e-02	-1.032204e-03	1.008039e-03	1.135819e-03	1.575948e-03	-4.401294e-04
379           	1.560732e-02	6.771488e-03	8.835831e-03	-2.411271e-03	9.623623e-03	-1.203489e-02	1.082926e-02	-1.032171e-03	1.008010e-03	1.135786e-03	1.575903e-03	-4.401166e-04
380           	1.560724e-02	6.771482e-03	8.835762e-03	-2.411274e-03	9.623579e-03	-1.203485e-02	1.082922e-02	-1.032140e-03	1.007981e-03	1.135754e-03	1.575858e-03	-4.401040e-04
381           	1.560717e-02	6.771476e-03	8.835695e-03	-2.411276e-03	9.623537e-03	-1.203481e-02	1.082917e-02	-1.032109e-03	1.007953e-03	1.135723e-03	1.575815e-03	-4.400919e-04
382           	1.560710e-02	6.771471e-03	8.835630e-03	-2.411279e-03	9.623495e-03	-1.203477e-02	1.082913e-02	-1.032079e-03	1.007926e-03	1.135692e-03	1.575772e-03	-4.400800e-04
383           	1.560703e-02	6.771466e-03	8.835567e-03	-2.411281e-03	9.623455e-03	-1.203474e-02	1.082910e-02	-1.032050e-03	1.007900e-03	1.135662e-03	1.575731e-03	-4.400686e-04
384           	1.560697e-02	6.771461e-03	8.835505e-03	-2.411284e-03	9.623417e-03	-1.203470e-02	1.082906e-02	-1.032022e-03	1.007874e-03	1.135633e-03	1.575691e-03	-4.400575e-04
385           	1.560690e-02	6.771456e-03	8.835446e-03	-2.411286e-03	9.623379e-03	-1.203467e-02	1.082902e-02	-1.031995e-03	1.007849e-03	1.135605e-03	1.575652e-03	-4.400469e-04
386           	1.560684e-02	6.771452e-03	8.835388e-03	-2.411288e-03	9.623343e-03	-1.203463e-02	1.082899e-02	-1.031968e-03	1.007826e-03	1.135578e-03	1.575614e-03	-4.400368e-04
387           	1.560678e-02	6.771447e-03	8.835332e-03	-2.411291e-03	9.623308e-03	-1.203460e-02	1.082895e-02	-1.031943e-03	1.007803e-03	1.135551e-03	1.575578e-03	-4.400270e-04
388           	1.560672e-02	6.771442e-03	8.835278e-03	-2.411293e-03	9.623274e-03	-1.203457e-02	1.082892e-02	-1.031918e-03	1.007780e-03	1.135525e-03	1.575543e-03	-4.400177e-04
389           	1.560666e-02	6.771438e-03	8.835225e-03	-2.411295e-03	9.623242e-03	-1.203454e-02	1.082889e-02	-1.031894e-03	1.007759e-03	1.135500e-03	1.575509e-03	-4.400088e-04
390           	1.560661e-02	6.771433e-03	8.835174e-03	-2.411297e-03	9.623211e-03	-1.203451e-02	1.082886e-02	-1.031871e-03	1.007738e-03	1.135476e-03	1.575476e-03	-4.400001e-04
391           	1.560655e-02	6.771429e-03	8.835125e-03	-2.411299e-03	9.623181e-03	-1.203448e-02	1.082883e-02	-1.031848e-03	1.007718e-03	1.135453e-03	1.575445e-03	-4.399919e-04
392           	1.560650e-02	6.771425e-03	8.835078e-03	-2.411301e-03	9.623152e-03	-1.203445e-02	1.082880e-02	-1.031826e-03	1.007699e-03	1.135430e-03	1.575414e-03	-4.399839e-04
393           	1.560645e-02	6.771421e-03	8.835031e-03	-2.411303e-03	9.623124e-03	-1.203443e-02	1.082878e-02	-1.031805e-03	1.007681e-03	1.135408e-03	1.575385e-03	-4.399763e-04
394           	1.560640e-02	6.771417e-03	8.834987e-03	-2.411305e-03	9.623098e-03	-1.203440e-02	1.082875e-02	-1.031785e-03	1.007663e-03	1.135387e-03	1.575356e-03	-4.399690e-04
395           	1.560636e-02	6.771414e-03	8.834944e-03	-2.411307e-03	9.623073e-03	-1.203438e-02	1.082873e-02	-1.031765e-03	1.007645e-03	1.135367e-03	1.575329e-03	-4.399620e-04
396           	1.560631e-02	6.771411e-03	8.834902e-03	-2.411309e-03	9.623048e-03	-1.203436e-02	1.082870e-02	-1.031746e-03	1.007629e-03	1.135347e-03	1.575302e-03	-4.399552e-04
397           	1.560627e-02	6.771407e-03	8.834862e-03	-2.411311e-03	9.623025e-03	-1.203434e-02	1.082868e-02	-1.031727e-03	1.007613e-03	1.135328e-03	1.575276e-03	-4.399488e-04
398           	1.560623e-02	6.771404e-03	8.834823e-03	-2.411313e-03	9.623003e-03	-1.203432e-02	1.082866e-02	-1.031709e-03	1.007597e-03	1.135309e-03	1.575252e-03	-4.399427e-04
399           	1.560619e-02	6.771402e-03	8.834786e-03	-2.411315e-03	9.622982e-03	-1.203430e-02	1.082864e-02	-1.031692e-03	1.007582e-03	1.135291e-03	1.575228e-03	-4.399368e-04
400           	1.560615e-02	6.771402e-03	8.834745e-03	-2.411316e-03	9.622961e-03	-1.203428e-02	1.082862e-02	-1.031671e-03	1.007565e-03	1.135270e-03	1.575200e-03	-4.399297e-04
401           	1.560611e-02	6.771402e-03	8.834707e-03	-2.411318e-03	9.622941e-03	-1.203426e-02	1.082860e-02	-1.031653e-03	1.007549e-03	1.135251e-03	1.575174e-03	-4.399235e-04
402           	1.560607e-02	6.771400e-03	8.834673e-03	-2.411320e-03	9.622923e-03	-1.203424e-02	1.082858e-02	-1.031636e-03	1.007535e-03	1.135234e-03	1.575152e-03	-4.399181e-04
403           	1.560604e-02	6.771398e-03	8.834641e-03	-2.411322e-03	9.622905e-03	-1.203423e-02	1.082857e-02	-1.031622e-03	1.007523e-03	1.135219e-03	1.575132e-03	-4.399136e-04
404           	1.560601e-02	6.771394e-03	8.834611e-03	-2.411323e-03	9.622889e-03	-1.203421e-02	1.082855e-02	-1.031608e-03	1.007512e-03	1.135205e-03	1.575115e-03	-4.399096e-04
405           	1.560597e-02	6.771391e-03	8.834583e-03	-2.411325e-03	9.622874e-03	-1.203420e-02	1.082854e-02	-1.031596e-03	1.007503e-03	1.135193e-03	1.575099e-03	-4.399062e-04
406           	1.560594e-02	6.771390e-03	8.834553e-03	-2.411327e-03	9.622859e-03	-1.203419e-02	1.082852e-02	-1.031581e-03	1.007490e-03	1.135177e-03	1.575079e-03	-4.399016e-04
407           	1.560591e-02	6.771393e-03	8.834520e-03	-2.411328e-03	9.622844e-03	-1.203417e-02	1.082851e-02	-1.031564e-03	1.007476e-03	1.135160e-03	1.575056e-03	-4.398962e-04
408           	1.560588e-02	6.771393e-03	8.834491e-03	-2.411329e-03	9.622831e-03	-1.203416e-02	1.082850e-02	-1.031549e-03	1.007464e-03	1.135145e-03	1.575037e-03	-4.398919e-04
409           	1.560586e-02	6.771391e-03	8.834466e-03	-2.411331e-03	9.622819e-03	-1.203415e-02	1.082848e-02	-1.031537e-03	1.007455e-03	1.135133e-03	1.575021e-03	-4.398887e-04
410           	1.560583e-02	6.771389e-03	8.834444e-03	-2.411333e-03	9.622808e-03	-1.203414e-02	1.082847e-02	-1.031528e-03	1.007447e-03	1.135122e-03	1.575009e-03	-4.398863e-04
