# Force and moment coefficients
# dragDir     : (1.000000e+00 0.000000e+00 0.000000e+00)
# sideDir     : (0.000000e+00 1.000000e+00 0.000000e+00)
# liftDir     : (0.000000e+00 0.000000e+00 1.000000e+00)
# rollAxis    : (1.000000e+00 0.000000e+00 0.000000e+00)
# pitchAxis   : (0.000000e+00 1.000000e+00 0.000000e+00)
# yawAxis     : (0.000000e+00 0.000000e+00 1.000000e+00)
# magUInf     : 6.661800e+00
# lRef        : 1.499270e-01
# Aref        : 5.000000e-02
# CofR        : (3.750000e-02 0.000000e+00 0.000000e+00)
#
# Time        	Cd            	Cd(f)         	Cd(r)         	Cl            	Cl(f)         	Cl(r)         	CmPitch       	CmRoll        	CmYaw         	Cs            	Cs(f)         	Cs(r)         
1             	7.473392e-02	3.687460e-02	3.785932e-02	-4.575568e-03	1.171732e-02	-1.629289e-02	1.400511e-02	-4.923601e-04	5.086123e-04	1.406745e-03	1.211985e-03	1.947600e-04
2             	5.857381e-02	2.888844e-02	2.968537e-02	-7.236783e-03	6.756488e-03	-1.399327e-02	1.037488e-02	-3.984668e-04	4.214778e-04	1.144712e-03	9.938337e-04	1.508781e-04
3             	4.675145e-02	2.311933e-02	2.363212e-02	-8.099484e-03	4.035661e-03	-1.213515e-02	8.085403e-03	-2.563929e-04	2.737307e-04	7.457496e-04	6.466055e-04	9.914416e-05
4             	3.689605e-02	1.834222e-02	1.855384e-02	-7.452891e-03	2.714297e-03	-1.016719e-02	6.440742e-03	-1.058094e-04	1.120243e-04	3.229685e-04	2.735085e-04	4.945999e-05
5             	2.830247e-02	1.417668e-02	1.412578e-02	-5.776565e-03	2.242815e-03	-8.019380e-03	5.131098e-03	2.545168e-05	-3.020145e-05	-4.563519e-05	-5.301904e-05	7.383858e-06
6             	2.101934e-02	1.062745e-02	1.039188e-02	-3.609096e-03	2.239690e-03	-5.848785e-03	4.044237e-03	1.177848e-04	-1.290128e-04	-3.046161e-04	-2.813209e-04	-2.329523e-05
7             	1.528601e-02	7.806632e-03	7.479375e-03	-1.440559e-03	2.435693e-03	-3.876251e-03	3.155972e-03	1.636287e-04	-1.746620e-04	-4.327155e-04	-3.910198e-04	-4.169574e-05
8             	1.125049e-02	5.790968e-03	5.459522e-03	3.633247e-04	2.650877e-03	-2.287553e-03	2.469215e-03	1.657228e-04	-1.698074e-04	-4.377367e-04	-3.886757e-04	-4.906093e-05
9             	8.855746e-03	4.561224e-03	4.294522e-03	1.590707e-03	2.778874e-03	-1.188167e-03	1.983521e-03	1.333512e-04	-1.253206e-04	-3.460651e-04	-2.983531e-04	-4.771195e-05
10            	7.851233e-03	4.005587e-03	3.845646e-03	2.181688e-03	2.774057e-03	-5.923695e-04	1.683213e-03	7.997022e-05	-5.746317e-05	-1.956166e-04	-1.552714e-04	-4.034511e-05
11            	7.857180e-03	3.948362e-03	3.908818e-03	2.197620e-03	2.635884e-03	-4.382638e-04	1.537074e-03	1.977213e-05	1.654888e-05	-2.604184e-05	3.527956e-06	-2.956980e-05
12            	8.450358e-03	4.191079e-03	4.259279e-03	1.778538e-03	2.392945e-03	-6.144075e-04	1.503676e-03	-3.410004e-05	8.081868e-05	1.259374e-04	1.437874e-04	-1.785000e-05
13            	9.248857e-03	4.550088e-03	4.698769e-03	1.103094e-03	2.089979e-03	-9.868849e-04	1.538432e-03	-7.434036e-05	1.265035e-04	2.400958e-04	2.465514e-04	-6.455598e-06
14            	9.959099e-03	4.881956e-03	5.077144e-03	3.457478e-04	1.773687e-03	-1.427939e-03	1.600813e-03	-9.759390e-05	1.498799e-04	3.072265e-04	3.034931e-04	3.733364e-06
15            	1.040141e-02	5.096678e-03	5.304732e-03	-3.507735e-04	1.483710e-03	-1.834483e-03	1.659096e-03	-1.040269e-04	1.518502e-04	3.277196e-04	3.157100e-04	1.200961e-05
16            	1.050890e-02	5.157863e-03	5.351035e-03	-8.907381e-04	1.247326e-03	-2.138065e-03	1.692695e-03	-9.658605e-05	1.367911e-04	3.094721e-04	2.915272e-04	1.794490e-05
17            	1.030468e-02	5.072645e-03	5.232032e-03	-1.228647e-03	1.077801e-03	-2.306448e-03	1.692124e-03	-7.969364e-05	1.109167e-04	2.643619e-04	2.430976e-04	2.126430e-05
18            	9.871076e-03	4.876842e-03	4.994234e-03	-1.362744e-03	9.758007e-04	-2.338545e-03	1.657173e-03	-5.869594e-05	8.136022e-05	2.067618e-04	1.847411e-04	2.202069e-05
19            	9.314220e-03	4.618868e-03	4.695351e-03	-1.324524e-03	9.319776e-04	-2.256501e-03	1.594239e-03	-3.824136e-05	5.412069e-05	1.491970e-04	1.287192e-04	2.047783e-05
20            	8.734782e-03	4.346044e-03	4.388738e-03	-1.165469e-03	9.306226e-04	-2.096092e-03	1.513357e-03	-2.134700e-05	3.291946e-05	9.987531e-05	8.285711e-05	1.701820e-05
21            	8.210492e-03	4.095478e-03	4.115014e-03	-9.429348e-04	9.539270e-04	-1.896862e-03	1.425394e-03	-9.767959e-06	1.962152e-05	6.377647e-05	5.150975e-05	1.226671e-05
22            	7.787551e-03	3.889796e-03	3.897755e-03	-7.094024e-04	9.852766e-04	-1.694679e-03	1.339978e-03	-3.979492e-06	1.430271e-05	4.265420e-05	3.562981e-05	7.024395e-06
23            	7.480748e-03	3.736989e-03	3.743759e-03	-5.054660e-04	1.011496e-03	-1.516962e-03	1.264229e-03	-3.384799e-06	1.562092e-05	3.548817e-05	3.336501e-05	2.123161e-06
24            	7.279650e-03	3.633154e-03	3.646496e-03	-3.564989e-04	1.024012e-03	-1.380511e-03	1.202261e-03	-6.671024e-06	2.139271e-05	3.933941e-05	4.106241e-05	-1.723006e-06
25            	7.158148e-03	3.566862e-03	3.591286e-03	-2.727244e-04	1.018959e-03	-1.291684e-03	1.155321e-03	-1.221191e-05	2.919184e-05	5.035293e-05	5.436831e-05	-4.015377e-06
26            	7.085042e-03	3.524071e-03	3.560971e-03	-2.510987e-04	9.967463e-04	-1.247845e-03	1.122296e-03	-1.845041e-05	3.687813e-05	6.469901e-05	6.922764e-05	-4.528626e-06
27            	7.031922e-03	3.491846e-03	3.540077e-03	-2.791887e-04	9.608899e-04	-1.240079e-03	1.100484e-03	-2.411542e-05	4.284317e-05	7.901002e-05	8.234818e-05	-3.338165e-06
28            	6.977739e-03	3.460509e-03	3.517230e-03	-3.397264e-04	9.165798e-04	-1.256306e-03	1.086443e-03	-2.836014e-05	4.619730e-05	9.082470e-05	9.160965e-05	-7.849436e-07
29            	6.910752e-03	3.424595e-03	3.486157e-03	-4.145947e-04	8.693956e-04	-1.283990e-03	1.076693e-03	-3.078069e-05	4.673106e-05	9.865928e-05	9.606070e-05	2.598584e-06
30            	6.827954e-03	3.382605e-03	3.445348e-03	-4.879327e-04	8.242813e-04	-1.312214e-03	1.068248e-03	-3.137142e-05	4.478993e-05	1.019936e-04	9.578675e-05	6.206887e-06
31            	6.732663e-03	3.335906e-03	3.396756e-03	-5.481407e-04	7.848544e-04	-1.332995e-03	1.058925e-03	-3.042517e-05	4.109067e-05	1.011033e-04	9.164231e-05	9.460980e-06
32            	6.631380e-03	3.287305e-03	3.344075e-03	-5.888098e-04	7.530666e-04	-1.341876e-03	1.047472e-03	-2.838454e-05	3.643956e-05	9.670888e-05	8.479400e-05	1.191488e-05
33            	6.531089e-03	3.239791e-03	3.291298e-03	-6.084347e-04	7.292763e-04	-1.337711e-03	1.033494e-03	-2.575339e-05	3.161335e-05	8.986239e-05	7.654454e-05	1.331785e-05
34            	6.437260e-03	3.195625e-03	3.241635e-03	-6.094340e-04	7.125548e-04	-1.321989e-03	1.017272e-03	-2.300502e-05	2.723379e-05	8.172562e-05	6.809660e-05	1.362902e-05
35            	6.352827e-03	3.155892e-03	3.196934e-03	-5.967768e-04	7.011341e-04	-1.297911e-03	9.995225e-04	-2.052106e-05	2.370582e-05	7.340922e-05	6.041043e-05	1.299880e-05
36            	6.278099e-03	3.120497e-03	3.157602e-03	-5.765159e-04	6.928958e-04	-1.269412e-03	9.811537e-04	-1.855228e-05	2.119862e-05	6.581939e-05	5.410832e-05	1.171107e-05
37            	6.211359e-03	3.088470e-03	3.122889e-03	-5.545005e-04	6.858035e-04	-1.240304e-03	9.630538e-04	-1.720935e-05	1.966477e-05	5.956817e-05	4.944885e-05	1.011931e-05
38            	6.149830e-03	3.058432e-03	3.091398e-03	-5.354209e-04	6.782262e-04	-1.213647e-03	9.459366e-04	-1.648338e-05	1.891365e-05	5.496766e-05	4.639747e-05	8.570183e-06
39            	6.090689e-03	3.029065e-03	3.061623e-03	-5.222506e-04	6.691278e-04	-1.191378e-03	9.302531e-04	-1.627903e-05	1.868889e-05	5.206715e-05	4.472246e-05	7.344682e-06
40            	6.031826e-03	2.999466e-03	3.032360e-03	-5.161452e-04	6.581011e-04	-1.174246e-03	9.161736e-04	-1.644675e-05	1.872380e-05	5.067679e-05	4.406220e-05	6.614590e-06
41            	5.972218e-03	2.969292e-03	3.002926e-03	-5.166669e-04	6.452875e-04	-1.161954e-03	9.036210e-04	-1.681735e-05	1.878751e-05	5.044268e-05	4.400885e-05	6.433831e-06
42            	5.911974e-03	2.938753e-03	2.973221e-03	-5.222425e-04	6.312231e-04	-1.153466e-03	8.923444e-04	-1.723388e-05	1.871826e-05	5.093472e-05	4.418562e-05	6.749096e-06
43            	5.852062e-03	2.908460e-03	2.943603e-03	-5.307116e-04	6.166474e-04	-1.147359e-03	8.820032e-04	-1.757147e-05	1.843182e-05	5.171527e-05	4.428946e-05	7.425814e-06
44            	5.793880e-03	2.879188e-03	2.914692e-03	-5.398606e-04	6.023191e-04	-1.142180e-03	8.722494e-04	-1.775199e-05	1.791943e-05	5.241533e-05	4.412709e-05	8.288237e-06
45            	5.738788e-03	2.851649e-03	2.887139e-03	-5.478522e-04	5.888672e-04	-1.136719e-03	8.627933e-04	-1.774506e-05	1.722709e-05	5.276935e-05	4.361176e-05	9.157589e-06
46            	5.687755e-03	2.826314e-03	2.861441e-03	-5.534777e-04	5.767029e-04	-1.130181e-03	8.534417e-04	-1.756312e-05	1.643225e-05	5.264027e-05	4.275238e-05	9.887891e-06
47            	5.641155e-03	2.803328e-03	2.837827e-03	-5.562540e-04	5.659842e-04	-1.122238e-03	8.441112e-04	-1.724942e-05	1.562006e-05	5.200884e-05	4.162447e-05	1.038436e-05
48            	5.598737e-03	2.782503e-03	2.816234e-03	-5.563492e-04	5.566406e-04	-1.112990e-03	8.348152e-04	-1.686511e-05	1.486592e-05	5.096099e-05	4.034641e-05	1.061458e-05
49            	5.559759e-03	2.763405e-03	2.796354e-03	-5.544172e-04	5.484281e-04	-1.102845e-03	8.256368e-04	-1.647441e-05	1.422103e-05	4.964725e-05	3.904465e-05	1.060260e-05
50            	5.523177e-03	2.745456e-03	2.777721e-03	-5.513730e-04	5.410054e-04	-1.092378e-03	8.166919e-04	-1.613218e-05	1.370619e-05	4.824208e-05	3.782723e-05	1.041485e-05
51            	5.487909e-03	2.728080e-03	2.759829e-03	-5.481617e-04	5.340131e-04	-1.082175e-03	8.080939e-04	-1.587434e-05	1.331093e-05	4.690230e-05	3.676208e-05	1.014022e-05
52            	5.453058e-03	2.710815e-03	2.742243e-03	-5.455710e-04	5.271403e-04	-1.072711e-03	7.999258e-04	-1.571424e-05	1.300115e-05	4.574159e-05	3.587194e-05	9.869644e-06
53            	5.418054e-03	2.693384e-03	2.724670e-03	-5.441088e-04	5.201689e-04	-1.064278e-03	7.922233e-04	-1.564334e-05	1.272935e-05	4.481595e-05	3.513732e-05	9.678626e-06
54            	5.382701e-03	2.675715e-03	2.706986e-03	-5.439649e-04	5.129894e-04	-1.056954e-03	7.849718e-04	-1.563556e-05	1.244461e-05	4.411861e-05	3.450392e-05	9.614688e-06
55            	5.347153e-03	2.657921e-03	2.689232e-03	-5.450290e-04	5.055985e-04	-1.050627e-03	7.781129e-04	-1.565543e-05	1.210492e-05	4.359701e-05	3.390343e-05	9.693582e-06
56            	5.311808e-03	2.640239e-03	2.671570e-03	-5.469689e-04	4.980760e-04	-1.045045e-03	7.715604e-04	-1.566562e-05	1.168291e-05	4.316680e-05	3.326631e-05	9.900485e-06
57            	5.277182e-03	2.622956e-03	2.654226e-03	-5.493327e-04	4.905521e-04	-1.039885e-03	7.652184e-04	-1.563468e-05	1.117055e-05	4.273658e-05	3.253884e-05	1.019774e-05
58            	5.243773e-03	2.606342e-03	2.637432e-03	-5.516546e-04	4.831726e-04	-1.034827e-03	7.589999e-04	-1.554486e-05	1.058285e-05	4.223905e-05	3.170238e-05	1.053667e-05
59            	5.211957e-03	2.590585e-03	2.621372e-03	-5.535476e-04	4.760678e-04	-1.029615e-03	7.528416e-04	-1.539341e-05	9.950752e-06	4.163725e-05	3.076937e-05	1.086787e-05
60            	5.181922e-03	2.575769e-03	2.606153e-03	-5.547592e-04	4.693312e-04	-1.024090e-03	7.467108e-04	-1.519220e-05	9.316185e-06	4.093163e-05	2.978200e-05	1.114963e-05
61            	5.153664e-03	2.561868e-03	2.591796e-03	-5.551955e-04	4.630091e-04	-1.018205e-03	7.406068e-04	-1.496408e-05	8.723221e-06	4.015585e-05	2.880115e-05	1.135471e-05
62            	5.127004e-03	2.548762e-03	2.578242e-03	-5.549114e-04	4.570997e-04	-1.012011e-03	7.345554e-04	-1.473963e-05	8.214499e-06	3.937630e-05	2.790265e-05	1.147365e-05
63            	5.101646e-03	2.536271e-03	2.565375e-03	-5.540784e-04	4.515612e-04	-1.005640e-03	7.286005e-04	-1.455228e-05	7.826267e-06	3.868010e-05	2.716632e-05	1.151378e-05
64            	5.077256e-03	2.524200e-03	2.553056e-03	-5.529343e-04	4.463250e-04	-9.992593e-04	7.227922e-04	-1.442831e-05	7.574122e-06	3.813995e-05	2.664410e-05	1.149585e-05
65            	5.053513e-03	2.512371e-03	2.541142e-03	-5.517298e-04	4.413114e-04	-9.930412e-04	7.171763e-04	-1.438562e-05	7.458963e-06	3.781320e-05	2.636556e-05	1.144764e-05
66            	5.030170e-03	2.500655e-03	2.529515e-03	-5.506842e-04	4.364433e-04	-9.871275e-04	7.117854e-04	-1.442999e-05	7.464994e-06	3.772629e-05	2.632814e-05	1.139815e-05
67            	5.007080e-03	2.488987e-03	2.518094e-03	-5.499500e-04	4.316590e-04	-9.816090e-04	7.066340e-04	-1.455351e-05	7.560638e-06	3.786697e-05	2.649412e-05	1.137285e-05
68            	4.984198e-03	2.477361e-03	2.506837e-03	-5.496008e-04	4.269170e-04	-9.765178e-04	7.017174e-04	-1.473831e-05	7.707173e-06	3.819433e-05	2.680434e-05	1.138999e-05
69            	4.961566e-03	2.465824e-03	2.495743e-03	-5.496336e-04	4.221971e-04	-9.718308e-04	6.970139e-04	-1.495955e-05	7.863809e-06	3.864287e-05	2.718524e-05	1.145762e-05
70            	4.939285e-03	2.454453e-03	2.484832e-03	-5.499814e-04	4.174996e-04	-9.674810e-04	6.924903e-04	-1.518951e-05	7.993298e-06	3.913546e-05	2.756103e-05	1.157443e-05
71            	4.917476e-03	2.443336e-03	2.474140e-03	-5.505359e-04	4.128398e-04	-9.633757e-04	6.881077e-04	-1.540218e-05	8.066853e-06	3.959609e-05	2.786490e-05	1.173119e-05
72            	4.896253e-03	2.432549e-03	2.463704e-03	-5.511732e-04	4.082417e-04	-9.594149e-04	6.838283e-04	-1.557732e-05	8.067951e-06	3.996286e-05	2.804938e-05	1.191348e-05
73            	4.875698e-03	2.422146e-03	2.453552e-03	-5.517776e-04	4.037318e-04	-9.555094e-04	6.796206e-04	-1.570301e-05	7.993738e-06	4.019650e-05	2.809199e-05	1.210451e-05
74            	4.855848e-03	2.412147e-03	2.443701e-03	-5.522594e-04	3.993333e-04	-9.515927e-04	6.754630e-04	-1.577673e-05	7.854469e-06	4.028516e-05	2.799705e-05	1.228811e-05
75            	4.836696e-03	2.402543e-03	2.434153e-03	-5.525643e-04	3.950633e-04	-9.476276e-04	6.713455e-04	-1.580505e-05	7.670334e-06	4.024436e-05	2.779251e-05	1.245184e-05
76            	4.818195e-03	2.393296e-03	2.424899e-03	-5.526761e-04	3.909304e-04	-9.436065e-04	6.672684e-04	-1.580142e-05	7.468236e-06	4.011157e-05	2.752402e-05	1.258755e-05
77            	4.800270e-03	2.384351e-03	2.415920e-03	-5.526119e-04	3.869348e-04	-9.395467e-04	6.632408e-04	-1.578464e-05	7.280244e-06	3.994467e-05	2.725258e-05	1.269209e-05
78            	4.782847e-03	2.375651e-03	2.407196e-03	-5.524137e-04	3.830702e-04	-9.354839e-04	6.592770e-04	-1.577273e-05	7.130182e-06	3.979485e-05	2.702761e-05	1.276724e-05
79            	4.765852e-03	2.367143e-03	2.398709e-03	-5.521356e-04	3.793253e-04	-9.314609e-04	6.553931e-04	-1.578322e-05	7.039845e-06	3.971676e-05	2.689822e-05	1.281853e-05
80            	4.749229e-03	2.358785e-03	2.390444e-03	-5.518333e-04	3.756867e-04	-9.275200e-04	6.516034e-04	-1.582961e-05	7.022956e-06	3.975358e-05	2.689975e-05	1.285383e-05
81            	4.732943e-03	2.350552e-03	2.382391e-03	-5.515546e-04	3.721411e-04	-9.236958e-04	6.479185e-04	-1.591938e-05	7.082749e-06	3.992911e-05	2.704730e-05	1.288181e-05
82            	4.716978e-03	2.342435e-03	2.374543e-03	-5.513327e-04	3.686767e-04	-9.200094e-04	6.443431e-04	-1.605428e-05	7.215978e-06	4.025224e-05	2.734210e-05	1.291014e-05
83            	4.701339e-03	2.334439e-03	2.366899e-03	-5.511843e-04	3.652846e-04	-9.164689e-04	6.408768e-04	-1.622997e-05	7.410437e-06	4.071071e-05	2.776579e-05	1.294492e-05
84            	4.686039e-03	2.326581e-03	2.359457e-03	-5.511106e-04	3.619588e-04	-9.130694e-04	6.375141e-04	-1.643784e-05	7.649016e-06	4.127814e-05	2.828808e-05	1.299005e-05
85            	4.671095e-03	2.318881e-03	2.352214e-03	-5.511001e-04	3.586961e-04	-9.097962e-04	6.342461e-04	-1.666658e-05	7.912330e-06	4.191880e-05	2.887173e-05	1.304707e-05
86            	4.656519e-03	2.311356e-03	2.345163e-03	-5.511331e-04	3.554952e-04	-9.066283e-04	6.310617e-04	-1.690381e-05	8.182307e-06	4.259428e-05	2.947945e-05	1.311483e-05
87            	4.642322e-03	2.304022e-03	2.338300e-03	-5.511866e-04	3.523570e-04	-9.035436e-04	6.279503e-04	-1.713887e-05	8.441882e-06	4.326718e-05	3.007547e-05	1.319171e-05
88            	4.628498e-03	2.296886e-03	2.331612e-03	-5.512389e-04	3.492826e-04	-9.005215e-04	6.249020e-04	-1.736301e-05	8.679707e-06	4.390805e-05	3.063373e-05	1.327432e-05
89            	4.615033e-03	2.289946e-03	2.325087e-03	-5.512729e-04	3.462729e-04	-8.975458e-04	6.219094e-04	-1.757050e-05	8.889660e-06	4.449729e-05	3.113830e-05	1.335898e-05
90            	4.601907e-03	2.283195e-03	2.318713e-03	-5.512778e-04	3.433285e-04	-8.946063e-04	6.189674e-04	-1.775895e-05	9.070829e-06	4.502612e-05	3.158389e-05	1.344223e-05
91            	4.589094e-03	2.276618e-03	2.312476e-03	-5.512494e-04	3.404492e-04	-8.916986e-04	6.160739e-04	-1.792897e-05	9.226704e-06	4.549586e-05	3.197463e-05	1.352123e-05
92            	4.576569e-03	2.270201e-03	2.306368e-03	-5.511896e-04	3.376339e-04	-8.888236e-04	6.132288e-04	-1.808374e-05	9.364194e-06	4.591640e-05	3.232239e-05	1.359400e-05
93            	4.564311e-03	2.263927e-03	2.300383e-03	-5.511044e-04	3.348813e-04	-8.859857e-04	6.104335e-04	-1.822806e-05	9.491924e-06	4.630311e-05	3.264348e-05	1.365963e-05
94            	4.552303e-03	2.257784e-03	2.294519e-03	-5.510020e-04	3.321893e-04	-8.831913e-04	6.076903e-04	-1.836741e-05	9.618891e-06	4.667398e-05	3.295588e-05	1.371810e-05
95            	4.540537e-03	2.251762e-03	2.288775e-03	-5.508908e-04	3.295561e-04	-8.804469e-04	6.050015e-04	-1.850689e-05	9.752940e-06	4.704590e-05	3.327589e-05	1.377001e-05
96            	4.529007e-03	2.245853e-03	2.283154e-03	-5.507784e-04	3.269795e-04	-8.777578e-04	6.023687e-04	-1.865021e-05	9.900113e-06	4.743238e-05	3.361630e-05	1.381608e-05
97            	4.517715e-03	2.240057e-03	2.277658e-03	-5.506690e-04	3.244581e-04	-8.751272e-04	5.997926e-04	-1.880047e-05	1.006324e-05	4.784232e-05	3.398440e-05	1.385792e-05
98            	4.506665e-03	2.234374e-03	2.272292e-03	-5.505651e-04	3.219906e-04	-8.725558e-04	5.972732e-04	-1.895896e-05	1.024318e-05	4.828007e-05	3.438321e-05	1.389686e-05
99            	4.495862e-03	2.228805e-03	2.267056e-03	-5.504668e-04	3.195757e-04	-8.700425e-04	5.948091e-04	-1.912551e-05	1.043864e-05	4.874530e-05	3.481130e-05	1.393401e-05
100           	4.485306e-03	2.223354e-03	2.261952e-03	-5.503722e-04	3.172123e-04	-8.675845e-04	5.923984e-04	-1.929889e-05	1.064687e-05	4.923415e-05	3.526394e-05	1.397021e-05
101           	4.474998e-03	2.218022e-03	2.256976e-03	-5.502786e-04	3.148994e-04	-8.651780e-04	5.900387e-04	-1.947716e-05	1.086424e-05	4.974030e-05	3.573439e-05	1.400591e-05
102           	4.464934e-03	2.212809e-03	2.252125e-03	-5.501830e-04	3.126360e-04	-8.628190e-04	5.877275e-04	-1.965806e-05	1.108683e-05	5.025626e-05	3.621497e-05	1.404130e-05
103           	4.455106e-03	2.207713e-03	2.247392e-03	-5.500825e-04	3.104211e-04	-8.605037e-04	5.854624e-04	-1.983944e-05	1.131097e-05	5.077455e-05	3.669824e-05	1.407631e-05
104           	4.445505e-03	2.202733e-03	2.242772e-03	-5.499754e-04	3.082537e-04	-8.582291e-04	5.832414e-04	-2.001959e-05	1.153381e-05	5.128921e-05	3.717842e-05	1.411079e-05
105           	4.436120e-03	2.197863e-03	2.238257e-03	-5.498606e-04	3.061327e-04	-8.559933e-04	5.810630e-04	-2.019733e-05	1.175345e-05	5.179588e-05	3.765139e-05	1.414449e-05
106           	4.426940e-03	2.193098e-03	2.233842e-03	-5.497383e-04	3.040567e-04	-8.537950e-04	5.789259e-04	-2.037195e-05	1.196890e-05	5.229187e-05	3.811483e-05	1.417704e-05
107           	4.417955e-03	2.188434e-03	2.229521e-03	-5.496092e-04	3.020247e-04	-8.516339e-04	5.768293e-04	-2.054326e-05	1.217996e-05	5.277610e-05	3.856801e-05	1.420809e-05
108           	4.409155e-03	2.183866e-03	2.225289e-03	-5.494748e-04	3.000356e-04	-8.495103e-04	5.747730e-04	-2.071127e-05	1.238688e-05	5.324836e-05	3.901106e-05	1.423730e-05
109           	4.400533e-03	2.179390e-03	2.221143e-03	-5.493366e-04	2.980881e-04	-8.474247e-04	5.727564e-04	-2.087645e-05	1.259059e-05	5.371015e-05	3.944566e-05	1.426449e-05
110           	4.392086e-03	2.175004e-03	2.217082e-03	-5.491963e-04	2.961813e-04	-8.453775e-04	5.707794e-04	-2.103936e-05	1.279220e-05	5.416355e-05	3.987397e-05	1.428958e-05
111           	4.383808e-03	2.170704e-03	2.213105e-03	-5.490549e-04	2.943142e-04	-8.433691e-04	5.688416e-04	-2.120055e-05	1.299283e-05	5.461082e-05	4.029824e-05	1.431258e-05
112           	4.375697e-03	2.166489e-03	2.209208e-03	-5.489136e-04	2.924857e-04	-8.413993e-04	5.669425e-04	-2.135930e-05	1.319269e-05	5.505124e-05	4.071831e-05	1.433293e-05
113           	4.367754e-03	2.162360e-03	2.205394e-03	-5.487724e-04	2.906954e-04	-8.394678e-04	5.650816e-04	-2.151708e-05	1.339280e-05	5.548856e-05	4.113708e-05	1.435147e-05
114           	4.359977e-03	2.158315e-03	2.201663e-03	-5.486312e-04	2.889426e-04	-8.375739e-04	5.632583e-04	-2.167385e-05	1.359317e-05	5.592298e-05	4.155465e-05	1.436832e-05
115           	4.352366e-03	2.154354e-03	2.198012e-03	-5.484898e-04	2.872266e-04	-8.357165e-04	5.614716e-04	-2.182930e-05	1.379347e-05	5.635400e-05	4.197047e-05	1.438353e-05
116           	4.344917e-03	2.150476e-03	2.194442e-03	-5.483479e-04	2.855468e-04	-8.338946e-04	5.597207e-04	-2.198296e-05	1.399314e-05	5.678052e-05	4.238340e-05	1.439712e-05
117           	4.337629e-03	2.146680e-03	2.190949e-03	-5.482048e-04	2.839024e-04	-8.321072e-04	5.580048e-04	-2.213438e-05	1.419166e-05	5.720148e-05	4.279240e-05	1.440908e-05
118           	4.330497e-03	2.142966e-03	2.187532e-03	-5.480603e-04	2.822928e-04	-8.303531e-04	5.563230e-04	-2.228305e-05	1.438840e-05	5.761553e-05	4.319616e-05	1.441937e-05
119           	4.323519e-03	2.139331e-03	2.184188e-03	-5.479142e-04	2.807174e-04	-8.286316e-04	5.546745e-04	-2.242856e-05	1.458273e-05	5.802140e-05	4.359343e-05	1.442797e-05
120           	4.316688e-03	2.135774e-03	2.180915e-03	-5.477662e-04	2.791755e-04	-8.269417e-04	5.530586e-04	-2.257051e-05	1.477413e-05	5.841788e-05	4.398307e-05	1.443481e-05
121           	4.310002e-03	2.132292e-03	2.177710e-03	-5.476166e-04	2.776664e-04	-8.252830e-04	5.514747e-04	-2.270872e-05	1.496227e-05	5.880429e-05	4.436442e-05	1.443987e-05
122           	4.303456e-03	2.128885e-03	2.174571e-03	-5.474656e-04	2.761895e-04	-8.236551e-04	5.499223e-04	-2.284317e-05	1.514708e-05	5.918052e-05	4.473734e-05	1.444318e-05
123           	4.297045e-03	2.125549e-03	2.171497e-03	-5.473136e-04	2.747441e-04	-8.220577e-04	5.484009e-04	-2.297390e-05	1.532845e-05	5.954651e-05	4.510171e-05	1.444481e-05
124           	4.290768e-03	2.122283e-03	2.168485e-03	-5.471610e-04	2.733294e-04	-8.204904e-04	5.469099e-04	-2.310100e-05	1.550638e-05	5.990246e-05	4.545762e-05	1.444485e-05
125           	4.284619e-03	2.119085e-03	2.165534e-03	-5.470081e-04	2.719449e-04	-8.189530e-04	5.454490e-04	-2.322458e-05	1.568086e-05	6.024860e-05	4.580516e-05	1.444345e-05
126           	4.278597e-03	2.115954e-03	2.162644e-03	-5.468555e-04	2.705898e-04	-8.174453e-04	5.440176e-04	-2.334477e-05	1.585185e-05	6.058513e-05	4.614441e-05	1.444071e-05
127           	4.272700e-03	2.112888e-03	2.159812e-03	-5.467033e-04	2.692636e-04	-8.159669e-04	5.426152e-04	-2.346163e-05	1.601934e-05	6.091220e-05	4.647544e-05	1.443676e-05
128           	4.266925e-03	2.109887e-03	2.157038e-03	-5.465519e-04	2.679655e-04	-8.145173e-04	5.412414e-04	-2.357519e-05	1.618327e-05	6.122984e-05	4.679819e-05	1.443165e-05
129           	4.261269e-03	2.106949e-03	2.154320e-03	-5.464012e-04	2.666949e-04	-8.130961e-04	5.398955e-04	-2.368541e-05	1.634358e-05	6.153800e-05	4.711258e-05	1.442542e-05
130           	4.255731e-03	2.104073e-03	2.151658e-03	-5.462514e-04	2.654514e-04	-8.117028e-04	5.385771e-04	-2.379228e-05	1.650018e-05	6.183657e-05	4.741846e-05	1.441811e-05
131           	4.250309e-03	2.101259e-03	2.149050e-03	-5.461024e-04	2.642343e-04	-8.103367e-04	5.372855e-04	-2.389578e-05	1.665301e-05	6.212545e-05	4.771574e-05	1.440971e-05
132           	4.244998e-03	2.098504e-03	2.146494e-03	-5.459544e-04	2.630429e-04	-8.089972e-04	5.360200e-04	-2.399498e-05	1.680163e-05	6.240282e-05	4.800304e-05	1.439978e-05
133           	4.239799e-03	2.095808e-03	2.143991e-03	-5.458070e-04	2.618769e-04	-8.076839e-04	5.347804e-04	-2.409108e-05	1.694651e-05	6.267088e-05	4.828194e-05	1.438893e-05
134           	4.234709e-03	2.093170e-03	2.141539e-03	-5.456604e-04	2.607358e-04	-8.063962e-04	5.335660e-04	-2.418410e-05	1.708767e-05	6.292972e-05	4.855253e-05	1.437719e-05
135           	4.229726e-03	2.090589e-03	2.139137e-03	-5.455145e-04	2.596190e-04	-8.051336e-04	5.323763e-04	-2.427399e-05	1.722502e-05	6.317911e-05	4.881458e-05	1.436453e-05
136           	4.224848e-03	2.088063e-03	2.136785e-03	-5.453694e-04	2.585262e-04	-8.038957e-04	5.312109e-04	-2.436072e-05	1.735859e-05	6.341905e-05	4.906811e-05	1.435093e-05
137           	4.220073e-03	2.085592e-03	2.134481e-03	-5.452252e-04	2.574568e-04	-8.026820e-04	5.300694e-04	-2.444426e-05	1.748843e-05	6.364961e-05	4.931324e-05	1.433637e-05
138           	4.215397e-03	2.083174e-03	2.132223e-03	-5.450820e-04	2.564102e-04	-8.014923e-04	5.289513e-04	-2.452459e-05	1.761457e-05	6.387087e-05	4.955000e-05	1.432086e-05
139           	4.210819e-03	2.080808e-03	2.130011e-03	-5.449399e-04	2.553861e-04	-8.003260e-04	5.278560e-04	-2.460172e-05	1.773703e-05	6.408294e-05	4.977851e-05	1.430444e-05
140           	4.206336e-03	2.078492e-03	2.127844e-03	-5.447989e-04	2.543839e-04	-7.991828e-04	5.267834e-04	-2.467572e-05	1.785589e-05	6.428609e-05	4.999893e-05	1.428716e-05
141           	4.201947e-03	2.076227e-03	2.125720e-03	-5.446593e-04	2.534032e-04	-7.980625e-04	5.257328e-04	-2.474671e-05	1.797124e-05	6.448070e-05	5.021159e-05	1.426911e-05
142           	4.197650e-03	2.074010e-03	2.123640e-03	-5.445211e-04	2.524434e-04	-7.969645e-04	5.247039e-04	-2.481483e-05	1.808321e-05	6.466719e-05	5.041681e-05	1.425038e-05
143           	4.193443e-03	2.071841e-03	2.121601e-03	-5.443844e-04	2.515041e-04	-7.958886e-04	5.236964e-04	-2.488016e-05	1.819185e-05	6.484577e-05	5.061474e-05	1.423104e-05
144           	4.189323e-03	2.069719e-03	2.119604e-03	-5.442494e-04	2.505849e-04	-7.948343e-04	5.227096e-04	-2.494278e-05	1.829721e-05	6.501663e-05	5.080553e-05	1.421111e-05
145           	4.185290e-03	2.067642e-03	2.117648e-03	-5.441159e-04	2.496854e-04	-7.938013e-04	5.217433e-04	-2.500276e-05	1.839931e-05	6.517989e-05	5.098925e-05	1.419064e-05
146           	4.181341e-03	2.065611e-03	2.115731e-03	-5.439842e-04	2.488049e-04	-7.927892e-04	5.207971e-04	-2.506011e-05	1.849809e-05	6.533548e-05	5.116583e-05	1.416965e-05
147           	4.177475e-03	2.063623e-03	2.113853e-03	-5.438542e-04	2.479433e-04	-7.917975e-04	5.198704e-04	-2.511485e-05	1.859349e-05	6.548331e-05	5.133515e-05	1.414816e-05
148           	4.173691e-03	2.061678e-03	2.112012e-03	-5.437259e-04	2.470999e-04	-7.908259e-04	5.189629e-04	-2.516695e-05	1.868544e-05	6.562326e-05	5.149707e-05	1.412619e-05
149           	4.169985e-03	2.059776e-03	2.110209e-03	-5.435993e-04	2.462745e-04	-7.898739e-04	5.180742e-04	-2.521643e-05	1.877393e-05	6.575536e-05	5.165161e-05	1.410375e-05
150           	4.166358e-03	2.057916e-03	2.108442e-03	-5.434745e-04	2.454667e-04	-7.889412e-04	5.172039e-04	-2.526337e-05	1.885903e-05	6.587982e-05	5.179895e-05	1.408088e-05
151           	4.162807e-03	2.056096e-03	2.106711e-03	-5.433513e-04	2.446760e-04	-7.880273e-04	5.163517e-04	-2.530784e-05	1.894086e-05	6.599693e-05	5.193932e-05	1.405761e-05
152           	4.159330e-03	2.054315e-03	2.105015e-03	-5.432298e-04	2.439022e-04	-7.871320e-04	5.155171e-04	-2.534993e-05	1.901951e-05	6.610697e-05	5.207300e-05	1.403398e-05
153           	4.155927e-03	2.052574e-03	2.103353e-03	-5.431101e-04	2.431448e-04	-7.862549e-04	5.146998e-04	-2.538976e-05	1.909515e-05	6.621034e-05	5.220032e-05	1.401002e-05
154           	4.152595e-03	2.050870e-03	2.101725e-03	-5.429920e-04	2.424035e-04	-7.853955e-04	5.138995e-04	-2.542742e-05	1.916790e-05	6.630734e-05	5.232157e-05	1.398577e-05
155           	4.149334e-03	2.049204e-03	2.100130e-03	-5.428757e-04	2.416779e-04	-7.845536e-04	5.131158e-04	-2.546296e-05	1.923779e-05	6.639812e-05	5.243685e-05	1.396127e-05
156           	4.146139e-03	2.047573e-03	2.098565e-03	-5.427613e-04	2.409675e-04	-7.837289e-04	5.123482e-04	-2.549606e-05	1.930562e-05	6.648353e-05	5.254738e-05	1.393614e-05
157           	4.143012e-03	2.045978e-03	2.097033e-03	-5.426486e-04	2.402723e-04	-7.829209e-04	5.115966e-04	-2.552734e-05	1.937055e-05	6.656302e-05	5.265206e-05	1.391096e-05
158           	4.139951e-03	2.044419e-03	2.095532e-03	-5.425376e-04	2.395918e-04	-7.821294e-04	5.108606e-04	-2.555686e-05	1.943261e-05	6.663668e-05	5.275095e-05	1.388573e-05
159           	4.136956e-03	2.042893e-03	2.094062e-03	-5.424283e-04	2.389258e-04	-7.813541e-04	5.101400e-04	-2.558464e-05	1.949186e-05	6.670464e-05	5.284419e-05	1.386046e-05
160           	4.134024e-03	2.041401e-03	2.092623e-03	-5.423206e-04	2.382740e-04	-7.805946e-04	5.094343e-04	-2.561068e-05	1.954841e-05	6.676706e-05	5.293194e-05	1.383512e-05
161           	4.131154e-03	2.039942e-03	2.091212e-03	-5.422147e-04	2.376360e-04	-7.798507e-04	5.087434e-04	-2.563497e-05	1.960237e-05	6.682411e-05	5.301442e-05	1.380969e-05
162           	4.128345e-03	2.038515e-03	2.089830e-03	-5.421106e-04	2.370115e-04	-7.791221e-04	5.080668e-04	-2.565748e-05	1.965383e-05	6.687592e-05	5.309179e-05	1.378413e-05
163           	4.125595e-03	2.037119e-03	2.088476e-03	-5.420081e-04	2.364003e-04	-7.784084e-04	5.074043e-04	-2.567823e-05	1.970289e-05	6.692266e-05	5.316422e-05	1.375844e-05
164           	4.122903e-03	2.035754e-03	2.087149e-03	-5.419073e-04	2.358019e-04	-7.777093e-04	5.067556e-04	-2.569721e-05	1.974961e-05	6.696444e-05	5.323183e-05	1.373261e-05
165           	4.120268e-03	2.034420e-03	2.085848e-03	-5.418083e-04	2.352163e-04	-7.770246e-04	5.061204e-04	-2.571444e-05	1.979404e-05	6.700137e-05	5.329473e-05	1.370665e-05
166           	4.117688e-03	2.033114e-03	2.084574e-03	-5.417109e-04	2.346430e-04	-7.763539e-04	5.054984e-04	-2.572996e-05	1.983621e-05	6.703358e-05	5.335300e-05	1.368057e-05
167           	4.115163e-03	2.031838e-03	2.083325e-03	-5.416152e-04	2.340818e-04	-7.756970e-04	5.048894e-04	-2.574380e-05	1.987611e-05	6.706105e-05	5.340664e-05	1.365441e-05
168           	4.112691e-03	2.030589e-03	2.082101e-03	-5.415211e-04	2.335325e-04	-7.750536e-04	5.042930e-04	-2.575597e-05	1.991368e-05	6.708375e-05	5.345555e-05	1.362820e-05
169           	4.110270e-03	2.029369e-03	2.080902e-03	-5.414287e-04	2.329947e-04	-7.744235e-04	5.037091e-04	-2.576648e-05	1.994883e-05	6.710160e-05	5.349963e-05	1.360196e-05
170           	4.107901e-03	2.028175e-03	2.079726e-03	-5.413380e-04	2.324683e-04	-7.738063e-04	5.031373e-04	-2.577534e-05	1.998149e-05	6.711449e-05	5.353874e-05	1.357575e-05
171           	4.105582e-03	2.027008e-03	2.078573e-03	-5.412488e-04	2.319530e-04	-7.732019e-04	5.025775e-04	-2.578257e-05	2.001159e-05	6.712238e-05	5.357278e-05	1.354960e-05
172           	4.103311e-03	2.025868e-03	2.077444e-03	-5.411613e-04	2.314486e-04	-7.726099e-04	5.020293e-04	-2.578818e-05	2.003906e-05	6.712518e-05	5.360165e-05	1.352353e-05
173           	4.101089e-03	2.024752e-03	2.076337e-03	-5.410754e-04	2.309548e-04	-7.720302e-04	5.014925e-04	-2.579220e-05	2.006387e-05	6.712289e-05	5.362531e-05	1.349757e-05
174           	4.098913e-03	2.023662e-03	2.075251e-03	-5.409910e-04	2.304715e-04	-7.714625e-04	5.009670e-04	-2.579466e-05	2.008604e-05	6.711558e-05	5.364383e-05	1.347175e-05
175           	4.096783e-03	2.022596e-03	2.074187e-03	-5.409083e-04	2.299983e-04	-7.709065e-04	5.004524e-04	-2.579564e-05	2.010567e-05	6.710347e-05	5.365740e-05	1.344607e-05
176           	4.094707e-03	2.021558e-03	2.073149e-03	-5.408291e-04	2.295366e-04	-7.703657e-04	4.999511e-04	-2.579534e-05	2.012306e-05	6.708755e-05	5.366683e-05	1.342072e-05
177           	4.092670e-03	2.020541e-03	2.072129e-03	-5.407530e-04	2.290844e-04	-7.698373e-04	4.994609e-04	-2.579375e-05	2.013826e-05	6.706770e-05	5.367211e-05	1.339559e-05
178           	4.090674e-03	2.019546e-03	2.071128e-03	-5.406789e-04	2.286413e-04	-7.693202e-04	4.989808e-04	-2.579079e-05	2.015114e-05	6.704349e-05	5.367289e-05	1.337060e-05
179           	4.088718e-03	2.018572e-03	2.070145e-03	-5.406060e-04	2.282072e-04	-7.688132e-04	4.985102e-04	-2.578641e-05	2.016165e-05	6.701466e-05	5.366898e-05	1.334568e-05
180           	4.086801e-03	2.017620e-03	2.069181e-03	-5.405338e-04	2.277817e-04	-7.683155e-04	4.980486e-04	-2.578064e-05	2.016979e-05	6.698118e-05	5.366037e-05	1.332080e-05
181           	4.084924e-03	2.016688e-03	2.068235e-03	-5.404620e-04	2.273647e-04	-7.678267e-04	4.975957e-04	-2.577353e-05	2.017560e-05	6.694314e-05	5.364717e-05	1.329597e-05
182           	4.083085e-03	2.015777e-03	2.067308e-03	-5.403906e-04	2.269560e-04	-7.673465e-04	4.971512e-04	-2.576520e-05	2.017924e-05	6.690088e-05	5.362968e-05	1.327119e-05
183           	4.081284e-03	2.014886e-03	2.066398e-03	-5.403197e-04	2.265555e-04	-7.668752e-04	4.967154e-04	-2.575580e-05	2.018090e-05	6.685484e-05	5.360832e-05	1.324652e-05
184           	4.080655e-03	2.014522e-03	2.066133e-03	-5.401752e-04	2.263908e-04	-7.665660e-04	4.964784e-04	-2.580566e-05	2.025302e-05	6.699542e-05	5.375073e-05	1.324468e-05
185           	4.080191e-03	2.014205e-03	2.065987e-03	-5.399865e-04	2.262535e-04	-7.662399e-04	4.962467e-04	-2.589106e-05	2.036770e-05	6.724947e-05	5.399243e-05	1.325703e-05
186           	4.079771e-03	2.013898e-03	2.065873e-03	-5.397882e-04	2.261241e-04	-7.659124e-04	4.960182e-04	-2.598751e-05	2.049697e-05	6.754339e-05	5.426867e-05	1.327472e-05
187           	4.079297e-03	2.013576e-03	2.065721e-03	-5.396050e-04	2.259881e-04	-7.655931e-04	4.957906e-04	-2.607256e-05	2.061185e-05	6.780520e-05	5.451445e-05	1.329075e-05
188           	4.078700e-03	2.013219e-03	2.065481e-03	-5.394561e-04	2.258344e-04	-7.652905e-04	4.955625e-04	-2.613134e-05	2.069432e-05	6.798888e-05	5.468877e-05	1.330012e-05
189           	4.077944e-03	2.012815e-03	2.065129e-03	-5.393519e-04	2.256574e-04	-7.650093e-04	4.953333e-04	-2.615736e-05	2.073739e-05	6.807524e-05	5.477501e-05	1.330023e-05
190           	4.077039e-03	2.012368e-03	2.064671e-03	-5.392897e-04	2.254587e-04	-7.647484e-04	4.951035e-04	-2.615153e-05	2.074201e-05	6.806611e-05	5.477506e-05	1.329104e-05
191           	4.076026e-03	2.011892e-03	2.064134e-03	-5.392591e-04	2.252447e-04	-7.645038e-04	4.948743e-04	-2.612117e-05	2.071583e-05	6.798103e-05	5.470634e-05	1.327469e-05
192           	4.074941e-03	2.011396e-03	2.063545e-03	-5.392544e-04	2.250199e-04	-7.642743e-04	4.946471e-04	-2.607420e-05	2.066796e-05	6.784209e-05	5.458900e-05	1.325309e-05
193           	4.073832e-03	2.010894e-03	2.062939e-03	-5.392635e-04	2.247916e-04	-7.640552e-04	4.944234e-04	-2.602246e-05	2.061452e-05	6.768727e-05	5.445815e-05	1.322911e-05
194           	4.072747e-03	2.010398e-03	2.062349e-03	-5.392740e-04	2.245671e-04	-7.638411e-04	4.942041e-04	-2.597551e-05	2.056783e-05	6.754617e-05	5.434092e-05	1.320525e-05
195           	4.071719e-03	2.009920e-03	2.061799e-03	-5.392764e-04	2.243514e-04	-7.636278e-04	4.939896e-04	-2.593980e-05	2.053591e-05	6.743845e-05	5.425514e-05	1.318331e-05
196           	4.070766e-03	2.009465e-03	2.061301e-03	-5.392652e-04	2.241475e-04	-7.634127e-04	4.937801e-04	-2.591814e-05	2.052203e-05	6.737269e-05	5.420837e-05	1.316431e-05
197           	4.069888e-03	2.009034e-03	2.060854e-03	-5.392393e-04	2.239555e-04	-7.631948e-04	4.935752e-04	-2.591000e-05	2.052486e-05	6.734668e-05	5.419820e-05	1.314848e-05
198           	4.069078e-03	2.008626e-03	2.060452e-03	-5.391998e-04	2.237743e-04	-7.629741e-04	4.933742e-04	-2.591264e-05	2.054013e-05	6.735122e-05	5.421574e-05	1.313548e-05
199           	4.068319e-03	2.008237e-03	2.060082e-03	-5.391507e-04	2.236016e-04	-7.627523e-04	4.931769e-04	-2.592271e-05	2.056404e-05	6.737753e-05	5.425281e-05	1.312472e-05
200           	4.067592e-03	2.007861e-03	2.059731e-03	-5.390947e-04	2.234346e-04	-7.625293e-04	4.929820e-04	-2.593494e-05	2.058887e-05	6.740835e-05	5.429305e-05	1.311530e-05
201           	4.066877e-03	2.007493e-03	2.059384e-03	-5.390365e-04	2.232705e-04	-7.623070e-04	4.927888e-04	-2.594541e-05	2.060987e-05	6.743249e-05	5.432611e-05	1.310638e-05
202           	4.066159e-03	2.007128e-03	2.059031e-03	-5.389802e-04	2.231070e-04	-7.620872e-04	4.925971e-04	-2.595138e-05	2.062394e-05	6.744243e-05	5.434516e-05	1.309727e-05
203           	4.065429e-03	2.006763e-03	2.058666e-03	-5.389288e-04	2.229424e-04	-7.618713e-04	4.924069e-04	-2.595153e-05	2.062986e-05	6.743482e-05	5.434726e-05	1.308755e-05
204           	4.064682e-03	2.006395e-03	2.058287e-03	-5.388841e-04	2.227763e-04	-7.616603e-04	4.922183e-04	-2.594587e-05	2.062798e-05	6.741003e-05	5.433299e-05	1.307704e-05
205           	4.063920e-03	2.006024e-03	2.057895e-03	-5.388461e-04	2.226087e-04	-7.614547e-04	4.920317e-04	-2.593541e-05	2.061980e-05	6.737118e-05	5.430539e-05	1.306578e-05
206           	4.063149e-03	2.005653e-03	2.057496e-03	-5.388141e-04	2.224403e-04	-7.612544e-04	4.918474e-04	-2.592170e-05	2.060741e-05	6.732274e-05	5.426878e-05	1.305396e-05
207           	4.062375e-03	2.005281e-03	2.057094e-03	-5.387869e-04	2.222722e-04	-7.610590e-04	4.916656e-04	-2.590643e-05	2.059298e-05	6.726959e-05	5.422778e-05	1.304181e-05
208           	4.061607e-03	2.004912e-03	2.056695e-03	-5.387626e-04	2.221052e-04	-7.608678e-04	4.914865e-04	-2.589113e-05	2.057846e-05	6.721611e-05	5.418652e-05	1.302959e-05
209           	4.060850e-03	2.004548e-03	2.056302e-03	-5.387396e-04	2.219404e-04	-7.606800e-04	4.913102e-04	-2.587696e-05	2.056527e-05	6.716557e-05	5.414805e-05	1.301752e-05
210           	4.060108e-03	2.004190e-03	2.055919e-03	-5.387166e-04	2.217782e-04	-7.604948e-04	4.911365e-04	-2.586456e-05	2.055414e-05	6.711978e-05	5.411403e-05	1.300576e-05
211           	4.059384e-03	2.003838e-03	2.055546e-03	-5.386924e-04	2.216191e-04	-7.603115e-04	4.909653e-04	-2.585406e-05	2.054514e-05	6.707904e-05	5.408466e-05	1.299438e-05
212           	4.058677e-03	2.003493e-03	2.055183e-03	-5.386667e-04	2.214631e-04	-7.601297e-04	4.907964e-04	-2.584516e-05	2.053781e-05	6.704241e-05	5.405901e-05	1.298340e-05
213           	4.057985e-03	2.003155e-03	2.054830e-03	-5.386393e-04	2.213100e-04	-7.599493e-04	4.906296e-04	-2.583730e-05	2.053135e-05	6.700823e-05	5.403546e-05	1.297276e-05
214           	4.057308e-03	2.002824e-03	2.054484e-03	-5.386107e-04	2.211594e-04	-7.597701e-04	4.904647e-04	-2.582978e-05	2.052487e-05	6.697451e-05	5.401213e-05	1.296239e-05
215           	4.056640e-03	2.002498e-03	2.054142e-03	-5.385814e-04	2.210110e-04	-7.595923e-04	4.903016e-04	-2.582195e-05	2.051755e-05	6.693944e-05	5.398727e-05	1.295217e-05
216           	4.055980e-03	2.002177e-03	2.053803e-03	-5.385520e-04	2.208643e-04	-7.594163e-04	4.901403e-04	-2.581330e-05	2.050878e-05	6.690160e-05	5.395958e-05	1.294201e-05
217           	4.055322e-03	2.001857e-03	2.053465e-03	-5.385234e-04	2.207187e-04	-7.592421e-04	4.899804e-04	-2.580395e-05	2.050122e-05	6.686624e-05	5.393434e-05	1.293190e-05
218           	4.054670e-03	2.001542e-03	2.053128e-03	-5.384956e-04	2.205745e-04	-7.590702e-04	4.898224e-04	-2.579334e-05	2.049106e-05	6.682554e-05	5.390383e-05	1.292171e-05
219           	4.054023e-03	2.001230e-03	2.052793e-03	-5.384690e-04	2.204316e-04	-7.589006e-04	4.896661e-04	-2.578152e-05	2.047829e-05	6.677948e-05	5.386803e-05	1.291145e-05
220           	4.053383e-03	2.000924e-03	2.052460e-03	-5.384437e-04	2.202901e-04	-7.587338e-04	4.895120e-04	-2.576801e-05	2.045976e-05	6.672163e-05	5.382057e-05	1.290105e-05
221           	4.052746e-03	2.000618e-03	2.052128e-03	-5.384195e-04	2.201497e-04	-7.585692e-04	4.893594e-04	-2.575466e-05	2.044409e-05	6.666958e-05	5.377888e-05	1.289070e-05
222           	4.052115e-03	2.000317e-03	2.051799e-03	-5.383964e-04	2.200107e-04	-7.584071e-04	4.892089e-04	-2.574091e-05	2.042750e-05	6.661564e-05	5.373532e-05	1.288032e-05
223           	4.051492e-03	2.000019e-03	2.051473e-03	-5.383742e-04	2.198732e-04	-7.582473e-04	4.890603e-04	-2.572700e-05	2.041039e-05	6.656066e-05	5.369072e-05	1.286994e-05
224           	4.050876e-03	1.999725e-03	2.051151e-03	-5.383526e-04	2.197373e-04	-7.580899e-04	4.889136e-04	-2.571311e-05	2.039311e-05	6.650536e-05	5.364579e-05	1.285957e-05
225           	4.050268e-03	1.999434e-03	2.050833e-03	-5.383314e-04	2.196031e-04	-7.579344e-04	4.887688e-04	-2.569938e-05	2.037590e-05	6.645028e-05	5.360104e-05	1.284924e-05
226           	4.049668e-03	1.999148e-03	2.050520e-03	-5.383104e-04	2.194706e-04	-7.577810e-04	4.886258e-04	-2.568582e-05	2.035890e-05	6.639571e-05	5.355676e-05	1.283896e-05
227           	4.049077e-03	1.998866e-03	2.050211e-03	-5.382895e-04	2.193398e-04	-7.576294e-04	4.884846e-04	-2.567244e-05	2.034214e-05	6.634172e-05	5.351300e-05	1.282873e-05
228           	4.048494e-03	1.998588e-03	2.049906e-03	-5.382688e-04	2.192107e-04	-7.574795e-04	4.883451e-04	-2.565915e-05	2.032555e-05	6.628818e-05	5.346964e-05	1.281854e-05
229           	4.047918e-03	1.998313e-03	2.049605e-03	-5.382481e-04	2.190832e-04	-7.573313e-04	4.882072e-04	-2.564588e-05	2.030903e-05	6.623486e-05	5.342646e-05	1.280840e-05
230           	4.047349e-03	1.998042e-03	2.049307e-03	-5.382275e-04	2.189573e-04	-7.571848e-04	4.880710e-04	-2.563254e-05	2.029244e-05	6.618148e-05	5.338317e-05	1.279830e-05
231           	4.046787e-03	1.997775e-03	2.049013e-03	-5.382072e-04	2.188328e-04	-7.570400e-04	4.879364e-04	-2.561904e-05	2.027564e-05	6.612775e-05	5.333952e-05	1.278823e-05
232           	4.046231e-03	1.997510e-03	2.048721e-03	-5.381872e-04	2.187097e-04	-7.568969e-04	4.878033e-04	-2.560536e-05	2.025856e-05	6.607350e-05	5.329531e-05	1.277819e-05
233           	4.045682e-03	1.997249e-03	2.048432e-03	-5.381676e-04	2.185879e-04	-7.567555e-04	4.876717e-04	-2.559147e-05	2.024113e-05	6.601860e-05	5.325043e-05	1.276818e-05
234           	4.045137e-03	1.996991e-03	2.048146e-03	-5.381484e-04	2.184675e-04	-7.566159e-04	4.875417e-04	-2.557738e-05	2.022334e-05	6.596305e-05	5.320486e-05	1.275819e-05
235           	4.044599e-03	1.996736e-03	2.047863e-03	-5.381297e-04	2.183484e-04	-7.564781e-04	4.874132e-04	-2.556314e-05	2.020522e-05	6.590689e-05	5.315866e-05	1.274823e-05
236           	4.044066e-03	1.996484e-03	2.047582e-03	-5.381114e-04	2.182306e-04	-7.563420e-04	4.872863e-04	-2.554877e-05	2.018682e-05	6.585025e-05	5.311194e-05	1.273831e-05
237           	4.043540e-03	1.996235e-03	2.047304e-03	-5.380937e-04	2.181140e-04	-7.562077e-04	4.871609e-04	-2.553435e-05	2.016820e-05	6.579326e-05	5.306483e-05	1.272843e-05
238           	4.043019e-03	1.995989e-03	2.047029e-03	-5.380764e-04	2.179988e-04	-7.560751e-04	4.870369e-04	-2.551990e-05	2.014945e-05	6.573608e-05	5.301749e-05	1.271859e-05
239           	4.042504e-03	1.995746e-03	2.046757e-03	-5.380594e-04	2.178848e-04	-7.559442e-04	4.869145e-04	-2.550546e-05	2.013063e-05	6.567884e-05	5.297005e-05	1.270879e-05
240           	4.041995e-03	1.995506e-03	2.046489e-03	-5.380428e-04	2.177721e-04	-7.558149e-04	4.867935e-04	-2.549107e-05	2.011178e-05	6.562166e-05	5.292261e-05	1.269905e-05
241           	4.041492e-03	1.995269e-03	2.046223e-03	-5.380265e-04	2.176607e-04	-7.556873e-04	4.866740e-04	-2.547673e-05	2.009296e-05	6.556462e-05	5.287527e-05	1.268936e-05
242           	4.040995e-03	1.995035e-03	2.045960e-03	-5.380105e-04	2.175506e-04	-7.555611e-04	4.865559e-04	-2.546246e-05	2.007417e-05	6.550776e-05	5.282805e-05	1.267971e-05
243           	4.040504e-03	1.994804e-03	2.045700e-03	-5.379947e-04	2.174418e-04	-7.554365e-04	4.864392e-04	-2.544823e-05	2.005542e-05	6.545108e-05	5.278096e-05	1.267012e-05
244           	4.040019e-03	1.994576e-03	2.045444e-03	-5.379792e-04	2.173342e-04	-7.553134e-04	4.863238e-04	-2.543405e-05	2.003670e-05	6.539456e-05	5.273398e-05	1.266058e-05
245           	4.039540e-03	1.994350e-03	2.045190e-03	-5.379639e-04	2.172279e-04	-7.551918e-04	4.862099e-04	-2.541989e-05	2.001799e-05	6.533816e-05	5.268707e-05	1.265109e-05
246           	4.039066e-03	1.994127e-03	2.044939e-03	-5.379489e-04	2.171228e-04	-7.550717e-04	4.860972e-04	-2.540576e-05	1.999928e-05	6.528185e-05	5.264020e-05	1.264165e-05
247           	4.038598e-03	1.993907e-03	2.044691e-03	-5.379341e-04	2.170189e-04	-7.549530e-04	4.859859e-04	-2.539163e-05	1.998054e-05	6.522559e-05	5.259333e-05	1.263226e-05
248           	4.038135e-03	1.993690e-03	2.044445e-03	-5.379196e-04	2.169162e-04	-7.548357e-04	4.858759e-04	-2.537751e-05	1.996176e-05	6.516938e-05	5.254645e-05	1.262293e-05
249           	4.037677e-03	1.993475e-03	2.044202e-03	-5.379053e-04	2.168146e-04	-7.547199e-04	4.857672e-04	-2.536340e-05	1.994295e-05	6.511320e-05	5.249955e-05	1.261365e-05
250           	4.037225e-03	1.993263e-03	2.043962e-03	-5.378914e-04	2.167141e-04	-7.546055e-04	4.856598e-04	-2.534930e-05	1.992412e-05	6.505707e-05	5.245265e-05	1.260442e-05
251           	4.036777e-03	1.993053e-03	2.043724e-03	-5.378778e-04	2.166148e-04	-7.544926e-04	4.855537e-04	-2.533522e-05	1.990526e-05	6.500103e-05	5.240577e-05	1.259525e-05
252           	4.036335e-03	1.992846e-03	2.043489e-03	-5.378644e-04	2.165166e-04	-7.543810e-04	4.854488e-04	-2.532118e-05	1.988641e-05	6.494509e-05	5.235895e-05	1.258614e-05
253           	4.035898e-03	1.992642e-03	2.043256e-03	-5.378513e-04	2.164195e-04	-7.542709e-04	4.853452e-04	-2.530717e-05	1.986756e-05	6.488930e-05	5.231222e-05	1.257709e-05
254           	4.035466e-03	1.992440e-03	2.043026e-03	-5.378386e-04	2.163235e-04	-7.541621e-04	4.852428e-04	-2.529322e-05	1.984875e-05	6.483369e-05	5.226560e-05	1.256809e-05
255           	4.035039e-03	1.992240e-03	2.042799e-03	-5.378260e-04	2.162286e-04	-7.540546e-04	4.851416e-04	-2.527931e-05	1.982999e-05	6.477828e-05	5.221913e-05	1.255915e-05
256           	4.034616e-03	1.992043e-03	2.042574e-03	-5.378138e-04	2.161347e-04	-7.539485e-04	4.850416e-04	-2.526547e-05	1.981128e-05	6.472310e-05	5.217283e-05	1.255027e-05
257           	4.034199e-03	1.991848e-03	2.042351e-03	-5.378018e-04	2.160419e-04	-7.538437e-04	4.849428e-04	-2.525168e-05	1.979263e-05	6.466814e-05	5.212670e-05	1.254144e-05
258           	4.033787e-03	1.991655e-03	2.042131e-03	-5.377900e-04	2.159502e-04	-7.537401e-04	4.848452e-04	-2.523795e-05	1.977403e-05	6.461342e-05	5.208074e-05	1.253268e-05
259           	4.033379e-03	1.991465e-03	2.041914e-03	-5.377784e-04	2.158595e-04	-7.536379e-04	4.847487e-04	-2.522428e-05	1.975550e-05	6.455893e-05	5.203496e-05	1.252396e-05
260           	4.032976e-03	1.991277e-03	2.041699e-03	-5.377670e-04	2.157698e-04	-7.535368e-04	4.846533e-04	-2.521067e-05	1.973703e-05	6.450467e-05	5.198936e-05	1.251531e-05
261           	4.032578e-03	1.991092e-03	2.041486e-03	-5.377559e-04	2.156811e-04	-7.534370e-04	4.845591e-04	-2.519711e-05	1.971862e-05	6.445066e-05	5.194394e-05	1.250671e-05
262           	4.032184e-03	1.990908e-03	2.041276e-03	-5.377450e-04	2.155934e-04	-7.533384e-04	4.844659e-04	-2.518360e-05	1.970027e-05	6.439688e-05	5.189871e-05	1.249817e-05
263           	4.031795e-03	1.990727e-03	2.041068e-03	-5.377343e-04	2.155068e-04	-7.532411e-04	4.843739e-04	-2.517015e-05	1.968199e-05	6.434335e-05	5.185366e-05	1.248969e-05
264           	4.031410e-03	1.990548e-03	2.040862e-03	-5.377238e-04	2.154211e-04	-7.531449e-04	4.842830e-04	-2.515677e-05	1.966378e-05	6.429007e-05	5.180881e-05	1.248126e-05
265           	4.031030e-03	1.990372e-03	2.040659e-03	-5.377136e-04	2.153363e-04	-7.530499e-04	4.841931e-04	-2.514344e-05	1.964564e-05	6.423704e-05	5.176416e-05	1.247288e-05
266           	4.030654e-03	1.990197e-03	2.040457e-03	-5.377035e-04	2.152525e-04	-7.529560e-04	4.841043e-04	-2.513018e-05	1.962758e-05	6.418428e-05	5.171972e-05	1.246456e-05
267           	4.030283e-03	1.990025e-03	2.040259e-03	-5.376936e-04	2.151697e-04	-7.528634e-04	4.840165e-04	-2.511698e-05	1.960960e-05	6.413179e-05	5.167549e-05	1.245630e-05
268           	4.029916e-03	1.989854e-03	2.040062e-03	-5.376840e-04	2.150878e-04	-7.527718e-04	4.839298e-04	-2.510385e-05	1.959169e-05	6.407957e-05	5.163148e-05	1.244809e-05
269           	4.029553e-03	1.989686e-03	2.039867e-03	-5.376746e-04	2.150069e-04	-7.526814e-04	4.838441e-04	-2.509079e-05	1.957387e-05	6.402763e-05	5.158769e-05	1.243994e-05
270           	4.029194e-03	1.989519e-03	2.039675e-03	-5.376653e-04	2.149268e-04	-7.525921e-04	4.837595e-04	-2.507780e-05	1.955614e-05	6.397597e-05	5.154412e-05	1.243185e-05
271           	4.028840e-03	1.989355e-03	2.039485e-03	-5.376563e-04	2.148477e-04	-7.525040e-04	4.836758e-04	-2.506489e-05	1.953849e-05	6.392462e-05	5.150080e-05	1.242382e-05
272           	4.028489e-03	1.989193e-03	2.039297e-03	-5.376475e-04	2.147694e-04	-7.524169e-04	4.835931e-04	-2.505205e-05	1.952094e-05	6.387358e-05	5.145773e-05	1.241585e-05
273           	4.028143e-03	1.989032e-03	2.039111e-03	-5.376388e-04	2.146921e-04	-7.523309e-04	4.835115e-04	-2.503930e-05	1.950349e-05	6.382286e-05	5.141493e-05	1.240794e-05
274           	4.027801e-03	1.988874e-03	2.038927e-03	-5.376304e-04	2.146156e-04	-7.522459e-04	4.834308e-04	-2.502664e-05	1.948615e-05	6.377247e-05	5.137239e-05	1.240009e-05
275           	4.027462e-03	1.988717e-03	2.038745e-03	-5.376221e-04	2.145400e-04	-7.521620e-04	4.833510e-04	-2.501406e-05	1.946892e-05	6.372242e-05	5.133013e-05	1.239230e-05
276           	4.027128e-03	1.988562e-03	2.038566e-03	-5.376140e-04	2.144652e-04	-7.520792e-04	4.832722e-04	-2.500157e-05	1.945179e-05	6.367271e-05	5.128815e-05	1.238457e-05
277           	4.026798e-03	1.988410e-03	2.038388e-03	-5.376061e-04	2.143913e-04	-7.519974e-04	4.831944e-04	-2.498916e-05	1.943478e-05	6.362334e-05	5.124645e-05	1.237689e-05
278           	4.026471e-03	1.988259e-03	2.038212e-03	-5.375983e-04	2.143183e-04	-7.519166e-04	4.831174e-04	-2.497685e-05	1.941789e-05	6.357434e-05	5.120506e-05	1.236928e-05
279           	4.026148e-03	1.988109e-03	2.038039e-03	-5.375908e-04	2.142461e-04	-7.518368e-04	4.830414e-04	-2.496463e-05	1.940113e-05	6.352570e-05	5.116398e-05	1.236172e-05
280           	4.025829e-03	1.987962e-03	2.037867e-03	-5.375834e-04	2.141747e-04	-7.517580e-04	4.829663e-04	-2.495251e-05	1.938450e-05	6.347746e-05	5.112323e-05	1.235422e-05
281           	4.025514e-03	1.987816e-03	2.037697e-03	-5.375761e-04	2.141041e-04	-7.516802e-04	4.828921e-04	-2.494048e-05	1.936802e-05	6.342961e-05	5.108283e-05	1.234678e-05
282           	4.025202e-03	1.987672e-03	2.037530e-03	-5.375691e-04	2.140343e-04	-7.516034e-04	4.828188e-04	-2.492855e-05	1.935169e-05	6.338216e-05	5.104277e-05	1.233940e-05
283           	4.024894e-03	1.987530e-03	2.037364e-03	-5.375622e-04	2.139653e-04	-7.515275e-04	4.827464e-04	-2.491673e-05	1.933550e-05	6.333512e-05	5.100306e-05	1.233207e-05
284           	4.024589e-03	1.987390e-03	2.037200e-03	-5.375554e-04	2.138971e-04	-7.514526e-04	4.826749e-04	-2.490500e-05	1.931945e-05	6.328849e-05	5.096370e-05	1.232479e-05
285           	4.024289e-03	1.987251e-03	2.037038e-03	-5.375489e-04	2.138297e-04	-7.513786e-04	4.826042e-04	-2.489336e-05	1.930356e-05	6.324226e-05	5.092469e-05	1.231757e-05
286           	4.023991e-03	1.987114e-03	2.036877e-03	-5.375424e-04	2.137631e-04	-7.513055e-04	4.825343e-04	-2.488183e-05	1.928782e-05	6.319644e-05	5.088604e-05	1.231040e-05
287           	4.023697e-03	1.986978e-03	2.036719e-03	-5.375362e-04	2.136972e-04	-7.512334e-04	4.824653e-04	-2.487040e-05	1.927223e-05	6.315103e-05	5.084774e-05	1.230329e-05
288           	4.023407e-03	1.986844e-03	2.036562e-03	-5.375300e-04	2.136321e-04	-7.511622e-04	4.823971e-04	-2.485906e-05	1.925678e-05	6.310602e-05	5.080979e-05	1.229623e-05
289           	4.023120e-03	1.986712e-03	2.036408e-03	-5.375241e-04	2.135678e-04	-7.510918e-04	4.823298e-04	-2.484782e-05	1.924148e-05	6.306141e-05	5.077219e-05	1.228922e-05
290           	4.022836e-03	1.986581e-03	2.036255e-03	-5.375182e-04	2.135041e-04	-7.510224e-04	4.822632e-04	-2.483668e-05	1.922633e-05	6.301720e-05	5.073493e-05	1.228228e-05
291           	4.022556e-03	1.986452e-03	2.036103e-03	-5.375125e-04	2.134412e-04	-7.509538e-04	4.821975e-04	-2.482563e-05	1.921131e-05	6.297338e-05	5.069800e-05	1.227538e-05
292           	4.022278e-03	1.986325e-03	2.035954e-03	-5.375070e-04	2.133791e-04	-7.508861e-04	4.821326e-04	-2.481468e-05	1.919643e-05	6.292995e-05	5.066140e-05	1.226855e-05
293           	4.022004e-03	1.986198e-03	2.035806e-03	-5.375016e-04	2.133176e-04	-7.508192e-04	4.820684e-04	-2.480382e-05	1.918169e-05	6.288691e-05	5.062514e-05	1.226177e-05
294           	4.021734e-03	1.986074e-03	2.035660e-03	-5.374963e-04	2.132569e-04	-7.507532e-04	4.820050e-04	-2.479306e-05	1.916708e-05	6.284426e-05	5.058921e-05	1.225505e-05
295           	4.021466e-03	1.985951e-03	2.035516e-03	-5.374912e-04	2.131968e-04	-7.506880e-04	4.819424e-04	-2.478239e-05	1.915261e-05	6.280200e-05	5.055361e-05	1.224839e-05
296           	4.021200e-03	1.985827e-03	2.035373e-03	-5.374862e-04	2.131373e-04	-7.506235e-04	4.818804e-04	-2.477262e-05	1.914064e-05	6.276563e-05	5.052345e-05	1.224218e-05
297           	4.020939e-03	1.985708e-03	2.035231e-03	-5.374813e-04	2.130786e-04	-7.505600e-04	4.818193e-04	-2.476184e-05	1.912567e-05	6.272229e-05	5.048681e-05	1.223548e-05
298           	4.020680e-03	1.985588e-03	2.035092e-03	-5.374766e-04	2.130205e-04	-7.504971e-04	4.817588e-04	-2.475191e-05	1.911309e-05	6.268459e-05	5.045539e-05	1.222921e-05
299           	4.020423e-03	1.985470e-03	2.034953e-03	-5.374719e-04	2.129631e-04	-7.504350e-04	4.816990e-04	-2.474180e-05	1.909996e-05	6.264564e-05	5.042278e-05	1.222286e-05
300           	4.020172e-03	1.985355e-03	2.034817e-03	-5.374673e-04	2.129065e-04	-7.503738e-04	4.816401e-04	-2.473078e-05	1.908390e-05	6.260002e-05	5.038391e-05	1.221611e-05
301           	4.019922e-03	1.985240e-03	2.034682e-03	-5.374629e-04	2.128503e-04	-7.503132e-04	4.815818e-04	-2.472071e-05	1.907053e-05	6.256072e-05	5.035090e-05	1.220983e-05
302           	4.019675e-03	1.985127e-03	2.034548e-03	-5.374586e-04	2.127949e-04	-7.502535e-04	4.815242e-04	-2.471065e-05	1.905702e-05	6.252117e-05	5.031761e-05	1.220356e-05
303           	4.019431e-03	1.985015e-03	2.034416e-03	-5.374544e-04	2.127401e-04	-7.501945e-04	4.814673e-04	-2.470062e-05	1.904342e-05	6.248149e-05	5.028416e-05	1.219733e-05
304           	4.019191e-03	1.984905e-03	2.034286e-03	-5.374504e-04	2.126859e-04	-7.501363e-04	4.814111e-04	-2.469065e-05	1.902979e-05	6.244185e-05	5.025072e-05	1.219113e-05
305           	4.018953e-03	1.984796e-03	2.034157e-03	-5.374464e-04	2.126324e-04	-7.500788e-04	4.813556e-04	-2.468077e-05	1.901623e-05	6.240244e-05	5.021745e-05	1.218499e-05
306           	4.018718e-03	1.984688e-03	2.034030e-03	-5.374426e-04	2.125795e-04	-7.500221e-04	4.813008e-04	-2.467100e-05	1.900281e-05	6.236342e-05	5.018452e-05	1.217890e-05
307           	4.018486e-03	1.984582e-03	2.033904e-03	-5.374388e-04	2.125273e-04	-7.499661e-04	4.812467e-04	-2.466135e-05	1.898958e-05	6.232491e-05	5.015204e-05	1.217287e-05
308           	4.018256e-03	1.984476e-03	2.033780e-03	-5.374352e-04	2.124757e-04	-7.499109e-04	4.811933e-04	-2.465182e-05	1.897660e-05	6.228701e-05	5.012010e-05	1.216691e-05
309           	4.018030e-03	1.984373e-03	2.033657e-03	-5.374317e-04	2.124247e-04	-7.498563e-04	4.811405e-04	-2.464242e-05	1.896386e-05	6.224971e-05	5.008871e-05	1.216100e-05
310           	4.017806e-03	1.984270e-03	2.033536e-03	-5.374282e-04	2.123743e-04	-7.498025e-04	4.810884e-04	-2.463312e-05	1.895137e-05	6.221301e-05	5.005787e-05	1.215514e-05
311           	4.017585e-03	1.984168e-03	2.033416e-03	-5.374249e-04	2.123245e-04	-7.497493e-04	4.810369e-04	-2.462393e-05	1.893910e-05	6.217685e-05	5.002753e-05	1.214933e-05
312           	4.017366e-03	1.984068e-03	2.033298e-03	-5.374216e-04	2.122752e-04	-7.496968e-04	4.809860e-04	-2.461481e-05	1.892703e-05	6.214116e-05	4.999761e-05	1.214355e-05
313           	4.017149e-03	1.983969e-03	2.033181e-03	-5.374184e-04	2.122265e-04	-7.496450e-04	4.809358e-04	-2.460577e-05	1.891512e-05	6.210586e-05	4.996805e-05	1.213781e-05
314           	4.016936e-03	1.983871e-03	2.033065e-03	-5.374154e-04	2.121784e-04	-7.495938e-04	4.808861e-04	-2.459678e-05	1.890333e-05	6.207087e-05	4.993876e-05	1.213211e-05
315           	4.016724e-03	1.983774e-03	2.032950e-03	-5.374124e-04	2.121309e-04	-7.495433e-04	4.808371e-04	-2.458786e-05	1.889163e-05	6.203614e-05	4.990970e-05	1.212644e-05
316           	4.016515e-03	1.983679e-03	2.032837e-03	-5.374095e-04	2.120838e-04	-7.494934e-04	4.807886e-04	-2.457898e-05	1.888001e-05	6.200164e-05	4.988083e-05	1.212080e-05
317           	4.016309e-03	1.983584e-03	2.032725e-03	-5.374068e-04	2.120373e-04	-7.494441e-04	4.807407e-04	-2.457016e-05	1.886846e-05	6.196734e-05	4.985213e-05	1.211521e-05
318           	4.016105e-03	1.983491e-03	2.032614e-03	-5.374041e-04	2.119914e-04	-7.493955e-04	4.806934e-04	-2.456139e-05	1.885697e-05	6.193326e-05	4.982360e-05	1.210966e-05
319           	4.015903e-03	1.983399e-03	2.032504e-03	-5.374016e-04	2.119459e-04	-7.493475e-04	4.806467e-04	-2.455270e-05	1.884555e-05	6.189942e-05	4.979526e-05	1.210416e-05
320           	4.015704e-03	1.983308e-03	2.032396e-03	-5.373991e-04	2.119010e-04	-7.493001e-04	4.806005e-04	-2.454407e-05	1.883421e-05	6.186583e-05	4.976713e-05	1.209870e-05
321           	4.015506e-03	1.983218e-03	2.032289e-03	-5.373967e-04	2.118566e-04	-7.492533e-04	4.805549e-04	-2.453552e-05	1.882296e-05	6.183252e-05	4.973922e-05	1.209330e-05
322           	4.015312e-03	1.983129e-03	2.032183e-03	-5.373944e-04	2.118127e-04	-7.492071e-04	4.805099e-04	-2.452704e-05	1.881181e-05	6.179951e-05	4.971156e-05	1.208794e-05
323           	4.015119e-03	1.983041e-03	2.032078e-03	-5.373922e-04	2.117693e-04	-7.491615e-04	4.804654e-04	-2.451863e-05	1.880076e-05	6.176680e-05	4.968416e-05	1.208264e-05
324           	4.014929e-03	1.982954e-03	2.031975e-03	-5.373900e-04	2.117264e-04	-7.491165e-04	4.804214e-04	-2.451029e-05	1.878981e-05	6.173439e-05	4.965700e-05	1.207739e-05
325           	4.014741e-03	1.982869e-03	2.031873e-03	-5.373880e-04	2.116840e-04	-7.490720e-04	4.803780e-04	-2.450202e-05	1.877895e-05	6.170225e-05	4.963008e-05	1.207218e-05
326           	4.014555e-03	1.982784e-03	2.031771e-03	-5.373859e-04	2.116422e-04	-7.490281e-04	4.803351e-04	-2.449380e-05	1.876817e-05	6.167038e-05	4.960337e-05	1.206702e-05
327           	4.014372e-03	1.982700e-03	2.031672e-03	-5.373840e-04	2.116008e-04	-7.489848e-04	4.802928e-04	-2.448563e-05	1.875747e-05	6.163874e-05	4.957685e-05	1.206190e-05
328           	4.014190e-03	1.982618e-03	2.031573e-03	-5.373821e-04	2.115598e-04	-7.489419e-04	4.802509e-04	-2.447751e-05	1.874684e-05	6.160732e-05	4.955050e-05	1.205682e-05
329           	4.014011e-03	1.982536e-03	2.031475e-03	-5.373803e-04	2.115194e-04	-7.488997e-04	4.802095e-04	-2.446943e-05	1.873625e-05	6.157608e-05	4.952429e-05	1.205179e-05
330           	4.013834e-03	1.982456e-03	2.031378e-03	-5.373785e-04	2.114794e-04	-7.488580e-04	4.801687e-04	-2.446138e-05	1.872571e-05	6.154501e-05	4.949822e-05	1.204679e-05
331           	4.013659e-03	1.982376e-03	2.031283e-03	-5.373769e-04	2.114399e-04	-7.488168e-04	4.801283e-04	-2.445337e-05	1.871521e-05	6.151411e-05	4.947227e-05	1.204184e-05
332           	4.013486e-03	1.982298e-03	2.031188e-03	-5.373752e-04	2.114009e-04	-7.487761e-04	4.800885e-04	-2.444540e-05	1.870475e-05	6.148336e-05	4.944643e-05	1.203693e-05
333           	4.013315e-03	1.982220e-03	2.031095e-03	-5.373737e-04	2.113623e-04	-7.487359e-04	4.800491e-04	-2.443746e-05	1.869432e-05	6.145277e-05	4.942071e-05	1.203206e-05
334           	4.013146e-03	1.982143e-03	2.031003e-03	-5.373722e-04	2.113241e-04	-7.486963e-04	4.800102e-04	-2.442956e-05	1.868393e-05	6.142233e-05	4.939510e-05	1.202723e-05
335           	4.012979e-03	1.982068e-03	2.030911e-03	-5.373708e-04	2.112864e-04	-7.486572e-04	4.799718e-04	-2.442170e-05	1.867358e-05	6.139206e-05	4.936961e-05	1.202244e-05
336           	4.012814e-03	1.981993e-03	2.030821e-03	-5.373694e-04	2.112491e-04	-7.486185e-04	4.799338e-04	-2.441387e-05	1.866327e-05	6.136194e-05	4.934424e-05	1.201770e-05
337           	4.012651e-03	1.981919e-03	2.030731e-03	-5.373681e-04	2.112122e-04	-7.485804e-04	4.798963e-04	-2.440609e-05	1.865300e-05	6.133198e-05	4.931899e-05	1.201299e-05
338           	4.012490e-03	1.981846e-03	2.030643e-03	-5.373669e-04	2.111758e-04	-7.485427e-04	4.798593e-04	-2.439834e-05	1.864276e-05	6.130218e-05	4.929385e-05	1.200833e-05
339           	4.012330e-03	1.981775e-03	2.030556e-03	-5.373657e-04	2.111398e-04	-7.485055e-04	4.798227e-04	-2.439062e-05	1.863256e-05	6.127253e-05	4.926882e-05	1.200370e-05
340           	4.012173e-03	1.981704e-03	2.030469e-03	-5.373646e-04	2.111042e-04	-7.484688e-04	4.797865e-04	-2.438294e-05	1.862239e-05	6.124302e-05	4.924389e-05	1.199912e-05
341           	4.012017e-03	1.981633e-03	2.030384e-03	-5.373635e-04	2.110690e-04	-7.484325e-04	4.797508e-04	-2.437529e-05	1.861224e-05	6.121363e-05	4.921906e-05	1.199458e-05
342           	4.011864e-03	1.981564e-03	2.030299e-03	-5.373625e-04	2.110343e-04	-7.483967e-04	4.797155e-04	-2.436766e-05	1.860212e-05	6.118438e-05	4.919430e-05	1.199007e-05
343           	4.011708e-03	1.981496e-03	2.030212e-03	-5.373623e-04	2.109997e-04	-7.483620e-04	4.796809e-04	-2.435778e-05	1.858935e-05	6.114808e-05	4.916339e-05	1.198469e-05
344           	4.011556e-03	1.981429e-03	2.030127e-03	-5.373613e-04	2.109655e-04	-7.483268e-04	4.796462e-04	-2.434876e-05	1.857760e-05	6.111456e-05	4.913488e-05	1.197968e-05
345           	4.011406e-03	1.981363e-03	2.030044e-03	-5.373606e-04	2.109318e-04	-7.482924e-04	4.796121e-04	-2.434061e-05	1.856687e-05	6.108382e-05	4.910878e-05	1.197504e-05
346           	4.011260e-03	1.981297e-03	2.029963e-03	-5.373603e-04	2.108985e-04	-7.482588e-04	4.795786e-04	-2.433323e-05	1.855703e-05	6.105547e-05	4.908476e-05	1.197071e-05
347           	4.011116e-03	1.981231e-03	2.029884e-03	-5.373601e-04	2.108656e-04	-7.482258e-04	4.795457e-04	-2.432638e-05	1.854781e-05	6.102882e-05	4.906222e-05	1.196660e-05
348           	4.010974e-03	1.981167e-03	2.029807e-03	-5.373600e-04	2.108332e-04	-7.481932e-04	4.795132e-04	-2.431985e-05	1.853892e-05	6.100314e-05	4.904049e-05	1.196265e-05
349           	4.010831e-03	1.981104e-03	2.029727e-03	-5.373604e-04	2.108011e-04	-7.481615e-04	4.794813e-04	-2.431119e-05	1.852754e-05	6.097079e-05	4.901294e-05	1.195786e-05
350           	4.010688e-03	1.981043e-03	2.029645e-03	-5.373604e-04	2.107692e-04	-7.481297e-04	4.794494e-04	-2.430096e-05	1.851431e-05	6.093355e-05	4.898109e-05	1.195246e-05
351           	4.010548e-03	1.980982e-03	2.029566e-03	-5.373598e-04	2.107377e-04	-7.480975e-04	4.794176e-04	-2.429222e-05	1.850279e-05	6.090102e-05	4.895330e-05	1.194772e-05
352           	4.010411e-03	1.980921e-03	2.029490e-03	-5.373596e-04	2.107066e-04	-7.480662e-04	4.793864e-04	-2.428480e-05	1.849278e-05	6.087262e-05	4.892909e-05	1.194353e-05
353           	4.010277e-03	1.980860e-03	2.029417e-03	-5.373596e-04	2.106760e-04	-7.480356e-04	4.793558e-04	-2.427837e-05	1.848391e-05	6.084733e-05	4.890757e-05	1.193976e-05
354           	4.010146e-03	1.980801e-03	2.029346e-03	-5.373596e-04	2.106459e-04	-7.480055e-04	4.793257e-04	-2.427254e-05	1.847571e-05	6.082391e-05	4.888766e-05	1.193625e-05
355           	4.010014e-03	1.980742e-03	2.029272e-03	-5.373602e-04	2.106161e-04	-7.479763e-04	4.792962e-04	-2.426473e-05	1.846521e-05	6.079433e-05	4.886238e-05	1.193195e-05
356           	4.009882e-03	1.980686e-03	2.029196e-03	-5.373604e-04	2.105864e-04	-7.479468e-04	4.792666e-04	-2.425538e-05	1.845293e-05	6.075998e-05	4.883292e-05	1.192706e-05
357           	4.009753e-03	1.980629e-03	2.029124e-03	-5.373599e-04	2.105571e-04	-7.479170e-04	4.792371e-04	-2.424739e-05	1.844216e-05	6.072987e-05	4.880710e-05	1.192277e-05
358           	4.009626e-03	1.980573e-03	2.029054e-03	-5.373597e-04	2.105282e-04	-7.478879e-04	4.792081e-04	-2.424051e-05	1.843267e-05	6.070328e-05	4.878431e-05	1.191897e-05
359           	4.009499e-03	1.980518e-03	2.028982e-03	-5.373602e-04	2.104996e-04	-7.478598e-04	4.791797e-04	-2.423217e-05	1.842152e-05	6.067218e-05	4.875761e-05	1.191457e-05
360           	4.009376e-03	1.980463e-03	2.028913e-03	-5.373600e-04	2.104714e-04	-7.478314e-04	4.791514e-04	-2.422509e-05	1.841178e-05	6.064501e-05	4.873429e-05	1.191072e-05
361           	4.009251e-03	1.980409e-03	2.028842e-03	-5.373605e-04	2.104435e-04	-7.478040e-04	4.791237e-04	-2.421668e-05	1.840053e-05	6.061374e-05	4.870741e-05	1.190634e-05
362           	4.009130e-03	1.980356e-03	2.028775e-03	-5.373604e-04	2.104159e-04	-7.477763e-04	4.790961e-04	-2.420964e-05	1.839084e-05	6.058677e-05	4.868423e-05	1.190254e-05
363           	4.009009e-03	1.980303e-03	2.028706e-03	-5.373611e-04	2.103885e-04	-7.477497e-04	4.790691e-04	-2.420137e-05	1.837974e-05	6.055597e-05	4.865772e-05	1.189825e-05
364           	4.008891e-03	1.980251e-03	2.028640e-03	-5.373612e-04	2.103616e-04	-7.477227e-04	4.790421e-04	-2.419453e-05	1.837025e-05	6.052964e-05	4.863506e-05	1.189457e-05
365           	4.008773e-03	1.980200e-03	2.028573e-03	-5.373619e-04	2.103349e-04	-7.476968e-04	4.790158e-04	-2.418647e-05	1.835937e-05	6.049954e-05	4.860914e-05	1.189041e-05
366           	4.008656e-03	1.980150e-03	2.028505e-03	-5.373625e-04	2.103084e-04	-7.476710e-04	4.789897e-04	-2.417754e-05	1.834748e-05	6.046675e-05	4.858086e-05	1.188589e-05
367           	4.008541e-03	1.980100e-03	2.028441e-03	-5.373627e-04	2.102823e-04	-7.476450e-04	4.789636e-04	-2.417048e-05	1.833770e-05	6.043977e-05	4.855758e-05	1.188218e-05
368           	4.008430e-03	1.980050e-03	2.028380e-03	-5.373630e-04	2.102567e-04	-7.476197e-04	4.789382e-04	-2.416482e-05	1.832947e-05	6.041710e-05	4.853802e-05	1.187908e-05
369           	4.008319e-03	1.980002e-03	2.028317e-03	-5.373639e-04	2.102313e-04	-7.475952e-04	4.789133e-04	-2.415779e-05	1.831969e-05	6.039020e-05	4.851479e-05	1.187542e-05
370           	4.008208e-03	1.979954e-03	2.028254e-03	-5.373646e-04	2.102061e-04	-7.475708e-04	4.788885e-04	-2.414965e-05	1.830863e-05	6.035988e-05	4.848857e-05	1.187131e-05
371           	4.008097e-03	1.979908e-03	2.028189e-03	-5.373652e-04	2.101812e-04	-7.475464e-04	4.788638e-04	-2.414075e-05	1.829669e-05	6.032721e-05	4.846030e-05	1.186692e-05
372           	4.007987e-03	1.979862e-03	2.028125e-03	-5.373658e-04	2.101564e-04	-7.475222e-04	4.788393e-04	-2.413147e-05	1.828432e-05	6.029338e-05	4.843101e-05	1.186237e-05
373           	4.007880e-03	1.979816e-03	2.028065e-03	-5.373660e-04	2.101321e-04	-7.474980e-04	4.788150e-04	-2.412456e-05	1.827463e-05	6.026697e-05	4.840812e-05	1.185885e-05
374           	4.007777e-03	1.979769e-03	2.028008e-03	-5.373664e-04	2.101082e-04	-7.474746e-04	4.787914e-04	-2.411941e-05	1.826693e-05	6.024601e-05	4.838993e-05	1.185608e-05
375           	4.007673e-03	1.979722e-03	2.027951e-03	-5.373675e-04	2.100844e-04	-7.474519e-04	4.787682e-04	-2.411420e-05	1.825996e-05	6.022639e-05	4.837316e-05	1.185323e-05
376           	4.007569e-03	1.979677e-03	2.027892e-03	-5.373682e-04	2.100610e-04	-7.474291e-04	4.787451e-04	-2.410781e-05	1.825149e-05	6.020281e-05	4.835290e-05	1.184991e-05
377           	4.007467e-03	1.979635e-03	2.027833e-03	-5.373690e-04	2.100378e-04	-7.474067e-04	4.787223e-04	-2.409899e-05	1.823918e-05	6.016962e-05	4.832399e-05	1.184563e-05
378           	4.007366e-03	1.979593e-03	2.027773e-03	-5.373697e-04	2.100147e-04	-7.473845e-04	4.786996e-04	-2.408972e-05	1.822630e-05	6.013498e-05	4.829380e-05	1.184119e-05
379           	4.007264e-03	1.979550e-03	2.027714e-03	-5.373701e-04	2.099919e-04	-7.473620e-04	4.786770e-04	-2.408189e-05	1.821591e-05	6.010650e-05	4.826916e-05	1.183734e-05
380           	4.007166e-03	1.979507e-03	2.027659e-03	-5.373705e-04	2.099694e-04	-7.473399e-04	4.786547e-04	-2.407601e-05	1.820771e-05	6.008401e-05	4.824972e-05	1.183429e-05
381           	4.007069e-03	1.979465e-03	2.027604e-03	-5.373715e-04	2.099473e-04	-7.473188e-04	4.786330e-04	-2.406951e-05	1.819869e-05	6.005938e-05	4.822839e-05	1.183100e-05
382           	4.006972e-03	1.979424e-03	2.027549e-03	-5.373725e-04	2.099253e-04	-7.472978e-04	4.786116e-04	-2.406247e-05	1.818894e-05	6.003286e-05	4.820537e-05	1.182749e-05
383           	4.006877e-03	1.979383e-03	2.027493e-03	-5.373734e-04	2.099036e-04	-7.472770e-04	4.785903e-04	-2.405504e-05	1.817861e-05	6.000489e-05	4.818105e-05	1.182384e-05
384           	4.006782e-03	1.979344e-03	2.027439e-03	-5.373743e-04	2.098822e-04	-7.472565e-04	4.785693e-04	-2.404737e-05	1.816791e-05	5.997604e-05	4.815593e-05	1.182011e-05
385           	4.006693e-03	1.979306e-03	2.027387e-03	-5.373750e-04	2.098611e-04	-7.472362e-04	4.785486e-04	-2.404065e-05	1.815708e-05	5.994799e-05	4.813108e-05	1.181691e-05
386           	4.006603e-03	1.979266e-03	2.027336e-03	-5.373763e-04	2.098403e-04	-7.472165e-04	4.785284e-04	-2.403477e-05	1.814855e-05	5.992501e-05	4.811105e-05	1.181395e-05
387           	4.006512e-03	1.979228e-03	2.027285e-03	-5.373772e-04	2.098196e-04	-7.471968e-04	4.785082e-04	-2.402844e-05	1.813952e-05	5.990070e-05	4.808987e-05	1.181083e-05
388           	4.006423e-03	1.979190e-03	2.027233e-03	-5.373779e-04	2.097993e-04	-7.471772e-04	4.784882e-04	-2.402172e-05	1.813007e-05	5.987527e-05	4.806771e-05	1.180757e-05
389           	4.006335e-03	1.979153e-03	2.027182e-03	-5.373785e-04	2.097791e-04	-7.471577e-04	4.784684e-04	-2.401471e-05	1.812031e-05	5.984900e-05	4.804481e-05	1.180419e-05
390           	4.006247e-03	1.979116e-03	2.027131e-03	-5.373791e-04	2.097592e-04	-7.471384e-04	4.784488e-04	-2.400751e-05	1.811037e-05	5.982222e-05	4.802148e-05	1.180074e-05
391           	4.006160e-03	1.979080e-03	2.027080e-03	-5.373798e-04	2.097395e-04	-7.471193e-04	4.784294e-04	-2.400025e-05	1.810037e-05	5.979528e-05	4.799800e-05	1.179727e-05
392           	4.006074e-03	1.979044e-03	2.027030e-03	-5.373805e-04	2.097200e-04	-7.471006e-04	4.784103e-04	-2.399303e-05	1.809042e-05	5.976847e-05	4.797465e-05	1.179381e-05
393           	4.005990e-03	1.979009e-03	2.026981e-03	-5.373814e-04	2.097008e-04	-7.470822e-04	4.783915e-04	-2.398592e-05	1.808061e-05	5.974202e-05	4.795162e-05	1.179040e-05
394           	4.005906e-03	1.978974e-03	2.026932e-03	-5.373824e-04	2.096817e-04	-7.470641e-04	4.783729e-04	-2.397916e-05	1.807155e-05	5.971734e-05	4.793022e-05	1.178712e-05
395           	4.005824e-03	1.978939e-03	2.026884e-03	-5.373835e-04	2.096628e-04	-7.470464e-04	4.783546e-04	-2.397252e-05	1.806251e-05	5.969282e-05	4.790892e-05	1.178390e-05
396           	4.005745e-03	1.978905e-03	2.026840e-03	-5.373846e-04	2.096443e-04	-7.470289e-04	4.783366e-04	-2.396794e-05	1.805540e-05	5.967389e-05	4.789235e-05	1.178155e-05
397           	4.005667e-03	1.978871e-03	2.026796e-03	-5.373860e-04	2.096260e-04	-7.470121e-04	4.783190e-04	-2.396293e-05	1.804773e-05	5.965355e-05	4.787451e-05	1.177904e-05
398           	4.005589e-03	1.978837e-03	2.026752e-03	-5.373871e-04	2.096080e-04	-7.469951e-04	4.783016e-04	-2.395745e-05	1.803949e-05	5.963175e-05	4.785536e-05	1.177639e-05
399           	4.005512e-03	1.978804e-03	2.026708e-03	-5.373878e-04	2.095902e-04	-7.469780e-04	4.782841e-04	-2.395168e-05	1.803121e-05	5.960971e-05	4.783607e-05	1.177365e-05
400           	4.005435e-03	1.978772e-03	2.026663e-03	-5.373884e-04	2.095725e-04	-7.469609e-04	4.782667e-04	-2.394551e-05	1.802240e-05	5.958636e-05	4.781558e-05	1.177078e-05
401           	4.005359e-03	1.978741e-03	2.026619e-03	-5.373888e-04	2.095551e-04	-7.469439e-04	4.782495e-04	-2.393905e-05	1.801320e-05	5.956202e-05	4.779421e-05	1.176781e-05
402           	4.005284e-03	1.978709e-03	2.026574e-03	-5.373892e-04	2.095378e-04	-7.469270e-04	4.782324e-04	-2.393241e-05	1.800377e-05	5.953711e-05	4.777233e-05	1.176479e-05
403           	4.005209e-03	1.978679e-03	2.026530e-03	-5.373897e-04	2.095207e-04	-7.469104e-04	4.782155e-04	-2.392570e-05	1.799428e-05	5.951203e-05	4.775029e-05	1.176173e-05
404           	4.005134e-03	1.978648e-03	2.026486e-03	-5.373903e-04	2.095038e-04	-7.468940e-04	4.781989e-04	-2.391903e-05	1.798487e-05	5.948711e-05	4.772843e-05	1.175868e-05
405           	4.005061e-03	1.978618e-03	2.026443e-03	-5.373910e-04	2.094870e-04	-7.468780e-04	4.781825e-04	-2.391248e-05	1.797565e-05	5.946264e-05	4.770697e-05	1.175567e-05
406           	4.004988e-03	1.978588e-03	2.026400e-03	-5.373919e-04	2.094704e-04	-7.468623e-04	4.781664e-04	-2.390610e-05	1.796668e-05	5.943876e-05	4.768606e-05	1.175270e-05
407           	4.004917e-03	1.978559e-03	2.026358e-03	-5.373929e-04	2.094541e-04	-7.468470e-04	4.781505e-04	-2.389992e-05	1.795796e-05	5.941555e-05	4.766574e-05	1.174981e-05
408           	4.004847e-03	1.978529e-03	2.026317e-03	-5.373940e-04	2.094379e-04	-7.468319e-04	4.781349e-04	-2.389394e-05	1.794951e-05	5.939299e-05	4.764600e-05	1.174699e-05
409           	4.004777e-03	1.978500e-03	2.026277e-03	-5.373952e-04	2.094219e-04	-7.468170e-04	4.781195e-04	-2.388814e-05	1.794126e-05	5.937102e-05	4.762677e-05	1.174424e-05
410           	4.004709e-03	1.978472e-03	2.026237e-03	-5.373963e-04	2.094061e-04	-7.468024e-04	4.781042e-04	-2.388250e-05	1.793320e-05	5.934952e-05	4.760796e-05	1.174157e-05
411           	4.004638e-03	1.978438e-03	2.026200e-03	-5.373967e-04	2.093904e-04	-7.467871e-04	4.780887e-04	-2.388054e-05	1.793117e-05	5.934312e-05	4.760274e-05	1.174039e-05
412           	4.004572e-03	1.978412e-03	2.026160e-03	-5.373980e-04	2.093750e-04	-7.467730e-04	4.780740e-04	-2.387418e-05	1.792196e-05	5.931871e-05	4.758132e-05	1.173739e-05
413           	4.004507e-03	1.978386e-03	2.026121e-03	-5.373992e-04	2.093598e-04	-7.467590e-04	4.780594e-04	-2.386781e-05	1.791266e-05	5.929412e-05	4.755971e-05	1.173440e-05
414           	4.004443e-03	1.978360e-03	2.026083e-03	-5.374003e-04	2.093447e-04	-7.467451e-04	4.780449e-04	-2.386155e-05	1.790343e-05	5.926985e-05	4.753836e-05	1.173150e-05
415           	4.004379e-03	1.978334e-03	2.026045e-03	-5.374013e-04	2.093299e-04	-7.467312e-04	4.780305e-04	-2.385548e-05	1.789442e-05	5.924627e-05	4.751756e-05	1.172871e-05
416           	4.004316e-03	1.978308e-03	2.026008e-03	-5.374022e-04	2.093152e-04	-7.467174e-04	4.780163e-04	-2.384966e-05	1.788573e-05	5.922358e-05	4.749752e-05	1.172606e-05
417           	4.004251e-03	1.978278e-03	2.025973e-03	-5.374024e-04	2.093006e-04	-7.467030e-04	4.780018e-04	-2.384761e-05	1.788342e-05	5.921664e-05	4.749174e-05	1.172491e-05
418           	4.004190e-03	1.978254e-03	2.025936e-03	-5.374033e-04	2.092863e-04	-7.466897e-04	4.779880e-04	-2.384134e-05	1.787405e-05	5.919228e-05	4.747019e-05	1.172209e-05
419           	4.004129e-03	1.978229e-03	2.025900e-03	-5.374042e-04	2.092722e-04	-7.466764e-04	4.779743e-04	-2.383519e-05	1.786486e-05	5.916839e-05	4.744905e-05	1.171934e-05
420           	4.004066e-03	1.978200e-03	2.025866e-03	-5.374045e-04	2.092581e-04	-7.466626e-04	4.779603e-04	-2.383293e-05	1.786225e-05	5.916068e-05	4.744259e-05	1.171809e-05
421           	4.004008e-03	1.978177e-03	2.025830e-03	-5.374054e-04	2.092443e-04	-7.466498e-04	4.779471e-04	-2.382628e-05	1.785231e-05	5.913488e-05	4.741975e-05	1.171513e-05
422           	4.003949e-03	1.978155e-03	2.025794e-03	-5.374064e-04	2.092307e-04	-7.466371e-04	4.779339e-04	-2.381982e-05	1.784265e-05	5.910982e-05	4.739756e-05	1.171226e-05
423           	4.003889e-03	1.978127e-03	2.025762e-03	-5.374068e-04	2.092171e-04	-7.466239e-04	4.779205e-04	-2.381743e-05	1.783983e-05	5.910157e-05	4.739061e-05	1.171096e-05
424           	4.003832e-03	1.978105e-03	2.025727e-03	-5.374079e-04	2.092038e-04	-7.466116e-04	4.779077e-04	-2.381070e-05	1.782971e-05	5.907539e-05	4.736740e-05	1.170799e-05
425           	4.003773e-03	1.978078e-03	2.025695e-03	-5.374083e-04	2.091904e-04	-7.465988e-04	4.778946e-04	-2.380812e-05	1.782659e-05	5.906640e-05	4.735979e-05	1.170661e-05
426           	4.003718e-03	1.978058e-03	2.025660e-03	-5.374095e-04	2.091774e-04	-7.465869e-04	4.778822e-04	-2.380113e-05	1.781598e-05	5.903904e-05	4.733549e-05	1.170354e-05
427           	4.003660e-03	1.978032e-03	2.025628e-03	-5.374100e-04	2.091644e-04	-7.465744e-04	4.778694e-04	-2.379840e-05	1.781261e-05	5.902947e-05	4.732735e-05	1.170212e-05
428           	4.003607e-03	1.978012e-03	2.025595e-03	-5.374112e-04	2.091517e-04	-7.465629e-04	4.778573e-04	-2.379129e-05	1.780169e-05	5.900143e-05	4.730241e-05	1.169903e-05
429           	4.003550e-03	1.977987e-03	2.025564e-03	-5.374118e-04	2.091390e-04	-7.465508e-04	4.778449e-04	-2.378853e-05	1.779821e-05	5.899163e-05	4.729403e-05	1.169760e-05
430           	4.003495e-03	1.977962e-03	2.025533e-03	-5.374124e-04	2.091265e-04	-7.465388e-04	4.778327e-04	-2.378549e-05	1.779432e-05	5.898076e-05	4.728470e-05	1.169606e-05
431           	4.003444e-03	1.977944e-03	2.025500e-03	-5.374136e-04	2.091142e-04	-7.465278e-04	4.778210e-04	-2.377790e-05	1.778243e-05	5.895048e-05	4.725767e-05	1.169281e-05
