# Force and moment coefficients
# dragDir     : (1.000000e+00 0.000000e+00 0.000000e+00)
# sideDir     : (0.000000e+00 1.000000e+00 0.000000e+00)
# liftDir     : (0.000000e+00 0.000000e+00 1.000000e+00)
# rollAxis    : (1.000000e+00 0.000000e+00 0.000000e+00)
# pitchAxis   : (0.000000e+00 1.000000e+00 0.000000e+00)
# yawAxis     : (0.000000e+00 0.000000e+00 1.000000e+00)
# magUInf     : 6.661800e+00
# lRef        : 1.499270e-01
# Aref        : 5.000000e-02
# CofR        : (0.000000e+00 0.000000e+00 0.000000e+00)
#
# Time        	Cd            	Cd(f)         	Cd(r)         	Cl            	Cl(f)         	Cl(r)         	CmPitch       	CmRoll        	CmYaw         	Cs            	Cs(f)         	Cs(r)         
1             	4.599668e-01	2.246575e-01	2.353093e-01	-2.530349e-02	4.249916e-01	-4.502951e-01	4.376433e-01	-5.325915e-03	2.592773e-03	4.926747e-03	5.056147e-03	-1.293997e-04
2             	3.448783e-01	1.673449e-01	1.775333e-01	-3.143166e-02	3.178389e-01	-3.492705e-01	3.335547e-01	-5.094203e-03	2.468530e-03	4.786793e-03	4.861927e-03	-7.513367e-05
3             	2.673713e-01	1.298849e-01	1.374863e-01	-3.082703e-02	2.450378e-01	-2.758648e-01	2.604513e-01	-3.800721e-03	1.805836e-03	3.472405e-03	3.542038e-03	-6.963352e-05
4             	2.078677e-01	1.019615e-01	1.059062e-01	-2.554273e-02	1.888691e-01	-2.144119e-01	2.016405e-01	-1.972335e-03	8.880405e-04	1.533518e-03	1.654800e-03	-1.212813e-04
5             	1.592174e-01	7.947410e-02	7.974327e-02	-1.782189e-02	1.429893e-01	-1.608112e-01	1.519002e-01	-1.345853e-04	-2.583936e-06	-4.449828e-04	-2.250753e-04	-2.199075e-04
6             	1.198482e-01	6.119528e-02	5.865294e-02	-9.740705e-03	1.061004e-01	-1.158411e-01	1.109707e-01	1.271166e-03	-6.304755e-04	-1.958903e-03	-1.609927e-03	-3.489762e-04
7             	8.981667e-02	4.688793e-02	4.292874e-02	-2.839169e-03	7.829099e-02	-8.113016e-02	7.971057e-02	1.979592e-03	-8.619072e-04	-2.695444e-03	-2.209629e-03	-4.858150e-04
8             	6.902061e-02	3.644730e-02	3.257331e-02	2.011336e-03	5.940963e-02	-5.739829e-02	5.840396e-02	1.936996e-03	-6.848177e-04	-2.580115e-03	-1.974875e-03	-6.052399e-04
9             	5.654740e-02	2.954888e-02	2.699853e-02	4.581749e-03	4.848913e-02	-4.390738e-02	4.619826e-02	1.275174e-03	-1.921584e-04	-1.753816e-03	-1.069066e-03	-6.847497e-04
10            	5.074366e-02	2.562032e-02	2.512334e-02	5.128085e-03	4.385027e-02	-3.872219e-02	4.128623e-02	2.484868e-04	4.565529e-04	-5.044695e-04	2.043182e-04	-7.087877e-04
11            	4.953948e-02	2.391932e-02	2.562016e-02	4.198155e-03	4.343594e-02	-3.923778e-02	4.133686e-02	-8.504193e-04	1.087195e-03	8.269737e-04	1.500682e-03	-6.737083e-04
12            	5.086217e-02	2.366881e-02	2.719335e-02	2.436896e-03	4.521850e-02	-4.278161e-02	4.400005e-02	-1.762268e-03	1.553876e-03	1.932340e-03	2.520046e-03	-5.877061e-04
13            	5.296992e-02	2.417388e-02	2.879604e-02	4.339021e-04	4.752367e-02	-4.708976e-02	4.730672e-02	-2.311080e-03	1.766936e-03	2.597723e-03	3.065797e-03	-4.680742e-04
14            	5.464627e-02	2.489658e-02	2.974969e-02	-1.370474e-03	4.921209e-02	-5.058257e-02	4.989733e-02	-2.426557e-03	1.704386e-03	2.734577e-03	3.071674e-03	-3.370974e-04
15            	5.524992e-02	2.548180e-02	2.976811e-02	-2.721956e-03	4.971873e-02	-5.244068e-02	5.107970e-02	-2.143154e-03	1.407973e-03	2.379979e-03	2.597962e-03	-2.179833e-04
16            	5.464488e-02	2.574725e-02	2.889763e-02	-3.541793e-03	4.897603e-02	-5.251783e-02	5.074693e-02	-1.575194e-03	9.639875e-04	1.668566e-03	1.798270e-03	-1.297047e-04
17            	5.304527e-02	2.564240e-02	2.740287e-02	-3.881554e-03	4.725010e-02	-5.113165e-02	4.919087e-02	-8.802357e-04	4.795032e-04	7.897645e-04	8.743854e-04	-8.462099e-05
18            	5.085252e-02	2.520791e-02	2.564461e-02	-3.870095e-03	4.497668e-02	-4.884677e-02	4.691173e-02	-2.183517e-04	5.560116e-05	-6.082583e-05	2.518824e-05	-8.601407e-05
19            	4.849752e-02	2.453097e-02	2.396656e-02	-3.659873e-03	4.260308e-02	-4.626295e-02	4.443301e-02	2.822049e-04	-2.332436e-04	-7.225911e-04	-5.945391e-04	-1.280520e-04
20            	4.632352e-02	2.370763e-02	2.261589e-02	-3.385071e-03	4.047369e-02	-4.385876e-02	4.216623e-02	5.458703e-04	-3.505392e-04	-1.096848e-03	-8.989632e-04	-1.978849e-04
21            	4.453379e-02	2.282431e-02	2.170948e-02	-3.139717e-03	3.878199e-02	-4.192171e-02	4.035185e-02	5.574170e-04	-3.001703e-04	-1.157110e-03	-8.787254e-04	-2.783848e-04
22            	4.318261e-02	2.194499e-02	2.123762e-02	-2.970452e-03	3.756586e-02	-4.053631e-02	3.905108e-02	3.536879e-04	-1.184069e-04	-9.417193e-04	-5.892666e-04	-3.524528e-04
23            	4.220806e-02	2.111293e-02	2.109514e-02	-2.883646e-03	3.674485e-02	-3.962850e-02	3.818668e-02	8.894745e-06	1.367851e-04	-5.371438e-04	-1.317868e-04	-4.053571e-04
24            	4.147714e-02	2.035156e-02	2.112558e-02	-2.857785e-03	3.616868e-02	-3.902647e-02	3.759757e-02	-3.870103e-04	4.018750e-04	-5.193119e-05	3.759094e-04	-4.278406e-04
25            	4.084433e-02	1.967395e-02	2.117038e-02	-2.860856e-03	3.567866e-02	-3.853952e-02	3.710909e-02	-7.482130e-04	6.204190e-04	4.072835e-04	8.240608e-04	-4.167772e-04
26            	4.019271e-02	1.908708e-02	2.110563e-02	-2.863549e-03	3.514894e-02	-3.801249e-02	3.658071e-02	-1.009274e-03	7.532665e-04	7.561046e-04	1.131319e-03	-3.752142e-04
27            	3.945438e-02	1.859303e-02	2.086135e-02	-2.846699e-03	3.450772e-02	-3.735442e-02	3.593107e-02	-1.134162e-03	7.832754e-04	9.444171e-04	1.255484e-03	-3.110668e-04
28            	3.861734e-02	1.819077e-02	2.042657e-02	-2.804765e-03	3.374359e-02	-3.654835e-02	3.514597e-02	-1.117898e-03	7.152012e-04	9.600817e-04	1.195242e-03	-2.351604e-04
29            	3.771617e-02	1.787562e-02	1.984054e-02	-2.744365e-03	3.289477e-02	-3.563914e-02	3.426696e-02	-9.824613e-04	5.713912e-04	8.246686e-04	9.837255e-04	-1.590568e-04
30            	3.681371e-02	1.763908e-02	1.917463e-02	-2.679946e-03	3.202951e-02	-3.470945e-02	3.336948e-02	-7.677719e-04	3.846621e-04	5.835553e-04	6.764397e-04	-9.288440e-05
31            	3.597726e-02	1.746744e-02	1.850981e-02	-2.627562e-03	3.122083e-02	-3.384839e-02	3.253461e-02	-5.211860e-04	1.903106e-04	2.931666e-04	3.368939e-04	-4.372728e-05
32            	3.525919e-02	1.734246e-02	1.791673e-02	-2.599682e-03	3.052655e-02	-3.312624e-02	3.182640e-02	-2.871352e-04	1.893473e-05	8.373656e-06	2.312156e-05	-1.474790e-05
33            	3.468696e-02	1.724370e-02	1.744326e-02	-2.602477e-03	2.997832e-02	-3.258080e-02	3.127956e-02	-9.978321e-05	-1.081628e-04	-2.268921e-04	-2.216088e-04	-5.283266e-06
34            	3.425934e-02	1.715083e-02	1.710852e-02	-2.634780e-03	2.957757e-02	-3.221235e-02	3.089496e-02	2.115392e-05	-1.810824e-04	-3.854126e-04	-3.737888e-04	-1.162389e-05
35            	3.395022e-02	1.704622e-02	1.690401e-02	-2.689101e-03	2.929932e-02	-3.198842e-02	3.064387e-02	7.110450e-05	-2.010525e-04	-4.583712e-04	-4.302381e-04	-2.813307e-05
36            	3.371740e-02	1.691704e-02	1.680036e-02	-2.754035e-03	2.910117e-02	-3.185521e-02	3.047819e-02	5.834147e-05	-1.779861e-04	-4.532519e-04	-4.046120e-04	-4.863990e-05
37            	3.351351e-02	1.675678e-02	1.675674e-02	-2.817184e-03	2.893468e-02	-3.175187e-02	3.034327e-02	1.970804e-08	-1.270068e-04	-3.892284e-04	-3.216210e-04	-6.760740e-05
38            	3.329647e-02	1.656552e-02	1.673095e-02	-2.867963e-03	2.875621e-02	-3.162418e-02	3.019020e-02	-8.271578e-05	-6.471423e-05	-2.914649e-04	-2.104467e-04	-8.101822e-05
39            	3.303717e-02	1.634928e-02	1.668789e-02	-2.899608e-03	2.853502e-02	-3.143462e-02	2.998482e-02	-1.693012e-04	-5.927879e-06	-1.854527e-04	-9.865424e-05	-8.679849e-05
40            	3.272310e-02	1.611827e-02	1.660483e-02	-2.910027e-03	2.825711e-02	-3.116714e-02	2.971212e-02	-2.432778e-04	3.867965e-05	-9.235695e-05	-7.498828e-06	-8.485813e-05
41            	3.235777e-02	1.588460e-02	1.647317e-02	-2.901505e-03	2.792498e-02	-3.082648e-02	2.937573e-02	-2.942879e-04	6.361384e-05	-2.620934e-05	5.050918e-05	-7.671851e-05
42            	3.195709e-02	1.566016e-02	1.629693e-02	-2.879558e-03	2.755399e-02	-3.043354e-02	2.899376e-02	-3.183893e-04	6.831747e-05	6.928729e-06	7.178183e-05	-6.485310e-05
43            	3.154383e-02	1.545461e-02	1.608922e-02	-2.851324e-03	2.716689e-02	-3.001822e-02	2.859255e-02	-3.173049e-04	5.618396e-05	8.312391e-06	6.034015e-05	-5.202776e-05
44            	3.114174e-02	1.527414e-02	1.586759e-02	-2.823887e-03	2.678784e-02	-2.961172e-02	2.819978e-02	-2.967267e-04	3.299482e-05	-1.536815e-05	2.531074e-05	-4.067889e-05
45            	3.077046e-02	1.512099e-02	1.564947e-02	-2.802897e-03	2.643717e-02	-2.924007e-02	2.783862e-02	-2.642412e-04	5.153854e-06	-5.454448e-05	-2.211838e-05	-3.242609e-05
46            	3.044227e-02	1.499370e-02	1.544857e-02	-2.791699e-03	2.612797e-02	-2.891967e-02	2.752382e-02	-2.274371e-04	-2.176251e-05	-9.923511e-05	-7.138006e-05	-2.785504e-05
47            	3.016079e-02	1.488792e-02	1.527287e-02	-2.791095e-03	2.586469e-02	-2.865578e-02	2.726024e-02	-1.924782e-04	-4.394666e-05	-1.410155e-04	-1.144544e-04	-2.656108e-05
48            	2.992178e-02	1.479759e-02	1.512419e-02	-2.799642e-03	2.564376e-02	-2.844340e-02	2.704358e-02	-1.632997e-04	-5.974832e-05	-1.742522e-04	-1.468744e-04	-2.737779e-05
49            	2.971525e-02	1.471611e-02	1.499914e-02	-2.814336e-03	2.545566e-02	-2.827000e-02	2.686283e-02	-1.415152e-04	-6.946481e-05	-1.964801e-04	-1.677048e-04	-2.877522e-05
50            	2.952837e-02	1.463744e-02	1.489093e-02	-2.831478e-03	2.528781e-02	-2.811929e-02	2.670355e-02	-1.267458e-04	-7.480273e-05	-2.080988e-04	-1.788521e-04	-2.924665e-05
51            	2.934839e-02	1.455688e-02	1.479151e-02	-2.847536e-03	2.512748e-02	-2.797501e-02	2.655125e-02	-1.173172e-04	-7.812378e-05	-2.115641e-04	-1.839059e-04	-2.765829e-05
52            	2.916508e-02	1.447148e-02	1.469360e-02	-2.859802e-03	2.496420e-02	-2.782400e-02	2.639410e-02	-1.110586e-04	-8.169239e-05	-2.103429e-04	-1.868638e-04	-2.347904e-05
53            	2.897213e-02	1.438005e-02	1.459208e-02	-2.866786e-03	2.479134e-02	-2.765813e-02	2.622474e-02	-1.060169e-04	-8.708223e-05	-2.078842e-04	-1.910243e-04	-1.685986e-05
54            	2.876761e-02	1.428289e-02	1.448472e-02	-2.868285e-03	2.460659e-02	-2.747487e-02	2.604073e-02	-1.009153e-04	-9.486758e-05	-2.068581e-04	-1.982966e-04	-8.561478e-06
55            	2.855351e-02	1.418140e-02	1.437211e-02	-2.865199e-03	2.441150e-02	-2.727670e-02	2.584410e-02	-9.535412e-05	-1.045901e-04	-2.087011e-04	-2.089407e-04	2.395550e-07
56            	2.833453e-02	1.407753e-02	1.425699e-02	-2.859163e-03	2.421048e-02	-2.706964e-02	2.564006e-02	-8.972913e-05	-1.149841e-04	-2.135408e-04	-2.217545e-04	8.213729e-06
57            	2.811668e-02	1.397336e-02	1.414332e-02	-2.852107e-03	2.400930e-02	-2.686140e-02	2.543535e-02	-8.497690e-05	-1.243573e-04	-2.204149e-04	-2.345648e-04	1.414985e-05
58            	2.790583e-02	1.387075e-02	1.403508e-02	-2.845834e-03	2.381374e-02	-2.665958e-02	2.523666e-02	-8.216275e-05	-1.310637e-04	-2.277200e-04	-2.449237e-04	1.720370e-05
59            	2.770656e-02	1.377115e-02	1.393540e-02	-2.841699e-03	2.362844e-02	-2.647014e-02	2.504929e-02	-8.212515e-05	-1.339024e-04	-2.337221e-04	-2.507635e-04	1.704136e-05
60            	2.752148e-02	1.367553e-02	1.384596e-02	-2.840436e-03	2.345620e-02	-2.629663e-02	2.487641e-02	-8.521393e-05	-1.323865e-04	-2.370000e-04	-2.508865e-04	1.388649e-05
61            	2.735110e-02	1.358441e-02	1.376669e-02	-2.842127e-03	2.329775e-02	-2.613988e-02	2.471881e-02	-9.114208e-05	-1.268556e-04	-2.367877e-04	-2.452495e-04	8.461790e-06
62            	2.719400e-02	1.349798e-02	1.369602e-02	-2.846301e-03	2.315201e-02	-2.599831e-02	2.457516e-02	-9.901919e-05	-1.184001e-04	-2.331049e-04	-2.349526e-04	1.847685e-06
63            	2.704747e-02	1.341623e-02	1.363124e-02	-2.852117e-03	2.301655e-02	-2.586867e-02	2.444261e-02	-1.075041e-04	-1.086488e-04	-2.267197e-04	-2.220087e-04	-4.711048e-06
64            	2.690818e-02	1.333902e-02	1.356916e-02	-2.858583e-03	2.288830e-02	-2.574688e-02	2.431759e-02	-1.150664e-04	-9.945338e-05	-2.189482e-04	-2.089275e-04	-1.002070e-05
65            	2.677285e-02	1.326615e-02	1.350670e-02	-2.864759e-03	2.276417e-02	-2.562893e-02	2.419655e-02	-1.202725e-04	-9.255012e-05	-2.113568e-04	-1.982285e-04	-1.312830e-05
66            	2.663883e-02	1.319736e-02	1.344147e-02	-2.869919e-03	2.264161e-02	-2.551153e-02	2.407657e-02	-1.220596e-04	-8.925101e-05	-2.054321e-04	-1.919671e-04	-1.346507e-05
67            	2.650441e-02	1.313229e-02	1.337212e-02	-2.873642e-03	2.251892e-02	-2.539256e-02	2.395574e-02	-1.199118e-04	-9.024636e-05	-2.023053e-04	-1.913990e-04	-1.090629e-05
68            	2.636890e-02	1.307051e-02	1.329839e-02	-2.875822e-03	2.239536e-02	-2.527118e-02	2.383327e-02	-1.139389e-04	-9.550855e-05	-2.025685e-04	-1.967928e-04	-5.775698e-06
69            	2.623259e-02	1.301145e-02	1.322114e-02	-2.876637e-03	2.227106e-02	-2.514769e-02	2.370938e-02	-1.048435e-04	-1.043365e-04	-2.061888e-04	-2.074308e-04	1.242081e-06
70            	2.609639e-02	1.295441e-02	1.314198e-02	-2.876453e-03	2.214679e-02	-2.502324e-02	2.358502e-02	-9.378489e-05	-1.154972e-04	-2.125499e-04	-2.217721e-04	9.222248e-06
71            	2.596159e-02	1.289861e-02	1.306298e-02	-2.875725e-03	2.202367e-02	-2.489939e-02	2.346153e-02	-8.218379e-05	-1.274483e-04	-2.205956e-04	-2.377461e-04	1.715045e-05
72            	2.582949e-02	1.284324e-02	1.298625e-02	-2.874904e-03	2.190285e-02	-2.477775e-02	2.334030e-02	-7.150765e-05	-1.385788e-04	-2.290206e-04	-2.530891e-04	2.406849e-05
73            	2.570118e-02	1.278755e-02	1.291363e-02	-2.874351e-03	2.178531e-02	-2.465966e-02	2.322249e-02	-6.304273e-05	-1.474619e-04	-2.364959e-04	-2.657099e-04	2.921401e-05
74            	2.557733e-02	1.273093e-02	1.284640e-02	-2.874301e-03	2.167168e-02	-2.454598e-02	2.310883e-02	-5.773677e-05	-1.530327e-04	-2.418701e-04	-2.739678e-04	3.209767e-05
75            	2.545819e-02	1.267300e-02	1.278519e-02	-2.874840e-03	2.156217e-02	-2.443701e-02	2.299959e-02	-5.609355e-05	-1.547085e-04	-2.443256e-04	-2.768713e-04	3.254568e-05
76            	2.534359e-02	1.261366e-02	1.272993e-02	-2.875927e-03	2.145667e-02	-2.433260e-02	2.289464e-02	-5.813724e-05	-1.524352e-04	-2.434754e-04	-2.741729e-04	3.069746e-05
77            	2.523303e-02	1.255306e-02	1.267997e-02	-2.877427e-03	2.135477e-02	-2.423220e-02	2.279349e-02	-6.345609e-05	-1.466400e-04	-2.393752e-04	-2.663276e-04	2.695243e-05
78            	2.512589e-02	1.249165e-02	1.263424e-02	-2.879156e-03	2.125594e-02	-2.413509e-02	2.269552e-02	-7.129620e-05	-1.381310e-04	-2.324765e-04	-2.543692e-04	2.189272e-05
79            	2.502147e-02	1.243004e-02	1.259143e-02	-2.880923e-03	2.115960e-02	-2.404052e-02	2.260006e-02	-8.069646e-05	-1.279490e-04	-2.235246e-04	-2.397113e-04	1.618673e-05
80            	2.491923e-02	1.236899e-02	1.255024e-02	-2.882572e-03	2.106529e-02	-2.394786e-02	2.250658e-02	-9.062889e-05	-1.172180e-04	-2.134369e-04	-2.239365e-04	1.049961e-05
81            	2.481876e-02	1.230923e-02	1.250953e-02	-2.883999e-03	2.097270e-02	-2.385670e-02	2.241470e-02	-1.001507e-04	-1.069736e-04	-2.031438e-04	-2.085455e-04	5.401669e-06
82            	2.471985e-02	1.225142e-02	1.246843e-02	-2.885164e-03	2.088168e-02	-2.376685e-02	2.232427e-02	-1.085032e-04	-9.805158e-05	-1.934758e-04	-1.947895e-04	1.313660e-06
83            	2.462248e-02	1.219606e-02	1.242643e-02	-2.886081e-03	2.079224e-02	-2.367832e-02	2.223528e-02	-1.151836e-04	-9.100648e-05	-1.850667e-04	-1.835398e-04	-1.526881e-06
84            	2.452678e-02	1.214342e-02	1.238337e-02	-2.886809e-03	2.070450e-02	-2.359131e-02	2.214790e-02	-1.199745e-04	-8.607874e-05	-1.782984e-04	-1.752280e-04	-3.070472e-06
85            	2.443294e-02	1.209354e-02	1.233940e-02	-2.887428e-03	2.061863e-02	-2.350606e-02	2.206234e-02	-1.229282e-04	-8.320746e-05	-1.732874e-04	-1.698511e-04	-3.436221e-06
86            	2.434115e-02	1.204626e-02	1.229490e-02	-2.888024e-03	2.053479e-02	-2.342281e-02	2.197880e-02	-1.243177e-04	-8.208596e-05	-1.699118e-04	-1.670418e-04	-2.869931e-06
87            	2.425159e-02	1.200123e-02	1.225037e-02	-2.888663e-03	2.045311e-02	-2.334177e-02	2.189744e-02	-1.245704e-04	-8.223366e-05	-1.678610e-04	-1.661642e-04	-1.696863e-06
88            	2.416434e-02	1.195798e-02	1.220636e-02	-2.889392e-03	2.037362e-02	-2.326301e-02	2.181831e-02	-1.241939e-04	-8.307871e-05	-1.666998e-04	-1.664286e-04	-2.711875e-07
89            	2.407940e-02	1.191600e-02	1.216341e-02	-2.890228e-03	2.029628e-02	-2.318651e-02	2.174140e-02	-1.237033e-04	-8.404026e-05	-1.659393e-04	-1.670099e-04	1.070633e-06
90            	2.399669e-02	1.187479e-02	1.212190e-02	-2.891161e-03	2.022098e-02	-2.311214e-02	2.166656e-02	-1.235591e-04	-8.459530e-05	-1.651045e-04	-1.671476e-04	2.043034e-06
91            	2.391607e-02	1.183392e-02	1.208214e-02	-2.892167e-03	2.014756e-02	-2.303973e-02	2.159365e-02	-1.241096e-04	-8.435208e-05	-1.637988e-04	-1.662515e-04	2.452678e-06
92            	2.383736e-02	1.179310e-02	1.204426e-02	-2.893208e-03	2.007585e-02	-2.296906e-02	2.152245e-02	-1.255810e-04	-8.305484e-05	-1.617296e-04	-1.639196e-04	2.190059e-06
93            	2.376038e-02	1.175213e-02	1.200825e-02	-2.894243e-03	2.000566e-02	-2.289991e-02	2.145278e-02	-1.280595e-04	-8.060638e-05	-1.587376e-04	-1.599752e-04	1.237565e-06
94            	2.368498e-02	1.171098e-02	1.197400e-02	-2.895238e-03	1.993686e-02	-2.283210e-02	2.138448e-02	-1.315116e-04	-7.704746e-05	-1.547879e-04	-1.544414e-04	-3.464656e-07
95            	2.361103e-02	1.166971e-02	1.194132e-02	-2.896169e-03	1.986934e-02	-2.276551e-02	2.131742e-02	-1.358072e-04	-7.252998e-05	-1.499537e-04	-1.475068e-04	-2.446869e-06
96            	2.353847e-02	1.162849e-02	1.190999e-02	-2.897027e-03	1.980306e-02	-2.270008e-02	2.125157e-02	-1.407514e-04	-6.728024e-05	-1.443900e-04	-1.394753e-04	-4.914773e-06
97            	2.346727e-02	1.158752e-02	1.187976e-02	-2.897816e-03	1.973801e-02	-2.263582e-02	2.118691e-02	-1.461193e-04	-6.156015e-05	-1.383010e-04	-1.307106e-04	-7.590342e-06
98            	2.339744e-02	1.154704e-02	1.185041e-02	-2.898549e-03	1.967422e-02	-2.257277e-02	2.112349e-02	-1.516869e-04	-5.563039e-05	-1.319070e-04	-1.215839e-04	-1.032311e-05
99            	2.332902e-02	1.150725e-02	1.182176e-02	-2.899246e-03	1.961174e-02	-2.251098e-02	2.106136e-02	-1.572550e-04	-4.972201e-05	-1.254182e-04	-1.124311e-04	-1.298711e-05
100           	2.326204e-02	1.146835e-02	1.179369e-02	-2.899931e-03	1.955062e-02	-2.245055e-02	2.100059e-02	-1.626666e-04	-4.401580e-05	-1.190120e-04	-1.035218e-04	-1.549022e-05
101           	2.319654e-02	1.143046e-02	1.176608e-02	-2.900621e-03	1.949091e-02	-2.239153e-02	2.094122e-02	-1.678124e-04	-3.863565e-05	-1.128243e-04	-9.504780e-05	-1.777651e-05
102           	2.313255e-02	1.139363e-02	1.173892e-02	-2.901334e-03	1.943263e-02	-2.233397e-02	2.088330e-02	-1.726441e-04	-3.363473e-05	-1.069285e-04	-8.709898e-05	-1.982952e-05
103           	2.307007e-02	1.135788e-02	1.171219e-02	-2.902079e-03	1.937578e-02	-2.227786e-02	2.082682e-02	-1.771533e-04	-2.901732e-05	-1.013565e-04	-7.969558e-05	-2.166094e-05
104           	2.300907e-02	1.132317e-02	1.168590e-02	-2.902857e-03	1.932034e-02	-2.222319e-02	2.077176e-02	-1.813684e-04	-2.474373e-05	-9.609822e-05	-7.279284e-05	-2.330538e-05
105           	2.294952e-02	1.128941e-02	1.166010e-02	-2.903664e-03	1.926625e-02	-2.216991e-02	2.071808e-02	-1.853447e-04	-2.074369e-05	-9.111074e-05	-6.629906e-05	-2.481168e-05
106           	2.289136e-02	1.125653e-02	1.163483e-02	-2.904493e-03	1.921346e-02	-2.211795e-02	2.066570e-02	-1.891495e-04	-1.693256e-05	-8.633255e-05	-6.009884e-05	-2.623372e-05
107           	2.283453e-02	1.122441e-02	1.161012e-02	-2.905333e-03	1.916190e-02	-2.206723e-02	2.061456e-02	-1.928523e-04	-1.322395e-05	-8.169434e-05	-5.407112e-05	-2.762322e-05
108           	2.277897e-02	1.119297e-02	1.158600e-02	-2.906173e-03	1.911151e-02	-2.201768e-02	2.056459e-02	-1.965169e-04	-9.539979e-06	-7.712831e-05	-4.810413e-05	-2.902417e-05
109           	2.272462e-02	1.116211e-02	1.156250e-02	-2.907004e-03	1.906222e-02	-2.196923e-02	2.051572e-02	-2.001950e-04	-5.819122e-06	-7.257624e-05	-4.210724e-05	-3.046900e-05
110           	2.267143e-02	1.113179e-02	1.153963e-02	-2.907819e-03	1.901399e-02	-2.192181e-02	2.046790e-02	-2.039214e-04	-2.020896e-06	-6.799535e-05	-3.601857e-05	-3.197678e-05
111           	2.261937e-02	1.110197e-02	1.151740e-02	-2.908617e-03	1.896679e-02	-2.187541e-02	2.042110e-02	-2.077183e-04	1.879117e-06	-6.335578e-05	-2.979877e-05	-3.355701e-05
112           	2.256840e-02	1.107262e-02	1.149578e-02	-2.909394e-03	1.892058e-02	-2.182998e-02	2.037528e-02	-2.115838e-04	5.876126e-06	-5.865426e-05	-2.345100e-05	-3.520326e-05
113           	2.251850e-02	1.104374e-02	1.147476e-02	-2.910150e-03	1.887534e-02	-2.178549e-02	2.033042e-02	-2.155095e-04	9.955673e-06	-5.389389e-05	-1.699127e-05	-3.690262e-05
114           	2.246966e-02	1.101535e-02	1.145430e-02	-2.910888e-03	1.883106e-02	-2.174195e-02	2.028650e-02	-2.194752e-04	1.408971e-05	-4.909307e-05	-1.045682e-05	-3.863625e-05
115           	2.242186e-02	1.098747e-02	1.143439e-02	-2.911612e-03	1.878773e-02	-2.169934e-02	2.024354e-02	-2.234566e-04	1.824553e-05	-4.427655e-05	-3.892746e-06	-4.038381e-05
116           	2.237510e-02	1.096012e-02	1.141498e-02	-2.912323e-03	1.874535e-02	-2.165767e-02	2.020151e-02	-2.274289e-04	2.239030e-05	-3.947140e-05	2.654597e-06	-4.212600e-05
117           	2.232936e-02	1.093331e-02	1.139605e-02	-2.913026e-03	1.870390e-02	-2.161693e-02	2.016041e-02	-2.313695e-04	2.649513e-05	-3.470295e-05	9.143657e-06	-4.384660e-05
118           	2.228464e-02	1.090706e-02	1.137758e-02	-2.913724e-03	1.866338e-02	-2.157711e-02	2.012025e-02	-2.352590e-04	3.053558e-05	-2.999387e-05	1.553864e-05	-4.553251e-05
119           	2.224091e-02	1.088137e-02	1.135954e-02	-2.914417e-03	1.862378e-02	-2.153820e-02	2.008099e-02	-2.390821e-04	3.449286e-05	-2.536303e-05	2.181134e-05	-4.717437e-05
120           	2.219816e-02	1.085625e-02	1.134191e-02	-2.915106e-03	1.858508e-02	-2.150018e-02	2.004263e-02	-2.428278e-04	3.835381e-05	-2.082526e-05	2.794118e-05	-4.876644e-05
121           	2.215637e-02	1.083170e-02	1.132467e-02	-2.915792e-03	1.854725e-02	-2.146304e-02	2.000515e-02	-2.464886e-04	4.210994e-05	-1.639169e-05	3.391409e-05	-5.030578e-05
122           	2.211550e-02	1.080769e-02	1.130781e-02	-2.916470e-03	1.851028e-02	-2.142675e-02	1.996851e-02	-2.500610e-04	4.576060e-05	-1.206898e-05	3.972611e-05	-5.179509e-05
123           	2.207555e-02	1.078423e-02	1.129132e-02	-2.917142e-03	1.847414e-02	-2.139128e-02	1.993271e-02	-2.535446e-04	4.930205e-05	-7.860124e-06	4.537199e-05	-5.323211e-05
124           	2.203649e-02	1.076130e-02	1.127518e-02	-2.917808e-03	1.843882e-02	-2.135663e-02	1.989772e-02	-2.569409e-04	5.273749e-05	-3.764995e-06	5.085499e-05	-5.461999e-05
125           	2.199830e-02	1.073890e-02	1.125940e-02	-2.918466e-03	1.840430e-02	-2.132277e-02	1.986353e-02	-2.602501e-04	5.606716e-05	2.154680e-07	5.617489e-05	-5.595943e-05
126           	2.196097e-02	1.071700e-02	1.124396e-02	-2.919114e-03	1.837055e-02	-2.128967e-02	1.983011e-02	-2.634801e-04	5.930459e-05	4.090130e-06	6.134965e-05	-5.725953e-05
127           	2.192446e-02	1.069559e-02	1.122886e-02	-2.919750e-03	1.833756e-02	-2.125731e-02	1.979744e-02	-2.666357e-04	6.245686e-05	7.864425e-06	6.638907e-05	-5.852465e-05
128           	2.188875e-02	1.067466e-02	1.121410e-02	-2.920374e-03	1.830530e-02	-2.122567e-02	1.976549e-02	-2.697218e-04	6.553128e-05	1.154459e-05	7.130357e-05	-5.975898e-05
129           	2.185384e-02	1.065418e-02	1.119967e-02	-2.920984e-03	1.827376e-02	-2.119474e-02	1.973425e-02	-2.727454e-04	6.853785e-05	1.513991e-05	7.610781e-05	-6.096790e-05
130           	2.181971e-02	1.063414e-02	1.118557e-02	-2.921581e-03	1.824292e-02	-2.116450e-02	1.970371e-02	-2.757109e-04	7.148320e-05	1.865699e-05	8.081170e-05	-6.215471e-05
131           	2.178634e-02	1.061455e-02	1.117179e-02	-2.922166e-03	1.821277e-02	-2.113494e-02	1.967386e-02	-2.786201e-04	7.437088e-05	2.210022e-05	8.542099e-05	-6.332077e-05
132           	2.175371e-02	1.059538e-02	1.115833e-02	-2.922737e-03	1.818330e-02	-2.110604e-02	1.964467e-02	-2.814737e-04	7.720273e-05	2.547273e-05	8.993909e-05	-6.446636e-05
133           	2.172180e-02	1.057663e-02	1.114517e-02	-2.923294e-03	1.815448e-02	-2.107777e-02	1.961613e-02	-2.842730e-04	7.998279e-05	2.877732e-05	9.437145e-05	-6.559413e-05
134           	2.169062e-02	1.055829e-02	1.113233e-02	-2.923838e-03	1.812631e-02	-2.105015e-02	1.958823e-02	-2.870215e-04	8.271027e-05	3.201755e-05	9.871904e-05	-6.670149e-05
135           	2.166014e-02	1.054035e-02	1.111979e-02	-2.924371e-03	1.809878e-02	-2.102316e-02	1.956097e-02	-2.897182e-04	8.538312e-05	3.519302e-05	1.029796e-04	-6.778661e-05
136           	2.163035e-02	1.052281e-02	1.110754e-02	-2.924893e-03	1.807188e-02	-2.099678e-02	1.953433e-02	-2.923630e-04	8.799973e-05	3.830293e-05	1.071512e-04	-6.884827e-05
137           	2.160124e-02	1.050566e-02	1.109557e-02	-2.925402e-03	1.804560e-02	-2.097100e-02	1.950830e-02	-2.949556e-04	9.055831e-05	4.134574e-05	1.112312e-04	-6.988544e-05
138           	2.157279e-02	1.048890e-02	1.108389e-02	-2.925900e-03	1.801991e-02	-2.094581e-02	1.948286e-02	-2.974944e-04	9.305620e-05	4.431891e-05	1.152157e-04	-7.089674e-05
139           	2.154499e-02	1.047252e-02	1.107247e-02	-2.926384e-03	1.799481e-02	-2.092119e-02	1.945800e-02	-2.999771e-04	9.548972e-05	4.721884e-05	1.190991e-04	-7.188030e-05
140           	2.151782e-02	1.045651e-02	1.106131e-02	-2.926857e-03	1.797028e-02	-2.089714e-02	1.943371e-02	-3.024015e-04	9.785616e-05	5.004266e-05	1.228775e-04	-7.283483e-05
141           	2.149127e-02	1.044087e-02	1.105040e-02	-2.927316e-03	1.794631e-02	-2.087363e-02	1.940997e-02	-3.047661e-04	1.001545e-04	5.278891e-05	1.265489e-04	-7.376002e-05
142           	2.146533e-02	1.042559e-02	1.103973e-02	-2.927762e-03	1.792290e-02	-2.085066e-02	1.938678e-02	-3.070701e-04	1.023839e-04	5.545642e-05	1.301121e-04	-7.465571e-05
143           	2.143998e-02	1.041068e-02	1.102930e-02	-2.928196e-03	1.790002e-02	-2.082822e-02	1.936412e-02	-3.093137e-04	1.045447e-04	5.804501e-05	1.335673e-04	-7.552224e-05
144           	2.141522e-02	1.039611e-02	1.101911e-02	-2.928618e-03	1.787767e-02	-2.080629e-02	1.934198e-02	-3.114973e-04	1.066373e-04	6.055452e-05	1.369145e-04	-7.636001e-05
145           	2.139102e-02	1.038189e-02	1.100913e-02	-2.929027e-03	1.785584e-02	-2.078487e-02	1.932035e-02	-3.136208e-04	1.086614e-04	6.298454e-05	1.401537e-04	-7.716915e-05
146           	2.136739e-02	1.036801e-02	1.099938e-02	-2.929424e-03	1.783451e-02	-2.076394e-02	1.929922e-02	-3.156850e-04	1.106178e-04	6.533537e-05	1.432855e-04	-7.795014e-05
147           	2.134430e-02	1.035446e-02	1.098984e-02	-2.929809e-03	1.781368e-02	-2.074349e-02	1.927858e-02	-3.176915e-04	1.125080e-04	6.760824e-05	1.463121e-04	-7.870390e-05
148           	2.132174e-02	1.034123e-02	1.098051e-02	-2.930183e-03	1.779333e-02	-2.072351e-02	1.925842e-02	-3.196423e-04	1.143338e-04	6.980480e-05	1.492362e-04	-7.943139e-05
149           	2.129971e-02	1.032831e-02	1.097140e-02	-2.930545e-03	1.777345e-02	-2.070400e-02	1.923873e-02	-3.215407e-04	1.160981e-04	7.192802e-05	1.520621e-04	-8.013406e-05
150           	2.127819e-02	1.031570e-02	1.096248e-02	-2.930896e-03	1.775404e-02	-2.068494e-02	1.921949e-02	-3.233902e-04	1.178045e-04	7.398178e-05	1.547954e-04	-8.081366e-05
151           	2.125717e-02	1.030339e-02	1.095378e-02	-2.931237e-03	1.773508e-02	-2.066632e-02	1.920070e-02	-3.251945e-04	1.194571e-04	7.596999e-05	1.574421e-04	-8.147213e-05
152           	2.123664e-02	1.029136e-02	1.094528e-02	-2.931566e-03	1.771657e-02	-2.064813e-02	1.918235e-02	-3.269560e-04	1.210593e-04	7.789611e-05	1.600073e-04	-8.211122e-05
153           	2.121659e-02	1.027962e-02	1.093697e-02	-2.931886e-03	1.769849e-02	-2.063037e-02	1.916443e-02	-3.286777e-04	1.226147e-04	7.976377e-05	1.624966e-04	-8.273282e-05
154           	2.119700e-02	1.026814e-02	1.092886e-02	-2.932195e-03	1.768083e-02	-2.061302e-02	1.914693e-02	-3.303621e-04	1.241268e-04	8.157629e-05	1.649149e-04	-8.333861e-05
155           	2.117788e-02	1.025693e-02	1.092095e-02	-2.932494e-03	1.766359e-02	-2.059608e-02	1.912983e-02	-3.320121e-04	1.255995e-04	8.333752e-05	1.672682e-04	-8.393069e-05
156           	2.115920e-02	1.024597e-02	1.091323e-02	-2.932783e-03	1.764675e-02	-2.057953e-02	1.911314e-02	-3.336306e-04	1.270370e-04	8.505165e-05	1.695629e-04	-8.451120e-05
157           	2.114097e-02	1.023526e-02	1.090570e-02	-2.933063e-03	1.763031e-02	-2.056338e-02	1.909684e-02	-3.352189e-04	1.284422e-04	8.672174e-05	1.718031e-04	-8.508137e-05
158           	2.112316e-02	1.022480e-02	1.089836e-02	-2.933334e-03	1.761426e-02	-2.054760e-02	1.908093e-02	-3.367770e-04	1.298159e-04	8.834905e-05	1.739904e-04	-8.564136e-05
159           	2.110576e-02	1.021458e-02	1.089119e-02	-2.933595e-03	1.759859e-02	-2.053218e-02	1.906539e-02	-3.383030e-04	1.311581e-04	8.993351e-05	1.761249e-04	-8.619136e-05
160           	2.108878e-02	1.020459e-02	1.088419e-02	-2.933848e-03	1.758329e-02	-2.051714e-02	1.905021e-02	-3.397979e-04	1.324698e-04	9.147805e-05	1.782088e-04	-8.673074e-05
161           	2.107221e-02	1.019484e-02	1.087737e-02	-2.934092e-03	1.756835e-02	-2.050245e-02	1.903540e-02	-3.412619e-04	1.337520e-04	9.298464e-05	1.802443e-04	-8.725969e-05
162           	2.105603e-02	1.018532e-02	1.087071e-02	-2.934329e-03	1.755378e-02	-2.048810e-02	1.902094e-02	-3.426959e-04	1.350068e-04	9.445575e-05	1.822347e-04	-8.777895e-05
163           	2.104023e-02	1.017601e-02	1.086422e-02	-2.934557e-03	1.753955e-02	-2.047410e-02	1.900683e-02	-3.441011e-04	1.362362e-04	9.589369e-05	1.841830e-04	-8.828932e-05
164           	2.102481e-02	1.016692e-02	1.085789e-02	-2.934779e-03	1.752566e-02	-2.046044e-02	1.899305e-02	-3.454819e-04	1.374439e-04	9.730354e-05	1.860956e-04	-8.879208e-05
165           	2.100976e-02	1.015805e-02	1.085172e-02	-2.934992e-03	1.751211e-02	-2.044710e-02	1.897961e-02	-3.468349e-04	1.386288e-04	9.868314e-05	1.879704e-04	-8.928724e-05
166           	2.099507e-02	1.014937e-02	1.084569e-02	-2.935196e-03	1.749888e-02	-2.043407e-02	1.896648e-02	-3.481613e-04	1.397932e-04	1.000339e-04	1.898102e-04	-8.977626e-05
167           	2.098072e-02	1.014090e-02	1.083982e-02	-2.935393e-03	1.748596e-02	-2.042136e-02	1.895366e-02	-3.494606e-04	1.409356e-04	1.013560e-04	1.916136e-04	-9.025763e-05
168           	2.096673e-02	1.013263e-02	1.083410e-02	-2.935583e-03	1.747336e-02	-2.040894e-02	1.894115e-02	-3.507331e-04	1.420557e-04	1.026493e-04	1.933803e-04	-9.073102e-05
169           	2.095306e-02	1.012455e-02	1.082851e-02	-2.935767e-03	1.746106e-02	-2.039683e-02	1.892895e-02	-3.519791e-04	1.431531e-04	1.039140e-04	1.951101e-04	-9.119608e-05
170           	2.093973e-02	1.011667e-02	1.082307e-02	-2.935944e-03	1.744907e-02	-2.038501e-02	1.891704e-02	-3.531997e-04	1.442281e-04	1.051505e-04	1.968033e-04	-9.165282e-05
171           	2.092673e-02	1.010897e-02	1.081776e-02	-2.936114e-03	1.743736e-02	-2.037347e-02	1.890542e-02	-3.543951e-04	1.452801e-04	1.063586e-04	1.984595e-04	-9.210082e-05
172           	2.091404e-02	1.010145e-02	1.081258e-02	-2.936279e-03	1.742594e-02	-2.036222e-02	1.889408e-02	-3.555660e-04	1.463091e-04	1.075386e-04	2.000784e-04	-9.253982e-05
173           	2.090165e-02	1.009411e-02	1.080754e-02	-2.936437e-03	1.741480e-02	-2.035124e-02	1.888302e-02	-3.567125e-04	1.473144e-04	1.086901e-04	2.016594e-04	-9.296932e-05
174           	2.088957e-02	1.008695e-02	1.080262e-02	-2.936589e-03	1.740393e-02	-2.034052e-02	1.887223e-02	-3.578345e-04	1.482955e-04	1.098130e-04	2.032020e-04	-9.338895e-05
175           	2.087779e-02	1.007996e-02	1.079783e-02	-2.936736e-03	1.739333e-02	-2.033006e-02	1.886170e-02	-3.589315e-04	1.492521e-04	1.109074e-04	2.047058e-04	-9.379838e-05
176           	2.086629e-02	1.007314e-02	1.079315e-02	-2.936877e-03	1.738299e-02	-2.031986e-02	1.885143e-02	-3.600031e-04	1.501838e-04	1.119731e-04	2.061703e-04	-9.419728e-05
177           	2.085508e-02	1.006649e-02	1.078859e-02	-2.937013e-03	1.737290e-02	-2.030991e-02	1.884141e-02	-3.610489e-04	1.510904e-04	1.130097e-04	2.075952e-04	-9.458550e-05
178           	2.084414e-02	1.006000e-02	1.078414e-02	-2.937143e-03	1.736306e-02	-2.030021e-02	1.883164e-02	-3.620688e-04	1.519717e-04	1.140174e-04	2.089804e-04	-9.496300e-05
179           	2.083347e-02	1.005367e-02	1.077980e-02	-2.937268e-03	1.735347e-02	-2.029074e-02	1.882211e-02	-3.630624e-04	1.528278e-04	1.149961e-04	2.103259e-04	-9.532976e-05
180           	2.082306e-02	1.004750e-02	1.077556e-02	-2.937388e-03	1.734412e-02	-2.028151e-02	1.881281e-02	-3.640300e-04	1.536589e-04	1.159460e-04	2.116320e-04	-9.568591e-05
181           	2.081291e-02	1.004148e-02	1.077143e-02	-2.937504e-03	1.733500e-02	-2.027250e-02	1.880375e-02	-3.649717e-04	1.544654e-04	1.168674e-04	2.128991e-04	-9.603168e-05
182           	2.080302e-02	1.003562e-02	1.076740e-02	-2.937615e-03	1.732610e-02	-2.026372e-02	1.879491e-02	-3.658885e-04	1.552484e-04	1.177614e-04	2.141291e-04	-9.636768e-05
183           	2.079337e-02	1.002990e-02	1.076347e-02	-2.937722e-03	1.731743e-02	-2.025516e-02	1.878629e-02	-3.667814e-04	1.560091e-04	1.186291e-04	2.153236e-04	-9.669458e-05
184           	2.078396e-02	1.002433e-02	1.075963e-02	-2.937824e-03	1.730898e-02	-2.024681e-02	1.877789e-02	-3.676511e-04	1.567486e-04	1.194714e-04	2.164843e-04	-9.701286e-05
185           	2.077479e-02	1.001890e-02	1.075589e-02	-2.937923e-03	1.730074e-02	-2.023867e-02	1.876971e-02	-3.684977e-04	1.574673e-04	1.202892e-04	2.176119e-04	-9.732268e-05
186           	2.076585e-02	1.001360e-02	1.075225e-02	-2.938017e-03	1.729272e-02	-2.023073e-02	1.876172e-02	-3.693220e-04	1.581658e-04	1.210833e-04	2.187075e-04	-9.762419e-05
187           	2.075714e-02	1.000844e-02	1.074869e-02	-2.938108e-03	1.728489e-02	-2.022300e-02	1.875394e-02	-3.701246e-04	1.588451e-04	1.218547e-04	2.197724e-04	-9.791769e-05
188           	2.074864e-02	1.000342e-02	1.074523e-02	-2.938195e-03	1.727726e-02	-2.021546e-02	1.874636e-02	-3.709062e-04	1.595058e-04	1.226046e-04	2.208081e-04	-9.820346e-05
189           	2.074036e-02	9.998515e-03	1.074185e-02	-2.938279e-03	1.726983e-02	-2.020811e-02	1.873897e-02	-3.716671e-04	1.601482e-04	1.233334e-04	2.218149e-04	-9.848148e-05
190           	2.073229e-02	9.993736e-03	1.073856e-02	-2.938357e-03	1.726259e-02	-2.020095e-02	1.873177e-02	-3.724101e-04	1.607759e-04	1.240440e-04	2.227979e-04	-9.875394e-05
191           	2.072443e-02	9.989083e-03	1.073535e-02	-2.938434e-03	1.725553e-02	-2.019396e-02	1.872475e-02	-3.731315e-04	1.613845e-04	1.247332e-04	2.237511e-04	-9.901787e-05
192           	2.071677e-02	9.984552e-03	1.073221e-02	-2.938507e-03	1.724866e-02	-2.018717e-02	1.871791e-02	-3.738312e-04	1.619740e-04	1.254015e-04	2.246748e-04	-9.927327e-05
193           	2.070931e-02	9.980143e-03	1.072916e-02	-2.938578e-03	1.724197e-02	-2.018054e-02	1.871126e-02	-3.745093e-04	1.625449e-04	1.260492e-04	2.255695e-04	-9.952030e-05
194           	2.070204e-02	9.975853e-03	1.072618e-02	-2.938647e-03	1.723545e-02	-2.017410e-02	1.870477e-02	-3.751659e-04	1.630977e-04	1.266769e-04	2.264361e-04	-9.975922e-05
195           	2.069496e-02	9.971677e-03	1.072328e-02	-2.938713e-03	1.722910e-02	-2.016782e-02	1.869846e-02	-3.758015e-04	1.636331e-04	1.272853e-04	2.272757e-04	-9.999042e-05
196           	2.068806e-02	9.967614e-03	1.072045e-02	-2.938776e-03	1.722292e-02	-2.016170e-02	1.869231e-02	-3.764167e-04	1.641523e-04	1.278754e-04	2.280900e-04	-1.002145e-04
197           	2.068135e-02	9.963660e-03	1.071768e-02	-2.938837e-03	1.721691e-02	-2.015574e-02	1.868632e-02	-3.770123e-04	1.646565e-04	1.284486e-04	2.288808e-04	-1.004322e-04
198           	2.067480e-02	9.959813e-03	1.071499e-02	-2.938895e-03	1.721105e-02	-2.014994e-02	1.868049e-02	-3.775893e-04	1.651469e-04	1.290060e-04	2.296499e-04	-1.006439e-04
199           	2.066843e-02	9.956068e-03	1.071236e-02	-2.938951e-03	1.720534e-02	-2.014429e-02	1.867482e-02	-3.781485e-04	1.656248e-04	1.295489e-04	2.303992e-04	-1.008503e-04
200           	2.066223e-02	9.952424e-03	1.070981e-02	-2.939004e-03	1.719979e-02	-2.013879e-02	1.866929e-02	-3.786907e-04	1.660910e-04	1.300782e-04	2.311301e-04	-1.010518e-04
201           	2.065619e-02	9.948878e-03	1.070731e-02	-2.939055e-03	1.719438e-02	-2.013343e-02	1.866391e-02	-3.792164e-04	1.665460e-04	1.305946e-04	2.318433e-04	-1.012487e-04
202           	2.065031e-02	9.945428e-03	1.070488e-02	-2.939104e-03	1.718912e-02	-2.012822e-02	1.865867e-02	-3.797257e-04	1.669898e-04	1.310982e-04	2.325389e-04	-1.014407e-04
203           	2.064458e-02	9.942073e-03	1.070251e-02	-2.939151e-03	1.718399e-02	-2.012314e-02	1.865357e-02	-3.802188e-04	1.674222e-04	1.315890e-04	2.332167e-04	-1.016277e-04
204           	2.063901e-02	9.938811e-03	1.070020e-02	-2.939196e-03	1.717901e-02	-2.011821e-02	1.864861e-02	-3.806950e-04	1.678426e-04	1.320668e-04	2.338760e-04	-1.018092e-04
205           	2.063359e-02	9.935641e-03	1.069795e-02	-2.939239e-03	1.717416e-02	-2.011340e-02	1.864378e-02	-3.811541e-04	1.682502e-04	1.325311e-04	2.345157e-04	-1.019846e-04
206           	2.062831e-02	9.932561e-03	1.069575e-02	-2.939281e-03	1.716945e-02	-2.010873e-02	1.863909e-02	-3.815959e-04	1.686444e-04	1.329815e-04	2.351352e-04	-1.021536e-04
207           	2.062318e-02	9.929562e-03	1.069361e-02	-2.939320e-03	1.716485e-02	-2.010417e-02	1.863451e-02	-3.820256e-04	1.690309e-04	1.334232e-04	2.357425e-04	-1.023193e-04
208           	2.061818e-02	9.926654e-03	1.069152e-02	-2.939358e-03	1.716039e-02	-2.009975e-02	1.863007e-02	-3.824351e-04	1.694002e-04	1.338480e-04	2.363242e-04	-1.024762e-04
209           	2.061332e-02	9.923836e-03	1.068948e-02	-2.939395e-03	1.715605e-02	-2.009544e-02	1.862575e-02	-3.828235e-04	1.697514e-04	1.342550e-04	2.368789e-04	-1.026239e-04
210           	2.060860e-02	9.921108e-03	1.068749e-02	-2.939432e-03	1.715183e-02	-2.009126e-02	1.862155e-02	-3.831903e-04	1.700840e-04	1.346438e-04	2.374060e-04	-1.027621e-04
211           	2.060400e-02	9.918466e-03	1.068554e-02	-2.939467e-03	1.714773e-02	-2.008720e-02	1.861747e-02	-3.835354e-04	1.703981e-04	1.350144e-04	2.379053e-04	-1.028909e-04
212           	2.059954e-02	9.915909e-03	1.068363e-02	-2.939502e-03	1.714375e-02	-2.008325e-02	1.861350e-02	-3.838593e-04	1.706941e-04	1.353672e-04	2.383777e-04	-1.030104e-04
213           	2.059520e-02	9.913435e-03	1.068176e-02	-2.939535e-03	1.713988e-02	-2.007941e-02	1.860964e-02	-3.841624e-04	1.709724e-04	1.357026e-04	2.388236e-04	-1.031211e-04
214           	2.059097e-02	9.911042e-03	1.067993e-02	-2.939568e-03	1.713611e-02	-2.007568e-02	1.860590e-02	-3.844447e-04	1.712332e-04	1.360206e-04	2.392435e-04	-1.032229e-04
215           	2.058687e-02	9.908728e-03	1.067814e-02	-2.939599e-03	1.713245e-02	-2.007205e-02	1.860225e-02	-3.847063e-04	1.714764e-04	1.363211e-04	2.396370e-04	-1.033159e-04
216           	2.058288e-02	9.906491e-03	1.067639e-02	-2.939629e-03	1.712890e-02	-2.006853e-02	1.859871e-02	-3.849473e-04	1.717022e-04	1.366043e-04	2.400044e-04	-1.034001e-04
217           	2.057900e-02	9.904330e-03	1.067467e-02	-2.939657e-03	1.712544e-02	-2.006510e-02	1.859527e-02	-3.851678e-04	1.719105e-04	1.368700e-04	2.403455e-04	-1.034755e-04
218           	2.057522e-02	9.902244e-03	1.067298e-02	-2.939685e-03	1.712208e-02	-2.006177e-02	1.859193e-02	-3.853681e-04	1.721013e-04	1.371184e-04	2.406605e-04	-1.035422e-04
219           	2.057156e-02	9.900231e-03	1.067133e-02	-2.939712e-03	1.711882e-02	-2.005853e-02	1.858868e-02	-3.855484e-04	1.722749e-04	1.373495e-04	2.409496e-04	-1.036002e-04
220           	2.056800e-02	9.898289e-03	1.066971e-02	-2.939738e-03	1.711565e-02	-2.005539e-02	1.858552e-02	-3.857089e-04	1.724311e-04	1.375634e-04	2.412129e-04	-1.036494e-04
221           	2.056454e-02	9.896418e-03	1.066812e-02	-2.939764e-03	1.711258e-02	-2.005234e-02	1.858246e-02	-3.858498e-04	1.725704e-04	1.377605e-04	2.414506e-04	-1.036902e-04
222           	2.056118e-02	9.894616e-03	1.066656e-02	-2.939789e-03	1.710959e-02	-2.004938e-02	1.857948e-02	-3.859717e-04	1.726931e-04	1.379410e-04	2.416636e-04	-1.037225e-04
223           	2.055980e-02	9.893808e-03	1.066599e-02	-2.939883e-03	1.710841e-02	-2.004829e-02	1.857835e-02	-3.860913e-04	1.727678e-04	1.380546e-04	2.417951e-04	-1.037406e-04
224           	2.055861e-02	9.893094e-03	1.066552e-02	-2.940017e-03	1.710741e-02	-2.004743e-02	1.857742e-02	-3.862134e-04	1.728189e-04	1.381300e-04	2.418839e-04	-1.037539e-04
225           	2.055750e-02	9.892430e-03	1.066507e-02	-2.940159e-03	1.710648e-02	-2.004664e-02	1.857656e-02	-3.863204e-04	1.728480e-04	1.381762e-04	2.419362e-04	-1.037599e-04
226           	2.055634e-02	9.891764e-03	1.066458e-02	-2.940282e-03	1.710550e-02	-2.004579e-02	1.857565e-02	-3.864064e-04	1.728674e-04	1.382113e-04	2.419730e-04	-1.037617e-04
227           	2.055505e-02	9.891059e-03	1.066399e-02	-2.940367e-03	1.710439e-02	-2.004476e-02	1.857458e-02	-3.864658e-04	1.728853e-04	1.382479e-04	2.420093e-04	-1.037614e-04
228           	2.055360e-02	9.890296e-03	1.066330e-02	-2.940403e-03	1.710311e-02	-2.004352e-02	1.857332e-02	-3.865020e-04	1.729089e-04	1.382951e-04	2.420564e-04	-1.037613e-04
229           	2.055198e-02	9.889474e-03	1.066251e-02	-2.940395e-03	1.710168e-02	-2.004207e-02	1.857187e-02	-3.865188e-04	1.729410e-04	1.383563e-04	2.421192e-04	-1.037628e-04
230           	2.055025e-02	9.888605e-03	1.066165e-02	-2.940351e-03	1.710011e-02	-2.004047e-02	1.857029e-02	-3.865217e-04	1.729821e-04	1.384311e-04	2.421976e-04	-1.037666e-04
231           	2.054845e-02	9.887710e-03	1.066074e-02	-2.940285e-03	1.709848e-02	-2.003877e-02	1.856862e-02	-3.865160e-04	1.730305e-04	1.385161e-04	2.422885e-04	-1.037724e-04
232           	2.054664e-02	9.886802e-03	1.065984e-02	-2.940212e-03	1.709684e-02	-2.003705e-02	1.856694e-02	-3.865166e-04	1.730921e-04	1.386147e-04	2.423995e-04	-1.037848e-04
233           	2.054486e-02	9.885913e-03	1.065895e-02	-2.940146e-03	1.709523e-02	-2.003537e-02	1.856530e-02	-3.865185e-04	1.731547e-04	1.387133e-04	2.425114e-04	-1.037981e-04
234           	2.054317e-02	9.885056e-03	1.065811e-02	-2.940095e-03	1.709370e-02	-2.003379e-02	1.856374e-02	-3.865266e-04	1.732168e-04	1.388090e-04	2.426213e-04	-1.038123e-04
235           	2.054157e-02	9.884239e-03	1.065733e-02	-2.940067e-03	1.709226e-02	-2.003233e-02	1.856230e-02	-3.865437e-04	1.732774e-04	1.388999e-04	2.427273e-04	-1.038274e-04
236           	2.054007e-02	9.883463e-03	1.065660e-02	-2.940061e-03	1.709093e-02	-2.003099e-02	1.856096e-02	-3.865701e-04	1.733355e-04	1.389847e-04	2.428278e-04	-1.038431e-04
237           	2.053866e-02	9.882737e-03	1.065593e-02	-2.940076e-03	1.708970e-02	-2.002977e-02	1.855974e-02	-3.865947e-04	1.733808e-04	1.390543e-04	2.429079e-04	-1.038536e-04
238           	2.053733e-02	9.882040e-03	1.065529e-02	-2.940103e-03	1.708853e-02	-2.002864e-02	1.855858e-02	-3.866252e-04	1.734230e-04	1.391184e-04	2.429822e-04	-1.038638e-04
239           	2.053604e-02	9.881365e-03	1.065468e-02	-2.940137e-03	1.708741e-02	-2.002755e-02	1.855748e-02	-3.866561e-04	1.734602e-04	1.391763e-04	2.430483e-04	-1.038720e-04
240           	2.053478e-02	9.880707e-03	1.065407e-02	-2.940172e-03	1.708631e-02	-2.002648e-02	1.855639e-02	-3.866818e-04	1.734899e-04	1.392269e-04	2.431033e-04	-1.038764e-04
241           	2.053352e-02	9.880061e-03	1.065345e-02	-2.940201e-03	1.708521e-02	-2.002541e-02	1.855531e-02	-3.866968e-04	1.735098e-04	1.392691e-04	2.431444e-04	-1.038753e-04
242           	2.053225e-02	9.879427e-03	1.065282e-02	-2.940223e-03	1.708409e-02	-2.002432e-02	1.855421e-02	-3.866972e-04	1.735184e-04	1.393019e-04	2.431693e-04	-1.038674e-04
243           	2.053097e-02	9.878806e-03	1.065217e-02	-2.940236e-03	1.708297e-02	-2.002321e-02	1.855309e-02	-3.866811e-04	1.735145e-04	1.393248e-04	2.431768e-04	-1.038521e-04
244           	2.052969e-02	9.878197e-03	1.065149e-02	-2.940241e-03	1.708184e-02	-2.002208e-02	1.855196e-02	-3.866481e-04	1.734980e-04	1.393376e-04	2.431668e-04	-1.038292e-04
245           	2.052840e-02	9.877593e-03	1.065081e-02	-2.940240e-03	1.708070e-02	-2.002094e-02	1.855082e-02	-3.866097e-04	1.734795e-04	1.393499e-04	2.431545e-04	-1.038046e-04
246           	2.052713e-02	9.877010e-03	1.065012e-02	-2.940237e-03	1.707957e-02	-2.001980e-02	1.854969e-02	-3.865542e-04	1.734466e-04	1.393499e-04	2.431216e-04	-1.037717e-04
247           	2.052587e-02	9.876453e-03	1.064942e-02	-2.940233e-03	1.707845e-02	-2.001869e-02	1.854857e-02	-3.864838e-04	1.734006e-04	1.393384e-04	2.430698e-04	-1.037314e-04
248           	2.052464e-02	9.875919e-03	1.064872e-02	-2.940230e-03	1.707736e-02	-2.001759e-02	1.854748e-02	-3.864020e-04	1.733435e-04	1.393168e-04	2.430018e-04	-1.036851e-04
249           	2.052344e-02	9.875408e-03	1.064803e-02	-2.940231e-03	1.707630e-02	-2.001653e-02	1.854641e-02	-3.863119e-04	1.732777e-04	1.392868e-04	2.429211e-04	-1.036343e-04
250           	2.052227e-02	9.874918e-03	1.064735e-02	-2.940234e-03	1.707526e-02	-2.001550e-02	1.854538e-02	-3.862165e-04	1.732057e-04	1.392503e-04	2.428309e-04	-1.035805e-04
251           	2.052113e-02	9.874445e-03	1.064668e-02	-2.940240e-03	1.707426e-02	-2.001450e-02	1.854438e-02	-3.861182e-04	1.731296e-04	1.392091e-04	2.427341e-04	-1.035251e-04
252           	2.052001e-02	9.873987e-03	1.064602e-02	-2.940249e-03	1.707327e-02	-2.001352e-02	1.854340e-02	-3.860184e-04	1.730510e-04	1.391643e-04	2.426331e-04	-1.034688e-04
253           	2.051892e-02	9.873542e-03	1.064538e-02	-2.940259e-03	1.707231e-02	-2.001257e-02	1.854244e-02	-3.859178e-04	1.729709e-04	1.391171e-04	2.425294e-04	-1.034124e-04
254           	2.051785e-02	9.873107e-03	1.064474e-02	-2.940269e-03	1.707137e-02	-2.001164e-02	1.854151e-02	-3.858166e-04	1.728900e-04	1.390680e-04	2.424240e-04	-1.033560e-04
255           	2.051679e-02	9.872681e-03	1.064411e-02	-2.940278e-03	1.707045e-02	-2.001072e-02	1.854058e-02	-3.857144e-04	1.728083e-04	1.390173e-04	2.423170e-04	-1.032996e-04
256           	2.051575e-02	9.872265e-03	1.064349e-02	-2.940287e-03	1.706953e-02	-2.000982e-02	1.853968e-02	-3.856106e-04	1.727258e-04	1.389652e-04	2.422084e-04	-1.032432e-04
257           	2.051472e-02	9.871858e-03	1.064287e-02	-2.940294e-03	1.706863e-02	-2.000892e-02	1.853878e-02	-3.855047e-04	1.726422e-04	1.389114e-04	2.420979e-04	-1.031865e-04
258           	2.051371e-02	9.871460e-03	1.064225e-02	-2.940301e-03	1.706774e-02	-2.000804e-02	1.853789e-02	-3.853963e-04	1.725572e-04	1.388560e-04	2.419852e-04	-1.031292e-04
259           	2.051271e-02	9.871052e-03	1.064166e-02	-2.940305e-03	1.706686e-02	-2.000716e-02	1.853701e-02	-3.853016e-04	1.724863e-04	1.388125e-04	2.418925e-04	-1.030800e-04
260           	2.051172e-02	9.870662e-03	1.064106e-02	-2.940309e-03	1.706599e-02	-2.000630e-02	1.853614e-02	-3.851983e-04	1.724080e-04	1.387624e-04	2.417892e-04	-1.030268e-04
261           	2.051075e-02	9.870290e-03	1.064046e-02	-2.940313e-03	1.706514e-02	-2.000545e-02	1.853529e-02	-3.850863e-04	1.723220e-04	1.387055e-04	2.416748e-04	-1.029693e-04
262           	2.050981e-02	9.869953e-03	1.063986e-02	-2.940319e-03	1.706431e-02	-2.000463e-02	1.853447e-02	-3.849514e-04	1.722149e-04	1.386300e-04	2.415299e-04	-1.028999e-04
263           	2.050888e-02	9.869624e-03	1.063926e-02	-2.940326e-03	1.706350e-02	-2.000382e-02	1.853366e-02	-3.848163e-04	1.721079e-04	1.385543e-04	2.413851e-04	-1.028308e-04
264           	2.050797e-02	9.869301e-03	1.063867e-02	-2.940332e-03	1.706270e-02	-2.000303e-02	1.853286e-02	-3.846832e-04	1.720031e-04	1.384802e-04	2.412432e-04	-1.027630e-04
265           	2.050707e-02	9.868982e-03	1.063809e-02	-2.940338e-03	1.706191e-02	-2.000225e-02	1.853208e-02	-3.845531e-04	1.719014e-04	1.384083e-04	2.411055e-04	-1.026973e-04
266           	2.050619e-02	9.868667e-03	1.063752e-02	-2.940344e-03	1.706113e-02	-2.000148e-02	1.853131e-02	-3.844263e-04	1.718027e-04	1.383385e-04	2.409720e-04	-1.026334e-04
267           	2.050532e-02	9.868356e-03	1.063696e-02	-2.940349e-03	1.706037e-02	-2.000072e-02	1.853055e-02	-3.843018e-04	1.717064e-04	1.382704e-04	2.408416e-04	-1.025712e-04
268           	2.050446e-02	9.868051e-03	1.063641e-02	-2.940353e-03	1.705962e-02	-1.999997e-02	1.852980e-02	-3.841786e-04	1.716116e-04	1.382031e-04	2.407131e-04	-1.025100e-04
269           	2.050362e-02	9.867753e-03	1.063586e-02	-2.940358e-03	1.705888e-02	-1.999924e-02	1.852906e-02	-3.840556e-04	1.715170e-04	1.381357e-04	2.405849e-04	-1.024492e-04
270           	2.050279e-02	9.867463e-03	1.063533e-02	-2.940362e-03	1.705816e-02	-1.999852e-02	1.852834e-02	-3.839316e-04	1.714219e-04	1.380673e-04	2.404556e-04	-1.023883e-04
271           	2.050197e-02	9.867181e-03	1.063479e-02	-2.940366e-03	1.705744e-02	-1.999781e-02	1.852763e-02	-3.838060e-04	1.713256e-04	1.379976e-04	2.403244e-04	-1.023268e-04
272           	2.050118e-02	9.866909e-03	1.063427e-02	-2.940370e-03	1.705674e-02	-1.999711e-02	1.852693e-02	-3.836783e-04	1.712277e-04	1.379263e-04	2.401908e-04	-1.022646e-04
273           	2.050038e-02	9.866625e-03	1.063376e-02	-2.940373e-03	1.705605e-02	-1.999642e-02	1.852624e-02	-3.835670e-04	1.711457e-04	1.378686e-04	2.400800e-04	-1.022114e-04
274           	2.049961e-02	9.866358e-03	1.063325e-02	-2.940376e-03	1.705537e-02	-1.999575e-02	1.852556e-02	-3.834477e-04	1.710564e-04	1.378044e-04	2.399586e-04	-1.021542e-04
275           	2.049885e-02	9.866105e-03	1.063275e-02	-2.940379e-03	1.705471e-02	-1.999509e-02	1.852490e-02	-3.833208e-04	1.709598e-04	1.377339e-04	2.398267e-04	-1.020929e-04
276           	2.049811e-02	9.865867e-03	1.063224e-02	-2.940384e-03	1.705406e-02	-1.999444e-02	1.852425e-02	-3.831875e-04	1.708573e-04	1.376581e-04	2.396864e-04	-1.020283e-04
277           	2.049738e-02	9.865640e-03	1.063174e-02	-2.940388e-03	1.705342e-02	-1.999381e-02	1.852362e-02	-3.830501e-04	1.707510e-04	1.375788e-04	2.395404e-04	-1.019616e-04
278           	2.049666e-02	9.865421e-03	1.063124e-02	-2.940393e-03	1.705280e-02	-1.999319e-02	1.852299e-02	-3.829107e-04	1.706428e-04	1.374977e-04	2.393917e-04	-1.018940e-04
279           	2.049596e-02	9.865209e-03	1.063075e-02	-2.940398e-03	1.705219e-02	-1.999258e-02	1.852238e-02	-3.827713e-04	1.705347e-04	1.374164e-04	2.392429e-04	-1.018265e-04
280           	2.049527e-02	9.865002e-03	1.063027e-02	-2.940402e-03	1.705158e-02	-1.999199e-02	1.852178e-02	-3.826333e-04	1.704281e-04	1.373361e-04	2.390961e-04	-1.017601e-04
281           	2.049459e-02	9.864798e-03	1.062979e-02	-2.940406e-03	1.705099e-02	-1.999140e-02	1.852120e-02	-3.824977e-04	1.703237e-04	1.372574e-04	2.389524e-04	-1.016950e-04
282           	2.049392e-02	9.864598e-03	1.062933e-02	-2.940410e-03	1.705041e-02	-1.999082e-02	1.852062e-02	-3.823646e-04	1.702219e-04	1.371806e-04	2.388122e-04	-1.016316e-04
283           	2.049327e-02	9.864400e-03	1.062887e-02	-2.940414e-03	1.704984e-02	-1.999025e-02	1.852005e-02	-3.822339e-04	1.701223e-04	1.371055e-04	2.386751e-04	-1.015696e-04
284           	2.049262e-02	9.864207e-03	1.062842e-02	-2.940418e-03	1.704928e-02	-1.998970e-02	1.851949e-02	-3.821050e-04	1.700246e-04	1.370316e-04	2.385404e-04	-1.015087e-04
285           	2.049199e-02	9.864018e-03	1.062797e-02	-2.940422e-03	1.704873e-02	-1.998915e-02	1.851894e-02	-3.819774e-04	1.699279e-04	1.369586e-04	2.384072e-04	-1.014486e-04
286           	2.049137e-02	9.863834e-03	1.062753e-02	-2.940425e-03	1.704818e-02	-1.998861e-02	1.851840e-02	-3.818502e-04	1.698318e-04	1.368858e-04	2.382747e-04	-1.013889e-04
287           	2.049076e-02	9.863655e-03	1.062710e-02	-2.940429e-03	1.704765e-02	-1.998808e-02	1.851787e-02	-3.817232e-04	1.697358e-04	1.368129e-04	2.381423e-04	-1.013293e-04
288           	2.049016e-02	9.863483e-03	1.062668e-02	-2.940432e-03	1.704713e-02	-1.998757e-02	1.851735e-02	-3.815959e-04	1.696396e-04	1.367397e-04	2.380094e-04	-1.012697e-04
289           	2.048957e-02	9.863317e-03	1.062625e-02	-2.940436e-03	1.704662e-02	-1.998706e-02	1.851684e-02	-3.814685e-04	1.695431e-04	1.366662e-04	2.378762e-04	-1.012100e-04
290           	2.048899e-02	9.863156e-03	1.062584e-02	-2.940440e-03	1.704612e-02	-1.998656e-02	1.851634e-02	-3.813409e-04	1.694465e-04	1.365924e-04	2.377427e-04	-1.011503e-04
291           	2.048843e-02	9.863000e-03	1.062543e-02	-2.940444e-03	1.704563e-02	-1.998608e-02	1.851585e-02	-3.812135e-04	1.693500e-04	1.365186e-04	2.376093e-04	-1.010907e-04
292           	2.048787e-02	9.862850e-03	1.062502e-02	-2.940448e-03	1.704515e-02	-1.998560e-02	1.851538e-02	-3.810867e-04	1.692540e-04	1.364450e-04	2.374765e-04	-1.010315e-04
293           	2.048733e-02	9.862703e-03	1.062462e-02	-2.940452e-03	1.704468e-02	-1.998513e-02	1.851491e-02	-3.809607e-04	1.691589e-04	1.363721e-04	2.373449e-04	-1.009728e-04
294           	2.048679e-02	9.862560e-03	1.062423e-02	-2.940455e-03	1.704422e-02	-1.998467e-02	1.851445e-02	-3.808360e-04	1.690649e-04	1.363000e-04	2.372149e-04	-1.009149e-04
295           	2.048627e-02	9.862421e-03	1.062385e-02	-2.940459e-03	1.704376e-02	-1.998422e-02	1.851399e-02	-3.807129e-04	1.689724e-04	1.362289e-04	2.370868e-04	-1.008579e-04
296           	2.048575e-02	9.862285e-03	1.062347e-02	-2.940463e-03	1.704332e-02	-1.998378e-02	1.851355e-02	-3.805914e-04	1.688815e-04	1.361591e-04	2.369610e-04	-1.008019e-04
297           	2.048525e-02	9.862152e-03	1.062310e-02	-2.940467e-03	1.704288e-02	-1.998335e-02	1.851312e-02	-3.804718e-04	1.687923e-04	1.360906e-04	2.368376e-04	-1.007470e-04
298           	2.048475e-02	9.862022e-03	1.062273e-02	-2.940471e-03	1.704245e-02	-1.998293e-02	1.851269e-02	-3.803539e-04	1.687048e-04	1.360235e-04	2.367165e-04	-1.006931e-04
299           	2.048427e-02	9.861895e-03	1.062237e-02	-2.940474e-03	1.704204e-02	-1.998251e-02	1.851227e-02	-3.802378e-04	1.686190e-04	1.359576e-04	2.365978e-04	-1.006402e-04
300           	2.048379e-02	9.861771e-03	1.062202e-02	-2.940478e-03	1.704162e-02	-1.998210e-02	1.851186e-02	-3.801235e-04	1.685347e-04	1.358930e-04	2.364812e-04	-1.005882e-04
301           	2.048332e-02	9.861649e-03	1.062167e-02	-2.940482e-03	1.704122e-02	-1.998170e-02	1.851146e-02	-3.800108e-04	1.684520e-04	1.358295e-04	2.363667e-04	-1.005372e-04
302           	2.048286e-02	9.861531e-03	1.062133e-02	-2.940485e-03	1.704083e-02	-1.998131e-02	1.851107e-02	-3.798997e-04	1.683707e-04	1.357673e-04	2.362544e-04	-1.004871e-04
303           	2.048241e-02	9.861415e-03	1.062100e-02	-2.940489e-03	1.704044e-02	-1.998093e-02	1.851068e-02	-3.797903e-04	1.682909e-04	1.357063e-04	2.361441e-04	-1.004378e-04
304           	2.048197e-02	9.861299e-03	1.062067e-02	-2.940493e-03	1.704006e-02	-1.998056e-02	1.851031e-02	-3.796869e-04	1.682166e-04	1.356501e-04	2.360417e-04	-1.003916e-04
305           	2.048154e-02	9.861186e-03	1.062035e-02	-2.940497e-03	1.703969e-02	-1.998019e-02	1.850994e-02	-3.795839e-04	1.681425e-04	1.355940e-04	2.359395e-04	-1.003455e-04
306           	2.048112e-02	9.861081e-03	1.062003e-02	-2.940501e-03	1.703933e-02	-1.997983e-02	1.850958e-02	-3.794770e-04	1.680647e-04	1.355345e-04	2.358320e-04	-1.002975e-04
307           	2.048070e-02	9.860974e-03	1.061973e-02	-2.940505e-03	1.703897e-02	-1.997948e-02	1.850923e-02	-3.793762e-04	1.679925e-04	1.354800e-04	2.357325e-04	-1.002525e-04
308           	2.048029e-02	9.860870e-03	1.061942e-02	-2.940509e-03	1.703863e-02	-1.997913e-02	1.850888e-02	-3.792765e-04	1.679212e-04	1.354261e-04	2.356342e-04	-1.002081e-04
309           	2.047989e-02	9.860769e-03	1.061912e-02	-2.940512e-03	1.703828e-02	-1.997880e-02	1.850854e-02	-3.791780e-04	1.678509e-04	1.353730e-04	2.355374e-04	-1.001644e-04
310           	2.047950e-02	9.860670e-03	1.061883e-02	-2.940516e-03	1.703795e-02	-1.997846e-02	1.850821e-02	-3.790810e-04	1.677818e-04	1.353210e-04	2.354423e-04	-1.001213e-04
311           	2.047912e-02	9.860573e-03	1.061854e-02	-2.940520e-03	1.703762e-02	-1.997814e-02	1.850788e-02	-3.789857e-04	1.677143e-04	1.352702e-04	2.353494e-04	-1.000793e-04
312           	2.047874e-02	9.860478e-03	1.061826e-02	-2.940523e-03	1.703730e-02	-1.997782e-02	1.850756e-02	-3.788922e-04	1.676486e-04	1.352208e-04	2.352589e-04	-1.000382e-04
313           	2.047837e-02	9.860385e-03	1.061799e-02	-2.940527e-03	1.703699e-02	-1.997751e-02	1.850725e-02	-3.788008e-04	1.675846e-04	1.351729e-04	2.351711e-04	-9.999821e-05
314           	2.047801e-02	9.860294e-03	1.061772e-02	-2.940531e-03	1.703668e-02	-1.997721e-02	1.850694e-02	-3.787115e-04	1.675226e-04	1.351265e-04	2.350858e-04	-9.995934e-05
315           	2.047766e-02	9.860205e-03	1.061745e-02	-2.940535e-03	1.703638e-02	-1.997691e-02	1.850665e-02	-3.786242e-04	1.674624e-04	1.350817e-04	2.350033e-04	-9.992158e-05
316           	2.047731e-02	9.860117e-03	1.061720e-02	-2.940538e-03	1.703608e-02	-1.997662e-02	1.850635e-02	-3.785390e-04	1.674041e-04	1.350385e-04	2.349234e-04	-9.988489e-05
317           	2.047697e-02	9.860031e-03	1.061694e-02	-2.940542e-03	1.703580e-02	-1.997634e-02	1.850607e-02	-3.784558e-04	1.673476e-04	1.349968e-04	2.348460e-04	-9.984922e-05
318           	2.047664e-02	9.859946e-03	1.061670e-02	-2.940546e-03	1.703552e-02	-1.997606e-02	1.850579e-02	-3.783745e-04	1.672927e-04	1.349564e-04	2.347709e-04	-9.981452e-05
319           	2.047632e-02	9.859863e-03	1.061645e-02	-2.940550e-03	1.703524e-02	-1.997579e-02	1.850552e-02	-3.782951e-04	1.672395e-04	1.349175e-04	2.346982e-04	-9.978074e-05
320           	2.047600e-02	9.859782e-03	1.061622e-02	-2.940554e-03	1.703497e-02	-1.997553e-02	1.850525e-02	-3.782175e-04	1.671878e-04	1.348799e-04	2.346278e-04	-9.974786e-05
321           	2.047569e-02	9.859702e-03	1.061599e-02	-2.940558e-03	1.703471e-02	-1.997527e-02	1.850499e-02	-3.781417e-04	1.671377e-04	1.348436e-04	2.345595e-04	-9.971585e-05
322           	2.047538e-02	9.859623e-03	1.061576e-02	-2.940562e-03	1.703445e-02	-1.997501e-02	1.850473e-02	-3.780677e-04	1.670890e-04	1.348087e-04	2.344934e-04	-9.968470e-05
323           	2.047508e-02	9.859546e-03	1.061554e-02	-2.940565e-03	1.703420e-02	-1.997477e-02	1.850448e-02	-3.779955e-04	1.670419e-04	1.347750e-04	2.344295e-04	-9.965441e-05
324           	2.047479e-02	9.859471e-03	1.061532e-02	-2.940569e-03	1.703396e-02	-1.997452e-02	1.850424e-02	-3.779251e-04	1.669963e-04	1.347427e-04	2.343676e-04	-9.962497e-05
325           	2.047451e-02	9.859396e-03	1.061511e-02	-2.940573e-03	1.703371e-02	-1.997429e-02	1.850400e-02	-3.778563e-04	1.669521e-04	1.347116e-04	2.343079e-04	-9.959635e-05
326           	2.047423e-02	9.859323e-03	1.061490e-02	-2.940577e-03	1.703348e-02	-1.997406e-02	1.850377e-02	-3.777893e-04	1.669094e-04	1.346817e-04	2.342503e-04	-9.956856e-05
327           	2.047395e-02	9.859251e-03	1.061470e-02	-2.940580e-03	1.703325e-02	-1.997383e-02	1.850354e-02	-3.777240e-04	1.668681e-04	1.346531e-04	2.341947e-04	-9.954159e-05
328           	2.047368e-02	9.859181e-03	1.061450e-02	-2.940584e-03	1.703302e-02	-1.997361e-02	1.850332e-02	-3.776604e-04	1.668282e-04	1.346256e-04	2.341410e-04	-9.951542e-05
329           	2.047342e-02	9.859112e-03	1.061431e-02	-2.940588e-03	1.703281e-02	-1.997339e-02	1.850310e-02	-3.775985e-04	1.667897e-04	1.345993e-04	2.340894e-04	-9.949003e-05
330           	2.047316e-02	9.859044e-03	1.061412e-02	-2.940591e-03	1.703259e-02	-1.997318e-02	1.850289e-02	-3.775381e-04	1.667525e-04	1.345742e-04	2.340396e-04	-9.946539e-05
331           	2.047291e-02	9.858977e-03	1.061394e-02	-2.940595e-03	1.703238e-02	-1.997298e-02	1.850268e-02	-3.774794e-04	1.667166e-04	1.345501e-04	2.339916e-04	-9.944150e-05
332           	2.047267e-02	9.858912e-03	1.061376e-02	-2.940599e-03	1.703218e-02	-1.997278e-02	1.850248e-02	-3.774222e-04	1.666819e-04	1.345271e-04	2.339454e-04	-9.941831e-05
333           	2.047243e-02	9.858847e-03	1.061358e-02	-2.940602e-03	1.703198e-02	-1.997258e-02	1.850228e-02	-3.773665e-04	1.666484e-04	1.345052e-04	2.339010e-04	-9.939582e-05
334           	2.047219e-02	9.858785e-03	1.061341e-02	-2.940606e-03	1.703178e-02	-1.997239e-02	1.850209e-02	-3.773123e-04	1.666161e-04	1.344842e-04	2.338582e-04	-9.937401e-05
335           	2.047196e-02	9.858723e-03	1.061324e-02	-2.940610e-03	1.703159e-02	-1.997220e-02	1.850190e-02	-3.772595e-04	1.665850e-04	1.344643e-04	2.338171e-04	-9.935285e-05
336           	2.047174e-02	9.858662e-03	1.061308e-02	-2.940613e-03	1.703141e-02	-1.997202e-02	1.850171e-02	-3.772082e-04	1.665550e-04	1.344453e-04	2.337776e-04	-9.933233e-05
337           	2.047152e-02	9.858603e-03	1.061292e-02	-2.940617e-03	1.703123e-02	-1.997184e-02	1.850154e-02	-3.771581e-04	1.665260e-04	1.344272e-04	2.337396e-04	-9.931242e-05
338           	2.047131e-02	9.858545e-03	1.061276e-02	-2.940620e-03	1.703105e-02	-1.997167e-02	1.850136e-02	-3.771094e-04	1.664981e-04	1.344100e-04	2.337032e-04	-9.929312e-05
339           	2.047110e-02	9.858488e-03	1.061261e-02	-2.940624e-03	1.703088e-02	-1.997150e-02	1.850119e-02	-3.770620e-04	1.664713e-04	1.343937e-04	2.336681e-04	-9.927441e-05
340           	2.047090e-02	9.858432e-03	1.061246e-02	-2.940627e-03	1.703071e-02	-1.997134e-02	1.850102e-02	-3.770159e-04	1.664454e-04	1.343783e-04	2.336345e-04	-9.925626e-05
341           	2.047070e-02	9.858377e-03	1.061232e-02	-2.940631e-03	1.703055e-02	-1.997118e-02	1.850086e-02	-3.769710e-04	1.664205e-04	1.343636e-04	2.336023e-04	-9.923869e-05
342           	2.047050e-02	9.858323e-03	1.061218e-02	-2.940634e-03	1.703039e-02	-1.997102e-02	1.850070e-02	-3.769273e-04	1.663966e-04	1.343498e-04	2.335714e-04	-9.922166e-05
343           	2.047031e-02	9.858271e-03	1.061204e-02	-2.940637e-03	1.703023e-02	-1.997087e-02	1.850055e-02	-3.768849e-04	1.663736e-04	1.343367e-04	2.335419e-04	-9.920519e-05
344           	2.047013e-02	9.858219e-03	1.061191e-02	-2.940641e-03	1.703008e-02	-1.997072e-02	1.850040e-02	-3.768437e-04	1.663515e-04	1.343245e-04	2.335138e-04	-9.918926e-05
345           	2.046994e-02	9.858169e-03	1.061178e-02	-2.940644e-03	1.702993e-02	-1.997058e-02	1.850025e-02	-3.768037e-04	1.663304e-04	1.343130e-04	2.334869e-04	-9.917387e-05
346           	2.046977e-02	9.858119e-03	1.061165e-02	-2.940648e-03	1.702979e-02	-1.997044e-02	1.850011e-02	-3.767649e-04	1.663102e-04	1.343023e-04	2.334613e-04	-9.915901e-05
347           	2.046960e-02	9.858070e-03	1.061153e-02	-2.940651e-03	1.702965e-02	-1.997030e-02	1.849997e-02	-3.767273e-04	1.662909e-04	1.342924e-04	2.334371e-04	-9.914468e-05
348           	2.046943e-02	9.858023e-03	1.061140e-02	-2.940654e-03	1.702951e-02	-1.997017e-02	1.849984e-02	-3.766910e-04	1.662726e-04	1.342833e-04	2.334142e-04	-9.913091e-05
349           	2.046926e-02	9.857976e-03	1.061129e-02	-2.940657e-03	1.702938e-02	-1.997004e-02	1.849971e-02	-3.766558e-04	1.662552e-04	1.342750e-04	2.333927e-04	-9.911770e-05
350           	2.046910e-02	9.857930e-03	1.061117e-02	-2.940661e-03	1.702925e-02	-1.996991e-02	1.849958e-02	-3.766219e-04	1.662388e-04	1.342675e-04	2.333726e-04	-9.910506e-05
351           	2.046895e-02	9.857884e-03	1.061106e-02	-2.940664e-03	1.702912e-02	-1.996979e-02	1.849946e-02	-3.765893e-04	1.662234e-04	1.342608e-04	2.333538e-04	-9.909298e-05
352           	2.046880e-02	9.857840e-03	1.061096e-02	-2.940667e-03	1.702900e-02	-1.996967e-02	1.849934e-02	-3.765578e-04	1.662089e-04	1.342549e-04	2.333364e-04	-9.908146e-05
353           	2.046865e-02	9.857796e-03	1.061085e-02	-2.940670e-03	1.702888e-02	-1.996955e-02	1.849922e-02	-3.765276e-04	1.661954e-04	1.342498e-04	2.333203e-04	-9.907049e-05
354           	2.046850e-02	9.857753e-03	1.061075e-02	-2.940673e-03	1.702877e-02	-1.996944e-02	1.849911e-02	-3.764985e-04	1.661828e-04	1.342454e-04	2.333054e-04	-9.906007e-05
355           	2.046836e-02	9.857711e-03	1.061065e-02	-2.940676e-03	1.702866e-02	-1.996933e-02	1.849899e-02	-3.764707e-04	1.661710e-04	1.342417e-04	2.332919e-04	-9.905017e-05
356           	2.046823e-02	9.857669e-03	1.061056e-02	-2.940679e-03	1.702855e-02	-1.996923e-02	1.849889e-02	-3.764439e-04	1.661602e-04	1.342388e-04	2.332796e-04	-9.904079e-05
357           	2.046809e-02	9.857628e-03	1.061046e-02	-2.940682e-03	1.702844e-02	-1.996912e-02	1.849878e-02	-3.764184e-04	1.661503e-04	1.342366e-04	2.332686e-04	-9.903195e-05
358           	2.046796e-02	9.857587e-03	1.061038e-02	-2.940685e-03	1.702834e-02	-1.996902e-02	1.849868e-02	-3.763940e-04	1.661412e-04	1.342352e-04	2.332588e-04	-9.902364e-05
359           	2.046784e-02	9.857547e-03	1.061029e-02	-2.940688e-03	1.702824e-02	-1.996893e-02	1.849858e-02	-3.763709e-04	1.661331e-04	1.342345e-04	2.332504e-04	-9.901586e-05
360           	2.046771e-02	9.857508e-03	1.061021e-02	-2.940691e-03	1.702814e-02	-1.996883e-02	1.849849e-02	-3.763489e-04	1.661259e-04	1.342346e-04	2.332432e-04	-9.900862e-05
361           	2.046759e-02	9.857469e-03	1.061012e-02	-2.940694e-03	1.702805e-02	-1.996874e-02	1.849840e-02	-3.763280e-04	1.661195e-04	1.342353e-04	2.332372e-04	-9.900188e-05
362           	2.046748e-02	9.857430e-03	1.061005e-02	-2.940697e-03	1.702796e-02	-1.996865e-02	1.849831e-02	-3.763082e-04	1.661140e-04	1.342368e-04	2.332324e-04	-9.899563e-05
363           	2.046736e-02	9.857393e-03	1.060997e-02	-2.940699e-03	1.702787e-02	-1.996857e-02	1.849822e-02	-3.762895e-04	1.661093e-04	1.342389e-04	2.332288e-04	-9.898986e-05
364           	2.046725e-02	9.857355e-03	1.060990e-02	-2.940702e-03	1.702778e-02	-1.996849e-02	1.849814e-02	-3.762718e-04	1.661054e-04	1.342417e-04	2.332263e-04	-9.898456e-05
365           	2.046715e-02	9.857319e-03	1.060983e-02	-2.940705e-03	1.702770e-02	-1.996841e-02	1.849805e-02	-3.762552e-04	1.661023e-04	1.342451e-04	2.332249e-04	-9.897971e-05
366           	2.046704e-02	9.857283e-03	1.060976e-02	-2.940707e-03	1.702762e-02	-1.996833e-02	1.849798e-02	-3.762395e-04	1.660999e-04	1.342492e-04	2.332245e-04	-9.897529e-05
367           	2.046694e-02	9.857247e-03	1.060970e-02	-2.940710e-03	1.702754e-02	-1.996825e-02	1.849790e-02	-3.762248e-04	1.660982e-04	1.342538e-04	2.332251e-04	-9.897128e-05
368           	2.046685e-02	9.857212e-03	1.060963e-02	-2.940713e-03	1.702747e-02	-1.996818e-02	1.849783e-02	-3.762110e-04	1.660972e-04	1.342589e-04	2.332266e-04	-9.896768e-05
369           	2.046675e-02	9.857177e-03	1.060957e-02	-2.940715e-03	1.702740e-02	-1.996811e-02	1.849776e-02	-3.761981e-04	1.660968e-04	1.342646e-04	2.332291e-04	-9.896448e-05
370           	2.046666e-02	9.857143e-03	1.060952e-02	-2.940718e-03	1.702733e-02	-1.996805e-02	1.849769e-02	-3.761861e-04	1.660971e-04	1.342709e-04	2.332325e-04	-9.896165e-05
371           	2.046657e-02	9.857110e-03	1.060946e-02	-2.940720e-03	1.702726e-02	-1.996798e-02	1.849762e-02	-3.761750e-04	1.660980e-04	1.342776e-04	2.332368e-04	-9.895918e-05
372           	2.046648e-02	9.857077e-03	1.060941e-02	-2.940723e-03	1.702720e-02	-1.996792e-02	1.849756e-02	-3.761646e-04	1.660994e-04	1.342847e-04	2.332418e-04	-9.895704e-05
373           	2.046640e-02	9.857045e-03	1.060935e-02	-2.940725e-03	1.702713e-02	-1.996786e-02	1.849750e-02	-3.761551e-04	1.661014e-04	1.342923e-04	2.332475e-04	-9.895523e-05
374           	2.046632e-02	9.857013e-03	1.060931e-02	-2.940728e-03	1.702707e-02	-1.996780e-02	1.849744e-02	-3.761463e-04	1.661039e-04	1.343002e-04	2.332540e-04	-9.895373e-05
375           	2.046624e-02	9.856982e-03	1.060926e-02	-2.940730e-03	1.702701e-02	-1.996774e-02	1.849738e-02	-3.761383e-04	1.661069e-04	1.343086e-04	2.332612e-04	-9.895255e-05
376           	2.046616e-02	9.856951e-03	1.060921e-02	-2.940732e-03	1.702696e-02	-1.996769e-02	1.849732e-02	-3.761310e-04	1.661104e-04	1.343174e-04	2.332691e-04	-9.895168e-05
377           	2.046609e-02	9.856921e-03	1.060917e-02	-2.940735e-03	1.702690e-02	-1.996764e-02	1.849727e-02	-3.761244e-04	1.661144e-04	1.343266e-04	2.332777e-04	-9.895110e-05
378           	2.046602e-02	9.856891e-03	1.060913e-02	-2.940737e-03	1.702685e-02	-1.996759e-02	1.849722e-02	-3.761186e-04	1.661189e-04	1.343361e-04	2.332869e-04	-9.895080e-05
379           	2.046595e-02	9.856862e-03	1.060909e-02	-2.940739e-03	1.702680e-02	-1.996754e-02	1.849717e-02	-3.761134e-04	1.661238e-04	1.343460e-04	2.332967e-04	-9.895078e-05
380           	2.046589e-02	9.856834e-03	1.060905e-02	-2.940741e-03	1.702676e-02	-1.996750e-02	1.849713e-02	-3.761088e-04	1.661291e-04	1.343561e-04	2.333072e-04	-9.895101e-05
381           	2.046582e-02	9.856806e-03	1.060902e-02	-2.940743e-03	1.702671e-02	-1.996745e-02	1.849708e-02	-3.761049e-04	1.661348e-04	1.343666e-04	2.333181e-04	-9.895149e-05
382           	2.046576e-02	9.856778e-03	1.060898e-02	-2.940746e-03	1.702667e-02	-1.996741e-02	1.849704e-02	-3.761015e-04	1.661409e-04	1.343774e-04	2.333296e-04	-9.895221e-05
383           	2.046570e-02	9.856751e-03	1.060895e-02	-2.940748e-03	1.702663e-02	-1.996737e-02	1.849700e-02	-3.760988e-04	1.661474e-04	1.343884e-04	2.333416e-04	-9.895316e-05
384           	2.046564e-02	9.856725e-03	1.060892e-02	-2.940750e-03	1.702659e-02	-1.996734e-02	1.849696e-02	-3.760966e-04	1.661542e-04	1.343997e-04	2.333541e-04	-9.895433e-05
385           	2.046559e-02	9.856699e-03	1.060889e-02	-2.940752e-03	1.702655e-02	-1.996730e-02	1.849692e-02	-3.760950e-04	1.661614e-04	1.344113e-04	2.333670e-04	-9.895571e-05
386           	2.046554e-02	9.856674e-03	1.060886e-02	-2.940754e-03	1.702651e-02	-1.996727e-02	1.849689e-02	-3.760939e-04	1.661689e-04	1.344231e-04	2.333804e-04	-9.895731e-05
387           	2.046548e-02	9.856649e-03	1.060884e-02	-2.940756e-03	1.702648e-02	-1.996723e-02	1.849686e-02	-3.760934e-04	1.661767e-04	1.344351e-04	2.333943e-04	-9.895912e-05
388           	2.046544e-02	9.856625e-03	1.060881e-02	-2.940758e-03	1.702645e-02	-1.996720e-02	1.849682e-02	-3.760933e-04	1.661848e-04	1.344474e-04	2.334086e-04	-9.896114e-05
389           	2.046539e-02	9.856601e-03	1.060879e-02	-2.940760e-03	1.702641e-02	-1.996717e-02	1.849679e-02	-3.760938e-04	1.661933e-04	1.344599e-04	2.334233e-04	-9.896335e-05
390           	2.046534e-02	9.856577e-03	1.060877e-02	-2.940761e-03	1.702639e-02	-1.996715e-02	1.849677e-02	-3.760948e-04	1.662021e-04	1.344726e-04	2.334384e-04	-9.896575e-05
391           	2.046530e-02	9.856554e-03	1.060875e-02	-2.940763e-03	1.702636e-02	-1.996712e-02	1.849674e-02	-3.760962e-04	1.662111e-04	1.344855e-04	2.334538e-04	-9.896833e-05
392           	2.046526e-02	9.856534e-03	1.060873e-02	-2.940766e-03	1.702633e-02	-1.996710e-02	1.849672e-02	-3.760966e-04	1.662189e-04	1.344979e-04	2.334678e-04	-9.896991e-05
393           	2.046522e-02	9.856512e-03	1.060871e-02	-2.940767e-03	1.702631e-02	-1.996708e-02	1.849669e-02	-3.760991e-04	1.662286e-04	1.345112e-04	2.334842e-04	-9.897306e-05
394           	2.046519e-02	9.856493e-03	1.060869e-02	-2.940769e-03	1.702629e-02	-1.996706e-02	1.849667e-02	-3.761005e-04	1.662370e-04	1.345238e-04	2.334989e-04	-9.897511e-05
395           	2.046515e-02	9.856470e-03	1.060868e-02	-2.940771e-03	1.702626e-02	-1.996704e-02	1.849665e-02	-3.761042e-04	1.662476e-04	1.345375e-04	2.335164e-04	-9.897886e-05
396           	2.046511e-02	9.856448e-03	1.060867e-02	-2.940772e-03	1.702624e-02	-1.996702e-02	1.849663e-02	-3.761083e-04	1.662586e-04	1.345515e-04	2.335343e-04	-9.898279e-05
397           	2.046508e-02	9.856430e-03	1.060865e-02	-2.940774e-03	1.702623e-02	-1.996700e-02	1.849661e-02	-3.761112e-04	1.662679e-04	1.345648e-04	2.335503e-04	-9.898550e-05
398           	2.046505e-02	9.856413e-03	1.060864e-02	-2.940775e-03	1.702621e-02	-1.996698e-02	1.849660e-02	-3.761122e-04	1.662769e-04	1.345782e-04	2.335660e-04	-9.898776e-05
399           	2.046502e-02	9.856393e-03	1.060863e-02	-2.940776e-03	1.702619e-02	-1.996697e-02	1.849658e-02	-3.761166e-04	1.662887e-04	1.345932e-04	2.335853e-04	-9.899213e-05
400           	2.046499e-02	9.856376e-03	1.060862e-02	-2.940777e-03	1.702618e-02	-1.996695e-02	1.849657e-02	-3.761206e-04	1.662992e-04	1.346074e-04	2.336029e-04	-9.899555e-05
401           	2.046497e-02	9.856358e-03	1.060861e-02	-2.940779e-03	1.702616e-02	-1.996694e-02	1.849655e-02	-3.761259e-04	1.663105e-04	1.346220e-04	2.336216e-04	-9.899954e-05
402           	2.046494e-02	9.856339e-03	1.060860e-02	-2.940781e-03	1.702615e-02	-1.996693e-02	1.849654e-02	-3.761322e-04	1.663225e-04	1.346369e-04	2.336409e-04	-9.900400e-05
403           	2.046492e-02	9.856320e-03	1.060860e-02	-2.940781e-03	1.702614e-02	-1.996692e-02	1.849653e-02	-3.761390e-04	1.663362e-04	1.346532e-04	2.336627e-04	-9.900958e-05
404           	2.046490e-02	9.856303e-03	1.060859e-02	-2.940783e-03	1.702613e-02	-1.996691e-02	1.849652e-02	-3.761450e-04	1.663482e-04	1.346684e-04	2.336824e-04	-9.901396e-05
405           	2.046488e-02	9.856287e-03	1.060859e-02	-2.940785e-03	1.702612e-02	-1.996691e-02	1.849652e-02	-3.761522e-04	1.663607e-04	1.346839e-04	2.337027e-04	-9.901880e-05
406           	2.046486e-02	9.856271e-03	1.060859e-02	-2.940786e-03	1.702612e-02	-1.996690e-02	1.849651e-02	-3.761580e-04	1.663731e-04	1.346996e-04	2.337229e-04	-9.902329e-05
407           	2.046484e-02	9.856255e-03	1.060859e-02	-2.940787e-03	1.702611e-02	-1.996690e-02	1.849650e-02	-3.761653e-04	1.663860e-04	1.347154e-04	2.337438e-04	-9.902831e-05
408           	2.046483e-02	9.856239e-03	1.060859e-02	-2.940789e-03	1.702611e-02	-1.996690e-02	1.849650e-02	-3.761738e-04	1.663995e-04	1.347314e-04	2.337652e-04	-9.903378e-05
409           	2.046481e-02	9.856224e-03	1.060859e-02	-2.940790e-03	1.702610e-02	-1.996689e-02	1.849650e-02	-3.761811e-04	1.664128e-04	1.347477e-04	2.337866e-04	-9.903894e-05
410           	2.046480e-02	9.856209e-03	1.060859e-02	-2.940792e-03	1.702610e-02	-1.996689e-02	1.849650e-02	-3.761898e-04	1.664266e-04	1.347641e-04	2.338086e-04	-9.904459e-05
411           	2.046479e-02	9.856195e-03	1.060859e-02	-2.940792e-03	1.702610e-02	-1.996689e-02	1.849649e-02	-3.761977e-04	1.664404e-04	1.347807e-04	2.338308e-04	-9.905003e-05
412           	2.046477e-02	9.856180e-03	1.060859e-02	-2.940794e-03	1.702610e-02	-1.996689e-02	1.849650e-02	-3.762070e-04	1.664548e-04	1.347976e-04	2.338536e-04	-9.905601e-05
413           	2.046476e-02	9.856166e-03	1.060860e-02	-2.940795e-03	1.702610e-02	-1.996689e-02	1.849650e-02	-3.762157e-04	1.664692e-04	1.348147e-04	2.338766e-04	-9.906185e-05
414           	2.046476e-02	9.856152e-03	1.060860e-02	-2.940796e-03	1.702610e-02	-1.996690e-02	1.849650e-02	-3.762261e-04	1.664843e-04	1.348320e-04	2.339003e-04	-9.906825e-05
415           	2.046475e-02	9.856137e-03	1.060861e-02	-2.940798e-03	1.702610e-02	-1.996690e-02	1.849650e-02	-3.762376e-04	1.664998e-04	1.348494e-04	2.339245e-04	-9.907507e-05
416           	2.046474e-02	9.856123e-03	1.060862e-02	-2.940799e-03	1.702611e-02	-1.996691e-02	1.849651e-02	-3.762482e-04	1.665152e-04	1.348671e-04	2.339488e-04	-9.908162e-05
417           	2.046474e-02	9.856111e-03	1.060863e-02	-2.940800e-03	1.702611e-02	-1.996691e-02	1.849651e-02	-3.762581e-04	1.665306e-04	1.348852e-04	2.339732e-04	-9.908801e-05
418           	2.046473e-02	9.856099e-03	1.060863e-02	-2.940801e-03	1.702612e-02	-1.996692e-02	1.849652e-02	-3.762677e-04	1.665462e-04	1.349037e-04	2.339980e-04	-9.909437e-05
419           	2.046473e-02	9.856086e-03	1.060864e-02	-2.940803e-03	1.702612e-02	-1.996693e-02	1.849653e-02	-3.762793e-04	1.665624e-04	1.349220e-04	2.340234e-04	-9.910135e-05
420           	2.046473e-02	9.856072e-03	1.060866e-02	-2.940805e-03	1.702613e-02	-1.996694e-02	1.849654e-02	-3.762923e-04	1.665790e-04	1.349403e-04	2.340492e-04	-9.910882e-05
421           	2.046473e-02	9.856060e-03	1.060867e-02	-2.940806e-03	1.702614e-02	-1.996695e-02	1.849654e-02	-3.763047e-04	1.665956e-04	1.349590e-04	2.340752e-04	-9.911613e-05
