# Force and moment coefficients
# dragDir     : (1.000000e+00 0.000000e+00 0.000000e+00)
# sideDir     : (0.000000e+00 0.000000e+00 -1.000000e+00)
# liftDir     : (0.000000e+00 1.000000e+00 0.000000e+00)
# rollAxis    : (1.000000e+00 0.000000e+00 0.000000e+00)
# pitchAxis   : (0.000000e+00 0.000000e+00 -1.000000e+00)
# yawAxis     : (0.000000e+00 1.000000e+00 0.000000e+00)
# magUInf     : 6.661800e+00
# lRef        : 1.499270e-01
# Aref        : 5.000000e-02
# CofR        : (3.750000e-02 0.000000e+00 0.000000e+00)
#
# Time        	Cd            	Cd(f)         	Cd(r)         	Cl            	Cl(f)         	Cl(r)         	CmPitch       	CmRoll        	CmYaw         	Cs            	Cs(f)         	Cs(r)         
1             	1.064460e-01	5.323607e-02	5.320998e-02	-1.347287e-04	5.011633e-05	-1.848451e-04	1.174807e-04	1.304314e-05	3.501364e-02	1.644786e-02	4.323757e-02	-2.678971e-02
2             	8.258099e-02	4.130919e-02	4.127179e-02	-1.442881e-04	5.398729e-05	-1.982754e-04	1.261313e-04	1.869953e-05	2.863895e-02	2.131078e-02	3.929435e-02	-1.798356e-02
3             	6.535837e-02	3.270254e-02	3.265584e-02	-1.386595e-04	5.057409e-05	-1.892336e-04	1.199038e-04	2.335029e-05	2.321781e-02	2.133422e-02	3.388492e-02	-1.255070e-02
4             	5.120259e-02	2.562785e-02	2.557474e-02	-1.241608e-04	4.248250e-05	-1.666433e-04	1.045629e-04	2.655508e-05	1.796228e-02	1.773128e-02	2.682792e-02	-9.096644e-03
5             	3.900117e-02	1.952824e-02	1.947293e-02	-1.048319e-04	3.215851e-05	-1.369904e-04	8.457447e-05	2.765632e-05	1.289641e-02	1.203724e-02	1.891503e-02	-6.877795e-03
6             	2.875650e-02	1.440494e-02	1.435156e-02	-8.428900e-05	2.189789e-05	-1.061869e-04	6.404239e-05	2.668985e-05	8.375430e-03	5.787464e-03	1.126916e-02	-5.481698e-03
7             	2.076652e-02	1.040749e-02	1.035903e-02	-6.553799e-05	1.354127e-05	-7.907925e-05	4.631026e-05	2.423061e-05	4.770083e-03	2.361121e-04	4.888139e-03	-4.652027e-03
8             	1.521277e-02	7.627736e-03	7.585038e-03	-5.156967e-05	8.345086e-06	-5.991476e-05	3.412992e-05	2.134894e-05	2.306971e-03	-3.802423e-03	4.057596e-04	-4.208183e-03
9             	1.199477e-02	6.016534e-03	5.978241e-03	-4.447859e-05	6.838479e-06	-5.131707e-05	2.907777e-05	1.914655e-05	1.009233e-03	-5.994728e-03	-1.988131e-03	-4.006597e-03
10            	1.074083e-02	5.388799e-03	5.352033e-03	-4.491640e-05	8.791826e-06	-5.370822e-05	3.125003e-05	1.838300e-05	7.190414e-04	-6.425030e-03	-2.493474e-03	-3.931557e-03
11            	1.089852e-02	5.468632e-03	5.429892e-03	-5.214697e-05	1.340817e-05	-6.555514e-05	3.948166e-05	1.936981e-05	1.157245e-03	-5.472019e-03	-1.578764e-03	-3.893255e-03
12            	1.185433e-02	5.949056e-03	5.905273e-03	-6.399509e-05	1.953082e-05	-8.352591e-05	5.152837e-05	2.189153e-05	1.996076e-03	-3.664543e-03	1.638043e-04	-3.828347e-03
13            	1.305855e-02	6.554709e-03	6.503842e-03	-7.792173e-05	2.598267e-05	-1.039044e-04	6.494354e-05	2.543348e-05	2.934060e-03	-1.542293e-03	2.162913e-03	-3.705207e-03
14            	1.409175e-02	7.075181e-03	7.016567e-03	-9.134358e-05	3.173931e-05	-1.230829e-04	7.741110e-05	2.930705e-05	3.737858e-03	4.413032e-04	3.958510e-03	-3.517207e-03
15            	1.470234e-02	7.384039e-03	7.318298e-03	-1.021660e-04	3.608180e-05	-1.382478e-04	8.716478e-05	3.287055e-05	4.266760e-03	1.978612e-03	5.256067e-03	-3.277454e-03
16            	1.480291e-02	7.437179e-03	7.365730e-03	-1.094346e-04	3.872691e-05	-1.481615e-04	9.344423e-05	3.572442e-05	4.472997e-03	2.923958e-03	5.934976e-03	-3.011019e-03
17            	1.443846e-02	7.256988e-03	7.181474e-03	-1.133809e-04	3.979254e-05	-1.531735e-04	9.648301e-05	3.775696e-05	4.385104e-03	3.276088e-03	6.023148e-03	-2.747060e-03
18            	1.373939e-02	6.908836e-03	6.830556e-03	-1.152258e-04	3.971990e-05	-1.549457e-04	9.733281e-05	3.914027e-05	4.081781e-03	3.139015e-03	5.651288e-03	-2.512273e-03
19            	1.286902e-02	6.474690e-03	6.394327e-03	-1.165150e-04	3.907332e-05	-1.555883e-04	9.733081e-05	4.018136e-05	3.661639e-03	2.673702e-03	4.998490e-03	-2.324787e-03
20            	1.198105e-02	6.031739e-03	5.949306e-03	-1.187789e-04	3.842245e-05	-1.572013e-04	9.781188e-05	4.121685e-05	3.218477e-03	2.053192e-03	4.245073e-03	-2.191881e-03
21            	1.119256e-02	5.638788e-03	5.553776e-03	-1.230715e-04	3.820933e-05	-1.612808e-04	9.974507e-05	4.250593e-05	2.824958e-03	1.428607e-03	3.539261e-03	-2.110655e-03
22            	1.057159e-02	5.329975e-03	5.241613e-03	-1.297778e-04	3.869157e-05	-1.684694e-04	1.035805e-04	4.418064e-05	2.524731e-03	9.085889e-04	2.979025e-03	-2.070436e-03
23            	1.013756e-02	5.114979e-03	5.022582e-03	-1.385587e-04	3.990121e-05	-1.784599e-04	1.091806e-04	4.619814e-05	2.332236e-03	5.521862e-04	2.608329e-03	-2.056143e-03
24            	9.871002e-03	4.983923e-03	4.887079e-03	-1.485579e-04	4.170794e-05	-1.902658e-04	1.159869e-04	4.842179e-05	2.238019e-03	3.725643e-04	2.424301e-03	-2.051737e-03
25            	9.728787e-03	4.915022e-03	4.813765e-03	-1.585769e-04	4.384052e-05	-2.024174e-04	1.231289e-04	5.062822e-05	2.217554e-03	3.482089e-04	2.391659e-03	-2.043450e-03
26            	9.660295e-03	4.882752e-03	4.777543e-03	-1.675618e-04	4.600873e-05	-2.135705e-04	1.297896e-04	5.260477e-05	2.240834e-03	4.372629e-04	2.459466e-03	-2.022203e-03
27            	9.619296e-03	4.863857e-03	4.755439e-03	-1.747916e-04	4.796850e-05	-2.227601e-04	1.353643e-04	5.420907e-05	2.279667e-03	5.909133e-04	2.575124e-03	-1.984210e-03
28            	9.571618e-03	4.841192e-03	4.730426e-03	-1.799502e-04	4.955459e-05	-2.295048e-04	1.395297e-04	5.538268e-05	2.312556e-03	7.640709e-04	2.694591e-03	-1.930520e-03
29            	9.498168e-03	4.805246e-03	4.692922e-03	-1.831733e-04	5.070374e-05	-2.338770e-04	1.422904e-04	5.616212e-05	2.326844e-03	9.221844e-04	2.787937e-03	-1.865752e-03
30            	9.393994e-03	4.753660e-03	4.640333e-03	-1.849646e-04	5.145468e-05	-2.364193e-04	1.439370e-04	5.666335e-05	2.318481e-03	1.044108e-03	2.840535e-03	-1.796427e-03
31            	9.264551e-03	4.689308e-03	4.575243e-03	-1.860047e-04	5.190460e-05	-2.379093e-04	1.449070e-04	5.703250e-05	2.290008e-03	1.121572e-03	2.850794e-03	-1.729222e-03
32            	9.120671e-03	4.617754e-03	4.502918e-03	-1.870078e-04	5.218802e-05	-2.391958e-04	1.456919e-04	5.741801e-05	2.247712e-03	1.156458e-03	2.825941e-03	-1.669483e-03
33            	8.974223e-03	4.545047e-03	4.429176e-03	-1.885460e-04	5.243434e-05	-2.409803e-04	1.467073e-04	5.793581e-05	2.199011e-03	1.157198e-03	2.777610e-03	-1.620412e-03
34            	8.834906e-03	4.476103e-03	4.358803e-03	-1.909593e-04	5.274276e-05	-2.437021e-04	1.482224e-04	5.865043e-05	2.150424e-03	1.135161e-03	2.718005e-03	-1.582844e-03
35            	8.708484e-03	4.413809e-03	4.294675e-03	-1.943161e-04	5.316570e-05	-2.474818e-04	1.503238e-04	5.956727e-05	2.106356e-03	1.101687e-03	2.657200e-03	-1.555513e-03
36            	8.596537e-03	4.358905e-03	4.237633e-03	-1.984254e-04	5.370186e-05	-2.521273e-04	1.529146e-04	6.063618e-05	2.068759e-03	1.066129e-03	2.601824e-03	-1.535695e-03
37            	8.497260e-03	4.310409e-03	4.186852e-03	-2.029535e-04	5.431658e-05	-2.572701e-04	1.557933e-04	6.177837e-05	2.037458e-03	1.034911e-03	2.554913e-03	-1.520002e-03
38            	8.406956e-03	4.266382e-03	4.140574e-03	-2.075036e-04	5.495410e-05	-2.624577e-04	1.587059e-04	6.290390e-05	2.010914e-03	1.011489e-03	2.516658e-03	-1.505170e-03
39            	8.321602e-03	4.224729e-03	4.096872e-03	-2.116909e-04	5.554999e-05	-2.672409e-04	1.613954e-04	6.392869e-05	1.987108e-03	9.968619e-04	2.485539e-03	-1.488677e-03
40            	8.238037e-03	4.183812e-03	4.054226e-03	-2.152278e-04	5.605029e-05	-2.712781e-04	1.636642e-04	6.479303e-05	1.964248e-03	9.903312e-04	2.459413e-03	-1.469082e-03
41            	8.154606e-03	4.142772e-03	4.011833e-03	-2.179642e-04	5.642359e-05	-2.743878e-04	1.654057e-04	6.546943e-05	1.941214e-03	9.902723e-04	2.436350e-03	-1.446078e-03
42            	8.071243e-03	4.101585e-03	3.969658e-03	-2.198991e-04	5.666450e-05	-2.765636e-04	1.666140e-04	6.596365e-05	1.917696e-03	9.947662e-04	2.415079e-03	-1.420313e-03
43            	7.989117e-03	4.060867e-03	3.928251e-03	-2.211547e-04	5.679069e-05	-2.779454e-04	1.673681e-04	6.630802e-05	1.894072e-03	1.002017e-03	2.395081e-03	-1.393063e-03
44            	7.910012e-03	4.021556e-03	3.888456e-03	-2.219302e-04	5.683583e-05	-2.787660e-04	1.678009e-04	6.655041e-05	1.871125e-03	1.010561e-03	2.376405e-03	-1.365844e-03
45            	7.835662e-03	3.984577e-03	3.851085e-03	-2.224634e-04	5.684285e-05	-2.793063e-04	1.680746e-04	6.674588e-05	1.849703e-03	1.019310e-03	2.359358e-03	-1.340047e-03
46            	7.767226e-03	3.950558e-03	3.816669e-03	-2.229769e-04	5.685364e-05	-2.798306e-04	1.683421e-04	6.694450e-05	1.830435e-03	1.027507e-03	2.344189e-03	-1.316682e-03
47            	7.705001e-03	3.919684e-03	3.785317e-03	-2.236427e-04	5.690126e-05	-2.805439e-04	1.687226e-04	6.718370e-05	1.813560e-03	1.034650e-03	2.330885e-03	-1.296235e-03
48            	7.648404e-03	3.891686e-03	3.756718e-03	-2.245594e-04	5.700487e-05	-2.815643e-04	1.692846e-04	6.748370e-05	1.798883e-03	1.040424e-03	2.319095e-03	-1.278671e-03
49            	7.596166e-03	3.865930e-03	3.730236e-03	-2.257479e-04	5.716789e-05	-2.829158e-04	1.700418e-04	6.784674e-05	1.785856e-03	1.044659e-03	2.308186e-03	-1.263527e-03
50            	7.546668e-03	3.841595e-03	3.705073e-03	-2.271677e-04	5.738090e-05	-2.845486e-04	1.709648e-04	6.826135e-05	1.773737e-03	1.047318e-03	2.297396e-03	-1.250077e-03
51            	7.498316e-03	3.817866e-03	3.680451e-03	-2.287401e-04	5.762602e-05	-2.863661e-04	1.719961e-04	6.870766e-05	1.761766e-03	1.048494e-03	2.286013e-03	-1.237519e-03
52            	7.449865e-03	3.794094e-03	3.655771e-03	-2.303667e-04	5.788139e-05	-2.882481e-04	1.730648e-04	6.916185e-05	1.749340e-03	1.048410e-03	2.273545e-03	-1.225135e-03
53            	7.400621e-03	3.769912e-03	3.630710e-03	-2.319513e-04	5.812577e-05	-2.900770e-04	1.741014e-04	6.960113e-05	1.736118e-03	1.047408e-03	2.259822e-03	-1.212414e-03
54            	7.350495e-03	3.745256e-03	3.605240e-03	-2.334188e-04	5.834248e-05	-2.917613e-04	1.750519e-04	7.000789e-05	1.722053e-03	1.045903e-03	2.245004e-03	-1.199102e-03
55            	7.299927e-03	3.720334e-03	3.579592e-03	-2.347202e-04	5.852100e-05	-2.932412e-04	1.758811e-04	7.037094e-05	1.707366e-03	1.044332e-03	2.229532e-03	-1.185201e-03
56            	7.249702e-03	3.695538e-03	3.554164e-03	-2.358386e-04	5.865817e-05	-2.944968e-04	1.765775e-04	7.068662e-05	1.692459e-03	1.043092e-03	2.214005e-03	-1.170913e-03
57            	7.200736e-03	3.671326e-03	3.529410e-03	-2.367850e-04	5.875741e-05	-2.955424e-04	1.771499e-04	7.095812e-05	1.677803e-03	1.042481e-03	2.199044e-03	-1.156563e-03
58            	7.153862e-03	3.648124e-03	3.505738e-03	-2.375896e-04	5.882709e-05	-2.964167e-04	1.776219e-04	7.119295e-05	1.663839e-03	1.042661e-03	2.185169e-03	-1.142508e-03
59            	7.109660e-03	3.626232e-03	3.483428e-03	-2.382956e-04	5.887857e-05	-2.971742e-04	1.780264e-04	7.140218e-05	1.650882e-03	1.043645e-03	2.172705e-03	-1.129059e-03
60            	7.068377e-03	3.605784e-03	3.462593e-03	-2.389430e-04	5.892277e-05	-2.978658e-04	1.783943e-04	7.159565e-05	1.639086e-03	1.045309e-03	2.161741e-03	-1.116432e-03
61            	7.029916e-03	3.586742e-03	3.443174e-03	-2.395714e-04	5.896990e-05	-2.985413e-04	1.787556e-04	7.178359e-05	1.628431e-03	1.047430e-03	2.152146e-03	-1.104717e-03
62            	6.993893e-03	3.568919e-03	3.424974e-03	-2.402045e-04	5.902650e-05	-2.992310e-04	1.791288e-04	7.197219e-05	1.618751e-03	1.049732e-03	2.143617e-03	-1.093885e-03
63            	6.959750e-03	3.552041e-03	3.407709e-03	-2.408577e-04	5.909601e-05	-2.999538e-04	1.795249e-04	7.216574e-05	1.609787e-03	1.051948e-03	2.135761e-03	-1.083814e-03
64            	6.926875e-03	3.535802e-03	3.391072e-03	-2.415328e-04	5.917821e-05	-3.007110e-04	1.799446e-04	7.236504e-05	1.601250e-03	1.053857e-03	2.128178e-03	-1.074321e-03
65            	6.894709e-03	3.519923e-03	3.374786e-03	-2.422221e-04	5.927030e-05	-3.014924e-04	1.803813e-04	7.256838e-05	1.592871e-03	1.055321e-03	2.120531e-03	-1.065210e-03
66            	6.862846e-03	3.504197e-03	3.358649e-03	-2.429193e-04	5.936889e-05	-3.022882e-04	1.808285e-04	7.277445e-05	1.584453e-03	1.056298e-03	2.112602e-03	-1.056304e-03
67            	6.831062e-03	3.488511e-03	3.342552e-03	-2.436112e-04	5.946917e-05	-3.030804e-04	1.812748e-04	7.297965e-05	1.575886e-03	1.056832e-03	2.104302e-03	-1.047470e-03
68            	6.799323e-03	3.472843e-03	3.326480e-03	-2.442879e-04	5.956699e-05	-3.038549e-04	1.817110e-04	7.318114e-05	1.567153e-03	1.057034e-03	2.095670e-03	-1.038636e-03
69            	6.767746e-03	3.457250e-03	3.310497e-03	-2.449420e-04	5.965894e-05	-3.046009e-04	1.821299e-04	7.337643e-05	1.558310e-03	1.057053e-03	2.086837e-03	-1.029783e-03
70            	6.736551e-03	3.441840e-03	3.294711e-03	-2.455710e-04	5.974334e-05	-3.053143e-04	1.825288e-04	7.356457e-05	1.549464e-03	1.057042e-03	2.077985e-03	-1.020943e-03
71            	6.705989e-03	3.426739e-03	3.279249e-03	-2.461752e-04	5.981959e-05	-3.059948e-04	1.829072e-04	7.374517e-05	1.540738e-03	1.057130e-03	2.069303e-03	-1.012173e-03
72            	6.676287e-03	3.412062e-03	3.264225e-03	-2.467564e-04	5.988818e-05	-3.066446e-04	1.832664e-04	7.391844e-05	1.532247e-03	1.057399e-03	2.060946e-03	-1.003547e-03
73            	6.647599e-03	3.397885e-03	3.249714e-03	-2.473187e-04	5.995048e-05	-3.072692e-04	1.836098e-04	7.408537e-05	1.524071e-03	1.057884e-03	2.053013e-03	-9.951287e-04
74            	6.619997e-03	3.384246e-03	3.235751e-03	-2.478661e-04	6.000819e-05	-3.078743e-04	1.839412e-04	7.424705e-05	1.516251e-03	1.058567e-03	2.045535e-03	-9.869674e-04
75            	6.593466e-03	3.371137e-03	3.222328e-03	-2.484014e-04	6.006294e-05	-3.084643e-04	1.842636e-04	7.440448e-05	1.508788e-03	1.059396e-03	2.038485e-03	-9.790897e-04
76            	6.567915e-03	3.358516e-03	3.209399e-03	-2.489260e-04	6.011603e-05	-3.090420e-04	1.845790e-04	7.455827e-05	1.501645e-03	1.060293e-03	2.031792e-03	-9.714990e-04
77            	6.543207e-03	3.346312e-03	3.196895e-03	-2.494380e-04	6.016816e-05	-3.096061e-04	1.848871e-04	7.470845e-05	1.494767e-03	1.061178e-03	2.025356e-03	-9.641784e-04
78            	6.519190e-03	3.334450e-03	3.184740e-03	-2.499375e-04	6.021957e-05	-3.101571e-04	1.851883e-04	7.485506e-05	1.488092e-03	1.061984e-03	2.019084e-03	-9.570996e-04
79            	6.495722e-03	3.322859e-03	3.172864e-03	-2.504224e-04	6.027005e-05	-3.106924e-04	1.854812e-04	7.499768e-05	1.481561e-03	1.062666e-03	2.012894e-03	-9.502281e-04
80            	6.472697e-03	3.311484e-03	3.161213e-03	-2.508903e-04	6.031917e-05	-3.112095e-04	1.857643e-04	7.513581e-05	1.475133e-03	1.063205e-03	2.006736e-03	-9.435309e-04
81            	6.450049e-03	3.300293e-03	3.149755e-03	-2.513401e-04	6.036640e-05	-3.117065e-04	1.860365e-04	7.526906e-05	1.468786e-03	1.063611e-03	2.000592e-03	-9.369810e-04
82            	6.427756e-03	3.289275e-03	3.138481e-03	-2.517715e-04	6.041129e-05	-3.121828e-04	1.862971e-04	7.539723e-05	1.462517e-03	1.063914e-03	1.994474e-03	-9.305602e-04
83            	6.405833e-03	3.278437e-03	3.127396e-03	-2.521857e-04	6.045358e-05	-3.126393e-04	1.865464e-04	7.552036e-05	1.456338e-03	1.064157e-03	1.988416e-03	-9.242591e-04
84            	6.384317e-03	3.267797e-03	3.116520e-03	-2.525849e-04	6.049320e-05	-3.130781e-04	1.867856e-04	7.563873e-05	1.450268e-03	1.064384e-03	1.982460e-03	-9.180760e-04
85            	6.363255e-03	3.257380e-03	3.105875e-03	-2.529717e-04	6.053030e-05	-3.135020e-04	1.870162e-04	7.575278e-05	1.444331e-03	1.064635e-03	1.976649e-03	-9.120137e-04
86            	6.342687e-03	3.247207e-03	3.095481e-03	-2.533493e-04	6.056508e-05	-3.139143e-04	1.872397e-04	7.586295e-05	1.438545e-03	1.064936e-03	1.971013e-03	-9.060773e-04
87            	6.322639e-03	3.237289e-03	3.085350e-03	-2.537200e-04	6.059770e-05	-3.143177e-04	1.874577e-04	7.596962e-05	1.432921e-03	1.065299e-03	1.965570e-03	-9.002715e-04
88            	6.303115e-03	3.227630e-03	3.075485e-03	-2.540833e-04	6.062822e-05	-3.147116e-04	1.876699e-04	7.607271e-05	1.427457e-03	1.065718e-03	1.960316e-03	-8.945974e-04
89            	6.284105e-03	3.218226e-03	3.065879e-03	-2.544456e-04	6.065711e-05	-3.151027e-04	1.878799e-04	7.617334e-05	1.422149e-03	1.066184e-03	1.955241e-03	-8.890566e-04
90            	6.265578e-03	3.209060e-03	3.056518e-03	-2.548049e-04	6.068407e-05	-3.154890e-04	1.880865e-04	7.627105e-05	1.416980e-03	1.066672e-03	1.950316e-03	-8.836444e-04
91            	6.247493e-03	3.200112e-03	3.047381e-03	-2.551603e-04	6.070899e-05	-3.158693e-04	1.882891e-04	7.636581e-05	1.411933e-03	1.067156e-03	1.945511e-03	-8.783549e-04
92            	6.229808e-03	3.191361e-03	3.038446e-03	-2.555103e-04	6.073173e-05	-3.162420e-04	1.884869e-04	7.645753e-05	1.406989e-03	1.067616e-03	1.940797e-03	-8.731812e-04
93            	6.212483e-03	3.182788e-03	3.029695e-03	-2.558534e-04	6.075218e-05	-3.166056e-04	1.886789e-04	7.654610e-05	1.402134e-03	1.068034e-03	1.936151e-03	-8.681168e-04
94            	6.195486e-03	3.174374e-03	3.021112e-03	-2.561852e-04	6.077012e-05	-3.169553e-04	1.888627e-04	7.663091e-05	1.397356e-03	1.068402e-03	1.931557e-03	-8.631547e-04
95            	6.178801e-03	3.166113e-03	3.012688e-03	-2.565083e-04	6.078567e-05	-3.172939e-04	1.890398e-04	7.671254e-05	1.392653e-03	1.068720e-03	1.927013e-03	-8.582929e-04
96            	6.162420e-03	3.158001e-03	3.004419e-03	-2.568221e-04	6.079886e-05	-3.176209e-04	1.892099e-04	7.679093e-05	1.388028e-03	1.068997e-03	1.922526e-03	-8.535295e-04
97            	6.146344e-03	3.150038e-03	2.996306e-03	-2.571264e-04	6.080982e-05	-3.179362e-04	1.893730e-04	7.686618e-05	1.383486e-03	1.069243e-03	1.918107e-03	-8.488639e-04
98            	6.130580e-03	3.142228e-03	2.988352e-03	-2.574215e-04	6.081874e-05	-3.182402e-04	1.895295e-04	7.693840e-05	1.379033e-03	1.069473e-03	1.913769e-03	-8.442968e-04
99            	6.115139e-03	3.134577e-03	2.980562e-03	-2.577078e-04	6.082581e-05	-3.185336e-04	1.896797e-04	7.700772e-05	1.374678e-03	1.069698e-03	1.909527e-03	-8.398289e-04
100           	6.100029e-03	3.127089e-03	2.972940e-03	-2.579862e-04	6.083130e-05	-3.188175e-04	1.898244e-04	7.707437e-05	1.370426e-03	1.069931e-03	1.905392e-03	-8.354607e-04
101           	6.085255e-03	3.119766e-03	2.965489e-03	-2.582578e-04	6.083547e-05	-3.190933e-04	1.899644e-04	7.713866e-05	1.366281e-03	1.070178e-03	1.901370e-03	-8.311920e-04
102           	6.070815e-03	3.112609e-03	2.958207e-03	-2.585237e-04	6.083858e-05	-3.193623e-04	1.901004e-04	7.720088e-05	1.362242e-03	1.070442e-03	1.897463e-03	-8.270214e-04
103           	6.056706e-03	3.105614e-03	2.951092e-03	-2.587851e-04	6.084084e-05	-3.196260e-04	1.902334e-04	7.726134e-05	1.358307e-03	1.070721e-03	1.893667e-03	-8.229465e-04
104           	6.042916e-03	3.098779e-03	2.944137e-03	-2.590445e-04	6.084261e-05	-3.198871e-04	1.903649e-04	7.732075e-05	1.354471e-03	1.071012e-03	1.889977e-03	-8.189649e-04
105           	6.029430e-03	3.092094e-03	2.937336e-03	-2.593001e-04	6.084364e-05	-3.201437e-04	1.904937e-04	7.737862e-05	1.350725e-03	1.071308e-03	1.886379e-03	-8.150716e-04
106           	6.016230e-03	3.085549e-03	2.930680e-03	-2.595493e-04	6.084394e-05	-3.203933e-04	1.906186e-04	7.743460e-05	1.347061e-03	1.071601e-03	1.882862e-03	-8.112612e-04
107           	6.003303e-03	3.079141e-03	2.924162e-03	-2.597965e-04	6.084345e-05	-3.206399e-04	1.907417e-04	7.748937e-05	1.343475e-03	1.071886e-03	1.879418e-03	-8.075318e-04
108           	5.990636e-03	3.072861e-03	2.917775e-03	-2.600418e-04	6.084216e-05	-3.208839e-04	1.908630e-04	7.754307e-05	1.339960e-03	1.072160e-03	1.876040e-03	-8.038800e-04
109           	5.978219e-03	3.066705e-03	2.911514e-03	-2.602851e-04	6.084001e-05	-3.211251e-04	1.909825e-04	7.759576e-05	1.336513e-03	1.072420e-03	1.872724e-03	-8.003032e-04
110           	5.966042e-03	3.060668e-03	2.905373e-03	-2.605261e-04	6.083707e-05	-3.213632e-04	1.911001e-04	7.764750e-05	1.333132e-03	1.072666e-03	1.869465e-03	-7.967992e-04
111           	5.954100e-03	3.054748e-03	2.899351e-03	-2.607649e-04	6.083350e-05	-3.215984e-04	1.912159e-04	7.769852e-05	1.329816e-03	1.072899e-03	1.866266e-03	-7.933665e-04
112           	5.942390e-03	3.048944e-03	2.893446e-03	-2.610011e-04	6.082938e-05	-3.218304e-04	1.913299e-04	7.774890e-05	1.326565e-03	1.073122e-03	1.863126e-03	-7.900043e-04
113           	5.930911e-03	3.043254e-03	2.887657e-03	-2.612342e-04	6.082474e-05	-3.220589e-04	1.914418e-04	7.779860e-05	1.323381e-03	1.073338e-03	1.860050e-03	-7.867120e-04
114           	5.919663e-03	3.037679e-03	2.881984e-03	-2.614640e-04	6.081960e-05	-3.222836e-04	1.915516e-04	7.784758e-05	1.320264e-03	1.073549e-03	1.857038e-03	-7.834891e-04
115           	5.908645e-03	3.032218e-03	2.876426e-03	-2.616904e-04	6.081407e-05	-3.225045e-04	1.916593e-04	7.789589e-05	1.317215e-03	1.073759e-03	1.854095e-03	-7.803351e-04
116           	5.897854e-03	3.026871e-03	2.870983e-03	-2.619142e-04	6.080840e-05	-3.227226e-04	1.917655e-04	7.794372e-05	1.314235e-03	1.073970e-03	1.851220e-03	-7.772495e-04
117           	5.887290e-03	3.021636e-03	2.865654e-03	-2.621360e-04	6.080282e-05	-3.229388e-04	1.918708e-04	7.799131e-05	1.311323e-03	1.074183e-03	1.848414e-03	-7.742314e-04
118           	5.876947e-03	3.016512e-03	2.860435e-03	-2.623568e-04	6.079757e-05	-3.231543e-04	1.919759e-04	7.803895e-05	1.308478e-03	1.074397e-03	1.845676e-03	-7.712795e-04
119           	5.866822e-03	3.011498e-03	2.855324e-03	-2.625773e-04	6.079285e-05	-3.233701e-04	1.920815e-04	7.808687e-05	1.305699e-03	1.074612e-03	1.843005e-03	-7.683924e-04
120           	5.856910e-03	3.006590e-03	2.850320e-03	-2.627982e-04	6.078882e-05	-3.235870e-04	1.921879e-04	7.813527e-05	1.302982e-03	1.074828e-03	1.840396e-03	-7.655685e-04
121           	5.847203e-03	3.001786e-03	2.845417e-03	-2.630200e-04	6.078556e-05	-3.238056e-04	1.922956e-04	7.818432e-05	1.300327e-03	1.075042e-03	1.837848e-03	-7.628061e-04
122           	5.837695e-03	2.997081e-03	2.840613e-03	-2.632421e-04	6.078330e-05	-3.240254e-04	1.924043e-04	7.823411e-05	1.297729e-03	1.075253e-03	1.835356e-03	-7.601026e-04
123           	5.828381e-03	2.992475e-03	2.835906e-03	-2.634658e-04	6.078174e-05	-3.242476e-04	1.925147e-04	7.828470e-05	1.295188e-03	1.075462e-03	1.832919e-03	-7.574574e-04
124           	5.819256e-03	2.987964e-03	2.831292e-03	-2.636912e-04	6.078081e-05	-3.244720e-04	1.926264e-04	7.833604e-05	1.292702e-03	1.075666e-03	1.830535e-03	-7.548689e-04
125           	5.810317e-03	2.983546e-03	2.826770e-03	-2.639178e-04	6.078040e-05	-3.246982e-04	1.927393e-04	7.838803e-05	1.290269e-03	1.075867e-03	1.828203e-03	-7.523359e-04
126           	5.801557e-03	2.979219e-03	2.822338e-03	-2.641452e-04	6.078041e-05	-3.249257e-04	1.928530e-04	7.844052e-05	1.287889e-03	1.076064e-03	1.825921e-03	-7.498567e-04
127           	5.792975e-03	2.974981e-03	2.817994e-03	-2.643730e-04	6.078078e-05	-3.251537e-04	1.929673e-04	7.849340e-05	1.285559e-03	1.076257e-03	1.823688e-03	-7.474303e-04
128           	5.784566e-03	2.970829e-03	2.813736e-03	-2.646007e-04	6.078148e-05	-3.253822e-04	1.930818e-04	7.854660e-05	1.283279e-03	1.076447e-03	1.821503e-03	-7.450555e-04
129           	5.776327e-03	2.966764e-03	2.809563e-03	-2.648284e-04	6.078257e-05	-3.256110e-04	1.931968e-04	7.860011e-05	1.281049e-03	1.076635e-03	1.819366e-03	-7.427314e-04
130           	5.768255e-03	2.962782e-03	2.805474e-03	-2.650560e-04	6.078405e-05	-3.258401e-04	1.933121e-04	7.865391e-05	1.278867e-03	1.076820e-03	1.817277e-03	-7.404568e-04
131           	5.760349e-03	2.958882e-03	2.801466e-03	-2.652836e-04	6.078593e-05	-3.260695e-04	1.934277e-04	7.870795e-05	1.276733e-03	1.077003e-03	1.815234e-03	-7.382310e-04
132           	5.752604e-03	2.955064e-03	2.797540e-03	-2.655109e-04	6.078816e-05	-3.262990e-04	1.935436e-04	7.876211e-05	1.274645e-03	1.077185e-03	1.813238e-03	-7.360529e-04
133           	5.745018e-03	2.951325e-03	2.793693e-03	-2.657377e-04	6.079068e-05	-3.265283e-04	1.936595e-04	7.881630e-05	1.272604e-03	1.077365e-03	1.811287e-03	-7.339218e-04
134           	5.737588e-03	2.947664e-03	2.789923e-03	-2.659639e-04	6.079344e-05	-3.267573e-04	1.937754e-04	7.887043e-05	1.270608e-03	1.077543e-03	1.809380e-03	-7.318367e-04
135           	5.730308e-03	2.944078e-03	2.786230e-03	-2.661885e-04	6.079652e-05	-3.269850e-04	1.938908e-04	7.892432e-05	1.268655e-03	1.077719e-03	1.807515e-03	-7.297956e-04
136           	5.723179e-03	2.940568e-03	2.782612e-03	-2.664128e-04	6.079973e-05	-3.272126e-04	1.940062e-04	7.897806e-05	1.266746e-03	1.077894e-03	1.805693e-03	-7.277990e-04
137           	5.716198e-03	2.937131e-03	2.779067e-03	-2.666370e-04	6.080304e-05	-3.274401e-04	1.941216e-04	7.903164e-05	1.264880e-03	1.078068e-03	1.803914e-03	-7.258460e-04
138           	5.709362e-03	2.933766e-03	2.775596e-03	-2.668609e-04	6.080645e-05	-3.276674e-04	1.942369e-04	7.908502e-05	1.263055e-03	1.078239e-03	1.802175e-03	-7.239355e-04
139           	5.702666e-03	2.930471e-03	2.772195e-03	-2.670844e-04	6.080995e-05	-3.278943e-04	1.943521e-04	7.913816e-05	1.261271e-03	1.078409e-03	1.800476e-03	-7.220666e-04
140           	5.696108e-03	2.927245e-03	2.768863e-03	-2.673073e-04	6.081354e-05	-3.281209e-04	1.944672e-04	7.919104e-05	1.259527e-03	1.078577e-03	1.798815e-03	-7.202382e-04
141           	5.689685e-03	2.924086e-03	2.765599e-03	-2.675295e-04	6.081722e-05	-3.283467e-04	1.945820e-04	7.924359e-05	1.257821e-03	1.078743e-03	1.797192e-03	-7.184493e-04
142           	5.683394e-03	2.920993e-03	2.762401e-03	-2.677507e-04	6.082093e-05	-3.285716e-04	1.946963e-04	7.929579e-05	1.256152e-03	1.078907e-03	1.795606e-03	-7.166989e-04
143           	5.677232e-03	2.917963e-03	2.759268e-03	-2.679706e-04	6.082463e-05	-3.287952e-04	1.948099e-04	7.934754e-05	1.254520e-03	1.079068e-03	1.794054e-03	-7.149861e-04
144           	5.671196e-03	2.914997e-03	2.756199e-03	-2.681888e-04	6.082824e-05	-3.290171e-04	1.949226e-04	7.939877e-05	1.252924e-03	1.079228e-03	1.792538e-03	-7.133100e-04
145           	5.665283e-03	2.912091e-03	2.753192e-03	-2.684052e-04	6.083172e-05	-3.292369e-04	1.950343e-04	7.944945e-05	1.251363e-03	1.079385e-03	1.791055e-03	-7.116700e-04
146           	5.659493e-03	2.909246e-03	2.750247e-03	-2.686196e-04	6.083503e-05	-3.294546e-04	1.951448e-04	7.949952e-05	1.249835e-03	1.079541e-03	1.789606e-03	-7.100652e-04
147           	5.653821e-03	2.906459e-03	2.747361e-03	-2.688317e-04	6.083814e-05	-3.296699e-04	1.952540e-04	7.954896e-05	1.248342e-03	1.079694e-03	1.788189e-03	-7.084949e-04
148           	5.648266e-03	2.903731e-03	2.744535e-03	-2.690416e-04	6.084103e-05	-3.298826e-04	1.953618e-04	7.959773e-05	1.246881e-03	1.079846e-03	1.786804e-03	-7.069585e-04
149           	5.642825e-03	2.901059e-03	2.741767e-03	-2.692489e-04	6.084368e-05	-3.300926e-04	1.954682e-04	7.964580e-05	1.245453e-03	1.079996e-03	1.785451e-03	-7.054552e-04
150           	5.637497e-03	2.898442e-03	2.739056e-03	-2.694538e-04	6.084608e-05	-3.302998e-04	1.955730e-04	7.969315e-05	1.244056e-03	1.080144e-03	1.784128e-03	-7.039843e-04
151           	5.632279e-03	2.895879e-03	2.736400e-03	-2.696560e-04	6.084820e-05	-3.305042e-04	1.956762e-04	7.973976e-05	1.242690e-03	1.080290e-03	1.782836e-03	-7.025452e-04
152           	5.627169e-03	2.893370e-03	2.733799e-03	-2.698557e-04	6.085008e-05	-3.307057e-04	1.957779e-04	7.978567e-05	1.241355e-03	1.080435e-03	1.781572e-03	-7.011372e-04
153           	5.622164e-03	2.890913e-03	2.731251e-03	-2.700528e-04	6.085176e-05	-3.309046e-04	1.958782e-04	7.983091e-05	1.240048e-03	1.080577e-03	1.780337e-03	-6.997596e-04
154           	5.617263e-03	2.888507e-03	2.728756e-03	-2.702475e-04	6.085326e-05	-3.311008e-04	1.959770e-04	7.987553e-05	1.238771e-03	1.080718e-03	1.779130e-03	-6.984117e-04
155           	5.612463e-03	2.886151e-03	2.726312e-03	-2.704398e-04	6.085465e-05	-3.312945e-04	1.960746e-04	7.991960e-05	1.237521e-03	1.080857e-03	1.777950e-03	-6.970929e-04
156           	5.607760e-03	2.883843e-03	2.723917e-03	-2.706290e-04	6.085600e-05	-3.314850e-04	1.961705e-04	7.996295e-05	1.236298e-03	1.080992e-03	1.776794e-03	-6.958013e-04
157           	5.603155e-03	2.881583e-03	2.721571e-03	-2.708160e-04	6.085724e-05	-3.316733e-04	1.962653e-04	8.000588e-05	1.235101e-03	1.081127e-03	1.775665e-03	-6.945380e-04
158           	5.598646e-03	2.879371e-03	2.719275e-03	-2.710009e-04	6.085842e-05	-3.318593e-04	1.963589e-04	8.004845e-05	1.233932e-03	1.081259e-03	1.774562e-03	-6.933024e-04
159           	5.594232e-03	2.877206e-03	2.717025e-03	-2.711835e-04	6.085952e-05	-3.320430e-04	1.964513e-04	8.009063e-05	1.232789e-03	1.081390e-03	1.773484e-03	-6.920938e-04
160           	5.589910e-03	2.875087e-03	2.714822e-03	-2.713637e-04	6.086055e-05	-3.322242e-04	1.965424e-04	8.013244e-05	1.231671e-03	1.081520e-03	1.772431e-03	-6.909116e-04
161           	5.585677e-03	2.873013e-03	2.712665e-03	-2.715412e-04	6.086151e-05	-3.324027e-04	1.966321e-04	8.017384e-05	1.230578e-03	1.081647e-03	1.771402e-03	-6.897550e-04
162           	5.581533e-03	2.870981e-03	2.710552e-03	-2.717158e-04	6.086237e-05	-3.325782e-04	1.967203e-04	8.021482e-05	1.229510e-03	1.081772e-03	1.770396e-03	-6.886233e-04
163           	5.577475e-03	2.868993e-03	2.708482e-03	-2.718877e-04	6.086314e-05	-3.327508e-04	1.968070e-04	8.025536e-05	1.228464e-03	1.081896e-03	1.769412e-03	-6.875160e-04
164           	5.573500e-03	2.867046e-03	2.706455e-03	-2.720566e-04	6.086383e-05	-3.329204e-04	1.968921e-04	8.029546e-05	1.227441e-03	1.082017e-03	1.768449e-03	-6.864323e-04
165           	5.569608e-03	2.865139e-03	2.704469e-03	-2.722225e-04	6.086441e-05	-3.330869e-04	1.969757e-04	8.033510e-05	1.226440e-03	1.082136e-03	1.767508e-03	-6.853718e-04
166           	5.565797e-03	2.863273e-03	2.702524e-03	-2.723855e-04	6.086491e-05	-3.332504e-04	1.970577e-04	8.037430e-05	1.225461e-03	1.082253e-03	1.766587e-03	-6.843340e-04
167           	5.562065e-03	2.861445e-03	2.700619e-03	-2.725455e-04	6.086529e-05	-3.334108e-04	1.971381e-04	8.041301e-05	1.224502e-03	1.082368e-03	1.765686e-03	-6.833184e-04
168           	5.558410e-03	2.859656e-03	2.698754e-03	-2.727025e-04	6.086554e-05	-3.335681e-04	1.972168e-04	8.045122e-05	1.223565e-03	1.082481e-03	1.764805e-03	-6.823244e-04
169           	5.554831e-03	2.857904e-03	2.696927e-03	-2.728565e-04	6.086566e-05	-3.337221e-04	1.972939e-04	8.048893e-05	1.222647e-03	1.082591e-03	1.763943e-03	-6.813518e-04
170           	5.551327e-03	2.856189e-03	2.695137e-03	-2.730073e-04	6.086560e-05	-3.338729e-04	1.973692e-04	8.052608e-05	1.221750e-03	1.082700e-03	1.763100e-03	-6.804001e-04
171           	5.547895e-03	2.854510e-03	2.693385e-03	-2.731548e-04	6.086530e-05	-3.340201e-04	1.974427e-04	8.056264e-05	1.220872e-03	1.082806e-03	1.762275e-03	-6.794688e-04
172           	5.544536e-03	2.852866e-03	2.691669e-03	-2.732989e-04	6.086474e-05	-3.341636e-04	1.975142e-04	8.059856e-05	1.220013e-03	1.082910e-03	1.761468e-03	-6.785576e-04
173           	5.541246e-03	2.851257e-03	2.689989e-03	-2.734394e-04	6.086386e-05	-3.343033e-04	1.975836e-04	8.063378e-05	1.219172e-03	1.083013e-03	1.760678e-03	-6.776659e-04
174           	5.538026e-03	2.849681e-03	2.688345e-03	-2.735763e-04	6.086267e-05	-3.344390e-04	1.976508e-04	8.066828e-05	1.218350e-03	1.083113e-03	1.759906e-03	-6.767933e-04
175           	5.534872e-03	2.848138e-03	2.686734e-03	-2.737095e-04	6.086116e-05	-3.345707e-04	1.977159e-04	8.070205e-05	1.217545e-03	1.083211e-03	1.759151e-03	-6.759395e-04
176           	5.531785e-03	2.846628e-03	2.685157e-03	-2.738392e-04	6.085938e-05	-3.346986e-04	1.977790e-04	8.073509e-05	1.216758e-03	1.083307e-03	1.758411e-03	-6.751040e-04
177           	5.528762e-03	2.845149e-03	2.683614e-03	-2.739654e-04	6.085735e-05	-3.348227e-04	1.978400e-04	8.076743e-05	1.215987e-03	1.083402e-03	1.757688e-03	-6.742865e-04
178           	5.525803e-03	2.843700e-03	2.682102e-03	-2.740882e-04	6.085509e-05	-3.349433e-04	1.978992e-04	8.079907e-05	1.215233e-03	1.083494e-03	1.756980e-03	-6.734864e-04
179           	5.522905e-03	2.842283e-03	2.680623e-03	-2.742078e-04	6.085263e-05	-3.350605e-04	1.979565e-04	8.083002e-05	1.214496e-03	1.083584e-03	1.756287e-03	-6.727035e-04
180           	5.520069e-03	2.840895e-03	2.679174e-03	-2.743243e-04	6.084996e-05	-3.351742e-04	1.980121e-04	8.086029e-05	1.213773e-03	1.083672e-03	1.755610e-03	-6.719374e-04
181           	5.517289e-03	2.839534e-03	2.677755e-03	-2.744371e-04	6.084704e-05	-3.352842e-04	1.980656e-04	8.088965e-05	1.213065e-03	1.083757e-03	1.754944e-03	-6.711863e-04
182           	5.514568e-03	2.838202e-03	2.676366e-03	-2.745472e-04	6.084396e-05	-3.353911e-04	1.981175e-04	8.091845e-05	1.212372e-03	1.083841e-03	1.754293e-03	-6.704517e-04
183           	5.511905e-03	2.836899e-03	2.675006e-03	-2.746544e-04	6.084075e-05	-3.354952e-04	1.981680e-04	8.094670e-05	1.211695e-03	1.083923e-03	1.753656e-03	-6.697333e-04
184           	5.509300e-03	2.835624e-03	2.673675e-03	-2.747589e-04	6.083740e-05	-3.355963e-04	1.982168e-04	8.097441e-05	1.211032e-03	1.084003e-03	1.753034e-03	-6.690306e-04
185           	5.506749e-03	2.834376e-03	2.672373e-03	-2.748605e-04	6.083388e-05	-3.356944e-04	1.982642e-04	8.100158e-05	1.210384e-03	1.084082e-03	1.752426e-03	-6.683433e-04
186           	5.504253e-03	2.833155e-03	2.671098e-03	-2.749593e-04	6.083017e-05	-3.357895e-04	1.983098e-04	8.102815e-05	1.209750e-03	1.084159e-03	1.751830e-03	-6.676708e-04
187           	5.501809e-03	2.831959e-03	2.669851e-03	-2.750551e-04	6.082624e-05	-3.358813e-04	1.983538e-04	8.105408e-05	1.209130e-03	1.084235e-03	1.751247e-03	-6.670127e-04
188           	5.499417e-03	2.830788e-03	2.668629e-03	-2.751479e-04	6.082205e-05	-3.359699e-04	1.983960e-04	8.107935e-05	1.208522e-03	1.084308e-03	1.750676e-03	-6.663685e-04
189           	5.497075e-03	2.829641e-03	2.667434e-03	-2.752376e-04	6.081760e-05	-3.360552e-04	1.984364e-04	8.110391e-05	1.207928e-03	1.084379e-03	1.750117e-03	-6.657380e-04
190           	5.494782e-03	2.828519e-03	2.666263e-03	-2.753243e-04	6.081286e-05	-3.361372e-04	1.984750e-04	8.112776e-05	1.207345e-03	1.084449e-03	1.749569e-03	-6.651207e-04
191           	5.492537e-03	2.827420e-03	2.665118e-03	-2.754079e-04	6.080782e-05	-3.362157e-04	1.985117e-04	8.115088e-05	1.206774e-03	1.084516e-03	1.749033e-03	-6.645164e-04
192           	5.490340e-03	2.826343e-03	2.663996e-03	-2.754884e-04	6.080250e-05	-3.362909e-04	1.985467e-04	8.117332e-05	1.206216e-03	1.084582e-03	1.748507e-03	-6.639248e-04
193           	5.489563e-03	2.825953e-03	2.663610e-03	-2.754763e-04	6.078094e-05	-3.362573e-04	1.985191e-04	8.117119e-05	1.206148e-03	1.084834e-03	1.748566e-03	-6.637312e-04
194           	5.488982e-03	2.825643e-03	2.663339e-03	-2.754019e-04	6.074921e-05	-3.361511e-04	1.984502e-04	8.115242e-05	1.206180e-03	1.085194e-03	1.748777e-03	-6.635829e-04
195           	5.488454e-03	2.825353e-03	2.663101e-03	-2.752984e-04	6.071363e-05	-3.360120e-04	1.983628e-04	8.112589e-05	1.206231e-03	1.085577e-03	1.749019e-03	-6.634424e-04
196           	5.487860e-03	2.825030e-03	2.662830e-03	-2.751951e-04	6.067979e-05	-3.358749e-04	1.982774e-04	8.109954e-05	1.206233e-03	1.085911e-03	1.749188e-03	-6.632775e-04
197           	5.487116e-03	2.824637e-03	2.662479e-03	-2.751134e-04	6.065160e-05	-3.357650e-04	1.982083e-04	8.107910e-05	1.206140e-03	1.086147e-03	1.749214e-03	-6.630665e-04
198           	5.486185e-03	2.824160e-03	2.662025e-03	-2.750642e-04	6.063087e-05	-3.356950e-04	1.981630e-04	8.106742e-05	1.205932e-03	1.086265e-03	1.749064e-03	-6.627997e-04
199           	5.485077e-03	2.823603e-03	2.661473e-03	-2.750481e-04	6.061788e-05	-3.356659e-04	1.981419e-04	8.106492e-05	1.205616e-03	1.086268e-03	1.748750e-03	-6.624816e-04
200           	5.483836e-03	2.822988e-03	2.660848e-03	-2.750601e-04	6.061142e-05	-3.356715e-04	1.981415e-04	8.107022e-05	1.205218e-03	1.086184e-03	1.748311e-03	-6.621263e-04
201           	5.482513e-03	2.822339e-03	2.660174e-03	-2.750969e-04	6.060985e-05	-3.357068e-04	1.981583e-04	8.108233e-05	1.204772e-03	1.086045e-03	1.747795e-03	-6.617498e-04
202           	5.481168e-03	2.821682e-03	2.659486e-03	-2.751479e-04	6.061057e-05	-3.357585e-04	1.981845e-04	8.109800e-05	1.204313e-03	1.085887e-03	1.747256e-03	-6.613693e-04
203           	5.479855e-03	2.821042e-03	2.658814e-03	-2.752019e-04	6.061137e-05	-3.358133e-04	1.982123e-04	8.111412e-05	1.203872e-03	1.085742e-03	1.746743e-03	-6.610010e-04
204           	5.478616e-03	2.820436e-03	2.658179e-03	-2.752514e-04	6.061054e-05	-3.358619e-04	1.982362e-04	8.112850e-05	1.203474e-03	1.085634e-03	1.746291e-03	-6.606565e-04
205           	5.477467e-03	2.819873e-03	2.657594e-03	-2.752911e-04	6.060723e-05	-3.358984e-04	1.982528e-04	8.113984e-05	1.203128e-03	1.085574e-03	1.745915e-03	-6.603411e-04
206           	5.476411e-03	2.819353e-03	2.657057e-03	-2.753202e-04	6.060137e-05	-3.359215e-04	1.982615e-04	8.114801e-05	1.202835e-03	1.085561e-03	1.745616e-03	-6.600542e-04
207           	5.475436e-03	2.818871e-03	2.656565e-03	-2.753383e-04	6.059323e-05	-3.359315e-04	1.982624e-04	8.115308e-05	1.202587e-03	1.085589e-03	1.745382e-03	-6.597925e-04
208           	5.474521e-03	2.818416e-03	2.656105e-03	-2.753467e-04	6.058344e-05	-3.359301e-04	1.982568e-04	8.115559e-05	1.202371e-03	1.085645e-03	1.745194e-03	-6.595488e-04
209           	5.473642e-03	2.817977e-03	2.655665e-03	-2.753481e-04	6.057280e-05	-3.359209e-04	1.982469e-04	8.115636e-05	1.202172e-03	1.085713e-03	1.745028e-03	-6.593152e-04
210           	5.472773e-03	2.817543e-03	2.655230e-03	-2.753458e-04	6.056212e-05	-3.359079e-04	1.982350e-04	8.115633e-05	1.201974e-03	1.085780e-03	1.744863e-03	-6.590838e-04
211           	5.471898e-03	2.817105e-03	2.654793e-03	-2.753428e-04	6.055208e-05	-3.358949e-04	1.982235e-04	8.115636e-05	1.201766e-03	1.085834e-03	1.744684e-03	-6.588492e-04
212           	5.471005e-03	2.816660e-03	2.654345e-03	-2.753419e-04	6.054311e-05	-3.358850e-04	1.982140e-04	8.115712e-05	1.201544e-03	1.085872e-03	1.744479e-03	-6.586078e-04
213           	5.470088e-03	2.816202e-03	2.653885e-03	-2.753424e-04	6.053562e-05	-3.358781e-04	1.982068e-04	8.115858e-05	1.201301e-03	1.085888e-03	1.744245e-03	-6.583572e-04
214           	5.469155e-03	2.815739e-03	2.653416e-03	-2.753485e-04	6.052943e-05	-3.358779e-04	1.982037e-04	8.116145e-05	1.201046e-03	1.085889e-03	1.743990e-03	-6.581012e-04
215           	5.468214e-03	2.815273e-03	2.652941e-03	-2.753603e-04	6.052441e-05	-3.358847e-04	1.982046e-04	8.116576e-05	1.200781e-03	1.085878e-03	1.743720e-03	-6.578421e-04
216           	5.467274e-03	2.814808e-03	2.652465e-03	-2.753776e-04	6.052036e-05	-3.358980e-04	1.982092e-04	8.117137e-05	1.200514e-03	1.085862e-03	1.743445e-03	-6.575828e-04
217           	5.466342e-03	2.814349e-03	2.651993e-03	-2.753993e-04	6.051700e-05	-3.359163e-04	1.982166e-04	8.117801e-05	1.200249e-03	1.085845e-03	1.743171e-03	-6.573262e-04
218           	5.465425e-03	2.813898e-03	2.651527e-03	-2.754240e-04	6.051405e-05	-3.359380e-04	1.982260e-04	8.118534e-05	1.199990e-03	1.085831e-03	1.742906e-03	-6.570743e-04
219           	5.464528e-03	2.813457e-03	2.651071e-03	-2.754501e-04	6.051127e-05	-3.359613e-04	1.982363e-04	8.119301e-05	1.199740e-03	1.085824e-03	1.742653e-03	-6.568284e-04
220           	5.463653e-03	2.813027e-03	2.650626e-03	-2.754762e-04	6.050847e-05	-3.359847e-04	1.982466e-04	8.120070e-05	1.199501e-03	1.085824e-03	1.742413e-03	-6.565891e-04
221           	5.462797e-03	2.812607e-03	2.650190e-03	-2.755013e-04	6.050555e-05	-3.360068e-04	1.982562e-04	8.120819e-05	1.199271e-03	1.085830e-03	1.742186e-03	-6.563560e-04
222           	5.461960e-03	2.812195e-03	2.649765e-03	-2.755246e-04	6.050244e-05	-3.360271e-04	1.982648e-04	8.121534e-05	1.199049e-03	1.085842e-03	1.741970e-03	-6.561283e-04
223           	5.461138e-03	2.811791e-03	2.649347e-03	-2.755461e-04	6.049916e-05	-3.360453e-04	1.982722e-04	8.122213e-05	1.198833e-03	1.085856e-03	1.741761e-03	-6.559048e-04
224           	5.460327e-03	2.811392e-03	2.648935e-03	-2.755658e-04	6.049577e-05	-3.360616e-04	1.982787e-04	8.122859e-05	1.198620e-03	1.085871e-03	1.741556e-03	-6.556845e-04
225           	5.459524e-03	2.810997e-03	2.648527e-03	-2.755844e-04	6.049236e-05	-3.360767e-04	1.982845e-04	8.123484e-05	1.198409e-03	1.085885e-03	1.741351e-03	-6.554662e-04
226           	5.458728e-03	2.810605e-03	2.648123e-03	-2.756023e-04	6.048902e-05	-3.360913e-04	1.982902e-04	8.124103e-05	1.198198e-03	1.085897e-03	1.741146e-03	-6.552493e-04
227           	5.457936e-03	2.810215e-03	2.647721e-03	-2.756203e-04	6.048583e-05	-3.361061e-04	1.982960e-04	8.124728e-05	1.197987e-03	1.085906e-03	1.740940e-03	-6.550335e-04
228           	5.457149e-03	2.809828e-03	2.647321e-03	-2.756389e-04	6.048285e-05	-3.361217e-04	1.983023e-04	8.125372e-05	1.197775e-03	1.085913e-03	1.740732e-03	-6.548189e-04
229           	5.456368e-03	2.809444e-03	2.646923e-03	-2.756584e-04	6.048011e-05	-3.361385e-04	1.983093e-04	8.126042e-05	1.197564e-03	1.085917e-03	1.740523e-03	-6.546055e-04
230           	5.455593e-03	2.809064e-03	2.646529e-03	-2.756790e-04	6.047761e-05	-3.361566e-04	1.983171e-04	8.126742e-05	1.197354e-03	1.085920e-03	1.740314e-03	-6.543939e-04
231           	5.454826e-03	2.808688e-03	2.646138e-03	-2.757007e-04	6.047534e-05	-3.361760e-04	1.983257e-04	8.127470e-05	1.197146e-03	1.085923e-03	1.740107e-03	-6.541845e-04
232           	5.454068e-03	2.808316e-03	2.645752e-03	-2.757233e-04	6.047326e-05	-3.361966e-04	1.983349e-04	8.128223e-05	1.196940e-03	1.085925e-03	1.739903e-03	-6.539776e-04
233           	5.453320e-03	2.807950e-03	2.645370e-03	-2.757465e-04	6.047132e-05	-3.362179e-04	1.983446e-04	8.128994e-05	1.196738e-03	1.085929e-03	1.739702e-03	-6.537735e-04
234           	5.452582e-03	2.807589e-03	2.644993e-03	-2.757701e-04	6.046947e-05	-3.362396e-04	1.983545e-04	8.129776e-05	1.196539e-03	1.085933e-03	1.739506e-03	-6.535723e-04
235           	5.451854e-03	2.807233e-03	2.644621e-03	-2.757936e-04	6.046767e-05	-3.362613e-04	1.983645e-04	8.130563e-05	1.196343e-03	1.085939e-03	1.739313e-03	-6.533741e-04
236           	5.451136e-03	2.806882e-03	2.644255e-03	-2.758169e-04	6.046589e-05	-3.362828e-04	1.983743e-04	8.131348e-05	1.196151e-03	1.085945e-03	1.739124e-03	-6.531787e-04
237           	5.450428e-03	2.806535e-03	2.643893e-03	-2.758398e-04	6.046411e-05	-3.363039e-04	1.983840e-04	8.132129e-05	1.195962e-03	1.085952e-03	1.738938e-03	-6.529859e-04
238           	5.449729e-03	2.806193e-03	2.643535e-03	-2.758622e-04	6.046233e-05	-3.363246e-04	1.983935e-04	8.132902e-05	1.195775e-03	1.085959e-03	1.738755e-03	-6.527955e-04
239           	5.449037e-03	2.805855e-03	2.643182e-03	-2.758843e-04	6.046056e-05	-3.363448e-04	1.984027e-04	8.133670e-05	1.195591e-03	1.085966e-03	1.738574e-03	-6.526074e-04
240           	5.448354e-03	2.805521e-03	2.642833e-03	-2.759060e-04	6.045882e-05	-3.363648e-04	1.984118e-04	8.134432e-05	1.195408e-03	1.085973e-03	1.738395e-03	-6.524214e-04
241           	5.447678e-03	2.805191e-03	2.642487e-03	-2.759275e-04	6.045711e-05	-3.363846e-04	1.984209e-04	8.135194e-05	1.195227e-03	1.085980e-03	1.738217e-03	-6.522374e-04
242           	5.447009e-03	2.804864e-03	2.642145e-03	-2.759490e-04	6.045548e-05	-3.364044e-04	1.984300e-04	8.135956e-05	1.195048e-03	1.085986e-03	1.738041e-03	-6.520552e-04
243           	5.446347e-03	2.804541e-03	2.641806e-03	-2.759705e-04	6.045393e-05	-3.364244e-04	1.984392e-04	8.136723e-05	1.194871e-03	1.085991e-03	1.737866e-03	-6.518750e-04
244           	5.445693e-03	2.804221e-03	2.641471e-03	-2.759922e-04	6.045248e-05	-3.364447e-04	1.984486e-04	8.137495e-05	1.194695e-03	1.085997e-03	1.737693e-03	-6.516967e-04
245           	5.445045e-03	2.803905e-03	2.641140e-03	-2.760142e-04	6.045112e-05	-3.364653e-04	1.984582e-04	8.138273e-05	1.194521e-03	1.086002e-03	1.737522e-03	-6.515204e-04
246           	5.444406e-03	2.803593e-03	2.640812e-03	-2.760363e-04	6.044986e-05	-3.364861e-04	1.984680e-04	8.139058e-05	1.194350e-03	1.086007e-03	1.737353e-03	-6.513461e-04
247           	5.443771e-03	2.803283e-03	2.640488e-03	-2.760553e-04	6.044855e-05	-3.365038e-04	1.984762e-04	8.139764e-05	1.194178e-03	1.086011e-03	1.737183e-03	-6.511725e-04
248           	5.443147e-03	2.802979e-03	2.640168e-03	-2.760788e-04	6.044752e-05	-3.365263e-04	1.984869e-04	8.140588e-05	1.194011e-03	1.086016e-03	1.737019e-03	-6.510028e-04
249           	5.442528e-03	2.802677e-03	2.639851e-03	-2.760992e-04	6.044645e-05	-3.365457e-04	1.984961e-04	8.141333e-05	1.193844e-03	1.086021e-03	1.736855e-03	-6.508339e-04
250           	5.441917e-03	2.802380e-03	2.639538e-03	-2.761207e-04	6.044551e-05	-3.365662e-04	1.985058e-04	8.142105e-05	1.193680e-03	1.086026e-03	1.736693e-03	-6.506674e-04
251           	5.441315e-03	2.802086e-03	2.639228e-03	-2.761430e-04	6.044468e-05	-3.365877e-04	1.985162e-04	8.142903e-05	1.193519e-03	1.086031e-03	1.736534e-03	-6.505034e-04
252           	5.440720e-03	2.801797e-03	2.638923e-03	-2.761661e-04	6.044396e-05	-3.366101e-04	1.985270e-04	8.143721e-05	1.193360e-03	1.086036e-03	1.736378e-03	-6.503416e-04
253           	5.440132e-03	2.801512e-03	2.638621e-03	-2.761897e-04	6.044329e-05	-3.366330e-04	1.985381e-04	8.144552e-05	1.193203e-03	1.086042e-03	1.736224e-03	-6.501820e-04
254           	5.439552e-03	2.801230e-03	2.638322e-03	-2.762134e-04	6.044267e-05	-3.366561e-04	1.985494e-04	8.145388e-05	1.193048e-03	1.086048e-03	1.736072e-03	-6.500244e-04
255           	5.438978e-03	2.800951e-03	2.638027e-03	-2.762370e-04	6.044205e-05	-3.366791e-04	1.985606e-04	8.146222e-05	1.192895e-03	1.086053e-03	1.735922e-03	-6.498688e-04
256           	5.438412e-03	2.800676e-03	2.637735e-03	-2.762603e-04	6.044141e-05	-3.367017e-04	1.985716e-04	8.147048e-05	1.192744e-03	1.086059e-03	1.735774e-03	-6.497148e-04
257           	5.437851e-03	2.800404e-03	2.637447e-03	-2.762831e-04	6.044074e-05	-3.367238e-04	1.985823e-04	8.147862e-05	1.192595e-03	1.086064e-03	1.735627e-03	-6.495627e-04
258           	5.437298e-03	2.800135e-03	2.637162e-03	-2.763053e-04	6.044005e-05	-3.367454e-04	1.985927e-04	8.148662e-05	1.192447e-03	1.086070e-03	1.735482e-03	-6.494122e-04
259           	5.436750e-03	2.799870e-03	2.636881e-03	-2.763271e-04	6.043934e-05	-3.367664e-04	1.986029e-04	8.149451e-05	1.192301e-03	1.086075e-03	1.735339e-03	-6.492634e-04
260           	5.436209e-03	2.799607e-03	2.636602e-03	-2.763485e-04	6.043862e-05	-3.367871e-04	1.986129e-04	8.150229e-05	1.192157e-03	1.086081e-03	1.735197e-03	-6.491162e-04
261           	5.435675e-03	2.799347e-03	2.636327e-03	-2.763696e-04	6.043792e-05	-3.368075e-04	1.986227e-04	8.151001e-05	1.192014e-03	1.086086e-03	1.735057e-03	-6.489708e-04
262           	5.435146e-03	2.799091e-03	2.636055e-03	-2.763906e-04	6.043726e-05	-3.368279e-04	1.986326e-04	8.151769e-05	1.191873e-03	1.086091e-03	1.734918e-03	-6.488271e-04
263           	5.434624e-03	2.798837e-03	2.635787e-03	-2.764116e-04	6.043665e-05	-3.368482e-04	1.986424e-04	8.152535e-05	1.191733e-03	1.086096e-03	1.734781e-03	-6.486850e-04
264           	5.434108e-03	2.798587e-03	2.635521e-03	-2.764326e-04	6.043610e-05	-3.368687e-04	1.986524e-04	8.153301e-05	1.191595e-03	1.086102e-03	1.734646e-03	-6.485447e-04
265           	5.433598e-03	2.798340e-03	2.635258e-03	-2.764538e-04	6.043562e-05	-3.368894e-04	1.986625e-04	8.154070e-05	1.191459e-03	1.086107e-03	1.734513e-03	-6.484061e-04
266           	5.433094e-03	2.798095e-03	2.634999e-03	-2.764750e-04	6.043521e-05	-3.369102e-04	1.986727e-04	8.154841e-05	1.191325e-03	1.086112e-03	1.734381e-03	-6.482691e-04
267           	5.432596e-03	2.797854e-03	2.634742e-03	-2.764964e-04	6.043486e-05	-3.369313e-04	1.986831e-04	8.155613e-05	1.191192e-03	1.086117e-03	1.734251e-03	-6.481338e-04
268           	5.432104e-03	2.797616e-03	2.634488e-03	-2.765179e-04	6.043458e-05	-3.369524e-04	1.986935e-04	8.156386e-05	1.191061e-03	1.086122e-03	1.734122e-03	-6.480001e-04
269           	5.431618e-03	2.797381e-03	2.634237e-03	-2.765393e-04	6.043434e-05	-3.369737e-04	1.987040e-04	8.157160e-05	1.190932e-03	1.086127e-03	1.733995e-03	-6.478681e-04
270           	5.431138e-03	2.797148e-03	2.633990e-03	-2.765608e-04	6.043414e-05	-3.369949e-04	1.987145e-04	8.157932e-05	1.190804e-03	1.086133e-03	1.733870e-03	-6.477376e-04
271           	5.430663e-03	2.796919e-03	2.633745e-03	-2.765822e-04	6.043399e-05	-3.370162e-04	1.987251e-04	8.158703e-05	1.190678e-03	1.086138e-03	1.733747e-03	-6.476088e-04
272           	5.430194e-03	2.796692e-03	2.633503e-03	-2.766036e-04	6.043387e-05	-3.370375e-04	1.987357e-04	8.159472e-05	1.190553e-03	1.086143e-03	1.733624e-03	-6.474814e-04
273           	5.429731e-03	2.796468e-03	2.633263e-03	-2.766249e-04	6.043378e-05	-3.370587e-04	1.987462e-04	8.160238e-05	1.190430e-03	1.086148e-03	1.733504e-03	-6.473557e-04
274           	5.429274e-03	2.796247e-03	2.633027e-03	-2.766462e-04	6.043374e-05	-3.370799e-04	1.987568e-04	8.161003e-05	1.190308e-03	1.086153e-03	1.733385e-03	-6.472314e-04
275           	5.428821e-03	2.796028e-03	2.632793e-03	-2.766674e-04	6.043373e-05	-3.371011e-04	1.987674e-04	8.161765e-05	1.190188e-03	1.086159e-03	1.733267e-03	-6.471086e-04
276           	5.428375e-03	2.795813e-03	2.632562e-03	-2.766885e-04	6.043375e-05	-3.371223e-04	1.987780e-04	8.162524e-05	1.190069e-03	1.086164e-03	1.733151e-03	-6.469873e-04
277           	5.427933e-03	2.795599e-03	2.632334e-03	-2.767097e-04	6.043382e-05	-3.371435e-04	1.987887e-04	8.163282e-05	1.189952e-03	1.086169e-03	1.733037e-03	-6.468675e-04
278           	5.427497e-03	2.795389e-03	2.632108e-03	-2.767308e-04	6.043394e-05	-3.371647e-04	1.987993e-04	8.164039e-05	1.189836e-03	1.086174e-03	1.732923e-03	-6.467491e-04
279           	5.427066e-03	2.795181e-03	2.631885e-03	-2.767520e-04	6.043410e-05	-3.371860e-04	1.988101e-04	8.164795e-05	1.189722e-03	1.086180e-03	1.732812e-03	-6.466322e-04
280           	5.426640e-03	2.794975e-03	2.631664e-03	-2.767731e-04	6.043431e-05	-3.372074e-04	1.988209e-04	8.165549e-05	1.189609e-03	1.086185e-03	1.732701e-03	-6.465166e-04
281           	5.426219e-03	2.794773e-03	2.631447e-03	-2.767943e-04	6.043457e-05	-3.372289e-04	1.988317e-04	8.166304e-05	1.189497e-03	1.086190e-03	1.732592e-03	-6.464024e-04
282           	5.425803e-03	2.794572e-03	2.631231e-03	-2.768155e-04	6.043488e-05	-3.372504e-04	1.988426e-04	8.167058e-05	1.189387e-03	1.086195e-03	1.732485e-03	-6.462897e-04
283           	5.425393e-03	2.794374e-03	2.631018e-03	-2.768367e-04	6.043524e-05	-3.372720e-04	1.988536e-04	8.167813e-05	1.189278e-03	1.086200e-03	1.732378e-03	-6.461782e-04
284           	5.424987e-03	2.794179e-03	2.630808e-03	-2.768580e-04	6.043566e-05	-3.372936e-04	1.988646e-04	8.168567e-05	1.189171e-03	1.086205e-03	1.732274e-03	-6.460682e-04
285           	5.424586e-03	2.793986e-03	2.630600e-03	-2.768792e-04	6.043613e-05	-3.373154e-04	1.988757e-04	8.169322e-05	1.189065e-03	1.086211e-03	1.732170e-03	-6.459594e-04
286           	5.424190e-03	2.793796e-03	2.630394e-03	-2.769005e-04	6.043665e-05	-3.373372e-04	1.988869e-04	8.170078e-05	1.188960e-03	1.086216e-03	1.732068e-03	-6.458520e-04
287           	5.423798e-03	2.793608e-03	2.630191e-03	-2.769218e-04	6.043722e-05	-3.373590e-04	1.988981e-04	8.170833e-05	1.188856e-03	1.086221e-03	1.731967e-03	-6.457459e-04
288           	5.423412e-03	2.793422e-03	2.629990e-03	-2.769431e-04	6.043783e-05	-3.373809e-04	1.989094e-04	8.171589e-05	1.188754e-03	1.086226e-03	1.731867e-03	-6.456410e-04
289           	5.423030e-03	2.793238e-03	2.629791e-03	-2.769643e-04	6.043849e-05	-3.374028e-04	1.989207e-04	8.172345e-05	1.188653e-03	1.086231e-03	1.731769e-03	-6.455375e-04
290           	5.422652e-03	2.793057e-03	2.629595e-03	-2.769856e-04	6.043919e-05	-3.374248e-04	1.989320e-04	8.173101e-05	1.188553e-03	1.086236e-03	1.731672e-03	-6.454351e-04
291           	5.422279e-03	2.792878e-03	2.629401e-03	-2.770068e-04	6.043992e-05	-3.374467e-04	1.989433e-04	8.173856e-05	1.188455e-03	1.086242e-03	1.731576e-03	-6.453341e-04
292           	5.421911e-03	2.792702e-03	2.629209e-03	-2.770280e-04	6.044070e-05	-3.374687e-04	1.989547e-04	8.174611e-05	1.188358e-03	1.086247e-03	1.731481e-03	-6.452342e-04
293           	5.421547e-03	2.792527e-03	2.629020e-03	-2.770492e-04	6.044151e-05	-3.374907e-04	1.989661e-04	8.175366e-05	1.188261e-03	1.086252e-03	1.731387e-03	-6.451356e-04
294           	5.421188e-03	2.792355e-03	2.628833e-03	-2.770703e-04	6.044235e-05	-3.375126e-04	1.989775e-04	8.176119e-05	1.188167e-03	1.086257e-03	1.731295e-03	-6.450381e-04
295           	5.420832e-03	2.792185e-03	2.628647e-03	-2.770913e-04	6.044322e-05	-3.375345e-04	1.989889e-04	8.176871e-05	1.188073e-03	1.086262e-03	1.731204e-03	-6.449418e-04
296           	5.420481e-03	2.792017e-03	2.628465e-03	-2.771123e-04	6.044412e-05	-3.375564e-04	1.990003e-04	8.177621e-05	1.187980e-03	1.086267e-03	1.731114e-03	-6.448467e-04
297           	5.420135e-03	2.791851e-03	2.628284e-03	-2.771333e-04	6.044506e-05	-3.375783e-04	1.990117e-04	8.178370e-05	1.187889e-03	1.086272e-03	1.731025e-03	-6.447528e-04
298           	5.419792e-03	2.791687e-03	2.628105e-03	-2.771541e-04	6.044602e-05	-3.376001e-04	1.990231e-04	8.179117e-05	1.187799e-03	1.086277e-03	1.730937e-03	-6.446600e-04
299           	5.419454e-03	2.791526e-03	2.627928e-03	-2.771749e-04	6.044700e-05	-3.376219e-04	1.990345e-04	8.179862e-05	1.187709e-03	1.086282e-03	1.730851e-03	-6.445683e-04
300           	5.419120e-03	2.791366e-03	2.627754e-03	-2.771957e-04	6.044801e-05	-3.376437e-04	1.990458e-04	8.180605e-05	1.187621e-03	1.086287e-03	1.730765e-03	-6.444777e-04
301           	5.418790e-03	2.791208e-03	2.627581e-03	-2.772163e-04	6.044905e-05	-3.376654e-04	1.990572e-04	8.181346e-05	1.187534e-03	1.086292e-03	1.730681e-03	-6.443883e-04
302           	5.418463e-03	2.791053e-03	2.627411e-03	-2.772369e-04	6.045011e-05	-3.376870e-04	1.990686e-04	8.182085e-05	1.187449e-03	1.086297e-03	1.730597e-03	-6.442999e-04
303           	5.418141e-03	2.790899e-03	2.627242e-03	-2.772574e-04	6.045119e-05	-3.377086e-04	1.990799e-04	8.182822e-05	1.187364e-03	1.086302e-03	1.730515e-03	-6.442126e-04
304           	5.417823e-03	2.790747e-03	2.627076e-03	-2.772778e-04	6.045229e-05	-3.377301e-04	1.990912e-04	8.183556e-05	1.187280e-03	1.086307e-03	1.730434e-03	-6.441263e-04
305           	5.417509e-03	2.790597e-03	2.626911e-03	-2.772982e-04	6.045341e-05	-3.377516e-04	1.991025e-04	8.184289e-05	1.187197e-03	1.086312e-03	1.730353e-03	-6.440411e-04
306           	5.417198e-03	2.790449e-03	2.626749e-03	-2.773185e-04	6.045456e-05	-3.377730e-04	1.991138e-04	8.185018e-05	1.187116e-03	1.086317e-03	1.730274e-03	-6.439570e-04
307           	5.416891e-03	2.790303e-03	2.626588e-03	-2.773386e-04	6.045572e-05	-3.377944e-04	1.991250e-04	8.185746e-05	1.187035e-03	1.086322e-03	1.730196e-03	-6.438738e-04
308           	5.416588e-03	2.790159e-03	2.626429e-03	-2.773588e-04	6.045691e-05	-3.378157e-04	1.991363e-04	8.186471e-05	1.186955e-03	1.086327e-03	1.730119e-03	-6.437917e-04
309           	5.416289e-03	2.790016e-03	2.626273e-03	-2.773788e-04	6.045811e-05	-3.378369e-04	1.991475e-04	8.187193e-05	1.186877e-03	1.086332e-03	1.730043e-03	-6.437106e-04
310           	5.415993e-03	2.789876e-03	2.626117e-03	-2.773987e-04	6.045934e-05	-3.378581e-04	1.991587e-04	8.187913e-05	1.186799e-03	1.086337e-03	1.729967e-03	-6.436305e-04
311           	5.415701e-03	2.789737e-03	2.625964e-03	-2.774186e-04	6.046058e-05	-3.378792e-04	1.991699e-04	8.188631e-05	1.186722e-03	1.086342e-03	1.729893e-03	-6.435513e-04
312           	5.415413e-03	2.789600e-03	2.625813e-03	-2.774384e-04	6.046185e-05	-3.379002e-04	1.991810e-04	8.189346e-05	1.186646e-03	1.086346e-03	1.729820e-03	-6.434731e-04
313           	5.415128e-03	2.789464e-03	2.625663e-03	-2.774581e-04	6.046313e-05	-3.379212e-04	1.991922e-04	8.190059e-05	1.186571e-03	1.086351e-03	1.729747e-03	-6.433958e-04
314           	5.414841e-03	2.789329e-03	2.625512e-03	-2.774814e-04	6.046483e-05	-3.379462e-04	1.992055e-04	8.190857e-05	1.186495e-03	1.086351e-03	1.729671e-03	-6.433191e-04
315           	5.414559e-03	2.789196e-03	2.625363e-03	-2.775032e-04	6.046635e-05	-3.379696e-04	1.992180e-04	8.191614e-05	1.186419e-03	1.086352e-03	1.729595e-03	-6.432430e-04
316           	5.414282e-03	2.789065e-03	2.625218e-03	-2.775237e-04	6.046772e-05	-3.379914e-04	1.992296e-04	8.192334e-05	1.186346e-03	1.086355e-03	1.729524e-03	-6.431682e-04
317           	5.414011e-03	2.788936e-03	2.625075e-03	-2.775430e-04	6.046898e-05	-3.380120e-04	1.992405e-04	8.193026e-05	1.186275e-03	1.086361e-03	1.729456e-03	-6.430946e-04
318           	5.413745e-03	2.788810e-03	2.624936e-03	-2.775614e-04	6.047018e-05	-3.380316e-04	1.992509e-04	8.193698e-05	1.186206e-03	1.086368e-03	1.729390e-03	-6.430220e-04
319           	5.413477e-03	2.788683e-03	2.624794e-03	-2.775830e-04	6.047176e-05	-3.380548e-04	1.992633e-04	8.194447e-05	1.186136e-03	1.086372e-03	1.729322e-03	-6.429501e-04
320           	5.413215e-03	2.788559e-03	2.624656e-03	-2.776029e-04	6.047318e-05	-3.380761e-04	1.992746e-04	8.195153e-05	1.186067e-03	1.086376e-03	1.729255e-03	-6.428790e-04
321           	5.412958e-03	2.788437e-03	2.624521e-03	-2.776214e-04	6.047448e-05	-3.380959e-04	1.992852e-04	8.195826e-05	1.186000e-03	1.086382e-03	1.729191e-03	-6.428090e-04
322           	5.412700e-03	2.788315e-03	2.624384e-03	-2.776427e-04	6.047612e-05	-3.381189e-04	1.992975e-04	8.196568e-05	1.185932e-03	1.086385e-03	1.729125e-03	-6.427396e-04
323           	5.412447e-03	2.788196e-03	2.624251e-03	-2.776621e-04	6.047755e-05	-3.381397e-04	1.993086e-04	8.197258e-05	1.185866e-03	1.086389e-03	1.729060e-03	-6.426711e-04
324           	5.412200e-03	2.788079e-03	2.624121e-03	-2.776800e-04	6.047885e-05	-3.381588e-04	1.993188e-04	8.197910e-05	1.185802e-03	1.086396e-03	1.728999e-03	-6.426038e-04
325           	5.411951e-03	2.787962e-03	2.623989e-03	-2.777005e-04	6.048047e-05	-3.381810e-04	1.993307e-04	8.198630e-05	1.185737e-03	1.086399e-03	1.728936e-03	-6.425370e-04
326           	5.411703e-03	2.787846e-03	2.623858e-03	-2.777231e-04	6.048232e-05	-3.382054e-04	1.993439e-04	8.199397e-05	1.185670e-03	1.086399e-03	1.728870e-03	-6.424705e-04
327           	5.411461e-03	2.787731e-03	2.623730e-03	-2.777409e-04	6.048381e-05	-3.382247e-04	1.993543e-04	8.200032e-05	1.185605e-03	1.086402e-03	1.728806e-03	-6.424042e-04
328           	5.411224e-03	2.787619e-03	2.623606e-03	-2.777573e-04	6.048511e-05	-3.382424e-04	1.993638e-04	8.200632e-05	1.185544e-03	1.086408e-03	1.728748e-03	-6.423395e-04
329           	5.410995e-03	2.787510e-03	2.623485e-03	-2.777742e-04	6.048630e-05	-3.382604e-04	1.993734e-04	8.201255e-05	1.185486e-03	1.086418e-03	1.728696e-03	-6.422771e-04
330           	5.410764e-03	2.787401e-03	2.623363e-03	-2.777922e-04	6.048785e-05	-3.382801e-04	1.993840e-04	8.201905e-05	1.185427e-03	1.086425e-03	1.728639e-03	-6.422143e-04
331           	5.410533e-03	2.787293e-03	2.623240e-03	-2.778146e-04	6.048969e-05	-3.383043e-04	1.993970e-04	8.202668e-05	1.185366e-03	1.086427e-03	1.728580e-03	-6.421528e-04
332           	5.410303e-03	2.787186e-03	2.623117e-03	-2.778383e-04	6.049168e-05	-3.383299e-04	1.994108e-04	8.203458e-05	1.185305e-03	1.086427e-03	1.728518e-03	-6.420915e-04
333           	5.410079e-03	2.787080e-03	2.622998e-03	-2.778563e-04	6.049324e-05	-3.383496e-04	1.994214e-04	8.204095e-05	1.185245e-03	1.086430e-03	1.728460e-03	-6.420303e-04
334           	5.409861e-03	2.786977e-03	2.622884e-03	-2.778723e-04	6.049452e-05	-3.383668e-04	1.994306e-04	8.204675e-05	1.185189e-03	1.086437e-03	1.728407e-03	-6.419706e-04
335           	5.409643e-03	2.786874e-03	2.622768e-03	-2.778901e-04	6.049604e-05	-3.383861e-04	1.994411e-04	8.205308e-05	1.185133e-03	1.086442e-03	1.728354e-03	-6.419116e-04
336           	5.409426e-03	2.786773e-03	2.622653e-03	-2.779095e-04	6.049776e-05	-3.384073e-04	1.994525e-04	8.205982e-05	1.185076e-03	1.086445e-03	1.728298e-03	-6.418530e-04
337           	5.409215e-03	2.786674e-03	2.622542e-03	-2.779266e-04	6.049917e-05	-3.384257e-04	1.994625e-04	8.206592e-05	1.185021e-03	1.086451e-03	1.728246e-03	-6.417956e-04
338           	5.409005e-03	2.786575e-03	2.622430e-03	-2.779453e-04	6.050079e-05	-3.384461e-04	1.994734e-04	8.207245e-05	1.184966e-03	1.086455e-03	1.728194e-03	-6.417389e-04
339           	5.408796e-03	2.786477e-03	2.622319e-03	-2.779653e-04	6.050256e-05	-3.384678e-04	1.994852e-04	8.207929e-05	1.184911e-03	1.086458e-03	1.728140e-03	-6.416826e-04
340           	5.408593e-03	2.786382e-03	2.622211e-03	-2.779824e-04	6.050397e-05	-3.384864e-04	1.994952e-04	8.208536e-05	1.184859e-03	1.086463e-03	1.728090e-03	-6.416274e-04
341           	5.408391e-03	2.786287e-03	2.622104e-03	-2.780009e-04	6.050556e-05	-3.385065e-04	1.995060e-04	8.209177e-05	1.184807e-03	1.086468e-03	1.728040e-03	-6.415728e-04
342           	5.408190e-03	2.786193e-03	2.621996e-03	-2.780204e-04	6.050728e-05	-3.385276e-04	1.995175e-04	8.209840e-05	1.184754e-03	1.086471e-03	1.727989e-03	-6.415186e-04
343           	5.407995e-03	2.786102e-03	2.621893e-03	-2.780367e-04	6.050863e-05	-3.385454e-04	1.995270e-04	8.210421e-05	1.184704e-03	1.086477e-03	1.727942e-03	-6.414654e-04
344           	5.407801e-03	2.786011e-03	2.621790e-03	-2.780543e-04	6.051017e-05	-3.385645e-04	1.995373e-04	8.211033e-05	1.184654e-03	1.086482e-03	1.727895e-03	-6.414128e-04
345           	5.407608e-03	2.785920e-03	2.621687e-03	-2.780728e-04	6.051183e-05	-3.385846e-04	1.995482e-04	8.211668e-05	1.184603e-03	1.086485e-03	1.727846e-03	-6.413606e-04
346           	5.407416e-03	2.785831e-03	2.621585e-03	-2.780919e-04	6.051358e-05	-3.386055e-04	1.995595e-04	8.212315e-05	1.184552e-03	1.086487e-03	1.727796e-03	-6.413087e-04
347           	5.407230e-03	2.785744e-03	2.621486e-03	-2.781075e-04	6.051492e-05	-3.386225e-04	1.995687e-04	8.212871e-05	1.184505e-03	1.086493e-03	1.727751e-03	-6.412580e-04
348           	5.407046e-03	2.785657e-03	2.621388e-03	-2.781243e-04	6.051642e-05	-3.386407e-04	1.995786e-04	8.213454e-05	1.184457e-03	1.086498e-03	1.727706e-03	-6.412080e-04
349           	5.406862e-03	2.785572e-03	2.621291e-03	-2.781418e-04	6.051805e-05	-3.386599e-04	1.995890e-04	8.214058e-05	1.184409e-03	1.086502e-03	1.727660e-03	-6.411583e-04
350           	5.406680e-03	2.785487e-03	2.621193e-03	-2.781600e-04	6.051976e-05	-3.386798e-04	1.995998e-04	8.214676e-05	1.184361e-03	1.086504e-03	1.727613e-03	-6.411090e-04
351           	5.406500e-03	2.785403e-03	2.621097e-03	-2.781785e-04	6.052151e-05	-3.387001e-04	1.996108e-04	8.215300e-05	1.184313e-03	1.086506e-03	1.727567e-03	-6.410602e-04
352           	5.406326e-03	2.785321e-03	2.621005e-03	-2.781934e-04	6.052283e-05	-3.387163e-04	1.996195e-04	8.215827e-05	1.184269e-03	1.086513e-03	1.727525e-03	-6.410126e-04
353           	5.406154e-03	2.785241e-03	2.620913e-03	-2.782093e-04	6.052430e-05	-3.387336e-04	1.996289e-04	8.216379e-05	1.184225e-03	1.086519e-03	1.727484e-03	-6.409656e-04
354           	5.405982e-03	2.785161e-03	2.620822e-03	-2.782259e-04	6.052589e-05	-3.387518e-04	1.996388e-04	8.216952e-05	1.184181e-03	1.086523e-03	1.727442e-03	-6.409191e-04
355           	5.405812e-03	2.785081e-03	2.620731e-03	-2.782432e-04	6.052757e-05	-3.387707e-04	1.996491e-04	8.217539e-05	1.184136e-03	1.086526e-03	1.727399e-03	-6.408729e-04
356           	5.405643e-03	2.785003e-03	2.620640e-03	-2.782608e-04	6.052930e-05	-3.387901e-04	1.996597e-04	8.218134e-05	1.184092e-03	1.086529e-03	1.727356e-03	-6.408272e-04
357           	5.405476e-03	2.784925e-03	2.620551e-03	-2.782786e-04	6.053104e-05	-3.388096e-04	1.996703e-04	8.218730e-05	1.184048e-03	1.086531e-03	1.727313e-03	-6.407819e-04
358           	5.405311e-03	2.784849e-03	2.620462e-03	-2.782963e-04	6.053278e-05	-3.388291e-04	1.996809e-04	8.219323e-05	1.184004e-03	1.086534e-03	1.727271e-03	-6.407372e-04
359           	5.405153e-03	2.784775e-03	2.620378e-03	-2.783101e-04	6.053405e-05	-3.388442e-04	1.996891e-04	8.219811e-05	1.183964e-03	1.086540e-03	1.727234e-03	-6.406937e-04
360           	5.404996e-03	2.784701e-03	2.620295e-03	-2.783247e-04	6.053545e-05	-3.388601e-04	1.996978e-04	8.220321e-05	1.183924e-03	1.086547e-03	1.727198e-03	-6.406508e-04
361           	5.404840e-03	2.784628e-03	2.620211e-03	-2.783400e-04	6.053697e-05	-3.388769e-04	1.997069e-04	8.220850e-05	1.183884e-03	1.086552e-03	1.727160e-03	-6.406083e-04
362           	5.404685e-03	2.784556e-03	2.620128e-03	-2.783558e-04	6.053857e-05	-3.388944e-04	1.997165e-04	8.221394e-05	1.183844e-03	1.086556e-03	1.727122e-03	-6.405661e-04
363           	5.404531e-03	2.784485e-03	2.620046e-03	-2.783721e-04	6.054024e-05	-3.389123e-04	1.997263e-04	8.221948e-05	1.183804e-03	1.086559e-03	1.727084e-03	-6.405243e-04
364           	5.404378e-03	2.784414e-03	2.619964e-03	-2.783886e-04	6.054195e-05	-3.389306e-04	1.997363e-04	8.222506e-05	1.183764e-03	1.086562e-03	1.727045e-03	-6.404829e-04
365           	5.404228e-03	2.784344e-03	2.619883e-03	-2.784052e-04	6.054366e-05	-3.389489e-04	1.997463e-04	8.223064e-05	1.183724e-03	1.086564e-03	1.727006e-03	-6.404419e-04
366           	5.404078e-03	2.784275e-03	2.619803e-03	-2.784218e-04	6.054536e-05	-3.389672e-04	1.997563e-04	8.223618e-05	1.183685e-03	1.086566e-03	1.726968e-03	-6.404014e-04
367           	5.403931e-03	2.784207e-03	2.619724e-03	-2.784383e-04	6.054704e-05	-3.389853e-04	1.997662e-04	8.224165e-05	1.183646e-03	1.086569e-03	1.726930e-03	-6.403615e-04
368           	5.403786e-03	2.784140e-03	2.619646e-03	-2.784544e-04	6.054867e-05	-3.390031e-04	1.997759e-04	8.224704e-05	1.183608e-03	1.086571e-03	1.726893e-03	-6.403220e-04
369           	5.403643e-03	2.784074e-03	2.619569e-03	-2.784703e-04	6.055028e-05	-3.390206e-04	1.997854e-04	8.225233e-05	1.183570e-03	1.086574e-03	1.726857e-03	-6.402831e-04
370           	5.403503e-03	2.784009e-03	2.619494e-03	-2.784858e-04	6.055185e-05	-3.390377e-04	1.997948e-04	8.225753e-05	1.183534e-03	1.086578e-03	1.726823e-03	-6.402447e-04
371           	5.403364e-03	2.783945e-03	2.619419e-03	-2.785010e-04	6.055339e-05	-3.390544e-04	1.998039e-04	8.226263e-05	1.183498e-03	1.086582e-03	1.726789e-03	-6.402069e-04
372           	5.403228e-03	2.783881e-03	2.619346e-03	-2.785159e-04	6.055491e-05	-3.390708e-04	1.998128e-04	8.226765e-05	1.183463e-03	1.086586e-03	1.726756e-03	-6.401696e-04
373           	5.403093e-03	2.783819e-03	2.619274e-03	-2.785304e-04	6.055641e-05	-3.390868e-04	1.998216e-04	8.227259e-05	1.183428e-03	1.086590e-03	1.726723e-03	-6.401328e-04
374           	5.402960e-03	2.783758e-03	2.619203e-03	-2.785447e-04	6.055791e-05	-3.391026e-04	1.998303e-04	8.227747e-05	1.183394e-03	1.086595e-03	1.726691e-03	-6.400965e-04
375           	5.402829e-03	2.783697e-03	2.619132e-03	-2.785588e-04	6.055940e-05	-3.391182e-04	1.998388e-04	8.228230e-05	1.183360e-03	1.086599e-03	1.726660e-03	-6.400606e-04
376           	5.402699e-03	2.783637e-03	2.619063e-03	-2.785727e-04	6.056090e-05	-3.391336e-04	1.998473e-04	8.228710e-05	1.183327e-03	1.086603e-03	1.726628e-03	-6.400252e-04
377           	5.402571e-03	2.783578e-03	2.618994e-03	-2.785866e-04	6.056239e-05	-3.391490e-04	1.998557e-04	8.229186e-05	1.183294e-03	1.086607e-03	1.726597e-03	-6.399902e-04
378           	5.402445e-03	2.783519e-03	2.618926e-03	-2.786004e-04	6.056390e-05	-3.391643e-04	1.998641e-04	8.229660e-05	1.183261e-03	1.086611e-03	1.726567e-03	-6.399556e-04
379           	5.402320e-03	2.783461e-03	2.618859e-03	-2.786141e-04	6.056540e-05	-3.391795e-04	1.998725e-04	8.230132e-05	1.183229e-03	1.086615e-03	1.726536e-03	-6.399214e-04
380           	5.402196e-03	2.783404e-03	2.618792e-03	-2.786278e-04	6.056691e-05	-3.391947e-04	1.998808e-04	8.230601e-05	1.183197e-03	1.086618e-03	1.726506e-03	-6.398876e-04
381           	5.402074e-03	2.783348e-03	2.618726e-03	-2.786415e-04	6.056842e-05	-3.392099e-04	1.998892e-04	8.231069e-05	1.183165e-03	1.086621e-03	1.726476e-03	-6.398542e-04
382           	5.401954e-03	2.783292e-03	2.618661e-03	-2.786551e-04	6.056993e-05	-3.392251e-04	1.998975e-04	8.231534e-05	1.183134e-03	1.086625e-03	1.726446e-03	-6.398212e-04
383           	5.401834e-03	2.783237e-03	2.618597e-03	-2.786687e-04	6.057143e-05	-3.392402e-04	1.999058e-04	8.231996e-05	1.183102e-03	1.086628e-03	1.726416e-03	-6.397886e-04
384           	5.401717e-03	2.783183e-03	2.618534e-03	-2.786822e-04	6.057292e-05	-3.392552e-04	1.999140e-04	8.232454e-05	1.183072e-03	1.086631e-03	1.726387e-03	-6.397564e-04
385           	5.401601e-03	2.783129e-03	2.618471e-03	-2.786956e-04	6.057441e-05	-3.392700e-04	1.999222e-04	8.232909e-05	1.183042e-03	1.086634e-03	1.726359e-03	-6.397246e-04
386           	5.401486e-03	2.783076e-03	2.618409e-03	-2.787089e-04	6.057588e-05	-3.392847e-04	1.999303e-04	8.233359e-05	1.183012e-03	1.086637e-03	1.726330e-03	-6.396932e-04
387           	5.401373e-03	2.783024e-03	2.618348e-03	-2.787220e-04	6.057733e-05	-3.392993e-04	1.999383e-04	8.233804e-05	1.182982e-03	1.086640e-03	1.726302e-03	-6.396622e-04
388           	5.401261e-03	2.782973e-03	2.618288e-03	-2.787349e-04	6.057877e-05	-3.393137e-04	1.999462e-04	8.234245e-05	1.182953e-03	1.086643e-03	1.726275e-03	-6.396316e-04
389           	5.401150e-03	2.782922e-03	2.618228e-03	-2.787477e-04	6.058019e-05	-3.393279e-04	1.999540e-04	8.234680e-05	1.182925e-03	1.086646e-03	1.726248e-03	-6.396013e-04
390           	5.401041e-03	2.782872e-03	2.618170e-03	-2.787603e-04	6.058160e-05	-3.393419e-04	1.999618e-04	8.235112e-05	1.182896e-03	1.086650e-03	1.726221e-03	-6.395714e-04
391           	5.400934e-03	2.782822e-03	2.618112e-03	-2.787728e-04	6.058300e-05	-3.393558e-04	1.999694e-04	8.235538e-05	1.182868e-03	1.086653e-03	1.726195e-03	-6.395419e-04
392           	5.400828e-03	2.782773e-03	2.618054e-03	-2.787851e-04	6.058438e-05	-3.393695e-04	1.999769e-04	8.235960e-05	1.182841e-03	1.086656e-03	1.726168e-03	-6.395128e-04
393           	5.400723e-03	2.782725e-03	2.617998e-03	-2.787973e-04	6.058575e-05	-3.393830e-04	1.999844e-04	8.236378e-05	1.182813e-03	1.086659e-03	1.726143e-03	-6.394840e-04
394           	5.400619e-03	2.782677e-03	2.617942e-03	-2.788094e-04	6.058710e-05	-3.393965e-04	1.999918e-04	8.236792e-05	1.182786e-03	1.086662e-03	1.726117e-03	-6.394556e-04
395           	5.400517e-03	2.782630e-03	2.617886e-03	-2.788213e-04	6.058845e-05	-3.394098e-04	1.999991e-04	8.237202e-05	1.182760e-03	1.086665e-03	1.726092e-03	-6.394275e-04
396           	5.400416e-03	2.782584e-03	2.617832e-03	-2.788331e-04	6.058979e-05	-3.394229e-04	2.000064e-04	8.237608e-05	1.182734e-03	1.086667e-03	1.726067e-03	-6.393998e-04
397           	5.400316e-03	2.782538e-03	2.617778e-03	-2.788449e-04	6.059112e-05	-3.394360e-04	2.000136e-04	8.238011e-05	1.182708e-03	1.086670e-03	1.726043e-03	-6.393724e-04
398           	5.400217e-03	2.782493e-03	2.617725e-03	-2.788565e-04	6.059244e-05	-3.394490e-04	2.000207e-04	8.238410e-05	1.182682e-03	1.086673e-03	1.726018e-03	-6.393453e-04
399           	5.400120e-03	2.782448e-03	2.617672e-03	-2.788680e-04	6.059376e-05	-3.394618e-04	2.000278e-04	8.238805e-05	1.182657e-03	1.086676e-03	1.725995e-03	-6.393186e-04
400           	5.400024e-03	2.782404e-03	2.617620e-03	-2.788795e-04	6.059506e-05	-3.394745e-04	2.000348e-04	8.239197e-05	1.182632e-03	1.086679e-03	1.725971e-03	-6.392921e-04
401           	5.399929e-03	2.782360e-03	2.617569e-03	-2.788908e-04	6.059636e-05	-3.394871e-04	2.000417e-04	8.239585e-05	1.182607e-03	1.086681e-03	1.725948e-03	-6.392661e-04
402           	5.399834e-03	2.782316e-03	2.617518e-03	-2.789001e-04	6.059757e-05	-3.394977e-04	2.000476e-04	8.239907e-05	1.182581e-03	1.086683e-03	1.725923e-03	-6.392395e-04
403           	5.399742e-03	2.782274e-03	2.617468e-03	-2.789118e-04	6.059890e-05	-3.395107e-04	2.000548e-04	8.240307e-05	1.182557e-03	1.086686e-03	1.725901e-03	-6.392143e-04
404           	5.399650e-03	2.782232e-03	2.617418e-03	-2.789234e-04	6.060023e-05	-3.395237e-04	2.000619e-04	8.240706e-05	1.182534e-03	1.086689e-03	1.725878e-03	-6.391893e-04
405           	5.399559e-03	2.782190e-03	2.617369e-03	-2.789331e-04	6.060149e-05	-3.395346e-04	2.000680e-04	8.241038e-05	1.182510e-03	1.086691e-03	1.725855e-03	-6.391639e-04
406           	5.399470e-03	2.782150e-03	2.617321e-03	-2.789449e-04	6.060282e-05	-3.395477e-04	2.000753e-04	8.241443e-05	1.182487e-03	1.086694e-03	1.725834e-03	-6.391397e-04
407           	5.399381e-03	2.782109e-03	2.617273e-03	-2.789547e-04	6.060409e-05	-3.395588e-04	2.000814e-04	8.241780e-05	1.182463e-03	1.086696e-03	1.725811e-03	-6.391150e-04
408           	5.399294e-03	2.782068e-03	2.617226e-03	-2.789647e-04	6.060537e-05	-3.395701e-04	2.000877e-04	8.242125e-05	1.182440e-03	1.086699e-03	1.725789e-03	-6.390907e-04
409           	5.399209e-03	2.782030e-03	2.617179e-03	-2.789769e-04	6.060669e-05	-3.395836e-04	2.000951e-04	8.242540e-05	1.182418e-03	1.086702e-03	1.725769e-03	-6.390677e-04
410           	5.399123e-03	2.781991e-03	2.617133e-03	-2.789868e-04	6.060794e-05	-3.395948e-04	2.001014e-04	8.242882e-05	1.182396e-03	1.086704e-03	1.725748e-03	-6.390440e-04
411           	5.399039e-03	2.781952e-03	2.617087e-03	-2.789969e-04	6.060918e-05	-3.396061e-04	2.001076e-04	8.243225e-05	1.182374e-03	1.086706e-03	1.725727e-03	-6.390207e-04
412           	5.398956e-03	2.781914e-03	2.617042e-03	-2.790070e-04	6.061042e-05	-3.396174e-04	2.001139e-04	8.243572e-05	1.182352e-03	1.086708e-03	1.725706e-03	-6.389978e-04
413           	5.398874e-03	2.781876e-03	2.616998e-03	-2.790172e-04	6.061164e-05	-3.396288e-04	2.001202e-04	8.243919e-05	1.182331e-03	1.086711e-03	1.725686e-03	-6.389753e-04
414           	5.398794e-03	2.781840e-03	2.616954e-03	-2.790273e-04	6.061284e-05	-3.396402e-04	2.001265e-04	8.244267e-05	1.182310e-03	1.086713e-03	1.725666e-03	-6.389531e-04
415           	5.398714e-03	2.781803e-03	2.616911e-03	-2.790375e-04	6.061403e-05	-3.396515e-04	2.001328e-04	8.244614e-05	1.182289e-03	1.086715e-03	1.725647e-03	-6.389312e-04
416           	5.398636e-03	2.781767e-03	2.616868e-03	-2.790476e-04	6.061519e-05	-3.396628e-04	2.001390e-04	8.244957e-05	1.182268e-03	1.086718e-03	1.725627e-03	-6.389096e-04
417           	5.398558e-03	2.781732e-03	2.616826e-03	-2.790575e-04	6.061632e-05	-3.396738e-04	2.001451e-04	8.245297e-05	1.182248e-03	1.086720e-03	1.725608e-03	-6.388883e-04
418           	5.398482e-03	2.781697e-03	2.616784e-03	-2.790673e-04	6.061743e-05	-3.396847e-04	2.001511e-04	8.245631e-05	1.182229e-03	1.086722e-03	1.725590e-03	-6.388673e-04
419           	5.398406e-03	2.781663e-03	2.616743e-03	-2.790769e-04	6.061850e-05	-3.396954e-04	2.001570e-04	8.245959e-05	1.182209e-03	1.086725e-03	1.725571e-03	-6.388465e-04
420           	5.398331e-03	2.781629e-03	2.616703e-03	-2.790864e-04	6.061955e-05	-3.397059e-04	2.001627e-04	8.246282e-05	1.182189e-03	1.086727e-03	1.725553e-03	-6.388259e-04
421           	5.398258e-03	2.781595e-03	2.616663e-03	-2.790956e-04	6.062058e-05	-3.397162e-04	2.001684e-04	8.246598e-05	1.182170e-03	1.086729e-03	1.725535e-03	-6.388056e-04
422           	5.398185e-03	2.781562e-03	2.616623e-03	-2.791047e-04	6.062158e-05	-3.397262e-04	2.001739e-04	8.246909e-05	1.182151e-03	1.086732e-03	1.725517e-03	-6.387855e-04
423           	5.398113e-03	2.781529e-03	2.616584e-03	-2.791136e-04	6.062258e-05	-3.397361e-04	2.001794e-04	8.247216e-05	1.182133e-03	1.086734e-03	1.725500e-03	-6.387657e-04
424           	5.398042e-03	2.781496e-03	2.616546e-03	-2.791223e-04	6.062356e-05	-3.397459e-04	2.001847e-04	8.247518e-05	1.182114e-03	1.086736e-03	1.725482e-03	-6.387460e-04
425           	5.397972e-03	2.781464e-03	2.616508e-03	-2.791308e-04	6.062447e-05	-3.397553e-04	2.001899e-04	8.247811e-05	1.182096e-03	1.086738e-03	1.725465e-03	-6.387266e-04
426           	5.397903e-03	2.781432e-03	2.616470e-03	-2.791393e-04	6.062539e-05	-3.397646e-04	2.001950e-04	8.248103e-05	1.182078e-03	1.086741e-03	1.725448e-03	-6.387074e-04
427           	5.397834e-03	2.781401e-03	2.616433e-03	-2.791476e-04	6.062631e-05	-3.397739e-04	2.002001e-04	8.248393e-05	1.182060e-03	1.086743e-03	1.725431e-03	-6.386885e-04
428           	5.397766e-03	2.781370e-03	2.616396e-03	-2.791559e-04	6.062725e-05	-3.397831e-04	2.002052e-04	8.248682e-05	1.182042e-03	1.086745e-03	1.725415e-03	-6.386698e-04
429           	5.397700e-03	2.781340e-03	2.616360e-03	-2.791641e-04	6.062819e-05	-3.397923e-04	2.002102e-04	8.248968e-05	1.182025e-03	1.086747e-03	1.725398e-03	-6.386513e-04
430           	5.397634e-03	2.781309e-03	2.616324e-03	-2.791722e-04	6.062914e-05	-3.398014e-04	2.002152e-04	8.249253e-05	1.182008e-03	1.086749e-03	1.725382e-03	-6.386331e-04
431           	5.397569e-03	2.781280e-03	2.616289e-03	-2.791803e-04	6.063009e-05	-3.398104e-04	2.002202e-04	8.249536e-05	1.181991e-03	1.086751e-03	1.725366e-03	-6.386151e-04
432           	5.397504e-03	2.781250e-03	2.616254e-03	-2.791884e-04	6.063105e-05	-3.398194e-04	2.002252e-04	8.249818e-05	1.181974e-03	1.086753e-03	1.725351e-03	-6.385973e-04
433           	5.397441e-03	2.781221e-03	2.616219e-03	-2.791964e-04	6.063201e-05	-3.398284e-04	2.002302e-04	8.250098e-05	1.181957e-03	1.086756e-03	1.725335e-03	-6.385797e-04
434           	5.397378e-03	2.781193e-03	2.616185e-03	-2.792044e-04	6.063297e-05	-3.398373e-04	2.002351e-04	8.250378e-05	1.181941e-03	1.086758e-03	1.725320e-03	-6.385623e-04
435           	5.397316e-03	2.781164e-03	2.616151e-03	-2.792123e-04	6.063394e-05	-3.398462e-04	2.002401e-04	8.250656e-05	1.181925e-03	1.086760e-03	1.725305e-03	-6.385452e-04
436           	5.397255e-03	2.781137e-03	2.616118e-03	-2.792202e-04	6.063491e-05	-3.398551e-04	2.002450e-04	8.250933e-05	1.181909e-03	1.086762e-03	1.725290e-03	-6.385282e-04
437           	5.397194e-03	2.781109e-03	2.616085e-03	-2.792280e-04	6.063588e-05	-3.398639e-04	2.002499e-04	8.251208e-05	1.181893e-03	1.086764e-03	1.725275e-03	-6.385115e-04
438           	5.397134e-03	2.781082e-03	2.616052e-03	-2.792358e-04	6.063684e-05	-3.398727e-04	2.002548e-04	8.251481e-05	1.181878e-03	1.086765e-03	1.725260e-03	-6.384949e-04
439           	5.397075e-03	2.781055e-03	2.616020e-03	-2.792436e-04	6.063780e-05	-3.398814e-04	2.002596e-04	8.251752e-05	1.181862e-03	1.086767e-03	1.725246e-03	-6.384786e-04
