# Force and moment coefficients
# dragDir     : (1.000000e+00 0.000000e+00 0.000000e+00)
# sideDir     : (0.000000e+00 0.000000e+00 -1.000000e+00)
# liftDir     : (0.000000e+00 1.000000e+00 0.000000e+00)
# rollAxis    : (1.000000e+00 0.000000e+00 0.000000e+00)
# pitchAxis   : (0.000000e+00 0.000000e+00 -1.000000e+00)
# yawAxis     : (0.000000e+00 1.000000e+00 0.000000e+00)
# magUInf     : 6.661800e+00
# lRef        : 1.499270e-01
# Aref        : 5.000000e-02
# CofR        : (3.750000e-02 0.000000e+00 0.000000e+00)
#
# Time        	Cd            	Cd(f)         	Cd(r)         	Cl            	Cl(f)         	Cl(r)         	CmPitch       	CmRoll        	CmYaw         	Cs            	Cs(f)         	Cs(r)         
1             	1.387514e-01	6.924630e-02	6.950508e-02	7.225375e-04	8.299476e-05	6.395427e-04	-2.782740e-04	-1.293911e-04	6.909334e-02	2.899474e-02	8.359071e-02	-5.459597e-02
2             	1.104510e-01	5.511944e-02	5.533151e-02	5.515927e-04	1.479701e-05	5.367957e-04	-2.609994e-04	-1.060348e-04	6.022689e-02	3.659105e-02	7.852242e-02	-4.193137e-02
3             	8.902934e-02	4.444210e-02	4.458724e-02	3.235813e-04	-5.334064e-05	3.769219e-04	-2.151313e-04	-7.256821e-05	5.045390e-02	3.601551e-02	6.846165e-02	-3.244614e-02
4             	7.048490e-02	3.520031e-02	3.528459e-02	1.123028e-04	-1.091521e-04	2.214549e-04	-1.653035e-04	-4.213699e-05	3.927648e-02	2.944611e-02	5.399953e-02	-2.455342e-02
5             	5.384446e-02	2.689819e-02	2.694627e-02	-2.916787e-05	-1.456050e-04	1.164371e-04	-1.310211e-04	-2.403691e-05	2.759214e-02	1.953955e-02	3.736192e-02	-1.782237e-02
6             	3.948562e-02	1.972014e-02	1.976547e-02	-7.401161e-05	-1.603152e-04	8.630360e-05	-1.233094e-04	-2.266344e-05	1.678020e-02	8.903990e-03	2.123220e-02	-1.232821e-02
7             	2.808233e-02	1.400374e-02	1.407859e-02	-2.249052e-05	-1.553744e-04	1.328839e-04	-1.441291e-04	-3.742750e-05	8.055891e-03	-3.698871e-04	7.870947e-03	-8.240834e-03
8             	2.006028e-02	9.966763e-03	1.009352e-02	1.012669e-04	-1.361828e-04	2.374497e-04	-1.868162e-04	-6.337719e-05	2.142899e-03	-6.963614e-03	-1.338908e-03	-5.624706e-03
9             	1.538224e-02	7.597472e-03	7.784766e-03	2.600364e-04	-1.104309e-04	3.704673e-04	-2.404491e-04	-9.364687e-05	-8.317635e-04	-1.038707e-02	-6.025296e-03	-4.361769e-03
10            	1.357660e-02	6.666918e-03	6.909680e-03	4.136982e-04	-8.599255e-05	4.996907e-04	-2.928416e-04	-1.213809e-04	-1.247144e-03	-1.084941e-02	-6.671848e-03	-4.177560e-03
11            	1.387538e-02	6.796309e-03	7.079070e-03	5.291661e-04	-6.936705e-05	5.985331e-04	-3.339501e-04	-1.413807e-04	1.822150e-04	-9.042374e-03	-4.338972e-03	-4.703402e-03
12            	1.540001e-02	7.548813e-03	7.851196e-03	5.869658e-04	-6.475831e-05	6.517241e-04	-3.582412e-04	-1.511919e-04	2.612297e-03	-5.886204e-03	-3.308054e-04	-5.555398e-03
13            	1.733884e-02	8.518369e-03	8.820471e-03	5.832464e-04	-7.309936e-05	6.563458e-04	-3.647226e-04	-1.510508e-04	5.259531e-03	-2.295801e-03	4.111631e-03	-6.407432e-03
14            	1.906108e-02	9.387148e-03	9.673929e-03	5.285034e-04	-9.228407e-05	6.207875e-04	-3.565358e-04	-1.433906e-04	7.520949e-03	9.807414e-04	8.011319e-03	-7.030578e-03
15            	2.017491e-02	9.955831e-03	1.021908e-02	4.420402e-04	-1.177805e-04	5.598207e-04	-3.388006e-04	-1.316260e-04	9.034912e-03	3.453052e-03	1.076144e-02	-7.308386e-03
16            	2.053134e-02	1.014621e-02	1.038513e-02	3.470395e-04	-1.442739e-04	4.913134e-04	-3.177937e-04	-1.194594e-04	9.685421e-03	4.910417e-03	1.214063e-02	-7.230212e-03
17            	2.017862e-02	9.979628e-03	1.019900e-02	2.643288e-04	-1.664302e-04	4.307590e-04	-2.985946e-04	-1.096836e-04	9.554293e-03	5.381856e-03	1.224522e-02	-6.863365e-03
18            	1.929545e-02	9.543893e-03	9.751560e-03	2.082700e-04	-1.800645e-04	3.883345e-04	-2.841995e-04	-1.038335e-04	8.851706e-03	5.065189e-03	1.138430e-02	-6.319112e-03
19            	1.811681e-02	8.956350e-03	9.160458e-03	1.850786e-04	-1.828186e-04	3.678972e-04	-2.753579e-04	-1.020542e-04	7.838477e-03	4.242760e-03	9.959857e-03	-5.717097e-03
20            	1.687020e-02	8.331682e-03	8.538514e-03	1.929939e-04	-1.744702e-04	3.674641e-04	-2.709671e-04	-1.034160e-04	6.760410e-03	3.204785e-03	8.362803e-03	-5.158018e-03
21            	1.573526e-02	7.761241e-03	7.974017e-03	2.241531e-04	-1.568582e-04	3.810113e-04	-2.689348e-04	-1.063881e-04	5.807301e-03	2.195780e-03	6.905191e-03	-4.709411e-03
22            	1.482226e-02	7.301832e-03	7.520430e-03	2.672200e-04	-1.332848e-04	4.005048e-04	-2.668948e-04	-1.092994e-04	5.091829e-03	1.382934e-03	5.783296e-03	-4.400362e-03
23            	1.417103e-02	6.974689e-03	7.196341e-03	3.104774e-04	-1.077788e-04	4.182563e-04	-2.630176e-04	-1.108262e-04	4.650090e-03	8.485156e-04	5.074347e-03	-4.225832e-03
24            	1.376363e-02	6.771619e-03	6.992007e-03	3.442274e-04	-8.422257e-05	4.284500e-04	-2.563363e-04	-1.101937e-04	4.456603e-03	5.999763e-04	4.756591e-03	-4.156614e-03
25            	1.354505e-02	6.665319e-03	6.879727e-03	3.622401e-04	-6.562880e-05	4.278689e-04	-2.467488e-04	-1.072037e-04	4.447305e-03	5.911455e-04	4.742878e-03	-4.151732e-03
26            	1.344633e-02	6.620883e-03	6.825444e-03	3.626133e-04	-5.382620e-05	4.164394e-04	-2.351328e-04	-1.022807e-04	4.545247e-03	7.481957e-04	4.919345e-03	-4.171149e-03
27            	1.340153e-02	6.604590e-03	6.796935e-03	3.471621e-04	-4.915626e-05	3.963184e-04	-2.227373e-04	-9.617289e-05	4.678753e-03	9.912128e-04	5.174360e-03	-4.183147e-03
28            	1.335951e-02	6.590030e-03	6.769475e-03	3.203698e-04	-5.060569e-05	3.709755e-04	-2.107906e-04	-8.972278e-05	4.793918e-03	1.250792e-03	5.419314e-03	-4.168522e-03
29            	1.328920e-02	6.560927e-03	6.728276e-03	2.880364e-04	-5.619774e-05	3.442342e-04	-2.002160e-04	-8.367441e-05	4.859854e-03	1.477496e-03	5.598602e-03	-4.121106e-03
30            	1.317919e-02	6.511038e-03	6.668151e-03	2.559791e-04	-6.351088e-05	3.194900e-04	-1.915004e-04	-7.855661e-05	4.867706e-03	1.644599e-03	5.690005e-03	-4.045406e-03
31            	1.303305e-02	6.441923e-03	6.591126e-03	2.288940e-04	-7.020977e-05	2.991038e-04	-1.846568e-04	-7.460178e-05	4.825028e-03	1.745364e-03	5.697710e-03	-3.952346e-03
32            	1.286296e-02	6.359719e-03	6.503237e-03	2.096203e-04	-7.444705e-05	2.840673e-04	-1.792572e-04	-7.175891e-05	4.748365e-03	1.787291e-03	5.642011e-03	-3.854720e-03
33            	1.268366e-02	6.272056e-03	6.411607e-03	1.989907e-04	-7.516683e-05	2.741575e-04	-1.746622e-04	-6.977557e-05	4.656414e-03	1.785645e-03	5.549236e-03	-3.763591e-03
34            	1.250799e-02	6.185682e-03	6.322305e-03	1.961060e-04	-7.219618e-05	2.683022e-04	-1.702492e-04	-6.831121e-05	4.564946e-03	1.757729e-03	5.443811e-03	-3.686082e-03
35            	1.234417e-02	6.105050e-03	6.239125e-03	1.988936e-04	-6.614324e-05	2.650368e-04	-1.655900e-04	-6.703719e-05	4.483979e-03	1.718736e-03	5.343347e-03	-3.624611e-03
36            	1.219536e-02	6.031989e-03	6.163370e-03	2.046873e-04	-5.814521e-05	2.628325e-04	-1.604888e-04	-6.569031e-05	4.417238e-03	1.679582e-03	5.257029e-03	-3.577447e-03
37            	1.206037e-02	5.966043e-03	6.094330e-03	2.108988e-04	-4.957717e-05	2.604760e-04	-1.550266e-04	-6.414330e-05	4.363237e-03	1.646383e-03	5.186429e-03	-3.540046e-03
38            	1.193561e-02	5.905421e-03	6.030187e-03	2.154851e-04	-4.175063e-05	2.572357e-04	-1.494932e-04	-6.238315e-05	4.317533e-03	1.621308e-03	5.128187e-03	-3.506879e-03
39            	1.181692e-02	5.847971e-03	5.968946e-03	2.172272e-04	-3.567310e-05	2.529003e-04	-1.442867e-04	-6.048723e-05	4.275027e-03	1.603972e-03	5.077013e-03	-3.473041e-03
40            	1.170108e-02	5.791954e-03	5.909126e-03	2.157739e-04	-3.190765e-05	2.476816e-04	-1.397946e-04	-5.858576e-05	4.231719e-03	1.592829e-03	5.028133e-03	-3.435305e-03
41            	1.158661e-02	5.736495e-03	5.850111e-03	2.115110e-04	-3.051779e-05	2.420288e-04	-1.362733e-04	-5.680769e-05	4.185694e-03	1.586246e-03	4.978818e-03	-3.392571e-03
42            	1.147381e-02	5.681656e-03	5.792158e-03	2.053146e-04	-3.114273e-05	2.364573e-04	-1.338000e-04	-5.525087e-05	4.137260e-03	1.583105e-03	4.928812e-03	-3.345708e-03
43            	1.136438e-02	5.628231e-03	5.736148e-03	1.982688e-04	-3.312592e-05	2.313947e-04	-1.322603e-04	-5.395824e-05	4.088437e-03	1.582932e-03	4.879903e-03	-3.296971e-03
44            	1.126055e-02	5.577362e-03	5.683192e-03	1.914094e-04	-3.568435e-05	2.270938e-04	-1.313891e-04	-5.291514e-05	4.042050e-03	1.585694e-03	4.834897e-03	-3.249203e-03
45            	1.116433e-02	5.530105e-03	5.634224e-03	1.855195e-04	-3.806911e-05	2.235886e-04	-1.308289e-04	-5.205940e-05	4.000735e-03	1.591428e-03	4.796449e-03	-3.205021e-03
46            	1.107682e-02	5.487107e-03	5.589710e-03	1.810243e-04	-3.969613e-05	2.207204e-04	-1.302083e-04	-5.130160e-05	3.966179e-03	1.599916e-03	4.766137e-03	-3.166221e-03
47            	1.099794e-02	5.448422e-03	5.549521e-03	1.779842e-04	-4.022825e-05	2.182125e-04	-1.292204e-04	-5.054958e-05	3.938721e-03	1.610503e-03	4.743973e-03	-3.133470e-03
48            	1.092649e-02	5.413515e-03	5.512973e-03	1.761611e-04	-3.959659e-05	2.157576e-04	-1.276771e-04	-4.972855e-05	3.917360e-03	1.622101e-03	4.728410e-03	-3.106309e-03
49            	1.086041e-02	5.381411e-03	5.478999e-03	1.751300e-04	-3.796547e-05	2.130955e-04	-1.255305e-04	-4.879391e-05	3.900075e-03	1.633353e-03	4.716751e-03	-3.083399e-03
50            	1.079734e-02	5.350929e-03	5.446406e-03	1.744099e-04	-3.566525e-05	2.100752e-04	-1.228702e-04	-4.773835e-05	3.884372e-03	1.642901e-03	4.705823e-03	-3.062921e-03
51            	1.073504e-02	5.320933e-03	5.414108e-03	1.735778e-04	-3.310103e-05	2.066788e-04	-1.198899e-04	-4.658772e-05	3.867860e-03	1.649676e-03	4.692698e-03	-3.043021e-03
52            	1.067191e-02	5.290564e-03	5.381348e-03	1.723481e-04	-3.066631e-05	2.030144e-04	-1.168404e-04	-4.539179e-05	3.848748e-03	1.653108e-03	4.675302e-03	-3.022194e-03
53            	1.060716e-02	5.259372e-03	5.347791e-03	1.706019e-04	-2.866982e-05	1.992717e-04	-1.139708e-04	-4.420934e-05	3.826138e-03	1.653224e-03	4.652750e-03	-2.999526e-03
54            	1.054087e-02	5.227341e-03	5.313528e-03	1.683741e-04	-2.729009e-05	1.956642e-04	-1.114771e-04	-4.309318e-05	3.800089e-03	1.650607e-03	4.625393e-03	-2.974786e-03
55            	1.047382e-02	5.194829e-03	5.278988e-03	1.658132e-04	-2.656284e-05	1.923760e-04	-1.094694e-04	-4.207956e-05	3.771476e-03	1.646251e-03	4.594602e-03	-2.948351e-03
56            	1.040724e-02	5.162438e-03	5.244802e-03	1.631197e-04	-2.639740e-05	1.895171e-04	-1.079572e-04	-4.118207e-05	3.741699e-03	1.641333e-03	4.562365e-03	-2.921032e-03
57            	1.034249e-02	5.130853e-03	5.211636e-03	1.604867e-04	-2.661462e-05	1.871013e-04	-1.068580e-04	-4.039167e-05	3.712328e-03	1.636982e-03	4.530819e-03	-2.893837e-03
58            	1.028074e-02	5.100688e-03	5.180048e-03	1.580534e-04	-2.699276e-05	1.850462e-04	-1.060195e-04	-3.967995e-05	3.684769e-03	1.634073e-03	4.501806e-03	-2.867733e-03
59            	1.022276e-02	5.072371e-03	5.150387e-03	1.558799e-04	-2.731710e-05	1.831970e-04	-1.052571e-04	-3.900793e-05	3.660006e-03	1.633097e-03	4.476555e-03	-2.843458e-03
60            	1.016883e-02	5.046081e-03	5.122747e-03	1.539409e-04	-2.741773e-05	1.813586e-04	-1.043882e-04	-3.833313e-05	3.638472e-03	1.634124e-03	4.455534e-03	-2.821410e-03
61            	1.011873e-02	5.021740e-03	5.096985e-03	1.521517e-04	-2.719804e-05	1.793497e-04	-1.032739e-04	-3.762244e-05	3.620045e-03	1.636848e-03	4.438469e-03	-2.801621e-03
62            	1.007184e-02	4.999065e-03	5.072776e-03	1.503921e-04	-2.663970e-05	1.770318e-04	-1.018358e-04	-3.685515e-05	3.604158e-03	1.640701e-03	4.424508e-03	-2.783807e-03
63            	1.002734e-02	4.977642e-03	5.049698e-03	1.485470e-04	-2.579675e-05	1.743437e-04	-1.000702e-04	-3.602829e-05	3.589966e-03	1.644991e-03	4.412461e-03	-2.767471e-03
64            	9.984338e-03	4.957014e-03	5.027324e-03	1.465340e-04	-2.477463e-05	1.713086e-04	-9.804163e-05	-3.515479e-05	3.576545e-03	1.649050e-03	4.401070e-03	-2.752020e-03
65            	9.942070e-03	4.936776e-03	5.005294e-03	1.443217e-04	-2.370248e-05	1.680242e-04	-9.586333e-05	-3.425865e-05	3.563079e-03	1.652359e-03	4.389258e-03	-2.736899e-03
66            	9.899996e-03	4.916627e-03	4.983369e-03	1.419393e-04	-2.270761e-05	1.646469e-04	-9.367726e-05	-3.337115e-05	3.548984e-03	1.654614e-03	4.376291e-03	-2.721677e-03
67            	9.857858e-03	4.896405e-03	4.961453e-03	1.394680e-04	-2.189215e-05	1.613601e-04	-9.162615e-05	-3.252409e-05	3.533975e-03	1.655749e-03	4.361849e-03	-2.706100e-03
68            	9.815665e-03	4.876088e-03	4.939577e-03	1.370227e-04	-2.131794e-05	1.583406e-04	-8.982927e-05	-3.174414e-05	3.518060e-03	1.655911e-03	4.346016e-03	-2.690105e-03
69            	9.773632e-03	4.855768e-03	4.917864e-03	1.347238e-04	-2.100044e-05	1.557242e-04	-8.836233e-05	-3.104799e-05	3.501482e-03	1.655387e-03	4.329175e-03	-2.673788e-03
70            	9.732105e-03	4.835613e-03	4.896492e-03	1.326740e-04	-2.091117e-05	1.535852e-04	-8.724818e-05	-3.043982e-05	3.484625e-03	1.654535e-03	4.311893e-03	-2.657358e-03
71            	9.691457e-03	4.815816e-03	4.875641e-03	1.309397e-04	-2.098899e-05	1.519287e-04	-8.645883e-05	-2.991236e-05	3.467924e-03	1.653706e-03	4.294777e-03	-2.641071e-03
72            	9.652011e-03	4.796557e-03	4.855454e-03	1.295364e-04	-2.115372e-05	1.506901e-04	-8.592193e-05	-2.944806e-05	3.451760e-03	1.653174e-03	4.278347e-03	-2.625173e-03
73            	9.613981e-03	4.777968e-03	4.836013e-03	1.284275e-04	-2.132164e-05	1.497491e-04	-8.553538e-05	-2.902260e-05	3.436405e-03	1.653102e-03	4.262956e-03	-2.609854e-03
74            	9.577444e-03	4.760112e-03	4.817332e-03	1.275329e-04	-2.142048e-05	1.489533e-04	-8.518691e-05	-2.861019e-05	3.421986e-03	1.653531e-03	4.248751e-03	-2.595220e-03
75            	9.542350e-03	4.742990e-03	4.799360e-03	1.267433e-04	-2.139725e-05	1.481405e-04	-8.476889e-05	-2.818493e-05	3.408490e-03	1.654395e-03	4.235688e-03	-2.581292e-03
76            	9.508544e-03	4.726544e-03	4.782000e-03	1.259390e-04	-2.122713e-05	1.471661e-04	-8.419662e-05	-2.772767e-05	3.395789e-03	1.655553e-03	4.223565e-03	-2.568012e-03
77            	9.475810e-03	4.710680e-03	4.765130e-03	1.250097e-04	-2.091048e-05	1.459202e-04	-8.341532e-05	-2.722535e-05	3.383687e-03	1.656828e-03	4.212101e-03	-2.555273e-03
78            	9.443920e-03	4.695286e-03	4.748634e-03	1.238726e-04	-2.047119e-05	1.443438e-04	-8.240748e-05	-2.667418e-05	3.371967e-03	1.658048e-03	4.200991e-03	-2.542943e-03
79            	9.412672e-03	4.680259e-03	4.732414e-03	1.224813e-04	-1.994802e-05	1.424293e-04	-8.118865e-05	-2.607741e-05	3.360438e-03	1.659079e-03	4.189977e-03	-2.530898e-03
80            	9.381919e-03	4.665514e-03	4.716405e-03	1.208317e-04	-1.938809e-05	1.402198e-04	-7.980394e-05	-2.544574e-05	3.348958e-03	1.659843e-03	4.178879e-03	-2.519037e-03
81            	9.351580e-03	4.650997e-03	4.700583e-03	1.189569e-04	-1.883635e-05	1.377932e-04	-7.831479e-05	-2.479300e-05	3.337458e-03	1.660322e-03	4.167619e-03	-2.507297e-03
82            	9.321643e-03	4.636688e-03	4.684955e-03	1.169176e-04	-1.832895e-05	1.352466e-04	-7.678777e-05	-2.413363e-05	3.325938e-03	1.660556e-03	4.156217e-03	-2.495660e-03
83            	9.292148e-03	4.622593e-03	4.669555e-03	1.147911e-04	-1.788938e-05	1.326805e-04	-7.528492e-05	-2.348084e-05	3.314452e-03	1.660623e-03	4.144763e-03	-2.484140e-03
84            	9.263169e-03	4.608740e-03	4.654430e-03	1.126571e-04	-1.752665e-05	1.301837e-04	-7.385519e-05	-2.284496e-05	3.303084e-03	1.660618e-03	4.133393e-03	-2.472775e-03
85            	9.234785e-03	4.595160e-03	4.639625e-03	1.105856e-04	-1.723588e-05	1.278215e-04	-7.252870e-05	-2.223219e-05	3.291929e-03	1.660629e-03	4.122244e-03	-2.461614e-03
86            	9.207067e-03	4.581891e-03	4.625176e-03	1.086244e-04	-1.700049e-05	1.256248e-04	-7.131266e-05	-2.164288e-05	3.281071e-03	1.660733e-03	4.111438e-03	-2.450705e-03
87            	9.180061e-03	4.568956e-03	4.611105e-03	1.067987e-04	-1.679768e-05	1.235963e-04	-7.019701e-05	-2.107436e-05	3.270566e-03	1.660972e-03	4.101052e-03	-2.440080e-03
88            	9.153777e-03	4.556367e-03	4.597409e-03	1.051089e-04	-1.660221e-05	1.217111e-04	-6.915667e-05	-2.052083e-05	3.260434e-03	1.661354e-03	4.091111e-03	-2.429757e-03
89            	9.128194e-03	4.544122e-03	4.584072e-03	1.035324e-04	-1.639063e-05	1.199230e-04	-6.815684e-05	-1.997462e-05	3.250661e-03	1.661859e-03	4.081591e-03	-2.419731e-03
90            	9.103273e-03	4.532209e-03	4.571064e-03	1.020307e-04	-1.614408e-05	1.181748e-04	-6.715943e-05	-1.942783e-05	3.241208e-03	1.662445e-03	4.072430e-03	-2.409985e-03
91            	9.078942e-03	4.520599e-03	4.558343e-03	1.005542e-04	-1.585048e-05	1.164046e-04	-6.612756e-05	-1.887221e-05	3.232018e-03	1.663061e-03	4.063549e-03	-2.400488e-03
92            	9.055136e-03	4.509267e-03	4.545869e-03	9.905456e-05	-1.550485e-05	1.145594e-04	-6.503213e-05	-1.830114e-05	3.223034e-03	1.663658e-03	4.054864e-03	-2.391205e-03
93            	9.031797e-03	4.498188e-03	4.533609e-03	9.749035e-05	-1.510915e-05	1.125995e-04	-6.385433e-05	-1.771030e-05	3.214206e-03	1.664197e-03	4.046304e-03	-2.382107e-03
94            	9.008881e-03	4.487342e-03	4.521539e-03	9.583250e-05	-1.467126e-05	1.105038e-04	-6.258751e-05	-1.709831e-05	3.205496e-03	1.664653e-03	4.037823e-03	-2.373170e-03
95            	8.986361e-03	4.476716e-03	4.509645e-03	9.406456e-05	-1.420054e-05	1.082651e-04	-6.123282e-05	-1.646448e-05	3.196891e-03	1.665019e-03	4.029401e-03	-2.364382e-03
96            	8.964230e-03	4.466304e-03	4.497925e-03	9.218559e-05	-1.370817e-05	1.058938e-04	-5.980097e-05	-1.581060e-05	3.188392e-03	1.665305e-03	4.021044e-03	-2.355740e-03
97            	8.942491e-03	4.456106e-03	4.486385e-03	9.020749e-05	-1.320452e-05	1.034120e-04	-5.830826e-05	-1.513975e-05	3.180015e-03	1.665531e-03	4.012781e-03	-2.347250e-03
98            	8.921161e-03	4.446125e-03	4.475037e-03	8.815176e-05	-1.269822e-05	1.008500e-04	-5.677410e-05	-1.445588e-05	3.171786e-03	1.665726e-03	4.004649e-03	-2.338923e-03
99            	8.900258e-03	4.436367e-03	4.463892e-03	8.604386e-05	-1.219472e-05	9.823858e-05	-5.521665e-05	-1.376271e-05	3.163732e-03	1.665918e-03	3.996691e-03	-2.330772e-03
100           	8.879799e-03	4.426836e-03	4.452963e-03	8.390911e-05	-1.169629e-05	9.560540e-05	-5.365084e-05	-1.306343e-05	3.155877e-03	1.666133e-03	3.988944e-03	-2.322811e-03
101           	8.859795e-03	4.417537e-03	4.442258e-03	8.176912e-05	-1.120230e-05	9.297141e-05	-5.208686e-05	-1.236039e-05	3.148240e-03	1.666386e-03	3.981433e-03	-2.315047e-03
102           	8.840248e-03	4.408469e-03	4.431779e-03	7.963954e-05	-1.071002e-05	9.034956e-05	-5.052979e-05	-1.165512e-05	3.140827e-03	1.666688e-03	3.974171e-03	-2.307484e-03
103           	8.821152e-03	4.399628e-03	4.421524e-03	7.752867e-05	-1.021530e-05	8.774398e-05	-4.897964e-05	-1.094803e-05	3.133636e-03	1.667037e-03	3.967155e-03	-2.300118e-03
104           	8.802495e-03	4.391009e-03	4.411486e-03	7.543793e-05	-9.713565e-06	8.515150e-05	-4.743253e-05	-1.023873e-05	3.126656e-03	1.667426e-03	3.960369e-03	-2.292943e-03
105           	8.784255e-03	4.382601e-03	4.401654e-03	7.336217e-05	-9.200612e-06	8.256278e-05	-4.588170e-05	-9.526253e-06	3.119868e-03	1.667842e-03	3.953789e-03	-2.285947e-03
106           	8.766411e-03	4.374396e-03	4.392015e-03	7.129190e-05	-8.673244e-06	7.996515e-05	-4.431920e-05	-8.809379e-06	3.113254e-03	1.668271e-03	3.947389e-03	-2.279118e-03
107           	8.748941e-03	4.366384e-03	4.382558e-03	6.921585e-05	-8.129729e-06	7.734558e-05	-4.273766e-05	-8.086930e-06	3.106793e-03	1.668701e-03	3.941143e-03	-2.272443e-03
108           	8.731825e-03	4.358555e-03	4.373271e-03	6.712324e-05	-7.569821e-06	7.469306e-05	-4.113144e-05	-7.358055e-06	3.100470e-03	1.669118e-03	3.935029e-03	-2.265911e-03
109           	8.715048e-03	4.350902e-03	4.364146e-03	6.500514e-05	-6.994417e-06	7.199956e-05	-3.949699e-05	-6.622143e-06	3.094272e-03	1.669518e-03	3.929030e-03	-2.259513e-03
110           	8.698596e-03	4.343418e-03	4.355178e-03	6.285695e-05	-6.406223e-06	6.926318e-05	-3.783470e-05	-5.879759e-06	3.088191e-03	1.669895e-03	3.923138e-03	-2.253243e-03
111           	8.682465e-03	4.336102e-03	4.346363e-03	6.067588e-05	-5.806965e-06	6.648284e-05	-3.614490e-05	-5.130423e-06	3.082226e-03	1.670253e-03	3.917353e-03	-2.247100e-03
112           	8.666650e-03	4.328950e-03	4.337700e-03	5.846406e-05	-5.199516e-06	6.366357e-05	-3.443154e-05	-4.374969e-06	3.076380e-03	1.670596e-03	3.911678e-03	-2.241082e-03
113           	8.651151e-03	4.321961e-03	4.329190e-03	5.622651e-05	-4.586562e-06	6.081307e-05	-3.269982e-05	-3.614529e-06	3.070657e-03	1.670930e-03	3.906122e-03	-2.235192e-03
114           	8.635968e-03	4.315133e-03	4.320834e-03	5.397015e-05	-3.970405e-06	5.794056e-05	-3.095548e-05	-2.850405e-06	3.065062e-03	1.671261e-03	3.900693e-03	-2.229432e-03
115           	8.621102e-03	4.308467e-03	4.312635e-03	5.170282e-05	-3.352847e-06	5.505567e-05	-2.920426e-05	-2.084012e-06	3.059600e-03	1.671595e-03	3.895398e-03	-2.223803e-03
116           	8.606551e-03	4.301959e-03	4.304592e-03	4.943193e-05	-2.735014e-06	5.216695e-05	-2.745098e-05	-1.316558e-06	3.054274e-03	1.671937e-03	3.890242e-03	-2.218305e-03
117           	8.592313e-03	4.295607e-03	4.296705e-03	4.716391e-05	-2.117533e-06	4.928144e-05	-2.569949e-05	-5.491361e-07	3.049084e-03	1.672290e-03	3.885229e-03	-2.212939e-03
118           	8.578383e-03	4.289409e-03	4.288974e-03	4.490358e-05	-1.500574e-06	4.640416e-05	-2.395237e-05	2.174192e-07	3.044029e-03	1.672654e-03	3.880356e-03	-2.207702e-03
119           	8.564755e-03	4.283360e-03	4.281395e-03	4.265360e-05	-8.838869e-07	4.353749e-05	-2.221069e-05	9.826426e-07	3.039107e-03	1.673028e-03	3.875621e-03	-2.202593e-03
120           	8.551419e-03	4.277455e-03	4.273964e-03	4.041654e-05	-2.670915e-07	4.068364e-05	-2.047536e-05	1.745751e-06	3.034308e-03	1.673408e-03	3.871012e-03	-2.197604e-03
121           	8.538370e-03	4.271692e-03	4.266678e-03	3.819061e-05	3.492700e-07	3.784134e-05	-1.874603e-05	2.506858e-06	3.029632e-03	1.673794e-03	3.866529e-03	-2.192735e-03
122           	8.525599e-03	4.266066e-03	4.259533e-03	3.597602e-05	9.662778e-07	3.500974e-05	-1.702173e-05	3.266040e-06	3.025071e-03	1.674182e-03	3.862162e-03	-2.187980e-03
123           	8.513097e-03	4.260572e-03	4.252526e-03	3.377203e-05	1.583692e-06	3.218833e-05	-1.530232e-05	4.023053e-06	3.020619e-03	1.674570e-03	3.857903e-03	-2.183334e-03
124           	8.500857e-03	4.255206e-03	4.245651e-03	3.157850e-05	2.200783e-06	2.937771e-05	-1.358847e-05	4.777462e-06	3.016270e-03	1.674954e-03	3.853748e-03	-2.178793e-03
125           	8.488872e-03	4.249965e-03	4.238907e-03	2.939602e-05	2.816570e-06	2.657945e-05	-1.188144e-05	5.528689e-06	3.012022e-03	1.675335e-03	3.849690e-03	-2.174355e-03
126           	8.477134e-03	4.244842e-03	4.232292e-03	2.722742e-05	3.429448e-06	2.379798e-05	-1.018426e-05	6.275240e-06	3.007868e-03	1.675710e-03	3.845722e-03	-2.170013e-03
127           	8.465640e-03	4.239837e-03	4.225802e-03	2.507179e-05	4.038900e-06	2.103289e-05	-8.496995e-06	7.017651e-06	3.003808e-03	1.676081e-03	3.841849e-03	-2.165768e-03
128           	8.454385e-03	4.234948e-03	4.219437e-03	2.293109e-05	4.643836e-06	1.828725e-05	-6.821709e-06	7.755314e-06	2.999842e-03	1.676449e-03	3.838067e-03	-2.161618e-03
129           	8.443367e-03	4.230171e-03	4.213196e-03	2.080787e-05	5.243232e-06	1.556464e-05	-5.160704e-06	8.487573e-06	2.995969e-03	1.676814e-03	3.834376e-03	-2.157562e-03
130           	8.432580e-03	4.225504e-03	4.207076e-03	1.870507e-05	5.836161e-06	1.286891e-05	-3.516372e-06	9.213719e-06	2.992186e-03	1.677178e-03	3.830775e-03	-2.153597e-03
131           	8.422020e-03	4.220943e-03	4.201077e-03	1.662560e-05	6.421897e-06	1.020371e-05	-1.890904e-06	9.933063e-06	2.988493e-03	1.677540e-03	3.827263e-03	-2.149723e-03
132           	8.411684e-03	4.216487e-03	4.195197e-03	1.457223e-05	6.999862e-06	7.572372e-06	-2.862551e-07	1.064495e-05	2.984888e-03	1.677902e-03	3.823840e-03	-2.145937e-03
133           	8.401566e-03	4.212132e-03	4.189434e-03	1.254721e-05	7.569736e-06	4.977476e-06	1.296130e-06	1.134888e-05	2.981370e-03	1.678263e-03	3.820502e-03	-2.142238e-03
134           	8.391663e-03	4.207876e-03	4.183787e-03	1.055239e-05	8.131267e-06	2.421124e-06	2.855072e-06	1.204444e-05	2.977936e-03	1.678624e-03	3.817248e-03	-2.138624e-03
135           	8.381970e-03	4.203716e-03	4.178253e-03	8.588150e-06	8.683924e-06	-9.577397e-08	4.389849e-06	1.273145e-05	2.974586e-03	1.678984e-03	3.814077e-03	-2.135094e-03
136           	8.372480e-03	4.199648e-03	4.172832e-03	6.659767e-06	9.226774e-06	-2.567007e-06	5.896890e-06	1.340779e-05	2.971311e-03	1.679340e-03	3.810982e-03	-2.131641e-03
137           	8.363190e-03	4.195670e-03	4.167520e-03	4.764393e-06	9.761333e-06	-4.996940e-06	7.379136e-06	1.407527e-05	2.968116e-03	1.679695e-03	3.807963e-03	-2.128268e-03
138           	8.354097e-03	4.191782e-03	4.162314e-03	2.902335e-06	1.028759e-05	-7.385254e-06	8.836421e-06	1.473380e-05	2.964996e-03	1.680049e-03	3.805020e-03	-2.124972e-03
139           	8.345195e-03	4.187981e-03	4.157214e-03	1.073865e-06	1.080540e-05	-9.731540e-06	1.026847e-05	1.538321e-05	2.961950e-03	1.680399e-03	3.802149e-03	-2.121750e-03
140           	8.336480e-03	4.184263e-03	4.152217e-03	-7.208189e-07	1.131460e-05	-1.203542e-05	1.167501e-05	1.602330e-05	2.958975e-03	1.680747e-03	3.799349e-03	-2.118602e-03
141           	8.327948e-03	4.180628e-03	4.147320e-03	-2.481111e-06	1.181479e-05	-1.429590e-05	1.305535e-05	1.665375e-05	2.956070e-03	1.681091e-03	3.796615e-03	-2.115524e-03
142           	8.319595e-03	4.177072e-03	4.142523e-03	-4.206281e-06	1.230558e-05	-1.651186e-05	1.440872e-05	1.727418e-05	2.953231e-03	1.681432e-03	3.793947e-03	-2.112515e-03
143           	8.311416e-03	4.173592e-03	4.137824e-03	-5.895562e-06	1.278665e-05	-1.868221e-05	1.573443e-05	1.788430e-05	2.950458e-03	1.681770e-03	3.791343e-03	-2.109573e-03
144           	8.303407e-03	4.170187e-03	4.133220e-03	-7.548374e-06	1.325781e-05	-2.080618e-05	1.703200e-05	1.848388e-05	2.947749e-03	1.682104e-03	3.788800e-03	-2.106697e-03
145           	8.295566e-03	4.166856e-03	4.128710e-03	-9.164492e-06	1.371907e-05	-2.288356e-05	1.830132e-05	1.907288e-05	2.945101e-03	1.682434e-03	3.786318e-03	-2.103884e-03
146           	8.287888e-03	4.163595e-03	4.124293e-03	-1.074374e-05	1.417046e-05	-2.491420e-05	1.954233e-05	1.965127e-05	2.942515e-03	1.682761e-03	3.783895e-03	-2.101134e-03
147           	8.280371e-03	4.160404e-03	4.119966e-03	-1.228599e-05	1.461202e-05	-2.689801e-05	2.075501e-05	2.021904e-05	2.939987e-03	1.683084e-03	3.781529e-03	-2.098445e-03
148           	8.273010e-03	4.157281e-03	4.115729e-03	-1.379109e-05	1.504378e-05	-2.883487e-05	2.193932e-05	2.077616e-05	2.937518e-03	1.683404e-03	3.779220e-03	-2.095816e-03
149           	8.265803e-03	4.154224e-03	4.111579e-03	-1.525892e-05	1.546574e-05	-3.072466e-05	2.309520e-05	2.132261e-05	2.935105e-03	1.683720e-03	3.776965e-03	-2.093245e-03
150           	8.258744e-03	4.151229e-03	4.107515e-03	-1.668751e-05	1.587616e-05	-3.256367e-05	2.421991e-05	2.185680e-05	2.932745e-03	1.684032e-03	3.774761e-03	-2.090730e-03
151           	8.251832e-03	4.148297e-03	4.103536e-03	-1.807928e-05	1.627737e-05	-3.435666e-05	2.531702e-05	2.238070e-05	2.930441e-03	1.684340e-03	3.772611e-03	-2.088271e-03
152           	8.245066e-03	4.145427e-03	4.099639e-03	-1.943449e-05	1.666949e-05	-3.610397e-05	2.638673e-05	2.289436e-05	2.928190e-03	1.684646e-03	3.770512e-03	-2.085867e-03
153           	8.238441e-03	4.142618e-03	4.095823e-03	-2.075338e-05	1.705252e-05	-3.780590e-05	2.742921e-05	2.339774e-05	2.925991e-03	1.684948e-03	3.768464e-03	-2.083517e-03
154           	8.231954e-03	4.139868e-03	4.092086e-03	-2.203613e-05	1.742641e-05	-3.946254e-05	2.844448e-05	2.389074e-05	2.923842e-03	1.685246e-03	3.766465e-03	-2.081219e-03
155           	8.225603e-03	4.137175e-03	4.088428e-03	-2.328300e-05	1.779108e-05	-4.107408e-05	2.943258e-05	2.437323e-05	2.921743e-03	1.685541e-03	3.764514e-03	-2.078973e-03
156           	8.219383e-03	4.134537e-03	4.084847e-03	-2.449439e-05	1.814653e-05	-4.264092e-05	3.039372e-05	2.484517e-05	2.919692e-03	1.685832e-03	3.762608e-03	-2.076776e-03
157           	8.213293e-03	4.131953e-03	4.081340e-03	-2.567074e-05	1.849279e-05	-4.416353e-05	3.132816e-05	2.530657e-05	2.917687e-03	1.686119e-03	3.760746e-03	-2.074627e-03
158           	8.207329e-03	4.129422e-03	4.077907e-03	-2.681283e-05	1.883006e-05	-4.564289e-05	3.223647e-05	2.575759e-05	2.915726e-03	1.686401e-03	3.758927e-03	-2.072526e-03
159           	8.201489e-03	4.126943e-03	4.074546e-03	-2.792139e-05	1.915852e-05	-4.707991e-05	3.311921e-05	2.619835e-05	2.913810e-03	1.686680e-03	3.757150e-03	-2.070470e-03
160           	8.195769e-03	4.124514e-03	4.071256e-03	-2.899723e-05	1.947843e-05	-4.847566e-05	3.397704e-05	2.662904e-05	2.911936e-03	1.686954e-03	3.755414e-03	-2.068459e-03
161           	8.190169e-03	4.122134e-03	4.068034e-03	-3.004110e-05	1.979001e-05	-4.983111e-05	3.481056e-05	2.704983e-05	2.910104e-03	1.687225e-03	3.753717e-03	-2.066492e-03
162           	8.184684e-03	4.119803e-03	4.064881e-03	-3.105377e-05	2.009354e-05	-5.114731e-05	3.562043e-05	2.746091e-05	2.908314e-03	1.687491e-03	3.752059e-03	-2.064568e-03
163           	8.179313e-03	4.117519e-03	4.061794e-03	-3.203596e-05	2.038923e-05	-5.242519e-05	3.640721e-05	2.786247e-05	2.906563e-03	1.687753e-03	3.750439e-03	-2.062686e-03
164           	8.174053e-03	4.115281e-03	4.058772e-03	-3.298843e-05	2.067733e-05	-5.366576e-05	3.717154e-05	2.825472e-05	2.904851e-03	1.688011e-03	3.748856e-03	-2.060845e-03
165           	8.168903e-03	4.113089e-03	4.055813e-03	-3.391201e-05	2.095806e-05	-5.487007e-05	3.791407e-05	2.863786e-05	2.903177e-03	1.688265e-03	3.747309e-03	-2.059044e-03
166           	8.163859e-03	4.110941e-03	4.052917e-03	-3.480755e-05	2.123166e-05	-5.603921e-05	3.863543e-05	2.901207e-05	2.901540e-03	1.688515e-03	3.745798e-03	-2.057283e-03
167           	8.158920e-03	4.108837e-03	4.050082e-03	-3.567595e-05	2.149835e-05	-5.717430e-05	3.933632e-05	2.937757e-05	2.899940e-03	1.688761e-03	3.744321e-03	-2.055559e-03
168           	8.154083e-03	4.106776e-03	4.047307e-03	-3.651806e-05	2.175839e-05	-5.827646e-05	4.001743e-05	2.973459e-05	2.898375e-03	1.689003e-03	3.742877e-03	-2.053874e-03
169           	8.149347e-03	4.104757e-03	4.044590e-03	-3.733484e-05	2.201201e-05	-5.934685e-05	4.067943e-05	3.008337e-05	2.896845e-03	1.689240e-03	3.741465e-03	-2.052225e-03
170           	8.144709e-03	4.102778e-03	4.041930e-03	-3.812713e-05	2.225940e-05	-6.038653e-05	4.132297e-05	3.042410e-05	2.895348e-03	1.689474e-03	3.740085e-03	-2.050611e-03
171           	8.140167e-03	4.100840e-03	4.039326e-03	-3.889568e-05	2.250071e-05	-6.139639e-05	4.194855e-05	3.075694e-05	2.893885e-03	1.689703e-03	3.738736e-03	-2.049033e-03
172           	8.135717e-03	4.098939e-03	4.036778e-03	-3.963995e-05	2.273433e-05	-6.237428e-05	4.255430e-05	3.108056e-05	2.892450e-03	1.689927e-03	3.737414e-03	-2.047487e-03
173           	8.131360e-03	4.097077e-03	4.034283e-03	-4.036242e-05	2.296281e-05	-6.332524e-05	4.314403e-05	3.139714e-05	2.891048e-03	1.690147e-03	3.736122e-03	-2.045975e-03
174           	8.127095e-03	4.095255e-03	4.031841e-03	-4.106395e-05	2.318643e-05	-6.425038e-05	4.371840e-05	3.170696e-05	2.889678e-03	1.690364e-03	3.734860e-03	-2.044496e-03
175           	8.122920e-03	4.093470e-03	4.029450e-03	-4.174535e-05	2.340533e-05	-6.515068e-05	4.427801e-05	3.201019e-05	2.888339e-03	1.690577e-03	3.733627e-03	-2.043050e-03
176           	8.118832e-03	4.091723e-03	4.027109e-03	-4.240740e-05	2.361961e-05	-6.602701e-05	4.482331e-05	3.230694e-05	2.887030e-03	1.690786e-03	3.732423e-03	-2.041636e-03
177           	8.114829e-03	4.090012e-03	4.024817e-03	-4.305071e-05	2.382929e-05	-6.688000e-05	4.535465e-05	3.259726e-05	2.885749e-03	1.690992e-03	3.731245e-03	-2.040253e-03
178           	8.110910e-03	4.088336e-03	4.022574e-03	-4.367594e-05	2.403437e-05	-6.771031e-05	4.587234e-05	3.288118e-05	2.884496e-03	1.691194e-03	3.730093e-03	-2.038900e-03
179           	8.107072e-03	4.086695e-03	4.020377e-03	-4.428375e-05	2.423491e-05	-6.851866e-05	4.637679e-05	3.315878e-05	2.883271e-03	1.691391e-03	3.728966e-03	-2.037575e-03
180           	8.103314e-03	4.085087e-03	4.018227e-03	-4.487489e-05	2.443102e-05	-6.930590e-05	4.686846e-05	3.343017e-05	2.882071e-03	1.691585e-03	3.727863e-03	-2.036279e-03
181           	8.099634e-03	4.083512e-03	4.016121e-03	-4.545019e-05	2.462287e-05	-7.007306e-05	4.734796e-05	3.369555e-05	2.880897e-03	1.691774e-03	3.726783e-03	-2.035010e-03
182           	8.096030e-03	4.081970e-03	4.014060e-03	-4.601054e-05	2.481070e-05	-7.082124e-05	4.781597e-05	3.395516e-05	2.879747e-03	1.691959e-03	3.725726e-03	-2.033768e-03
183           	8.092502e-03	4.080460e-03	4.012042e-03	-4.655684e-05	2.499478e-05	-7.155162e-05	4.827320e-05	3.420926e-05	2.878622e-03	1.692140e-03	3.724692e-03	-2.032552e-03
184           	8.089047e-03	4.078982e-03	4.010065e-03	-4.708990e-05	2.517538e-05	-7.226528e-05	4.872033e-05	3.445813e-05	2.877520e-03	1.692317e-03	3.723679e-03	-2.031362e-03
185           	8.085664e-03	4.077534e-03	4.008130e-03	-4.761046e-05	2.535276e-05	-7.296322e-05	4.915799e-05	3.470204e-05	2.876442e-03	1.692490e-03	3.722687e-03	-2.030198e-03
186           	8.082352e-03	4.076117e-03	4.006235e-03	-4.811928e-05	2.552715e-05	-7.364643e-05	4.958679e-05	3.494125e-05	2.875387e-03	1.692659e-03	3.721717e-03	-2.029058e-03
187           	8.079109e-03	4.074730e-03	4.004378e-03	-4.861697e-05	2.569874e-05	-7.431570e-05	5.000722e-05	3.517601e-05	2.874355e-03	1.692824e-03	3.720767e-03	-2.027943e-03
188           	8.075933e-03	4.073373e-03	4.002560e-03	-4.910410e-05	2.586771e-05	-7.497181e-05	5.041976e-05	3.540654e-05	2.873344e-03	1.692986e-03	3.719838e-03	-2.026851e-03
189           	8.072825e-03	4.072046e-03	4.000779e-03	-4.958126e-05	2.603422e-05	-7.561548e-05	5.082485e-05	3.563306e-05	2.872356e-03	1.693145e-03	3.718928e-03	-2.025783e-03
190           	8.069781e-03	4.070747e-03	3.999035e-03	-5.004901e-05	2.619842e-05	-7.624743e-05	5.122292e-05	3.585577e-05	2.871388e-03	1.693299e-03	3.718038e-03	-2.024738e-03
191           	8.066802e-03	4.069476e-03	3.997326e-03	-5.050780e-05	2.636040e-05	-7.686821e-05	5.161430e-05	3.607480e-05	2.870441e-03	1.693451e-03	3.717166e-03	-2.023715e-03
192           	8.063885e-03	4.068233e-03	3.995652e-03	-5.095806e-05	2.652022e-05	-7.747829e-05	5.199926e-05	3.629029e-05	2.869513e-03	1.693599e-03	3.716313e-03	-2.022714e-03
193           	8.061029e-03	4.067017e-03	3.994012e-03	-5.140009e-05	2.667792e-05	-7.807801e-05	5.237796e-05	3.650230e-05	2.868606e-03	1.693743e-03	3.715477e-03	-2.021734e-03
194           	8.058232e-03	4.065827e-03	3.992405e-03	-5.183417e-05	2.683351e-05	-7.866768e-05	5.275059e-05	3.671091e-05	2.867717e-03	1.693884e-03	3.714659e-03	-2.020775e-03
195           	8.055495e-03	4.064664e-03	3.990831e-03	-5.226055e-05	2.698699e-05	-7.924755e-05	5.311727e-05	3.691618e-05	2.866847e-03	1.694022e-03	3.713858e-03	-2.019836e-03
196           	8.052815e-03	4.063525e-03	3.989289e-03	-5.267941e-05	2.713835e-05	-7.981776e-05	5.347805e-05	3.711815e-05	2.865995e-03	1.694156e-03	3.713074e-03	-2.018917e-03
197           	8.050191e-03	4.062412e-03	3.987778e-03	-5.309094e-05	2.728757e-05	-8.037851e-05	5.383304e-05	3.731686e-05	2.865161e-03	1.694288e-03	3.712305e-03	-2.018018e-03
198           	8.047622e-03	4.061323e-03	3.986298e-03	-5.349536e-05	2.743467e-05	-8.093003e-05	5.418235e-05	3.751236e-05	2.864345e-03	1.694416e-03	3.711553e-03	-2.017137e-03
199           	8.045107e-03	4.060258e-03	3.984849e-03	-5.389290e-05	2.757967e-05	-8.147256e-05	5.452611e-05	3.770470e-05	2.863546e-03	1.694541e-03	3.710816e-03	-2.016275e-03
200           	8.042645e-03	4.059216e-03	3.983429e-03	-5.428375e-05	2.772260e-05	-8.200635e-05	5.486448e-05	3.789394e-05	2.862763e-03	1.694663e-03	3.710095e-03	-2.015432e-03
201           	8.040232e-03	4.058194e-03	3.982038e-03	-5.466656e-05	2.786132e-05	-8.252788e-05	5.519460e-05	3.807825e-05	2.861994e-03	1.694780e-03	3.709384e-03	-2.014604e-03
202           	8.037871e-03	4.057196e-03	3.980675e-03	-5.504344e-05	2.799881e-05	-8.304225e-05	5.552053e-05	3.826024e-05	2.861242e-03	1.694895e-03	3.708689e-03	-2.013794e-03
203           	8.035560e-03	4.056220e-03	3.979340e-03	-5.541462e-05	2.813520e-05	-8.354982e-05	5.584251e-05	3.844006e-05	2.860507e-03	1.695008e-03	3.708011e-03	-2.013002e-03
204           	8.033299e-03	4.055267e-03	3.978032e-03	-5.578033e-05	2.827048e-05	-8.405081e-05	5.616064e-05	3.861774e-05	2.859788e-03	1.695119e-03	3.707348e-03	-2.012228e-03
205           	8.031087e-03	4.054337e-03	3.976750e-03	-5.614077e-05	2.840457e-05	-8.454533e-05	5.647495e-05	3.879325e-05	2.859085e-03	1.695228e-03	3.706699e-03	-2.011471e-03
206           	8.030324e-03	4.054067e-03	3.976257e-03	-5.633462e-05	2.848004e-05	-8.481465e-05	5.664734e-05	3.890474e-05	2.859192e-03	1.695689e-03	3.707036e-03	-2.011347e-03
207           	8.029790e-03	4.053867e-03	3.975923e-03	-5.641754e-05	2.851533e-05	-8.493287e-05	5.672410e-05	3.897199e-05	2.859522e-03	1.696357e-03	3.707700e-03	-2.011344e-03
208           	8.029323e-03	4.053679e-03	3.975644e-03	-5.644878e-05	2.853169e-05	-8.498047e-05	5.675608e-05	3.901734e-05	2.859904e-03	1.697075e-03	3.708442e-03	-2.011366e-03
209           	8.028785e-03	4.053453e-03	3.975332e-03	-5.647925e-05	2.854806e-05	-8.502731e-05	5.678768e-05	3.906061e-05	2.860190e-03	1.697713e-03	3.709046e-03	-2.011333e-03
210           	8.028083e-03	4.053157e-03	3.974925e-03	-5.654433e-05	2.857792e-05	-8.512225e-05	5.685008e-05	3.911588e-05	2.860278e-03	1.698178e-03	3.709367e-03	-2.011189e-03
211           	8.027171e-03	4.052776e-03	3.974396e-03	-5.666173e-05	2.862756e-05	-8.528929e-05	5.695843e-05	3.919001e-05	2.860124e-03	1.698429e-03	3.709338e-03	-2.010909e-03
212           	8.026061e-03	4.052314e-03	3.973747e-03	-5.683141e-05	2.869704e-05	-8.552845e-05	5.711274e-05	3.928349e-05	2.859739e-03	1.698475e-03	3.708977e-03	-2.010502e-03
213           	8.024802e-03	4.051795e-03	3.973007e-03	-5.704497e-05	2.878365e-05	-8.582862e-05	5.730614e-05	3.939388e-05	2.859182e-03	1.698364e-03	3.708364e-03	-2.010000e-03
214           	8.023448e-03	4.051243e-03	3.972205e-03	-5.729236e-05	2.888559e-05	-8.617795e-05	5.753177e-05	3.951865e-05	2.858513e-03	1.698149e-03	3.707588e-03	-2.009438e-03
215           	8.022066e-03	4.050680e-03	3.971386e-03	-5.755092e-05	2.899175e-05	-8.654266e-05	5.776720e-05	3.964697e-05	2.857807e-03	1.697894e-03	3.706754e-03	-2.008860e-03
216           	8.020715e-03	4.050131e-03	3.970584e-03	-5.780687e-05	2.909620e-05	-8.690308e-05	5.799964e-05	3.977354e-05	2.857131e-03	1.697658e-03	3.705960e-03	-2.008302e-03
217           	8.019440e-03	4.049613e-03	3.969827e-03	-5.804809e-05	2.919357e-05	-8.724166e-05	5.821761e-05	3.989314e-05	2.856534e-03	1.697482e-03	3.705275e-03	-2.007794e-03
218           	8.018263e-03	4.049134e-03	3.969128e-03	-5.826803e-05	2.928117e-05	-8.754920e-05	5.841519e-05	4.000308e-05	2.856039e-03	1.697387e-03	3.704733e-03	-2.007346e-03
219           	8.017184e-03	4.048695e-03	3.968489e-03	-5.846584e-05	2.935923e-05	-8.782507e-05	5.859215e-05	4.010331e-05	2.855648e-03	1.697374e-03	3.704335e-03	-2.006961e-03
220           	8.016193e-03	4.048292e-03	3.967901e-03	-5.864400e-05	2.942918e-05	-8.807318e-05	5.875118e-05	4.019512e-05	2.855347e-03	1.697432e-03	3.704063e-03	-2.006631e-03
221           	8.015267e-03	4.047914e-03	3.967353e-03	-5.880667e-05	2.949281e-05	-8.829947e-05	5.889614e-05	4.028017e-05	2.855110e-03	1.697539e-03	3.703879e-03	-2.006340e-03
222           	8.014380e-03	4.047550e-03	3.966829e-03	-5.895911e-05	2.955228e-05	-8.851139e-05	5.903183e-05	4.036056e-05	2.854905e-03	1.697670e-03	3.703740e-03	-2.006070e-03
223           	8.013505e-03	4.047191e-03	3.966314e-03	-5.910660e-05	2.960983e-05	-8.871643e-05	5.916313e-05	4.043840e-05	2.854704e-03	1.697801e-03	3.703604e-03	-2.005803e-03
224           	8.012624e-03	4.046827e-03	3.965796e-03	-5.925349e-05	2.966732e-05	-8.892081e-05	5.929407e-05	4.051544e-05	2.854484e-03	1.697912e-03	3.703440e-03	-2.005528e-03
225           	8.011723e-03	4.046454e-03	3.965269e-03	-5.940273e-05	2.972602e-05	-8.912875e-05	5.942739e-05	4.059291e-05	2.854232e-03	1.697995e-03	3.703229e-03	-2.005235e-03
226           	8.010801e-03	4.046072e-03	3.964729e-03	-5.955577e-05	2.978653e-05	-8.934230e-05	5.956441e-05	4.067141e-05	2.853945e-03	1.698045e-03	3.702967e-03	-2.004922e-03
227           	8.009859e-03	4.045680e-03	3.964178e-03	-5.971278e-05	2.984893e-05	-8.956170e-05	5.970532e-05	4.075108e-05	2.853626e-03	1.698066e-03	3.702658e-03	-2.004593e-03
228           	8.008906e-03	4.045285e-03	3.963621e-03	-5.987306e-05	2.991296e-05	-8.978601e-05	5.984949e-05	4.083173e-05	2.853285e-03	1.698066e-03	3.702317e-03	-2.004252e-03
229           	8.007951e-03	4.044888e-03	3.963062e-03	-6.003547e-05	2.997816e-05	-9.001363e-05	5.999589e-05	4.091298e-05	2.852933e-03	1.698054e-03	3.701960e-03	-2.003906e-03
230           	8.007003e-03	4.044496e-03	3.962507e-03	-6.019875e-05	3.004394e-05	-9.024269e-05	6.014331e-05	4.099437e-05	2.852582e-03	1.698039e-03	3.701601e-03	-2.003562e-03
231           	8.006071e-03	4.044111e-03	3.961960e-03	-6.036174e-05	3.010972e-05	-9.047146e-05	6.029059e-05	4.107543e-05	2.852240e-03	1.698029e-03	3.701255e-03	-2.003225e-03
232           	8.005159e-03	4.043735e-03	3.961424e-03	-6.052356e-05	3.017502e-05	-9.069857e-05	6.043679e-05	4.115579e-05	2.851913e-03	1.698029e-03	3.700928e-03	-2.002899e-03
233           	8.004268e-03	4.043369e-03	3.960899e-03	-6.068367e-05	3.023948e-05	-9.092315e-05	6.058132e-05	4.123520e-05	2.851604e-03	1.698040e-03	3.700624e-03	-2.002584e-03
234           	8.003399e-03	4.043013e-03	3.960386e-03	-6.084187e-05	3.030294e-05	-9.114481e-05	6.072388e-05	4.131354e-05	2.851312e-03	1.698062e-03	3.700343e-03	-2.002281e-03
235           	8.002549e-03	4.042665e-03	3.959883e-03	-6.099822e-05	3.036536e-05	-9.136357e-05	6.086447e-05	4.139081e-05	2.851034e-03	1.698092e-03	3.700080e-03	-2.001988e-03
236           	8.001713e-03	4.042324e-03	3.959390e-03	-6.115293e-05	3.042682e-05	-9.157975e-05	6.100329e-05	4.146709e-05	2.850765e-03	1.698126e-03	3.699829e-03	-2.001702e-03
237           	8.000889e-03	4.041987e-03	3.958902e-03	-6.130631e-05	3.048749e-05	-9.179380e-05	6.114065e-05	4.154252e-05	2.850503e-03	1.698163e-03	3.699584e-03	-2.001421e-03
238           	8.000074e-03	4.041654e-03	3.958420e-03	-6.145867e-05	3.054753e-05	-9.200620e-05	6.127687e-05	4.161722e-05	2.850241e-03	1.698197e-03	3.699340e-03	-2.001143e-03
239           	7.999264e-03	4.041323e-03	3.957941e-03	-6.161024e-05	3.060712e-05	-9.221736e-05	6.141224e-05	4.169134e-05	2.849980e-03	1.698229e-03	3.699094e-03	-2.000865e-03
240           	7.998460e-03	4.040995e-03	3.957465e-03	-6.176119e-05	3.066637e-05	-9.242757e-05	6.154697e-05	4.176497e-05	2.849716e-03	1.698255e-03	3.698843e-03	-2.000588e-03
241           	7.997657e-03	4.040664e-03	3.956993e-03	-6.190792e-05	3.072266e-05	-9.263058e-05	6.167662e-05	4.183562e-05	2.849446e-03	1.698275e-03	3.698584e-03	-2.000309e-03
242           	7.996861e-03	4.040337e-03	3.956524e-03	-6.205526e-05	3.077961e-05	-9.283487e-05	6.180724e-05	4.190668e-05	2.849177e-03	1.698293e-03	3.698323e-03	-2.000031e-03
243           	7.996072e-03	4.040014e-03	3.956058e-03	-6.220320e-05	3.083724e-05	-9.304044e-05	6.193884e-05	4.197817e-05	2.848910e-03	1.698308e-03	3.698063e-03	-1.999756e-03
244           	7.995292e-03	4.039696e-03	3.955596e-03	-6.235148e-05	3.089543e-05	-9.324690e-05	6.207117e-05	4.204996e-05	2.848645e-03	1.698323e-03	3.697806e-03	-1.999483e-03
245           	7.994521e-03	4.039382e-03	3.955139e-03	-6.249978e-05	3.095391e-05	-9.345369e-05	6.220380e-05	4.212183e-05	2.848384e-03	1.698338e-03	3.697553e-03	-1.999215e-03
246           	7.993760e-03	4.039074e-03	3.954687e-03	-6.264776e-05	3.101241e-05	-9.366017e-05	6.233629e-05	4.219357e-05	2.848128e-03	1.698354e-03	3.697305e-03	-1.998951e-03
247           	7.993010e-03	4.038770e-03	3.954240e-03	-6.279512e-05	3.107066e-05	-9.386578e-05	6.246822e-05	4.226495e-05	2.847877e-03	1.698372e-03	3.697063e-03	-1.998691e-03
248           	7.992270e-03	4.038471e-03	3.953799e-03	-6.294163e-05	3.112846e-05	-9.407010e-05	6.259928e-05	4.233580e-05	2.847631e-03	1.698391e-03	3.696826e-03	-1.998435e-03
249           	7.991540e-03	4.038176e-03	3.953364e-03	-6.308716e-05	3.118567e-05	-9.427283e-05	6.272925e-05	4.240600e-05	2.847389e-03	1.698412e-03	3.696595e-03	-1.998183e-03
250           	7.990819e-03	4.037885e-03	3.952934e-03	-6.323163e-05	3.124222e-05	-9.447385e-05	6.285804e-05	4.247552e-05	2.847151e-03	1.698433e-03	3.696368e-03	-1.997935e-03
251           	7.990106e-03	4.037597e-03	3.952509e-03	-6.337505e-05	3.129811e-05	-9.467317e-05	6.298564e-05	4.254435e-05	2.846917e-03	1.698455e-03	3.696144e-03	-1.997689e-03
252           	7.989402e-03	4.037313e-03	3.952088e-03	-6.351744e-05	3.135341e-05	-9.487085e-05	6.311213e-05	4.261253e-05	2.846685e-03	1.698477e-03	3.695923e-03	-1.997447e-03
253           	7.988705e-03	4.037033e-03	3.951672e-03	-6.365885e-05	3.140818e-05	-9.506704e-05	6.323761e-05	4.268012e-05	2.846455e-03	1.698497e-03	3.695704e-03	-1.997206e-03
254           	7.988016e-03	4.036755e-03	3.951261e-03	-6.379936e-05	3.146252e-05	-9.526189e-05	6.336221e-05	4.274720e-05	2.846227e-03	1.698517e-03	3.695486e-03	-1.996968e-03
255           	7.987333e-03	4.036480e-03	3.950853e-03	-6.393905e-05	3.151653e-05	-9.545558e-05	6.348605e-05	4.281385e-05	2.846000e-03	1.698536e-03	3.695269e-03	-1.996732e-03
256           	7.986657e-03	4.036209e-03	3.950449e-03	-6.407797e-05	3.157027e-05	-9.564823e-05	6.360925e-05	4.288011e-05	2.845776e-03	1.698554e-03	3.695053e-03	-1.996499e-03
257           	7.985989e-03	4.035941e-03	3.950048e-03	-6.421617e-05	3.162378e-05	-9.583995e-05	6.373187e-05	4.294603e-05	2.845553e-03	1.698571e-03	3.694838e-03	-1.996267e-03
258           	7.985328e-03	4.035675e-03	3.949652e-03	-6.435368e-05	3.167710e-05	-9.603078e-05	6.385394e-05	4.301163e-05	2.845332e-03	1.698588e-03	3.694626e-03	-1.996038e-03
259           	7.984674e-03	4.035414e-03	3.949260e-03	-6.449050e-05	3.173021e-05	-9.622071e-05	6.397546e-05	4.307691e-05	2.845113e-03	1.698604e-03	3.694415e-03	-1.995811e-03
260           	7.984027e-03	4.035155e-03	3.948872e-03	-6.462664e-05	3.178311e-05	-9.640975e-05	6.409643e-05	4.314188e-05	2.844897e-03	1.698620e-03	3.694207e-03	-1.995587e-03
261           	7.983388e-03	4.034900e-03	3.948487e-03	-6.476209e-05	3.183575e-05	-9.659784e-05	6.421680e-05	4.320650e-05	2.844683e-03	1.698636e-03	3.694001e-03	-1.995365e-03
262           	7.982756e-03	4.034649e-03	3.948107e-03	-6.489681e-05	3.188812e-05	-9.678493e-05	6.433653e-05	4.327076e-05	2.844472e-03	1.698652e-03	3.693798e-03	-1.995147e-03
263           	7.982131e-03	4.034400e-03	3.947731e-03	-6.503078e-05	3.194018e-05	-9.697095e-05	6.445557e-05	4.333463e-05	2.844264e-03	1.698667e-03	3.693598e-03	-1.994930e-03
264           	7.981512e-03	4.034151e-03	3.947361e-03	-6.516084e-05	3.198820e-05	-9.714903e-05	6.456862e-05	4.339542e-05	2.844055e-03	1.698682e-03	3.693396e-03	-1.994714e-03
265           	7.980900e-03	4.033907e-03	3.946993e-03	-6.529087e-05	3.203704e-05	-9.732790e-05	6.468247e-05	4.345658e-05	2.843849e-03	1.698697e-03	3.693197e-03	-1.994501e-03
266           	7.980296e-03	4.033666e-03	3.946630e-03	-6.542083e-05	3.208676e-05	-9.750759e-05	6.479718e-05	4.351818e-05	2.843647e-03	1.698712e-03	3.693003e-03	-1.994291e-03
267           	7.979700e-03	4.033430e-03	3.946270e-03	-6.555061e-05	3.213724e-05	-9.768784e-05	6.491254e-05	4.358010e-05	2.843448e-03	1.698727e-03	3.692811e-03	-1.994085e-03
268           	7.979110e-03	4.033197e-03	3.945913e-03	-6.568003e-05	3.218820e-05	-9.786824e-05	6.502822e-05	4.364218e-05	2.843252e-03	1.698742e-03	3.692623e-03	-1.993881e-03
269           	7.978528e-03	4.032968e-03	3.945560e-03	-6.580897e-05	3.223933e-05	-9.804830e-05	6.514381e-05	4.370421e-05	2.843058e-03	1.698757e-03	3.692437e-03	-1.993680e-03
270           	7.977952e-03	4.032742e-03	3.945210e-03	-6.593729e-05	3.229030e-05	-9.822760e-05	6.525895e-05	4.376598e-05	2.842867e-03	1.698772e-03	3.692253e-03	-1.993481e-03
271           	7.977382e-03	4.032519e-03	3.944864e-03	-6.606489e-05	3.234087e-05	-9.840576e-05	6.537332e-05	4.382733e-05	2.842678e-03	1.698787e-03	3.692071e-03	-1.993285e-03
272           	7.976819e-03	4.032298e-03	3.944522e-03	-6.619169e-05	3.239085e-05	-9.858254e-05	6.548669e-05	4.388812e-05	2.842491e-03	1.698801e-03	3.691891e-03	-1.993090e-03
273           	7.976263e-03	4.032080e-03	3.944183e-03	-6.631762e-05	3.244014e-05	-9.875776e-05	6.559895e-05	4.394829e-05	2.842305e-03	1.698815e-03	3.691713e-03	-1.992898e-03
274           	7.975712e-03	4.031864e-03	3.943848e-03	-6.644263e-05	3.248872e-05	-9.893135e-05	6.571004e-05	4.400782e-05	2.842122e-03	1.698829e-03	3.691536e-03	-1.992707e-03
275           	7.975167e-03	4.031650e-03	3.943517e-03	-6.656669e-05	3.253664e-05	-9.910333e-05	6.581998e-05	4.406671e-05	2.841940e-03	1.698843e-03	3.691362e-03	-1.992519e-03
276           	7.974629e-03	4.031440e-03	3.943189e-03	-6.668978e-05	3.258396e-05	-9.927374e-05	6.592885e-05	4.412502e-05	2.841760e-03	1.698857e-03	3.691188e-03	-1.992332e-03
277           	7.974096e-03	4.031231e-03	3.942865e-03	-6.681186e-05	3.263079e-05	-9.944265e-05	6.603672e-05	4.418279e-05	2.841582e-03	1.698870e-03	3.691017e-03	-1.992147e-03
278           	7.973570e-03	4.031025e-03	3.942545e-03	-6.693295e-05	3.267721e-05	-9.961016e-05	6.614368e-05	4.424009e-05	2.841406e-03	1.698883e-03	3.690848e-03	-1.991964e-03
279           	7.973049e-03	4.030822e-03	3.942228e-03	-6.705305e-05	3.272329e-05	-9.977635e-05	6.624982e-05	4.429695e-05	2.841232e-03	1.698896e-03	3.690680e-03	-1.991784e-03
280           	7.972535e-03	4.030621e-03	3.941914e-03	-6.717218e-05	3.276910e-05	-9.994128e-05	6.635519e-05	4.435342e-05	2.841060e-03	1.698909e-03	3.690514e-03	-1.991605e-03
281           	7.972026e-03	4.030422e-03	3.941603e-03	-6.729037e-05	3.281465e-05	-1.001050e-04	6.645983e-05	4.440952e-05	2.840890e-03	1.698922e-03	3.690350e-03	-1.991429e-03
282           	7.971522e-03	4.030226e-03	3.941296e-03	-6.740765e-05	3.285994e-05	-1.002676e-04	6.656377e-05	4.446524e-05	2.840721e-03	1.698934e-03	3.690188e-03	-1.991254e-03
283           	7.971025e-03	4.030033e-03	3.940992e-03	-6.752406e-05	3.290497e-05	-1.004290e-04	6.666700e-05	4.452060e-05	2.840555e-03	1.698946e-03	3.690028e-03	-1.991082e-03
284           	7.970533e-03	4.029842e-03	3.940691e-03	-6.763962e-05	3.294971e-05	-1.005893e-04	6.676952e-05	4.457557e-05	2.840391e-03	1.698959e-03	3.689870e-03	-1.990912e-03
285           	7.970047e-03	4.029653e-03	3.940393e-03	-6.775435e-05	3.299413e-05	-1.007485e-04	6.687131e-05	4.463015e-05	2.840229e-03	1.698971e-03	3.689714e-03	-1.990743e-03
286           	7.969566e-03	4.029467e-03	3.940099e-03	-6.786825e-05	3.303821e-05	-1.009065e-04	6.697234e-05	4.468431e-05	2.840068e-03	1.698983e-03	3.689560e-03	-1.990577e-03
287           	7.969091e-03	4.029283e-03	3.939807e-03	-6.798132e-05	3.308193e-05	-1.010633e-04	6.707259e-05	4.473805e-05	2.839910e-03	1.698995e-03	3.689407e-03	-1.990412e-03
288           	7.968621e-03	4.029102e-03	3.939519e-03	-6.809356e-05	3.312527e-05	-1.012188e-04	6.717204e-05	4.479134e-05	2.839753e-03	1.699007e-03	3.689257e-03	-1.990250e-03
289           	7.968156e-03	4.028922e-03	3.939234e-03	-6.820494e-05	3.316821e-05	-1.013732e-04	6.727068e-05	4.484418e-05	2.839598e-03	1.699019e-03	3.689108e-03	-1.990089e-03
290           	7.967697e-03	4.028745e-03	3.938952e-03	-6.831545e-05	3.321078e-05	-1.015262e-04	6.736850e-05	4.489657e-05	2.839445e-03	1.699031e-03	3.688961e-03	-1.989930e-03
291           	7.967243e-03	4.028570e-03	3.938673e-03	-6.842509e-05	3.325295e-05	-1.016780e-04	6.746550e-05	4.494852e-05	2.839294e-03	1.699043e-03	3.688815e-03	-1.989773e-03
292           	7.966794e-03	4.028397e-03	3.938397e-03	-6.853384e-05	3.329476e-05	-1.018286e-04	6.756168e-05	4.500002e-05	2.839145e-03	1.699054e-03	3.688672e-03	-1.989618e-03
293           	7.966351e-03	4.028226e-03	3.938124e-03	-6.864170e-05	3.333620e-05	-1.019779e-04	6.765705e-05	4.505109e-05	2.838997e-03	1.699066e-03	3.688530e-03	-1.989464e-03
294           	7.965912e-03	4.028058e-03	3.937854e-03	-6.874868e-05	3.337728e-05	-1.021260e-04	6.775162e-05	4.510174e-05	2.838851e-03	1.699077e-03	3.688389e-03	-1.989312e-03
295           	7.965478e-03	4.027891e-03	3.937587e-03	-6.885478e-05	3.341802e-05	-1.022728e-04	6.784541e-05	4.515196e-05	2.838706e-03	1.699088e-03	3.688251e-03	-1.989162e-03
296           	7.965049e-03	4.027726e-03	3.937323e-03	-6.896000e-05	3.345841e-05	-1.024184e-04	6.793841e-05	4.520176e-05	2.838564e-03	1.699100e-03	3.688113e-03	-1.989014e-03
297           	7.964625e-03	4.027564e-03	3.937061e-03	-6.906436e-05	3.349846e-05	-1.025628e-04	6.803064e-05	4.525115e-05	2.838423e-03	1.699111e-03	3.687978e-03	-1.988867e-03
298           	7.964206e-03	4.027403e-03	3.936803e-03	-6.916786e-05	3.353817e-05	-1.027060e-04	6.812211e-05	4.530013e-05	2.838283e-03	1.699121e-03	3.687844e-03	-1.988722e-03
299           	7.963792e-03	4.027245e-03	3.936547e-03	-6.927052e-05	3.357755e-05	-1.028481e-04	6.821281e-05	4.534870e-05	2.838145e-03	1.699132e-03	3.687711e-03	-1.988579e-03
300           	7.963382e-03	4.027088e-03	3.936294e-03	-6.937235e-05	3.361659e-05	-1.029889e-04	6.830277e-05	4.539686e-05	2.838009e-03	1.699143e-03	3.687580e-03	-1.988437e-03
301           	7.962977e-03	4.026933e-03	3.936044e-03	-6.947336e-05	3.365529e-05	-1.031287e-04	6.839197e-05	4.544462e-05	2.837874e-03	1.699154e-03	3.687451e-03	-1.988297e-03
302           	7.962569e-03	4.026779e-03	3.935790e-03	-6.958335e-05	3.369477e-05	-1.032781e-04	6.848645e-05	4.549463e-05	2.837732e-03	1.699154e-03	3.687309e-03	-1.988155e-03
303           	7.962168e-03	4.026627e-03	3.935541e-03	-6.968798e-05	3.373319e-05	-1.034212e-04	6.857719e-05	4.554277e-05	2.837595e-03	1.699157e-03	3.687173e-03	-1.988016e-03
304           	7.961774e-03	4.026476e-03	3.935298e-03	-6.978771e-05	3.377071e-05	-1.035584e-04	6.866457e-05	4.558930e-05	2.837462e-03	1.699164e-03	3.687044e-03	-1.987880e-03
305           	7.961387e-03	4.026328e-03	3.935059e-03	-6.988350e-05	3.380754e-05	-1.036910e-04	6.874930e-05	4.563458e-05	2.837334e-03	1.699176e-03	3.686922e-03	-1.987746e-03
306           	7.960999e-03	4.026181e-03	3.934818e-03	-6.998682e-05	3.384515e-05	-1.038320e-04	6.883856e-05	4.568190e-05	2.837200e-03	1.699179e-03	3.686790e-03	-1.987611e-03
307           	7.960619e-03	4.026037e-03	3.934582e-03	-7.008387e-05	3.388163e-05	-1.039655e-04	6.892357e-05	4.572719e-05	2.837072e-03	1.699187e-03	3.686666e-03	-1.987479e-03
308           	7.960247e-03	4.025894e-03	3.934352e-03	-7.017611e-05	3.391728e-05	-1.040934e-04	6.900533e-05	4.577098e-05	2.836950e-03	1.699200e-03	3.686550e-03	-1.987350e-03
309           	7.959873e-03	4.025753e-03	3.934119e-03	-7.027562e-05	3.395374e-05	-1.042294e-04	6.909155e-05	4.581681e-05	2.836822e-03	1.699205e-03	3.686425e-03	-1.987220e-03
310           	7.959507e-03	4.025614e-03	3.933893e-03	-7.036877e-05	3.398905e-05	-1.043578e-04	6.917343e-05	4.586056e-05	2.836701e-03	1.699215e-03	3.686308e-03	-1.987093e-03
311           	7.959141e-03	4.025476e-03	3.933664e-03	-7.046804e-05	3.402503e-05	-1.044931e-04	6.925904e-05	4.590599e-05	2.836575e-03	1.699218e-03	3.686184e-03	-1.986966e-03
312           	7.958783e-03	4.025341e-03	3.933443e-03	-7.055954e-05	3.405961e-05	-1.046192e-04	6.933938e-05	4.594888e-05	2.836456e-03	1.699228e-03	3.686070e-03	-1.986842e-03
313           	7.958426e-03	4.025206e-03	3.933220e-03	-7.065643e-05	3.409479e-05	-1.047512e-04	6.942301e-05	4.599327e-05	2.836334e-03	1.699232e-03	3.685950e-03	-1.986718e-03
314           	7.958078e-03	4.025074e-03	3.933004e-03	-7.074491e-05	3.412847e-05	-1.048734e-04	6.950093e-05	4.603491e-05	2.836219e-03	1.699243e-03	3.685840e-03	-1.986597e-03
315           	7.957729e-03	4.024943e-03	3.932786e-03	-7.083866e-05	3.416277e-05	-1.050014e-04	6.958210e-05	4.607805e-05	2.836100e-03	1.699248e-03	3.685724e-03	-1.986476e-03
316           	7.957390e-03	4.024814e-03	3.932577e-03	-7.092408e-05	3.419558e-05	-1.051197e-04	6.965762e-05	4.611848e-05	2.835990e-03	1.699261e-03	3.685620e-03	-1.986359e-03
317           	7.957051e-03	4.024686e-03	3.932365e-03	-7.101506e-05	3.422907e-05	-1.052441e-04	6.973660e-05	4.616052e-05	2.835875e-03	1.699267e-03	3.685509e-03	-1.986241e-03
318           	7.956711e-03	4.024559e-03	3.932152e-03	-7.110967e-05	3.426294e-05	-1.053726e-04	6.981777e-05	4.620353e-05	2.835758e-03	1.699269e-03	3.685392e-03	-1.986123e-03
319           	7.956383e-03	4.024435e-03	3.931948e-03	-7.119387e-05	3.429491e-05	-1.054888e-04	6.989184e-05	4.624311e-05	2.835650e-03	1.699280e-03	3.685290e-03	-1.986010e-03
320           	7.956055e-03	4.024311e-03	3.931743e-03	-7.128236e-05	3.432741e-05	-1.056098e-04	6.996859e-05	4.628393e-05	2.835539e-03	1.699286e-03	3.685182e-03	-1.985895e-03
321           	7.955728e-03	4.024189e-03	3.931538e-03	-7.137356e-05	3.436018e-05	-1.057337e-04	7.004697e-05	4.632547e-05	2.835426e-03	1.699289e-03	3.685070e-03	-1.985781e-03
322           	7.955412e-03	4.024069e-03	3.931343e-03	-7.145360e-05	3.439093e-05	-1.058445e-04	7.011773e-05	4.636333e-05	2.835323e-03	1.699301e-03	3.684974e-03	-1.985672e-03
323           	7.955096e-03	4.023950e-03	3.931146e-03	-7.153785e-05	3.442224e-05	-1.059601e-04	7.019116e-05	4.640247e-05	2.835218e-03	1.699309e-03	3.684872e-03	-1.985563e-03
324           	7.954781e-03	4.023833e-03	3.930948e-03	-7.162501e-05	3.445388e-05	-1.060789e-04	7.026638e-05	4.644243e-05	2.835110e-03	1.699314e-03	3.684767e-03	-1.985453e-03
325           	7.954478e-03	4.023718e-03	3.930760e-03	-7.170143e-05	3.448356e-05	-1.061850e-04	7.033428e-05	4.647886e-05	2.835013e-03	1.699328e-03	3.684677e-03	-1.985349e-03
326           	7.954174e-03	4.023604e-03	3.930570e-03	-7.178253e-05	3.451390e-05	-1.062964e-04	7.040516e-05	4.651673e-05	2.834912e-03	1.699337e-03	3.684581e-03	-1.985244e-03
327           	7.953871e-03	4.023491e-03	3.930380e-03	-7.186701e-05	3.454465e-05	-1.064117e-04	7.047816e-05	4.655557e-05	2.834809e-03	1.699343e-03	3.684481e-03	-1.985138e-03
328           	7.953569e-03	4.023379e-03	3.930190e-03	-7.195336e-05	3.457556e-05	-1.065289e-04	7.055224e-05	4.659486e-05	2.834705e-03	1.699345e-03	3.684378e-03	-1.985033e-03
329           	7.953269e-03	4.023269e-03	3.930000e-03	-7.204011e-05	3.460637e-05	-1.066465e-04	7.062642e-05	4.663412e-05	2.834601e-03	1.699346e-03	3.684274e-03	-1.984928e-03
330           	7.952982e-03	4.023160e-03	3.929822e-03	-7.211332e-05	3.463467e-05	-1.067480e-04	7.069133e-05	4.666887e-05	2.834509e-03	1.699358e-03	3.684188e-03	-1.984829e-03
331           	7.952696e-03	4.023052e-03	3.929643e-03	-7.218957e-05	3.466339e-05	-1.068530e-04	7.075818e-05	4.670456e-05	2.834414e-03	1.699368e-03	3.684098e-03	-1.984730e-03
332           	7.952411e-03	4.022946e-03	3.929465e-03	-7.226816e-05	3.469239e-05	-1.069606e-04	7.082647e-05	4.674093e-05	2.834319e-03	1.699375e-03	3.684006e-03	-1.984631e-03
333           	7.952128e-03	4.022841e-03	3.929286e-03	-7.234820e-05	3.472150e-05	-1.070697e-04	7.089560e-05	4.677767e-05	2.834222e-03	1.699379e-03	3.683912e-03	-1.984533e-03
334           	7.951847e-03	4.022738e-03	3.929109e-03	-7.242872e-05	3.475054e-05	-1.071793e-04	7.096490e-05	4.681444e-05	2.834126e-03	1.699383e-03	3.683818e-03	-1.984435e-03
335           	7.951569e-03	4.022635e-03	3.928933e-03	-7.250885e-05	3.477937e-05	-1.072882e-04	7.103379e-05	4.685096e-05	2.834031e-03	1.699386e-03	3.683724e-03	-1.984338e-03
336           	7.951303e-03	4.022535e-03	3.928769e-03	-7.257514e-05	3.480565e-05	-1.073808e-04	7.109322e-05	4.688291e-05	2.833948e-03	1.699401e-03	3.683648e-03	-1.984247e-03
337           	7.951039e-03	4.022435e-03	3.928603e-03	-7.264473e-05	3.483241e-05	-1.074771e-04	7.115477e-05	4.691592e-05	2.833863e-03	1.699414e-03	3.683570e-03	-1.984156e-03
338           	7.950775e-03	4.022337e-03	3.928438e-03	-7.271722e-05	3.485956e-05	-1.075768e-04	7.121817e-05	4.694981e-05	2.833776e-03	1.699423e-03	3.683488e-03	-1.984065e-03
339           	7.950512e-03	4.022240e-03	3.928272e-03	-7.279183e-05	3.488695e-05	-1.076788e-04	7.128286e-05	4.698429e-05	2.833688e-03	1.699429e-03	3.683403e-03	-1.983974e-03
340           	7.950251e-03	4.022145e-03	3.928107e-03	-7.286760e-05	3.491441e-05	-1.077820e-04	7.134821e-05	4.701904e-05	2.833600e-03	1.699434e-03	3.683317e-03	-1.983883e-03
341           	7.949992e-03	4.022050e-03	3.927942e-03	-7.294359e-05	3.494178e-05	-1.078854e-04	7.141357e-05	4.705373e-05	2.833511e-03	1.699437e-03	3.683230e-03	-1.983793e-03
342           	7.949735e-03	4.021953e-03	3.927782e-03	-7.301490e-05	3.496595e-05	-1.079808e-04	7.147340e-05	4.708565e-05	2.833422e-03	1.699440e-03	3.683141e-03	-1.983702e-03
343           	7.949481e-03	4.021858e-03	3.927623e-03	-7.308616e-05	3.499065e-05	-1.080768e-04	7.153373e-05	4.711778e-05	2.833334e-03	1.699442e-03	3.683055e-03	-1.983612e-03
344           	7.949230e-03	4.021765e-03	3.927465e-03	-7.315702e-05	3.501589e-05	-1.081729e-04	7.159440e-05	4.715004e-05	2.833248e-03	1.699446e-03	3.682971e-03	-1.983525e-03
345           	7.948984e-03	4.021674e-03	3.927310e-03	-7.322721e-05	3.504156e-05	-1.082688e-04	7.165516e-05	4.718234e-05	2.833164e-03	1.699450e-03	3.682889e-03	-1.983439e-03
346           	7.948741e-03	4.021585e-03	3.927156e-03	-7.329653e-05	3.506748e-05	-1.083640e-04	7.171574e-05	4.721455e-05	2.833082e-03	1.699456e-03	3.682810e-03	-1.983354e-03
347           	7.948502e-03	4.021497e-03	3.927004e-03	-7.336489e-05	3.509344e-05	-1.084583e-04	7.177589e-05	4.724656e-05	2.833003e-03	1.699462e-03	3.682734e-03	-1.983272e-03
348           	7.948266e-03	4.021411e-03	3.926855e-03	-7.343230e-05	3.511927e-05	-1.085516e-04	7.183542e-05	4.727828e-05	2.832925e-03	1.699470e-03	3.682660e-03	-1.983190e-03
349           	7.948033e-03	4.021326e-03	3.926707e-03	-7.349881e-05	3.514481e-05	-1.086436e-04	7.189421e-05	4.730963e-05	2.832849e-03	1.699477e-03	3.682588e-03	-1.983110e-03
350           	7.947804e-03	4.021242e-03	3.926561e-03	-7.356452e-05	3.516994e-05	-1.087345e-04	7.195220e-05	4.734058e-05	2.832774e-03	1.699486e-03	3.682517e-03	-1.983031e-03
351           	7.947577e-03	4.021160e-03	3.926417e-03	-7.362951e-05	3.519462e-05	-1.088241e-04	7.200937e-05	4.737111e-05	2.832700e-03	1.699494e-03	3.682447e-03	-1.982953e-03
352           	7.947353e-03	4.021078e-03	3.926275e-03	-7.369388e-05	3.521882e-05	-1.089127e-04	7.206576e-05	4.740123e-05	2.832627e-03	1.699502e-03	3.682379e-03	-1.982876e-03
353           	7.947132e-03	4.020997e-03	3.926135e-03	-7.375767e-05	3.524258e-05	-1.090003e-04	7.212142e-05	4.743096e-05	2.832555e-03	1.699511e-03	3.682311e-03	-1.982800e-03
354           	7.946913e-03	4.020917e-03	3.925996e-03	-7.382092e-05	3.526595e-05	-1.090869e-04	7.217641e-05	4.746033e-05	2.832484e-03	1.699518e-03	3.682243e-03	-1.982725e-03
355           	7.946696e-03	4.020838e-03	3.925859e-03	-7.388362e-05	3.528899e-05	-1.091726e-04	7.223079e-05	4.748936e-05	2.832413e-03	1.699526e-03	3.682176e-03	-1.982650e-03
356           	7.946482e-03	4.020759e-03	3.925723e-03	-7.394576e-05	3.531175e-05	-1.092575e-04	7.228463e-05	4.751810e-05	2.832343e-03	1.699533e-03	3.682109e-03	-1.982576e-03
357           	7.946270e-03	4.020682e-03	3.925589e-03	-7.400732e-05	3.533429e-05	-1.093416e-04	7.233795e-05	4.754656e-05	2.832273e-03	1.699540e-03	3.682043e-03	-1.982503e-03
358           	7.946060e-03	4.020605e-03	3.925455e-03	-7.406828e-05	3.535666e-05	-1.094249e-04	7.239080e-05	4.757476e-05	2.832204e-03	1.699547e-03	3.681977e-03	-1.982430e-03
359           	7.945853e-03	4.020529e-03	3.925324e-03	-7.412862e-05	3.537887e-05	-1.095075e-04	7.244318e-05	4.760273e-05	2.832135e-03	1.699553e-03	3.681912e-03	-1.982358e-03
360           	7.945648e-03	4.020454e-03	3.925193e-03	-7.418835e-05	3.540094e-05	-1.095893e-04	7.249512e-05	4.763047e-05	2.832067e-03	1.699560e-03	3.681847e-03	-1.982287e-03
361           	7.945445e-03	4.020380e-03	3.925064e-03	-7.424747e-05	3.542287e-05	-1.096703e-04	7.254661e-05	4.765798e-05	2.832000e-03	1.699566e-03	3.681783e-03	-1.982217e-03
362           	7.945244e-03	4.020307e-03	3.924937e-03	-7.430599e-05	3.544465e-05	-1.097506e-04	7.259764e-05	4.768526e-05	2.831934e-03	1.699572e-03	3.681720e-03	-1.982148e-03
363           	7.945046e-03	4.020235e-03	3.924811e-03	-7.436393e-05	3.546625e-05	-1.098302e-04	7.264822e-05	4.771231e-05	2.831868e-03	1.699578e-03	3.681657e-03	-1.982079e-03
364           	7.944850e-03	4.020164e-03	3.924686e-03	-7.442132e-05	3.548768e-05	-1.099090e-04	7.269834e-05	4.773912e-05	2.831804e-03	1.699584e-03	3.681596e-03	-1.982011e-03
365           	7.944657e-03	4.020094e-03	3.924563e-03	-7.447817e-05	3.550890e-05	-1.099871e-04	7.274798e-05	4.776569e-05	2.831740e-03	1.699590e-03	3.681535e-03	-1.981945e-03
366           	7.944465e-03	4.020025e-03	3.924441e-03	-7.453449e-05	3.552991e-05	-1.100644e-04	7.279716e-05	4.779201e-05	2.831677e-03	1.699596e-03	3.681475e-03	-1.981879e-03
367           	7.944276e-03	4.019956e-03	3.924320e-03	-7.459029e-05	3.555071e-05	-1.101410e-04	7.284585e-05	4.781809e-05	2.831615e-03	1.699603e-03	3.681416e-03	-1.981813e-03
368           	7.944090e-03	4.019889e-03	3.924201e-03	-7.464557e-05	3.557128e-05	-1.102169e-04	7.289406e-05	4.784391e-05	2.831553e-03	1.699609e-03	3.681358e-03	-1.981749e-03
369           	7.943905e-03	4.019822e-03	3.924083e-03	-7.470033e-05	3.559163e-05	-1.102920e-04	7.294180e-05	4.786948e-05	2.831493e-03	1.699615e-03	3.681300e-03	-1.981685e-03
370           	7.943723e-03	4.019756e-03	3.923967e-03	-7.475456e-05	3.561176e-05	-1.103663e-04	7.298905e-05	4.789480e-05	2.831433e-03	1.699621e-03	3.681244e-03	-1.981622e-03
371           	7.943543e-03	4.019691e-03	3.923851e-03	-7.480826e-05	3.563169e-05	-1.104399e-04	7.303581e-05	4.791986e-05	2.831374e-03	1.699628e-03	3.681188e-03	-1.981560e-03
372           	7.943365e-03	4.019627e-03	3.923738e-03	-7.486141e-05	3.565140e-05	-1.105128e-04	7.308211e-05	4.794468e-05	2.831316e-03	1.699634e-03	3.681133e-03	-1.981499e-03
373           	7.943188e-03	4.019563e-03	3.923625e-03	-7.491402e-05	3.567092e-05	-1.105849e-04	7.312792e-05	4.796925e-05	2.831258e-03	1.699640e-03	3.681078e-03	-1.981438e-03
374           	7.943014e-03	4.019501e-03	3.923514e-03	-7.496608e-05	3.569024e-05	-1.106563e-04	7.317328e-05	4.799357e-05	2.831201e-03	1.699646e-03	3.681024e-03	-1.981378e-03
375           	7.942842e-03	4.019439e-03	3.923404e-03	-7.501760e-05	3.570937e-05	-1.107270e-04	7.321817e-05	4.801766e-05	2.831145e-03	1.699652e-03	3.680971e-03	-1.981319e-03
376           	7.942672e-03	4.019378e-03	3.923295e-03	-7.506859e-05	3.572831e-05	-1.107969e-04	7.326261e-05	4.804152e-05	2.831089e-03	1.699657e-03	3.680918e-03	-1.981260e-03
377           	7.942504e-03	4.019317e-03	3.923187e-03	-7.511905e-05	3.574708e-05	-1.108661e-04	7.330660e-05	4.806515e-05	2.831034e-03	1.699663e-03	3.680866e-03	-1.981202e-03
378           	7.942338e-03	4.019257e-03	3.923080e-03	-7.516901e-05	3.576565e-05	-1.109347e-04	7.335016e-05	4.808854e-05	2.830980e-03	1.699669e-03	3.680814e-03	-1.981145e-03
379           	7.942174e-03	4.019199e-03	3.922975e-03	-7.521846e-05	3.578405e-05	-1.110025e-04	7.339328e-05	4.811172e-05	2.830926e-03	1.699675e-03	3.680763e-03	-1.981089e-03
380           	7.942011e-03	4.019140e-03	3.922871e-03	-7.526742e-05	3.580227e-05	-1.110697e-04	7.343598e-05	4.813467e-05	2.830873e-03	1.699680e-03	3.680713e-03	-1.981033e-03
381           	7.941851e-03	4.019083e-03	3.922768e-03	-7.531589e-05	3.582030e-05	-1.111362e-04	7.347824e-05	4.815739e-05	2.830820e-03	1.699686e-03	3.680663e-03	-1.980977e-03
382           	7.941692e-03	4.019026e-03	3.922666e-03	-7.536388e-05	3.583815e-05	-1.112020e-04	7.352009e-05	4.817990e-05	2.830768e-03	1.699691e-03	3.680614e-03	-1.980923e-03
383           	7.941535e-03	4.018970e-03	3.922565e-03	-7.541140e-05	3.585582e-05	-1.112672e-04	7.356151e-05	4.820218e-05	2.830717e-03	1.699697e-03	3.680565e-03	-1.980869e-03
384           	7.941380e-03	4.018914e-03	3.922466e-03	-7.545843e-05	3.587330e-05	-1.113317e-04	7.360252e-05	4.822425e-05	2.830666e-03	1.699702e-03	3.680517e-03	-1.980815e-03
385           	7.941227e-03	4.018860e-03	3.922367e-03	-7.550500e-05	3.589061e-05	-1.113956e-04	7.364311e-05	4.824609e-05	2.830616e-03	1.699708e-03	3.680470e-03	-1.980762e-03
386           	7.941076e-03	4.018806e-03	3.922270e-03	-7.555109e-05	3.590774e-05	-1.114588e-04	7.368328e-05	4.826772e-05	2.830567e-03	1.699713e-03	3.680423e-03	-1.980710e-03
387           	7.940926e-03	4.018752e-03	3.922174e-03	-7.559671e-05	3.592469e-05	-1.115214e-04	7.372304e-05	4.828914e-05	2.830518e-03	1.699718e-03	3.680377e-03	-1.980659e-03
388           	7.940778e-03	4.018699e-03	3.922079e-03	-7.564186e-05	3.594147e-05	-1.115833e-04	7.376240e-05	4.831034e-05	2.830469e-03	1.699723e-03	3.680331e-03	-1.980608e-03
389           	7.940632e-03	4.018647e-03	3.921985e-03	-7.568655e-05	3.595808e-05	-1.116446e-04	7.380135e-05	4.833134e-05	2.830422e-03	1.699729e-03	3.680286e-03	-1.980557e-03
390           	7.940487e-03	4.018596e-03	3.921891e-03	-7.573078e-05	3.597452e-05	-1.117053e-04	7.383991e-05	4.835213e-05	2.830374e-03	1.699734e-03	3.680241e-03	-1.980508e-03
391           	7.940344e-03	4.018545e-03	3.921799e-03	-7.577456e-05	3.599079e-05	-1.117654e-04	7.387807e-05	4.837271e-05	2.830328e-03	1.699739e-03	3.680197e-03	-1.980458e-03
392           	7.940203e-03	4.018495e-03	3.921708e-03	-7.581788e-05	3.600690e-05	-1.118248e-04	7.391585e-05	4.839309e-05	2.830282e-03	1.699744e-03	3.680154e-03	-1.980410e-03
393           	7.940063e-03	4.018445e-03	3.921618e-03	-7.586077e-05	3.602285e-05	-1.118836e-04	7.395323e-05	4.841327e-05	2.830236e-03	1.699749e-03	3.680111e-03	-1.980362e-03
394           	7.939925e-03	4.018396e-03	3.921529e-03	-7.590321e-05	3.603864e-05	-1.119418e-04	7.399024e-05	4.843325e-05	2.830191e-03	1.699754e-03	3.680068e-03	-1.980314e-03
395           	7.939789e-03	4.018347e-03	3.921441e-03	-7.594522e-05	3.605427e-05	-1.119995e-04	7.402688e-05	4.845304e-05	2.830147e-03	1.699759e-03	3.680026e-03	-1.980267e-03
396           	7.939654e-03	4.018300e-03	3.921354e-03	-7.598681e-05	3.606974e-05	-1.120565e-04	7.406314e-05	4.847263e-05	2.830103e-03	1.699764e-03	3.679985e-03	-1.980221e-03
397           	7.939521e-03	4.018252e-03	3.921268e-03	-7.602797e-05	3.608505e-05	-1.121130e-04	7.409903e-05	4.849203e-05	2.830059e-03	1.699769e-03	3.679944e-03	-1.980175e-03
398           	7.939389e-03	4.018206e-03	3.921183e-03	-7.606872e-05	3.610021e-05	-1.121689e-04	7.413457e-05	4.851124e-05	2.830016e-03	1.699773e-03	3.679903e-03	-1.980130e-03
399           	7.939259e-03	4.018160e-03	3.921099e-03	-7.610905e-05	3.611522e-05	-1.122243e-04	7.416974e-05	4.853026e-05	2.829974e-03	1.699778e-03	3.679863e-03	-1.980085e-03
400           	7.939130e-03	4.018114e-03	3.921016e-03	-7.614898e-05	3.613007e-05	-1.122791e-04	7.420456e-05	4.854909e-05	2.829932e-03	1.699783e-03	3.679823e-03	-1.980040e-03
401           	7.939003e-03	4.018069e-03	3.920934e-03	-7.618851e-05	3.614478e-05	-1.123333e-04	7.423903e-05	4.856774e-05	2.829890e-03	1.699788e-03	3.679784e-03	-1.979997e-03
402           	7.938877e-03	4.018025e-03	3.920852e-03	-7.622763e-05	3.615933e-05	-1.123870e-04	7.427315e-05	4.858621e-05	2.829850e-03	1.699792e-03	3.679746e-03	-1.979953e-03
403           	7.938752e-03	4.017981e-03	3.920772e-03	-7.626636e-05	3.617374e-05	-1.124401e-04	7.430692e-05	4.860449e-05	2.829809e-03	1.699797e-03	3.679708e-03	-1.979911e-03
404           	7.938629e-03	4.017937e-03	3.920692e-03	-7.630468e-05	3.618800e-05	-1.124927e-04	7.434034e-05	4.862259e-05	2.829769e-03	1.699802e-03	3.679670e-03	-1.979868e-03
405           	7.938508e-03	4.017894e-03	3.920613e-03	-7.634262e-05	3.620211e-05	-1.125447e-04	7.437342e-05	4.864051e-05	2.829730e-03	1.699806e-03	3.679633e-03	-1.979826e-03
406           	7.938388e-03	4.017852e-03	3.920536e-03	-7.638017e-05	3.621608e-05	-1.125962e-04	7.440617e-05	4.865825e-05	2.829690e-03	1.699811e-03	3.679596e-03	-1.979785e-03
407           	7.938269e-03	4.017810e-03	3.920459e-03	-7.641733e-05	3.622991e-05	-1.126472e-04	7.443857e-05	4.867581e-05	2.829652e-03	1.699815e-03	3.679559e-03	-1.979744e-03
408           	7.938152e-03	4.017769e-03	3.920383e-03	-7.645411e-05	3.624359e-05	-1.126977e-04	7.447065e-05	4.869320e-05	2.829614e-03	1.699819e-03	3.679523e-03	-1.979704e-03
409           	7.938036e-03	4.017728e-03	3.920307e-03	-7.649051e-05	3.625714e-05	-1.127476e-04	7.450239e-05	4.871041e-05	2.829576e-03	1.699824e-03	3.679488e-03	-1.979664e-03
410           	7.937921e-03	4.017688e-03	3.920233e-03	-7.652654e-05	3.627055e-05	-1.127971e-04	7.453381e-05	4.872746e-05	2.829539e-03	1.699828e-03	3.679453e-03	-1.979625e-03
411           	7.937807e-03	4.017648e-03	3.920159e-03	-7.656220e-05	3.628381e-05	-1.128460e-04	7.456491e-05	4.874433e-05	2.829502e-03	1.699833e-03	3.679418e-03	-1.979586e-03
412           	7.937695e-03	4.017609e-03	3.920087e-03	-7.659749e-05	3.629694e-05	-1.128944e-04	7.459569e-05	4.876103e-05	2.829466e-03	1.699837e-03	3.679384e-03	-1.979547e-03
413           	7.937584e-03	4.017570e-03	3.920015e-03	-7.663243e-05	3.630994e-05	-1.129424e-04	7.462615e-05	4.877757e-05	2.829430e-03	1.699841e-03	3.679350e-03	-1.979509e-03
414           	7.937475e-03	4.017531e-03	3.919943e-03	-7.666700e-05	3.632280e-05	-1.129898e-04	7.465630e-05	4.879393e-05	2.829394e-03	1.699845e-03	3.679317e-03	-1.979471e-03
415           	7.937366e-03	4.017493e-03	3.919873e-03	-7.670122e-05	3.633553e-05	-1.130367e-04	7.468614e-05	4.881014e-05	2.829359e-03	1.699850e-03	3.679284e-03	-1.979434e-03
416           	7.937259e-03	4.017456e-03	3.919804e-03	-7.673509e-05	3.634812e-05	-1.130832e-04	7.471566e-05	4.882618e-05	2.829324e-03	1.699854e-03	3.679251e-03	-1.979397e-03
417           	7.937153e-03	4.017419e-03	3.919735e-03	-7.676861e-05	3.636058e-05	-1.131292e-04	7.474489e-05	4.884205e-05	2.829290e-03	1.699858e-03	3.679219e-03	-1.979361e-03
418           	7.937049e-03	4.017382e-03	3.919667e-03	-7.680178e-05	3.637291e-05	-1.131747e-04	7.477380e-05	4.885777e-05	2.829256e-03	1.699862e-03	3.679187e-03	-1.979325e-03
419           	7.936945e-03	4.017346e-03	3.919599e-03	-7.683461e-05	3.638511e-05	-1.132197e-04	7.480242e-05	4.887332e-05	2.829222e-03	1.699866e-03	3.679155e-03	-1.979289e-03
420           	7.936843e-03	4.017310e-03	3.919533e-03	-7.686710e-05	3.639719e-05	-1.132643e-04	7.483074e-05	4.888872e-05	2.829189e-03	1.699870e-03	3.679124e-03	-1.979254e-03
421           	7.936742e-03	4.017275e-03	3.919467e-03	-7.689926e-05	3.640913e-05	-1.133084e-04	7.485876e-05	4.890396e-05	2.829157e-03	1.699874e-03	3.679094e-03	-1.979220e-03
422           	7.936642e-03	4.017240e-03	3.919402e-03	-7.693108e-05	3.642096e-05	-1.133520e-04	7.488650e-05	4.891905e-05	2.829124e-03	1.699878e-03	3.679063e-03	-1.979185e-03
423           	7.936543e-03	4.017206e-03	3.919338e-03	-7.696258e-05	3.643265e-05	-1.133952e-04	7.491394e-05	4.893398e-05	2.829092e-03	1.699882e-03	3.679033e-03	-1.979151e-03
424           	7.936445e-03	4.017171e-03	3.919274e-03	-7.699375e-05	3.644423e-05	-1.134380e-04	7.494111e-05	4.894876e-05	2.829061e-03	1.699886e-03	3.679004e-03	-1.979118e-03
425           	7.936349e-03	4.017138e-03	3.919211e-03	-7.702460e-05	3.645568e-05	-1.134803e-04	7.496799e-05	4.896339e-05	2.829029e-03	1.699890e-03	3.678974e-03	-1.979085e-03
426           	7.936253e-03	4.017105e-03	3.919149e-03	-7.705514e-05	3.646702e-05	-1.135222e-04	7.499459e-05	4.897788e-05	2.828999e-03	1.699894e-03	3.678945e-03	-1.979052e-03
427           	7.936157e-03	4.017069e-03	3.919089e-03	-7.708166e-05	3.647605e-05	-1.135577e-04	7.501688e-05	4.899002e-05	2.828966e-03	1.699896e-03	3.678914e-03	-1.979018e-03
428           	7.936064e-03	4.017037e-03	3.919027e-03	-7.711271e-05	3.648781e-05	-1.136005e-04	7.504416e-05	4.900486e-05	2.828936e-03	1.699900e-03	3.678887e-03	-1.978986e-03
429           	7.935971e-03	4.017003e-03	3.918968e-03	-7.713978e-05	3.649726e-05	-1.136370e-04	7.506715e-05	4.901738e-05	2.828905e-03	1.699903e-03	3.678857e-03	-1.978953e-03
430           	7.935880e-03	4.016973e-03	3.918908e-03	-7.717127e-05	3.650949e-05	-1.136808e-04	7.509512e-05	4.903260e-05	2.828877e-03	1.699908e-03	3.678830e-03	-1.978923e-03
431           	7.935789e-03	4.016940e-03	3.918849e-03	-7.719855e-05	3.651923e-05	-1.137178e-04	7.511850e-05	4.904534e-05	2.828846e-03	1.699911e-03	3.678802e-03	-1.978891e-03
432           	7.935699e-03	4.016908e-03	3.918791e-03	-7.722622e-05	3.652926e-05	-1.137555e-04	7.514237e-05	4.905834e-05	2.828817e-03	1.699914e-03	3.678774e-03	-1.978860e-03
433           	7.935612e-03	4.016880e-03	3.918732e-03	-7.725800e-05	3.654198e-05	-1.138000e-04	7.517098e-05	4.907389e-05	2.828790e-03	1.699918e-03	3.678749e-03	-1.978831e-03
434           	7.935524e-03	4.016849e-03	3.918675e-03	-7.728520e-05	3.655191e-05	-1.138371e-04	7.519451e-05	4.908671e-05	2.828761e-03	1.699921e-03	3.678722e-03	-1.978800e-03
435           	7.935438e-03	4.016818e-03	3.918619e-03	-7.731241e-05	3.656189e-05	-1.138743e-04	7.521810e-05	4.909955e-05	2.828733e-03	1.699924e-03	3.678695e-03	-1.978771e-03
436           	7.935352e-03	4.016789e-03	3.918564e-03	-7.733964e-05	3.657194e-05	-1.139116e-04	7.524176e-05	4.911243e-05	2.828705e-03	1.699928e-03	3.678669e-03	-1.978741e-03
437           	7.935268e-03	4.016759e-03	3.918509e-03	-7.736687e-05	3.658204e-05	-1.139489e-04	7.526547e-05	4.912533e-05	2.828678e-03	1.699931e-03	3.678643e-03	-1.978712e-03
438           	7.935185e-03	4.016731e-03	3.918454e-03	-7.739403e-05	3.659216e-05	-1.139862e-04	7.528918e-05	4.913823e-05	2.828651e-03	1.699935e-03	3.678618e-03	-1.978684e-03
439           	7.935102e-03	4.016702e-03	3.918400e-03	-7.742107e-05	3.660227e-05	-1.140233e-04	7.531280e-05	4.915108e-05	2.828625e-03	1.699938e-03	3.678594e-03	-1.978656e-03
440           	7.935021e-03	4.016674e-03	3.918347e-03	-7.744790e-05	3.661231e-05	-1.140602e-04	7.533626e-05	4.916384e-05	2.828599e-03	1.699942e-03	3.678570e-03	-1.978628e-03
441           	7.934941e-03	4.016647e-03	3.918294e-03	-7.747447e-05	3.662224e-05	-1.140967e-04	7.535948e-05	4.917648e-05	2.828573e-03	1.699945e-03	3.678546e-03	-1.978601e-03
442           	7.934862e-03	4.016620e-03	3.918242e-03	-7.750074e-05	3.663204e-05	-1.141328e-04	7.538241e-05	4.918896e-05	2.828548e-03	1.699949e-03	3.678522e-03	-1.978574e-03
443           	7.934783e-03	4.016593e-03	3.918190e-03	-7.752666e-05	3.664169e-05	-1.141684e-04	7.540502e-05	4.920127e-05	2.828523e-03	1.699952e-03	3.678499e-03	-1.978547e-03
444           	7.934706e-03	4.016566e-03	3.918139e-03	-7.755224e-05	3.665117e-05	-1.142034e-04	7.542729e-05	4.921339e-05	2.828498e-03	1.699955e-03	3.678476e-03	-1.978520e-03
445           	7.934629e-03	4.016540e-03	3.918089e-03	-7.757748e-05	3.666048e-05	-1.142380e-04	7.544922e-05	4.922534e-05	2.828474e-03	1.699959e-03	3.678453e-03	-1.978494e-03
