# Force and moment coefficients
# dragDir     : (1.000000e+00 0.000000e+00 0.000000e+00)
# sideDir     : (0.000000e+00 1.000000e+00 0.000000e+00)
# liftDir     : (0.000000e+00 0.000000e+00 1.000000e+00)
# rollAxis    : (1.000000e+00 0.000000e+00 0.000000e+00)
# pitchAxis   : (0.000000e+00 1.000000e+00 0.000000e+00)
# yawAxis     : (0.000000e+00 0.000000e+00 1.000000e+00)
# magUInf     : 6.661800e+00
# lRef        : 1.499270e-01
# Aref        : 5.000000e-02
# CofR        : (3.750000e-02 0.000000e+00 0.000000e+00)
#
# Time        	Cd            	Cd(f)         	Cd(r)         	Cl            	Cl(f)         	Cl(r)         	CmPitch       	CmRoll        	CmYaw         	Cs            	Cs(f)         	Cs(r)         
1             	1.294872e-01	6.444794e-02	6.503922e-02	-1.047859e-02	3.214166e-02	-4.262025e-02	3.738096e-02	-2.956388e-04	1.888119e-04	7.794979e-04	5.785609e-04	2.009370e-04
2             	9.918805e-02	4.929819e-02	4.988986e-02	-1.436147e-02	2.156683e-02	-3.592829e-02	2.874756e-02	-2.958376e-04	2.121800e-04	7.995031e-04	6.119315e-04	1.875716e-04
3             	7.778061e-02	3.864544e-02	3.913518e-02	-1.490238e-02	1.516218e-02	-3.006456e-02	2.261337e-02	-2.448690e-04	2.085081e-04	6.817675e-04	5.493919e-04	1.323756e-04
4             	6.054097e-02	3.010193e-02	3.043903e-02	-1.286192e-02	1.114873e-02	-2.401065e-02	1.757969e-02	-1.685495e-04	1.952395e-04	4.919627e-04	4.412208e-04	5.074186e-05
5             	4.591314e-02	2.286586e-02	2.304728e-02	-9.248557e-03	8.584002e-03	-1.783256e-02	1.320828e-02	-9.071022e-05	1.844177e-04	2.916766e-04	3.302560e-04	-3.857944e-05
6             	3.377280e-02	1.685503e-02	1.691777e-02	-5.092587e-03	6.953345e-03	-1.204593e-02	9.499638e-03	-3.137385e-05	1.853526e-04	1.369303e-04	2.538178e-04	-1.168874e-04
7             	2.438317e-02	1.218913e-02	1.219404e-02	-1.256190e-03	5.947237e-03	-7.203427e-03	6.575332e-03	-2.458148e-06	2.021415e-04	6.312505e-05	2.337041e-04	-1.705790e-04
8             	1.789072e-02	8.938244e-03	8.952477e-03	1.679574e-03	5.358641e-03	-3.679067e-03	4.518854e-03	-7.116703e-06	2.344111e-04	8.206681e-05	2.754445e-04	-1.933777e-04
9             	1.412819e-02	7.023838e-03	7.104357e-03	3.445051e-03	5.032853e-03	-1.587802e-03	3.310328e-03	-4.025951e-05	2.771449e-04	1.815485e-04	3.679191e-04	-1.863706e-04
10            	1.263014e-02	6.223569e-03	6.406573e-03	4.046604e-03	4.850670e-03	-8.040657e-04	2.827368e-03	-9.150214e-05	3.235935e-04	3.337756e-04	4.904813e-04	-1.567057e-04
11            	1.273956e-02	6.221599e-03	6.517957e-03	3.690108e-03	4.721855e-03	-1.031747e-03	2.876801e-03	-1.481794e-04	3.667899e-04	5.027890e-04	6.181844e-04	-1.153954e-04
12            	1.374524e-02	6.674087e-03	7.071156e-03	2.690953e-03	4.583791e-03	-1.892838e-03	3.238315e-03	-1.985342e-04	4.011659e-04	6.541198e-04	7.282258e-04	-7.410597e-05
13            	1.502273e-02	7.277293e-03	7.745438e-03	1.389775e-03	4.404854e-03	-3.015080e-03	3.709967e-03	-2.340723e-04	4.231753e-04	7.618606e-04	8.041056e-04	-4.224501e-05
14            	1.610493e-02	7.801527e-03	8.303401e-03	8.585816e-05	4.177171e-03	-4.091312e-03	4.134241e-03	-2.509373e-04	4.323816e-04	8.139074e-04	8.393353e-04	-2.542795e-05
15            	1.671831e-02	8.109414e-03	8.608897e-03	-1.003430e-03	3.911098e-03	-4.914528e-03	4.412813e-03	-2.497416e-04	4.304708e-04	8.113233e-04	8.361325e-04	-2.480918e-05
16            	1.677565e-02	8.152969e-03	8.622677e-03	-1.757887e-03	3.628016e-03	-5.385903e-03	4.506960e-03	-2.348539e-04	4.211676e-04	7.668244e-04	8.045798e-04	-3.775543e-05
17            	1.633457e-02	7.954652e-03	8.379921e-03	-2.147582e-03	3.352852e-03	-5.500434e-03	4.426643e-03	-2.126346e-04	4.086030e-04	6.993051e-04	7.582556e-04	-5.895049e-05
18            	1.554415e-02	7.582162e-03	7.961987e-03	-2.212413e-03	3.108528e-03	-5.320941e-03	4.214734e-03	-1.899128e-04	3.969845e-04	6.295042e-04	7.117366e-04	-8.223245e-05
19            	1.458494e-02	7.120190e-03	7.464747e-03	-2.035378e-03	2.910374e-03	-4.945751e-03	3.928062e-03	-1.722788e-04	3.891609e-04	5.747714e-04	6.765466e-04	-1.017752e-04
20            	1.362204e-02	6.647883e-03	6.974153e-03	-1.716063e-03	2.764096e-03	-4.480159e-03	3.622128e-03	-1.631345e-04	3.863969e-04	5.457871e-04	6.592904e-04	-1.135033e-04
21            	1.277710e-02	6.225101e-03	6.551995e-03	-1.348801e-03	2.666537e-03	-4.015338e-03	3.340937e-03	-1.634469e-04	3.885402e-04	5.458077e-04	6.614440e-04	-1.156364e-04
22            	1.211604e-02	5.886110e-03	6.229929e-03	-1.008149e-03	2.607707e-03	-3.615856e-03	3.111782e-03	-1.719093e-04	3.942531e-04	5.710167e-04	6.797615e-04	-1.087447e-04
23            	1.165234e-02	5.640575e-03	6.011766e-03	-7.422373e-04	2.573884e-03	-3.316122e-03	2.945003e-03	-1.855954e-04	4.014401e-04	6.124294e-04	7.076548e-04	-9.522536e-05
24            	1.135910e-02	5.478691e-03	5.880412e-03	-5.725688e-04	2.550604e-03	-3.123173e-03	2.836889e-03	-2.008609e-04	4.078862e-04	6.587608e-04	7.372666e-04	-7.850580e-05
25            	1.118596e-02	5.378763e-03	5.807195e-03	-4.983708e-04	2.525296e-03	-3.023667e-03	2.774482e-03	-2.142161e-04	4.117068e-04	6.990332e-04	7.612234e-04	-6.219016e-05
26            	1.107810e-02	5.315866e-03	5.762235e-03	-5.033281e-04	2.489722e-03	-2.993050e-03	2.741386e-03	-2.231845e-04	4.120226e-04	7.254185e-04	7.747318e-04	-4.931334e-05
27            	1.098843e-02	5.267746e-03	5.720681e-03	-5.630270e-04	2.440382e-03	-3.003409e-03	2.721896e-03	-2.264676e-04	4.086389e-04	7.337567e-04	7.755173e-04	-4.176057e-05
28            	1.088476e-02	5.218286e-03	5.666473e-03	-6.514751e-04	2.378058e-03	-3.029533e-03	2.703795e-03	-2.240938e-04	4.021402e-04	7.240863e-04	7.641834e-04	-4.009706e-05
29            	1.075207e-02	5.158843e-03	5.593230e-03	-7.459047e-04	2.306706e-03	-3.052611e-03	2.679659e-03	-2.171937e-04	3.936403e-04	6.999597e-04	7.436202e-04	-4.366046e-05
30            	1.059033e-02	5.087541e-03	5.502793e-03	-8.295474e-04	2.231994e-03	-3.061542e-03	2.646768e-03	-2.076260e-04	3.845374e-04	6.672788e-04	7.181769e-04	-5.089804e-05
31            	1.040972e-02	5.007324e-03	5.402396e-03	-8.925779e-04	2.159780e-03	-3.052358e-03	2.606069e-03	-1.975360e-04	3.762624e-04	6.328855e-04	6.927051e-04	-5.981963e-05
32            	1.022435e-02	4.923430e-03	5.300916e-03	-9.315852e-04	2.094742e-03	-3.026327e-03	2.560534e-03	-1.887432e-04	3.697367e-04	6.026666e-04	6.710700e-04	-6.840336e-05
33            	1.004751e-02	4.841200e-03	5.206311e-03	-9.481483e-04	2.039676e-03	-2.987825e-03	2.513750e-03	-1.825555e-04	3.654669e-04	5.808903e-04	6.559121e-04	-7.502176e-05
34            	9.888475e-03	4.764660e-03	5.123815e-03	-9.470207e-04	1.995308e-03	-2.942329e-03	2.468818e-03	-1.795777e-04	3.634729e-04	5.695879e-04	6.482669e-04	-7.867898e-05
35            	9.751023e-03	4.695807e-03	5.055216e-03	-9.343616e-04	1.960521e-03	-2.894883e-03	2.427702e-03	-1.797046e-04	3.633413e-04	5.685092e-04	6.475959e-04	-7.908669e-05
36            	9.633761e-03	4.634627e-03	4.999134e-03	-9.162866e-04	1.932917e-03	-2.849203e-03	2.391060e-03	-1.822535e-04	3.643518e-04	5.755135e-04	6.521085e-04	-7.659504e-05
37            	9.531627e-03	4.579623e-03	4.952004e-03	-8.978834e-04	1.909511e-03	-2.807395e-03	2.358453e-03	-1.861902e-04	3.656561e-04	5.872840e-04	6.592982e-04	-7.201413e-05
38            	9.437931e-03	4.528557e-03	4.909374e-03	-8.826972e-04	1.887414e-03	-2.770111e-03	2.328763e-03	-1.904089e-04	3.665019e-04	6.002229e-04	6.666133e-04	-6.639044e-05
39            	9.346394e-03	4.479259e-03	4.867135e-03	-8.726209e-04	1.864374e-03	-2.736995e-03	2.300684e-03	-1.939382e-04	3.663396e-04	6.111358e-04	6.719075e-04	-6.077163e-05
40            	9.252613e-03	4.430211e-03	4.822402e-03	-8.680965e-04	1.839082e-03	-2.707179e-03	2.273131e-03	-1.960953e-04	3.648897e-04	6.177448e-04	6.737621e-04	-5.601724e-05
41            	9.154735e-03	4.380788e-03	4.773948e-03	-8.684772e-04	1.811232e-03	-2.679709e-03	2.245471e-03	-1.965801e-04	3.621762e-04	6.189970e-04	6.716747e-04	-5.267767e-05
42            	9.053360e-03	4.331221e-03	4.722139e-03	-8.724698e-04	1.781353e-03	-2.653822e-03	2.217587e-03	-1.954592e-04	3.584752e-04	6.150374e-04	6.659938e-04	-5.095647e-05
43            	8.950897e-03	4.282363e-03	4.668535e-03	-8.785347e-04	1.750527e-03	-2.629062e-03	2.189795e-03	-1.930859e-04	3.542196e-04	6.069623e-04	6.577007e-04	-5.073845e-05
44            	8.850618e-03	4.235332e-03	4.615286e-03	-8.852128e-04	1.720051e-03	-2.605264e-03	2.162658e-03	-1.899768e-04	3.498826e-04	5.964279e-04	6.480966e-04	-5.166871e-05
45            	8.755666e-03	4.191144e-03	4.564521e-03	-8.913443e-04	1.691113e-03	-2.582458e-03	2.136786e-03	-1.866885e-04	3.458854e-04	5.852468e-04	6.385089e-04	-5.326202e-05
46            	8.668300e-03	4.150441e-03	4.517859e-03	-8.961767e-04	1.664565e-03	-2.560742e-03	2.112654e-03	-1.837090e-04	3.425304e-04	5.750291e-04	6.300450e-04	-5.501587e-05
47            	8.589479e-03	4.113361e-03	4.476118e-03	-8.993813e-04	1.640805e-03	-2.540186e-03	2.090495e-03	-1.813782e-04	3.399612e-04	5.669181e-04	6.234202e-04	-5.650212e-05
48            	8.518814e-03	4.079554e-03	4.439259e-03	-9.009955e-04	1.619771e-03	-2.520767e-03	2.070269e-03	-1.798525e-04	3.381595e-04	5.614627e-04	6.188909e-04	-5.742814e-05
49            	8.454829e-03	4.048304e-03	4.406525e-03	-9.013232e-04	1.601035e-03	-2.502358e-03	2.051696e-03	-1.791106e-04	3.369757e-04	5.586258e-04	6.162886e-04	-5.766283e-05
50            	8.395426e-03	4.018720e-03	4.376707e-03	-9.008202e-04	1.583941e-03	-2.484761e-03	2.034351e-03	-1.789935e-04	3.361822e-04	5.579066e-04	6.151355e-04	-5.722892e-05
51            	8.338379e-03	3.989924e-03	4.348455e-03	-8.999793e-04	1.567768e-03	-2.467747e-03	2.017758e-03	-1.792655e-04	3.355337e-04	5.585377e-04	6.148025e-04	-5.626483e-05
52            	8.281816e-03	3.961235e-03	4.320581e-03	-8.992403e-04	1.551879e-03	-2.451119e-03	2.001499e-03	-1.796727e-04	3.348165e-04	5.596746e-04	6.146538e-04	-5.497924e-05
53            	8.224537e-03	3.932279e-03	4.292257e-03	-8.989251e-04	1.535824e-03	-2.434749e-03	1.985287e-03	-1.799890e-04	3.338777e-04	5.605547e-04	6.141551e-04	-5.360041e-05
54            	8.166111e-03	3.902995e-03	4.263116e-03	-8.992070e-04	1.519384e-03	-2.418591e-03	1.968987e-03	-1.800605e-04	3.326511e-04	5.606434e-04	6.129728e-04	-5.232946e-05
55            	8.106828e-03	3.873601e-03	4.233227e-03	-9.001093e-04	1.502568e-03	-2.402677e-03	1.952622e-03	-1.798128e-04	3.311436e-04	5.596653e-04	6.109763e-04	-5.131093e-05
56            	8.047496e-03	3.844497e-03	4.202999e-03	-9.015290e-04	1.485562e-03	-2.387091e-03	1.936327e-03	-1.792509e-04	3.294231e-04	5.576145e-04	6.082304e-04	-5.061586e-05
57            	7.989171e-03	3.816146e-03	4.173026e-03	-9.032766e-04	1.468661e-03	-2.371938e-03	1.920299e-03	-1.784399e-04	3.275901e-04	5.546925e-04	6.049364e-04	-5.024389e-05
58            	7.932891e-03	3.788969e-03	4.143922e-03	-9.051230e-04	1.452182e-03	-2.357305e-03	1.904744e-03	-1.774766e-04	3.257466e-04	5.512190e-04	6.013561e-04	-5.013706e-05
59            	7.879449e-03	3.763262e-03	4.116187e-03	-9.068448e-04	1.436402e-03	-2.343247e-03	1.889824e-03	-1.764626e-04	3.239717e-04	5.475411e-04	5.977422e-04	-5.020111e-05
60            	7.829261e-03	3.739146e-03	4.090115e-03	-9.082629e-04	1.421503e-03	-2.329765e-03	1.875634e-03	-1.754843e-04	3.223084e-04	5.439625e-04	5.942896e-04	-5.032710e-05
61            	7.782338e-03	3.716571e-03	4.065767e-03	-9.092658e-04	1.407554e-03	-2.316820e-03	1.862187e-03	-1.745977e-04	3.207620e-04	5.406927e-04	5.911083e-04	-5.041562e-05
62            	7.738333e-03	3.695345e-03	4.042988e-03	-9.098186e-04	1.394518e-03	-2.304337e-03	1.849428e-03	-1.738213e-04	3.193025e-04	5.378188e-04	5.882119e-04	-5.039315e-05
63            	7.696665e-03	3.675191e-03	4.021475e-03	-9.099619e-04	1.382270e-03	-2.292232e-03	1.837251e-03	-1.731420e-04	3.178785e-04	5.353200e-04	5.855385e-04	-5.021851e-05
64            	7.656653e-03	3.655802e-03	4.000851e-03	-9.097917e-04	1.370632e-03	-2.280424e-03	1.825528e-03	-1.725245e-04	3.164333e-04	5.330931e-04	5.829798e-04	-4.988672e-05
65            	7.617654e-03	3.636901e-03	3.980752e-03	-9.094384e-04	1.359417e-03	-2.268856e-03	1.814136e-03	-1.719253e-04	3.149219e-04	5.309981e-04	5.804209e-04	-4.942283e-05
66            	7.579171e-03	3.618280e-03	3.960892e-03	-9.090412e-04	1.348455e-03	-2.257497e-03	1.802976e-03	-1.713059e-04	3.133225e-04	5.289004e-04	5.777727e-04	-4.887234e-05
67            	7.540915e-03	3.599816e-03	3.941099e-03	-9.087244e-04	1.337623e-03	-2.246347e-03	1.791985e-03	-1.706417e-04	3.116411e-04	5.267024e-04	5.749923e-04	-4.828985e-05
68            	7.502807e-03	3.581476e-03	3.921331e-03	-9.085787e-04	1.326848e-03	-2.235427e-03	1.781138e-03	-1.699279e-04	3.099112e-04	5.243666e-04	5.720945e-04	-4.772790e-05
69            	7.464957e-03	3.563304e-03	3.901653e-03	-9.086543e-04	1.316118e-03	-2.224772e-03	1.770445e-03	-1.691743e-04	3.081797e-04	5.219011e-04	5.691302e-04	-4.722913e-05
70            	7.427592e-03	3.545389e-03	3.882203e-03	-9.089555e-04	1.305459e-03	-2.214414e-03	1.759937e-03	-1.684067e-04	3.065032e-04	5.193666e-04	5.661865e-04	-4.681992e-05
71            	7.390985e-03	3.527834e-03	3.863151e-03	-9.094479e-04	1.294927e-03	-2.204375e-03	1.749651e-03	-1.676585e-04	3.049349e-04	5.168528e-04	5.633613e-04	-4.650849e-05
72            	7.355387e-03	3.510732e-03	3.844655e-03	-9.100688e-04	1.284589e-03	-2.194658e-03	1.739623e-03	-1.669615e-04	3.035125e-04	5.144526e-04	5.607388e-04	-4.628615e-05
73            	7.320982e-03	3.494151e-03	3.826831e-03	-9.107420e-04	1.274505e-03	-2.185247e-03	1.729876e-03	-1.663397e-04	3.022515e-04	5.122408e-04	5.583719e-04	-4.613111e-05
74            	7.287855e-03	3.478123e-03	3.809732e-03	-9.113912e-04	1.264721e-03	-2.176112e-03	1.720416e-03	-1.658044e-04	3.011433e-04	5.102586e-04	5.562726e-04	-4.601398e-05
75            	7.255990e-03	3.462642e-03	3.793347e-03	-9.119522e-04	1.255259e-03	-2.167212e-03	1.711235e-03	-1.653525e-04	3.001566e-04	5.085064e-04	5.544097e-04	-4.590340e-05
76            	7.225288e-03	3.447677e-03	3.777611e-03	-9.123817e-04	1.246122e-03	-2.158504e-03	1.702313e-03	-1.649670e-04	2.992437e-04	5.069443e-04	5.527158e-04	-4.577153e-05
77            	7.195594e-03	3.433176e-03	3.762418e-03	-9.126607e-04	1.237292e-03	-2.149953e-03	1.693623e-03	-1.646209e-04	2.983482e-04	5.055010e-04	5.510987e-04	-4.559770e-05
78            	7.166736e-03	3.419085e-03	3.747650e-03	-9.127943e-04	1.228739e-03	-2.141533e-03	1.685136e-03	-1.642824e-04	2.974155e-04	5.040902e-04	5.494606e-04	-4.537039e-05
79            	7.138553e-03	3.405356e-03	3.733197e-03	-9.128070e-04	1.220426e-03	-2.133233e-03	1.676830e-03	-1.639206e-04	2.964004e-04	5.026257e-04	5.477132e-04	-4.508751e-05
80            	7.110922e-03	3.391951e-03	3.718972e-03	-9.127363e-04	1.212321e-03	-2.125057e-03	1.668689e-03	-1.635106e-04	2.952741e-04	5.010369e-04	5.457925e-04	-4.475560e-05
81            	7.083769e-03	3.378848e-03	3.704921e-03	-9.126243e-04	1.204395e-03	-2.117019e-03	1.660707e-03	-1.630367e-04	2.940272e-04	4.992797e-04	5.436671e-04	-4.438737e-05
82            	7.057072e-03	3.366041e-03	3.691031e-03	-9.125110e-04	1.196628e-03	-2.109139e-03	1.652884e-03	-1.624946e-04	2.926704e-04	4.973409e-04	5.413408e-04	-4.399997e-05
83            	7.030849e-03	3.353534e-03	3.677315e-03	-9.124284e-04	1.189012e-03	-2.101440e-03	1.645226e-03	-1.618901e-04	2.912293e-04	4.952372e-04	5.388479e-04	-4.361072e-05
84            	7.005144e-03	3.341334e-03	3.663810e-03	-9.123969e-04	1.181542e-03	-2.093939e-03	1.637741e-03	-1.612382e-04	2.897409e-04	4.930114e-04	5.362466e-04	-4.323522e-05
85            	6.980009e-03	3.329445e-03	3.650564e-03	-9.124240e-04	1.174222e-03	-2.086646e-03	1.630434e-03	-1.605595e-04	2.882463e-04	4.907221e-04	5.336074e-04	-4.288527e-05
86            	6.955491e-03	3.317869e-03	3.637622e-03	-9.125052e-04	1.167056e-03	-2.079561e-03	1.623308e-03	-1.598763e-04	2.867845e-04	4.884334e-04	5.310012e-04	-4.256773e-05
87            	6.931617e-03	3.306599e-03	3.625018e-03	-9.126271e-04	1.160047e-03	-2.072674e-03	1.616361e-03	-1.592096e-04	2.853867e-04	4.862050e-04	5.284892e-04	-4.228417e-05
88            	6.908387e-03	3.295615e-03	3.612771e-03	-9.127698e-04	1.153198e-03	-2.065968e-03	1.609583e-03	-1.585779e-04	2.840757e-04	4.840881e-04	5.261198e-04	-4.203168e-05
89            	6.885784e-03	3.284902e-03	3.600881e-03	-9.129139e-04	1.146508e-03	-2.059422e-03	1.602965e-03	-1.579895e-04	2.828559e-04	4.821041e-04	5.239079e-04	-4.180382e-05
90            	6.863770e-03	3.274437e-03	3.589334e-03	-9.130412e-04	1.139974e-03	-2.053015e-03	1.596494e-03	-1.574485e-04	2.817228e-04	4.802614e-04	5.218535e-04	-4.159209e-05
91            	6.842298e-03	3.264198e-03	3.578099e-03	-9.131382e-04	1.133589e-03	-2.046727e-03	1.590158e-03	-1.569506e-04	2.806587e-04	4.785448e-04	5.199311e-04	-4.138633e-05
92            	6.821309e-03	3.254165e-03	3.567144e-03	-9.131961e-04	1.127345e-03	-2.040541e-03	1.583943e-03	-1.564899e-04	2.796449e-04	4.769327e-04	5.181113e-04	-4.117858e-05
93            	6.800755e-03	3.244323e-03	3.556432e-03	-9.132131e-04	1.121234e-03	-2.034447e-03	1.577841e-03	-1.560543e-04	2.786555e-04	4.753878e-04	5.163494e-04	-4.096162e-05
94            	6.780600e-03	3.234669e-03	3.545931e-03	-9.131932e-04	1.115249e-03	-2.028442e-03	1.571846e-03	-1.556307e-04	2.776652e-04	4.738695e-04	5.146000e-04	-4.073049e-05
95            	6.760821e-03	3.225205e-03	3.535616e-03	-9.131439e-04	1.109384e-03	-2.022528e-03	1.565956e-03	-1.552057e-04	2.766523e-04	4.723390e-04	5.128218e-04	-4.048275e-05
96            	6.741408e-03	3.215936e-03	3.525472e-03	-9.130750e-04	1.103637e-03	-2.016712e-03	1.560175e-03	-1.547680e-04	2.756004e-04	4.707639e-04	5.109824e-04	-4.021850e-05
97            	6.722363e-03	3.206872e-03	3.515491e-03	-9.129966e-04	1.098005e-03	-2.011002e-03	1.554504e-03	-1.543092e-04	2.745006e-04	4.691217e-04	5.090615e-04	-3.993975e-05
98            	6.703695e-03	3.198023e-03	3.505672e-03	-9.129171e-04	1.092489e-03	-2.005406e-03	1.548947e-03	-1.538245e-04	2.733504e-04	4.674010e-04	5.070509e-04	-3.964997e-05
99            	6.685418e-03	3.189396e-03	3.496022e-03	-9.128427e-04	1.087087e-03	-1.999930e-03	1.543509e-03	-1.533128e-04	2.721539e-04	4.656009e-04	5.049544e-04	-3.935344e-05
100           	6.667537e-03	3.180991e-03	3.486546e-03	-9.127761e-04	1.081801e-03	-1.994577e-03	1.538189e-03	-1.527775e-04	2.709218e-04	4.637341e-04	5.027888e-04	-3.905471e-05
101           	6.650064e-03	3.172810e-03	3.477253e-03	-9.127186e-04	1.076630e-03	-1.989349e-03	1.532990e-03	-1.522217e-04	2.696633e-04	4.618114e-04	5.005690e-04	-3.875759e-05
102           	6.632996e-03	3.164847e-03	3.468149e-03	-9.126684e-04	1.071574e-03	-1.984243e-03	1.527909e-03	-1.516511e-04	2.683909e-04	4.598515e-04	4.983167e-04	-3.846518e-05
103           	6.616326e-03	3.157091e-03	3.459235e-03	-9.126222e-04	1.066631e-03	-1.979253e-03	1.522942e-03	-1.510721e-04	2.671162e-04	4.578733e-04	4.960528e-04	-3.817953e-05
104           	6.600040e-03	3.149529e-03	3.450510e-03	-9.125760e-04	1.061797e-03	-1.974373e-03	1.518085e-03	-1.504906e-04	2.658487e-04	4.558945e-04	4.937960e-04	-3.790150e-05
105           	6.584118e-03	3.142147e-03	3.441970e-03	-9.125263e-04	1.057068e-03	-1.969594e-03	1.513331e-03	-1.499114e-04	2.645952e-04	4.539283e-04	4.915593e-04	-3.763099e-05
106           	6.568540e-03	3.134932e-03	3.433608e-03	-9.124701e-04	1.052440e-03	-1.964910e-03	1.508675e-03	-1.493379e-04	2.633589e-04	4.519836e-04	4.893507e-04	-3.736709e-05
107           	6.553285e-03	3.127871e-03	3.425414e-03	-9.124057e-04	1.047909e-03	-1.960314e-03	1.504111e-03	-1.487718e-04	2.621404e-04	4.500638e-04	4.871723e-04	-3.710850e-05
108           	6.538337e-03	3.120955e-03	3.417382e-03	-9.123327e-04	1.043470e-03	-1.955802e-03	1.499636e-03	-1.482136e-04	2.609382e-04	4.481688e-04	4.850226e-04	-3.685373e-05
109           	6.523679e-03	3.114177e-03	3.409501e-03	-9.122514e-04	1.039119e-03	-1.951371e-03	1.495245e-03	-1.476622e-04	2.597475e-04	4.462944e-04	4.828947e-04	-3.660035e-05
110           	6.509303e-03	3.107535e-03	3.401768e-03	-9.121637e-04	1.034856e-03	-1.947020e-03	1.490938e-03	-1.471165e-04	2.585661e-04	4.444355e-04	4.807839e-04	-3.634839e-05
111           	6.495203e-03	3.101027e-03	3.394176e-03	-9.120714e-04	1.030677e-03	-1.942749e-03	1.486713e-03	-1.465748e-04	2.573900e-04	4.425862e-04	4.786831e-04	-3.609691e-05
112           	6.481375e-03	3.094652e-03	3.386723e-03	-9.119765e-04	1.026582e-03	-1.938558e-03	1.482570e-03	-1.460354e-04	2.562160e-04	4.407413e-04	4.765866e-04	-3.584531e-05
113           	6.467819e-03	3.088413e-03	3.379406e-03	-9.118809e-04	1.022569e-03	-1.934449e-03	1.478509e-03	-1.454967e-04	2.550415e-04	4.388964e-04	4.744897e-04	-3.559328e-05
114           	6.454533e-03	3.082309e-03	3.372224e-03	-9.117859e-04	1.018637e-03	-1.930423e-03	1.474530e-03	-1.449575e-04	2.538651e-04	4.370484e-04	4.723894e-04	-3.534092e-05
115           	6.441516e-03	3.076341e-03	3.365175e-03	-9.116925e-04	1.014785e-03	-1.926478e-03	1.470631e-03	-1.444168e-04	2.526865e-04	4.351956e-04	4.702843e-04	-3.508873e-05
116           	6.428766e-03	3.070509e-03	3.358258e-03	-9.116010e-04	1.011013e-03	-1.922614e-03	1.466814e-03	-1.438746e-04	2.515063e-04	4.333378e-04	4.681752e-04	-3.483744e-05
117           	6.416281e-03	3.064809e-03	3.351471e-03	-9.115115e-04	1.007320e-03	-1.918831e-03	1.463076e-03	-1.433309e-04	2.503261e-04	4.314764e-04	4.660643e-04	-3.458785e-05
118           	6.404054e-03	3.059241e-03	3.344814e-03	-9.114236e-04	1.003704e-03	-1.915127e-03	1.459415e-03	-1.427865e-04	2.491478e-04	4.296144e-04	4.639550e-04	-3.434064e-05
119           	6.392082e-03	3.053798e-03	3.338283e-03	-9.113368e-04	1.000163e-03	-1.911500e-03	1.455831e-03	-1.422424e-04	2.479739e-04	4.277550e-04	4.618514e-04	-3.409637e-05
120           	6.380356e-03	3.048478e-03	3.331877e-03	-9.112506e-04	9.966958e-04	-1.907946e-03	1.452321e-03	-1.416995e-04	2.468063e-04	4.259016e-04	4.597571e-04	-3.385544e-05
121           	6.368869e-03	3.043276e-03	3.325593e-03	-9.111646e-04	9.933010e-04	-1.904466e-03	1.448883e-03	-1.411585e-04	2.456465e-04	4.240568e-04	4.576750e-04	-3.361811e-05
122           	6.357614e-03	3.038187e-03	3.319427e-03	-9.110786e-04	9.899763e-04	-1.901055e-03	1.445516e-03	-1.406202e-04	2.444959e-04	4.222227e-04	4.556072e-04	-3.338453e-05
123           	6.346584e-03	3.033207e-03	3.313377e-03	-9.109925e-04	9.867201e-04	-1.897713e-03	1.442216e-03	-1.400853e-04	2.433552e-04	4.204008e-04	4.535556e-04	-3.315476e-05
124           	6.335773e-03	3.028332e-03	3.307441e-03	-9.109064e-04	9.835306e-04	-1.894437e-03	1.438984e-03	-1.395542e-04	2.422249e-04	4.185923e-04	4.515210e-04	-3.292871e-05
125           	6.325176e-03	3.023560e-03	3.301615e-03	-9.108207e-04	9.804062e-04	-1.891227e-03	1.435817e-03	-1.390274e-04	2.411052e-04	4.167981e-04	4.495043e-04	-3.270617e-05
126           	6.314784e-03	3.018887e-03	3.295897e-03	-9.107353e-04	9.773448e-04	-1.888080e-03	1.432712e-03	-1.385048e-04	2.399956e-04	4.150190e-04	4.475051e-04	-3.248613e-05
127           	6.304598e-03	3.014312e-03	3.290286e-03	-9.106510e-04	9.743460e-04	-1.884997e-03	1.429671e-03	-1.379871e-04	2.388971e-04	4.132549e-04	4.455245e-04	-3.226963e-05
128           	6.294614e-03	3.009832e-03	3.284782e-03	-9.105681e-04	9.714085e-04	-1.881977e-03	1.426693e-03	-1.374746e-04	2.378096e-04	4.115061e-04	4.435626e-04	-3.205656e-05
129           	6.284827e-03	3.005446e-03	3.279381e-03	-9.104869e-04	9.685312e-04	-1.879018e-03	1.423775e-03	-1.369675e-04	2.367333e-04	4.097730e-04	4.416198e-04	-3.184682e-05
130           	6.275235e-03	3.001152e-03	3.274083e-03	-9.104075e-04	9.657128e-04	-1.876120e-03	1.420917e-03	-1.364657e-04	2.356684e-04	4.080561e-04	4.396964e-04	-3.164039e-05
131           	6.265835e-03	2.996948e-03	3.268887e-03	-9.103301e-04	9.629523e-04	-1.873282e-03	1.418117e-03	-1.359696e-04	2.346152e-04	4.063558e-04	4.377931e-04	-3.143728e-05
132           	6.256622e-03	2.992832e-03	3.263790e-03	-9.102546e-04	9.602486e-04	-1.870503e-03	1.415376e-03	-1.354789e-04	2.335737e-04	4.046724e-04	4.359099e-04	-3.123756e-05
133           	6.247593e-03	2.988803e-03	3.258790e-03	-9.101810e-04	9.576004e-04	-1.867781e-03	1.412691e-03	-1.349937e-04	2.325442e-04	4.030058e-04	4.340471e-04	-3.104133e-05
134           	6.238745e-03	2.984858e-03	3.253887e-03	-9.101093e-04	9.550068e-04	-1.865116e-03	1.410061e-03	-1.345140e-04	2.315270e-04	4.013565e-04	4.322053e-04	-3.084872e-05
135           	6.230074e-03	2.980997e-03	3.249077e-03	-9.100393e-04	9.524666e-04	-1.862506e-03	1.407486e-03	-1.340400e-04	2.305223e-04	3.997250e-04	4.303848e-04	-3.065978e-05
136           	6.221576e-03	2.977217e-03	3.244360e-03	-9.099711e-04	9.499787e-04	-1.859950e-03	1.404964e-03	-1.335715e-04	2.295301e-04	3.981113e-04	4.285857e-04	-3.047446e-05
137           	6.213248e-03	2.973516e-03	3.239733e-03	-9.099046e-04	9.475423e-04	-1.857447e-03	1.402495e-03	-1.331085e-04	2.285504e-04	3.965153e-04	4.268080e-04	-3.029270e-05
138           	6.205087e-03	2.969892e-03	3.235194e-03	-9.098397e-04	9.451561e-04	-1.854996e-03	1.400076e-03	-1.326510e-04	2.275829e-04	3.949370e-04	4.250514e-04	-3.011442e-05
139           	6.197088e-03	2.966345e-03	3.230743e-03	-9.097765e-04	9.428193e-04	-1.852596e-03	1.397708e-03	-1.321989e-04	2.266277e-04	3.933765e-04	4.233160e-04	-2.993949e-05
140           	6.189250e-03	2.962872e-03	3.226377e-03	-9.097149e-04	9.405308e-04	-1.850246e-03	1.395388e-03	-1.317524e-04	2.256847e-04	3.918339e-04	4.216017e-04	-2.976780e-05
141           	6.181568e-03	2.959473e-03	3.222095e-03	-9.096551e-04	9.382898e-04	-1.847945e-03	1.393117e-03	-1.313114e-04	2.247540e-04	3.903095e-04	4.199088e-04	-2.959925e-05
142           	6.174040e-03	2.956144e-03	3.217896e-03	-9.095971e-04	9.360952e-04	-1.845692e-03	1.390894e-03	-1.308760e-04	2.238355e-04	3.888033e-04	4.182371e-04	-2.943389e-05
143           	6.166663e-03	2.952885e-03	3.213778e-03	-9.095407e-04	9.339461e-04	-1.843487e-03	1.388716e-03	-1.304464e-04	2.229293e-04	3.873156e-04	4.165871e-04	-2.927156e-05
144           	6.159434e-03	2.949694e-03	3.209740e-03	-9.094862e-04	9.318416e-04	-1.841328e-03	1.386585e-03	-1.300225e-04	2.220355e-04	3.858468e-04	4.149589e-04	-2.911212e-05
145           	6.152350e-03	2.946571e-03	3.205780e-03	-9.094333e-04	9.297807e-04	-1.839214e-03	1.384497e-03	-1.296045e-04	2.211540e-04	3.843971e-04	4.133526e-04	-2.895549e-05
146           	6.145409e-03	2.943512e-03	3.201897e-03	-9.093823e-04	9.277627e-04	-1.837145e-03	1.382454e-03	-1.291923e-04	2.202848e-04	3.829663e-04	4.117679e-04	-2.880167e-05
147           	6.138608e-03	2.940518e-03	3.198090e-03	-9.093329e-04	9.257866e-04	-1.835120e-03	1.380453e-03	-1.287858e-04	2.194277e-04	3.815539e-04	4.102046e-04	-2.865069e-05
148           	6.131944e-03	2.937587e-03	3.194356e-03	-9.092853e-04	9.238516e-04	-1.833137e-03	1.378494e-03	-1.283846e-04	2.185824e-04	3.801596e-04	4.086622e-04	-2.850261e-05
149           	6.125414e-03	2.934718e-03	3.190696e-03	-9.092392e-04	9.219569e-04	-1.831196e-03	1.376576e-03	-1.279888e-04	2.177489e-04	3.787829e-04	4.071403e-04	-2.835740e-05
150           	6.119016e-03	2.931910e-03	3.187106e-03	-9.091947e-04	9.201015e-04	-1.829296e-03	1.374699e-03	-1.275981e-04	2.169269e-04	3.774237e-04	4.056387e-04	-2.821503e-05
151           	6.112748e-03	2.929161e-03	3.183586e-03	-9.091517e-04	9.182848e-04	-1.827436e-03	1.372861e-03	-1.272124e-04	2.161162e-04	3.760815e-04	4.041569e-04	-2.807541e-05
152           	6.106604e-03	2.926470e-03	3.180133e-03	-9.091099e-04	9.165051e-04	-1.825615e-03	1.371060e-03	-1.268314e-04	2.153171e-04	3.747582e-04	4.026962e-04	-2.793796e-05
153           	6.100585e-03	2.923837e-03	3.176748e-03	-9.090695e-04	9.147629e-04	-1.823832e-03	1.369298e-03	-1.264553e-04	2.145286e-04	3.734508e-04	4.012540e-04	-2.780324e-05
154           	6.094689e-03	2.921261e-03	3.173429e-03	-9.090305e-04	9.130573e-04	-1.822088e-03	1.367573e-03	-1.260839e-04	2.137507e-04	3.721591e-04	3.998302e-04	-2.767117e-05
155           	6.088914e-03	2.918740e-03	3.170175e-03	-9.089929e-04	9.113876e-04	-1.820380e-03	1.365884e-03	-1.257174e-04	2.129833e-04	3.708833e-04	3.984250e-04	-2.754165e-05
156           	6.083257e-03	2.916273e-03	3.166984e-03	-9.089566e-04	9.097530e-04	-1.818710e-03	1.364231e-03	-1.253558e-04	2.122266e-04	3.696239e-04	3.970386e-04	-2.741465e-05
157           	6.077716e-03	2.913859e-03	3.163857e-03	-9.089215e-04	9.081528e-04	-1.817074e-03	1.362614e-03	-1.249991e-04	2.114808e-04	3.683813e-04	3.956714e-04	-2.729014e-05
158           	6.072288e-03	2.911497e-03	3.160791e-03	-9.088875e-04	9.065862e-04	-1.815474e-03	1.361030e-03	-1.246473e-04	2.107459e-04	3.671556e-04	3.943237e-04	-2.716809e-05
159           	6.066971e-03	2.909185e-03	3.157786e-03	-9.088547e-04	9.050524e-04	-1.813907e-03	1.359480e-03	-1.243003e-04	2.100221e-04	3.659473e-04	3.929957e-04	-2.704846e-05
160           	6.061762e-03	2.906923e-03	3.154839e-03	-9.088229e-04	9.035508e-04	-1.812374e-03	1.357962e-03	-1.239582e-04	2.093094e-04	3.647564e-04	3.916876e-04	-2.693122e-05
161           	6.056660e-03	2.904709e-03	3.151951e-03	-9.087921e-04	9.020806e-04	-1.810873e-03	1.356477e-03	-1.236210e-04	2.086079e-04	3.635831e-04	3.903994e-04	-2.681634e-05
162           	6.051663e-03	2.902543e-03	3.149120e-03	-9.087622e-04	9.006413e-04	-1.809403e-03	1.355022e-03	-1.232886e-04	2.079175e-04	3.624274e-04	3.891312e-04	-2.670378e-05
163           	6.046767e-03	2.900423e-03	3.146345e-03	-9.087332e-04	8.992321e-04	-1.807965e-03	1.353599e-03	-1.229611e-04	2.072383e-04	3.612894e-04	3.878830e-04	-2.659358e-05
164           	6.041973e-03	2.898348e-03	3.143625e-03	-9.087051e-04	8.978525e-04	-1.806558e-03	1.352205e-03	-1.226384e-04	2.065701e-04	3.601687e-04	3.866545e-04	-2.648575e-05
165           	6.037276e-03	2.896318e-03	3.140959e-03	-9.086778e-04	8.965019e-04	-1.805180e-03	1.350841e-03	-1.223205e-04	2.059129e-04	3.590652e-04	3.854455e-04	-2.638024e-05
166           	6.032677e-03	2.894331e-03	3.138346e-03	-9.086513e-04	8.951797e-04	-1.803831e-03	1.349505e-03	-1.220074e-04	2.052665e-04	3.579788e-04	3.842559e-04	-2.627704e-05
167           	6.028172e-03	2.892387e-03	3.135785e-03	-9.086254e-04	8.938854e-04	-1.802511e-03	1.348198e-03	-1.216991e-04	2.046308e-04	3.569094e-04	3.830855e-04	-2.617610e-05
168           	6.023760e-03	2.890485e-03	3.133276e-03	-9.086003e-04	8.926184e-04	-1.801219e-03	1.346919e-03	-1.213956e-04	2.040059e-04	3.558570e-04	3.819344e-04	-2.607735e-05
169           	6.019440e-03	2.888623e-03	3.130817e-03	-9.085758e-04	8.913781e-04	-1.799954e-03	1.345666e-03	-1.210970e-04	2.033914e-04	3.548215e-04	3.808021e-04	-2.598069e-05
170           	6.015209e-03	2.886801e-03	3.128408e-03	-9.085519e-04	8.901640e-04	-1.798716e-03	1.344440e-03	-1.208032e-04	2.027874e-04	3.538027e-04	3.796887e-04	-2.588601e-05
171           	6.011066e-03	2.885019e-03	3.126047e-03	-9.085286e-04	8.889755e-04	-1.797504e-03	1.343240e-03	-1.205141e-04	2.021935e-04	3.528006e-04	3.785938e-04	-2.579318e-05
172           	6.007009e-03	2.883275e-03	3.123734e-03	-9.085058e-04	8.878122e-04	-1.796318e-03	1.342065e-03	-1.202297e-04	2.016096e-04	3.518150e-04	3.775171e-04	-2.570209e-05
173           	6.003036e-03	2.881568e-03	3.121468e-03	-9.084834e-04	8.866735e-04	-1.795157e-03	1.340915e-03	-1.199498e-04	2.010354e-04	3.508453e-04	3.764580e-04	-2.561276e-05
174           	5.999146e-03	2.879899e-03	3.119247e-03	-9.084616e-04	8.855589e-04	-1.794020e-03	1.339790e-03	-1.196741e-04	2.004706e-04	3.498909e-04	3.754160e-04	-2.552518e-05
175           	5.995338e-03	2.878266e-03	3.117071e-03	-9.084401e-04	8.844678e-04	-1.792908e-03	1.338688e-03	-1.194027e-04	1.999150e-04	3.489513e-04	3.743906e-04	-2.543932e-05
176           	5.991608e-03	2.876669e-03	3.114939e-03	-9.084191e-04	8.833999e-04	-1.791819e-03	1.337609e-03	-1.191352e-04	1.993681e-04	3.480260e-04	3.733811e-04	-2.535512e-05
177           	5.987956e-03	2.875106e-03	3.112850e-03	-9.083984e-04	8.823546e-04	-1.790753e-03	1.336554e-03	-1.188717e-04	1.988299e-04	3.471149e-04	3.723873e-04	-2.527249e-05
178           	5.984381e-03	2.873579e-03	3.110803e-03	-9.083781e-04	8.813315e-04	-1.789710e-03	1.335521e-03	-1.186121e-04	1.983001e-04	3.462176e-04	3.714089e-04	-2.519136e-05
179           	5.980881e-03	2.872084e-03	3.108797e-03	-9.083581e-04	8.803300e-04	-1.788688e-03	1.334509e-03	-1.183563e-04	1.977787e-04	3.453341e-04	3.704458e-04	-2.511165e-05
180           	5.977451e-03	2.870621e-03	3.106830e-03	-9.083381e-04	8.793490e-04	-1.787687e-03	1.333518e-03	-1.181047e-04	1.972673e-04	3.444687e-04	3.695016e-04	-2.503291e-05
181           	5.974094e-03	2.869190e-03	3.104904e-03	-9.083185e-04	8.783891e-04	-1.786708e-03	1.332548e-03	-1.178569e-04	1.967636e-04	3.436158e-04	3.685715e-04	-2.495570e-05
182           	5.970808e-03	2.867791e-03	3.103017e-03	-9.082992e-04	8.774498e-04	-1.785749e-03	1.331599e-03	-1.176129e-04	1.962677e-04	3.427753e-04	3.676553e-04	-2.488006e-05
183           	5.967592e-03	2.866423e-03	3.101169e-03	-9.082802e-04	8.765307e-04	-1.784811e-03	1.330671e-03	-1.173728e-04	1.957797e-04	3.419474e-04	3.667534e-04	-2.480602e-05
184           	5.964445e-03	2.865086e-03	3.099359e-03	-9.082615e-04	8.756313e-04	-1.783893e-03	1.329762e-03	-1.171365e-04	1.952998e-04	3.411324e-04	3.658659e-04	-2.473355e-05
185           	5.961363e-03	2.863778e-03	3.097586e-03	-9.082430e-04	8.747511e-04	-1.782994e-03	1.328873e-03	-1.169040e-04	1.948279e-04	3.403305e-04	3.649931e-04	-2.466263e-05
186           	5.958347e-03	2.862498e-03	3.095849e-03	-9.082248e-04	8.738897e-04	-1.782114e-03	1.328002e-03	-1.166753e-04	1.943641e-04	3.395418e-04	3.641349e-04	-2.459319e-05
187           	5.955394e-03	2.861247e-03	3.094148e-03	-9.082067e-04	8.730465e-04	-1.781253e-03	1.327150e-03	-1.164504e-04	1.939084e-04	3.387665e-04	3.632917e-04	-2.452519e-05
188           	5.952504e-03	2.860023e-03	3.092481e-03	-9.081888e-04	8.722213e-04	-1.780410e-03	1.326316e-03	-1.162294e-04	1.934610e-04	3.380048e-04	3.624634e-04	-2.445859e-05
189           	5.949674e-03	2.858825e-03	3.090850e-03	-9.081710e-04	8.714135e-04	-1.779585e-03	1.325499e-03	-1.160123e-04	1.930219e-04	3.372570e-04	3.616504e-04	-2.439339e-05
190           	5.946904e-03	2.857653e-03	3.089251e-03	-9.081534e-04	8.706229e-04	-1.778776e-03	1.324700e-03	-1.157992e-04	1.925912e-04	3.365232e-04	3.608528e-04	-2.432959e-05
191           	5.944193e-03	2.856506e-03	3.087687e-03	-9.081360e-04	8.698491e-04	-1.777985e-03	1.323917e-03	-1.155902e-04	1.921689e-04	3.358034e-04	3.600706e-04	-2.426722e-05
192           	5.941539e-03	2.855384e-03	3.086155e-03	-9.081187e-04	8.690917e-04	-1.777210e-03	1.323151e-03	-1.153853e-04	1.917551e-04	3.350978e-04	3.593040e-04	-2.420626e-05
193           	5.938941e-03	2.854286e-03	3.084655e-03	-9.081015e-04	8.683504e-04	-1.776452e-03	1.322401e-03	-1.151845e-04	1.913497e-04	3.344060e-04	3.585527e-04	-2.414671e-05
194           	5.936398e-03	2.853211e-03	3.083187e-03	-9.080845e-04	8.676249e-04	-1.775709e-03	1.321667e-03	-1.149877e-04	1.909525e-04	3.337278e-04	3.578163e-04	-2.408857e-05
195           	5.935491e-03	2.852905e-03	3.082585e-03	-9.081145e-04	8.673469e-04	-1.775461e-03	1.321404e-03	-1.148401e-04	1.906605e-04	3.332395e-04	3.572803e-04	-2.404074e-05
196           	5.934797e-03	2.852671e-03	3.082126e-03	-9.081708e-04	8.671150e-04	-1.775286e-03	1.321200e-03	-1.147272e-04	1.904418e-04	3.328826e-04	3.568831e-04	-2.400053e-05
197           	5.934161e-03	2.852447e-03	3.081714e-03	-9.082320e-04	8.668940e-04	-1.775126e-03	1.321010e-03	-1.146338e-04	1.902635e-04	3.325967e-04	3.565618e-04	-2.396510e-05
198           	5.933450e-03	2.852178e-03	3.081272e-03	-9.082800e-04	8.666539e-04	-1.774934e-03	1.320794e-03	-1.145468e-04	1.900977e-04	3.323312e-04	3.562633e-04	-2.393206e-05
199           	5.932573e-03	2.851829e-03	3.080743e-03	-9.083026e-04	8.663744e-04	-1.774677e-03	1.320526e-03	-1.144570e-04	1.899251e-04	3.320507e-04	3.559505e-04	-2.389976e-05
200           	5.931487e-03	2.851384e-03	3.080103e-03	-9.082948e-04	8.660462e-04	-1.774341e-03	1.320194e-03	-1.143595e-04	1.897351e-04	3.317366e-04	3.556034e-04	-2.386678e-05
201           	5.930205e-03	2.850849e-03	3.079356e-03	-9.082583e-04	8.656728e-04	-1.773931e-03	1.319802e-03	-1.142536e-04	1.895272e-04	3.313871e-04	3.552207e-04	-2.383367e-05
202           	5.928774e-03	2.850247e-03	3.078527e-03	-9.082000e-04	8.652664e-04	-1.773466e-03	1.319366e-03	-1.141398e-04	1.893027e-04	3.310042e-04	3.548048e-04	-2.380062e-05
203           	5.927253e-03	2.849607e-03	3.077646e-03	-9.081297e-04	8.648404e-04	-1.772970e-03	1.318905e-03	-1.140197e-04	1.890648e-04	3.305945e-04	3.543621e-04	-2.376758e-05
204           	5.925709e-03	2.848957e-03	3.076752e-03	-9.080571e-04	8.644107e-04	-1.772468e-03	1.318439e-03	-1.138978e-04	1.888231e-04	3.301764e-04	3.539113e-04	-2.373487e-05
205           	5.924201e-03	2.848323e-03	3.075878e-03	-9.079906e-04	8.639915e-04	-1.771982e-03	1.317987e-03	-1.137777e-04	1.885855e-04	3.297651e-04	3.534680e-04	-2.370291e-05
206           	5.922775e-03	2.847725e-03	3.075050e-03	-9.079356e-04	8.635933e-04	-1.771529e-03	1.317561e-03	-1.136623e-04	1.883578e-04	3.293715e-04	3.530436e-04	-2.367204e-05
207           	5.921452e-03	2.847173e-03	3.074279e-03	-9.078947e-04	8.632211e-04	-1.771116e-03	1.317168e-03	-1.135531e-04	1.881433e-04	3.290016e-04	3.526441e-04	-2.364249e-05
208           	5.920234e-03	2.846667e-03	3.073567e-03	-9.078673e-04	8.628749e-04	-1.770742e-03	1.316809e-03	-1.134503e-04	1.879424e-04	3.286561e-04	3.522705e-04	-2.361438e-05
209           	5.919105e-03	2.846198e-03	3.072907e-03	-9.078509e-04	8.625512e-04	-1.770402e-03	1.316477e-03	-1.133543e-04	1.877561e-04	3.283361e-04	3.519241e-04	-2.358801e-05
210           	5.918044e-03	2.845759e-03	3.072285e-03	-9.078414e-04	8.622443e-04	-1.770086e-03	1.316165e-03	-1.132630e-04	1.875792e-04	3.280326e-04	3.515955e-04	-2.356291e-05
211           	5.917021e-03	2.845335e-03	3.071686e-03	-9.078348e-04	8.619473e-04	-1.769782e-03	1.315865e-03	-1.131753e-04	1.874095e-04	3.277412e-04	3.512801e-04	-2.353884e-05
212           	5.916012e-03	2.844915e-03	3.071096e-03	-9.078273e-04	8.616539e-04	-1.769481e-03	1.315568e-03	-1.130904e-04	1.872445e-04	3.274579e-04	3.509734e-04	-2.351553e-05
213           	5.914995e-03	2.844490e-03	3.070505e-03	-9.078165e-04	8.613592e-04	-1.769176e-03	1.315267e-03	-1.130074e-04	1.870823e-04	3.271792e-04	3.506719e-04	-2.349271e-05
214           	5.913955e-03	2.844051e-03	3.069904e-03	-9.078010e-04	8.610590e-04	-1.768860e-03	1.314959e-03	-1.129266e-04	1.869261e-04	3.269118e-04	3.503819e-04	-2.347017e-05
215           	5.912895e-03	2.843601e-03	3.069294e-03	-9.077808e-04	8.607543e-04	-1.768535e-03	1.314645e-03	-1.128463e-04	1.867690e-04	3.266426e-04	3.500903e-04	-2.344775e-05
216           	5.911818e-03	2.843143e-03	3.068675e-03	-9.077569e-04	8.604462e-04	-1.768203e-03	1.314325e-03	-1.127662e-04	1.866111e-04	3.263713e-04	3.497967e-04	-2.342543e-05
217           	5.910733e-03	2.842680e-03	3.068053e-03	-9.077307e-04	8.601364e-04	-1.767867e-03	1.314002e-03	-1.126864e-04	1.864525e-04	3.260985e-04	3.495017e-04	-2.340322e-05
218           	5.909648e-03	2.842217e-03	3.067431e-03	-9.077040e-04	8.598273e-04	-1.767531e-03	1.313679e-03	-1.126071e-04	1.862938e-04	3.258254e-04	3.492065e-04	-2.338114e-05
219           	5.908573e-03	2.841758e-03	3.066815e-03	-9.076782e-04	8.595211e-04	-1.767199e-03	1.313360e-03	-1.125287e-04	1.861360e-04	3.255537e-04	3.489129e-04	-2.335919e-05
220           	5.907515e-03	2.841306e-03	3.066209e-03	-9.076543e-04	8.592197e-04	-1.766874e-03	1.313047e-03	-1.124512e-04	1.859798e-04	3.252848e-04	3.486222e-04	-2.333740e-05
221           	5.906479e-03	2.840865e-03	3.065615e-03	-9.076330e-04	8.589242e-04	-1.766557e-03	1.312741e-03	-1.123748e-04	1.858257e-04	3.250198e-04	3.483356e-04	-2.331578e-05
222           	5.905468e-03	2.840434e-03	3.065034e-03	-9.076143e-04	8.586351e-04	-1.766249e-03	1.312442e-03	-1.122998e-04	1.856740e-04	3.247593e-04	3.480537e-04	-2.329434e-05
223           	5.904480e-03	2.840014e-03	3.064466e-03	-9.075977e-04	8.583522e-04	-1.765950e-03	1.312151e-03	-1.122259e-04	1.855249e-04	3.245036e-04	3.477767e-04	-2.327312e-05
224           	5.903513e-03	2.839603e-03	3.063910e-03	-9.075828e-04	8.580749e-04	-1.765658e-03	1.311866e-03	-1.121533e-04	1.853782e-04	3.242522e-04	3.475043e-04	-2.325210e-05
225           	5.902563e-03	2.839200e-03	3.063363e-03	-9.075687e-04	8.578022e-04	-1.765371e-03	1.311587e-03	-1.120816e-04	1.852337e-04	3.240048e-04	3.472361e-04	-2.323130e-05
226           	5.901626e-03	2.838802e-03	3.062824e-03	-9.075548e-04	8.575332e-04	-1.765088e-03	1.311311e-03	-1.120109e-04	1.850910e-04	3.237606e-04	3.469713e-04	-2.321068e-05
227           	5.900699e-03	2.838408e-03	3.062290e-03	-9.075408e-04	8.572670e-04	-1.764808e-03	1.311037e-03	-1.119410e-04	1.849497e-04	3.235190e-04	3.467092e-04	-2.319025e-05
228           	5.899779e-03	2.838018e-03	3.061761e-03	-9.075262e-04	8.570030e-04	-1.764529e-03	1.310766e-03	-1.118716e-04	1.848096e-04	3.232793e-04	3.464493e-04	-2.316998e-05
229           	5.898864e-03	2.837629e-03	3.061235e-03	-9.075110e-04	8.567408e-04	-1.764252e-03	1.310496e-03	-1.118029e-04	1.846705e-04	3.230412e-04	3.461911e-04	-2.314987e-05
230           	5.897956e-03	2.837243e-03	3.060713e-03	-9.074954e-04	8.564806e-04	-1.763976e-03	1.310228e-03	-1.117346e-04	1.845321e-04	3.228044e-04	3.459343e-04	-2.312990e-05
231           	5.897054e-03	2.836860e-03	3.060194e-03	-9.074795e-04	8.562223e-04	-1.763702e-03	1.309962e-03	-1.116668e-04	1.843945e-04	3.225689e-04	3.456790e-04	-2.311008e-05
232           	5.896159e-03	2.836480e-03	3.059679e-03	-9.074636e-04	8.559664e-04	-1.763430e-03	1.309698e-03	-1.115995e-04	1.842577e-04	3.223346e-04	3.454251e-04	-2.309042e-05
233           	5.895273e-03	2.836104e-03	3.059169e-03	-9.074480e-04	8.557130e-04	-1.763161e-03	1.309437e-03	-1.115326e-04	1.841219e-04	3.221019e-04	3.451728e-04	-2.307093e-05
234           	5.894398e-03	2.835733e-03	3.058665e-03	-9.074328e-04	8.554626e-04	-1.762895e-03	1.309179e-03	-1.114663e-04	1.839870e-04	3.218708e-04	3.449224e-04	-2.305162e-05
235           	5.893534e-03	2.835366e-03	3.058167e-03	-9.074183e-04	8.552154e-04	-1.762634e-03	1.308925e-03	-1.114005e-04	1.838533e-04	3.216417e-04	3.446742e-04	-2.303252e-05
236           	5.892681e-03	2.835005e-03	3.057676e-03	-9.074044e-04	8.549714e-04	-1.762376e-03	1.308674e-03	-1.113353e-04	1.837209e-04	3.214146e-04	3.444283e-04	-2.301363e-05
237           	5.891840e-03	2.834650e-03	3.057191e-03	-9.073911e-04	8.547308e-04	-1.762122e-03	1.308426e-03	-1.112707e-04	1.835899e-04	3.211899e-04	3.441848e-04	-2.299496e-05
238           	5.891011e-03	2.834299e-03	3.056712e-03	-9.073783e-04	8.544933e-04	-1.761872e-03	1.308182e-03	-1.112067e-04	1.834602e-04	3.209674e-04	3.439439e-04	-2.297653e-05
239           	5.890192e-03	2.833953e-03	3.056240e-03	-9.073659e-04	8.542589e-04	-1.761625e-03	1.307942e-03	-1.111433e-04	1.833319e-04	3.207472e-04	3.437056e-04	-2.295833e-05
240           	5.889384e-03	2.833611e-03	3.055773e-03	-9.073538e-04	8.540274e-04	-1.761381e-03	1.307704e-03	-1.110806e-04	1.832050e-04	3.205293e-04	3.434697e-04	-2.294036e-05
241           	5.888585e-03	2.833274e-03	3.055311e-03	-9.073419e-04	8.537986e-04	-1.761140e-03	1.307470e-03	-1.110183e-04	1.830794e-04	3.203136e-04	3.432362e-04	-2.292261e-05
242           	5.887795e-03	2.832941e-03	3.054854e-03	-9.073301e-04	8.535724e-04	-1.760903e-03	1.307237e-03	-1.109567e-04	1.829550e-04	3.200999e-04	3.430050e-04	-2.290508e-05
243           	5.887019e-03	2.832614e-03	3.054405e-03	-9.073192e-04	8.533508e-04	-1.760670e-03	1.307010e-03	-1.108952e-04	1.828316e-04	3.198872e-04	3.427752e-04	-2.288799e-05
244           	5.886250e-03	2.832291e-03	3.053959e-03	-9.073091e-04	8.531318e-04	-1.760441e-03	1.306786e-03	-1.108341e-04	1.827093e-04	3.196761e-04	3.425474e-04	-2.287125e-05
245           	5.885489e-03	2.831971e-03	3.053518e-03	-9.072994e-04	8.529152e-04	-1.760215e-03	1.306565e-03	-1.107735e-04	1.825883e-04	3.194671e-04	3.423218e-04	-2.285473e-05
246           	5.884734e-03	2.831654e-03	3.053081e-03	-9.072898e-04	8.527004e-04	-1.759990e-03	1.306345e-03	-1.107136e-04	1.824686e-04	3.192605e-04	3.420988e-04	-2.283833e-05
247           	5.883988e-03	2.831339e-03	3.052648e-03	-9.072802e-04	8.524874e-04	-1.759768e-03	1.306128e-03	-1.106544e-04	1.823502e-04	3.190564e-04	3.418784e-04	-2.282201e-05
248           	5.883249e-03	2.831028e-03	3.052220e-03	-9.072705e-04	8.522762e-04	-1.759547e-03	1.305911e-03	-1.105960e-04	1.822332e-04	3.188548e-04	3.416606e-04	-2.280579e-05
249           	5.882518e-03	2.830721e-03	3.051797e-03	-9.072606e-04	8.520667e-04	-1.759327e-03	1.305697e-03	-1.105383e-04	1.821176e-04	3.186558e-04	3.414454e-04	-2.278968e-05
250           	5.881795e-03	2.830416e-03	3.051379e-03	-9.072506e-04	8.518591e-04	-1.759110e-03	1.305484e-03	-1.104813e-04	1.820032e-04	3.184590e-04	3.412327e-04	-2.277372e-05
251           	5.881081e-03	2.830115e-03	3.050965e-03	-9.072406e-04	8.516536e-04	-1.758894e-03	1.305274e-03	-1.104249e-04	1.818902e-04	3.182644e-04	3.410224e-04	-2.275798e-05
252           	5.880374e-03	2.829818e-03	3.050556e-03	-9.072306e-04	8.514505e-04	-1.758681e-03	1.305066e-03	-1.103690e-04	1.817783e-04	3.180717e-04	3.408142e-04	-2.274247e-05
253           	5.879676e-03	2.829524e-03	3.050151e-03	-9.072207e-04	8.512498e-04	-1.758470e-03	1.304860e-03	-1.103136e-04	1.816677e-04	3.178810e-04	3.406082e-04	-2.272723e-05
254           	5.878985e-03	2.829234e-03	3.049751e-03	-9.072110e-04	8.510515e-04	-1.758263e-03	1.304657e-03	-1.102587e-04	1.815583e-04	3.176920e-04	3.404042e-04	-2.271228e-05
255           	5.878302e-03	2.828947e-03	3.049355e-03	-9.072016e-04	8.508559e-04	-1.758057e-03	1.304457e-03	-1.102042e-04	1.814500e-04	3.175047e-04	3.402023e-04	-2.269761e-05
256           	5.877627e-03	2.828663e-03	3.048964e-03	-9.071924e-04	8.506627e-04	-1.757855e-03	1.304259e-03	-1.101502e-04	1.813428e-04	3.173192e-04	3.400024e-04	-2.268323e-05
257           	5.876957e-03	2.828380e-03	3.048577e-03	-9.071831e-04	8.504711e-04	-1.757654e-03	1.304063e-03	-1.100982e-04	1.812412e-04	3.171457e-04	3.398140e-04	-2.266836e-05
258           	5.876295e-03	2.828102e-03	3.048194e-03	-9.071742e-04	8.502822e-04	-1.757456e-03	1.303869e-03	-1.100461e-04	1.811392e-04	3.169704e-04	3.396244e-04	-2.265398e-05
259           	5.875642e-03	2.827827e-03	3.047815e-03	-9.071657e-04	8.500958e-04	-1.757262e-03	1.303679e-03	-1.099940e-04	1.810368e-04	3.167934e-04	3.394335e-04	-2.264009e-05
260           	5.874996e-03	2.827556e-03	3.047440e-03	-9.071576e-04	8.499118e-04	-1.757069e-03	1.303491e-03	-1.099418e-04	1.809342e-04	3.166150e-04	3.392417e-04	-2.262664e-05
261           	5.874359e-03	2.827289e-03	3.047069e-03	-9.071499e-04	8.497301e-04	-1.756880e-03	1.303305e-03	-1.098898e-04	1.808317e-04	3.164362e-04	3.390498e-04	-2.261357e-05
262           	5.873729e-03	2.827026e-03	3.046702e-03	-9.071424e-04	8.495506e-04	-1.756693e-03	1.303122e-03	-1.098381e-04	1.807298e-04	3.162580e-04	3.388587e-04	-2.260078e-05
263           	5.873106e-03	2.826766e-03	3.046340e-03	-9.071353e-04	8.493731e-04	-1.756508e-03	1.302941e-03	-1.097869e-04	1.806288e-04	3.160812e-04	3.386694e-04	-2.258818e-05
264           	5.872491e-03	2.826509e-03	3.045982e-03	-9.071283e-04	8.491977e-04	-1.756326e-03	1.302762e-03	-1.097362e-04	1.805291e-04	3.159068e-04	3.384825e-04	-2.257571e-05
265           	5.871884e-03	2.826256e-03	3.045628e-03	-9.071216e-04	8.490244e-04	-1.756146e-03	1.302585e-03	-1.096861e-04	1.804308e-04	3.157351e-04	3.382984e-04	-2.256331e-05
266           	5.871283e-03	2.826005e-03	3.045278e-03	-9.071151e-04	8.488531e-04	-1.755968e-03	1.302411e-03	-1.096367e-04	1.803340e-04	3.155662e-04	3.381171e-04	-2.255096e-05
267           	5.870690e-03	2.825757e-03	3.044933e-03	-9.071088e-04	8.486838e-04	-1.755793e-03	1.302238e-03	-1.095878e-04	1.802386e-04	3.153999e-04	3.379386e-04	-2.253866e-05
268           	5.870104e-03	2.825513e-03	3.044592e-03	-9.071026e-04	8.485166e-04	-1.755619e-03	1.302068e-03	-1.095396e-04	1.801444e-04	3.152361e-04	3.377625e-04	-2.252639e-05
269           	5.869525e-03	2.825271e-03	3.044254e-03	-9.070965e-04	8.483514e-04	-1.755448e-03	1.301900e-03	-1.094918e-04	1.800513e-04	3.150743e-04	3.375885e-04	-2.251419e-05
270           	5.868953e-03	2.825032e-03	3.043921e-03	-9.070906e-04	8.481881e-04	-1.755279e-03	1.301733e-03	-1.094444e-04	1.799591e-04	3.149140e-04	3.374160e-04	-2.250206e-05
271           	5.868387e-03	2.824796e-03	3.043591e-03	-9.070848e-04	8.480269e-04	-1.755112e-03	1.301569e-03	-1.093975e-04	1.798675e-04	3.147550e-04	3.372450e-04	-2.249002e-05
272           	5.867828e-03	2.824563e-03	3.043265e-03	-9.070792e-04	8.478677e-04	-1.754947e-03	1.301407e-03	-1.093508e-04	1.797765e-04	3.145969e-04	3.370750e-04	-2.247809e-05
273           	5.867276e-03	2.824333e-03	3.042942e-03	-9.070737e-04	8.477103e-04	-1.754784e-03	1.301247e-03	-1.093045e-04	1.796861e-04	3.144398e-04	3.369060e-04	-2.246626e-05
274           	5.866730e-03	2.824106e-03	3.042623e-03	-9.070684e-04	8.475549e-04	-1.754623e-03	1.301089e-03	-1.092585e-04	1.795963e-04	3.142835e-04	3.367380e-04	-2.245454e-05
275           	5.866190e-03	2.823882e-03	3.042308e-03	-9.070633e-04	8.474014e-04	-1.754465e-03	1.300933e-03	-1.092129e-04	1.795070e-04	3.141281e-04	3.365710e-04	-2.244294e-05
276           	5.865657e-03	2.823661e-03	3.041996e-03	-9.070584e-04	8.472497e-04	-1.754308e-03	1.300779e-03	-1.091676e-04	1.794183e-04	3.139737e-04	3.364051e-04	-2.243144e-05
277           	5.865130e-03	2.823443e-03	3.041688e-03	-9.070536e-04	8.470999e-04	-1.754154e-03	1.300627e-03	-1.091227e-04	1.793302e-04	3.138203e-04	3.362404e-04	-2.242004e-05
278           	5.864610e-03	2.823227e-03	3.041383e-03	-9.070491e-04	8.469519e-04	-1.754001e-03	1.300476e-03	-1.090781e-04	1.792428e-04	3.136682e-04	3.360769e-04	-2.240875e-05
279           	5.864096e-03	2.823014e-03	3.041082e-03	-9.070447e-04	8.468057e-04	-1.753850e-03	1.300328e-03	-1.090340e-04	1.791562e-04	3.135173e-04	3.359149e-04	-2.239755e-05
280           	5.863589e-03	2.822804e-03	3.040785e-03	-9.070406e-04	8.466614e-04	-1.753702e-03	1.300182e-03	-1.089902e-04	1.790704e-04	3.133678e-04	3.357543e-04	-2.238646e-05
281           	5.863087e-03	2.822597e-03	3.040491e-03	-9.070366e-04	8.465188e-04	-1.753555e-03	1.300037e-03	-1.089469e-04	1.789853e-04	3.132196e-04	3.355951e-04	-2.237546e-05
282           	5.862592e-03	2.822392e-03	3.040200e-03	-9.070328e-04	8.463780e-04	-1.753411e-03	1.299894e-03	-1.089040e-04	1.789009e-04	3.130728e-04	3.354373e-04	-2.236455e-05
283           	5.862103e-03	2.822190e-03	3.039913e-03	-9.070291e-04	8.462390e-04	-1.753268e-03	1.299754e-03	-1.088614e-04	1.788173e-04	3.129271e-04	3.352809e-04	-2.235374e-05
284           	5.861620e-03	2.821991e-03	3.039629e-03	-9.070256e-04	8.461017e-04	-1.753127e-03	1.299614e-03	-1.088193e-04	1.787343e-04	3.127826e-04	3.351256e-04	-2.234301e-05
285           	5.861143e-03	2.821794e-03	3.039349e-03	-9.070223e-04	8.459661e-04	-1.752988e-03	1.299477e-03	-1.087774e-04	1.786520e-04	3.126392e-04	3.349716e-04	-2.233238e-05
286           	5.860671e-03	2.821600e-03	3.039072e-03	-9.070191e-04	8.458322e-04	-1.752851e-03	1.299342e-03	-1.087360e-04	1.785702e-04	3.124967e-04	3.348186e-04	-2.232182e-05
287           	5.860206e-03	2.821408e-03	3.038798e-03	-9.070160e-04	8.456999e-04	-1.752716e-03	1.299208e-03	-1.086948e-04	1.784890e-04	3.123553e-04	3.346666e-04	-2.231134e-05
288           	5.859746e-03	2.821219e-03	3.038527e-03	-9.070131e-04	8.455693e-04	-1.752582e-03	1.299076e-03	-1.086540e-04	1.784083e-04	3.122147e-04	3.345157e-04	-2.230094e-05
289           	5.859291e-03	2.821032e-03	3.038259e-03	-9.070103e-04	8.454403e-04	-1.752451e-03	1.298945e-03	-1.086134e-04	1.783282e-04	3.120751e-04	3.343657e-04	-2.229062e-05
290           	5.858843e-03	2.820848e-03	3.037994e-03	-9.070076e-04	8.453129e-04	-1.752320e-03	1.298817e-03	-1.085732e-04	1.782486e-04	3.119365e-04	3.342169e-04	-2.228038e-05
291           	5.858399e-03	2.820666e-03	3.037733e-03	-9.070051e-04	8.451871e-04	-1.752192e-03	1.298690e-03	-1.085333e-04	1.781696e-04	3.117988e-04	3.340691e-04	-2.227021e-05
292           	5.857962e-03	2.820487e-03	3.037474e-03	-9.070027e-04	8.450628e-04	-1.752065e-03	1.298564e-03	-1.084937e-04	1.780912e-04	3.116622e-04	3.339223e-04	-2.226013e-05
293           	5.857529e-03	2.820310e-03	3.037219e-03	-9.070004e-04	8.449400e-04	-1.751940e-03	1.298440e-03	-1.084544e-04	1.780134e-04	3.115266e-04	3.337767e-04	-2.225013e-05
294           	5.857102e-03	2.820136e-03	3.036967e-03	-9.069982e-04	8.448188e-04	-1.751817e-03	1.298318e-03	-1.084155e-04	1.779362e-04	3.113920e-04	3.336322e-04	-2.224021e-05
295           	5.856680e-03	2.819963e-03	3.036717e-03	-9.069962e-04	8.446991e-04	-1.751695e-03	1.298197e-03	-1.083768e-04	1.778596e-04	3.112585e-04	3.334888e-04	-2.223037e-05
296           	5.856264e-03	2.819793e-03	3.036470e-03	-9.069943e-04	8.445808e-04	-1.751575e-03	1.298078e-03	-1.083385e-04	1.777836e-04	3.111260e-04	3.333466e-04	-2.222063e-05
297           	5.855852e-03	2.819626e-03	3.036227e-03	-9.069925e-04	8.444640e-04	-1.751457e-03	1.297960e-03	-1.083004e-04	1.777082e-04	3.109945e-04	3.332055e-04	-2.221096e-05
298           	5.855446e-03	2.819460e-03	3.035986e-03	-9.069908e-04	8.443487e-04	-1.751340e-03	1.297844e-03	-1.082627e-04	1.776335e-04	3.108641e-04	3.330655e-04	-2.220138e-05
299           	5.855045e-03	2.819297e-03	3.035748e-03	-9.069893e-04	8.442348e-04	-1.751224e-03	1.297729e-03	-1.082253e-04	1.775593e-04	3.107348e-04	3.329267e-04	-2.219189e-05
300           	5.854649e-03	2.819136e-03	3.035513e-03	-9.069878e-04	8.441223e-04	-1.751110e-03	1.297616e-03	-1.081882e-04	1.774857e-04	3.106064e-04	3.327889e-04	-2.218250e-05
301           	5.854257e-03	2.818977e-03	3.035280e-03	-9.069864e-04	8.440112e-04	-1.750998e-03	1.297504e-03	-1.081514e-04	1.774128e-04	3.104792e-04	3.326523e-04	-2.217320e-05
302           	5.853871e-03	2.818820e-03	3.035050e-03	-9.069852e-04	8.439014e-04	-1.750887e-03	1.297394e-03	-1.081149e-04	1.773404e-04	3.103529e-04	3.325169e-04	-2.216399e-05
303           	5.853489e-03	2.818666e-03	3.034823e-03	-9.069840e-04	8.437930e-04	-1.750777e-03	1.297285e-03	-1.080787e-04	1.772687e-04	3.102276e-04	3.323825e-04	-2.215487e-05
304           	5.853112e-03	2.818513e-03	3.034599e-03	-9.069829e-04	8.436859e-04	-1.750669e-03	1.297177e-03	-1.080429e-04	1.771975e-04	3.101034e-04	3.322492e-04	-2.214584e-05
305           	5.852740e-03	2.818362e-03	3.034377e-03	-9.069819e-04	8.435801e-04	-1.750562e-03	1.297071e-03	-1.080073e-04	1.771270e-04	3.099802e-04	3.321171e-04	-2.213690e-05
306           	5.852372e-03	2.818214e-03	3.034158e-03	-9.069810e-04	8.434756e-04	-1.750457e-03	1.296966e-03	-1.079720e-04	1.770570e-04	3.098580e-04	3.319860e-04	-2.212805e-05
307           	5.852009e-03	2.818067e-03	3.033941e-03	-9.069801e-04	8.433724e-04	-1.750353e-03	1.296862e-03	-1.079371e-04	1.769877e-04	3.097368e-04	3.318561e-04	-2.211929e-05
308           	5.851650e-03	2.817922e-03	3.033727e-03	-9.069794e-04	8.432705e-04	-1.750250e-03	1.296760e-03	-1.079025e-04	1.769190e-04	3.096167e-04	3.317273e-04	-2.211061e-05
309           	5.851296e-03	2.817780e-03	3.033516e-03	-9.069787e-04	8.431698e-04	-1.750149e-03	1.296659e-03	-1.078681e-04	1.768509e-04	3.094977e-04	3.315997e-04	-2.210202e-05
310           	5.850946e-03	2.817639e-03	3.033307e-03	-9.069782e-04	8.430703e-04	-1.750048e-03	1.296559e-03	-1.078341e-04	1.767834e-04	3.093797e-04	3.314733e-04	-2.209353e-05
311           	5.850600e-03	2.817500e-03	3.033101e-03	-9.069776e-04	8.429721e-04	-1.749950e-03	1.296461e-03	-1.078005e-04	1.767166e-04	3.092629e-04	3.313480e-04	-2.208513e-05
312           	5.850259e-03	2.817362e-03	3.032897e-03	-9.069772e-04	8.428750e-04	-1.749852e-03	1.296364e-03	-1.077671e-04	1.766504e-04	3.091472e-04	3.312240e-04	-2.207682e-05
313           	5.849922e-03	2.817227e-03	3.032695e-03	-9.069769e-04	8.427792e-04	-1.749756e-03	1.296268e-03	-1.077341e-04	1.765849e-04	3.090325e-04	3.311011e-04	-2.206860e-05
314           	5.849589e-03	2.817093e-03	3.032496e-03	-9.069766e-04	8.426845e-04	-1.749661e-03	1.296173e-03	-1.077014e-04	1.765200e-04	3.089190e-04	3.309795e-04	-2.206048e-05
315           	5.849261e-03	2.816961e-03	3.032299e-03	-9.069764e-04	8.425910e-04	-1.749567e-03	1.296079e-03	-1.076690e-04	1.764557e-04	3.088066e-04	3.308590e-04	-2.205246e-05
316           	5.848936e-03	2.816831e-03	3.032105e-03	-9.069762e-04	8.424986e-04	-1.749475e-03	1.295987e-03	-1.076369e-04	1.763921e-04	3.086952e-04	3.307398e-04	-2.204453e-05
317           	5.848615e-03	2.816703e-03	3.031913e-03	-9.069761e-04	8.424073e-04	-1.749383e-03	1.295895e-03	-1.076052e-04	1.763292e-04	3.085850e-04	3.306217e-04	-2.203670e-05
318           	5.848299e-03	2.816576e-03	3.031723e-03	-9.069761e-04	8.423172e-04	-1.749293e-03	1.295805e-03	-1.075737e-04	1.762669e-04	3.084758e-04	3.305048e-04	-2.202896e-05
319           	5.847986e-03	2.816450e-03	3.031536e-03	-9.069762e-04	8.422281e-04	-1.749204e-03	1.295716e-03	-1.075426e-04	1.762052e-04	3.083677e-04	3.303890e-04	-2.202133e-05
320           	5.847677e-03	2.816327e-03	3.031350e-03	-9.069763e-04	8.421401e-04	-1.749116e-03	1.295628e-03	-1.075118e-04	1.761441e-04	3.082607e-04	3.302745e-04	-2.201379e-05
321           	5.847372e-03	2.816205e-03	3.031167e-03	-9.069765e-04	8.420532e-04	-1.749030e-03	1.295541e-03	-1.074813e-04	1.760837e-04	3.081547e-04	3.301610e-04	-2.200635e-05
322           	5.847071e-03	2.816084e-03	3.030987e-03	-9.069767e-04	8.419674e-04	-1.748944e-03	1.295456e-03	-1.074511e-04	1.760239e-04	3.080498e-04	3.300488e-04	-2.199901e-05
323           	5.846773e-03	2.815965e-03	3.030808e-03	-9.069770e-04	8.418826e-04	-1.748860e-03	1.295371e-03	-1.074213e-04	1.759648e-04	3.079460e-04	3.299378e-04	-2.199177e-05
324           	5.846480e-03	2.815848e-03	3.030632e-03	-9.069774e-04	8.417988e-04	-1.748776e-03	1.295287e-03	-1.073917e-04	1.759063e-04	3.078434e-04	3.298280e-04	-2.198462e-05
325           	5.846189e-03	2.815732e-03	3.030457e-03	-9.069778e-04	8.417160e-04	-1.748694e-03	1.295205e-03	-1.073625e-04	1.758485e-04	3.077419e-04	3.297195e-04	-2.197758e-05
326           	5.845903e-03	2.815618e-03	3.030285e-03	-9.069783e-04	8.416342e-04	-1.748613e-03	1.295123e-03	-1.073337e-04	1.757914e-04	3.076416e-04	3.296122e-04	-2.197062e-05
327           	5.845619e-03	2.815505e-03	3.030115e-03	-9.069788e-04	8.415534e-04	-1.748532e-03	1.295043e-03	-1.073051e-04	1.757350e-04	3.075424e-04	3.295062e-04	-2.196377e-05
328           	5.845340e-03	2.815393e-03	3.029947e-03	-9.069795e-04	8.414736e-04	-1.748453e-03	1.294963e-03	-1.072770e-04	1.756792e-04	3.074444e-04	3.294014e-04	-2.195700e-05
329           	5.845063e-03	2.815283e-03	3.029781e-03	-9.069801e-04	8.413948e-04	-1.748375e-03	1.294885e-03	-1.072491e-04	1.756241e-04	3.073475e-04	3.292978e-04	-2.195034e-05
330           	5.844790e-03	2.815174e-03	3.029617e-03	-9.069808e-04	8.413169e-04	-1.748298e-03	1.294807e-03	-1.072216e-04	1.755696e-04	3.072517e-04	3.291954e-04	-2.194376e-05
331           	5.844521e-03	2.815066e-03	3.029455e-03	-9.069816e-04	8.412399e-04	-1.748221e-03	1.294731e-03	-1.071944e-04	1.755158e-04	3.071570e-04	3.290942e-04	-2.193727e-05
332           	5.844254e-03	2.814960e-03	3.029295e-03	-9.069824e-04	8.411639e-04	-1.748146e-03	1.294655e-03	-1.071675e-04	1.754626e-04	3.070634e-04	3.289942e-04	-2.193087e-05
333           	5.843991e-03	2.814855e-03	3.029137e-03	-9.069833e-04	8.410887e-04	-1.748072e-03	1.294580e-03	-1.071410e-04	1.754100e-04	3.069709e-04	3.288954e-04	-2.192455e-05
334           	5.843731e-03	2.814751e-03	3.028980e-03	-9.069842e-04	8.410145e-04	-1.747999e-03	1.294507e-03	-1.071148e-04	1.753580e-04	3.068794e-04	3.287978e-04	-2.191832e-05
335           	5.843475e-03	2.814648e-03	3.028826e-03	-9.069852e-04	8.409412e-04	-1.747926e-03	1.294434e-03	-1.070890e-04	1.753067e-04	3.067891e-04	3.287013e-04	-2.191217e-05
336           	5.843221e-03	2.814547e-03	3.028674e-03	-9.069862e-04	8.408687e-04	-1.747855e-03	1.294362e-03	-1.070634e-04	1.752560e-04	3.066998e-04	3.286059e-04	-2.190611e-05
337           	5.842970e-03	2.814447e-03	3.028523e-03	-9.069873e-04	8.407972e-04	-1.747784e-03	1.294291e-03	-1.070383e-04	1.752059e-04	3.066115e-04	3.285116e-04	-2.190012e-05
338           	5.842722e-03	2.814346e-03	3.028376e-03	-9.069881e-04	8.407260e-04	-1.747714e-03	1.294220e-03	-1.070152e-04	1.751613e-04	3.065342e-04	3.284284e-04	-2.189415e-05
339           	5.842476e-03	2.814246e-03	3.028230e-03	-9.069891e-04	8.406557e-04	-1.747645e-03	1.294150e-03	-1.069919e-04	1.751156e-04	3.064547e-04	3.283429e-04	-2.188826e-05
340           	5.842234e-03	2.814149e-03	3.028085e-03	-9.069902e-04	8.405865e-04	-1.747577e-03	1.294082e-03	-1.069683e-04	1.750688e-04	3.063727e-04	3.282551e-04	-2.188246e-05
341           	5.841996e-03	2.814055e-03	3.027941e-03	-9.069916e-04	8.405187e-04	-1.747510e-03	1.294015e-03	-1.069426e-04	1.750162e-04	3.062788e-04	3.281556e-04	-2.187684e-05
342           	5.841760e-03	2.813961e-03	3.027799e-03	-9.069928e-04	8.404512e-04	-1.747444e-03	1.293948e-03	-1.069191e-04	1.749696e-04	3.061967e-04	3.280679e-04	-2.187121e-05
343           	5.841527e-03	2.813867e-03	3.027659e-03	-9.069941e-04	8.403846e-04	-1.747379e-03	1.293882e-03	-1.068958e-04	1.749229e-04	3.061145e-04	3.279801e-04	-2.186565e-05
344           	5.841296e-03	2.813775e-03	3.027521e-03	-9.069954e-04	8.403188e-04	-1.747314e-03	1.293816e-03	-1.068727e-04	1.748764e-04	3.060324e-04	3.278926e-04	-2.186017e-05
345           	5.841069e-03	2.813685e-03	3.027384e-03	-9.069968e-04	8.402538e-04	-1.747251e-03	1.293752e-03	-1.068497e-04	1.748302e-04	3.059510e-04	3.278057e-04	-2.185476e-05
346           	5.840844e-03	2.813595e-03	3.027249e-03	-9.069983e-04	8.401897e-04	-1.747188e-03	1.293689e-03	-1.068271e-04	1.747846e-04	3.058704e-04	3.277198e-04	-2.184944e-05
347           	5.840623e-03	2.813507e-03	3.027116e-03	-9.069997e-04	8.401264e-04	-1.747126e-03	1.293626e-03	-1.068048e-04	1.747396e-04	3.057909e-04	3.276351e-04	-2.184419e-05
348           	5.840404e-03	2.813419e-03	3.026985e-03	-9.070013e-04	8.400638e-04	-1.747065e-03	1.293564e-03	-1.067829e-04	1.746954e-04	3.057128e-04	3.275518e-04	-2.183902e-05
349           	5.840188e-03	2.813333e-03	3.026855e-03	-9.070028e-04	8.400020e-04	-1.747005e-03	1.293503e-03	-1.067614e-04	1.746519e-04	3.056359e-04	3.274699e-04	-2.183392e-05
350           	5.839974e-03	2.813247e-03	3.026727e-03	-9.070044e-04	8.399410e-04	-1.746945e-03	1.293443e-03	-1.067402e-04	1.746091e-04	3.055605e-04	3.273894e-04	-2.182889e-05
351           	5.839760e-03	2.813163e-03	3.026597e-03	-9.070053e-04	8.398805e-04	-1.746886e-03	1.293383e-03	-1.067168e-04	1.745621e-04	3.054761e-04	3.273001e-04	-2.182406e-05
352           	5.839549e-03	2.813080e-03	3.026469e-03	-9.070058e-04	8.398206e-04	-1.746826e-03	1.293324e-03	-1.066947e-04	1.745176e-04	3.053967e-04	3.272160e-04	-2.181923e-05
353           	5.839343e-03	2.812997e-03	3.026345e-03	-9.070071e-04	8.397616e-04	-1.746769e-03	1.293265e-03	-1.066740e-04	1.744755e-04	3.053222e-04	3.271366e-04	-2.181441e-05
354           	5.839139e-03	2.812915e-03	3.026224e-03	-9.070092e-04	8.397033e-04	-1.746712e-03	1.293208e-03	-1.066543e-04	1.744355e-04	3.052517e-04	3.270614e-04	-2.180961e-05
355           	5.838939e-03	2.812834e-03	3.026105e-03	-9.070118e-04	8.396458e-04	-1.746658e-03	1.293152e-03	-1.066354e-04	1.743970e-04	3.051843e-04	3.269891e-04	-2.180487e-05
356           	5.838742e-03	2.812754e-03	3.025988e-03	-9.070146e-04	8.395891e-04	-1.746604e-03	1.293096e-03	-1.066171e-04	1.743596e-04	3.051187e-04	3.269189e-04	-2.180020e-05
357           	5.838545e-03	2.812676e-03	3.025869e-03	-9.070168e-04	8.395330e-04	-1.746550e-03	1.293041e-03	-1.065966e-04	1.743179e-04	3.050444e-04	3.268402e-04	-2.179575e-05
358           	5.838347e-03	2.812599e-03	3.025748e-03	-9.070176e-04	8.394773e-04	-1.746495e-03	1.292986e-03	-1.065745e-04	1.742735e-04	3.049640e-04	3.267555e-04	-2.179146e-05
359           	5.838154e-03	2.812522e-03	3.025631e-03	-9.070185e-04	8.394223e-04	-1.746441e-03	1.292932e-03	-1.065545e-04	1.742327e-04	3.048912e-04	3.266783e-04	-2.178715e-05
360           	5.837965e-03	2.812446e-03	3.025518e-03	-9.070205e-04	8.393681e-04	-1.746389e-03	1.292878e-03	-1.065362e-04	1.741954e-04	3.048250e-04	3.266079e-04	-2.178284e-05
361           	5.837779e-03	2.812370e-03	3.025409e-03	-9.070234e-04	8.393147e-04	-1.746338e-03	1.292826e-03	-1.065192e-04	1.741606e-04	3.047640e-04	3.265426e-04	-2.177855e-05
362           	5.837597e-03	2.812296e-03	3.025302e-03	-9.070267e-04	8.392621e-04	-1.746289e-03	1.292775e-03	-1.065030e-04	1.741275e-04	3.047064e-04	3.264807e-04	-2.177433e-05
363           	5.837415e-03	2.812222e-03	3.025192e-03	-9.070294e-04	8.392100e-04	-1.746239e-03	1.292725e-03	-1.064849e-04	1.740907e-04	3.046408e-04	3.264111e-04	-2.177032e-05
364           	5.837232e-03	2.812151e-03	3.025081e-03	-9.070309e-04	8.391583e-04	-1.746189e-03	1.292674e-03	-1.064653e-04	1.740512e-04	3.045695e-04	3.263360e-04	-2.176649e-05
365           	5.837054e-03	2.812079e-03	3.024974e-03	-9.070323e-04	8.391073e-04	-1.746140e-03	1.292623e-03	-1.064475e-04	1.740152e-04	3.045052e-04	3.262678e-04	-2.176265e-05
366           	5.836879e-03	2.812008e-03	3.024871e-03	-9.070346e-04	8.390571e-04	-1.746092e-03	1.292574e-03	-1.064312e-04	1.739822e-04	3.044468e-04	3.262056e-04	-2.175881e-05
367           	5.836704e-03	2.811939e-03	3.024766e-03	-9.070366e-04	8.390075e-04	-1.746044e-03	1.292526e-03	-1.064136e-04	1.739465e-04	3.043828e-04	3.261379e-04	-2.175514e-05
368           	5.836531e-03	2.811870e-03	3.024660e-03	-9.070379e-04	8.389582e-04	-1.745996e-03	1.292477e-03	-1.063950e-04	1.739091e-04	3.043151e-04	3.260667e-04	-2.175161e-05
369           	5.836361e-03	2.811802e-03	3.024559e-03	-9.070396e-04	8.389097e-04	-1.745949e-03	1.292429e-03	-1.063787e-04	1.738761e-04	3.042561e-04	3.260042e-04	-2.174803e-05
370           	5.836195e-03	2.811734e-03	3.024462e-03	-9.070425e-04	8.388619e-04	-1.745904e-03	1.292383e-03	-1.063640e-04	1.738464e-04	3.042040e-04	3.259484e-04	-2.174444e-05
371           	5.836030e-03	2.811667e-03	3.024363e-03	-9.070452e-04	8.388147e-04	-1.745860e-03	1.292337e-03	-1.063481e-04	1.738144e-04	3.041467e-04	3.258878e-04	-2.174103e-05
372           	5.835866e-03	2.811601e-03	3.024264e-03	-9.070472e-04	8.387679e-04	-1.745815e-03	1.292291e-03	-1.063313e-04	1.737806e-04	3.040857e-04	3.258235e-04	-2.173778e-05
373           	5.835705e-03	2.811536e-03	3.024169e-03	-9.070495e-04	8.387217e-04	-1.745771e-03	1.292246e-03	-1.063165e-04	1.737509e-04	3.040328e-04	3.257673e-04	-2.173449e-05
374           	5.835545e-03	2.811472e-03	3.024073e-03	-9.070518e-04	8.386762e-04	-1.745728e-03	1.292202e-03	-1.063007e-04	1.737194e-04	3.039761e-04	3.257075e-04	-2.173135e-05
375           	5.835390e-03	2.811408e-03	3.023982e-03	-9.070543e-04	8.386312e-04	-1.745686e-03	1.292158e-03	-1.062869e-04	1.736917e-04	3.039270e-04	3.256552e-04	-2.172818e-05
376           	5.835234e-03	2.811345e-03	3.023889e-03	-9.070568e-04	8.385868e-04	-1.745644e-03	1.292115e-03	-1.062719e-04	1.736620e-04	3.038736e-04	3.255988e-04	-2.172516e-05
377           	5.835080e-03	2.811284e-03	3.023796e-03	-9.070586e-04	8.385429e-04	-1.745602e-03	1.292072e-03	-1.062563e-04	1.736309e-04	3.038173e-04	3.255396e-04	-2.172228e-05
378           	5.834929e-03	2.811222e-03	3.023707e-03	-9.070609e-04	8.384995e-04	-1.745560e-03	1.292030e-03	-1.062428e-04	1.736041e-04	3.037695e-04	3.254889e-04	-2.171932e-05
379           	5.834779e-03	2.811161e-03	3.023618e-03	-9.070632e-04	8.384567e-04	-1.745520e-03	1.291988e-03	-1.062284e-04	1.735757e-04	3.037184e-04	3.254349e-04	-2.171650e-05
380           	5.834630e-03	2.811102e-03	3.023529e-03	-9.070649e-04	8.384143e-04	-1.745479e-03	1.291947e-03	-1.062135e-04	1.735463e-04	3.036651e-04	3.253789e-04	-2.171379e-05
381           	5.834486e-03	2.811042e-03	3.023444e-03	-9.070672e-04	8.383726e-04	-1.745440e-03	1.291906e-03	-1.062009e-04	1.735213e-04	3.036207e-04	3.253317e-04	-2.171100e-05
382           	5.834342e-03	2.810983e-03	3.023358e-03	-9.070697e-04	8.383314e-04	-1.745401e-03	1.291866e-03	-1.061875e-04	1.734949e-04	3.035732e-04	3.252815e-04	-2.170834e-05
383           	5.834199e-03	2.810926e-03	3.023273e-03	-9.070716e-04	8.382906e-04	-1.745362e-03	1.291826e-03	-1.061736e-04	1.734676e-04	3.035237e-04	3.252295e-04	-2.170578e-05
384           	5.834057e-03	2.810869e-03	3.023188e-03	-9.070732e-04	8.382502e-04	-1.745323e-03	1.291787e-03	-1.061594e-04	1.734399e-04	3.034731e-04	3.251764e-04	-2.170332e-05
385           	5.833919e-03	2.810812e-03	3.023107e-03	-9.070756e-04	8.382105e-04	-1.745286e-03	1.291748e-03	-1.061477e-04	1.734169e-04	3.034323e-04	3.251331e-04	-2.170075e-05
386           	5.833783e-03	2.810756e-03	3.023027e-03	-9.070783e-04	8.381713e-04	-1.745250e-03	1.291710e-03	-1.061354e-04	1.733929e-04	3.033892e-04	3.250875e-04	-2.169830e-05
387           	5.833647e-03	2.810701e-03	3.022946e-03	-9.070804e-04	8.381325e-04	-1.745213e-03	1.291673e-03	-1.061227e-04	1.733681e-04	3.033443e-04	3.250403e-04	-2.169595e-05
388           	5.833513e-03	2.810647e-03	3.022866e-03	-9.070823e-04	8.380941e-04	-1.745176e-03	1.291635e-03	-1.061097e-04	1.733429e-04	3.032985e-04	3.249922e-04	-2.169369e-05
389           	5.833383e-03	2.810592e-03	3.022790e-03	-9.070849e-04	8.380564e-04	-1.745141e-03	1.291599e-03	-1.060991e-04	1.733223e-04	3.032620e-04	3.249533e-04	-2.169132e-05
390           	5.833253e-03	2.810539e-03	3.022714e-03	-9.070876e-04	8.380192e-04	-1.745107e-03	1.291563e-03	-1.060878e-04	1.733005e-04	3.032230e-04	3.249120e-04	-2.168906e-05
391           	5.833125e-03	2.810486e-03	3.022638e-03	-9.070898e-04	8.379823e-04	-1.745072e-03	1.291527e-03	-1.060760e-04	1.732778e-04	3.031819e-04	3.248688e-04	-2.168689e-05
392           	5.832997e-03	2.810435e-03	3.022563e-03	-9.070917e-04	8.379458e-04	-1.745038e-03	1.291492e-03	-1.060640e-04	1.732546e-04	3.031395e-04	3.248243e-04	-2.168481e-05
393           	5.832871e-03	2.810384e-03	3.022487e-03	-9.070933e-04	8.379098e-04	-1.745003e-03	1.291456e-03	-1.060518e-04	1.732311e-04	3.030968e-04	3.247795e-04	-2.168277e-05
394           	5.832746e-03	2.810333e-03	3.022413e-03	-9.070948e-04	8.378741e-04	-1.744969e-03	1.291421e-03	-1.060397e-04	1.732079e-04	3.030543e-04	3.247351e-04	-2.168079e-05
395           	5.832622e-03	2.810283e-03	3.022339e-03	-9.070963e-04	8.378389e-04	-1.744935e-03	1.291387e-03	-1.060279e-04	1.731852e-04	3.030128e-04	3.246917e-04	-2.167883e-05
396           	5.832503e-03	2.810233e-03	3.022270e-03	-9.070989e-04	8.378044e-04	-1.744903e-03	1.291354e-03	-1.060188e-04	1.731677e-04	3.029820e-04	3.246587e-04	-2.167672e-05
397           	5.832386e-03	2.810184e-03	3.022202e-03	-9.071018e-04	8.377703e-04	-1.744872e-03	1.291321e-03	-1.060093e-04	1.731495e-04	3.029496e-04	3.246243e-04	-2.167470e-05
398           	5.832269e-03	2.810135e-03	3.022134e-03	-9.071043e-04	8.377366e-04	-1.744841e-03	1.291289e-03	-1.059994e-04	1.731306e-04	3.029156e-04	3.245884e-04	-2.167277e-05
399           	5.832153e-03	2.810087e-03	3.022066e-03	-9.071065e-04	8.377033e-04	-1.744810e-03	1.291256e-03	-1.059891e-04	1.731111e-04	3.028804e-04	3.245514e-04	-2.167092e-05
400           	5.832038e-03	2.810040e-03	3.021998e-03	-9.071084e-04	8.376703e-04	-1.744779e-03	1.291224e-03	-1.059787e-04	1.730914e-04	3.028445e-04	3.245136e-04	-2.166913e-05
401           	5.831924e-03	2.809994e-03	3.021930e-03	-9.071101e-04	8.376377e-04	-1.744748e-03	1.291193e-03	-1.059683e-04	1.730716e-04	3.028084e-04	3.244758e-04	-2.166738e-05
402           	5.831812e-03	2.809948e-03	3.021864e-03	-9.071117e-04	8.376055e-04	-1.744717e-03	1.291161e-03	-1.059579e-04	1.730519e-04	3.027725e-04	3.244382e-04	-2.166567e-05
403           	5.831701e-03	2.809903e-03	3.021798e-03	-9.071133e-04	8.375737e-04	-1.744687e-03	1.291130e-03	-1.059478e-04	1.730326e-04	3.027373e-04	3.244013e-04	-2.166398e-05
404           	5.831591e-03	2.809858e-03	3.021734e-03	-9.071150e-04	8.375423e-04	-1.744657e-03	1.291100e-03	-1.059379e-04	1.730138e-04	3.027031e-04	3.243654e-04	-2.166231e-05
405           	5.831483e-03	2.809813e-03	3.021670e-03	-9.071167e-04	8.375113e-04	-1.744628e-03	1.291070e-03	-1.059283e-04	1.729957e-04	3.026700e-04	3.243306e-04	-2.166066e-05
406           	5.831377e-03	2.809769e-03	3.021607e-03	-9.071186e-04	8.374807e-04	-1.744599e-03	1.291040e-03	-1.059191e-04	1.729781e-04	3.026380e-04	3.242971e-04	-2.165904e-05
407           	5.831272e-03	2.809726e-03	3.021546e-03	-9.071206e-04	8.374505e-04	-1.744571e-03	1.291011e-03	-1.059101e-04	1.729610e-04	3.026072e-04	3.242646e-04	-2.165743e-05
408           	5.831169e-03	2.809683e-03	3.021486e-03	-9.071227e-04	8.374207e-04	-1.744543e-03	1.290982e-03	-1.059014e-04	1.729445e-04	3.025774e-04	3.242332e-04	-2.165586e-05
409           	5.831067e-03	2.809641e-03	3.021426e-03	-9.071248e-04	8.373914e-04	-1.744516e-03	1.290954e-03	-1.058929e-04	1.729285e-04	3.025484e-04	3.242027e-04	-2.165431e-05
410           	5.830967e-03	2.809599e-03	3.021368e-03	-9.071270e-04	8.373623e-04	-1.744489e-03	1.290926e-03	-1.058846e-04	1.729128e-04	3.025200e-04	3.241728e-04	-2.165280e-05
411           	5.830868e-03	2.809557e-03	3.021310e-03	-9.071292e-04	8.373337e-04	-1.744463e-03	1.290898e-03	-1.058764e-04	1.728974e-04	3.024923e-04	3.241436e-04	-2.165132e-05
412           	5.830770e-03	2.809517e-03	3.021253e-03	-9.071313e-04	8.373054e-04	-1.744437e-03	1.290871e-03	-1.058684e-04	1.728823e-04	3.024649e-04	3.241148e-04	-2.164986e-05
413           	5.830673e-03	2.809476e-03	3.021197e-03	-9.071333e-04	8.372775e-04	-1.744411e-03	1.290844e-03	-1.058604e-04	1.728674e-04	3.024379e-04	3.240863e-04	-2.164843e-05
414           	5.830578e-03	2.809436e-03	3.021142e-03	-9.071353e-04	8.372499e-04	-1.744385e-03	1.290818e-03	-1.058526e-04	1.728526e-04	3.024112e-04	3.240583e-04	-2.164701e-05
415           	5.830482e-03	2.809396e-03	3.021087e-03	-9.071367e-04	8.372222e-04	-1.744359e-03	1.290791e-03	-1.058455e-04	1.728389e-04	3.023877e-04	3.240327e-04	-2.164507e-05
416           	5.830390e-03	2.809357e-03	3.021032e-03	-9.071386e-04	8.371955e-04	-1.744334e-03	1.290765e-03	-1.058376e-04	1.728241e-04	3.023606e-04	3.240044e-04	-2.164381e-05
417           	5.830297e-03	2.809318e-03	3.020979e-03	-9.071401e-04	8.371686e-04	-1.744309e-03	1.290739e-03	-1.058304e-04	1.728103e-04	3.023366e-04	3.239786e-04	-2.164201e-05
418           	5.830206e-03	2.809281e-03	3.020926e-03	-9.071420e-04	8.371425e-04	-1.744285e-03	1.290714e-03	-1.058226e-04	1.727956e-04	3.023093e-04	3.239502e-04	-2.164090e-05
419           	5.830116e-03	2.809242e-03	3.020874e-03	-9.071434e-04	8.371164e-04	-1.744260e-03	1.290688e-03	-1.058156e-04	1.727819e-04	3.022853e-04	3.239245e-04	-2.163921e-05
420           	5.830028e-03	2.809206e-03	3.020822e-03	-9.071453e-04	8.370910e-04	-1.744236e-03	1.290664e-03	-1.058080e-04	1.727675e-04	3.022585e-04	3.238967e-04	-2.163819e-05
421           	5.829940e-03	2.809169e-03	3.020771e-03	-9.071467e-04	8.370656e-04	-1.744212e-03	1.290639e-03	-1.058011e-04	1.727541e-04	3.022351e-04	3.238717e-04	-2.163657e-05
422           	5.829853e-03	2.809132e-03	3.020721e-03	-9.071482e-04	8.370405e-04	-1.744189e-03	1.290615e-03	-1.057942e-04	1.727409e-04	3.022117e-04	3.238467e-04	-2.163503e-05
423           	5.829768e-03	2.809097e-03	3.020671e-03	-9.071497e-04	8.370158e-04	-1.744165e-03	1.290591e-03	-1.057874e-04	1.727277e-04	3.021883e-04	3.238219e-04	-2.163356e-05
424           	5.829684e-03	2.809061e-03	3.020622e-03	-9.071512e-04	8.369914e-04	-1.744143e-03	1.290567e-03	-1.057806e-04	1.727147e-04	3.021650e-04	3.237972e-04	-2.163216e-05
425           	5.829601e-03	2.809026e-03	3.020574e-03	-9.071528e-04	8.369674e-04	-1.744120e-03	1.290544e-03	-1.057739e-04	1.727017e-04	3.021418e-04	3.237726e-04	-2.163083e-05
426           	5.829519e-03	2.808992e-03	3.020527e-03	-9.071544e-04	8.369437e-04	-1.744098e-03	1.290521e-03	-1.057673e-04	1.726889e-04	3.021188e-04	3.237483e-04	-2.162956e-05
427           	5.829438e-03	2.808958e-03	3.020480e-03	-9.071560e-04	8.369204e-04	-1.744076e-03	1.290498e-03	-1.057608e-04	1.726763e-04	3.020960e-04	3.237243e-04	-2.162833e-05
428           	5.829359e-03	2.808925e-03	3.020434e-03	-9.071575e-04	8.368974e-04	-1.744055e-03	1.290476e-03	-1.057543e-04	1.726639e-04	3.020736e-04	3.237007e-04	-2.162712e-05
429           	5.829280e-03	2.808892e-03	3.020388e-03	-9.071591e-04	8.368746e-04	-1.744034e-03	1.290454e-03	-1.057480e-04	1.726517e-04	3.020516e-04	3.236775e-04	-2.162594e-05
430           	5.829203e-03	2.808860e-03	3.020343e-03	-9.071606e-04	8.368522e-04	-1.744013e-03	1.290432e-03	-1.057417e-04	1.726397e-04	3.020299e-04	3.236547e-04	-2.162477e-05
431           	5.829127e-03	2.808828e-03	3.020299e-03	-9.071621e-04	8.368300e-04	-1.743992e-03	1.290411e-03	-1.057356e-04	1.726279e-04	3.020087e-04	3.236323e-04	-2.162361e-05
432           	5.829051e-03	2.808796e-03	3.020255e-03	-9.071636e-04	8.368082e-04	-1.743972e-03	1.290390e-03	-1.057295e-04	1.726164e-04	3.019878e-04	3.236103e-04	-2.162246e-05
433           	5.828977e-03	2.808765e-03	3.020212e-03	-9.071650e-04	8.367866e-04	-1.743952e-03	1.290369e-03	-1.057236e-04	1.726050e-04	3.019673e-04	3.235887e-04	-2.162133e-05
434           	5.828904e-03	2.808734e-03	3.020170e-03	-9.071664e-04	8.367652e-04	-1.743932e-03	1.290348e-03	-1.057177e-04	1.725938e-04	3.019472e-04	3.235674e-04	-2.162020e-05
435           	5.828831e-03	2.808704e-03	3.020128e-03	-9.071678e-04	8.367442e-04	-1.743912e-03	1.290328e-03	-1.057119e-04	1.725828e-04	3.019275e-04	3.235466e-04	-2.161910e-05
436           	5.828760e-03	2.808674e-03	3.020086e-03	-9.071692e-04	8.367234e-04	-1.743893e-03	1.290308e-03	-1.057063e-04	1.725721e-04	3.019081e-04	3.235261e-04	-2.161802e-05
437           	5.828689e-03	2.808644e-03	3.020045e-03	-9.071705e-04	8.367028e-04	-1.743873e-03	1.290288e-03	-1.057007e-04	1.725615e-04	3.018890e-04	3.235060e-04	-2.161696e-05
438           	5.828620e-03	2.808615e-03	3.020005e-03	-9.071719e-04	8.366825e-04	-1.743854e-03	1.290268e-03	-1.056952e-04	1.725511e-04	3.018703e-04	3.234862e-04	-2.161593e-05
439           	5.828551e-03	2.808586e-03	3.019965e-03	-9.071732e-04	8.366625e-04	-1.743836e-03	1.290249e-03	-1.056898e-04	1.725409e-04	3.018519e-04	3.234668e-04	-2.161493e-05
440           	5.828483e-03	2.808557e-03	3.019926e-03	-9.071745e-04	8.366427e-04	-1.743817e-03	1.290230e-03	-1.056845e-04	1.725309e-04	3.018338e-04	3.234478e-04	-2.161396e-05
441           	5.828416e-03	2.808529e-03	3.019887e-03	-9.071757e-04	8.366232e-04	-1.743799e-03	1.290211e-03	-1.056793e-04	1.725211e-04	3.018161e-04	3.234291e-04	-2.161302e-05
442           	5.828350e-03	2.808501e-03	3.019849e-03	-9.071770e-04	8.366039e-04	-1.743781e-03	1.290192e-03	-1.056742e-04	1.725114e-04	3.017986e-04	3.234107e-04	-2.161211e-05
443           	5.828284e-03	2.808473e-03	3.019811e-03	-9.071783e-04	8.365848e-04	-1.743763e-03	1.290174e-03	-1.056692e-04	1.725019e-04	3.017815e-04	3.233927e-04	-2.161122e-05
444           	5.828220e-03	2.808446e-03	3.019774e-03	-9.071795e-04	8.365660e-04	-1.743745e-03	1.290156e-03	-1.056642e-04	1.724927e-04	3.017646e-04	3.233750e-04	-2.161035e-05
445           	5.828156e-03	2.808419e-03	3.019738e-03	-9.071807e-04	8.365474e-04	-1.743728e-03	1.290138e-03	-1.056596e-04	1.724846e-04	3.017498e-04	3.233595e-04	-2.160973e-05
446           	5.828093e-03	2.808392e-03	3.019702e-03	-9.071819e-04	8.365291e-04	-1.743711e-03	1.290120e-03	-1.056550e-04	1.724765e-04	3.017348e-04	3.233439e-04	-2.160908e-05
447           	5.828031e-03	2.808365e-03	3.019666e-03	-9.071831e-04	8.365110e-04	-1.743694e-03	1.290103e-03	-1.056503e-04	1.724682e-04	3.017195e-04	3.233279e-04	-2.160840e-05
448           	5.827970e-03	2.808339e-03	3.019631e-03	-9.071843e-04	8.364931e-04	-1.743677e-03	1.290085e-03	-1.056457e-04	1.724598e-04	3.017042e-04	3.233119e-04	-2.160770e-05
449           	5.827910e-03	2.808314e-03	3.019596e-03	-9.071855e-04	8.364755e-04	-1.743661e-03	1.290068e-03	-1.056411e-04	1.724514e-04	3.016888e-04	3.232957e-04	-2.160698e-05
450           	5.827851e-03	2.808289e-03	3.019562e-03	-9.071867e-04	8.364580e-04	-1.743645e-03	1.290051e-03	-1.056365e-04	1.724430e-04	3.016735e-04	3.232798e-04	-2.160627e-05
451           	5.827792e-03	2.808264e-03	3.019528e-03	-9.071878e-04	8.364409e-04	-1.743629e-03	1.290035e-03	-1.056320e-04	1.724348e-04	3.016585e-04	3.232641e-04	-2.160557e-05
452           	5.827734e-03	2.808239e-03	3.019495e-03	-9.071890e-04	8.364239e-04	-1.743613e-03	1.290018e-03	-1.056277e-04	1.724268e-04	3.016439e-04	3.232488e-04	-2.160489e-05
453           	5.827677e-03	2.808215e-03	3.019462e-03	-9.071901e-04	8.364072e-04	-1.743597e-03	1.290002e-03	-1.056234e-04	1.724191e-04	3.016297e-04	3.232340e-04	-2.160423e-05
454           	5.827620e-03	2.808191e-03	3.019430e-03	-9.071912e-04	8.363906e-04	-1.743582e-03	1.289986e-03	-1.056193e-04	1.724116e-04	3.016160e-04	3.232196e-04	-2.160361e-05
455           	5.827565e-03	2.808167e-03	3.019398e-03	-9.071923e-04	8.363743e-04	-1.743567e-03	1.289970e-03	-1.056153e-04	1.724044e-04	3.016027e-04	3.232057e-04	-2.160302e-05
456           	5.827510e-03	2.808143e-03	3.019366e-03	-9.071934e-04	8.363582e-04	-1.743552e-03	1.289955e-03	-1.056115e-04	1.723973e-04	3.015898e-04	3.231922e-04	-2.160244e-05
457           	5.827456e-03	2.808120e-03	3.019336e-03	-9.071944e-04	8.363423e-04	-1.743537e-03	1.289940e-03	-1.056077e-04	1.723905e-04	3.015772e-04	3.231791e-04	-2.160189e-05
458           	5.827402e-03	2.808097e-03	3.019305e-03	-9.071955e-04	8.363266e-04	-1.743522e-03	1.289924e-03	-1.056040e-04	1.723837e-04	3.015648e-04	3.231662e-04	-2.160135e-05
459           	5.827349e-03	2.808074e-03	3.019275e-03	-9.071965e-04	8.363111e-04	-1.743508e-03	1.289909e-03	-1.056003e-04	1.723771e-04	3.015526e-04	3.231534e-04	-2.160082e-05
460           	5.827297e-03	2.808052e-03	3.019245e-03	-9.071975e-04	8.362958e-04	-1.743493e-03	1.289895e-03	-1.055968e-04	1.723706e-04	3.015406e-04	3.231409e-04	-2.160029e-05
461           	5.827246e-03	2.808030e-03	3.019216e-03	-9.071985e-04	8.362807e-04	-1.743479e-03	1.289880e-03	-1.055932e-04	1.723641e-04	3.015287e-04	3.231284e-04	-2.159977e-05
462           	5.827195e-03	2.808008e-03	3.019187e-03	-9.071995e-04	8.362658e-04	-1.743465e-03	1.289866e-03	-1.055897e-04	1.723577e-04	3.015168e-04	3.231161e-04	-2.159925e-05
463           	5.827142e-03	2.807984e-03	3.019158e-03	-9.072001e-04	8.362502e-04	-1.743450e-03	1.289850e-03	-1.055873e-04	1.723539e-04	3.015104e-04	3.231091e-04	-2.159875e-05
