# Force and moment coefficients
# dragDir     : (1.000000e+00 0.000000e+00 0.000000e+00)
# sideDir     : (0.000000e+00 1.000000e+00 0.000000e+00)
# liftDir     : (0.000000e+00 0.000000e+00 1.000000e+00)
# rollAxis    : (1.000000e+00 0.000000e+00 0.000000e+00)
# pitchAxis   : (0.000000e+00 1.000000e+00 0.000000e+00)
# yawAxis     : (0.000000e+00 0.000000e+00 1.000000e+00)
# magUInf     : 6.661800e+00
# lRef        : 1.499270e-01
# Aref        : 5.000000e-02
# CofR        : (3.750000e-02 0.000000e+00 0.000000e+00)
#
# Time        	Cd            	Cd(f)         	Cd(r)         	Cl            	Cl(f)         	Cl(r)         	CmPitch       	CmRoll        	CmYaw         	Cs            	Cs(f)         	Cs(r)         
1             	1.380547e-01	6.894966e-02	6.910503e-02	-2.529826e-02	5.653944e-02	-8.183770e-02	6.918857e-02	-7.768167e-05	8.426864e-05	9.184655e-05	1.301919e-04	-3.834537e-05
2             	1.092922e-01	5.461451e-02	5.467765e-02	-3.223880e-02	4.249018e-02	-7.472899e-02	5.860958e-02	-3.157176e-05	-1.939153e-05	-5.252737e-06	-2.201790e-05	1.676516e-05
3             	8.780821e-02	4.392961e-02	4.387860e-02	-3.195522e-02	3.262942e-02	-6.458464e-02	4.860703e-02	2.550439e-05	-1.303627e-04	-1.204933e-04	-1.906093e-04	7.011601e-05
4             	6.949406e-02	3.483035e-02	3.466370e-02	-2.634164e-02	2.495551e-02	-5.129715e-02	3.812633e-02	8.332491e-05	-2.337499e-04	-2.382436e-04	-3.528717e-04	1.146281e-04
5             	5.325617e-02	2.675949e-02	2.649668e-02	-1.772925e-02	1.871919e-02	-3.644844e-02	2.758382e-02	1.314042e-04	-3.149537e-04	-3.407962e-04	-4.853518e-04	1.445556e-04
6             	3.935175e-02	1.983779e-02	1.951396e-02	-8.412448e-03	1.375209e-02	-2.216454e-02	1.795832e-02	1.619121e-04	-3.635778e-04	-4.130950e-04	-5.701253e-04	1.570303e-04
7             	2.835398e-02	1.434888e-02	1.400509e-02	-2.354079e-04	1.005945e-02	-1.029486e-02	1.017716e-02	1.718957e-04	-3.770431e-04	-4.481248e-04	-6.011055e-04	1.529807e-04
8             	2.062012e-02	1.047365e-02	1.014646e-02	5.632562e-03	7.619617e-03	-1.987055e-03	4.803336e-03	1.635940e-04	-3.609610e-04	-4.480809e-04	-5.850014e-04	1.369205e-04
9             	1.608282e-02	8.184346e-03	7.898472e-03	8.745687e-03	6.301073e-03	2.444613e-03	1.928230e-03	1.429373e-04	-3.263686e-04	-4.218998e-04	-5.373185e-04	1.154187e-04
10            	1.427455e-02	7.255079e-03	7.019474e-03	9.271373e-03	5.870335e-03	3.401038e-03	1.234649e-03	1.178023e-04	-2.869422e-04	-3.829604e-04	-4.784224e-04	9.546197e-05
11            	1.445759e-02	7.324550e-03	7.133039e-03	7.799698e-03	6.032744e-03	1.766954e-03	2.132895e-03	9.575594e-05	-2.550874e-04	-3.448634e-04	-4.275191e-04	8.265568e-05
12            	1.580062e-02	7.982755e-03	7.817868e-03	5.121909e-03	6.489722e-03	-1.367813e-03	3.928768e-03	8.244377e-05	-2.393075e-04	-3.182926e-04	-3.984538e-04	8.016122e-05
13            	1.753781e-02	8.849502e-03	8.688311e-03	2.031788e-03	6.988261e-03	-4.956473e-03	5.972367e-03	8.059551e-05	-2.429154e-04	-3.091707e-04	-3.975007e-04	8.833007e-05
14            	1.907924e-02	9.629714e-03	9.449530e-03	-8.190902e-04	7.351417e-03	-8.170507e-03	7.760962e-03	9.009198e-05	-2.645463e-04	-3.186403e-04	-4.238665e-04	1.052262e-04
15            	2.006131e-02	1.013913e-02	9.922187e-03	-2.999530e-03	7.486990e-03	-1.048652e-02	8.986754e-03	1.084704e-04	-2.990446e-04	-3.436068e-04	-4.708480e-04	1.272412e-04
16            	2.034716e-02	1.030550e-02	1.004165e-02	-4.317528e-03	7.381251e-03	-1.169878e-02	9.540014e-03	1.319251e-04	-3.395881e-04	-3.788016e-04	-5.289889e-04	1.501873e-04
17            	1.998377e-02	1.014824e-02	9.835527e-03	-4.788444e-03	7.078174e-03	-1.186662e-02	9.472396e-03	1.563559e-04	-3.793885e-04	-4.180818e-04	-5.884294e-04	1.703476e-04
18            	1.913755e-02	9.746987e-03	9.390565e-03	-4.573780e-03	6.653604e-03	-1.122738e-02	8.940494e-03	1.782114e-04	-4.129861e-04	-4.557382e-04	-6.408552e-04	1.851170e-04
19            	1.802520e-02	9.207608e-03	8.817592e-03	-3.909948e-03	6.189364e-03	-1.009931e-02	8.144338e-03	1.950080e-04	-4.369784e-04	-4.873418e-04	-6.806494e-04	1.933075e-04
20            	1.685649e-02	8.633905e-03	8.222583e-03	-3.044131e-03	5.754843e-03	-8.798974e-03	7.276908e-03	2.056611e-04	-4.504124e-04	-5.104100e-04	-7.056174e-04	1.952074e-04
21            	1.579474e-02	8.107786e-03	7.686950e-03	-2.186213e-03	5.395631e-03	-7.581844e-03	6.488737e-03	2.104181e-04	-4.544523e-04	-5.243968e-04	-7.166507e-04	1.922539e-04
22            	1.493910e-02	7.680105e-03	7.258991e-03	-1.482309e-03	5.130986e-03	-6.613295e-03	5.872140e-03	2.105567e-04	-4.517328e-04	-5.303388e-04	-7.169021e-04	1.865634e-04
23            	1.432371e-02	7.369773e-03	6.953937e-03	-1.007109e-03	4.956910e-03	-5.964019e-03	5.460465e-03	2.079179e-04	-4.455053e-04	-5.303215e-04	-7.106660e-04	1.803445e-04
24            	1.393045e-02	7.169716e-03	6.760737e-03	-7.719842e-04	4.853616e-03	-5.625600e-03	5.239608e-03	2.044894e-04	-4.390043e-04	-5.270025e-04	-7.025055e-04	1.755031e-04
25            	1.370831e-02	7.056149e-03	6.652158e-03	-7.423199e-04	4.794159e-03	-5.536479e-03	5.165319e-03	2.019955e-04	-4.347961e-04	-5.229612e-04	-6.962767e-04	1.733155e-04
26            	1.359366e-02	6.998472e-03	6.595190e-03	-8.582217e-04	4.752446e-03	-5.610668e-03	5.181557e-03	2.016409e-04	-4.344898e-04	-5.203612e-04	-6.946704e-04	1.743091e-04
27            	1.352679e-02	6.967364e-03	6.559421e-03	-1.053451e-03	4.708634e-03	-5.762086e-03	5.235360e-03	2.039715e-04	-4.385788e-04	-5.205894e-04	-6.988735e-04	1.782841e-04
28            	1.346200e-02	6.939921e-03	6.522075e-03	-1.269265e-03	4.651392e-03	-5.920657e-03	5.286025e-03	2.089230e-04	-4.466376e-04	-5.242659e-04	-7.087706e-04	1.845047e-04
29            	1.337222e-02	6.902054e-03	6.470165e-03	-1.462756e-03	4.577926e-03	-6.040682e-03	5.309304e-03	2.159445e-04	-4.575567e-04	-5.312585e-04	-7.231860e-04	1.919275e-04
30            	1.324824e-02	6.848325e-03	6.399911e-03	-1.609581e-03	4.492051e-03	-6.101632e-03	5.296841e-03	2.242069e-04	-4.699467e-04	-5.409024e-04	-7.403979e-04	1.994955e-04
31            	1.309416e-02	6.779861e-03	6.314302e-03	-1.702066e-03	4.401152e-03	-6.103218e-03	5.252185e-03	2.327792e-04	-4.823714e-04	-5.521623e-04	-7.584525e-04	2.062902e-04
32            	1.292154e-02	6.701571e-03	6.219973e-03	-1.744823e-03	4.313162e-03	-6.057985e-03	5.185574e-03	2.407993e-04	-4.935889e-04	-5.638145e-04	-7.754961e-04	2.116816e-04
33            	1.274383e-02	6.619535e-03	6.124291e-03	-1.749529e-03	4.234276e-03	-5.983805e-03	5.109040e-03	2.476222e-04	-5.027487e-04	-5.747087e-04	-7.901031e-04	2.153944e-04
34            	1.257226e-02	6.539021e-03	6.033239e-03	-1.730177e-03	4.167679e-03	-5.897856e-03	5.032767e-03	2.528908e-04	-5.094625e-04	-5.839430e-04	-8.014340e-04	2.174910e-04
35            	1.241370e-02	6.463389e-03	5.950314e-03	-1.699567e-03	4.113327e-03	-5.812894e-03	4.963110e-03	2.565379e-04	-5.137673e-04	-5.909524e-04	-8.092435e-04	2.182911e-04
36            	1.227015e-02	6.393811e-03	5.876335e-03	-1.667276e-03	4.068543e-03	-5.735818e-03	4.902181e-03	2.587384e-04	-5.160201e-04	-5.955465e-04	-8.137934e-04	2.182469e-04
37            	1.213975e-02	6.329698e-03	5.810048e-03	-1.639098e-03	4.029179e-03	-5.668277e-03	4.848728e-03	2.598253e-04	-5.167541e-04	-5.978528e-04	-8.156805e-04	2.178277e-04
38            	1.201855e-02	6.269493e-03	5.749055e-03	-1.617517e-03	3.990906e-03	-5.608422e-03	4.799664e-03	2.602194e-04	-5.166025e-04	-5.983117e-04	-8.157584e-04	2.174467e-04
39            	1.190231e-02	6.211490e-03	5.690816e-03	-1.602720e-03	3.950304e-03	-5.553024e-03	4.751664e-03	2.603368e-04	-5.161578e-04	-5.975393e-04	-8.149274e-04	2.173882e-04
40            	1.178784e-02	6.154444e-03	5.633394e-03	-1.593677e-03	3.905511e-03	-5.499188e-03	4.702350e-03	2.605248e-04	-5.158865e-04	-5.962016e-04	-8.139873e-04	2.177857e-04
41            	1.167375e-02	6.097894e-03	5.575858e-03	-1.589040e-03	3.856391e-03	-5.445431e-03	4.650911e-03	2.610177e-04	-5.160811e-04	-5.949024e-04	-8.135323e-04	2.186299e-04
42            	1.156049e-02	6.042169e-03	5.518318e-03	-1.587695e-03	3.804280e-03	-5.391975e-03	4.598127e-03	2.619255e-04	-5.168565e-04	-5.941013e-04	-8.139071e-04	2.198058e-04
43            	1.144983e-02	5.988162e-03	5.461669e-03	-1.588955e-03	3.751445e-03	-5.340400e-03	4.545923e-03	2.632465e-04	-5.181781e-04	-5.940726e-04	-8.152144e-04	2.211418e-04
44            	1.134415e-02	5.936967e-03	5.407179e-03	-1.592484e-03	3.700419e-03	-5.292903e-03	4.496661e-03	2.648941e-04	-5.199076e-04	-5.948964e-04	-8.173558e-04	2.224594e-04
45            	1.124556e-02	5.889514e-03	5.356050e-03	-1.598083e-03	3.653387e-03	-5.251470e-03	4.452429e-03	2.667325e-04	-5.218520e-04	-5.964778e-04	-8.200909e-04	2.236131e-04
46            	1.115537e-02	5.846300e-03	5.309073e-03	-1.605468e-03	3.611752e-03	-5.217220e-03	4.414486e-03	2.686135e-04	-5.238118e-04	-5.985941e-04	-8.231088e-04	2.245147e-04
47            	1.107370e-02	5.807260e-03	5.266443e-03	-1.614130e-03	3.575935e-03	-5.190064e-03	4.382999e-03	2.704084e-04	-5.256233e-04	-6.009588e-04	-8.261027e-04	2.251439e-04
48            	1.099956e-02	5.771807e-03	5.227750e-03	-1.623316e-03	3.545420e-03	-5.168737e-03	4.357078e-03	2.720283e-04	-5.271838e-04	-6.032870e-04	-8.288273e-04	2.255403e-04
49            	1.093109e-02	5.738973e-03	5.192120e-03	-1.632127e-03	3.518985e-03	-5.151112e-03	4.335049e-03	2.734267e-04	-5.284499e-04	-6.053367e-04	-8.311183e-04	2.257816e-04
50            	1.086608e-02	5.707635e-03	5.158443e-03	-1.639673e-03	3.495031e-03	-5.134703e-03	4.314867e-03	2.745964e-04	-5.294294e-04	-6.069389e-04	-8.328988e-04	2.259599e-04
51            	1.080239e-02	5.676759e-03	5.125630e-03	-1.645259e-03	3.471951e-03	-5.117209e-03	4.294580e-03	2.755645e-04	-5.301716e-04	-6.080191e-04	-8.341811e-04	2.261621e-04
52            	1.073838e-02	5.645569e-03	5.092816e-03	-1.648527e-03	3.448422e-03	-5.096949e-03	4.272686e-03	2.763766e-04	-5.307446e-04	-6.085911e-04	-8.350402e-04	2.264490e-04
53            	1.067317e-02	5.613670e-03	5.059505e-03	-1.649512e-03	3.423610e-03	-5.073122e-03	4.248366e-03	2.770829e-04	-5.312152e-04	-6.087355e-04	-8.355829e-04	2.268474e-04
54            	1.060667e-02	5.581062e-03	5.025608e-03	-1.648621e-03	3.397235e-03	-5.045856e-03	4.221546e-03	2.777272e-04	-5.316338e-04	-6.085723e-04	-8.359200e-04	2.273477e-04
55            	1.053946e-02	5.548070e-03	4.991393e-03	-1.646528e-03	3.369525e-03	-5.016053e-03	4.192789e-03	2.783384e-04	-5.320247e-04	-6.082309e-04	-8.361402e-04	2.279092e-04
56            	1.047260e-02	5.515228e-03	4.957370e-03	-1.644031e-03	3.341075e-03	-4.985106e-03	4.163091e-03	2.789288e-04	-5.323849e-04	-6.078238e-04	-8.362968e-04	2.284730e-04
57            	1.040727e-02	5.483131e-03	4.924142e-03	-1.641890e-03	3.312667e-03	-4.954557e-03	4.133612e-03	2.794943e-04	-5.326886e-04	-6.074281e-04	-8.364027e-04	2.289746e-04
58            	1.034457e-02	5.452310e-03	4.892264e-03	-1.640692e-03	3.285083e-03	-4.925775e-03	4.105429e-03	2.800228e-04	-5.329012e-04	-6.070833e-04	-8.364429e-04	2.293595e-04
59            	1.028527e-02	5.423132e-03	4.862134e-03	-1.640771e-03	3.258954e-03	-4.899725e-03	4.079340e-03	2.804990e-04	-5.329892e-04	-6.067926e-04	-8.363855e-04	2.295929e-04
60            	1.022968e-02	5.395749e-03	4.833928e-03	-1.642175e-03	3.234667e-03	-4.876842e-03	4.055755e-03	2.809103e-04	-5.329297e-04	-6.065297e-04	-8.361946e-04	2.296649e-04
61            	1.017770e-02	5.370103e-03	4.807599e-03	-1.644707e-03	3.212330e-03	-4.857037e-03	4.034684e-03	2.812518e-04	-5.327185e-04	-6.062547e-04	-8.358459e-04	2.295912e-04
62            	1.012887e-02	5.345964e-03	4.782908e-03	-1.647992e-03	3.191801e-03	-4.839793e-03	4.015797e-03	2.815282e-04	-5.323730e-04	-6.059280e-04	-8.353370e-04	2.294090e-04
63            	1.008249e-02	5.323001e-03	4.759493e-03	-1.651578e-03	3.172751e-03	-4.824330e-03	3.998541e-03	2.817536e-04	-5.319298e-04	-6.055224e-04	-8.346910e-04	2.291686e-04
64            	1.003780e-02	5.300849e-03	4.736953e-03	-1.655030e-03	3.154757e-03	-4.809787e-03	3.982272e-03	2.819483e-04	-5.314380e-04	-6.050273e-04	-8.339517e-04	2.289244e-04
65            	9.994102e-03	5.279186e-03	4.714916e-03	-1.658006e-03	3.137387e-03	-4.795393e-03	3.966390e-03	2.821347e-04	-5.309511e-04	-6.044517e-04	-8.331770e-04	2.287252e-04
66            	9.950878e-03	5.257772e-03	4.693105e-03	-1.660306e-03	3.120277e-03	-4.780583e-03	3.950430e-03	2.823335e-04	-5.305183e-04	-6.038212e-04	-8.324289e-04	2.286077e-04
67            	9.907851e-03	5.236485e-03	4.671366e-03	-1.661893e-03	3.103183e-03	-4.765076e-03	3.934129e-03	2.825597e-04	-5.301755e-04	-6.031710e-04	-8.317610e-04	2.285900e-04
68            	9.864974e-03	5.215306e-03	4.649668e-03	-1.662860e-03	3.085991e-03	-4.748852e-03	3.917421e-03	2.828189e-04	-5.299392e-04	-6.025358e-04	-8.312071e-04	2.286713e-04
69            	9.822384e-03	5.194302e-03	4.628083e-03	-1.663393e-03	3.068708e-03	-4.732101e-03	3.900404e-03	2.831096e-04	-5.298082e-04	-6.019461e-04	-8.307812e-04	2.288351e-04
70            	9.780341e-03	5.173592e-03	4.606749e-03	-1.663720e-03	3.051431e-03	-4.715151e-03	3.883291e-03	2.834211e-04	-5.297608e-04	-6.014183e-04	-8.304699e-04	2.290516e-04
71            	9.739146e-03	5.153310e-03	4.585836e-03	-1.664060e-03	3.034312e-03	-4.698372e-03	3.866342e-03	2.837368e-04	-5.297609e-04	-6.009527e-04	-8.302372e-04	2.292845e-04
72            	9.699075e-03	5.133575e-03	4.565500e-03	-1.664584e-03	3.017515e-03	-4.682100e-03	3.849807e-03	2.840373e-04	-5.297639e-04	-6.005342e-04	-8.300310e-04	2.294968e-04
73            	9.660318e-03	5.114463e-03	4.545855e-03	-1.665388e-03	3.001180e-03	-4.666569e-03	3.833874e-03	2.843043e-04	-5.297257e-04	-6.001364e-04	-8.297939e-04	2.296575e-04
74            	9.622966e-03	5.096004e-03	4.526961e-03	-1.666495e-03	2.985406e-03	-4.651901e-03	3.818654e-03	2.845216e-04	-5.296052e-04	-5.997233e-04	-8.294668e-04	2.297435e-04
75            	9.586999e-03	5.078179e-03	4.508820e-03	-1.667858e-03	2.970235e-03	-4.638093e-03	3.804164e-03	2.846798e-04	-5.293744e-04	-5.992597e-04	-8.290043e-04	2.297446e-04
76            	9.552309e-03	5.060931e-03	4.491378e-03	-1.669382e-03	2.955659e-03	-4.625042e-03	3.790351e-03	2.847762e-04	-5.290205e-04	-5.987163e-04	-8.283787e-04	2.296624e-04
77            	9.518732e-03	5.044182e-03	4.474550e-03	-1.670957e-03	2.941629e-03	-4.612586e-03	3.777107e-03	2.848158e-04	-5.285468e-04	-5.980747e-04	-8.275842e-04	2.295094e-04
78            	9.486081e-03	5.027850e-03	4.458231e-03	-1.672475e-03	2.928070e-03	-4.600544e-03	3.764307e-03	2.848092e-04	-5.279710e-04	-5.973299e-04	-8.266359e-04	2.293060e-04
79            	9.454189e-03	5.011866e-03	4.442323e-03	-1.673855e-03	2.914903e-03	-4.588758e-03	3.751831e-03	2.847714e-04	-5.273219e-04	-5.964908e-04	-8.255673e-04	2.290765e-04
80            	9.422925e-03	4.996181e-03	4.426744e-03	-1.675055e-03	2.902058e-03	-4.577113e-03	3.739585e-03	2.847185e-04	-5.266343e-04	-5.955780e-04	-8.244233e-04	2.288453e-04
81            	9.392209e-03	4.980770e-03	4.411439e-03	-1.676072e-03	2.889479e-03	-4.565551e-03	3.727515e-03	2.846659e-04	-5.259429e-04	-5.946197e-04	-8.232528e-04	2.286331e-04
82            	9.362016e-03	4.965634e-03	4.396382e-03	-1.676937e-03	2.877136e-03	-4.554073e-03	3.715605e-03	2.846257e-04	-5.252777e-04	-5.936464e-04	-8.221009e-04	2.284545e-04
83            	9.332361e-03	4.950786e-03	4.381575e-03	-1.677701e-03	2.865018e-03	-4.542719e-03	3.703869e-03	2.846060e-04	-5.246608e-04	-5.926876e-04	-8.210046e-04	2.283170e-04
84            	9.303289e-03	4.936255e-03	4.367035e-03	-1.678427e-03	2.853131e-03	-4.531558e-03	3.692344e-03	2.846101e-04	-5.241050e-04	-5.917670e-04	-8.199885e-04	2.282215e-04
85            	9.274855e-03	4.922064e-03	4.352790e-03	-1.679170e-03	2.841490e-03	-4.520660e-03	3.681075e-03	2.846371e-04	-5.236124e-04	-5.909005e-04	-8.190627e-04	2.281622e-04
86            	9.247104e-03	4.908234e-03	4.338870e-03	-1.679974e-03	2.830111e-03	-4.510085e-03	3.670098e-03	2.846819e-04	-5.231760e-04	-5.900936e-04	-8.182228e-04	2.281292e-04
87            	9.220076e-03	4.894774e-03	4.325302e-03	-1.680857e-03	2.819014e-03	-4.499871e-03	3.659443e-03	2.847364e-04	-5.227803e-04	-5.893419e-04	-8.174512e-04	2.281093e-04
88            	9.193766e-03	4.881675e-03	4.312091e-03	-1.681821e-03	2.808201e-03	-4.490022e-03	3.649111e-03	2.847918e-04	-5.224064e-04	-5.886342e-04	-8.167235e-04	2.280893e-04
89            	9.168156e-03	4.868917e-03	4.299238e-03	-1.682848e-03	2.797670e-03	-4.480518e-03	3.639094e-03	2.848394e-04	-5.220346e-04	-5.879539e-04	-8.160115e-04	2.280576e-04
90            	9.143207e-03	4.856476e-03	4.286731e-03	-1.683906e-03	2.787411e-03	-4.471316e-03	3.629363e-03	2.848726e-04	-5.216471e-04	-5.872824e-04	-8.152883e-04	2.280059e-04
91            	9.118873e-03	4.844322e-03	4.274552e-03	-1.684961e-03	2.777409e-03	-4.462370e-03	3.619889e-03	2.848851e-04	-5.212285e-04	-5.866013e-04	-8.145292e-04	2.279279e-04
92            	9.095102e-03	4.832425e-03	4.262677e-03	-1.685982e-03	2.767646e-03	-4.453628e-03	3.610637e-03	2.848742e-04	-5.207698e-04	-5.858954e-04	-8.137175e-04	2.278221e-04
93            	9.071844e-03	4.820762e-03	4.251082e-03	-1.686943e-03	2.758107e-03	-4.445050e-03	3.601578e-03	2.848401e-04	-5.202680e-04	-5.851548e-04	-8.128454e-04	2.276906e-04
94            	9.049062e-03	4.809316e-03	4.239746e-03	-1.687831e-03	2.748776e-03	-4.436607e-03	3.592692e-03	2.847853e-04	-5.197259e-04	-5.843752e-04	-8.119135e-04	2.275383e-04
95            	9.026731e-03	4.798080e-03	4.228651e-03	-1.688644e-03	2.739645e-03	-4.428289e-03	3.583967e-03	2.847144e-04	-5.191513e-04	-5.835586e-04	-8.109306e-04	2.273720e-04
96            	9.004840e-03	4.787053e-03	4.217787e-03	-1.689392e-03	2.730708e-03	-4.420100e-03	3.575404e-03	2.846332e-04	-5.185556e-04	-5.827120e-04	-8.099115e-04	2.271996e-04
97            	8.983388e-03	4.776242e-03	4.207147e-03	-1.690090e-03	2.721966e-03	-4.412056e-03	3.567011e-03	2.845475e-04	-5.179505e-04	-5.818452e-04	-8.088731e-04	2.270279e-04
98            	8.962383e-03	4.765654e-03	4.196729e-03	-1.690758e-03	2.713420e-03	-4.404179e-03	3.558799e-03	2.844624e-04	-5.173477e-04	-5.809696e-04	-8.078325e-04	2.268628e-04
99            	8.941835e-03	4.755299e-03	4.186536e-03	-1.691418e-03	2.705075e-03	-4.396492e-03	3.550784e-03	2.843817e-04	-5.167561e-04	-5.800962e-04	-8.068042e-04	2.267080e-04
100           	8.921752e-03	4.745184e-03	4.176568e-03	-1.692085e-03	2.696932e-03	-4.389017e-03	3.542974e-03	2.843079e-04	-5.161821e-04	-5.792341e-04	-8.057991e-04	2.265650e-04
101           	8.902139e-03	4.735311e-03	4.166828e-03	-1.692770e-03	2.688994e-03	-4.381763e-03	3.535379e-03	2.842417e-04	-5.156286e-04	-5.783898e-04	-8.048235e-04	2.264337e-04
102           	8.882990e-03	4.725677e-03	4.157313e-03	-1.693475e-03	2.681255e-03	-4.374730e-03	3.527992e-03	2.841819e-04	-5.150946e-04	-5.775659e-04	-8.038776e-04	2.263117e-04
103           	8.864303e-03	4.716279e-03	4.148024e-03	-1.694203e-03	2.673715e-03	-4.367918e-03	3.520817e-03	2.841273e-04	-5.145779e-04	-5.767624e-04	-8.029591e-04	2.261967e-04
104           	8.846062e-03	4.707106e-03	4.138956e-03	-1.694946e-03	2.666369e-03	-4.361315e-03	3.513842e-03	2.840753e-04	-5.140729e-04	-5.759760e-04	-8.020609e-04	2.260849e-04
105           	8.828252e-03	4.698150e-03	4.130102e-03	-1.695696e-03	2.659211e-03	-4.354907e-03	3.507059e-03	2.840241e-04	-5.135751e-04	-5.752024e-04	-8.011763e-04	2.259739e-04
106           	8.810849e-03	4.689394e-03	4.121455e-03	-1.696442e-03	2.652226e-03	-4.348668e-03	3.500447e-03	2.839694e-04	-5.130764e-04	-5.744348e-04	-8.002938e-04	2.258590e-04
107           	8.793831e-03	4.680825e-03	4.113007e-03	-1.697174e-03	2.645408e-03	-4.342581e-03	3.493994e-03	2.839090e-04	-5.125716e-04	-5.736675e-04	-7.994053e-04	2.257378e-04
108           	8.777182e-03	4.672432e-03	4.104749e-03	-1.697885e-03	2.638746e-03	-4.336631e-03	3.487688e-03	2.838415e-04	-5.120571e-04	-5.728958e-04	-7.985050e-04	2.256092e-04
109           	8.760885e-03	4.664208e-03	4.096676e-03	-1.698571e-03	2.632235e-03	-4.330805e-03	3.481520e-03	2.837662e-04	-5.115307e-04	-5.721161e-04	-7.975887e-04	2.254726e-04
110           	8.744929e-03	4.656147e-03	4.088781e-03	-1.699231e-03	2.625869e-03	-4.325100e-03	3.475484e-03	2.836829e-04	-5.109916e-04	-5.713262e-04	-7.966547e-04	2.253285e-04
111           	8.729302e-03	4.648243e-03	4.081059e-03	-1.699865e-03	2.619641e-03	-4.319507e-03	3.469574e-03	2.835922e-04	-5.104403e-04	-5.705253e-04	-7.957029e-04	2.251776e-04
112           	8.714004e-03	4.640497e-03	4.073507e-03	-1.700480e-03	2.613556e-03	-4.314035e-03	3.463795e-03	2.834949e-04	-5.098786e-04	-5.697139e-04	-7.947356e-04	2.250217e-04
113           	8.699032e-03	4.632908e-03	4.066124e-03	-1.701079e-03	2.607610e-03	-4.308689e-03	3.458149e-03	2.833924e-04	-5.093089e-04	-5.688936e-04	-7.937557e-04	2.248621e-04
114           	8.684385e-03	4.625478e-03	4.058907e-03	-1.701668e-03	2.601803e-03	-4.303471e-03	3.452637e-03	2.832857e-04	-5.087338e-04	-5.680664e-04	-7.927670e-04	2.247006e-04
115           	8.670059e-03	4.618205e-03	4.051854e-03	-1.702250e-03	2.596135e-03	-4.298385e-03	3.447260e-03	2.831757e-04	-5.081555e-04	-5.672348e-04	-7.917729e-04	2.245381e-04
116           	8.656052e-03	4.611089e-03	4.044963e-03	-1.702829e-03	2.590603e-03	-4.293431e-03	3.442017e-03	2.830633e-04	-5.075758e-04	-5.664010e-04	-7.907763e-04	2.243753e-04
117           	8.642360e-03	4.604129e-03	4.038231e-03	-1.703405e-03	2.585205e-03	-4.288611e-03	3.436908e-03	2.829489e-04	-5.069963e-04	-5.655669e-04	-7.897798e-04	2.242128e-04
118           	8.628975e-03	4.597320e-03	4.031655e-03	-1.703981e-03	2.579940e-03	-4.283921e-03	3.431930e-03	2.828327e-04	-5.064177e-04	-5.647341e-04	-7.887847e-04	2.240506e-04
119           	8.615893e-03	4.590661e-03	4.025232e-03	-1.704554e-03	2.574803e-03	-4.279358e-03	3.427080e-03	2.827147e-04	-5.058399e-04	-5.639029e-04	-7.877913e-04	2.238884e-04
120           	8.603104e-03	4.584146e-03	4.018957e-03	-1.705124e-03	2.569792e-03	-4.274917e-03	3.422355e-03	2.825947e-04	-5.052625e-04	-5.630736e-04	-7.867992e-04	2.237257e-04
121           	8.590598e-03	4.577772e-03	4.012825e-03	-1.705688e-03	2.564901e-03	-4.270589e-03	3.417745e-03	2.824735e-04	-5.046864e-04	-5.622469e-04	-7.858099e-04	2.235629e-04
122           	8.578370e-03	4.571534e-03	4.006836e-03	-1.706245e-03	2.560129e-03	-4.266374e-03	3.413251e-03	2.823488e-04	-5.041080e-04	-5.614201e-04	-7.848180e-04	2.233979e-04
123           	8.566412e-03	4.565426e-03	4.000986e-03	-1.706795e-03	2.555471e-03	-4.262266e-03	3.408868e-03	2.822200e-04	-5.035261e-04	-5.605921e-04	-7.838221e-04	2.232301e-04
124           	8.554716e-03	4.559445e-03	3.995271e-03	-1.707335e-03	2.550925e-03	-4.258259e-03	3.404592e-03	2.820868e-04	-5.029400e-04	-5.597621e-04	-7.828210e-04	2.230590e-04
125           	8.543276e-03	4.553587e-03	3.989689e-03	-1.707865e-03	2.546486e-03	-4.254351e-03	3.400419e-03	2.819490e-04	-5.023492e-04	-5.589295e-04	-7.818139e-04	2.228844e-04
126           	8.532085e-03	4.547849e-03	3.984236e-03	-1.708385e-03	2.542153e-03	-4.250538e-03	3.396345e-03	2.818066e-04	-5.017533e-04	-5.580939e-04	-7.808003e-04	2.227064e-04
127           	8.521137e-03	4.542228e-03	3.978909e-03	-1.708896e-03	2.537921e-03	-4.246817e-03	3.392369e-03	2.816597e-04	-5.011528e-04	-5.572552e-04	-7.797804e-04	2.225252e-04
128           	8.510428e-03	4.536723e-03	3.973705e-03	-1.709397e-03	2.533789e-03	-4.243187e-03	3.388488e-03	2.815086e-04	-5.005482e-04	-5.564138e-04	-7.787550e-04	2.223413e-04
129           	8.499953e-03	4.531330e-03	3.968623e-03	-1.709890e-03	2.529755e-03	-4.239645e-03	3.384700e-03	2.813536e-04	-4.999401e-04	-5.555700e-04	-7.777251e-04	2.221551e-04
130           	8.489707e-03	4.526048e-03	3.963658e-03	-1.710376e-03	2.525816e-03	-4.236191e-03	3.381004e-03	2.811950e-04	-4.993293e-04	-5.547246e-04	-7.766916e-04	2.219670e-04
131           	8.479686e-03	4.520876e-03	3.958810e-03	-1.710854e-03	2.521970e-03	-4.232824e-03	3.377397e-03	2.810332e-04	-4.987167e-04	-5.538783e-04	-7.756558e-04	2.217776e-04
132           	8.469885e-03	4.515811e-03	3.954074e-03	-1.711326e-03	2.518216e-03	-4.229542e-03	3.373879e-03	2.808683e-04	-4.981029e-04	-5.530319e-04	-7.746189e-04	2.215870e-04
133           	8.460302e-03	4.510852e-03	3.949450e-03	-1.711791e-03	2.514552e-03	-4.226343e-03	3.370448e-03	2.807008e-04	-4.974886e-04	-5.521862e-04	-7.735817e-04	2.213955e-04
134           	8.450930e-03	4.505996e-03	3.944934e-03	-1.712251e-03	2.510976e-03	-4.223226e-03	3.367101e-03	2.805308e-04	-4.968745e-04	-5.513421e-04	-7.725455e-04	2.212034e-04
135           	8.441766e-03	4.501242e-03	3.940525e-03	-1.712704e-03	2.507485e-03	-4.220189e-03	3.363837e-03	2.803586e-04	-4.962610e-04	-5.505003e-04	-7.715111e-04	2.210108e-04
136           	8.432806e-03	4.496587e-03	3.936218e-03	-1.713151e-03	2.504078e-03	-4.217230e-03	3.360654e-03	2.801844e-04	-4.956486e-04	-5.496612e-04	-7.704792e-04	2.208180e-04
137           	8.424044e-03	4.492030e-03	3.932013e-03	-1.713592e-03	2.500754e-03	-4.214345e-03	3.357550e-03	2.800084e-04	-4.950376e-04	-5.488255e-04	-7.694504e-04	2.206249e-04
138           	8.415476e-03	4.487568e-03	3.927907e-03	-1.714026e-03	2.497509e-03	-4.211535e-03	3.354522e-03	2.798307e-04	-4.944284e-04	-5.479934e-04	-7.684251e-04	2.204317e-04
139           	8.407097e-03	4.483200e-03	3.923897e-03	-1.714453e-03	2.494341e-03	-4.208795e-03	3.351568e-03	2.796515e-04	-4.938213e-04	-5.471655e-04	-7.674040e-04	2.202385e-04
140           	8.398901e-03	4.478923e-03	3.919978e-03	-1.714873e-03	2.491248e-03	-4.206121e-03	3.348684e-03	2.794723e-04	-4.932186e-04	-5.463437e-04	-7.663904e-04	2.200468e-04
141           	8.390887e-03	4.474735e-03	3.916152e-03	-1.715286e-03	2.488229e-03	-4.203515e-03	3.345872e-03	2.792913e-04	-4.926176e-04	-5.455258e-04	-7.653805e-04	2.198547e-04
142           	8.383051e-03	4.470634e-03	3.912417e-03	-1.715693e-03	2.485284e-03	-4.200977e-03	3.343130e-03	2.791084e-04	-4.920183e-04	-5.447121e-04	-7.643744e-04	2.196623e-04
143           	8.375389e-03	4.466618e-03	3.908771e-03	-1.716094e-03	2.482409e-03	-4.198503e-03	3.340456e-03	2.789237e-04	-4.914211e-04	-5.439030e-04	-7.633726e-04	2.194696e-04
144           	8.367897e-03	4.462686e-03	3.905211e-03	-1.716489e-03	2.479603e-03	-4.196092e-03	3.337847e-03	2.787376e-04	-4.908265e-04	-5.430990e-04	-7.623760e-04	2.192770e-04
145           	8.360571e-03	4.458836e-03	3.901735e-03	-1.716877e-03	2.476865e-03	-4.193742e-03	3.335303e-03	2.785503e-04	-4.902351e-04	-5.423010e-04	-7.613856e-04	2.190846e-04
146           	8.353407e-03	4.455066e-03	3.898341e-03	-1.717259e-03	2.474192e-03	-4.191450e-03	3.332821e-03	2.783623e-04	-4.896477e-04	-5.415096e-04	-7.604025e-04	2.188929e-04
147           	8.346401e-03	4.451374e-03	3.895027e-03	-1.717634e-03	2.471582e-03	-4.189216e-03	3.330399e-03	2.781738e-04	-4.890648e-04	-5.407254e-04	-7.594275e-04	2.187021e-04
148           	8.339549e-03	4.447760e-03	3.891790e-03	-1.718003e-03	2.469035e-03	-4.187038e-03	3.328036e-03	2.779850e-04	-4.884869e-04	-5.399490e-04	-7.584614e-04	2.185124e-04
149           	8.332850e-03	4.444221e-03	3.888629e-03	-1.718366e-03	2.466547e-03	-4.184914e-03	3.325730e-03	2.777963e-04	-4.879144e-04	-5.391807e-04	-7.575047e-04	2.183240e-04
150           	8.326298e-03	4.440757e-03	3.885541e-03	-1.718723e-03	2.464119e-03	-4.182842e-03	3.323481e-03	2.776076e-04	-4.873476e-04	-5.384209e-04	-7.565581e-04	2.181372e-04
151           	8.319892e-03	4.437365e-03	3.882527e-03	-1.719073e-03	2.461749e-03	-4.180822e-03	3.321285e-03	2.774193e-04	-4.867868e-04	-5.376699e-04	-7.556217e-04	2.179518e-04
152           	8.313627e-03	4.434045e-03	3.879582e-03	-1.719417e-03	2.459435e-03	-4.178852e-03	3.319144e-03	2.772312e-04	-4.862320e-04	-5.369279e-04	-7.546959e-04	2.177680e-04
153           	8.307502e-03	4.430794e-03	3.876707e-03	-1.719755e-03	2.457176e-03	-4.176931e-03	3.317054e-03	2.770436e-04	-4.856832e-04	-5.361949e-04	-7.537807e-04	2.175858e-04
154           	8.301512e-03	4.427612e-03	3.873900e-03	-1.720087e-03	2.454972e-03	-4.175059e-03	3.315015e-03	2.768563e-04	-4.851404e-04	-5.354709e-04	-7.528759e-04	2.174050e-04
155           	8.295656e-03	4.424497e-03	3.871158e-03	-1.720413e-03	2.452820e-03	-4.173232e-03	3.313026e-03	2.766694e-04	-4.846035e-04	-5.347560e-04	-7.519815e-04	2.172255e-04
156           	8.289929e-03	4.421448e-03	3.868482e-03	-1.720733e-03	2.450719e-03	-4.171452e-03	3.311085e-03	2.764830e-04	-4.840725e-04	-5.340501e-04	-7.510976e-04	2.170475e-04
157           	8.284330e-03	4.418462e-03	3.865868e-03	-1.721047e-03	2.448668e-03	-4.169716e-03	3.309192e-03	2.762972e-04	-4.835474e-04	-5.333532e-04	-7.502240e-04	2.168708e-04
158           	8.278855e-03	4.415540e-03	3.863316e-03	-1.721356e-03	2.446667e-03	-4.168022e-03	3.307345e-03	2.761120e-04	-4.830283e-04	-5.326654e-04	-7.493610e-04	2.166956e-04
159           	8.273499e-03	4.412679e-03	3.860821e-03	-1.721656e-03	2.444711e-03	-4.166367e-03	3.305539e-03	2.759289e-04	-4.825170e-04	-5.319877e-04	-7.485108e-04	2.165231e-04
160           	8.268263e-03	4.409878e-03	3.858385e-03	-1.721952e-03	2.442802e-03	-4.164754e-03	3.303778e-03	2.757463e-04	-4.820114e-04	-5.313192e-04	-7.476710e-04	2.163518e-04
161           	8.263145e-03	4.407137e-03	3.856008e-03	-1.722243e-03	2.440940e-03	-4.163183e-03	3.302061e-03	2.755644e-04	-4.815119e-04	-5.306600e-04	-7.468419e-04	2.161819e-04
162           	8.258142e-03	4.404454e-03	3.853687e-03	-1.722528e-03	2.439123e-03	-4.161651e-03	3.300387e-03	2.753833e-04	-4.810190e-04	-5.300105e-04	-7.460242e-04	2.160137e-04
163           	8.253250e-03	4.401829e-03	3.851422e-03	-1.722809e-03	2.437349e-03	-4.160158e-03	3.298754e-03	2.752036e-04	-4.805329e-04	-5.293709e-04	-7.452183e-04	2.158474e-04
164           	8.248468e-03	4.399259e-03	3.849209e-03	-1.723084e-03	2.435619e-03	-4.158702e-03	3.297161e-03	2.750252e-04	-4.800538e-04	-5.287414e-04	-7.444245e-04	2.156831e-04
165           	8.243793e-03	4.396745e-03	3.847048e-03	-1.723353e-03	2.433929e-03	-4.157282e-03	3.295606e-03	2.748485e-04	-4.795820e-04	-5.281219e-04	-7.436430e-04	2.155211e-04
166           	8.239222e-03	4.394284e-03	3.844937e-03	-1.723617e-03	2.432280e-03	-4.155896e-03	3.294088e-03	2.746735e-04	-4.791174e-04	-5.275123e-04	-7.428736e-04	2.153613e-04
167           	8.234753e-03	4.391877e-03	3.842876e-03	-1.723875e-03	2.430669e-03	-4.154544e-03	3.292607e-03	2.745003e-04	-4.786600e-04	-5.269125e-04	-7.421162e-04	2.152037e-04
168           	8.230383e-03	4.389520e-03	3.840863e-03	-1.724127e-03	2.429097e-03	-4.153224e-03	3.291160e-03	2.743288e-04	-4.782096e-04	-5.263225e-04	-7.413708e-04	2.150483e-04
169           	8.226110e-03	4.387214e-03	3.838896e-03	-1.724374e-03	2.427561e-03	-4.151935e-03	3.289748e-03	2.741590e-04	-4.777661e-04	-5.257422e-04	-7.406372e-04	2.148949e-04
170           	8.221933e-03	4.384958e-03	3.836976e-03	-1.724615e-03	2.426062e-03	-4.150676e-03	3.288369e-03	2.739909e-04	-4.773293e-04	-5.251715e-04	-7.399150e-04	2.147435e-04
171           	8.217849e-03	4.382749e-03	3.835100e-03	-1.724851e-03	2.424598e-03	-4.149448e-03	3.287023e-03	2.738244e-04	-4.768990e-04	-5.246100e-04	-7.392039e-04	2.145940e-04
172           	8.213857e-03	4.380588e-03	3.833269e-03	-1.725081e-03	2.423168e-03	-4.148249e-03	3.285709e-03	2.736594e-04	-4.764750e-04	-5.240576e-04	-7.385038e-04	2.144462e-04
173           	8.209954e-03	4.378473e-03	3.831481e-03	-1.725306e-03	2.421773e-03	-4.147079e-03	3.284426e-03	2.734960e-04	-4.760574e-04	-5.235143e-04	-7.378145e-04	2.143002e-04
174           	8.206139e-03	4.376404e-03	3.829735e-03	-1.725526e-03	2.420410e-03	-4.145937e-03	3.283173e-03	2.733342e-04	-4.756461e-04	-5.229801e-04	-7.371362e-04	2.141561e-04
175           	8.202409e-03	4.374379e-03	3.828030e-03	-1.725741e-03	2.419080e-03	-4.144822e-03	3.281951e-03	2.731742e-04	-4.752414e-04	-5.224550e-04	-7.364689e-04	2.140139e-04
176           	8.198763e-03	4.372397e-03	3.826366e-03	-1.725951e-03	2.417782e-03	-4.143733e-03	3.280758e-03	2.730159e-04	-4.748431e-04	-5.219390e-04	-7.358126e-04	2.138737e-04
177           	8.195199e-03	4.370459e-03	3.824740e-03	-1.726156e-03	2.416514e-03	-4.142671e-03	3.279593e-03	2.728594e-04	-4.744514e-04	-5.214318e-04	-7.351673e-04	2.137355e-04
178           	8.191716e-03	4.368563e-03	3.823153e-03	-1.726356e-03	2.415277e-03	-4.141633e-03	3.278455e-03	2.727049e-04	-4.740661e-04	-5.209334e-04	-7.345328e-04	2.135994e-04
179           	8.188311e-03	4.366708e-03	3.821603e-03	-1.726552e-03	2.414069e-03	-4.140621e-03	3.277345e-03	2.725525e-04	-4.736875e-04	-5.204440e-04	-7.339095e-04	2.134655e-04
180           	8.184983e-03	4.364894e-03	3.820089e-03	-1.726742e-03	2.412890e-03	-4.139632e-03	3.276261e-03	2.724023e-04	-4.733155e-04	-5.199636e-04	-7.332973e-04	2.133337e-04
181           	8.181731e-03	4.363120e-03	3.818611e-03	-1.726928e-03	2.411738e-03	-4.138667e-03	3.275203e-03	2.722543e-04	-4.729500e-04	-5.194920e-04	-7.326960e-04	2.132040e-04
182           	8.178552e-03	4.361384e-03	3.817167e-03	-1.727110e-03	2.410614e-03	-4.137724e-03	3.274169e-03	2.721085e-04	-4.725910e-04	-5.190290e-04	-7.321055e-04	2.130765e-04
183           	8.175445e-03	4.359687e-03	3.815757e-03	-1.727286e-03	2.409517e-03	-4.136803e-03	3.273160e-03	2.719650e-04	-4.722383e-04	-5.185745e-04	-7.315256e-04	2.129511e-04
184           	8.172408e-03	4.358028e-03	3.814380e-03	-1.727459e-03	2.408446e-03	-4.135904e-03	3.272175e-03	2.718237e-04	-4.718921e-04	-5.181285e-04	-7.309563e-04	2.128278e-04
185           	8.169437e-03	4.356404e-03	3.813032e-03	-1.727625e-03	2.407397e-03	-4.135022e-03	3.271209e-03	2.716860e-04	-4.715534e-04	-5.176917e-04	-7.303992e-04	2.127075e-04
186           	8.166534e-03	4.354817e-03	3.811717e-03	-1.727787e-03	2.406374e-03	-4.134161e-03	3.270268e-03	2.715501e-04	-4.712204e-04	-5.172628e-04	-7.298518e-04	2.125890e-04
187           	8.163699e-03	4.353265e-03	3.810433e-03	-1.727946e-03	2.405376e-03	-4.133322e-03	3.269349e-03	2.714159e-04	-4.708931e-04	-5.168415e-04	-7.293139e-04	2.124724e-04
188           	8.160928e-03	4.351748e-03	3.809181e-03	-1.728101e-03	2.404403e-03	-4.132504e-03	3.268453e-03	2.712834e-04	-4.705714e-04	-5.164278e-04	-7.287853e-04	2.123575e-04
189           	8.158222e-03	4.350264e-03	3.807958e-03	-1.728253e-03	2.403453e-03	-4.131706e-03	3.267579e-03	2.711529e-04	-4.702554e-04	-5.160216e-04	-7.282662e-04	2.122445e-04
190           	8.155578e-03	4.348813e-03	3.806764e-03	-1.728400e-03	2.402526e-03	-4.130927e-03	3.266726e-03	2.710243e-04	-4.699451e-04	-5.156230e-04	-7.277565e-04	2.121336e-04
191           	8.152993e-03	4.347395e-03	3.805599e-03	-1.728544e-03	2.401621e-03	-4.130165e-03	3.265893e-03	2.708978e-04	-4.696405e-04	-5.152318e-04	-7.272564e-04	2.120246e-04
192           	8.150468e-03	4.346008e-03	3.804461e-03	-1.728684e-03	2.400738e-03	-4.129422e-03	3.265080e-03	2.707736e-04	-4.693417e-04	-5.148480e-04	-7.267657e-04	2.119177e-04
193           	8.148000e-03	4.344652e-03	3.803349e-03	-1.728820e-03	2.399875e-03	-4.128695e-03	3.264285e-03	2.706515e-04	-4.690486e-04	-5.144716e-04	-7.262844e-04	2.118128e-04
194           	8.145589e-03	4.343326e-03	3.802263e-03	-1.728952e-03	2.399032e-03	-4.127984e-03	3.263508e-03	2.705317e-04	-4.687610e-04	-5.141023e-04	-7.258122e-04	2.117099e-04
195           	8.143232e-03	4.342030e-03	3.801202e-03	-1.729080e-03	2.398209e-03	-4.127289e-03	3.262749e-03	2.704140e-04	-4.684789e-04	-5.137399e-04	-7.253488e-04	2.116089e-04
196           	8.140928e-03	4.340763e-03	3.800166e-03	-1.729204e-03	2.397405e-03	-4.126609e-03	3.262007e-03	2.702984e-04	-4.682019e-04	-5.133843e-04	-7.248940e-04	2.115097e-04
197           	8.138678e-03	4.339523e-03	3.799154e-03	-1.729325e-03	2.396620e-03	-4.125945e-03	3.261282e-03	2.701847e-04	-4.679299e-04	-5.130353e-04	-7.244475e-04	2.114123e-04
198           	8.136478e-03	4.338312e-03	3.798166e-03	-1.729443e-03	2.395853e-03	-4.125296e-03	3.260574e-03	2.700728e-04	-4.676627e-04	-5.126925e-04	-7.240090e-04	2.113165e-04
199           	8.134329e-03	4.337127e-03	3.797202e-03	-1.729557e-03	2.395104e-03	-4.124661e-03	3.259883e-03	2.699627e-04	-4.674001e-04	-5.123558e-04	-7.235780e-04	2.112222e-04
200           	8.132229e-03	4.335969e-03	3.796260e-03	-1.729668e-03	2.394373e-03	-4.124041e-03	3.259207e-03	2.698542e-04	-4.671418e-04	-5.120248e-04	-7.231542e-04	2.111294e-04
201           	8.130178e-03	4.334836e-03	3.795342e-03	-1.729776e-03	2.393659e-03	-4.123435e-03	3.258547e-03	2.697472e-04	-4.668876e-04	-5.116994e-04	-7.227373e-04	2.110379e-04
202           	8.128173e-03	4.333728e-03	3.794445e-03	-1.729881e-03	2.392962e-03	-4.122843e-03	3.257903e-03	2.696416e-04	-4.666373e-04	-5.113791e-04	-7.223268e-04	2.109477e-04
203           	8.126214e-03	4.332645e-03	3.793570e-03	-1.729983e-03	2.392282e-03	-4.122265e-03	3.257273e-03	2.695374e-04	-4.663906e-04	-5.110639e-04	-7.219226e-04	2.108587e-04
204           	8.125563e-03	4.332192e-03	3.793372e-03	-1.730353e-03	2.392143e-03	-4.122496e-03	3.257319e-03	2.694102e-04	-4.661287e-04	-5.107572e-04	-7.215072e-04	2.107501e-04
205           	8.125120e-03	4.331830e-03	3.793290e-03	-1.730879e-03	2.392092e-03	-4.122971e-03	3.257532e-03	2.692700e-04	-4.658612e-04	-5.104615e-04	-7.210919e-04	2.106304e-04
206           	8.124737e-03	4.331495e-03	3.793242e-03	-1.731441e-03	2.392059e-03	-4.123501e-03	3.257780e-03	2.691268e-04	-4.655970e-04	-5.101775e-04	-7.206857e-04	2.105082e-04
207           	8.124290e-03	4.331134e-03	3.793156e-03	-1.731940e-03	2.391982e-03	-4.123922e-03	3.257952e-03	2.689890e-04	-4.653434e-04	-5.099052e-04	-7.202960e-04	2.103908e-04
208           	8.123686e-03	4.330707e-03	3.792980e-03	-1.732301e-03	2.391817e-03	-4.124118e-03	3.257967e-03	2.688637e-04	-4.651067e-04	-5.096452e-04	-7.199293e-04	2.102841e-04
209           	8.122898e-03	4.330200e-03	3.792697e-03	-1.732500e-03	2.391552e-03	-4.124052e-03	3.257802e-03	2.687515e-04	-4.648861e-04	-5.093947e-04	-7.195835e-04	2.101888e-04
210           	8.121922e-03	4.329618e-03	3.792305e-03	-1.732539e-03	2.391186e-03	-4.123725e-03	3.257456e-03	2.686566e-04	-4.646890e-04	-5.091615e-04	-7.192697e-04	2.101082e-04
211           	8.120814e-03	4.328978e-03	3.791836e-03	-1.732457e-03	2.390752e-03	-4.123209e-03	3.256980e-03	2.685707e-04	-4.645027e-04	-5.089344e-04	-7.189699e-04	2.100356e-04
212           	8.119617e-03	4.328297e-03	3.791320e-03	-1.732294e-03	2.390273e-03	-4.122568e-03	3.256420e-03	2.684887e-04	-4.643186e-04	-5.087028e-04	-7.186700e-04	2.099672e-04
213           	8.118392e-03	4.327606e-03	3.790785e-03	-1.732099e-03	2.389781e-03	-4.121880e-03	3.255831e-03	2.684106e-04	-4.641389e-04	-5.084722e-04	-7.183750e-04	2.099028e-04
214           	8.117190e-03	4.326930e-03	3.790260e-03	-1.731914e-03	2.389303e-03	-4.121217e-03	3.255260e-03	2.683346e-04	-4.639654e-04	-5.082484e-04	-7.180897e-04	2.098412e-04
215           	8.116058e-03	4.326290e-03	3.789768e-03	-1.731775e-03	2.388863e-03	-4.120638e-03	3.254751e-03	2.682607e-04	-4.637950e-04	-5.080272e-04	-7.178086e-04	2.097814e-04
216           	8.115013e-03	4.325694e-03	3.789319e-03	-1.731698e-03	2.388470e-03	-4.120169e-03	3.254319e-03	2.681872e-04	-4.636290e-04	-5.078132e-04	-7.175356e-04	2.097224e-04
217           	8.114057e-03	4.325142e-03	3.788915e-03	-1.731683e-03	2.388125e-03	-4.119808e-03	3.253966e-03	2.681133e-04	-4.634680e-04	-5.076092e-04	-7.172726e-04	2.096634e-04
218           	8.113183e-03	4.324630e-03	3.788553e-03	-1.731722e-03	2.387822e-03	-4.119544e-03	3.253683e-03	2.680388e-04	-4.633093e-04	-5.074108e-04	-7.170147e-04	2.096039e-04
219           	8.112375e-03	4.324150e-03	3.788225e-03	-1.731804e-03	2.387556e-03	-4.119359e-03	3.253457e-03	2.679621e-04	-4.631493e-04	-5.072128e-04	-7.167557e-04	2.095428e-04
220           	8.111605e-03	4.323689e-03	3.787916e-03	-1.731905e-03	2.387308e-03	-4.119213e-03	3.253261e-03	2.678865e-04	-4.629937e-04	-5.070227e-04	-7.165050e-04	2.094823e-04
221           	8.110851e-03	4.323238e-03	3.787613e-03	-1.732008e-03	2.387066e-03	-4.119074e-03	3.253070e-03	2.678127e-04	-4.628432e-04	-5.068403e-04	-7.162633e-04	2.094230e-04
222           	8.110088e-03	4.322787e-03	3.787301e-03	-1.732094e-03	2.386816e-03	-4.118910e-03	3.252863e-03	2.677430e-04	-4.627012e-04	-5.066692e-04	-7.160358e-04	2.093667e-04
223           	8.109312e-03	4.322332e-03	3.786980e-03	-1.732159e-03	2.386556e-03	-4.118715e-03	3.252635e-03	2.676756e-04	-4.625632e-04	-5.065026e-04	-7.158145e-04	2.093119e-04
224           	8.108518e-03	4.321869e-03	3.786649e-03	-1.732201e-03	2.386283e-03	-4.118484e-03	3.252383e-03	2.676103e-04	-4.624284e-04	-5.063392e-04	-7.155980e-04	2.092588e-04
225           	8.107708e-03	4.321401e-03	3.786307e-03	-1.732220e-03	2.385999e-03	-4.118219e-03	3.252109e-03	2.675471e-04	-4.622963e-04	-5.061781e-04	-7.153853e-04	2.092072e-04
226           	8.106887e-03	4.320929e-03	3.785958e-03	-1.732223e-03	2.385706e-03	-4.117929e-03	3.251818e-03	2.674856e-04	-4.621663e-04	-5.060185e-04	-7.151755e-04	2.091570e-04
227           	8.106064e-03	4.320458e-03	3.785606e-03	-1.732217e-03	2.385409e-03	-4.117626e-03	3.251518e-03	2.674257e-04	-4.620381e-04	-5.058600e-04	-7.149681e-04	2.091081e-04
228           	8.105246e-03	4.319990e-03	3.785256e-03	-1.732207e-03	2.385114e-03	-4.117320e-03	3.251217e-03	2.673670e-04	-4.619118e-04	-5.057028e-04	-7.147632e-04	2.090604e-04
229           	8.104440e-03	4.319530e-03	3.784910e-03	-1.732199e-03	2.384822e-03	-4.117021e-03	3.250922e-03	2.673097e-04	-4.617874e-04	-5.055472e-04	-7.145610e-04	2.090138e-04
230           	8.103651e-03	4.319079e-03	3.784572e-03	-1.732197e-03	2.384539e-03	-4.116736e-03	3.250637e-03	2.672535e-04	-4.616651e-04	-5.053939e-04	-7.143621e-04	2.089682e-04
231           	8.102881e-03	4.318639e-03	3.784242e-03	-1.732204e-03	2.384264e-03	-4.116467e-03	3.250366e-03	2.671986e-04	-4.615452e-04	-5.052431e-04	-7.141668e-04	2.089237e-04
232           	8.102130e-03	4.318210e-03	3.783920e-03	-1.732218e-03	2.383998e-03	-4.116216e-03	3.250107e-03	2.671449e-04	-4.614279e-04	-5.050955e-04	-7.139756e-04	2.088801e-04
233           	8.101397e-03	4.317791e-03	3.783606e-03	-1.732238e-03	2.383740e-03	-4.115978e-03	3.249859e-03	2.670923e-04	-4.613131e-04	-5.049512e-04	-7.137887e-04	2.088375e-04
234           	8.100679e-03	4.317380e-03	3.783299e-03	-1.732263e-03	2.383489e-03	-4.115752e-03	3.249620e-03	2.670409e-04	-4.612009e-04	-5.048101e-04	-7.136059e-04	2.087958e-04
235           	8.099973e-03	4.316977e-03	3.782996e-03	-1.732289e-03	2.383243e-03	-4.115532e-03	3.249387e-03	2.669906e-04	-4.610910e-04	-5.046722e-04	-7.134271e-04	2.087549e-04
236           	8.099275e-03	4.316579e-03	3.782696e-03	-1.732314e-03	2.383000e-03	-4.115314e-03	3.249157e-03	2.669413e-04	-4.609833e-04	-5.045370e-04	-7.132518e-04	2.087148e-04
237           	8.098584e-03	4.316185e-03	3.782399e-03	-1.732338e-03	2.382759e-03	-4.115097e-03	3.248928e-03	2.668930e-04	-4.608775e-04	-5.044043e-04	-7.130796e-04	2.086753e-04
238           	8.097898e-03	4.315795e-03	3.782104e-03	-1.732357e-03	2.382519e-03	-4.114877e-03	3.248698e-03	2.668456e-04	-4.607734e-04	-5.042736e-04	-7.129102e-04	2.086366e-04
239           	8.097215e-03	4.315409e-03	3.781806e-03	-1.732373e-03	2.382278e-03	-4.114651e-03	3.248464e-03	2.668014e-04	-4.606738e-04	-5.041477e-04	-7.127477e-04	2.086000e-04
240           	8.096538e-03	4.315026e-03	3.781512e-03	-1.732386e-03	2.382039e-03	-4.114424e-03	3.248231e-03	2.667571e-04	-4.605746e-04	-5.040223e-04	-7.125857e-04	2.085635e-04
241           	8.095870e-03	4.314645e-03	3.781224e-03	-1.732397e-03	2.381804e-03	-4.114201e-03	3.248003e-03	2.667104e-04	-4.604724e-04	-5.038940e-04	-7.124194e-04	2.085254e-04
242           	8.095206e-03	4.314270e-03	3.780936e-03	-1.732407e-03	2.381569e-03	-4.113976e-03	3.247773e-03	2.666669e-04	-4.603746e-04	-5.037702e-04	-7.122597e-04	2.084895e-04
243           	8.094550e-03	4.313899e-03	3.780652e-03	-1.732416e-03	2.381338e-03	-4.113754e-03	3.247546e-03	2.666235e-04	-4.602775e-04	-5.036471e-04	-7.121010e-04	2.084539e-04
244           	8.093903e-03	4.313532e-03	3.780371e-03	-1.732425e-03	2.381110e-03	-4.113535e-03	3.247323e-03	2.665805e-04	-4.601812e-04	-5.035250e-04	-7.119437e-04	2.084187e-04
245           	8.093266e-03	4.313171e-03	3.780095e-03	-1.732436e-03	2.380886e-03	-4.113322e-03	3.247104e-03	2.665380e-04	-4.600860e-04	-5.034043e-04	-7.117882e-04	2.083839e-04
246           	8.092638e-03	4.312815e-03	3.779823e-03	-1.732447e-03	2.380665e-03	-4.113113e-03	3.246889e-03	2.664962e-04	-4.599923e-04	-5.032851e-04	-7.116349e-04	2.083498e-04
247           	8.092019e-03	4.312465e-03	3.779554e-03	-1.732460e-03	2.380449e-03	-4.112908e-03	3.246678e-03	2.664551e-04	-4.599002e-04	-5.031678e-04	-7.114841e-04	2.083163e-04
248           	8.091409e-03	4.312120e-03	3.779290e-03	-1.732473e-03	2.380235e-03	-4.112708e-03	3.246471e-03	2.664149e-04	-4.598099e-04	-5.030527e-04	-7.113363e-04	2.082836e-04
249           	8.090808e-03	4.311779e-03	3.779028e-03	-1.732486e-03	2.380025e-03	-4.112511e-03	3.246268e-03	2.663757e-04	-4.597215e-04	-5.029397e-04	-7.111914e-04	2.082516e-04
250           	8.090214e-03	4.311444e-03	3.778770e-03	-1.732500e-03	2.379817e-03	-4.112317e-03	3.246067e-03	2.663374e-04	-4.596349e-04	-5.028290e-04	-7.110494e-04	2.082204e-04
251           	8.089628e-03	4.311114e-03	3.778514e-03	-1.732513e-03	2.379612e-03	-4.112125e-03	3.245868e-03	2.662999e-04	-4.595501e-04	-5.027203e-04	-7.109102e-04	2.081899e-04
252           	8.089048e-03	4.310787e-03	3.778261e-03	-1.732526e-03	2.379409e-03	-4.111935e-03	3.245672e-03	2.662632e-04	-4.594668e-04	-5.026135e-04	-7.107735e-04	2.081601e-04
253           	8.088476e-03	4.310465e-03	3.778011e-03	-1.732538e-03	2.379209e-03	-4.111746e-03	3.245477e-03	2.662273e-04	-4.593850e-04	-5.025084e-04	-7.106392e-04	2.081308e-04
254           	8.087910e-03	4.310147e-03	3.777763e-03	-1.732549e-03	2.379010e-03	-4.111559e-03	3.245285e-03	2.661920e-04	-4.593044e-04	-5.024049e-04	-7.105069e-04	2.081020e-04
255           	8.087350e-03	4.309832e-03	3.777518e-03	-1.732560e-03	2.378814e-03	-4.111373e-03	3.245094e-03	2.661572e-04	-4.592250e-04	-5.023027e-04	-7.103764e-04	2.080737e-04
256           	8.086797e-03	4.309522e-03	3.777276e-03	-1.732570e-03	2.378620e-03	-4.111189e-03	3.244905e-03	2.661230e-04	-4.591467e-04	-5.022019e-04	-7.102477e-04	2.080457e-04
257           	8.086251e-03	4.309215e-03	3.777036e-03	-1.732579e-03	2.378428e-03	-4.111007e-03	3.244718e-03	2.660892e-04	-4.590694e-04	-5.021024e-04	-7.101206e-04	2.080182e-04
258           	8.085711e-03	4.308911e-03	3.776799e-03	-1.732589e-03	2.378239e-03	-4.110827e-03	3.244533e-03	2.660559e-04	-4.589931e-04	-5.020041e-04	-7.099951e-04	2.079911e-04
259           	8.085178e-03	4.308612e-03	3.776566e-03	-1.732598e-03	2.378052e-03	-4.110649e-03	3.244350e-03	2.660230e-04	-4.589178e-04	-5.019070e-04	-7.098713e-04	2.079643e-04
260           	8.084651e-03	4.308316e-03	3.776335e-03	-1.732607e-03	2.377867e-03	-4.110474e-03	3.244170e-03	2.659906e-04	-4.588434e-04	-5.018111e-04	-7.097490e-04	2.079379e-04
261           	8.084131e-03	4.308024e-03	3.776107e-03	-1.732616e-03	2.377685e-03	-4.110301e-03	3.243993e-03	2.659585e-04	-4.587701e-04	-5.017165e-04	-7.096283e-04	2.079118e-04
262           	8.083618e-03	4.307736e-03	3.775882e-03	-1.732625e-03	2.377505e-03	-4.110130e-03	3.243817e-03	2.659270e-04	-4.586977e-04	-5.016231e-04	-7.095092e-04	2.078861e-04
263           	8.083112e-03	4.307452e-03	3.775660e-03	-1.732634e-03	2.377328e-03	-4.109962e-03	3.243645e-03	2.658958e-04	-4.586263e-04	-5.015309e-04	-7.093917e-04	2.078608e-04
264           	8.082612e-03	4.307171e-03	3.775441e-03	-1.732643e-03	2.377153e-03	-4.109796e-03	3.243474e-03	2.658651e-04	-4.585558e-04	-5.014400e-04	-7.092758e-04	2.078358e-04
265           	8.082118e-03	4.306894e-03	3.775224e-03	-1.732652e-03	2.376980e-03	-4.109632e-03	3.243306e-03	2.658347e-04	-4.584862e-04	-5.013502e-04	-7.091613e-04	2.078111e-04
266           	8.081631e-03	4.306620e-03	3.775010e-03	-1.732661e-03	2.376809e-03	-4.109470e-03	3.243140e-03	2.658048e-04	-4.584176e-04	-5.012616e-04	-7.090484e-04	2.077868e-04
267           	8.081149e-03	4.306350e-03	3.774799e-03	-1.732670e-03	2.376641e-03	-4.109311e-03	3.242976e-03	2.657753e-04	-4.583498e-04	-5.011741e-04	-7.089369e-04	2.077628e-04
268           	8.080674e-03	4.306083e-03	3.774591e-03	-1.732678e-03	2.376475e-03	-4.109153e-03	3.242814e-03	2.657461e-04	-4.582829e-04	-5.010878e-04	-7.088268e-04	2.077390e-04
269           	8.080205e-03	4.305820e-03	3.774385e-03	-1.732687e-03	2.376311e-03	-4.108998e-03	3.242654e-03	2.657173e-04	-4.582169e-04	-5.010025e-04	-7.087181e-04	2.077156e-04
270           	8.079741e-03	4.305559e-03	3.774182e-03	-1.732695e-03	2.376149e-03	-4.108844e-03	3.242496e-03	2.656889e-04	-4.581516e-04	-5.009182e-04	-7.086107e-04	2.076925e-04
271           	8.079283e-03	4.305302e-03	3.773981e-03	-1.732703e-03	2.375989e-03	-4.108692e-03	3.242340e-03	2.656608e-04	-4.580871e-04	-5.008350e-04	-7.085046e-04	2.076697e-04
272           	8.078831e-03	4.305049e-03	3.773783e-03	-1.732711e-03	2.375831e-03	-4.108542e-03	3.242186e-03	2.656330e-04	-4.580235e-04	-5.007527e-04	-7.083998e-04	2.076471e-04
273           	8.078384e-03	4.304798e-03	3.773587e-03	-1.732719e-03	2.375675e-03	-4.108394e-03	3.242034e-03	2.656056e-04	-4.579605e-04	-5.006715e-04	-7.082963e-04	2.076248e-04
274           	8.077943e-03	4.304550e-03	3.773393e-03	-1.732727e-03	2.375521e-03	-4.108248e-03	3.241884e-03	2.655785e-04	-4.578984e-04	-5.005912e-04	-7.081939e-04	2.076028e-04
275           	8.077508e-03	4.304306e-03	3.773202e-03	-1.732734e-03	2.375369e-03	-4.108103e-03	3.241736e-03	2.655517e-04	-4.578369e-04	-5.005118e-04	-7.080928e-04	2.075810e-04
276           	8.077078e-03	4.304064e-03	3.773014e-03	-1.732742e-03	2.375219e-03	-4.107961e-03	3.241590e-03	2.655252e-04	-4.577762e-04	-5.004334e-04	-7.079929e-04	2.075596e-04
277           	8.076653e-03	4.303826e-03	3.772828e-03	-1.732749e-03	2.375070e-03	-4.107820e-03	3.241445e-03	2.654991e-04	-4.577163e-04	-5.003559e-04	-7.078942e-04	2.075383e-04
278           	8.076234e-03	4.303590e-03	3.772644e-03	-1.732757e-03	2.374924e-03	-4.107681e-03	3.241303e-03	2.654732e-04	-4.576571e-04	-5.002794e-04	-7.077968e-04	2.075174e-04
279           	8.075820e-03	4.303358e-03	3.772462e-03	-1.732764e-03	2.374780e-03	-4.107544e-03	3.241162e-03	2.654477e-04	-4.575986e-04	-5.002038e-04	-7.077004e-04	2.074967e-04
280           	8.075411e-03	4.303128e-03	3.772283e-03	-1.732772e-03	2.374637e-03	-4.107409e-03	3.241023e-03	2.654225e-04	-4.575408e-04	-5.001291e-04	-7.076053e-04	2.074762e-04
281           	8.075007e-03	4.302901e-03	3.772106e-03	-1.732779e-03	2.374497e-03	-4.107275e-03	3.240886e-03	2.653976e-04	-4.574837e-04	-5.000553e-04	-7.075114e-04	2.074561e-04
282           	8.074609e-03	4.302677e-03	3.771931e-03	-1.732786e-03	2.374358e-03	-4.107144e-03	3.240751e-03	2.653730e-04	-4.574274e-04	-4.999825e-04	-7.074187e-04	2.074362e-04
283           	8.074215e-03	4.302456e-03	3.771759e-03	-1.732793e-03	2.374221e-03	-4.107014e-03	3.240617e-03	2.653486e-04	-4.573718e-04	-4.999106e-04	-7.073271e-04	2.074165e-04
284           	8.073826e-03	4.302238e-03	3.771589e-03	-1.732800e-03	2.374085e-03	-4.106886e-03	3.240485e-03	2.653246e-04	-4.573169e-04	-4.998396e-04	-7.072367e-04	2.073971e-04
285           	8.073442e-03	4.302022e-03	3.771420e-03	-1.732807e-03	2.373952e-03	-4.106759e-03	3.240355e-03	2.653009e-04	-4.572626e-04	-4.997695e-04	-7.071474e-04	2.073779e-04
286           	8.073063e-03	4.301809e-03	3.771254e-03	-1.732814e-03	2.373820e-03	-4.106634e-03	3.240227e-03	2.652774e-04	-4.572091e-04	-4.997003e-04	-7.070592e-04	2.073590e-04
287           	8.072689e-03	4.301599e-03	3.771090e-03	-1.732821e-03	2.373690e-03	-4.106511e-03	3.240100e-03	2.652542e-04	-4.571562e-04	-4.996319e-04	-7.069721e-04	2.073403e-04
288           	8.072320e-03	4.301391e-03	3.770929e-03	-1.732828e-03	2.373561e-03	-4.106389e-03	3.239975e-03	2.652313e-04	-4.571040e-04	-4.995644e-04	-7.068862e-04	2.073218e-04
289           	8.071955e-03	4.301186e-03	3.770769e-03	-1.732835e-03	2.373434e-03	-4.106269e-03	3.239852e-03	2.652087e-04	-4.570524e-04	-4.994977e-04	-7.068013e-04	2.073036e-04
290           	8.071594e-03	4.300984e-03	3.770611e-03	-1.732841e-03	2.373309e-03	-4.106150e-03	3.239730e-03	2.651864e-04	-4.570016e-04	-4.994319e-04	-7.067175e-04	2.072856e-04
291           	8.071239e-03	4.300784e-03	3.770455e-03	-1.732848e-03	2.373185e-03	-4.106033e-03	3.239609e-03	2.651643e-04	-4.569513e-04	-4.993669e-04	-7.066348e-04	2.072678e-04
292           	8.070887e-03	4.300586e-03	3.770301e-03	-1.732855e-03	2.373063e-03	-4.105918e-03	3.239491e-03	2.651425e-04	-4.569017e-04	-4.993028e-04	-7.065531e-04	2.072503e-04
293           	8.070540e-03	4.300391e-03	3.770149e-03	-1.732861e-03	2.372943e-03	-4.105804e-03	3.239374e-03	2.651210e-04	-4.568528e-04	-4.992394e-04	-7.064725e-04	2.072330e-04
294           	8.070198e-03	4.300199e-03	3.769999e-03	-1.732868e-03	2.372824e-03	-4.105692e-03	3.239258e-03	2.650997e-04	-4.568044e-04	-4.991769e-04	-7.063929e-04	2.072160e-04
295           	8.069859e-03	4.300008e-03	3.769851e-03	-1.732874e-03	2.372707e-03	-4.105581e-03	3.239144e-03	2.650787e-04	-4.567568e-04	-4.991152e-04	-7.063144e-04	2.071992e-04
296           	8.069525e-03	4.299821e-03	3.769705e-03	-1.732881e-03	2.372591e-03	-4.105471e-03	3.239031e-03	2.650580e-04	-4.567098e-04	-4.990544e-04	-7.062369e-04	2.071826e-04
297           	8.069196e-03	4.299635e-03	3.769560e-03	-1.732887e-03	2.372476e-03	-4.105363e-03	3.238920e-03	2.650376e-04	-4.566634e-04	-4.989943e-04	-7.061605e-04	2.071662e-04
298           	8.068870e-03	4.299452e-03	3.769418e-03	-1.732893e-03	2.372363e-03	-4.105257e-03	3.238810e-03	2.650174e-04	-4.566176e-04	-4.989351e-04	-7.060851e-04	2.071501e-04
299           	8.068548e-03	4.299272e-03	3.769277e-03	-1.732900e-03	2.372252e-03	-4.105152e-03	3.238702e-03	2.649975e-04	-4.565724e-04	-4.988766e-04	-7.060107e-04	2.071341e-04
300           	8.068231e-03	4.299093e-03	3.769138e-03	-1.732906e-03	2.372142e-03	-4.105048e-03	3.238595e-03	2.649779e-04	-4.565279e-04	-4.988188e-04	-7.059373e-04	2.071184e-04
301           	8.067917e-03	4.298917e-03	3.769000e-03	-1.732912e-03	2.372033e-03	-4.104945e-03	3.238489e-03	2.649585e-04	-4.564839e-04	-4.987618e-04	-7.058648e-04	2.071029e-04
302           	8.067608e-03	4.298743e-03	3.768865e-03	-1.732918e-03	2.371926e-03	-4.104844e-03	3.238385e-03	2.649394e-04	-4.564404e-04	-4.987055e-04	-7.057932e-04	2.070877e-04
303           	8.067302e-03	4.298572e-03	3.768731e-03	-1.732924e-03	2.371820e-03	-4.104745e-03	3.238282e-03	2.649205e-04	-4.563976e-04	-4.986500e-04	-7.057225e-04	2.070726e-04
304           	8.067000e-03	4.298402e-03	3.768598e-03	-1.732930e-03	2.371716e-03	-4.104646e-03	3.238181e-03	2.649018e-04	-4.563553e-04	-4.985951e-04	-7.056528e-04	2.070577e-04
305           	8.066702e-03	4.298235e-03	3.768468e-03	-1.732936e-03	2.371613e-03	-4.104549e-03	3.238081e-03	2.648834e-04	-4.563135e-04	-4.985409e-04	-7.055840e-04	2.070430e-04
306           	8.066408e-03	4.298069e-03	3.768339e-03	-1.732942e-03	2.371511e-03	-4.104453e-03	3.237982e-03	2.648653e-04	-4.562723e-04	-4.984875e-04	-7.055160e-04	2.070286e-04
307           	8.066118e-03	4.297906e-03	3.768212e-03	-1.732948e-03	2.371410e-03	-4.104359e-03	3.237884e-03	2.648473e-04	-4.562316e-04	-4.984347e-04	-7.054490e-04	2.070143e-04
308           	8.065831e-03	4.297745e-03	3.768086e-03	-1.732954e-03	2.371311e-03	-4.104265e-03	3.237788e-03	2.648296e-04	-4.561915e-04	-4.983826e-04	-7.053828e-04	2.070002e-04
309           	8.065548e-03	4.297586e-03	3.767962e-03	-1.732960e-03	2.371213e-03	-4.104173e-03	3.237693e-03	2.648122e-04	-4.561519e-04	-4.983311e-04	-7.053174e-04	2.069863e-04
310           	8.065268e-03	4.297429e-03	3.767839e-03	-1.732966e-03	2.371116e-03	-4.104082e-03	3.237599e-03	2.647949e-04	-4.561127e-04	-4.982803e-04	-7.052529e-04	2.069726e-04
311           	8.064992e-03	4.297274e-03	3.767718e-03	-1.732972e-03	2.371021e-03	-4.103993e-03	3.237507e-03	2.647778e-04	-4.560740e-04	-4.982301e-04	-7.051891e-04	2.069590e-04
312           	8.064718e-03	4.297121e-03	3.767597e-03	-1.732977e-03	2.370925e-03	-4.103902e-03	3.237413e-03	2.647617e-04	-4.560367e-04	-4.981814e-04	-7.051274e-04	2.069460e-04
313           	8.064448e-03	4.296969e-03	3.767478e-03	-1.732982e-03	2.370831e-03	-4.103813e-03	3.237322e-03	2.647455e-04	-4.559994e-04	-4.981329e-04	-7.050659e-04	2.069330e-04
314           	8.064181e-03	4.296820e-03	3.767361e-03	-1.732987e-03	2.370738e-03	-4.103725e-03	3.237232e-03	2.647292e-04	-4.559622e-04	-4.980845e-04	-7.050045e-04	2.069199e-04
315           	8.063919e-03	4.296672e-03	3.767246e-03	-1.732993e-03	2.370647e-03	-4.103640e-03	3.237144e-03	2.647128e-04	-4.559250e-04	-4.980363e-04	-7.049432e-04	2.069068e-04
316           	8.063659e-03	4.296526e-03	3.767133e-03	-1.732998e-03	2.370558e-03	-4.103556e-03	3.237057e-03	2.646964e-04	-4.558880e-04	-4.979884e-04	-7.048822e-04	2.068938e-04
317           	8.063399e-03	4.296379e-03	3.767020e-03	-1.732997e-03	2.370470e-03	-4.103468e-03	3.236969e-03	2.646796e-04	-4.558504e-04	-4.979381e-04	-7.048195e-04	2.068814e-04
318           	8.063142e-03	4.296235e-03	3.766907e-03	-1.732998e-03	2.370382e-03	-4.103380e-03	3.236881e-03	2.646639e-04	-4.558145e-04	-4.978904e-04	-7.047597e-04	2.068693e-04
319           	8.062891e-03	4.296094e-03	3.766797e-03	-1.733001e-03	2.370295e-03	-4.103297e-03	3.236796e-03	2.646484e-04	-4.557792e-04	-4.978441e-04	-7.047013e-04	2.068571e-04
320           	8.062645e-03	4.295956e-03	3.766689e-03	-1.733007e-03	2.370210e-03	-4.103218e-03	3.236714e-03	2.646332e-04	-4.557445e-04	-4.977990e-04	-7.046440e-04	2.068450e-04
321           	8.062403e-03	4.295820e-03	3.766584e-03	-1.733015e-03	2.370127e-03	-4.103142e-03	3.236634e-03	2.646181e-04	-4.557102e-04	-4.977549e-04	-7.045876e-04	2.068328e-04
322           	8.062160e-03	4.295684e-03	3.766477e-03	-1.733019e-03	2.370043e-03	-4.103062e-03	3.236553e-03	2.646033e-04	-4.556763e-04	-4.977099e-04	-7.045313e-04	2.068214e-04
323           	8.061923e-03	4.295550e-03	3.766373e-03	-1.733023e-03	2.369961e-03	-4.102985e-03	3.236473e-03	2.645887e-04	-4.556430e-04	-4.976663e-04	-7.044762e-04	2.068099e-04
324           	8.061685e-03	4.295417e-03	3.766268e-03	-1.733024e-03	2.369880e-03	-4.102904e-03	3.236392e-03	2.645743e-04	-4.556101e-04	-4.976221e-04	-7.044211e-04	2.067990e-04
325           	8.061452e-03	4.295286e-03	3.766166e-03	-1.733028e-03	2.369800e-03	-4.102827e-03	3.236313e-03	2.645602e-04	-4.555777e-04	-4.975795e-04	-7.043675e-04	2.067879e-04
326           	8.061226e-03	4.295159e-03	3.766067e-03	-1.733035e-03	2.369721e-03	-4.102756e-03	3.236239e-03	2.645461e-04	-4.555457e-04	-4.975383e-04	-7.043149e-04	2.067766e-04
327           	8.060998e-03	4.295031e-03	3.765967e-03	-1.733039e-03	2.369643e-03	-4.102682e-03	3.236162e-03	2.645322e-04	-4.555139e-04	-4.974962e-04	-7.042620e-04	2.067658e-04
328           	8.060776e-03	4.294906e-03	3.765870e-03	-1.733045e-03	2.369566e-03	-4.102611e-03	3.236089e-03	2.645183e-04	-4.554825e-04	-4.974556e-04	-7.042103e-04	2.067547e-04
329           	8.060554e-03	4.294782e-03	3.765773e-03	-1.733048e-03	2.369490e-03	-4.102538e-03	3.236014e-03	2.645045e-04	-4.554513e-04	-4.974143e-04	-7.041584e-04	2.067441e-04
330           	8.060338e-03	4.294660e-03	3.765678e-03	-1.733054e-03	2.369415e-03	-4.102469e-03	3.235942e-03	2.644909e-04	-4.554204e-04	-4.973744e-04	-7.041076e-04	2.067332e-04
331           	8.060122e-03	4.294538e-03	3.765583e-03	-1.733057e-03	2.369341e-03	-4.102398e-03	3.235870e-03	2.644774e-04	-4.553898e-04	-4.973339e-04	-7.040567e-04	2.067228e-04
332           	8.059911e-03	4.294419e-03	3.765492e-03	-1.733063e-03	2.369268e-03	-4.102332e-03	3.235800e-03	2.644640e-04	-4.553596e-04	-4.972950e-04	-7.040071e-04	2.067121e-04
333           	8.059700e-03	4.294301e-03	3.765399e-03	-1.733067e-03	2.369196e-03	-4.102263e-03	3.235729e-03	2.644507e-04	-4.553295e-04	-4.972554e-04	-7.039572e-04	2.067018e-04
334           	8.059490e-03	4.294183e-03	3.765308e-03	-1.733067e-03	2.369124e-03	-4.102191e-03	3.235657e-03	2.644376e-04	-4.552997e-04	-4.972156e-04	-7.039075e-04	2.066919e-04
335           	8.059287e-03	4.294068e-03	3.765219e-03	-1.733072e-03	2.369054e-03	-4.102126e-03	3.235590e-03	2.644247e-04	-4.552705e-04	-4.971777e-04	-7.038594e-04	2.066816e-04
336           	8.059090e-03	4.293957e-03	3.765133e-03	-1.733082e-03	2.368985e-03	-4.102068e-03	3.235527e-03	2.644118e-04	-4.552416e-04	-4.971413e-04	-7.038123e-04	2.066710e-04
337           	8.058892e-03	4.293845e-03	3.765047e-03	-1.733089e-03	2.368917e-03	-4.102006e-03	3.235462e-03	2.643990e-04	-4.552129e-04	-4.971042e-04	-7.037650e-04	2.066608e-04
338           	8.058694e-03	4.293733e-03	3.764961e-03	-1.733092e-03	2.368850e-03	-4.101942e-03	3.235396e-03	2.643864e-04	-4.551844e-04	-4.970667e-04	-7.037178e-04	2.066511e-04
339           	8.058497e-03	4.293622e-03	3.764875e-03	-1.733092e-03	2.368782e-03	-4.101874e-03	3.235328e-03	2.643739e-04	-4.551562e-04	-4.970290e-04	-7.036707e-04	2.066417e-04
340           	8.058301e-03	4.293512e-03	3.764789e-03	-1.733091e-03	2.368715e-03	-4.101806e-03	3.235260e-03	2.643617e-04	-4.551283e-04	-4.969913e-04	-7.036239e-04	2.066326e-04
341           	8.058113e-03	4.293406e-03	3.764707e-03	-1.733096e-03	2.368650e-03	-4.101746e-03	3.235198e-03	2.643497e-04	-4.551010e-04	-4.969560e-04	-7.035790e-04	2.066230e-04
342           	8.057932e-03	4.293303e-03	3.764628e-03	-1.733107e-03	2.368587e-03	-4.101694e-03	3.235140e-03	2.643377e-04	-4.550741e-04	-4.969223e-04	-7.035353e-04	2.066130e-04
343           	8.057750e-03	4.293201e-03	3.764549e-03	-1.733115e-03	2.368524e-03	-4.101639e-03	3.235082e-03	2.643257e-04	-4.550473e-04	-4.968880e-04	-7.034913e-04	2.066033e-04
344           	8.057568e-03	4.293098e-03	3.764470e-03	-1.733120e-03	2.368462e-03	-4.101582e-03	3.235022e-03	2.643138e-04	-4.550207e-04	-4.968534e-04	-7.034473e-04	2.065940e-04
345           	8.057387e-03	4.292995e-03	3.764391e-03	-1.733122e-03	2.368400e-03	-4.101522e-03	3.234961e-03	2.643020e-04	-4.549942e-04	-4.968185e-04	-7.034035e-04	2.065850e-04
346           	8.057207e-03	4.292894e-03	3.764313e-03	-1.733122e-03	2.368338e-03	-4.101460e-03	3.234899e-03	2.642903e-04	-4.549680e-04	-4.967836e-04	-7.033598e-04	2.065762e-04
347           	8.057028e-03	4.292793e-03	3.764235e-03	-1.733122e-03	2.368277e-03	-4.101399e-03	3.234838e-03	2.642789e-04	-4.549422e-04	-4.967489e-04	-7.033166e-04	2.065677e-04
348           	8.056858e-03	4.292696e-03	3.764161e-03	-1.733128e-03	2.368218e-03	-4.101346e-03	3.234782e-03	2.642677e-04	-4.549169e-04	-4.967166e-04	-7.032752e-04	2.065586e-04
349           	8.056688e-03	4.292600e-03	3.764087e-03	-1.733134e-03	2.368159e-03	-4.101293e-03	3.234726e-03	2.642565e-04	-4.548918e-04	-4.966840e-04	-7.032338e-04	2.065498e-04
350           	8.056519e-03	4.292505e-03	3.764014e-03	-1.733138e-03	2.368101e-03	-4.101239e-03	3.234670e-03	2.642455e-04	-4.548669e-04	-4.966514e-04	-7.031926e-04	2.065412e-04
351           	8.056352e-03	4.292410e-03	3.763941e-03	-1.733141e-03	2.368044e-03	-4.101184e-03	3.234614e-03	2.642346e-04	-4.548423e-04	-4.966190e-04	-7.031517e-04	2.065328e-04
352           	8.056186e-03	4.292317e-03	3.763869e-03	-1.733143e-03	2.367987e-03	-4.101130e-03	3.234558e-03	2.642238e-04	-4.548179e-04	-4.965867e-04	-7.031112e-04	2.065245e-04
353           	8.056023e-03	4.292224e-03	3.763798e-03	-1.733145e-03	2.367930e-03	-4.101076e-03	3.234503e-03	2.642132e-04	-4.547938e-04	-4.965548e-04	-7.030712e-04	2.065164e-04
354           	8.055867e-03	4.292136e-03	3.763731e-03	-1.733154e-03	2.367877e-03	-4.101031e-03	3.234454e-03	2.642027e-04	-4.547703e-04	-4.965251e-04	-7.030329e-04	2.065077e-04
355           	8.055711e-03	4.292048e-03	3.763663e-03	-1.733162e-03	2.367823e-03	-4.100985e-03	3.234404e-03	2.641922e-04	-4.547469e-04	-4.964954e-04	-7.029946e-04	2.064993e-04
356           	8.055557e-03	4.291960e-03	3.763597e-03	-1.733168e-03	2.367770e-03	-4.100938e-03	3.234354e-03	2.641817e-04	-4.547238e-04	-4.964655e-04	-7.029566e-04	2.064910e-04
357           	8.055403e-03	4.291873e-03	3.763530e-03	-1.733172e-03	2.367718e-03	-4.100890e-03	3.234304e-03	2.641713e-04	-4.547008e-04	-4.964357e-04	-7.029187e-04	2.064830e-04
358           	8.055251e-03	4.291786e-03	3.763464e-03	-1.733175e-03	2.367665e-03	-4.100840e-03	3.234253e-03	2.641610e-04	-4.546781e-04	-4.964060e-04	-7.028811e-04	2.064751e-04
359           	8.055100e-03	4.291701e-03	3.763399e-03	-1.733177e-03	2.367613e-03	-4.100791e-03	3.234202e-03	2.641509e-04	-4.546556e-04	-4.963764e-04	-7.028438e-04	2.064674e-04
360           	8.054950e-03	4.291616e-03	3.763334e-03	-1.733179e-03	2.367562e-03	-4.100741e-03	3.234151e-03	2.641409e-04	-4.546334e-04	-4.963471e-04	-7.028069e-04	2.064599e-04
361           	8.054803e-03	4.291532e-03	3.763270e-03	-1.733181e-03	2.367511e-03	-4.100692e-03	3.234102e-03	2.641311e-04	-4.546114e-04	-4.963180e-04	-7.027704e-04	2.064524e-04
362           	8.054657e-03	4.291450e-03	3.763207e-03	-1.733183e-03	2.367461e-03	-4.100644e-03	3.234053e-03	2.641215e-04	-4.545897e-04	-4.962893e-04	-7.027344e-04	2.064451e-04
363           	8.054514e-03	4.291369e-03	3.763145e-03	-1.733186e-03	2.367412e-03	-4.100598e-03	3.234005e-03	2.641120e-04	-4.545683e-04	-4.962609e-04	-7.026987e-04	2.064378e-04
364           	8.054373e-03	4.291289e-03	3.763084e-03	-1.733189e-03	2.367363e-03	-4.100552e-03	3.233958e-03	2.641026e-04	-4.545471e-04	-4.962330e-04	-7.026636e-04	2.064305e-04
365           	8.054234e-03	4.291210e-03	3.763023e-03	-1.733193e-03	2.367315e-03	-4.100508e-03	3.233912e-03	2.640934e-04	-4.545261e-04	-4.962056e-04	-7.026289e-04	2.064233e-04
366           	8.054097e-03	4.291133e-03	3.762964e-03	-1.733197e-03	2.367268e-03	-4.100466e-03	3.233867e-03	2.640842e-04	-4.545054e-04	-4.961786e-04	-7.025947e-04	2.064161e-04
367           	8.053962e-03	4.291056e-03	3.762906e-03	-1.733202e-03	2.367222e-03	-4.100424e-03	3.233823e-03	2.640751e-04	-4.544850e-04	-4.961520e-04	-7.025610e-04	2.064090e-04
368           	8.053830e-03	4.290981e-03	3.762849e-03	-1.733207e-03	2.367177e-03	-4.100384e-03	3.233780e-03	2.640661e-04	-4.544649e-04	-4.961258e-04	-7.025278e-04	2.064019e-04
369           	8.053699e-03	4.290907e-03	3.762792e-03	-1.733212e-03	2.367132e-03	-4.100344e-03	3.233738e-03	2.640571e-04	-4.544450e-04	-4.961001e-04	-7.024950e-04	2.063949e-04
370           	8.053570e-03	4.290833e-03	3.762737e-03	-1.733217e-03	2.367087e-03	-4.100304e-03	3.233696e-03	2.640482e-04	-4.544253e-04	-4.960747e-04	-7.024626e-04	2.063880e-04
371           	8.053443e-03	4.290761e-03	3.762682e-03	-1.733222e-03	2.367044e-03	-4.100265e-03	3.233654e-03	2.640394e-04	-4.544059e-04	-4.960496e-04	-7.024307e-04	2.063811e-04
372           	8.053317e-03	4.290689e-03	3.762628e-03	-1.733227e-03	2.367000e-03	-4.100227e-03	3.233614e-03	2.640306e-04	-4.543867e-04	-4.960248e-04	-7.023991e-04	2.063743e-04
373           	8.053192e-03	4.290618e-03	3.762574e-03	-1.733231e-03	2.366958e-03	-4.100189e-03	3.233573e-03	2.640219e-04	-4.543677e-04	-4.960002e-04	-7.023678e-04	2.063676e-04
374           	8.053070e-03	4.290548e-03	3.762521e-03	-1.733235e-03	2.366916e-03	-4.100151e-03	3.233533e-03	2.640133e-04	-4.543489e-04	-4.959759e-04	-7.023368e-04	2.063609e-04
375           	8.052948e-03	4.290479e-03	3.762469e-03	-1.733239e-03	2.366874e-03	-4.100113e-03	3.233494e-03	2.640048e-04	-4.543303e-04	-4.959518e-04	-7.023062e-04	2.063544e-04
376           	8.052828e-03	4.290411e-03	3.762418e-03	-1.733243e-03	2.366833e-03	-4.100076e-03	3.233454e-03	2.639964e-04	-4.543118e-04	-4.959278e-04	-7.022757e-04	2.063479e-04
377           	8.052710e-03	4.290343e-03	3.762367e-03	-1.733247e-03	2.366792e-03	-4.100039e-03	3.233416e-03	2.639881e-04	-4.542935e-04	-4.959041e-04	-7.022456e-04	2.063415e-04
378           	8.052593e-03	4.290276e-03	3.762317e-03	-1.733251e-03	2.366752e-03	-4.100003e-03	3.233378e-03	2.639799e-04	-4.542754e-04	-4.958806e-04	-7.022157e-04	2.063351e-04
379           	8.052478e-03	4.290211e-03	3.762267e-03	-1.733254e-03	2.366713e-03	-4.099967e-03	3.233340e-03	2.639718e-04	-4.542574e-04	-4.958572e-04	-7.021860e-04	2.063288e-04
380           	8.052364e-03	4.290146e-03	3.762218e-03	-1.733258e-03	2.366674e-03	-4.099932e-03	3.233303e-03	2.639638e-04	-4.542397e-04	-4.958341e-04	-7.021567e-04	2.063226e-04
381           	8.052251e-03	4.290082e-03	3.762170e-03	-1.733262e-03	2.366635e-03	-4.099897e-03	3.233266e-03	2.639558e-04	-4.542221e-04	-4.958113e-04	-7.021277e-04	2.063164e-04
382           	8.052141e-03	4.290018e-03	3.762122e-03	-1.733265e-03	2.366597e-03	-4.099862e-03	3.233230e-03	2.639479e-04	-4.542047e-04	-4.957887e-04	-7.020990e-04	2.063103e-04
383           	8.052031e-03	4.289956e-03	3.762075e-03	-1.733269e-03	2.366559e-03	-4.099829e-03	3.233194e-03	2.639401e-04	-4.541875e-04	-4.957664e-04	-7.020706e-04	2.063043e-04
384           	8.051923e-03	4.289894e-03	3.762029e-03	-1.733273e-03	2.366522e-03	-4.099795e-03	3.233159e-03	2.639324e-04	-4.541704e-04	-4.957443e-04	-7.020426e-04	2.062983e-04
385           	8.051816e-03	4.289833e-03	3.761983e-03	-1.733276e-03	2.366486e-03	-4.099762e-03	3.233124e-03	2.639247e-04	-4.541536e-04	-4.957225e-04	-7.020149e-04	2.062924e-04
386           	8.051711e-03	4.289773e-03	3.761938e-03	-1.733280e-03	2.366450e-03	-4.099730e-03	3.233090e-03	2.639171e-04	-4.541370e-04	-4.957009e-04	-7.019875e-04	2.062865e-04
387           	8.051607e-03	4.289713e-03	3.761894e-03	-1.733284e-03	2.366414e-03	-4.099698e-03	3.233056e-03	2.639096e-04	-4.541205e-04	-4.956796e-04	-7.019603e-04	2.062807e-04
388           	8.051503e-03	4.289655e-03	3.761848e-03	-1.733287e-03	2.366377e-03	-4.099664e-03	3.233021e-03	2.639034e-04	-4.541063e-04	-4.956607e-04	-7.019366e-04	2.062759e-04
389           	8.051402e-03	4.289597e-03	3.761806e-03	-1.733291e-03	2.366343e-03	-4.099634e-03	3.232988e-03	2.638956e-04	-4.540894e-04	-4.956390e-04	-7.019089e-04	2.062699e-04
390           	8.051301e-03	4.289540e-03	3.761761e-03	-1.733294e-03	2.366308e-03	-4.099601e-03	3.232954e-03	2.638892e-04	-4.540748e-04	-4.956197e-04	-7.018847e-04	2.062649e-04
391           	8.051203e-03	4.289483e-03	3.761720e-03	-1.733297e-03	2.366275e-03	-4.099572e-03	3.232923e-03	2.638811e-04	-4.540576e-04	-4.955977e-04	-7.018565e-04	2.062587e-04
392           	8.051105e-03	4.289427e-03	3.761678e-03	-1.733300e-03	2.366240e-03	-4.099541e-03	3.232891e-03	2.638745e-04	-4.540428e-04	-4.955783e-04	-7.018320e-04	2.062536e-04
393           	8.051008e-03	4.289372e-03	3.761636e-03	-1.733303e-03	2.366207e-03	-4.099510e-03	3.232858e-03	2.638678e-04	-4.540278e-04	-4.955587e-04	-7.018071e-04	2.062484e-04
394           	8.050914e-03	4.289316e-03	3.761597e-03	-1.733307e-03	2.366176e-03	-4.099483e-03	3.232829e-03	2.638595e-04	-4.540103e-04	-4.955365e-04	-7.017785e-04	2.062421e-04
395           	8.050819e-03	4.289262e-03	3.761557e-03	-1.733310e-03	2.366143e-03	-4.099453e-03	3.232798e-03	2.638529e-04	-4.539955e-04	-4.955172e-04	-7.017541e-04	2.062369e-04
396           	8.050726e-03	4.289209e-03	3.761517e-03	-1.733313e-03	2.366111e-03	-4.099424e-03	3.232767e-03	2.638461e-04	-4.539807e-04	-4.954979e-04	-7.017297e-04	2.062318e-04
397           	8.050635e-03	4.289157e-03	3.761478e-03	-1.733316e-03	2.366079e-03	-4.099396e-03	3.232738e-03	2.638394e-04	-4.539659e-04	-4.954787e-04	-7.017052e-04	2.062266e-04
398           	8.050544e-03	4.289105e-03	3.761439e-03	-1.733319e-03	2.366048e-03	-4.099368e-03	3.232708e-03	2.638326e-04	-4.539511e-04	-4.954595e-04	-7.016808e-04	2.062214e-04
399           	8.050455e-03	4.289053e-03	3.761402e-03	-1.733323e-03	2.366018e-03	-4.099341e-03	3.232679e-03	2.638258e-04	-4.539363e-04	-4.954403e-04	-7.016564e-04	2.062161e-04
400           	8.050367e-03	4.289003e-03	3.761365e-03	-1.733326e-03	2.365988e-03	-4.099314e-03	3.232651e-03	2.638191e-04	-4.539216e-04	-4.954213e-04	-7.016322e-04	2.062109e-04
401           	8.050281e-03	4.288953e-03	3.761328e-03	-1.733329e-03	2.365959e-03	-4.099288e-03	3.232623e-03	2.638123e-04	-4.539070e-04	-4.954024e-04	-7.016082e-04	2.062058e-04
402           	8.050195e-03	4.288903e-03	3.761292e-03	-1.733332e-03	2.365930e-03	-4.099262e-03	3.232596e-03	2.638057e-04	-4.538925e-04	-4.953838e-04	-7.015844e-04	2.062006e-04
403           	8.050111e-03	4.288855e-03	3.761257e-03	-1.733336e-03	2.365901e-03	-4.099237e-03	3.232569e-03	2.637991e-04	-4.538783e-04	-4.953653e-04	-7.015609e-04	2.061956e-04
404           	8.050028e-03	4.288807e-03	3.761221e-03	-1.733339e-03	2.365873e-03	-4.099212e-03	3.232542e-03	2.637926e-04	-4.538642e-04	-4.953471e-04	-7.015378e-04	2.061906e-04
405           	8.049946e-03	4.288759e-03	3.761187e-03	-1.733342e-03	2.365845e-03	-4.099187e-03	3.232516e-03	2.637861e-04	-4.538503e-04	-4.953292e-04	-7.015149e-04	2.061857e-04
406           	8.049865e-03	4.288712e-03	3.761153e-03	-1.733345e-03	2.365817e-03	-4.099163e-03	3.232490e-03	2.637795e-04	-4.538360e-04	-4.953109e-04	-7.014915e-04	2.061805e-04
407           	8.049785e-03	4.288665e-03	3.761120e-03	-1.733348e-03	2.365790e-03	-4.099138e-03	3.232464e-03	2.637730e-04	-4.538221e-04	-4.952930e-04	-7.014686e-04	2.061756e-04
408           	8.049706e-03	4.288620e-03	3.761086e-03	-1.733352e-03	2.365763e-03	-4.099115e-03	3.232439e-03	2.637667e-04	-4.538085e-04	-4.952755e-04	-7.014462e-04	2.061707e-04
409           	8.049628e-03	4.288575e-03	3.761054e-03	-1.733355e-03	2.365737e-03	-4.099091e-03	3.232414e-03	2.637605e-04	-4.537952e-04	-4.952583e-04	-7.014243e-04	2.061660e-04
410           	8.049551e-03	4.288530e-03	3.761021e-03	-1.733358e-03	2.365710e-03	-4.099068e-03	3.232389e-03	2.637544e-04	-4.537821e-04	-4.952414e-04	-7.014028e-04	2.061614e-04
411           	8.049475e-03	4.288486e-03	3.760989e-03	-1.733361e-03	2.365684e-03	-4.099045e-03	3.232365e-03	2.637485e-04	-4.537693e-04	-4.952247e-04	-7.013816e-04	2.061569e-04
412           	8.049400e-03	4.288443e-03	3.760958e-03	-1.733364e-03	2.365659e-03	-4.099023e-03	3.232341e-03	2.637426e-04	-4.537566e-04	-4.952082e-04	-7.013607e-04	2.061525e-04
413           	8.049326e-03	4.288400e-03	3.760926e-03	-1.733367e-03	2.365634e-03	-4.099001e-03	3.232317e-03	2.637368e-04	-4.537441e-04	-4.951919e-04	-7.013400e-04	2.061481e-04
414           	8.049253e-03	4.288358e-03	3.760895e-03	-1.733370e-03	2.365609e-03	-4.098979e-03	3.232294e-03	2.637311e-04	-4.537317e-04	-4.951757e-04	-7.013196e-04	2.061438e-04
415           	8.049181e-03	4.288316e-03	3.760865e-03	-1.733373e-03	2.365584e-03	-4.098957e-03	3.232270e-03	2.637254e-04	-4.537194e-04	-4.951598e-04	-7.012993e-04	2.061396e-04
416           	8.049109e-03	4.288274e-03	3.760835e-03	-1.733376e-03	2.365560e-03	-4.098935e-03	3.232247e-03	2.637198e-04	-4.537073e-04	-4.951439e-04	-7.012792e-04	2.061353e-04
417           	8.049039e-03	4.288234e-03	3.760805e-03	-1.733379e-03	2.365535e-03	-4.098914e-03	3.232225e-03	2.637142e-04	-4.536952e-04	-4.951282e-04	-7.012594e-04	2.061311e-04
418           	8.048969e-03	4.288193e-03	3.760776e-03	-1.733381e-03	2.365512e-03	-4.098893e-03	3.232202e-03	2.637087e-04	-4.536833e-04	-4.951127e-04	-7.012397e-04	2.061270e-04
419           	8.048900e-03	4.288153e-03	3.760747e-03	-1.733384e-03	2.365488e-03	-4.098872e-03	3.232180e-03	2.637033e-04	-4.536715e-04	-4.950973e-04	-7.012202e-04	2.061228e-04
420           	8.048833e-03	4.288114e-03	3.760718e-03	-1.733387e-03	2.365465e-03	-4.098852e-03	3.232158e-03	2.636978e-04	-4.536598e-04	-4.950821e-04	-7.012009e-04	2.061188e-04
421           	8.048766e-03	4.288075e-03	3.760690e-03	-1.733390e-03	2.365442e-03	-4.098832e-03	3.232137e-03	2.636925e-04	-4.536482e-04	-4.950670e-04	-7.011817e-04	2.061147e-04
422           	8.048700e-03	4.288037e-03	3.760663e-03	-1.733392e-03	2.365419e-03	-4.098812e-03	3.232115e-03	2.636871e-04	-4.536367e-04	-4.950521e-04	-7.011628e-04	2.061107e-04
423           	8.048634e-03	4.287999e-03	3.760635e-03	-1.733395e-03	2.365397e-03	-4.098792e-03	3.232095e-03	2.636818e-04	-4.536253e-04	-4.950373e-04	-7.011440e-04	2.061067e-04
424           	8.048570e-03	4.287962e-03	3.760608e-03	-1.733398e-03	2.365375e-03	-4.098773e-03	3.232074e-03	2.636766e-04	-4.536141e-04	-4.950226e-04	-7.011254e-04	2.061028e-04
425           	8.048504e-03	4.287925e-03	3.760578e-03	-1.733398e-03	2.365350e-03	-4.098748e-03	3.232049e-03	2.636736e-04	-4.536071e-04	-4.950133e-04	-7.011138e-04	2.061005e-04
426           	8.048441e-03	4.287888e-03	3.760553e-03	-1.733401e-03	2.365329e-03	-4.098731e-03	3.232030e-03	2.636678e-04	-4.535947e-04	-4.949972e-04	-7.010933e-04	2.060961e-04
427           	8.048380e-03	4.287852e-03	3.760528e-03	-1.733404e-03	2.365309e-03	-4.098713e-03	3.232011e-03	2.636620e-04	-4.535824e-04	-4.949812e-04	-7.010730e-04	2.060918e-04
428           	8.048319e-03	4.287816e-03	3.760503e-03	-1.733407e-03	2.365289e-03	-4.098696e-03	3.231992e-03	2.636563e-04	-4.535703e-04	-4.949656e-04	-7.010531e-04	2.060875e-04
429           	8.048259e-03	4.287780e-03	3.760479e-03	-1.733410e-03	2.365269e-03	-4.098678e-03	3.231974e-03	2.636508e-04	-4.535586e-04	-4.949505e-04	-7.010338e-04	2.060833e-04
