# Force and moment coefficients
# dragDir     : (1.000000e+00 0.000000e+00 0.000000e+00)
# sideDir     : (0.000000e+00 1.000000e+00 0.000000e+00)
# liftDir     : (0.000000e+00 0.000000e+00 1.000000e+00)
# rollAxis    : (1.000000e+00 0.000000e+00 0.000000e+00)
# pitchAxis   : (0.000000e+00 1.000000e+00 0.000000e+00)
# yawAxis     : (0.000000e+00 0.000000e+00 1.000000e+00)
# magUInf     : 6.661800e+00
# lRef        : 1.499270e-01
# Aref        : 5.000000e-02
# CofR        : (0.000000e+00 0.000000e+00 0.000000e+00)
#
# Time        	Cd            	Cd(f)         	Cd(r)         	Cl            	Cl(f)         	Cl(r)         	CmPitch       	CmRoll        	CmYaw         	Cs            	Cs(f)         	Cs(r)         
1             	4.157876e-01	2.073822e-01	2.084054e-01	-2.849502e-02	3.562577e-01	-3.847527e-01	3.705052e-01	-5.116347e-04	-6.452092e-05	-8.431356e-05	-1.066777e-04	2.236414e-05
2             	3.129448e-01	1.560448e-01	1.569000e-01	-3.484660e-02	2.677425e-01	-3.025891e-01	2.851658e-01	-4.275672e-04	-9.944062e-05	-1.419836e-04	-1.704324e-04	2.844881e-05
3             	2.428698e-01	1.212093e-01	1.216605e-01	-3.371916e-02	2.068518e-01	-2.405710e-01	2.237114e-01	-2.256084e-04	-1.358994e-04	-2.284411e-04	-2.501200e-04	2.167883e-05
4             	1.886032e-01	9.429540e-02	9.430776e-02	-2.752817e-02	1.592572e-01	-1.867853e-01	1.730212e-01	-6.183078e-06	-1.377082e-04	-2.924599e-04	-2.839381e-04	-8.521752e-06
5             	1.440641e-01	7.217809e-02	7.188604e-02	-1.880443e-02	1.200064e-01	-1.388108e-01	1.294086e-01	1.460273e-04	-7.752270e-05	-2.890992e-04	-2.220723e-04	-6.702688e-05
6             	1.080106e-01	5.418275e-02	5.382783e-02	-9.835381e-03	8.827793e-02	-9.811332e-02	9.319562e-02	1.774584e-04	5.520795e-05	-1.935576e-04	-4.157083e-05	-1.519867e-04
7             	8.057114e-02	4.036292e-02	4.020823e-02	-2.291421e-03	6.432967e-02	-6.662110e-02	6.547539e-02	7.734637e-05	2.481003e-04	-1.112401e-05	2.425383e-04	-2.536623e-04
8             	6.166889e-02	3.070702e-02	3.096187e-02	2.904661e-03	4.813458e-02	-4.522991e-02	4.668225e-02	-1.274222e-04	4.699102e-04	2.268652e-04	5.833428e-04	-3.564776e-04
9             	5.045477e-02	2.484217e-02	2.561261e-02	5.540306e-03	3.890078e-02	-3.336047e-02	3.613062e-02	-3.852211e-04	6.800576e-04	4.741900e-04	9.171526e-04	-4.429626e-04
10            	4.538639e-02	2.205544e-02	2.333095e-02	5.934831e-03	3.517623e-02	-2.924140e-02	3.220881e-02	-6.377541e-04	8.407414e-04	6.840158e-04	1.182749e-03	-4.987335e-04
11            	4.453878e-02	2.143387e-02	2.310491e-02	4.721999e-03	3.515551e-02	-3.043351e-02	3.279451e-02	-8.355196e-04	9.262623e-04	8.204839e-04	1.336504e-03	-5.160203e-04
12            	4.598606e-02	2.204480e-02	2.394126e-02	2.634368e-03	3.704408e-02	-3.440971e-02	3.572689e-02	-9.482289e-04	9.291214e-04	8.671077e-04	1.362675e-03	-4.955675e-04
13            	4.811221e-02	2.308909e-02	2.502313e-02	3.336950e-04	3.935335e-02	-3.901966e-02	3.918650e-02	-9.670204e-04	8.581790e-04	8.264657e-04	1.271412e-03	-4.449461e-04
14            	4.979140e-02	2.399246e-02	2.579893e-02	-1.692299e-03	4.106701e-02	-4.275931e-02	4.191316e-02	-9.032352e-04	7.355330e-04	7.178288e-04	1.094447e-03	-3.766186e-04
15            	5.043404e-02	2.443430e-02	2.599974e-02	-3.169346e-03	4.168096e-02	-4.485030e-02	4.326563e-02	-7.827215e-04	5.899895e-04	5.704641e-04	8.752216e-04	-3.047575e-04
16            	4.991857e-02	2.432184e-02	2.559673e-02	-4.021874e-03	4.113444e-02	-4.515631e-02	4.314537e-02	-6.374427e-04	4.500009e-04	4.161262e-04	6.580640e-04	-2.419378e-04
17            	4.845091e-02	2.372828e-02	2.472263e-02	-4.321702e-03	3.966910e-02	-4.399080e-02	4.182995e-02	-4.971731e-04	3.370702e-04	2.811486e-04	4.776445e-04	-1.964959e-04
18            	4.641190e-02	2.282133e-02	2.359056e-02	-4.226329e-03	3.768213e-02	-4.190846e-02	3.979530e-02	-3.846154e-04	2.632813e-04	1.829928e-04	3.547777e-04	-1.717849e-04
19            	4.420798e-02	2.179245e-02	2.241553e-02	-3.916680e-03	3.558130e-02	-3.949798e-02	3.753964e-02	-3.115359e-04	2.297814e-04	1.276702e-04	2.936165e-04	-1.659463e-04
20            	4.216604e-02	2.080357e-02	2.136247e-02	-3.550560e-03	3.368557e-02	-3.723613e-02	3.546085e-02	-2.794503e-04	2.294529e-04	1.116228e-04	2.852643e-04	-1.736415e-04
21            	4.048078e-02	1.995874e-02	2.052204e-02	-3.236832e-03	3.217669e-02	-3.541353e-02	3.379511e-02	-2.816509e-04	2.501646e-04	1.246292e-04	3.124792e-04	-1.878500e-04
22            	3.920860e-02	1.929792e-02	1.991068e-02	-3.028386e-03	3.109709e-02	-3.412547e-02	3.261128e-02	-3.063781e-04	2.783443e-04	1.533017e-04	3.549952e-04	-2.016935e-04
23            	3.829580e-02	1.880767e-02	1.948813e-02	-2.930032e-03	3.038002e-02	-3.331005e-02	3.184503e-02	-3.402311e-04	3.019514e-04	1.843954e-04	3.941491e-04	-2.097537e-04
24            	3.762156e-02	1.843958e-02	1.918198e-02	-2.913706e-03	2.989393e-02	-3.280764e-02	3.135079e-02	-3.711972e-04	3.126826e-04	2.074612e-04	4.164132e-04	-2.089520e-04
25            	3.705117e-02	1.813454e-02	1.891663e-02	-2.938604e-03	2.949699e-02	-3.243559e-02	3.096629e-02	-3.910431e-04	3.072643e-04	2.167007e-04	4.156147e-04	-1.989140e-04
26            	3.647471e-02	1.784169e-02	1.863302e-02	-2.966969e-03	2.907480e-02	-3.204177e-02	3.055829e-02	-3.956635e-04	2.863669e-04	2.103132e-04	3.915235e-04	-1.812103e-04
27            	3.582638e-02	1.752823e-02	1.829815e-02	-2.973043e-03	2.856003e-02	-3.153307e-02	3.004655e-02	-3.849583e-04	2.538405e-04	1.902078e-04	3.489444e-04	-1.587366e-04
28            	3.509137e-02	1.718375e-02	1.790761e-02	-2.947377e-03	2.793847e-02	-3.088584e-02	2.941216e-02	-3.619315e-04	2.151839e-04	1.606731e-04	2.955204e-04	-1.348473e-04
29            	3.429778e-02	1.681756e-02	1.748021e-02	-2.895434e-03	2.724061e-02	-3.013605e-02	2.868833e-02	-3.313248e-04	1.758661e-04	1.267367e-04	2.392344e-04	-1.124978e-04
30            	3.350030e-02	1.645191e-02	1.704838e-02	-2.832711e-03	2.652438e-02	-2.935710e-02	2.794074e-02	-2.982359e-04	1.402751e-04	9.302974e-05	1.867900e-04	-9.376027e-05
31            	3.275833e-02	1.611227e-02	1.664606e-02	-2.777490e-03	2.585266e-02	-2.863015e-02	2.724141e-02	-2.668995e-04	1.108515e-04	6.275326e-05	1.422281e-04	-7.947484e-05
32            	3.211890e-02	1.581933e-02	1.629957e-02	-2.744894e-03	2.527593e-02	-2.802082e-02	2.664838e-02	-2.401215e-04	8.818604e-05	3.753423e-05	1.069532e-04	-6.941893e-05
33            	3.160674e-02	1.558430e-02	1.602245e-02	-2.743302e-03	2.482197e-02	-2.756527e-02	2.619362e-02	-2.190747e-04	7.133014e-05	1.750610e-05	8.008319e-05	-6.257709e-05
34            	3.122135e-02	1.540721e-02	1.581415e-02	-2.773034e-03	2.449255e-02	-2.726558e-02	2.587907e-02	-2.034693e-04	5.835451e-05	1.657551e-06	5.918329e-05	-5.752574e-05
35            	3.094003e-02	1.527799e-02	1.566204e-02	-2.827176e-03	2.426640e-02	-2.709358e-02	2.567999e-02	-1.920229e-04	4.707074e-05	-1.157106e-05	4.128522e-05	-5.285627e-05
36            	3.072573e-02	1.517986e-02	1.554587e-02	-2.894096e-03	2.410715e-02	-2.700125e-02	2.555420e-02	-1.830043e-04	3.560962e-05	-2.376333e-05	2.372795e-05	-4.749128e-05
37            	3.053662e-02	1.509351e-02	1.544310e-02	-2.960595e-03	2.397304e-02	-2.693364e-02	2.545334e-02	-1.747967e-04	2.291005e-05	-3.601298e-05	4.903557e-06	-4.091654e-05
38            	3.033565e-02	1.500159e-02	1.533406e-02	-3.015116e-03	2.382660e-02	-2.684172e-02	2.533416e-02	-1.662339e-04	8.763080e-06	-4.881417e-05	-1.564401e-05	-3.317017e-05
39            	3.009734e-02	1.489191e-02	1.520542e-02	-3.050004e-03	2.364163e-02	-2.669163e-02	2.516663e-02	-1.567531e-04	-6.303282e-06	-6.206867e-05	-3.733762e-05	-2.473105e-05
40            	2.981085e-02	1.475903e-02	1.505182e-02	-3.062547e-03	2.340656e-02	-2.646911e-02	2.493784e-02	-1.463978e-04	-2.128872e-05	-7.523537e-05	-5.890640e-05	-1.632897e-05
41            	2.947961e-02	1.460416e-02	1.487545e-02	-3.054782e-03	2.312419e-02	-2.617897e-02	2.465158e-02	-1.356472e-04	-3.506195e-05	-8.757709e-05	-7.885049e-05	-8.726601e-06
42            	2.911796e-02	1.443375e-02	1.468420e-02	-3.032330e-03	2.280843e-02	-2.584076e-02	2.432459e-02	-1.252270e-04	-4.662972e-05	-9.836206e-05	-9.581075e-05	-2.551311e-06
43            	2.874626e-02	1.425725e-02	1.448901e-02	-3.002703e-03	2.247955e-02	-2.548225e-02	2.398090e-02	-1.158780e-04	-5.535941e-05	-1.070603e-04	-1.088896e-04	1.829238e-06
44            	2.838553e-02	1.408460e-02	1.430093e-02	-2.973456e-03	2.215875e-02	-2.513221e-02	2.364548e-02	-1.081628e-04	-6.108250e-05	-1.134507e-04	-1.178079e-04	4.357142e-06
45            	2.805308e-02	1.392421e-02	1.412887e-02	-2.950715e-03	2.186377e-02	-2.481448e-02	2.333912e-02	-1.023272e-04	-6.411645e-05	-1.176754e-04	-1.229541e-04	5.278759e-06
46            	2.775956e-02	1.378150e-02	1.397807e-02	-2.938191e-03	2.160577e-02	-2.454396e-02	2.307487e-02	-9.828539e-05	-6.515538e-05	-1.201800e-04	-1.252454e-04	5.065363e-06
47            	2.750792e-02	1.365831e-02	1.384961e-02	-2.936887e-03	2.138829e-02	-2.432518e-02	2.285673e-02	-9.565043e-05	-6.511642e-05	-1.216173e-04	-1.259251e-04	4.307751e-06
48            	2.729409e-02	1.355317e-02	1.374093e-02	-2.945386e-03	2.120778e-02	-2.415317e-02	2.268047e-02	-9.387992e-05	-6.491314e-05	-1.226709e-04	-1.262486e-04	3.577688e-06
49            	2.710899e-02	1.346213e-02	1.364686e-02	-2.960567e-03	2.105552e-02	-2.401609e-02	2.253580e-02	-9.236178e-05	-6.532720e-05	-1.239636e-04	-1.273090e-04	3.345417e-06
50            	2.694107e-02	1.337998e-02	1.356109e-02	-2.978535e-03	2.092017e-02	-2.389871e-02	2.240944e-02	-9.055240e-05	-6.687938e-05	-1.259459e-04	-1.298523e-04	3.906431e-06
51            	2.677898e-02	1.330142e-02	1.347756e-02	-2.995525e-03	2.079039e-02	-2.378591e-02	2.228815e-02	-8.807428e-05	-6.977289e-05	-1.288390e-04	-1.341924e-04	5.353376e-06
52            	2.661364e-02	1.322205e-02	1.339159e-02	-3.008639e-03	2.065696e-02	-2.366559e-02	2.216128e-02	-8.476951e-05	-7.390268e-05	-1.326285e-04	-1.402169e-04	7.588424e-06
53            	2.643957e-02	1.313910e-02	1.330047e-02	-3.016250e-03	2.051414e-02	-2.353039e-02	2.202226e-02	-8.068408e-05	-7.893792e-05	-1.371199e-04	-1.474979e-04	1.037796e-05
54            	2.625521e-02	1.305156e-02	1.320365e-02	-3.018098e-03	2.036005e-02	-2.337815e-02	2.186910e-02	-7.604256e-05	-8.440275e-05	-1.419880e-04	-1.553967e-04	1.340875e-05
55            	2.606243e-02	1.296006e-02	1.310238e-02	-3.015098e-03	2.019630e-02	-2.321140e-02	2.170385e-02	-7.115856e-05	-8.980699e-05	-1.468796e-04	-1.632468e-04	1.636719e-05
56            	2.586555e-02	1.286639e-02	1.299916e-02	-3.008950e-03	2.002697e-02	-2.303592e-02	2.153144e-02	-6.638312e-05	-9.471581e-05	-1.514609e-04	-1.704462e-04	1.898537e-05
57            	2.566994e-02	1.277293e-02	1.289701e-02	-3.001674e-03	1.985732e-02	-2.285899e-02	2.135816e-02	-6.204156e-05	-9.880906e-05	-1.554643e-04	-1.765412e-04	2.107688e-05
58            	2.548083e-02	1.268205e-02	1.279877e-02	-2.995162e-03	1.969259e-02	-2.268775e-02	2.119017e-02	-5.836058e-05	-1.019365e-04	-1.587427e-04	-1.813078e-04	2.256516e-05
59            	2.530225e-02	1.259567e-02	1.270658e-02	-2.990843e-03	1.953695e-02	-2.252780e-02	2.103238e-02	-5.545112e-05	-1.041062e-04	-1.612637e-04	-1.847381e-04	2.347434e-05
60            	2.513647e-02	1.251494e-02	1.262153e-02	-2.989486e-03	1.939290e-02	-2.238238e-02	2.088764e-02	-5.329302e-05	-1.054702e-04	-1.631092e-04	-1.870248e-04	2.391562e-05
61            	2.498384e-02	1.244015e-02	1.254369e-02	-2.991179e-03	1.926107e-02	-2.225225e-02	2.075666e-02	-5.176789e-05	-1.062648e-04	-1.644314e-04	-1.884805e-04	2.404916e-05
62            	2.484305e-02	1.237083e-02	1.247222e-02	-2.995430e-03	1.914045e-02	-2.213588e-02	2.063817e-02	-5.069665e-05	-1.067538e-04	-1.654124e-04	-1.894600e-04	2.404760e-05
63            	2.471163e-02	1.230595e-02	1.240568e-02	-3.001365e-03	1.902886e-02	-2.203023e-02	2.052955e-02	-4.986945e-05	-1.071902e-04	-1.662396e-04	-1.903100e-04	2.407035e-05
64            	2.458660e-02	1.224422e-02	1.234238e-02	-3.007955e-03	1.892353e-02	-2.193148e-02	2.042750e-02	-4.908176e-05	-1.077792e-04	-1.670768e-04	-1.913176e-04	2.424083e-05
65            	2.446505e-02	1.218435e-02	1.228069e-02	-3.014231e-03	1.882167e-02	-2.183591e-02	2.032879e-02	-4.816939e-05	-1.086514e-04	-1.680399e-04	-1.926713e-04	2.463140e-05
66            	2.434464e-02	1.212529e-02	1.221935e-02	-3.019455e-03	1.872101e-02	-2.174047e-02	2.023074e-02	-4.703109e-05	-1.098503e-04	-1.691839e-04	-1.944422e-04	2.525830e-05
67            	2.422389e-02	1.206631e-02	1.215758e-02	-3.023203e-03	1.862002e-02	-2.164322e-02	2.013162e-02	-4.563244e-05	-1.113423e-04	-1.705060e-04	-1.965953e-04	2.608933e-05
68            	2.410225e-02	1.200711e-02	1.209514e-02	-3.025388e-03	1.851804e-02	-2.154342e-02	2.003073e-02	-4.401192e-05	-1.130246e-04	-1.719474e-04	-1.989982e-04	2.705088e-05
69            	2.397996e-02	1.194773e-02	1.203223e-02	-3.026208e-03	1.841516e-02	-2.144137e-02	1.992827e-02	-4.225098e-05	-1.147640e-04	-1.734229e-04	-2.014754e-04	2.805256e-05
70            	2.385788e-02	1.188848e-02	1.196940e-02	-3.026049e-03	1.831208e-02	-2.133813e-02	1.982511e-02	-4.045877e-05	-1.164187e-04	-1.748342e-04	-2.038357e-04	2.900157e-05
71            	2.373712e-02	1.182981e-02	1.190731e-02	-3.025384e-03	1.820977e-02	-2.123516e-02	1.972247e-02	-3.875152e-05	-1.178599e-04	-1.760861e-04	-2.059029e-04	2.981684e-05
72            	2.361883e-02	1.177218e-02	1.184665e-02	-3.024666e-03	1.810925e-02	-2.113392e-02	1.962159e-02	-3.723689e-05	-1.189845e-04	-1.770939e-04	-2.075315e-04	3.043753e-05
73            	2.350392e-02	1.171598e-02	1.178795e-02	-3.024255e-03	1.801137e-02	-2.103563e-02	1.952350e-02	-3.598568e-05	-1.197429e-04	-1.778139e-04	-2.086499e-04	3.083596e-05
74            	2.339297e-02	1.166144e-02	1.173153e-02	-3.024367e-03	1.791669e-02	-2.094106e-02	1.942887e-02	-3.504162e-05	-1.201181e-04	-1.782203e-04	-2.092283e-04	3.100798e-05
75            	2.328615e-02	1.160866e-02	1.167748e-02	-3.025070e-03	1.782542e-02	-2.085049e-02	1.933796e-02	-3.440846e-05	-1.201380e-04	-1.783224e-04	-2.092992e-04	3.097678e-05
76            	2.318327e-02	1.155757e-02	1.162570e-02	-3.026301e-03	1.773746e-02	-2.076377e-02	1.925061e-02	-3.406325e-05	-1.198553e-04	-1.781495e-04	-2.089301e-04	3.078058e-05
77            	2.308389e-02	1.150799e-02	1.157591e-02	-3.027906e-03	1.765248e-02	-2.068039e-02	1.916644e-02	-3.395894e-05	-1.193415e-04	-1.777485e-04	-2.082157e-04	3.046723e-05
78            	2.298746e-02	1.145970e-02	1.152777e-02	-3.029689e-03	1.757003e-02	-2.059972e-02	1.908488e-02	-3.403424e-05	-1.186747e-04	-1.771759e-04	-2.072626e-04	3.008673e-05
79            	2.289340e-02	1.141248e-02	1.148092e-02	-3.031461e-03	1.748966e-02	-2.052112e-02	1.900539e-02	-3.422182e-05	-1.179315e-04	-1.764914e-04	-2.061772e-04	2.968583e-05
80            	2.280124e-02	1.136616e-02	1.143508e-02	-3.033070e-03	1.741098e-02	-2.044405e-02	1.892752e-02	-3.446154e-05	-1.171744e-04	-1.757473e-04	-2.050480e-04	2.930074e-05
81            	2.271066e-02	1.132064e-02	1.139002e-02	-3.034429e-03	1.733377e-02	-2.036820e-02	1.885098e-02	-3.468996e-05	-1.164657e-04	-1.750018e-04	-2.039666e-04	2.896477e-05
82            	2.262152e-02	1.127590e-02	1.134563e-02	-3.035516e-03	1.725791e-02	-2.029343e-02	1.877567e-02	-3.486551e-05	-1.158419e-04	-1.742937e-04	-2.029887e-04	2.869501e-05
83            	2.253384e-02	1.123196e-02	1.130188e-02	-3.036369e-03	1.718344e-02	-2.021981e-02	1.870162e-02	-3.496342e-05	-1.153211e-04	-1.736480e-04	-2.021450e-04	2.849708e-05
84            	2.244774e-02	1.118890e-02	1.125885e-02	-3.037061e-03	1.711046e-02	-2.014752e-02	1.862899e-02	-3.497542e-05	-1.149051e-04	-1.730762e-04	-2.014432e-04	2.836693e-05
85            	2.236340e-02	1.114679e-02	1.121661e-02	-3.037686e-03	1.703912e-02	-2.007680e-02	1.855796e-02	-3.490797e-05	-1.145820e-04	-1.725780e-04	-2.008710e-04	2.829299e-05
86            	2.228100e-02	1.110572e-02	1.117528e-02	-3.038332e-03	1.696955e-02	-2.000788e-02	1.848872e-02	-3.477892e-05	-1.143308e-04	-1.721438e-04	-2.004027e-04	2.825895e-05
87            	2.220066e-02	1.106572e-02	1.113494e-02	-3.039066e-03	1.690184e-02	-1.994091e-02	1.842137e-02	-3.460980e-05	-1.141263e-04	-1.717572e-04	-2.000049e-04	2.824769e-05
88            	2.212244e-02	1.102680e-02	1.109565e-02	-3.039927e-03	1.683599e-02	-1.987592e-02	1.835596e-02	-3.442510e-05	-1.139419e-04	-1.713991e-04	-1.996414e-04	2.824234e-05
89            	2.204631e-02	1.098890e-02	1.105741e-02	-3.040917e-03	1.677194e-02	-1.981286e-02	1.829240e-02	-3.425370e-05	-1.137457e-04	-1.710421e-04	-1.992667e-04	2.822461e-05
90            	2.197217e-02	1.095198e-02	1.102019e-02	-3.042016e-03	1.670957e-02	-1.975159e-02	1.823058e-02	-3.410680e-05	-1.135279e-04	-1.706783e-04	-1.988671e-04	2.818878e-05
91            	2.189988e-02	1.091594e-02	1.098394e-02	-3.043181e-03	1.664873e-02	-1.969191e-02	1.817032e-02	-3.399739e-05	-1.132757e-04	-1.702944e-04	-1.984229e-04	2.812848e-05
92            	2.182925e-02	1.088069e-02	1.094856e-02	-3.044361e-03	1.658924e-02	-1.963360e-02	1.811142e-02	-3.393138e-05	-1.129835e-04	-1.698832e-04	-1.979250e-04	2.804189e-05
93            	2.176013e-02	1.084616e-02	1.091397e-02	-3.045507e-03	1.653095e-02	-1.957645e-02	1.805370e-02	-3.390852e-05	-1.126522e-04	-1.694425e-04	-1.973735e-04	2.793097e-05
94            	2.169236e-02	1.081226e-02	1.088011e-02	-3.046580e-03	1.647374e-02	-1.952032e-02	1.799703e-02	-3.392380e-05	-1.122879e-04	-1.689750e-04	-1.967754e-04	2.780035e-05
95            	2.162587e-02	1.077897e-02	1.084691e-02	-3.047557e-03	1.641755e-02	-1.946511e-02	1.794133e-02	-3.397036e-05	-1.118972e-04	-1.684846e-04	-1.961395e-04	2.765491e-05
96            	2.156059e-02	1.074625e-02	1.081434e-02	-3.048433e-03	1.636235e-02	-1.941078e-02	1.788657e-02	-3.404057e-05	-1.114893e-04	-1.679777e-04	-1.954782e-04	2.750050e-05
97            	2.149651e-02	1.071413e-02	1.078238e-02	-3.049217e-03	1.630815e-02	-1.935736e-02	1.783275e-02	-3.412655e-05	-1.110732e-04	-1.674610e-04	-1.948037e-04	2.734273e-05
98            	2.143365e-02	1.068261e-02	1.075105e-02	-3.049933e-03	1.625499e-02	-1.930492e-02	1.777995e-02	-3.422042e-05	-1.106574e-04	-1.669420e-04	-1.941283e-04	2.718639e-05
99            	2.137207e-02	1.065172e-02	1.072035e-02	-3.050607e-03	1.620293e-02	-1.925353e-02	1.772823e-02	-3.431471e-05	-1.102494e-04	-1.664280e-04	-1.934634e-04	2.703538e-05
100           	2.131180e-02	1.062150e-02	1.069030e-02	-3.051272e-03	1.615203e-02	-1.920330e-02	1.767766e-02	-3.440316e-05	-1.098557e-04	-1.659260e-04	-1.928187e-04	2.689269e-05
101           	2.125290e-02	1.059197e-02	1.066093e-02	-3.051952e-03	1.610234e-02	-1.915429e-02	1.762831e-02	-3.448105e-05	-1.094809e-04	-1.654413e-04	-1.922015e-04	2.676025e-05
102           	2.119537e-02	1.056314e-02	1.063223e-02	-3.052667e-03	1.605387e-02	-1.910654e-02	1.758021e-02	-3.454674e-05	-1.091266e-04	-1.649765e-04	-1.916149e-04	2.663831e-05
103           	2.113923e-02	1.053502e-02	1.060422e-02	-3.053427e-03	1.600664e-02	-1.906007e-02	1.753335e-02	-3.460045e-05	-1.087921e-04	-1.645325e-04	-1.910584e-04	2.652587e-05
104           	2.108446e-02	1.050758e-02	1.057687e-02	-3.054233e-03	1.596061e-02	-1.901484e-02	1.748772e-02	-3.464449e-05	-1.084748e-04	-1.641075e-04	-1.905285e-04	2.642100e-05
105           	2.103100e-02	1.048082e-02	1.055018e-02	-3.055079e-03	1.591573e-02	-1.897081e-02	1.744327e-02	-3.468120e-05	-1.081713e-04	-1.637001e-04	-1.900214e-04	2.632127e-05
106           	2.097882e-02	1.045469e-02	1.052412e-02	-3.055955e-03	1.587196e-02	-1.892791e-02	1.739994e-02	-3.471522e-05	-1.078764e-04	-1.633060e-04	-1.895294e-04	2.622346e-05
107           	2.092784e-02	1.042917e-02	1.049867e-02	-3.056844e-03	1.582922e-02	-1.888607e-02	1.735764e-02	-3.475049e-05	-1.075853e-04	-1.629209e-04	-1.890458e-04	2.612485e-05
108           	2.087800e-02	1.040421e-02	1.047379e-02	-3.057734e-03	1.578745e-02	-1.884519e-02	1.731632e-02	-3.479072e-05	-1.072936e-04	-1.625408e-04	-1.885640e-04	2.602319e-05
109           	2.082926e-02	1.037979e-02	1.044947e-02	-3.058612e-03	1.574660e-02	-1.880522e-02	1.727591e-02	-3.483950e-05	-1.069971e-04	-1.621615e-04	-1.880778e-04	2.591639e-05
110           	2.078155e-02	1.035588e-02	1.042568e-02	-3.059468e-03	1.570662e-02	-1.876609e-02	1.723636e-02	-3.489828e-05	-1.066940e-04	-1.617804e-04	-1.875842e-04	2.580382e-05
111           	2.073486e-02	1.033246e-02	1.040239e-02	-3.060298e-03	1.566747e-02	-1.872777e-02	1.719762e-02	-3.496531e-05	-1.063858e-04	-1.613981e-04	-1.870849e-04	2.568680e-05
112           	2.068914e-02	1.030953e-02	1.037961e-02	-3.061099e-03	1.562914e-02	-1.869024e-02	1.715969e-02	-3.503797e-05	-1.060752e-04	-1.610160e-04	-1.865832e-04	2.556723e-05
113           	2.064438e-02	1.028708e-02	1.035730e-02	-3.061874e-03	1.559160e-02	-1.865348e-02	1.712254e-02	-3.511348e-05	-1.057651e-04	-1.606359e-04	-1.860830e-04	2.544719e-05
114           	2.060057e-02	1.026509e-02	1.033547e-02	-3.062626e-03	1.555486e-02	-1.861749e-02	1.708617e-02	-3.518844e-05	-1.054592e-04	-1.602601e-04	-1.855892e-04	2.532917e-05
115           	2.055770e-02	1.024359e-02	1.031411e-02	-3.063359e-03	1.551890e-02	-1.858226e-02	1.705058e-02	-3.525962e-05	-1.051612e-04	-1.598915e-04	-1.851070e-04	2.521544e-05
116           	2.051576e-02	1.022255e-02	1.029320e-02	-3.064080e-03	1.548373e-02	-1.854781e-02	1.701577e-02	-3.532412e-05	-1.048739e-04	-1.595324e-04	-1.846401e-04	2.510774e-05
117           	2.047475e-02	1.020199e-02	1.027275e-02	-3.064792e-03	1.544934e-02	-1.851413e-02	1.698174e-02	-3.538178e-05	-1.045975e-04	-1.591834e-04	-1.841892e-04	2.500580e-05
118           	2.043465e-02	1.018189e-02	1.025276e-02	-3.065498e-03	1.541573e-02	-1.848123e-02	1.694848e-02	-3.543352e-05	-1.043309e-04	-1.588440e-04	-1.837529e-04	2.490887e-05
119           	2.039546e-02	1.016225e-02	1.023321e-02	-3.066202e-03	1.538288e-02	-1.844908e-02	1.691598e-02	-3.548247e-05	-1.040715e-04	-1.585127e-04	-1.833278e-04	2.481513e-05
120           	2.035715e-02	1.014304e-02	1.021411e-02	-3.066904e-03	1.535079e-02	-1.841769e-02	1.688424e-02	-3.553236e-05	-1.038150e-04	-1.581861e-04	-1.829081e-04	2.472199e-05
121           	2.031971e-02	1.012427e-02	1.019544e-02	-3.067602e-03	1.531943e-02	-1.838703e-02	1.685323e-02	-3.558632e-05	-1.035577e-04	-1.578611e-04	-1.824883e-04	2.462715e-05
122           	2.028312e-02	1.010591e-02	1.017721e-02	-3.068295e-03	1.528879e-02	-1.835709e-02	1.682294e-02	-3.564651e-05	-1.032964e-04	-1.575352e-04	-1.820640e-04	2.452883e-05
123           	2.024736e-02	1.008797e-02	1.015939e-02	-3.068983e-03	1.525885e-02	-1.832783e-02	1.679334e-02	-3.571333e-05	-1.030295e-04	-1.572066e-04	-1.816329e-04	2.442622e-05
124           	2.021239e-02	1.007040e-02	1.014199e-02	-3.069659e-03	1.522958e-02	-1.829924e-02	1.676441e-02	-3.579334e-05	-1.027487e-04	-1.568676e-04	-1.811826e-04	2.431491e-05
125           	2.017822e-02	1.005323e-02	1.012499e-02	-3.070326e-03	1.520098e-02	-1.827131e-02	1.673614e-02	-3.588146e-05	-1.024583e-04	-1.565220e-04	-1.807193e-04	2.419729e-05
126           	2.014481e-02	1.003643e-02	1.010838e-02	-3.070983e-03	1.517302e-02	-1.824401e-02	1.670851e-02	-3.597783e-05	-1.021567e-04	-1.561677e-04	-1.802405e-04	2.407285e-05
127           	2.011216e-02	1.002000e-02	1.009216e-02	-3.071628e-03	1.514569e-02	-1.821732e-02	1.668151e-02	-3.607980e-05	-1.018460e-04	-1.558059e-04	-1.797490e-04	2.394311e-05
128           	2.008024e-02	1.000394e-02	1.007630e-02	-3.072261e-03	1.511898e-02	-1.819125e-02	1.665512e-02	-3.618039e-05	-1.015341e-04	-1.554428e-04	-1.792555e-04	2.381269e-05
129           	2.004904e-02	9.988237e-03	1.006080e-02	-3.072880e-03	1.509287e-02	-1.816575e-02	1.662931e-02	-3.628305e-05	-1.012178e-04	-1.550753e-04	-1.787555e-04	2.368022e-05
130           	2.001854e-02	9.972882e-03	1.004566e-02	-3.073485e-03	1.506734e-02	-1.814082e-02	1.660408e-02	-3.638704e-05	-1.008996e-04	-1.547050e-04	-1.782521e-04	2.354712e-05
131           	1.998872e-02	9.957868e-03	1.003085e-02	-3.074075e-03	1.504238e-02	-1.811645e-02	1.657942e-02	-3.649314e-05	-1.005793e-04	-1.543319e-04	-1.777453e-04	2.341342e-05
132           	1.995958e-02	9.943187e-03	1.001639e-02	-3.074650e-03	1.501798e-02	-1.809263e-02	1.655530e-02	-3.660141e-05	-1.002583e-04	-1.539570e-04	-1.772368e-04	2.327976e-05
133           	1.993109e-02	9.928834e-03	1.000226e-02	-3.075212e-03	1.499412e-02	-1.806934e-02	1.653173e-02	-3.671071e-05	-9.993958e-05	-1.535836e-04	-1.767314e-04	2.314776e-05
134           	1.990325e-02	9.914804e-03	9.988444e-03	-3.075760e-03	1.497081e-02	-1.804657e-02	1.650869e-02	-3.682005e-05	-9.962605e-05	-1.532146e-04	-1.762333e-04	2.301877e-05
135           	1.987604e-02	9.901091e-03	9.974948e-03	-3.076294e-03	1.494802e-02	-1.802431e-02	1.648617e-02	-3.692843e-05	-9.932017e-05	-1.528524e-04	-1.757464e-04	2.289396e-05
136           	1.984945e-02	9.887684e-03	9.961761e-03	-3.076814e-03	1.492574e-02	-1.800256e-02	1.646415e-02	-3.703868e-05	-9.901984e-05	-1.524952e-04	-1.752674e-04	2.277226e-05
137           	1.982347e-02	9.874590e-03	9.948882e-03	-3.077322e-03	1.490399e-02	-1.798131e-02	1.644265e-02	-3.714577e-05	-9.873075e-05	-1.521493e-04	-1.748054e-04	2.265612e-05
138           	1.979809e-02	9.861797e-03	9.936297e-03	-3.077819e-03	1.488273e-02	-1.796055e-02	1.642164e-02	-3.724990e-05	-9.845252e-05	-1.518147e-04	-1.743599e-04	2.254516e-05
139           	1.977330e-02	9.849297e-03	9.924001e-03	-3.078304e-03	1.486196e-02	-1.794026e-02	1.640111e-02	-3.735162e-05	-9.818428e-05	-1.514910e-04	-1.739298e-04	2.243879e-05
140           	1.974907e-02	9.837084e-03	9.911988e-03	-3.078777e-03	1.484166e-02	-1.792044e-02	1.638105e-02	-3.745188e-05	-9.792443e-05	-1.511769e-04	-1.735129e-04	2.233600e-05
141           	1.972540e-02	9.825149e-03	9.900253e-03	-3.079237e-03	1.482183e-02	-1.790107e-02	1.636145e-02	-3.755220e-05	-9.767072e-05	-1.508704e-04	-1.731059e-04	2.223551e-05
142           	1.970228e-02	9.813485e-03	9.888792e-03	-3.079685e-03	1.480246e-02	-1.788214e-02	1.634230e-02	-3.765359e-05	-9.742140e-05	-1.505702e-04	-1.727065e-04	2.213628e-05
143           	1.967969e-02	9.802086e-03	9.877599e-03	-3.080120e-03	1.478353e-02	-1.786365e-02	1.632359e-02	-3.775672e-05	-9.717525e-05	-1.502753e-04	-1.723129e-04	2.203760e-05
144           	1.965762e-02	9.790946e-03	9.866670e-03	-3.080543e-03	1.476503e-02	-1.784558e-02	1.630530e-02	-3.786229e-05	-9.693120e-05	-1.499848e-04	-1.719236e-04	2.193882e-05
145           	1.963606e-02	9.780056e-03	9.855999e-03	-3.080955e-03	1.474697e-02	-1.782792e-02	1.628744e-02	-3.797144e-05	-9.668815e-05	-1.496977e-04	-1.715370e-04	2.183930e-05
146           	1.961499e-02	9.769412e-03	9.845582e-03	-3.081355e-03	1.472931e-02	-1.781067e-02	1.626999e-02	-3.808480e-05	-9.644549e-05	-1.494136e-04	-1.711523e-04	2.173868e-05
147           	1.959442e-02	9.759009e-03	9.835412e-03	-3.081744e-03	1.471207e-02	-1.779382e-02	1.625294e-02	-3.820172e-05	-9.620390e-05	-1.491330e-04	-1.707704e-04	2.163739e-05
148           	1.957432e-02	9.748840e-03	9.825483e-03	-3.082122e-03	1.469523e-02	-1.777735e-02	1.623629e-02	-3.832143e-05	-9.596436e-05	-1.488568e-04	-1.703928e-04	2.153595e-05
149           	1.955469e-02	9.738903e-03	9.815789e-03	-3.082489e-03	1.467877e-02	-1.776126e-02	1.622002e-02	-3.844290e-05	-9.572827e-05	-1.485863e-04	-1.700214e-04	2.143513e-05
150           	1.953552e-02	9.729194e-03	9.806322e-03	-3.082846e-03	1.466270e-02	-1.774555e-02	1.620413e-02	-3.856398e-05	-9.549773e-05	-1.483229e-04	-1.696592e-04	2.133626e-05
151           	1.951679e-02	9.719711e-03	9.797075e-03	-3.083193e-03	1.464701e-02	-1.773020e-02	1.618860e-02	-3.868209e-05	-9.527490e-05	-1.480681e-04	-1.693090e-04	2.124084e-05
152           	1.949849e-02	9.710452e-03	9.788041e-03	-3.083529e-03	1.463167e-02	-1.771520e-02	1.617344e-02	-3.879476e-05	-9.506174e-05	-1.478231e-04	-1.689733e-04	2.115019e-05
153           	1.948063e-02	9.701413e-03	9.779214e-03	-3.083855e-03	1.461670e-02	-1.770056e-02	1.615863e-02	-3.890055e-05	-9.485887e-05	-1.475880e-04	-1.686529e-04	2.106484e-05
154           	1.946318e-02	9.692591e-03	9.770588e-03	-3.084172e-03	1.460208e-02	-1.768625e-02	1.614416e-02	-3.899849e-05	-9.466627e-05	-1.473627e-04	-1.683476e-04	2.098492e-05
155           	1.944614e-02	9.683982e-03	9.762158e-03	-3.084479e-03	1.458780e-02	-1.767228e-02	1.613004e-02	-3.908825e-05	-9.448347e-05	-1.471466e-04	-1.680568e-04	2.091016e-05
156           	1.942950e-02	9.675579e-03	9.753921e-03	-3.084777e-03	1.457386e-02	-1.765863e-02	1.611625e-02	-3.917101e-05	-9.430880e-05	-1.469385e-04	-1.677780e-04	2.083955e-05
157           	1.941325e-02	9.667378e-03	9.745876e-03	-3.085065e-03	1.456024e-02	-1.764531e-02	1.610278e-02	-3.924855e-05	-9.414037e-05	-1.467369e-04	-1.675088e-04	2.077191e-05
158           	1.939739e-02	9.659373e-03	9.738018e-03	-3.085345e-03	1.454695e-02	-1.763230e-02	1.608963e-02	-3.932244e-05	-9.397653e-05	-1.465408e-04	-1.672469e-04	2.070613e-05
159           	1.938190e-02	9.651554e-03	9.730344e-03	-3.085614e-03	1.453397e-02	-1.761959e-02	1.607678e-02	-3.939519e-05	-9.381459e-05	-1.463479e-04	-1.669886e-04	2.064062e-05
160           	1.936677e-02	9.643920e-03	9.722854e-03	-3.085875e-03	1.452130e-02	-1.760718e-02	1.606424e-02	-3.946687e-05	-9.365417e-05	-1.461582e-04	-1.667333e-04	2.057508e-05
161           	1.935201e-02	9.636467e-03	9.715544e-03	-3.086128e-03	1.450893e-02	-1.759506e-02	1.605200e-02	-3.953843e-05	-9.349385e-05	-1.459702e-04	-1.664790e-04	2.050873e-05
162           	1.933760e-02	9.629189e-03	9.708411e-03	-3.086372e-03	1.449686e-02	-1.758323e-02	1.604005e-02	-3.961086e-05	-9.333209e-05	-1.457826e-04	-1.662234e-04	2.044078e-05
163           	1.932353e-02	9.622082e-03	9.701452e-03	-3.086609e-03	1.448508e-02	-1.757169e-02	1.602838e-02	-3.968528e-05	-9.316716e-05	-1.455937e-04	-1.659640e-04	2.037032e-05
164           	1.930980e-02	9.615140e-03	9.694664e-03	-3.086837e-03	1.447358e-02	-1.756041e-02	1.601700e-02	-3.976215e-05	-9.299822e-05	-1.454026e-04	-1.656995e-04	2.029691e-05
165           	1.929640e-02	9.608359e-03	9.688043e-03	-3.087057e-03	1.446235e-02	-1.754941e-02	1.600588e-02	-3.984205e-05	-9.282489e-05	-1.452091e-04	-1.654294e-04	2.022034e-05
166           	1.928332e-02	9.601735e-03	9.681586e-03	-3.087269e-03	1.445140e-02	-1.753867e-02	1.599503e-02	-3.992527e-05	-9.264666e-05	-1.450125e-04	-1.651529e-04	2.014042e-05
167           	1.927056e-02	9.595265e-03	9.675291e-03	-3.087473e-03	1.444071e-02	-1.752818e-02	1.598444e-02	-4.001298e-05	-9.246252e-05	-1.448119e-04	-1.648685e-04	2.005654e-05
168           	1.925810e-02	9.588943e-03	9.669157e-03	-3.087670e-03	1.443027e-02	-1.751794e-02	1.597411e-02	-4.010676e-05	-9.227106e-05	-1.446065e-04	-1.645743e-04	1.996782e-05
169           	1.924595e-02	9.582765e-03	9.663180e-03	-3.087860e-03	1.442010e-02	-1.750796e-02	1.596403e-02	-4.020776e-05	-9.207102e-05	-1.443950e-04	-1.642685e-04	1.987352e-05
170           	1.923409e-02	9.576726e-03	9.657360e-03	-3.088043e-03	1.441016e-02	-1.749821e-02	1.595419e-02	-4.031701e-05	-9.186099e-05	-1.441760e-04	-1.639490e-04	1.977299e-05
171           	1.922251e-02	9.570822e-03	9.651692e-03	-3.088219e-03	1.440048e-02	-1.748869e-02	1.594458e-02	-4.043518e-05	-9.164013e-05	-1.439485e-04	-1.636144e-04	1.966586e-05
172           	1.921122e-02	9.565050e-03	9.646174e-03	-3.088388e-03	1.439102e-02	-1.747941e-02	1.593522e-02	-4.056219e-05	-9.140823e-05	-1.437121e-04	-1.632643e-04	1.955217e-05
173           	1.920021e-02	9.559408e-03	9.640802e-03	-3.088551e-03	1.438180e-02	-1.747035e-02	1.592608e-02	-4.069671e-05	-9.116635e-05	-1.434673e-04	-1.629000e-04	1.943272e-05
174           	1.918947e-02	9.553897e-03	9.635569e-03	-3.088708e-03	1.437281e-02	-1.746151e-02	1.591716e-02	-4.083624e-05	-9.091685e-05	-1.432155e-04	-1.625246e-04	1.930911e-05
175           	1.917899e-02	9.548515e-03	9.630471e-03	-3.088858e-03	1.436403e-02	-1.745289e-02	1.590846e-02	-4.097794e-05	-9.066257e-05	-1.429588e-04	-1.621420e-04	1.918315e-05
176           	1.916876e-02	9.543263e-03	9.625501e-03	-3.089002e-03	1.435547e-02	-1.744448e-02	1.589998e-02	-4.111915e-05	-9.040625e-05	-1.426992e-04	-1.617559e-04	1.905662e-05
177           	1.915879e-02	9.538139e-03	9.620654e-03	-3.089141e-03	1.434713e-02	-1.743627e-02	1.589170e-02	-4.125762e-05	-9.015026e-05	-1.424383e-04	-1.613694e-04	1.893109e-05
178           	1.914907e-02	9.533143e-03	9.615926e-03	-3.089274e-03	1.433899e-02	-1.742826e-02	1.588363e-02	-4.139139e-05	-8.989698e-05	-1.421779e-04	-1.609860e-04	1.880801e-05
179           	1.913959e-02	9.528275e-03	9.611312e-03	-3.089401e-03	1.433105e-02	-1.742045e-02	1.587575e-02	-4.151853e-05	-8.964898e-05	-1.419202e-04	-1.606091e-04	1.868887e-05
180           	1.913034e-02	9.523533e-03	9.606808e-03	-3.089524e-03	1.432331e-02	-1.741284e-02	1.586808e-02	-4.163751e-05	-8.940846e-05	-1.416672e-04	-1.602420e-04	1.857487e-05
181           	1.912132e-02	9.518915e-03	9.602410e-03	-3.089641e-03	1.431577e-02	-1.740541e-02	1.586059e-02	-4.174746e-05	-8.917676e-05	-1.414200e-04	-1.598867e-04	1.846678e-05
182           	1.911253e-02	9.514420e-03	9.598115e-03	-3.089754e-03	1.430841e-02	-1.739817e-02	1.585329e-02	-4.184750e-05	-8.895539e-05	-1.411800e-04	-1.595454e-04	1.836538e-05
183           	1.910396e-02	9.510045e-03	9.593919e-03	-3.089861e-03	1.430124e-02	-1.739110e-02	1.584617e-02	-4.193731e-05	-8.874541e-05	-1.409486e-04	-1.592197e-04	1.827113e-05
184           	1.909561e-02	9.505788e-03	9.589822e-03	-3.089965e-03	1.429425e-02	-1.738421e-02	1.583923e-02	-4.201707e-05	-8.854714e-05	-1.407262e-04	-1.589103e-04	1.818403e-05
185           	1.908746e-02	9.501640e-03	9.585820e-03	-3.090062e-03	1.428743e-02	-1.737749e-02	1.583246e-02	-4.209009e-05	-8.835750e-05	-1.405108e-04	-1.586129e-04	1.810211e-05
186           	1.907952e-02	9.497606e-03	9.581913e-03	-3.090156e-03	1.428079e-02	-1.737094e-02	1.582586e-02	-4.215369e-05	-8.817994e-05	-1.403056e-04	-1.583327e-04	1.802716e-05
187           	1.907178e-02	9.493682e-03	9.578099e-03	-3.090247e-03	1.427431e-02	-1.736456e-02	1.581944e-02	-4.220865e-05	-8.801386e-05	-1.401105e-04	-1.580691e-04	1.795859e-05
188           	1.906424e-02	9.489865e-03	9.574377e-03	-3.090334e-03	1.426800e-02	-1.735834e-02	1.581317e-02	-4.225612e-05	-8.785817e-05	-1.399250e-04	-1.578207e-04	1.789567e-05
189           	1.905690e-02	9.486151e-03	9.570745e-03	-3.090418e-03	1.426186e-02	-1.735228e-02	1.580707e-02	-4.229700e-05	-8.771195e-05	-1.397483e-04	-1.575861e-04	1.783778e-05
190           	1.904974e-02	9.482537e-03	9.567200e-03	-3.090499e-03	1.425587e-02	-1.734637e-02	1.580112e-02	-4.233186e-05	-8.757477e-05	-1.395803e-04	-1.573649e-04	1.778462e-05
191           	1.904276e-02	9.479020e-03	9.563742e-03	-3.090576e-03	1.425004e-02	-1.734062e-02	1.579533e-02	-4.236121e-05	-8.744626e-05	-1.394207e-04	-1.571566e-04	1.773592e-05
192           	1.903597e-02	9.475598e-03	9.560369e-03	-3.090650e-03	1.424436e-02	-1.733501e-02	1.578968e-02	-4.238553e-05	-8.732596e-05	-1.392691e-04	-1.569605e-04	1.769139e-05
193           	1.902934e-02	9.472267e-03	9.557078e-03	-3.090721e-03	1.423882e-02	-1.732954e-02	1.578418e-02	-4.240507e-05	-8.721375e-05	-1.391256e-04	-1.567765e-04	1.765097e-05
194           	1.902289e-02	9.469027e-03	9.553867e-03	-3.090788e-03	1.423343e-02	-1.732421e-02	1.577882e-02	-4.241984e-05	-8.710989e-05	-1.389903e-04	-1.566050e-04	1.761476e-05
195           	1.901661e-02	9.465875e-03	9.550734e-03	-3.090852e-03	1.422817e-02	-1.731902e-02	1.577360e-02	-4.242962e-05	-8.701489e-05	-1.388638e-04	-1.564468e-04	1.758301e-05
196           	1.901049e-02	9.462809e-03	9.547677e-03	-3.090914e-03	1.422305e-02	-1.731397e-02	1.576851e-02	-4.243400e-05	-8.692947e-05	-1.387468e-04	-1.563029e-04	1.755608e-05
197           	1.900452e-02	9.459829e-03	9.544694e-03	-3.090973e-03	1.421807e-02	-1.730904e-02	1.576355e-02	-4.243241e-05	-8.685442e-05	-1.386401e-04	-1.561745e-04	1.753439e-05
198           	1.899871e-02	9.456933e-03	9.541781e-03	-3.091029e-03	1.421321e-02	-1.730424e-02	1.575873e-02	-4.242419e-05	-8.679057e-05	-1.385444e-04	-1.560628e-04	1.751837e-05
199           	1.899306e-02	9.454120e-03	9.538938e-03	-3.091083e-03	1.420848e-02	-1.729957e-02	1.575402e-02	-4.240866e-05	-8.673870e-05	-1.384605e-04	-1.559689e-04	1.750845e-05
200           	1.898755e-02	9.451390e-03	9.536160e-03	-3.091135e-03	1.420388e-02	-1.729501e-02	1.574945e-02	-4.238531e-05	-8.669928e-05	-1.383888e-04	-1.558937e-04	1.750486e-05
201           	1.898219e-02	9.448740e-03	9.533448e-03	-3.091185e-03	1.419940e-02	-1.729058e-02	1.574499e-02	-4.235402e-05	-8.667240e-05	-1.383295e-04	-1.558371e-04	1.750764e-05
202           	1.897696e-02	9.446161e-03	9.530800e-03	-3.091232e-03	1.419503e-02	-1.728626e-02	1.574064e-02	-4.231965e-05	-8.665261e-05	-1.382779e-04	-1.557916e-04	1.751365e-05
203           	1.897187e-02	9.443661e-03	9.528214e-03	-3.091277e-03	1.419078e-02	-1.728205e-02	1.573642e-02	-4.227660e-05	-8.664589e-05	-1.382392e-04	-1.557655e-04	1.752631e-05
204           	1.896693e-02	9.441238e-03	9.525688e-03	-3.091321e-03	1.418664e-02	-1.727796e-02	1.573230e-02	-4.222516e-05	-8.665173e-05	-1.382128e-04	-1.557581e-04	1.754533e-05
205           	1.896211e-02	9.438889e-03	9.523221e-03	-3.091365e-03	1.418262e-02	-1.727398e-02	1.572830e-02	-4.216561e-05	-8.666965e-05	-1.381985e-04	-1.557689e-04	1.757042e-05
206           	1.895742e-02	9.436614e-03	9.520810e-03	-3.091407e-03	1.417871e-02	-1.727011e-02	1.572441e-02	-4.209790e-05	-8.669952e-05	-1.381961e-04	-1.557976e-04	1.760148e-05
207           	1.895286e-02	9.434410e-03	9.518454e-03	-3.091448e-03	1.417490e-02	-1.726635e-02	1.572062e-02	-4.202212e-05	-8.674110e-05	-1.382054e-04	-1.558438e-04	1.763839e-05
208           	1.894843e-02	9.432274e-03	9.516151e-03	-3.091488e-03	1.417119e-02	-1.726268e-02	1.571694e-02	-4.193853e-05	-8.679393e-05	-1.382261e-04	-1.559070e-04	1.768088e-05
209           	1.894411e-02	9.430205e-03	9.513901e-03	-3.091526e-03	1.416759e-02	-1.725911e-02	1.571335e-02	-4.184768e-05	-8.685724e-05	-1.382575e-04	-1.559860e-04	1.772849e-05
210           	1.893990e-02	9.428201e-03	9.511701e-03	-3.091563e-03	1.416408e-02	-1.725564e-02	1.570986e-02	-4.175005e-05	-8.693028e-05	-1.382990e-04	-1.560798e-04	1.778079e-05
211           	1.893581e-02	9.426259e-03	9.509551e-03	-3.091598e-03	1.416066e-02	-1.725226e-02	1.570646e-02	-4.164604e-05	-8.701234e-05	-1.383500e-04	-1.561873e-04	1.783735e-05
212           	1.893183e-02	9.424379e-03	9.507451e-03	-3.091632e-03	1.415734e-02	-1.724897e-02	1.570316e-02	-4.153629e-05	-8.710244e-05	-1.384097e-04	-1.563073e-04	1.789759e-05
213           	1.892796e-02	9.422556e-03	9.505400e-03	-3.091665e-03	1.415411e-02	-1.724577e-02	1.569994e-02	-4.142163e-05	-8.719942e-05	-1.384772e-04	-1.564380e-04	1.796084e-05
214           	1.892419e-02	9.420791e-03	9.503397e-03	-3.091697e-03	1.415096e-02	-1.724266e-02	1.569681e-02	-4.130290e-05	-8.730211e-05	-1.385513e-04	-1.565778e-04	1.802644e-05
215           	1.892052e-02	9.419080e-03	9.501442e-03	-3.091728e-03	1.414790e-02	-1.723963e-02	1.569377e-02	-4.118084e-05	-8.740949e-05	-1.386313e-04	-1.567251e-04	1.809384e-05
216           	1.891696e-02	9.417422e-03	9.499534e-03	-3.091758e-03	1.414493e-02	-1.723669e-02	1.569081e-02	-4.105627e-05	-8.752046e-05	-1.387160e-04	-1.568784e-04	1.816248e-05
217           	1.891349e-02	9.415815e-03	9.497674e-03	-3.091787e-03	1.414204e-02	-1.723382e-02	1.568793e-02	-4.092981e-05	-8.763423e-05	-1.388046e-04	-1.570365e-04	1.823195e-05
218           	1.891012e-02	9.414256e-03	9.495860e-03	-3.091816e-03	1.413923e-02	-1.723104e-02	1.568513e-02	-4.080203e-05	-8.775015e-05	-1.388964e-04	-1.571984e-04	1.830193e-05
219           	1.890872e-02	9.413652e-03	9.495068e-03	-3.091929e-03	1.413811e-02	-1.723004e-02	1.568407e-02	-4.070756e-05	-8.783079e-05	-1.389609e-04	-1.573113e-04	1.835033e-05
220           	1.890752e-02	9.413130e-03	9.494391e-03	-3.092092e-03	1.413718e-02	-1.722927e-02	1.568323e-02	-4.063050e-05	-8.789342e-05	-1.390121e-04	-1.573995e-04	1.838735e-05
221           	1.890639e-02	9.412629e-03	9.493759e-03	-3.092267e-03	1.413631e-02	-1.722858e-02	1.568245e-02	-4.056532e-05	-8.794327e-05	-1.390536e-04	-1.574701e-04	1.841645e-05
222           	1.890520e-02	9.412093e-03	9.493110e-03	-3.092417e-03	1.413539e-02	-1.722780e-02	1.568160e-02	-4.050828e-05	-8.798391e-05	-1.390874e-04	-1.575276e-04	1.844021e-05
223           	1.890389e-02	9.411492e-03	9.492399e-03	-3.092519e-03	1.413433e-02	-1.722685e-02	1.568059e-02	-4.045336e-05	-8.802166e-05	-1.391187e-04	-1.575810e-04	1.846231e-05
224           	1.890242e-02	9.410810e-03	9.491607e-03	-3.092562e-03	1.413312e-02	-1.722568e-02	1.567940e-02	-4.039867e-05	-8.805870e-05	-1.391490e-04	-1.576332e-04	1.848418e-05
225           	1.890079e-02	9.410050e-03	9.490737e-03	-3.092549e-03	1.413174e-02	-1.722429e-02	1.567802e-02	-4.034374e-05	-8.809591e-05	-1.391791e-04	-1.576855e-04	1.850635e-05
226           	1.889904e-02	9.409233e-03	9.489806e-03	-3.092491e-03	1.413025e-02	-1.722274e-02	1.567649e-02	-4.028685e-05	-8.813567e-05	-1.392113e-04	-1.577413e-04	1.853003e-05
227           	1.889722e-02	9.408379e-03	9.488842e-03	-3.092406e-03	1.412868e-02	-1.722109e-02	1.567488e-02	-4.023147e-05	-8.817400e-05	-1.392421e-04	-1.577951e-04	1.855294e-05
228           	1.889539e-02	9.407525e-03	9.487870e-03	-3.092313e-03	1.412711e-02	-1.721942e-02	1.567326e-02	-4.017259e-05	-8.821748e-05	-1.392777e-04	-1.578563e-04	1.857861e-05
229           	1.889361e-02	9.406692e-03	9.486917e-03	-3.092228e-03	1.412557e-02	-1.721780e-02	1.567168e-02	-4.011228e-05	-8.826398e-05	-1.393163e-04	-1.579221e-04	1.860585e-05
230           	1.889190e-02	9.405898e-03	9.486003e-03	-3.092164e-03	1.412411e-02	-1.721628e-02	1.567019e-02	-4.005226e-05	-8.831157e-05	-1.393559e-04	-1.579895e-04	1.863360e-05
231           	1.889029e-02	9.405152e-03	9.485139e-03	-3.092127e-03	1.412275e-02	-1.721488e-02	1.566881e-02	-3.999348e-05	-8.835900e-05	-1.393957e-04	-1.580568e-04	1.866116e-05
232           	1.888878e-02	9.404455e-03	9.484327e-03	-3.092118e-03	1.412148e-02	-1.721360e-02	1.566754e-02	-3.993612e-05	-8.840582e-05	-1.394351e-04	-1.581233e-04	1.868828e-05
233           	1.888736e-02	9.403801e-03	9.483561e-03	-3.092131e-03	1.412031e-02	-1.721244e-02	1.566637e-02	-3.988002e-05	-8.845202e-05	-1.394740e-04	-1.581890e-04	1.871500e-05
234           	1.888602e-02	9.403188e-03	9.482827e-03	-3.092163e-03	1.411920e-02	-1.721136e-02	1.566528e-02	-3.981928e-05	-8.850376e-05	-1.395178e-04	-1.582627e-04	1.874487e-05
235           	1.888471e-02	9.402595e-03	9.482116e-03	-3.092202e-03	1.411813e-02	-1.721033e-02	1.566423e-02	-3.976061e-05	-8.855402e-05	-1.395604e-04	-1.583342e-04	1.877384e-05
236           	1.888343e-02	9.402010e-03	9.481416e-03	-3.092239e-03	1.411708e-02	-1.720932e-02	1.566320e-02	-3.970330e-05	-8.860372e-05	-1.396027e-04	-1.584050e-04	1.880240e-05
237           	1.888214e-02	9.401425e-03	9.480718e-03	-3.092271e-03	1.411603e-02	-1.720830e-02	1.566216e-02	-3.964638e-05	-8.865412e-05	-1.396457e-04	-1.584770e-04	1.883125e-05
238           	1.888085e-02	9.400838e-03	9.480015e-03	-3.092292e-03	1.411496e-02	-1.720725e-02	1.566110e-02	-3.958879e-05	-8.870649e-05	-1.396908e-04	-1.585519e-04	1.886111e-05
239           	1.887955e-02	9.400238e-03	9.479309e-03	-3.092301e-03	1.411387e-02	-1.720617e-02	1.566002e-02	-3.953576e-05	-8.875511e-05	-1.397327e-04	-1.586215e-04	1.888876e-05
240           	1.887824e-02	9.399639e-03	9.478596e-03	-3.092301e-03	1.411277e-02	-1.720508e-02	1.565893e-02	-3.947852e-05	-8.880958e-05	-1.397800e-04	-1.586996e-04	1.891961e-05
241           	1.887693e-02	9.399047e-03	9.477880e-03	-3.092295e-03	1.411168e-02	-1.720397e-02	1.565782e-02	-3.941656e-05	-8.887046e-05	-1.398331e-04	-1.587870e-04	1.895393e-05
242           	1.887563e-02	9.398464e-03	9.477164e-03	-3.092286e-03	1.411058e-02	-1.720287e-02	1.565673e-02	-3.934999e-05	-8.893752e-05	-1.398919e-04	-1.588835e-04	1.899158e-05
243           	1.887435e-02	9.397894e-03	9.476453e-03	-3.092276e-03	1.410951e-02	-1.720178e-02	1.565565e-02	-3.927943e-05	-8.900997e-05	-1.399557e-04	-1.589878e-04	1.903212e-05
244           	1.887309e-02	9.397340e-03	9.475752e-03	-3.092269e-03	1.410845e-02	-1.720072e-02	1.565459e-02	-3.920584e-05	-8.908664e-05	-1.400235e-04	-1.590984e-04	1.907488e-05
245           	1.887187e-02	9.396802e-03	9.475063e-03	-3.092265e-03	1.410743e-02	-1.719969e-02	1.565356e-02	-3.913029e-05	-8.916619e-05	-1.400942e-04	-1.592133e-04	1.911909e-05
246           	1.887067e-02	9.396280e-03	9.474388e-03	-3.092264e-03	1.410642e-02	-1.719869e-02	1.565256e-02	-3.905377e-05	-8.924737e-05	-1.401666e-04	-1.593307e-04	1.916408e-05
247           	1.886950e-02	9.395772e-03	9.473726e-03	-3.092267e-03	1.410545e-02	-1.719771e-02	1.565158e-02	-3.897702e-05	-8.932921e-05	-1.402398e-04	-1.594491e-04	1.920929e-05
248           	1.886835e-02	9.395277e-03	9.473078e-03	-3.092273e-03	1.410449e-02	-1.719677e-02	1.565063e-02	-3.890055e-05	-8.941100e-05	-1.403133e-04	-1.595677e-04	1.925433e-05
249           	1.886723e-02	9.394792e-03	9.472441e-03	-3.092280e-03	1.410356e-02	-1.719584e-02	1.564970e-02	-3.882465e-05	-8.949231e-05	-1.403867e-04	-1.596856e-04	1.929899e-05
250           	1.886613e-02	9.394316e-03	9.471814e-03	-3.092287e-03	1.410264e-02	-1.719493e-02	1.564878e-02	-3.874937e-05	-8.957301e-05	-1.404597e-04	-1.598029e-04	1.934316e-05
251           	1.886504e-02	9.393847e-03	9.471197e-03	-3.092294e-03	1.410173e-02	-1.719403e-02	1.564788e-02	-3.867464e-05	-8.965312e-05	-1.405325e-04	-1.599194e-04	1.938688e-05
252           	1.886397e-02	9.393386e-03	9.470586e-03	-3.092299e-03	1.410084e-02	-1.719314e-02	1.564699e-02	-3.860027e-05	-8.973282e-05	-1.406052e-04	-1.600354e-04	1.943024e-05
253           	1.886291e-02	9.392926e-03	9.469988e-03	-3.092303e-03	1.409996e-02	-1.719226e-02	1.564611e-02	-3.853132e-05	-8.980676e-05	-1.406729e-04	-1.601432e-04	1.947030e-05
254           	1.886187e-02	9.392474e-03	9.469395e-03	-3.092307e-03	1.409909e-02	-1.719139e-02	1.564524e-02	-3.846074e-05	-8.988242e-05	-1.407425e-04	-1.602536e-04	1.951119e-05
255           	1.886084e-02	9.392031e-03	9.468807e-03	-3.092309e-03	1.409823e-02	-1.719053e-02	1.564438e-02	-3.838825e-05	-8.996011e-05	-1.408141e-04	-1.603671e-04	1.955309e-05
256           	1.885982e-02	9.391597e-03	9.468225e-03	-3.092310e-03	1.409738e-02	-1.718969e-02	1.564353e-02	-3.831395e-05	-9.003975e-05	-1.408876e-04	-1.604835e-04	1.959596e-05
257           	1.885882e-02	9.391172e-03	9.467649e-03	-3.092312e-03	1.409654e-02	-1.718885e-02	1.564270e-02	-3.823823e-05	-9.012092e-05	-1.409627e-04	-1.606023e-04	1.963958e-05
258           	1.885784e-02	9.390757e-03	9.467080e-03	-3.092313e-03	1.409572e-02	-1.718803e-02	1.564188e-02	-3.816166e-05	-9.020304e-05	-1.410388e-04	-1.607224e-04	1.968363e-05
259           	1.885687e-02	9.390350e-03	9.466519e-03	-3.092315e-03	1.409491e-02	-1.718723e-02	1.564107e-02	-3.808484e-05	-9.028544e-05	-1.411154e-04	-1.608431e-04	1.972775e-05
260           	1.885592e-02	9.389950e-03	9.465967e-03	-3.092317e-03	1.409412e-02	-1.718643e-02	1.564028e-02	-3.800833e-05	-9.036753e-05	-1.411918e-04	-1.609634e-04	1.977162e-05
261           	1.885498e-02	9.389559e-03	9.465424e-03	-3.092319e-03	1.409334e-02	-1.718566e-02	1.563950e-02	-3.793255e-05	-9.044884e-05	-1.412677e-04	-1.610827e-04	1.981498e-05
262           	1.885406e-02	9.389174e-03	9.464890e-03	-3.092322e-03	1.409257e-02	-1.718489e-02	1.563873e-02	-3.785777e-05	-9.052908e-05	-1.413428e-04	-1.612005e-04	1.985768e-05
263           	1.885316e-02	9.388796e-03	9.464364e-03	-3.092325e-03	1.409182e-02	-1.718414e-02	1.563798e-02	-3.778403e-05	-9.060817e-05	-1.414170e-04	-1.613167e-04	1.989969e-05
264           	1.885227e-02	9.388424e-03	9.463847e-03	-3.092328e-03	1.409107e-02	-1.718340e-02	1.563724e-02	-3.771123e-05	-9.068625e-05	-1.414903e-04	-1.614314e-04	1.994110e-05
265           	1.885140e-02	9.388059e-03	9.463337e-03	-3.092331e-03	1.409034e-02	-1.718268e-02	1.563651e-02	-3.763914e-05	-9.076356e-05	-1.415630e-04	-1.615451e-04	1.998204e-05
266           	1.885053e-02	9.387700e-03	9.462835e-03	-3.092334e-03	1.408963e-02	-1.718196e-02	1.563579e-02	-3.756751e-05	-9.084039e-05	-1.416354e-04	-1.616581e-04	2.002268e-05
267           	1.884969e-02	9.387347e-03	9.462340e-03	-3.092336e-03	1.408892e-02	-1.718125e-02	1.563509e-02	-3.749606e-05	-9.091702e-05	-1.417077e-04	-1.617709e-04	2.006319e-05
268           	1.884885e-02	9.386989e-03	9.461858e-03	-3.092336e-03	1.408821e-02	-1.718055e-02	1.563438e-02	-3.743463e-05	-9.098228e-05	-1.417699e-04	-1.618672e-04	2.009732e-05
269           	1.884802e-02	9.386641e-03	9.461381e-03	-3.092337e-03	1.408752e-02	-1.717986e-02	1.563369e-02	-3.736988e-05	-9.105154e-05	-1.418357e-04	-1.619694e-04	2.013367e-05
270           	1.884721e-02	9.386304e-03	9.460907e-03	-3.092339e-03	1.408685e-02	-1.717919e-02	1.563302e-02	-3.730167e-05	-9.112495e-05	-1.419052e-04	-1.620776e-04	2.017233e-05
271           	1.884642e-02	9.385978e-03	9.460439e-03	-3.092341e-03	1.408618e-02	-1.717852e-02	1.563235e-02	-3.723045e-05	-9.120196e-05	-1.419779e-04	-1.621909e-04	2.021301e-05
272           	1.884563e-02	9.385660e-03	9.459974e-03	-3.092343e-03	1.408553e-02	-1.717788e-02	1.563170e-02	-3.715700e-05	-9.128164e-05	-1.420529e-04	-1.623081e-04	2.025519e-05
273           	1.884487e-02	9.385352e-03	9.459516e-03	-3.092345e-03	1.408489e-02	-1.717724e-02	1.563107e-02	-3.708216e-05	-9.136292e-05	-1.421293e-04	-1.624276e-04	2.029828e-05
274           	1.884411e-02	9.385050e-03	9.459063e-03	-3.092348e-03	1.408426e-02	-1.717661e-02	1.563044e-02	-3.700670e-05	-9.144485e-05	-1.422062e-04	-1.625480e-04	2.034173e-05
275           	1.884337e-02	9.384754e-03	9.458617e-03	-3.092351e-03	1.408365e-02	-1.717600e-02	1.562982e-02	-3.693127e-05	-9.152666e-05	-1.422831e-04	-1.626682e-04	2.038512e-05
276           	1.884264e-02	9.384464e-03	9.458177e-03	-3.092353e-03	1.408304e-02	-1.717539e-02	1.562921e-02	-3.685627e-05	-9.160784e-05	-1.423594e-04	-1.627875e-04	2.042815e-05
277           	1.884192e-02	9.384179e-03	9.457743e-03	-3.092356e-03	1.408244e-02	-1.717479e-02	1.562862e-02	-3.678192e-05	-9.168814e-05	-1.424349e-04	-1.629056e-04	2.047067e-05
278           	1.884122e-02	9.383900e-03	9.457316e-03	-3.092358e-03	1.408185e-02	-1.717421e-02	1.562803e-02	-3.670829e-05	-9.176750e-05	-1.425097e-04	-1.630224e-04	2.051264e-05
279           	1.884052e-02	9.383625e-03	9.456896e-03	-3.092361e-03	1.408127e-02	-1.717363e-02	1.562745e-02	-3.663530e-05	-9.184602e-05	-1.425838e-04	-1.631379e-04	2.055411e-05
280           	1.883984e-02	9.383356e-03	9.456481e-03	-3.092363e-03	1.408070e-02	-1.717306e-02	1.562688e-02	-3.656282e-05	-9.192388e-05	-1.426574e-04	-1.632526e-04	2.059519e-05
281           	1.883917e-02	9.383092e-03	9.456073e-03	-3.092365e-03	1.408014e-02	-1.717250e-02	1.562632e-02	-3.649070e-05	-9.200130e-05	-1.427306e-04	-1.633666e-04	2.063600e-05
282           	1.883850e-02	9.382833e-03	9.455671e-03	-3.092368e-03	1.407959e-02	-1.717195e-02	1.562577e-02	-3.641882e-05	-9.207844e-05	-1.428036e-04	-1.634803e-04	2.067662e-05
283           	1.883785e-02	9.382580e-03	9.455274e-03	-3.092370e-03	1.407905e-02	-1.717142e-02	1.562523e-02	-3.634707e-05	-9.215543e-05	-1.428766e-04	-1.635937e-04	2.071714e-05
284           	1.883722e-02	9.382333e-03	9.454884e-03	-3.092372e-03	1.407851e-02	-1.717089e-02	1.562470e-02	-3.627543e-05	-9.223231e-05	-1.429495e-04	-1.637070e-04	2.075758e-05
285           	1.883659e-02	9.382091e-03	9.454499e-03	-3.092375e-03	1.407799e-02	-1.717037e-02	1.562418e-02	-3.620390e-05	-9.230907e-05	-1.430223e-04	-1.638202e-04	2.079794e-05
286           	1.883597e-02	9.381854e-03	9.454119e-03	-3.092378e-03	1.407748e-02	-1.716986e-02	1.562367e-02	-3.613255e-05	-9.238560e-05	-1.430949e-04	-1.639330e-04	2.083816e-05
287           	1.883537e-02	9.381622e-03	9.453745e-03	-3.092380e-03	1.407697e-02	-1.716935e-02	1.562316e-02	-3.606149e-05	-9.246178e-05	-1.431672e-04	-1.640454e-04	2.087819e-05
288           	1.883477e-02	9.381395e-03	9.453377e-03	-3.092383e-03	1.407648e-02	-1.716886e-02	1.562267e-02	-3.599081e-05	-9.253747e-05	-1.432391e-04	-1.641570e-04	2.091794e-05
289           	1.883419e-02	9.381173e-03	9.453014e-03	-3.092386e-03	1.407599e-02	-1.716838e-02	1.562218e-02	-3.592058e-05	-9.261257e-05	-1.433104e-04	-1.642678e-04	2.095736e-05
290           	1.883361e-02	9.380956e-03	9.452657e-03	-3.092388e-03	1.407551e-02	-1.716790e-02	1.562171e-02	-3.585089e-05	-9.268699e-05	-1.433812e-04	-1.643776e-04	2.099640e-05
291           	1.883305e-02	9.380742e-03	9.452306e-03	-3.092391e-03	1.407504e-02	-1.716743e-02	1.562124e-02	-3.578180e-05	-9.276064e-05	-1.434512e-04	-1.644863e-04	2.103502e-05
292           	1.883249e-02	9.380533e-03	9.451960e-03	-3.092394e-03	1.407458e-02	-1.716698e-02	1.562078e-02	-3.571332e-05	-9.283353e-05	-1.435206e-04	-1.645938e-04	2.107321e-05
293           	1.883195e-02	9.380328e-03	9.451619e-03	-3.092397e-03	1.407413e-02	-1.716652e-02	1.562033e-02	-3.564544e-05	-9.290567e-05	-1.435894e-04	-1.647004e-04	2.111099e-05
294           	1.883141e-02	9.380128e-03	9.451284e-03	-3.092399e-03	1.407368e-02	-1.716608e-02	1.561988e-02	-3.557815e-05	-9.297711e-05	-1.436575e-04	-1.648059e-04	2.114837e-05
295           	1.883089e-02	9.379931e-03	9.450954e-03	-3.092402e-03	1.407325e-02	-1.716565e-02	1.561945e-02	-3.551142e-05	-9.304787e-05	-1.437250e-04	-1.649104e-04	2.118536e-05
296           	1.883037e-02	9.379739e-03	9.450630e-03	-3.092405e-03	1.407282e-02	-1.716522e-02	1.561902e-02	-3.544526e-05	-9.311796e-05	-1.437920e-04	-1.650139e-04	2.122199e-05
297           	1.882986e-02	9.379551e-03	9.450310e-03	-3.092408e-03	1.407239e-02	-1.716480e-02	1.561860e-02	-3.537968e-05	-9.318738e-05	-1.438583e-04	-1.651165e-04	2.125824e-05
298           	1.882936e-02	9.379367e-03	9.449996e-03	-3.092411e-03	1.407198e-02	-1.716439e-02	1.561819e-02	-3.531469e-05	-9.325612e-05	-1.439240e-04	-1.652181e-04	2.129411e-05
299           	1.882887e-02	9.379186e-03	9.449687e-03	-3.092414e-03	1.407157e-02	-1.716399e-02	1.561778e-02	-3.525031e-05	-9.332416e-05	-1.439891e-04	-1.653187e-04	2.132959e-05
300           	1.882839e-02	9.379010e-03	9.449383e-03	-3.092417e-03	1.407117e-02	-1.716359e-02	1.561738e-02	-3.518655e-05	-9.339146e-05	-1.440536e-04	-1.654182e-04	2.136468e-05
301           	1.882792e-02	9.378837e-03	9.449084e-03	-3.092420e-03	1.407078e-02	-1.716320e-02	1.561699e-02	-3.512349e-05	-9.345795e-05	-1.441173e-04	-1.655166e-04	2.139932e-05
302           	1.882746e-02	9.378667e-03	9.448790e-03	-3.092423e-03	1.407040e-02	-1.716282e-02	1.561661e-02	-3.506115e-05	-9.352359e-05	-1.441802e-04	-1.656137e-04	2.143349e-05
303           	1.882700e-02	9.378501e-03	9.448500e-03	-3.092426e-03	1.407002e-02	-1.716245e-02	1.561623e-02	-3.499952e-05	-9.358838e-05	-1.442424e-04	-1.657096e-04	2.146720e-05
304           	1.882656e-02	9.378339e-03	9.448216e-03	-3.092430e-03	1.406965e-02	-1.716208e-02	1.561587e-02	-3.493859e-05	-9.365234e-05	-1.443038e-04	-1.658042e-04	2.150046e-05
305           	1.882612e-02	9.378171e-03	9.447947e-03	-3.092433e-03	1.406929e-02	-1.716172e-02	1.561551e-02	-3.488771e-05	-9.370584e-05	-1.443557e-04	-1.658837e-04	2.152799e-05
306           	1.882569e-02	9.378018e-03	9.447669e-03	-3.092436e-03	1.406893e-02	-1.716137e-02	1.561515e-02	-3.482552e-05	-9.377098e-05	-1.444181e-04	-1.659801e-04	2.156191e-05
307           	1.882526e-02	9.377859e-03	9.447405e-03	-3.092440e-03	1.406858e-02	-1.716102e-02	1.561480e-02	-3.477297e-05	-9.382610e-05	-1.444715e-04	-1.660618e-04	2.159037e-05
308           	1.882485e-02	9.377715e-03	9.447134e-03	-3.092443e-03	1.406824e-02	-1.716068e-02	1.561446e-02	-3.470945e-05	-9.389249e-05	-1.445349e-04	-1.661600e-04	2.162502e-05
309           	1.882444e-02	9.377565e-03	9.446877e-03	-3.092446e-03	1.406790e-02	-1.716035e-02	1.561413e-02	-3.465610e-05	-9.394832e-05	-1.445888e-04	-1.662427e-04	2.165391e-05
310           	1.882404e-02	9.377419e-03	9.446623e-03	-3.092450e-03	1.406757e-02	-1.716002e-02	1.561380e-02	-3.460187e-05	-9.400500e-05	-1.446434e-04	-1.663267e-04	2.168329e-05
311           	1.882365e-02	9.377278e-03	9.446372e-03	-3.092453e-03	1.406725e-02	-1.715970e-02	1.561347e-02	-3.454681e-05	-9.406247e-05	-1.446987e-04	-1.664118e-04	2.171311e-05
312           	1.882327e-02	9.377141e-03	9.446124e-03	-3.092456e-03	1.406693e-02	-1.715938e-02	1.561316e-02	-3.449120e-05	-9.412043e-05	-1.447544e-04	-1.664976e-04	2.174322e-05
313           	1.882289e-02	9.377008e-03	9.445879e-03	-3.092459e-03	1.406662e-02	-1.715908e-02	1.561285e-02	-3.443541e-05	-9.417848e-05	-1.448102e-04	-1.665836e-04	2.177338e-05
314           	1.882252e-02	9.376878e-03	9.445638e-03	-3.092463e-03	1.406631e-02	-1.715877e-02	1.561254e-02	-3.437985e-05	-9.423622e-05	-1.448657e-04	-1.666691e-04	2.180337e-05
315           	1.882215e-02	9.376751e-03	9.445401e-03	-3.092466e-03	1.406601e-02	-1.715848e-02	1.561224e-02	-3.432487e-05	-9.429325e-05	-1.449206e-04	-1.667535e-04	2.183297e-05
316           	1.882180e-02	9.376627e-03	9.445169e-03	-3.092469e-03	1.406571e-02	-1.715818e-02	1.561195e-02	-3.427076e-05	-9.434930e-05	-1.449745e-04	-1.668366e-04	2.186203e-05
317           	1.882145e-02	9.376505e-03	9.444941e-03	-3.092473e-03	1.406543e-02	-1.715790e-02	1.561166e-02	-3.421768e-05	-9.440418e-05	-1.450275e-04	-1.669179e-04	2.189043e-05
318           	1.882110e-02	9.376386e-03	9.444717e-03	-3.092476e-03	1.406514e-02	-1.715762e-02	1.561138e-02	-3.416571e-05	-9.445782e-05	-1.450793e-04	-1.669975e-04	2.191815e-05
319           	1.882077e-02	9.376268e-03	9.444498e-03	-3.092480e-03	1.406487e-02	-1.715735e-02	1.561111e-02	-3.411484e-05	-9.451025e-05	-1.451301e-04	-1.670753e-04	2.194520e-05
320           	1.882044e-02	9.376153e-03	9.444283e-03	-3.092483e-03	1.406459e-02	-1.715708e-02	1.561084e-02	-3.406501e-05	-9.456154e-05	-1.451798e-04	-1.671514e-04	2.197162e-05
321           	1.882011e-02	9.376041e-03	9.444073e-03	-3.092487e-03	1.406433e-02	-1.715682e-02	1.561057e-02	-3.401613e-05	-9.461179e-05	-1.452286e-04	-1.672261e-04	2.199749e-05
322           	1.881980e-02	9.375930e-03	9.443866e-03	-3.092490e-03	1.406407e-02	-1.715656e-02	1.561031e-02	-3.396803e-05	-9.466118e-05	-1.452766e-04	-1.672995e-04	2.202291e-05
323           	1.881949e-02	9.375822e-03	9.443663e-03	-3.092494e-03	1.406381e-02	-1.715631e-02	1.561006e-02	-3.392058e-05	-9.470988e-05	-1.453238e-04	-1.673718e-04	2.204795e-05
324           	1.881918e-02	9.375717e-03	9.443464e-03	-3.092498e-03	1.406356e-02	-1.715606e-02	1.560981e-02	-3.387367e-05	-9.475798e-05	-1.453706e-04	-1.674433e-04	2.207270e-05
325           	1.881888e-02	9.375614e-03	9.443268e-03	-3.092501e-03	1.406332e-02	-1.715582e-02	1.560957e-02	-3.382725e-05	-9.480556e-05	-1.454167e-04	-1.675139e-04	2.209719e-05
326           	1.881859e-02	9.375513e-03	9.443076e-03	-3.092504e-03	1.406308e-02	-1.715558e-02	1.560933e-02	-3.378127e-05	-9.485268e-05	-1.454625e-04	-1.675839e-04	2.212145e-05
327           	1.881830e-02	9.375415e-03	9.442886e-03	-3.092508e-03	1.406284e-02	-1.715535e-02	1.560909e-02	-3.373571e-05	-9.489933e-05	-1.455077e-04	-1.676532e-04	2.214548e-05
328           	1.881802e-02	9.375319e-03	9.442700e-03	-3.092511e-03	1.406261e-02	-1.715512e-02	1.560886e-02	-3.369060e-05	-9.494551e-05	-1.455525e-04	-1.677218e-04	2.216927e-05
329           	1.881774e-02	9.375226e-03	9.442518e-03	-3.092515e-03	1.406238e-02	-1.715490e-02	1.560864e-02	-3.364598e-05	-9.499116e-05	-1.455968e-04	-1.677895e-04	2.219278e-05
330           	1.881747e-02	9.375135e-03	9.442339e-03	-3.092518e-03	1.406216e-02	-1.715468e-02	1.560842e-02	-3.360189e-05	-9.503624e-05	-1.456405e-04	-1.678565e-04	2.221600e-05
331           	1.881721e-02	9.375046e-03	9.442163e-03	-3.092522e-03	1.406194e-02	-1.715446e-02	1.560820e-02	-3.355835e-05	-9.508072e-05	-1.456836e-04	-1.679225e-04	2.223892e-05
332           	1.881695e-02	9.374959e-03	9.441990e-03	-3.092525e-03	1.406173e-02	-1.715426e-02	1.560799e-02	-3.351536e-05	-9.512461e-05	-1.457262e-04	-1.679877e-04	2.226151e-05
333           	1.881669e-02	9.374874e-03	9.441820e-03	-3.092528e-03	1.406152e-02	-1.715405e-02	1.560779e-02	-3.347294e-05	-9.516789e-05	-1.457682e-04	-1.680520e-04	2.228380e-05
334           	1.881645e-02	9.374792e-03	9.441654e-03	-3.092532e-03	1.406132e-02	-1.715385e-02	1.560759e-02	-3.343108e-05	-9.521057e-05	-1.458096e-04	-1.681154e-04	2.230576e-05
335           	1.881620e-02	9.374711e-03	9.441491e-03	-3.092535e-03	1.406112e-02	-1.715366e-02	1.560739e-02	-3.338976e-05	-9.525266e-05	-1.458505e-04	-1.681779e-04	2.232742e-05
336           	1.881596e-02	9.374633e-03	9.441331e-03	-3.092538e-03	1.406093e-02	-1.715346e-02	1.560719e-02	-3.334895e-05	-9.529421e-05	-1.458908e-04	-1.682396e-04	2.234879e-05
337           	1.881573e-02	9.374556e-03	9.441174e-03	-3.092542e-03	1.406074e-02	-1.715328e-02	1.560701e-02	-3.330862e-05	-9.533524e-05	-1.459307e-04	-1.683006e-04	2.236989e-05
338           	1.881550e-02	9.374482e-03	9.441019e-03	-3.092545e-03	1.406055e-02	-1.715309e-02	1.560682e-02	-3.326876e-05	-9.537578e-05	-1.459701e-04	-1.683608e-04	2.239072e-05
339           	1.881528e-02	9.374409e-03	9.440868e-03	-3.092548e-03	1.406037e-02	-1.715291e-02	1.560664e-02	-3.322938e-05	-9.541580e-05	-1.460090e-04	-1.684203e-04	2.241129e-05
340           	1.881506e-02	9.374339e-03	9.440720e-03	-3.092552e-03	1.406019e-02	-1.715274e-02	1.560646e-02	-3.319047e-05	-9.545533e-05	-1.460475e-04	-1.684791e-04	2.243159e-05
341           	1.881484e-02	9.374270e-03	9.440574e-03	-3.092555e-03	1.406001e-02	-1.715257e-02	1.560629e-02	-3.315202e-05	-9.549436e-05	-1.460854e-04	-1.685371e-04	2.245163e-05
342           	1.881463e-02	9.374203e-03	9.440431e-03	-3.092558e-03	1.405984e-02	-1.715240e-02	1.560612e-02	-3.311403e-05	-9.553290e-05	-1.461230e-04	-1.685944e-04	2.247142e-05
343           	1.881443e-02	9.374138e-03	9.440291e-03	-3.092561e-03	1.405968e-02	-1.715224e-02	1.560596e-02	-3.307652e-05	-9.557094e-05	-1.461600e-04	-1.686509e-04	2.249094e-05
344           	1.881423e-02	9.374074e-03	9.440153e-03	-3.092565e-03	1.405951e-02	-1.715208e-02	1.560580e-02	-3.303950e-05	-9.560846e-05	-1.461965e-04	-1.687067e-04	2.251019e-05
345           	1.881403e-02	9.374013e-03	9.440019e-03	-3.092568e-03	1.405935e-02	-1.715192e-02	1.560564e-02	-3.300296e-05	-9.564548e-05	-1.462326e-04	-1.687618e-04	2.252917e-05
346           	1.881384e-02	9.373953e-03	9.439887e-03	-3.092571e-03	1.405920e-02	-1.715177e-02	1.560548e-02	-3.296688e-05	-9.568200e-05	-1.462682e-04	-1.688161e-04	2.254788e-05
347           	1.881365e-02	9.373894e-03	9.439757e-03	-3.092574e-03	1.405905e-02	-1.715162e-02	1.560533e-02	-3.293129e-05	-9.571801e-05	-1.463034e-04	-1.688697e-04	2.256633e-05
348           	1.881347e-02	9.373838e-03	9.439630e-03	-3.092577e-03	1.405890e-02	-1.715147e-02	1.560519e-02	-3.289621e-05	-9.575350e-05	-1.463380e-04	-1.689225e-04	2.258449e-05
349           	1.881329e-02	9.373782e-03	9.439506e-03	-3.092580e-03	1.405875e-02	-1.715133e-02	1.560504e-02	-3.286166e-05	-9.578843e-05	-1.463721e-04	-1.689745e-04	2.260236e-05
350           	1.881311e-02	9.373729e-03	9.439384e-03	-3.092583e-03	1.405861e-02	-1.715119e-02	1.560490e-02	-3.282766e-05	-9.582280e-05	-1.464058e-04	-1.690257e-04	2.261992e-05
351           	1.881294e-02	9.373676e-03	9.439265e-03	-3.092586e-03	1.405847e-02	-1.715106e-02	1.560477e-02	-3.279422e-05	-9.585658e-05	-1.464388e-04	-1.690760e-04	2.263716e-05
352           	1.881277e-02	9.373625e-03	9.439148e-03	-3.092589e-03	1.405834e-02	-1.715093e-02	1.560463e-02	-3.276136e-05	-9.588975e-05	-1.464714e-04	-1.691254e-04	2.265407e-05
353           	1.881261e-02	9.373576e-03	9.439034e-03	-3.092592e-03	1.405821e-02	-1.715080e-02	1.560450e-02	-3.272911e-05	-9.592228e-05	-1.465033e-04	-1.691739e-04	2.267064e-05
354           	1.881245e-02	9.373527e-03	9.438922e-03	-3.092595e-03	1.405808e-02	-1.715067e-02	1.560438e-02	-3.269749e-05	-9.595413e-05	-1.465346e-04	-1.692214e-04	2.268683e-05
355           	1.881229e-02	9.373480e-03	9.438813e-03	-3.092598e-03	1.405795e-02	-1.715055e-02	1.560425e-02	-3.266652e-05	-9.598529e-05	-1.465653e-04	-1.692679e-04	2.270264e-05
356           	1.881214e-02	9.373434e-03	9.438707e-03	-3.092601e-03	1.405783e-02	-1.715043e-02	1.560413e-02	-3.263618e-05	-9.601577e-05	-1.465954e-04	-1.693135e-04	2.271807e-05
357           	1.881199e-02	9.373390e-03	9.438603e-03	-3.092604e-03	1.405771e-02	-1.715031e-02	1.560401e-02	-3.260646e-05	-9.604560e-05	-1.466249e-04	-1.693580e-04	2.273316e-05
358           	1.881185e-02	9.373346e-03	9.438501e-03	-3.092607e-03	1.405759e-02	-1.715020e-02	1.560390e-02	-3.257733e-05	-9.607481e-05	-1.466538e-04	-1.694017e-04	2.274790e-05
359           	1.881170e-02	9.373304e-03	9.438401e-03	-3.092609e-03	1.405748e-02	-1.715009e-02	1.560379e-02	-3.254876e-05	-9.610345e-05	-1.466822e-04	-1.694446e-04	2.276234e-05
360           	1.881157e-02	9.373263e-03	9.438304e-03	-3.092612e-03	1.405737e-02	-1.714998e-02	1.560368e-02	-3.252075e-05	-9.613152e-05	-1.467101e-04	-1.694866e-04	2.277646e-05
361           	1.881143e-02	9.373223e-03	9.438209e-03	-3.092615e-03	1.405726e-02	-1.714988e-02	1.560357e-02	-3.249327e-05	-9.615904e-05	-1.467375e-04	-1.695278e-04	2.279029e-05
362           	1.881130e-02	9.373184e-03	9.438116e-03	-3.092618e-03	1.405716e-02	-1.714978e-02	1.560347e-02	-3.246633e-05	-9.618602e-05	-1.467644e-04	-1.695682e-04	2.280382e-05
363           	1.881117e-02	9.373146e-03	9.438026e-03	-3.092620e-03	1.405706e-02	-1.714968e-02	1.560337e-02	-3.243993e-05	-9.621246e-05	-1.467908e-04	-1.696079e-04	2.281706e-05
364           	1.881105e-02	9.373109e-03	9.437937e-03	-3.092623e-03	1.405696e-02	-1.714958e-02	1.560327e-02	-3.241407e-05	-9.623835e-05	-1.468167e-04	-1.696467e-04	2.283001e-05
365           	1.881092e-02	9.373073e-03	9.437851e-03	-3.092626e-03	1.405686e-02	-1.714949e-02	1.560317e-02	-3.238871e-05	-9.626372e-05	-1.468421e-04	-1.696848e-04	2.284268e-05
366           	1.881081e-02	9.373039e-03	9.437767e-03	-3.092628e-03	1.405677e-02	-1.714940e-02	1.560308e-02	-3.236384e-05	-9.628859e-05	-1.468670e-04	-1.697221e-04	2.285508e-05
367           	1.881069e-02	9.373005e-03	9.437684e-03	-3.092631e-03	1.405668e-02	-1.714931e-02	1.560299e-02	-3.233944e-05	-9.631298e-05	-1.468915e-04	-1.697587e-04	2.286723e-05
368           	1.881058e-02	9.372973e-03	9.437604e-03	-3.092633e-03	1.405659e-02	-1.714922e-02	1.560290e-02	-3.231549e-05	-9.633691e-05	-1.469156e-04	-1.697947e-04	2.287913e-05
369           	1.881047e-02	9.372941e-03	9.437525e-03	-3.092636e-03	1.405650e-02	-1.714914e-02	1.560282e-02	-3.229198e-05	-9.636038e-05	-1.469392e-04	-1.698300e-04	2.289079e-05
370           	1.881036e-02	9.372911e-03	9.437449e-03	-3.092638e-03	1.405642e-02	-1.714906e-02	1.560274e-02	-3.226885e-05	-9.638345e-05	-1.469624e-04	-1.698646e-04	2.290225e-05
371           	1.881026e-02	9.372882e-03	9.437374e-03	-3.092640e-03	1.405634e-02	-1.714898e-02	1.560266e-02	-3.224608e-05	-9.640615e-05	-1.469853e-04	-1.698988e-04	2.291352e-05
372           	1.881015e-02	9.372854e-03	9.437301e-03	-3.092643e-03	1.405626e-02	-1.714890e-02	1.560258e-02	-3.222366e-05	-9.642849e-05	-1.470078e-04	-1.699324e-04	2.292460e-05
373           	1.881006e-02	9.372826e-03	9.437230e-03	-3.092645e-03	1.405618e-02	-1.714883e-02	1.560250e-02	-3.220160e-05	-9.645046e-05	-1.470299e-04	-1.699654e-04	2.293549e-05
374           	1.880996e-02	9.372800e-03	9.437160e-03	-3.092647e-03	1.405611e-02	-1.714875e-02	1.560243e-02	-3.217991e-05	-9.647205e-05	-1.470517e-04	-1.699979e-04	2.294619e-05
375           	1.880987e-02	9.372775e-03	9.437092e-03	-3.092650e-03	1.405603e-02	-1.714868e-02	1.560236e-02	-3.215860e-05	-9.649324e-05	-1.470731e-04	-1.700298e-04	2.295667e-05
376           	1.880978e-02	9.372751e-03	9.437026e-03	-3.092652e-03	1.405596e-02	-1.714862e-02	1.560229e-02	-3.213767e-05	-9.651402e-05	-1.470942e-04	-1.700611e-04	2.296694e-05
377           	1.880969e-02	9.372727e-03	9.436961e-03	-3.092654e-03	1.405590e-02	-1.714855e-02	1.560222e-02	-3.211714e-05	-9.653439e-05	-1.471148e-04	-1.700918e-04	2.297699e-05
378           	1.880960e-02	9.372705e-03	9.436899e-03	-3.092656e-03	1.405583e-02	-1.714849e-02	1.560216e-02	-3.209700e-05	-9.655432e-05	-1.471350e-04	-1.701218e-04	2.298681e-05
379           	1.880952e-02	9.372683e-03	9.436837e-03	-3.092658e-03	1.405577e-02	-1.714842e-02	1.560210e-02	-3.207726e-05	-9.657383e-05	-1.471548e-04	-1.701513e-04	2.299641e-05
380           	1.880944e-02	9.372662e-03	9.436778e-03	-3.092661e-03	1.405570e-02	-1.714837e-02	1.560204e-02	-3.205792e-05	-9.659290e-05	-1.471743e-04	-1.701800e-04	2.300577e-05
381           	1.880936e-02	9.372642e-03	9.436720e-03	-3.092663e-03	1.405565e-02	-1.714831e-02	1.560198e-02	-3.203897e-05	-9.661152e-05	-1.471933e-04	-1.702082e-04	2.301489e-05
382           	1.880929e-02	9.372623e-03	9.436664e-03	-3.092665e-03	1.405559e-02	-1.714825e-02	1.560192e-02	-3.202043e-05	-9.662970e-05	-1.472118e-04	-1.702356e-04	2.302378e-05
383           	1.880921e-02	9.372604e-03	9.436609e-03	-3.092667e-03	1.405553e-02	-1.714820e-02	1.560187e-02	-3.200229e-05	-9.664742e-05	-1.472300e-04	-1.702624e-04	2.303242e-05
384           	1.880914e-02	9.372586e-03	9.436555e-03	-3.092669e-03	1.405548e-02	-1.714815e-02	1.560181e-02	-3.198455e-05	-9.666468e-05	-1.472477e-04	-1.702885e-04	2.304082e-05
385           	1.880907e-02	9.372569e-03	9.436504e-03	-3.092671e-03	1.405543e-02	-1.714810e-02	1.560176e-02	-3.196722e-05	-9.668148e-05	-1.472650e-04	-1.703140e-04	2.304897e-05
386           	1.880901e-02	9.372553e-03	9.436454e-03	-3.092672e-03	1.405538e-02	-1.714805e-02	1.560171e-02	-3.195030e-05	-9.669781e-05	-1.472819e-04	-1.703388e-04	2.305687e-05
387           	1.880894e-02	9.372537e-03	9.436405e-03	-3.092674e-03	1.405533e-02	-1.714800e-02	1.560167e-02	-3.193380e-05	-9.671367e-05	-1.472983e-04	-1.703628e-04	2.306452e-05
388           	1.880888e-02	9.372522e-03	9.436358e-03	-3.092676e-03	1.405528e-02	-1.714796e-02	1.560162e-02	-3.191774e-05	-9.672904e-05	-1.473143e-04	-1.703862e-04	2.307191e-05
389           	1.880882e-02	9.372508e-03	9.436312e-03	-3.092678e-03	1.405524e-02	-1.714792e-02	1.560158e-02	-3.190212e-05	-9.674391e-05	-1.473298e-04	-1.704088e-04	2.307903e-05
390           	1.880876e-02	9.372494e-03	9.436268e-03	-3.092680e-03	1.405520e-02	-1.714788e-02	1.560154e-02	-3.188694e-05	-9.675829e-05	-1.473448e-04	-1.704307e-04	2.308589e-05
391           	1.880871e-02	9.372481e-03	9.436225e-03	-3.092682e-03	1.405516e-02	-1.714784e-02	1.560150e-02	-3.187217e-05	-9.677222e-05	-1.473594e-04	-1.704519e-04	2.309251e-05
392           	1.880865e-02	9.372468e-03	9.436184e-03	-3.092683e-03	1.405512e-02	-1.714780e-02	1.560146e-02	-3.185780e-05	-9.678571e-05	-1.473736e-04	-1.704725e-04	2.309889e-05
393           	1.880860e-02	9.372456e-03	9.436144e-03	-3.092685e-03	1.405508e-02	-1.714776e-02	1.560142e-02	-3.184381e-05	-9.679880e-05	-1.473875e-04	-1.704925e-04	2.310507e-05
394           	1.880855e-02	9.372444e-03	9.436105e-03	-3.092687e-03	1.405504e-02	-1.714773e-02	1.560139e-02	-3.183017e-05	-9.681151e-05	-1.474009e-04	-1.705120e-04	2.311104e-05
395           	1.880850e-02	9.372434e-03	9.436067e-03	-3.092688e-03	1.405501e-02	-1.714770e-02	1.560135e-02	-3.181684e-05	-9.682389e-05	-1.474141e-04	-1.705309e-04	2.311684e-05
396           	1.880845e-02	9.372424e-03	9.436030e-03	-3.092689e-03	1.405497e-02	-1.714766e-02	1.560132e-02	-3.180290e-05	-9.683699e-05	-1.474281e-04	-1.705511e-04	2.312292e-05
397           	1.880841e-02	9.372414e-03	9.435993e-03	-3.092691e-03	1.405494e-02	-1.714763e-02	1.560129e-02	-3.178957e-05	-9.684943e-05	-1.474415e-04	-1.705702e-04	2.312870e-05
398           	1.880836e-02	9.372405e-03	9.435959e-03	-3.092692e-03	1.405491e-02	-1.714760e-02	1.560126e-02	-3.177690e-05	-9.686116e-05	-1.474540e-04	-1.705882e-04	2.313415e-05
399           	1.880832e-02	9.372397e-03	9.435927e-03	-3.092694e-03	1.405488e-02	-1.714758e-02	1.560123e-02	-3.176482e-05	-9.687222e-05	-1.474659e-04	-1.706051e-04	2.313929e-05
400           	1.880828e-02	9.372389e-03	9.435896e-03	-3.092695e-03	1.405486e-02	-1.714755e-02	1.560121e-02	-3.175327e-05	-9.688270e-05	-1.474771e-04	-1.706213e-04	2.314414e-05
401           	1.880825e-02	9.372382e-03	9.435864e-03	-3.092697e-03	1.405483e-02	-1.714753e-02	1.560118e-02	-3.174124e-05	-9.689372e-05	-1.474891e-04	-1.706383e-04	2.314918e-05
402           	1.880821e-02	9.372375e-03	9.435835e-03	-3.092698e-03	1.405481e-02	-1.714750e-02	1.560116e-02	-3.172988e-05	-9.690401e-05	-1.475003e-04	-1.706541e-04	2.315389e-05
403           	1.880818e-02	9.372369e-03	9.435807e-03	-3.092700e-03	1.405478e-02	-1.714748e-02	1.560113e-02	-3.171913e-05	-9.691364e-05	-1.475107e-04	-1.706690e-04	2.315828e-05
404           	1.880814e-02	9.372363e-03	9.435779e-03	-3.092701e-03	1.405476e-02	-1.714746e-02	1.560111e-02	-3.170803e-05	-9.692367e-05	-1.475217e-04	-1.706845e-04	2.316279e-05
405           	1.880811e-02	9.372358e-03	9.435753e-03	-3.092703e-03	1.405474e-02	-1.714744e-02	1.560109e-02	-3.169762e-05	-9.693295e-05	-1.475320e-04	-1.706989e-04	2.316698e-05
406           	1.880808e-02	9.372353e-03	9.435728e-03	-3.092704e-03	1.405472e-02	-1.714743e-02	1.560108e-02	-3.168781e-05	-9.694159e-05	-1.475415e-04	-1.707123e-04	2.317086e-05
407           	1.880805e-02	9.372344e-03	9.435710e-03	-3.092706e-03	1.405471e-02	-1.714741e-02	1.560106e-02	-3.168294e-05	-9.694571e-05	-1.475472e-04	-1.707193e-04	2.317212e-05
408           	1.880803e-02	9.372342e-03	9.435686e-03	-3.092708e-03	1.405469e-02	-1.714740e-02	1.560105e-02	-3.167193e-05	-9.695546e-05	-1.475577e-04	-1.707343e-04	2.317663e-05
409           	1.880800e-02	9.372340e-03	9.435662e-03	-3.092709e-03	1.405468e-02	-1.714739e-02	1.560103e-02	-3.166132e-05	-9.696477e-05	-1.475676e-04	-1.707486e-04	2.318097e-05
410           	1.880798e-02	9.372334e-03	9.435645e-03	-3.092711e-03	1.405466e-02	-1.714737e-02	1.560102e-02	-3.165567e-05	-9.696957e-05	-1.475738e-04	-1.707565e-04	2.318268e-05
411           	1.880795e-02	9.372334e-03	9.435621e-03	-3.092711e-03	1.405465e-02	-1.714736e-02	1.560100e-02	-3.164352e-05	-9.698044e-05	-1.475854e-04	-1.707731e-04	2.318775e-05
412           	1.880793e-02	9.372329e-03	9.435604e-03	-3.092713e-03	1.405464e-02	-1.714735e-02	1.560100e-02	-3.163752e-05	-9.698552e-05	-1.475917e-04	-1.707814e-04	2.318969e-05
413           	1.880791e-02	9.372330e-03	9.435583e-03	-3.092715e-03	1.405463e-02	-1.714734e-02	1.560099e-02	-3.162635e-05	-9.699526e-05	-1.476019e-04	-1.707962e-04	2.319431e-05
414           	1.880789e-02	9.372327e-03	9.435568e-03	-3.092716e-03	1.405462e-02	-1.714734e-02	1.560098e-02	-3.162045e-05	-9.700018e-05	-1.476081e-04	-1.708042e-04	2.319616e-05
415           	1.880788e-02	9.372325e-03	9.435554e-03	-3.092719e-03	1.405461e-02	-1.714733e-02	1.560097e-02	-3.161464e-05	-9.700491e-05	-1.476139e-04	-1.708118e-04	2.319797e-05
416           	1.880786e-02	9.372323e-03	9.435539e-03	-3.092720e-03	1.405461e-02	-1.714733e-02	1.560097e-02	-3.160810e-05	-9.701030e-05	-1.476204e-04	-1.708205e-04	2.320011e-05
417           	1.880785e-02	9.372327e-03	9.435519e-03	-3.092720e-03	1.405460e-02	-1.714732e-02	1.560096e-02	-3.159602e-05	-9.702078e-05	-1.476315e-04	-1.708365e-04	2.320505e-05
418           	1.880783e-02	9.372326e-03	9.435507e-03	-3.092722e-03	1.405459e-02	-1.714732e-02	1.560095e-02	-3.159035e-05	-9.702525e-05	-1.476371e-04	-1.708438e-04	2.320671e-05
419           	1.880782e-02	9.372325e-03	9.435496e-03	-3.092725e-03	1.405459e-02	-1.714732e-02	1.560095e-02	-3.158525e-05	-9.702906e-05	-1.476420e-04	-1.708501e-04	2.320806e-05
420           	1.880781e-02	9.372325e-03	9.435485e-03	-3.092726e-03	1.405459e-02	-1.714731e-02	1.560095e-02	-3.157980e-05	-9.703318e-05	-1.476473e-04	-1.708568e-04	2.320953e-05
421           	1.880780e-02	9.372326e-03	9.435474e-03	-3.092727e-03	1.405459e-02	-1.714731e-02	1.560095e-02	-3.157399e-05	-9.703764e-05	-1.476530e-04	-1.708641e-04	2.321115e-05
