# Force and moment coefficients
# dragDir     : (1.000000e+00 0.000000e+00 0.000000e+00)
# sideDir     : (0.000000e+00 1.000000e+00 0.000000e+00)
# liftDir     : (0.000000e+00 0.000000e+00 1.000000e+00)
# rollAxis    : (1.000000e+00 0.000000e+00 0.000000e+00)
# pitchAxis   : (0.000000e+00 1.000000e+00 0.000000e+00)
# yawAxis     : (0.000000e+00 0.000000e+00 1.000000e+00)
# magUInf     : 6.661800e+00
# lRef        : 1.499270e-01
# Aref        : 5.000000e-02
# CofR        : (3.750000e-02 0.000000e+00 0.000000e+00)
#
# Time        	Cd            	Cd(f)         	Cd(r)         	Cl            	Cl(f)         	Cl(r)         	CmPitch       	CmRoll        	CmYaw         	Cs            	Cs(f)         	Cs(r)         
1             	1.102853e-01	5.516714e-02	5.511817e-02	-1.166493e-02	2.647983e-02	-3.814477e-02	3.231230e-02	2.448470e-05	5.089935e-05	-7.082177e-05	1.548847e-05	-8.631024e-05
2             	8.500681e-02	4.252629e-02	4.248052e-02	-1.575883e-02	1.739131e-02	-3.315013e-02	2.527072e-02	2.288638e-05	3.756138e-05	-9.406564e-05	-9.471441e-06	-8.459420e-05
3             	6.696357e-02	3.349327e-02	3.347030e-02	-1.621318e-02	1.196429e-02	-2.817746e-02	2.007087e-02	1.148664e-05	2.633764e-05	-8.298175e-05	-1.515324e-05	-6.782851e-05
4             	5.231432e-02	2.614861e-02	2.616571e-02	-1.386848e-02	8.688229e-03	-2.255670e-02	1.562247e-02	-8.549640e-06	2.388705e-05	-3.802764e-05	4.873236e-06	-4.290087e-05
5             	3.981569e-02	1.987473e-02	1.994095e-02	-9.834119e-03	6.724433e-03	-1.655855e-02	1.164149e-02	-3.311073e-05	3.173083e-05	2.940204e-05	4.643185e-05	-1.702981e-05
6             	2.940131e-02	1.464370e-02	1.475762e-02	-5.243507e-03	5.583959e-03	-1.082747e-02	8.205712e-03	-5.696187e-05	4.781466e-05	1.027601e-04	9.919469e-05	3.565369e-06
7             	2.132229e-02	1.058586e-02	1.073643e-02	-1.043429e-03	4.956519e-03	-5.999948e-03	5.478234e-03	-7.528584e-05	6.760520e-05	1.651239e-04	1.501672e-04	1.495677e-05
8             	1.572251e-02	7.776030e-03	7.946482e-03	2.130985e-03	4.632242e-03	-2.501257e-03	3.566749e-03	-8.522600e-05	8.658386e-05	2.051938e-04	1.891808e-04	1.601306e-05
9             	1.247334e-02	6.150407e-03	6.322929e-03	3.990924e-03	4.462990e-03	-4.720663e-04	2.467528e-03	-8.626070e-05	1.011417e-04	2.185956e-04	2.104395e-04	8.156158e-06
10            	1.118340e-02	5.511745e-03	5.671652e-03	4.555412e-03	4.346690e-03	2.087224e-04	2.068984e-03	-7.995316e-05	1.093476e-04	2.077878e-04	2.132415e-04	-5.453757e-06
11            	1.129051e-02	5.575830e-03	5.714676e-03	4.065859e-03	4.218230e-03	-1.523707e-04	2.185300e-03	-6.942323e-05	1.113319e-04	1.808758e-04	2.017698e-04	-2.089406e-05
12            	1.218137e-02	6.032548e-03	6.148823e-03	2.883947e-03	4.042986e-03	-1.159039e-03	2.601012e-03	-5.813753e-05	1.084340e-04	1.479573e-04	1.824126e-04	-3.445531e-05
13            	1.331329e-02	6.607341e-03	6.705948e-03	1.394931e-03	3.814504e-03	-2.419573e-03	3.117039e-03	-4.930341e-05	1.031857e-04	1.193997e-04	1.628855e-04	-4.348589e-05
14            	1.427733e-02	7.093713e-03	7.183614e-03	-6.625863e-05	3.544384e-03	-3.610642e-03	3.577513e-03	-4.495045e-05	9.794376e-05	1.026021e-04	1.492448e-04	-4.664270e-05
15            	1.483189e-02	7.370305e-03	7.461582e-03	-1.260558e-03	3.254925e-03	-4.515484e-03	3.885204e-03	-4.563847e-05	9.427981e-05	1.006195e-04	1.445896e-04	-4.397006e-05
16            	1.489650e-02	7.397652e-03	7.498848e-03	-2.060400e-03	2.971826e-03	-5.032227e-03	4.002027e-03	-5.059793e-05	9.282922e-05	1.122765e-04	1.489675e-04	-3.669098e-05
17            	1.451860e-02	7.201323e-03	7.317278e-03	-2.441266e-03	2.718249e-03	-5.159515e-03	3.938882e-03	-5.797726e-05	9.305989e-05	1.325795e-04	1.593496e-04	-2.677016e-05
18            	1.382717e-02	6.848061e-03	6.979111e-03	-2.457085e-03	2.511253e-03	-4.968338e-03	3.739796e-03	-6.552509e-05	9.377720e-05	1.547063e-04	1.711304e-04	-1.642404e-05
19            	1.298019e-02	6.418960e-03	6.561228e-03	-2.208742e-03	2.358461e-03	-4.567204e-03	3.462833e-03	-7.113375e-05	9.351679e-05	1.719667e-04	1.795002e-04	-7.533419e-06
20            	1.212416e-02	5.988814e-03	6.135347e-03	-1.813281e-03	2.258260e-03	-4.071541e-03	3.164900e-03	-7.326662e-05	9.091165e-05	1.791692e-04	1.804962e-04	-1.327057e-06
21            	1.136850e-02	5.612979e-03	5.755520e-03	-1.379065e-03	2.201729e-03	-3.580794e-03	2.891262e-03	-7.127045e-05	8.515749e-05	1.737816e-04	1.720483e-04	1.733324e-06
22            	1.077463e-02	5.321883e-03	5.452751e-03	-9.896979e-04	2.175480e-03	-3.165178e-03	2.670329e-03	-6.543411e-05	7.625896e-05	1.563266e-04	1.544223e-04	1.904349e-06
23            	1.035756e-02	5.121990e-03	5.235571e-03	-6.969091e-04	2.164696e-03	-2.861605e-03	2.513150e-03	-5.679058e-05	6.493377e-05	1.298177e-04	1.298426e-04	-2.494154e-08
24            	1.009575e-02	5.001061e-03	5.094689e-03	-5.209980e-04	2.155736e-03	-2.676734e-03	2.416235e-03	-4.681371e-05	5.241074e-05	9.884442e-05	1.018330e-04	-2.988535e-06
25            	9.946207e-03	4.936064e-03	5.010143e-03	-4.567091e-04	2.138219e-03	-2.594928e-03	2.366573e-03	-3.703975e-05	4.005576e-05	6.827735e-05	7.419444e-05	-5.917084e-06
26            	9.860474e-03	4.901444e-03	4.959030e-03	-4.817313e-04	2.106451e-03	-2.588182e-03	2.347317e-03	-2.879307e-05	2.919651e-05	4.246849e-05	5.043075e-05	-7.962265e-06
27            	9.795749e-03	4.874966e-03	4.920783e-03	-5.655777e-04	2.059330e-03	-2.624908e-03	2.342119e-03	-2.290838e-05	2.070023e-05	2.422214e-05	3.281130e-05	-8.589163e-06
28            	9.721649e-03	4.841159e-03	4.880490e-03	-6.771995e-04	1.999477e-03	-2.676677e-03	2.338077e-03	-1.966558e-05	1.492368e-05	1.456299e-05	2.220517e-05	-7.642184e-06
29            	9.622608e-03	4.792493e-03	4.830115e-03	-7.903920e-04	1.931945e-03	-2.722337e-03	2.327141e-03	-1.881092e-05	1.167104e-05	1.274250e-05	1.804229e-05	-5.299787e-06
30            	9.496446e-03	4.728529e-03	4.767918e-03	-8.867300e-04	1.862756e-03	-2.749486e-03	2.306121e-03	-1.969470e-05	1.032066e-05	1.668560e-05	1.866346e-05	-1.977864e-06
31            	9.350339e-03	4.653718e-03	4.696621e-03	-9.562219e-04	1.797527e-03	-2.753749e-03	2.275638e-03	-2.145145e-05	9.979828e-06	2.352073e-05	2.174019e-05	1.780538e-06
32            	9.195791e-03	4.574683e-03	4.621108e-03	-9.963648e-04	1.740405e-03	-2.736770e-03	2.238588e-03	-2.321259e-05	9.752523e-06	3.036802e-05	2.493653e-05	5.431485e-06
33            	9.044374e-03	4.497930e-03	4.546443e-03	-1.010215e-03	1.693562e-03	-2.703777e-03	2.198669e-03	-2.425646e-05	8.864501e-06	3.479416e-05	2.626158e-05	8.532580e-06
34            	8.904768e-03	4.428255e-03	4.476513e-03	-1.004126e-03	1.657166e-03	-2.661293e-03	2.159229e-03	-2.412932e-05	6.823510e-06	3.525388e-05	2.445045e-05	1.080343e-05
35            	8.781327e-03	4.367975e-03	4.413352e-03	-9.856633e-04	1.629731e-03	-2.615394e-03	2.122562e-03	-2.268823e-05	3.476306e-06	3.125036e-05	1.910149e-05	1.214888e-05
36            	8.674088e-03	4.316971e-03	4.357117e-03	-9.619681e-04	1.608699e-03	-2.570667e-03	2.089683e-03	-2.007274e-05	-1.014641e-06	2.325002e-05	1.061037e-05	1.263965e-05
37            	8.579860e-03	4.273299e-03	4.306561e-03	-9.387439e-04	1.591115e-03	-2.529859e-03	2.060487e-03	-1.663116e-05	-6.251345e-06	1.244091e-05	-3.088891e-08	1.247180e-05
38            	8.493808e-03	4.234088e-03	4.259720e-03	-9.197746e-04	1.574247e-03	-2.494022e-03	2.034134e-03	-1.281607e-05	-1.172327e-05	3.673381e-07	-1.153961e-05	1.190694e-05
39            	8.411158e-03	4.196500e-03	4.214658e-03	-9.069539e-04	1.556047e-03	-2.463001e-03	2.009524e-03	-9.079404e-06	-1.693004e-05	-1.142396e-05	-2.264202e-05	1.121806e-05
40            	8.328378e-03	4.158397e-03	4.169981e-03	-9.005935e-04	1.535387e-03	-2.435980e-03	1.985683e-03	-5.791993e-06	-2.146690e-05	-2.166357e-05	-3.229869e-05	1.063512e-05
41            	8.243795e-03	4.118710e-03	4.125085e-03	-8.998785e-04	1.512070e-03	-2.411948e-03	1.962009e-03	-3.187933e-06	-2.509262e-05	-2.955498e-05	-3.987011e-05	1.031513e-05
42            	8.157602e-03	4.077455e-03	4.080148e-03	-9.033663e-04	1.486665e-03	-2.390031e-03	1.938348e-03	-1.346399e-06	-2.774813e-05	-3.483278e-05	-4.516452e-05	1.033174e-05
43            	8.071404e-03	4.035496e-03	4.035908e-03	-9.094105e-04	1.460228e-03	-2.369638e-03	1.914933e-03	-2.060179e-07	-2.953774e-05	-3.771800e-05	-4.839674e-05	1.067874e-05
44            	7.987504e-03	3.994150e-03	3.993355e-03	-9.164786e-04	1.433987e-03	-2.350466e-03	1.892227e-03	3.977279e-07	-3.068290e-05	-3.878799e-05	-5.007690e-05	1.128891e-05
45            	7.908157e-03	3.954761e-03	3.953396e-03	-9.233486e-04	1.409062e-03	-2.332411e-03	1.870736e-03	6.824081e-07	-3.145895e-05	-3.880162e-05	-5.085976e-05	1.205814e-05
46            	7.834968e-03	3.918353e-03	3.916615e-03	-9.291946e-04	1.386254e-03	-2.315448e-03	1.850851e-03	8.687508e-07	-3.213377e-05	-3.852412e-05	-5.139583e-05	1.287171e-05
47            	7.768571e-03	3.885428e-03	3.883143e-03	-9.335894e-04	1.365946e-03	-2.299535e-03	1.832741e-03	1.142182e-06	-3.292510e-05	-3.859423e-05	-5.222222e-05	1.362799e-05
48            	7.708583e-03	3.855918e-03	3.852665e-03	-9.364444e-04	1.348106e-03	-2.284550e-03	1.816328e-03	1.626798e-06	-3.397156e-05	-3.943479e-05	-5.368895e-05	1.425416e-05
49            	7.653802e-03	3.829276e-03	3.824526e-03	-9.379238e-04	1.332361e-03	-2.270285e-03	1.801323e-03	2.375102e-06	-3.532262e-05	-4.121820e-05	-5.593172e-05	1.471351e-05
50            	7.602559e-03	3.804653e-03	3.797906e-03	-9.383484e-04	1.318131e-03	-2.256480e-03	1.787306e-03	3.373483e-06	-3.694644e-05	-4.388187e-05	-5.888737e-05	1.500551e-05
51            	7.553124e-03	3.781124e-03	3.772000e-03	-9.381083e-04	1.304770e-03	-2.242879e-03	1.773825e-03	4.562032e-06	-3.876285e-05	-4.720560e-05	-6.236565e-05	1.516005e-05
52            	7.504058e-03	3.757884e-03	3.746174e-03	-9.375869e-04	1.291697e-03	-2.229284e-03	1.760491e-03	5.854758e-06	-4.066490e-05	-5.087812e-05	-6.610395e-05	1.522584e-05
53            	7.454463e-03	3.734397e-03	3.720066e-03	-9.371087e-04	1.278492e-03	-2.215601e-03	1.747046e-03	7.165767e-06	-4.255824e-05	-5.459676e-05	-6.985663e-05	1.525986e-05
54            	7.404052e-03	3.710447e-03	3.693605e-03	-9.369044e-04	1.264935e-03	-2.201840e-03	1.733387e-03	8.421281e-06	-4.436582e-05	-5.810358e-05	-7.341761e-05	1.531404e-05
55            	7.353105e-03	3.686126e-03	3.666979e-03	-9.370990e-04	1.251009e-03	-2.188108e-03	1.719558e-03	9.573190e-06	-4.604489e-05	-6.123429e-05	-7.666203e-05	1.542774e-05
56            	7.302302e-03	3.661754e-03	3.640548e-03	-9.377156e-04	1.236857e-03	-2.174573e-03	1.705715e-03	1.060287e-05	-4.758752e-05	-6.392996e-05	-7.955250e-05	1.562254e-05
57            	7.252506e-03	3.637770e-03	3.614736e-03	-9.386933e-04	1.222723e-03	-2.161417e-03	1.692070e-03	1.151713e-05	-4.901294e-05	-6.622327e-05	-8.212458e-05	1.590131e-05
58            	7.204551e-03	3.614617e-03	3.589935e-03	-9.399136e-04	1.208884e-03	-2.148797e-03	1.678841e-03	1.234088e-05	-5.035611e-05	-6.821139e-05	-8.446181e-05	1.625041e-05
59            	7.159065e-03	3.592639e-03	3.566426e-03	-9.412291e-04	1.195585e-03	-2.136814e-03	1.666200e-03	1.310678e-05	-5.165289e-05	-7.001706e-05	-8.666142e-05	1.664436e-05
60            	7.116363e-03	3.572031e-03	3.544332e-03	-9.424956e-04	1.183001e-03	-2.125497e-03	1.654249e-03	1.384931e-05	-5.293473e-05	-7.176337e-05	-8.881642e-05	1.705305e-05
61            	7.076433e-03	3.552811e-03	3.523622e-03	-9.435943e-04	1.171213e-03	-2.114807e-03	1.643010e-03	1.459446e-05	-5.421878e-05	-7.354457e-05	-9.099107e-05	1.744650e-05
62            	7.038979e-03	3.534844e-03	3.504135e-03	-9.444492e-04	1.160207e-03	-2.104656e-03	1.632432e-03	1.535479e-05	-5.550222e-05	-7.540607e-05	-9.320526e-05	1.779918e-05
63            	7.003504e-03	3.517881e-03	3.485622e-03	-9.450322e-04	1.149893e-03	-2.094925e-03	1.622409e-03	1.612953e-05	-5.676491e-05	-7.734348e-05	-9.543665e-05	1.809317e-05
64            	6.969447e-03	3.501633e-03	3.467814e-03	-9.453675e-04	1.140131e-03	-2.085498e-03	1.612815e-03	1.690959e-05	-5.798261e-05	-7.931841e-05	-9.764182e-05	1.832341e-05
65            	6.936278e-03	3.485819e-03	3.450459e-03	-9.455160e-04	1.130765e-03	-2.076281e-03	1.603523e-03	1.767988e-05	-5.912947e-05	-8.127023e-05	-9.976458e-05	1.849435e-05
66            	6.903576e-03	3.470212e-03	3.433364e-03	-9.455569e-04	1.121647e-03	-2.067203e-03	1.594425e-03	1.842404e-05	-6.018492e-05	-8.313710e-05	-1.017535e-04	1.861636e-05
67            	6.871101e-03	3.454681e-03	3.416421e-03	-9.455808e-04	1.112663e-03	-2.058244e-03	1.585453e-03	1.913001e-05	-6.114399e-05	-8.487142e-05	-1.035797e-04	1.870827e-05
68            	6.838786e-03	3.439184e-03	3.399601e-03	-9.456665e-04	1.103743e-03	-2.049410e-03	1.576577e-03	1.979157e-05	-6.201438e-05	-8.644847e-05	-1.052386e-04	1.879015e-05
69            	6.806704e-03	3.423762e-03	3.382941e-03	-9.458696e-04	1.094861e-03	-2.040730e-03	1.567796e-03	2.041045e-05	-6.281580e-05	-8.787104e-05	-1.067513e-04	1.888028e-05
70            	6.775031e-03	3.408510e-03	3.366521e-03	-9.462165e-04	1.086027e-03	-2.032243e-03	1.559135e-03	2.099465e-05	-6.357667e-05	-8.916666e-05	-1.081600e-04	1.899334e-05
71            	6.743984e-03	3.393549e-03	3.350435e-03	-9.467032e-04	1.077279e-03	-2.023982e-03	1.550631e-03	2.155683e-05	-6.432871e-05	-9.038056e-05	-1.095190e-04	1.913843e-05
72            	6.713764e-03	3.378994e-03	3.334771e-03	-9.472994e-04	1.068668e-03	-2.015968e-03	1.542318e-03	2.211146e-05	-6.510130e-05	-9.156570e-05	-1.108842e-04	1.931845e-05
73            	6.684522e-03	3.364933e-03	3.319589e-03	-9.479568e-04	1.060246e-03	-2.008203e-03	1.534224e-03	2.267179e-05	-6.591630e-05	-9.277178e-05	-1.123022e-04	1.953041e-05
74            	6.656328e-03	3.351411e-03	3.304917e-03	-9.486199e-04	1.052053e-03	-2.000673e-03	1.526363e-03	2.324741e-05	-6.678455e-05	-9.403593e-05	-1.138025e-04	1.976658e-05
75            	6.629177e-03	3.338431e-03	3.290746e-03	-9.492361e-04	1.044116e-03	-1.993352e-03	1.518734e-03	2.384286e-05	-6.770500e-05	-9.537755e-05	-1.153938e-04	2.001623e-05
76            	6.602993e-03	3.325953e-03	3.277040e-03	-9.497641e-04	1.036442e-03	-1.986206e-03	1.511324e-03	2.445666e-05	-6.866408e-05	-9.679495e-05	-1.170616e-04	2.026660e-05
77            	6.577661e-03	3.313913e-03	3.263748e-03	-9.501804e-04	1.029025e-03	-1.979205e-03	1.504115e-03	2.508244e-05	-6.964085e-05	-9.826840e-05	-1.187750e-04	2.050665e-05
78            	6.553048e-03	3.302234e-03	3.250814e-03	-9.504803e-04	1.021846e-03	-1.972326e-03	1.497086e-03	2.570978e-05	-7.060840e-05	-9.976313e-05	-1.204900e-04	2.072683e-05
79            	6.529027e-03	3.290840e-03	3.238187e-03	-9.506764e-04	1.014881e-03	-1.965557e-03	1.490219e-03	2.632672e-05	-7.153976e-05	-1.012378e-04	-1.221587e-04	2.092083e-05
80            	6.505504e-03	3.279674e-03	3.225830e-03	-9.507950e-04	1.008103e-03	-1.958898e-03	1.483500e-03	2.692159e-05	-7.241177e-05	-1.026516e-04	-1.237376e-04	2.108599e-05
81            	6.482422e-03	3.268696e-03	3.213726e-03	-9.508691e-04	1.001490e-03	-1.952359e-03	1.476924e-03	2.748483e-05	-7.320840e-05	-1.039699e-04	-1.251933e-04	2.122345e-05
82            	6.459753e-03	3.257887e-03	3.201866e-03	-9.509340e-04	9.950224e-04	-1.945956e-03	1.470489e-03	2.801095e-05	-7.392334e-05	-1.051725e-04	-1.265096e-04	2.133711e-05
83            	6.437507e-03	3.247252e-03	3.190255e-03	-9.510195e-04	9.886883e-04	-1.939708e-03	1.464198e-03	2.849852e-05	-7.455964e-05	-1.062533e-04	-1.276863e-04	2.143297e-05
84            	6.415714e-03	3.236807e-03	3.178907e-03	-9.511470e-04	9.824814e-04	-1.933628e-03	1.458055e-03	2.895001e-05	-7.512827e-05	-1.072204e-04	-1.287385e-04	2.151806e-05
85            	6.394407e-03	3.226574e-03	3.167833e-03	-9.513248e-04	9.763986e-04	-1.927723e-03	1.452061e-03	2.937069e-05	-7.564453e-05	-1.080927e-04	-1.296909e-04	2.159818e-05
86            	6.373623e-03	3.216580e-03	3.157043e-03	-9.515540e-04	9.704424e-04	-1.921996e-03	1.446219e-03	2.976830e-05	-7.612820e-05	-1.088952e-04	-1.305758e-04	2.168062e-05
87            	6.353383e-03	3.206844e-03	3.146539e-03	-9.518255e-04	9.646152e-04	-1.916441e-03	1.440528e-03	3.015220e-05	-7.659971e-05	-1.096586e-04	-1.314290e-04	2.177041e-05
88            	6.333681e-03	3.197370e-03	3.136312e-03	-9.521212e-04	9.589171e-04	-1.911038e-03	1.434978e-03	3.052887e-05	-7.707254e-05	-1.104070e-04	-1.322761e-04	2.186901e-05
89            	6.314501e-03	3.188155e-03	3.126346e-03	-9.524220e-04	9.533475e-04	-1.905770e-03	1.429559e-03	3.090461e-05	-7.755782e-05	-1.111622e-04	-1.331389e-04	2.197674e-05
90            	6.295806e-03	3.179186e-03	3.116620e-03	-9.527078e-04	9.479031e-04	-1.900611e-03	1.424257e-03	3.128336e-05	-7.806015e-05	-1.119384e-04	-1.340293e-04	2.209097e-05
91            	6.277561e-03	3.170448e-03	3.107114e-03	-9.529659e-04	9.425817e-04	-1.895548e-03	1.419065e-03	3.166695e-05	-7.858071e-05	-1.127410e-04	-1.349512e-04	2.221022e-05
92            	6.259725e-03	3.161918e-03	3.097808e-03	-9.531868e-04	9.373788e-04	-1.890566e-03	1.413972e-03	3.205484e-05	-7.911493e-05	-1.135679e-04	-1.358989e-04	2.233099e-05
93            	6.242262e-03	3.153576e-03	3.088686e-03	-9.533669e-04	9.322895e-04	-1.885656e-03	1.408973e-03	3.244471e-05	-7.965505e-05	-1.144107e-04	-1.368604e-04	2.244968e-05
94            	6.225144e-03	3.145405e-03	3.079739e-03	-9.535080e-04	9.273091e-04	-1.880817e-03	1.404063e-03	3.283304e-05	-8.019159e-05	-1.152571e-04	-1.378201e-04	2.256305e-05
95            	6.208352e-03	3.137392e-03	3.070960e-03	-9.536166e-04	9.224341e-04	-1.876051e-03	1.399242e-03	3.321566e-05	-8.071472e-05	-1.160923e-04	-1.387609e-04	2.266856e-05
96            	6.191882e-03	3.129530e-03	3.062352e-03	-9.537017e-04	9.176618e-04	-1.871363e-03	1.394513e-03	3.358859e-05	-8.121587e-05	-1.169025e-04	-1.396671e-04	2.276462e-05
97            	6.175734e-03	3.121815e-03	3.053918e-03	-9.537733e-04	9.129904e-04	-1.866764e-03	1.389877e-03	3.394848e-05	-8.168865e-05	-1.176762e-04	-1.405267e-04	2.285057e-05
98            	6.159915e-03	3.114251e-03	3.045664e-03	-9.538407e-04	9.084191e-04	-1.862260e-03	1.385339e-03	3.429313e-05	-8.212957e-05	-1.184056e-04	-1.413324e-04	2.292675e-05
99            	6.144435e-03	3.106839e-03	3.037596e-03	-9.539112e-04	9.039472e-04	-1.857858e-03	1.380903e-03	3.462127e-05	-8.253760e-05	-1.190869e-04	-1.420810e-04	2.299415e-05
100           	6.129301e-03	3.099583e-03	3.029717e-03	-9.539891e-04	8.995744e-04	-1.853563e-03	1.376569e-03	3.493301e-05	-8.291461e-05	-1.197206e-04	-1.427749e-04	2.305431e-05
101           	6.114517e-03	3.092488e-03	3.022029e-03	-9.540759e-04	8.952996e-04	-1.849376e-03	1.372338e-03	3.522935e-05	-8.326424e-05	-1.203104e-04	-1.434195e-04	2.310903e-05
102           	6.100081e-03	3.085552e-03	3.014528e-03	-9.541706e-04	8.911216e-04	-1.845292e-03	1.368207e-03	3.551191e-05	-8.359120e-05	-1.208623e-04	-1.440224e-04	2.316003e-05
103           	6.085984e-03	3.078776e-03	3.007208e-03	-9.542699e-04	8.870375e-04	-1.841307e-03	1.364172e-03	3.578426e-05	-8.390250e-05	-1.213879e-04	-1.445965e-04	2.320855e-05
104           	6.072218e-03	3.072156e-03	3.000062e-03	-9.543702e-04	8.830455e-04	-1.837416e-03	1.360231e-03	3.604693e-05	-8.420127e-05	-1.218900e-04	-1.451463e-04	2.325625e-05
105           	6.058766e-03	3.065685e-03	2.993081e-03	-9.544674e-04	8.791428e-04	-1.833610e-03	1.356376e-03	3.630216e-05	-8.449201e-05	-1.223762e-04	-1.456801e-04	2.330389e-05
106           	6.045612e-03	3.059358e-03	2.986254e-03	-9.545577e-04	8.753259e-04	-1.829884e-03	1.352605e-03	3.655187e-05	-8.477818e-05	-1.228528e-04	-1.462046e-04	2.335180e-05
107           	6.032740e-03	3.053168e-03	2.979573e-03	-9.546387e-04	8.715915e-04	-1.826230e-03	1.348911e-03	3.679753e-05	-8.506197e-05	-1.233240e-04	-1.467240e-04	2.339994e-05
108           	6.020135e-03	3.047107e-03	2.973027e-03	-9.547088e-04	8.679365e-04	-1.822645e-03	1.345291e-03	3.703999e-05	-8.534425e-05	-1.237926e-04	-1.472405e-04	2.344796e-05
109           	6.007784e-03	3.041171e-03	2.966612e-03	-9.547682e-04	8.643583e-04	-1.819127e-03	1.341742e-03	3.727953e-05	-8.562471e-05	-1.242588e-04	-1.477541e-04	2.349532e-05
110           	5.995678e-03	3.035355e-03	2.960323e-03	-9.548178e-04	8.608545e-04	-1.815672e-03	1.338263e-03	3.751595e-05	-8.590219e-05	-1.247215e-04	-1.482630e-04	2.354143e-05
111           	5.983811e-03	3.029654e-03	2.954157e-03	-9.548594e-04	8.574236e-04	-1.812283e-03	1.334853e-03	3.774876e-05	-8.617511e-05	-1.251789e-04	-1.487645e-04	2.358566e-05
112           	5.972181e-03	3.024068e-03	2.948113e-03	-9.548952e-04	8.540640e-04	-1.808959e-03	1.331512e-03	3.797729e-05	-8.644173e-05	-1.256285e-04	-1.492560e-04	2.362749e-05
113           	5.960784e-03	3.018593e-03	2.942191e-03	-9.549272e-04	8.507748e-04	-1.805702e-03	1.328238e-03	3.820093e-05	-8.670064e-05	-1.260680e-04	-1.497346e-04	2.366665e-05
114           	5.949621e-03	3.013230e-03	2.936391e-03	-9.549574e-04	8.475551e-04	-1.802512e-03	1.325034e-03	3.841937e-05	-8.695134e-05	-1.264964e-04	-1.501996e-04	2.370312e-05
115           	5.938689e-03	3.007977e-03	2.930712e-03	-9.549870e-04	8.444040e-04	-1.799391e-03	1.321898e-03	3.863211e-05	-8.719289e-05	-1.269120e-04	-1.506489e-04	2.373688e-05
116           	5.927988e-03	3.002833e-03	2.925155e-03	-9.550169e-04	8.413208e-04	-1.796338e-03	1.318829e-03	3.883866e-05	-8.742446e-05	-1.273129e-04	-1.510809e-04	2.376801e-05
117           	5.917514e-03	2.997796e-03	2.919718e-03	-9.550472e-04	8.383043e-04	-1.793351e-03	1.315828e-03	3.903883e-05	-8.764579e-05	-1.276982e-04	-1.514949e-04	2.379669e-05
118           	5.907264e-03	2.992865e-03	2.914399e-03	-9.550778e-04	8.353534e-04	-1.790431e-03	1.312892e-03	3.923272e-05	-8.785724e-05	-1.280681e-04	-1.518913e-04	2.382317e-05
119           	5.897232e-03	2.988037e-03	2.909195e-03	-9.551083e-04	8.324668e-04	-1.787575e-03	1.310021e-03	3.942066e-05	-8.805965e-05	-1.284238e-04	-1.522716e-04	2.384775e-05
120           	5.887410e-03	2.983310e-03	2.904100e-03	-9.551376e-04	8.296424e-04	-1.784780e-03	1.307211e-03	3.960502e-05	-8.825648e-05	-1.287719e-04	-1.526424e-04	2.387053e-05
121           	5.877796e-03	2.978682e-03	2.899114e-03	-9.551659e-04	8.268796e-04	-1.782045e-03	1.304463e-03	3.978389e-05	-8.844555e-05	-1.291072e-04	-1.529992e-04	2.389194e-05
122           	5.868384e-03	2.974150e-03	2.894234e-03	-9.551927e-04	8.241769e-04	-1.779370e-03	1.301773e-03	3.995775e-05	-8.862782e-05	-1.294313e-04	-1.533435e-04	2.391216e-05
123           	5.859166e-03	2.969710e-03	2.889456e-03	-9.552178e-04	8.215328e-04	-1.776751e-03	1.299142e-03	4.012715e-05	-8.880418e-05	-1.297458e-04	-1.536771e-04	2.393130e-05
124           	5.850138e-03	2.965361e-03	2.884776e-03	-9.552414e-04	8.189457e-04	-1.774187e-03	1.296566e-03	4.029258e-05	-8.897543e-05	-1.300520e-04	-1.540014e-04	2.394943e-05
125           	5.841293e-03	2.961101e-03	2.880192e-03	-9.552634e-04	8.164141e-04	-1.771678e-03	1.294046e-03	4.045446e-05	-8.914214e-05	-1.303511e-04	-1.543177e-04	2.396659e-05
126           	5.832629e-03	2.956927e-03	2.875701e-03	-9.552843e-04	8.139366e-04	-1.769221e-03	1.291579e-03	4.061299e-05	-8.930448e-05	-1.306434e-04	-1.546262e-04	2.398276e-05
127           	5.824140e-03	2.952838e-03	2.871302e-03	-9.553043e-04	8.115120e-04	-1.766816e-03	1.289164e-03	4.076839e-05	-8.946263e-05	-1.309295e-04	-1.549274e-04	2.399789e-05
128           	5.815823e-03	2.948832e-03	2.866991e-03	-9.553240e-04	8.091389e-04	-1.764463e-03	1.286801e-03	4.092060e-05	-8.961634e-05	-1.312089e-04	-1.552208e-04	2.401188e-05
129           	5.807675e-03	2.944907e-03	2.862768e-03	-9.553436e-04	8.068165e-04	-1.762160e-03	1.284488e-03	4.106948e-05	-8.976520e-05	-1.314812e-04	-1.555058e-04	2.402460e-05
130           	5.799693e-03	2.941062e-03	2.858632e-03	-9.553633e-04	8.045436e-04	-1.759907e-03	1.282225e-03	4.121484e-05	-8.990878e-05	-1.317456e-04	-1.557816e-04	2.403598e-05
131           	5.791875e-03	2.937294e-03	2.854581e-03	-9.553835e-04	8.023194e-04	-1.757703e-03	1.280011e-03	4.135649e-05	-9.004670e-05	-1.320014e-04	-1.560474e-04	2.404598e-05
132           	5.784216e-03	2.933602e-03	2.850614e-03	-9.554041e-04	8.001428e-04	-1.755547e-03	1.277845e-03	4.149430e-05	-9.017866e-05	-1.322482e-04	-1.563028e-04	2.405456e-05
133           	5.776715e-03	2.929986e-03	2.846729e-03	-9.554251e-04	7.980130e-04	-1.753438e-03	1.275726e-03	4.162815e-05	-9.030447e-05	-1.324855e-04	-1.565472e-04	2.406170e-05
134           	5.769368e-03	2.926442e-03	2.842926e-03	-9.554466e-04	7.959290e-04	-1.751376e-03	1.273652e-03	4.175799e-05	-9.042407e-05	-1.327133e-04	-1.567807e-04	2.406743e-05
135           	5.762171e-03	2.922969e-03	2.839202e-03	-9.554685e-04	7.938900e-04	-1.749359e-03	1.271624e-03	4.188381e-05	-9.053748e-05	-1.329314e-04	-1.570032e-04	2.407178e-05
136           	5.755123e-03	2.919567e-03	2.835556e-03	-9.554908e-04	7.918949e-04	-1.747386e-03	1.269640e-03	4.200567e-05	-9.064484e-05	-1.331400e-04	-1.572149e-04	2.407482e-05
137           	5.748219e-03	2.916233e-03	2.831986e-03	-9.555133e-04	7.899429e-04	-1.745456e-03	1.267700e-03	4.212364e-05	-9.074631e-05	-1.333394e-04	-1.574160e-04	2.407661e-05
138           	5.741457e-03	2.912966e-03	2.828491e-03	-9.555360e-04	7.880330e-04	-1.743569e-03	1.265801e-03	4.223783e-05	-9.084206e-05	-1.335297e-04	-1.576069e-04	2.407721e-05
139           	5.734833e-03	2.909765e-03	2.825068e-03	-9.555590e-04	7.861643e-04	-1.741723e-03	1.263944e-03	4.234829e-05	-9.093223e-05	-1.337112e-04	-1.577878e-04	2.407665e-05
140           	5.728344e-03	2.906627e-03	2.821717e-03	-9.555824e-04	7.843359e-04	-1.739918e-03	1.262127e-03	4.245502e-05	-9.101685e-05	-1.338838e-04	-1.579587e-04	2.407496e-05
141           	5.721989e-03	2.903552e-03	2.818436e-03	-9.556060e-04	7.825469e-04	-1.738153e-03	1.260350e-03	4.255806e-05	-9.109601e-05	-1.340477e-04	-1.581199e-04	2.407216e-05
142           	5.715763e-03	2.900539e-03	2.815224e-03	-9.556300e-04	7.807965e-04	-1.736427e-03	1.258612e-03	4.265744e-05	-9.116985e-05	-1.342031e-04	-1.582714e-04	2.406831e-05
143           	5.709662e-03	2.897587e-03	2.812076e-03	-9.556540e-04	7.790828e-04	-1.734737e-03	1.256910e-03	4.275553e-05	-9.124148e-05	-1.343559e-04	-1.584194e-04	2.406353e-05
144           	5.703687e-03	2.894693e-03	2.808994e-03	-9.556786e-04	7.774064e-04	-1.733085e-03	1.255246e-03	4.284930e-05	-9.130695e-05	-1.344984e-04	-1.585562e-04	2.405773e-05
145           	5.697835e-03	2.891856e-03	2.805979e-03	-9.557038e-04	7.757664e-04	-1.731470e-03	1.253618e-03	4.293880e-05	-9.136636e-05	-1.346308e-04	-1.586817e-04	2.405097e-05
146           	5.692103e-03	2.889076e-03	2.803027e-03	-9.557295e-04	7.741619e-04	-1.729891e-03	1.252027e-03	4.302423e-05	-9.142002e-05	-1.347534e-04	-1.587967e-04	2.404332e-05
147           	5.686490e-03	2.886351e-03	2.800139e-03	-9.557558e-04	7.725923e-04	-1.728348e-03	1.250470e-03	4.310593e-05	-9.146845e-05	-1.348672e-04	-1.589021e-04	2.403484e-05
148           	5.680992e-03	2.883680e-03	2.797312e-03	-9.557824e-04	7.710564e-04	-1.726839e-03	1.248948e-03	4.318429e-05	-9.151233e-05	-1.349734e-04	-1.589990e-04	2.402565e-05
149           	5.675607e-03	2.881063e-03	2.794544e-03	-9.558094e-04	7.695537e-04	-1.725363e-03	1.247458e-03	4.325971e-05	-9.155230e-05	-1.350729e-04	-1.590888e-04	2.401583e-05
150           	5.670332e-03	2.878499e-03	2.791834e-03	-9.558366e-04	7.680832e-04	-1.723920e-03	1.246002e-03	4.333247e-05	-9.158882e-05	-1.351667e-04	-1.591722e-04	2.400547e-05
151           	5.665165e-03	2.875986e-03	2.789180e-03	-9.558639e-04	7.666443e-04	-1.722508e-03	1.244576e-03	4.340276e-05	-9.162221e-05	-1.352552e-04	-1.592498e-04	2.399463e-05
152           	5.660105e-03	2.873523e-03	2.786582e-03	-9.558913e-04	7.652363e-04	-1.721128e-03	1.243182e-03	4.347071e-05	-9.165268e-05	-1.353387e-04	-1.593220e-04	2.398336e-05
153           	5.655148e-03	2.871110e-03	2.784038e-03	-9.559188e-04	7.638585e-04	-1.719777e-03	1.241818e-03	4.353635e-05	-9.168031e-05	-1.354173e-04	-1.593889e-04	2.397167e-05
154           	5.650293e-03	2.868746e-03	2.781547e-03	-9.559462e-04	7.625102e-04	-1.718456e-03	1.240483e-03	4.359971e-05	-9.170506e-05	-1.354910e-04	-1.594505e-04	2.395958e-05
155           	5.645538e-03	2.866430e-03	2.779108e-03	-9.559735e-04	7.611909e-04	-1.717164e-03	1.239178e-03	4.366075e-05	-9.172687e-05	-1.355596e-04	-1.595067e-04	2.394708e-05
156           	5.640880e-03	2.864160e-03	2.776721e-03	-9.560009e-04	7.599000e-04	-1.715901e-03	1.237900e-03	4.371949e-05	-9.174578e-05	-1.356232e-04	-1.595574e-04	2.393417e-05
157           	5.636319e-03	2.861935e-03	2.774383e-03	-9.560281e-04	7.586369e-04	-1.714665e-03	1.236651e-03	4.377596e-05	-9.176179e-05	-1.356818e-04	-1.596027e-04	2.392088e-05
158           	5.631852e-03	2.859756e-03	2.772096e-03	-9.560553e-04	7.574010e-04	-1.713456e-03	1.235429e-03	4.383015e-05	-9.177494e-05	-1.357354e-04	-1.596427e-04	2.390721e-05
159           	5.627477e-03	2.857621e-03	2.769856e-03	-9.560823e-04	7.561917e-04	-1.712274e-03	1.234233e-03	4.388210e-05	-9.178523e-05	-1.357841e-04	-1.596773e-04	2.389317e-05
160           	5.623193e-03	2.855528e-03	2.767664e-03	-9.561093e-04	7.550085e-04	-1.711118e-03	1.233063e-03	4.393180e-05	-9.179269e-05	-1.358279e-04	-1.597066e-04	2.387874e-05
161           	5.618997e-03	2.853478e-03	2.765519e-03	-9.561361e-04	7.538508e-04	-1.709987e-03	1.231919e-03	4.397925e-05	-9.179732e-05	-1.358668e-04	-1.597307e-04	2.386394e-05
162           	5.614889e-03	2.851469e-03	2.763420e-03	-9.561627e-04	7.527181e-04	-1.708881e-03	1.230799e-03	4.402447e-05	-9.179915e-05	-1.359008e-04	-1.597495e-04	2.384877e-05
163           	5.610866e-03	2.849500e-03	2.761366e-03	-9.561891e-04	7.516098e-04	-1.707799e-03	1.229704e-03	4.406748e-05	-9.179822e-05	-1.359300e-04	-1.597632e-04	2.383322e-05
164           	5.606927e-03	2.847572e-03	2.759355e-03	-9.562152e-04	7.505255e-04	-1.706741e-03	1.228633e-03	4.410832e-05	-9.179461e-05	-1.359546e-04	-1.597719e-04	2.381732e-05
165           	5.603070e-03	2.845682e-03	2.757388e-03	-9.562410e-04	7.494645e-04	-1.705706e-03	1.227585e-03	4.414703e-05	-9.178838e-05	-1.359746e-04	-1.597757e-04	2.380106e-05
166           	5.599293e-03	2.843830e-03	2.755463e-03	-9.562666e-04	7.484265e-04	-1.704693e-03	1.226560e-03	4.418363e-05	-9.177954e-05	-1.359902e-04	-1.597747e-04	2.378443e-05
167           	5.595596e-03	2.842016e-03	2.753580e-03	-9.562917e-04	7.474108e-04	-1.703703e-03	1.225557e-03	4.421814e-05	-9.176812e-05	-1.360014e-04	-1.597688e-04	2.376743e-05
168           	5.591973e-03	2.840240e-03	2.751733e-03	-9.563161e-04	7.464161e-04	-1.702732e-03	1.224574e-03	4.425316e-05	-9.175762e-05	-1.360149e-04	-1.597651e-04	2.375018e-05
169           	5.588426e-03	2.838498e-03	2.749928e-03	-9.563401e-04	7.454431e-04	-1.701783e-03	1.223613e-03	4.428517e-05	-9.174319e-05	-1.360215e-04	-1.597539e-04	2.373246e-05
170           	5.584956e-03	2.836792e-03	2.748164e-03	-9.563640e-04	7.444916e-04	-1.700856e-03	1.222674e-03	4.431415e-05	-9.172482e-05	-1.360210e-04	-1.597353e-04	2.371429e-05
171           	5.581559e-03	2.835120e-03	2.746439e-03	-9.563875e-04	7.435610e-04	-1.699948e-03	1.221755e-03	4.434030e-05	-9.170279e-05	-1.360141e-04	-1.597099e-04	2.369573e-05
172           	5.578234e-03	2.833481e-03	2.744753e-03	-9.564106e-04	7.426508e-04	-1.699061e-03	1.220856e-03	4.436395e-05	-9.167762e-05	-1.360016e-04	-1.596784e-04	2.367684e-05
173           	5.574980e-03	2.831875e-03	2.743104e-03	-9.564334e-04	7.417603e-04	-1.698194e-03	1.219977e-03	4.438545e-05	-9.164992e-05	-1.359844e-04	-1.596421e-04	2.365770e-05
174           	5.571794e-03	2.830302e-03	2.741492e-03	-9.564556e-04	7.408892e-04	-1.697345e-03	1.219117e-03	4.440519e-05	-9.162029e-05	-1.359638e-04	-1.596022e-04	2.363839e-05
175           	5.568676e-03	2.828762e-03	2.739915e-03	-9.564774e-04	7.400369e-04	-1.696514e-03	1.218276e-03	4.442345e-05	-9.158926e-05	-1.359405e-04	-1.595595e-04	2.361901e-05
176           	5.565624e-03	2.827252e-03	2.738372e-03	-9.564986e-04	7.392029e-04	-1.695701e-03	1.217452e-03	4.444043e-05	-9.155720e-05	-1.359152e-04	-1.595148e-04	2.359958e-05
177           	5.562636e-03	2.825774e-03	2.736862e-03	-9.565192e-04	7.383869e-04	-1.694906e-03	1.216647e-03	4.445624e-05	-9.152432e-05	-1.358883e-04	-1.594685e-04	2.358016e-05
178           	5.559711e-03	2.824327e-03	2.735385e-03	-9.565392e-04	7.375885e-04	-1.694128e-03	1.215858e-03	4.447097e-05	-9.149076e-05	-1.358600e-04	-1.594207e-04	2.356078e-05
179           	5.556848e-03	2.822909e-03	2.733939e-03	-9.565587e-04	7.368072e-04	-1.693366e-03	1.215087e-03	4.448461e-05	-9.145660e-05	-1.358303e-04	-1.593717e-04	2.354145e-05
180           	5.554046e-03	2.821520e-03	2.732526e-03	-9.565776e-04	7.360429e-04	-1.692620e-03	1.214332e-03	4.449717e-05	-9.142181e-05	-1.357993e-04	-1.593214e-04	2.352218e-05
181           	5.551303e-03	2.820160e-03	2.731143e-03	-9.565959e-04	7.352951e-04	-1.691891e-03	1.213593e-03	4.450862e-05	-9.138637e-05	-1.357668e-04	-1.592697e-04	2.350299e-05
182           	5.548619e-03	2.818829e-03	2.729791e-03	-9.566136e-04	7.345634e-04	-1.691177e-03	1.212870e-03	4.451894e-05	-9.135022e-05	-1.357327e-04	-1.592166e-04	2.348386e-05
183           	5.545992e-03	2.817524e-03	2.728468e-03	-9.566307e-04	7.338476e-04	-1.690478e-03	1.212163e-03	4.452814e-05	-9.131336e-05	-1.356971e-04	-1.591619e-04	2.346480e-05
184           	5.543421e-03	2.816247e-03	2.727174e-03	-9.566472e-04	7.331474e-04	-1.689795e-03	1.211471e-03	4.453623e-05	-9.127579e-05	-1.356600e-04	-1.591058e-04	2.344580e-05
185           	5.540906e-03	2.814996e-03	2.725910e-03	-9.566632e-04	7.324623e-04	-1.689125e-03	1.210794e-03	4.454327e-05	-9.123755e-05	-1.356214e-04	-1.590482e-04	2.342687e-05
186           	5.538444e-03	2.813771e-03	2.724673e-03	-9.566785e-04	7.317921e-04	-1.688471e-03	1.210131e-03	4.454928e-05	-9.119871e-05	-1.355814e-04	-1.589894e-04	2.340801e-05
187           	5.536034e-03	2.812572e-03	2.723463e-03	-9.566933e-04	7.311364e-04	-1.687830e-03	1.209483e-03	4.455431e-05	-9.115929e-05	-1.355401e-04	-1.589294e-04	2.338922e-05
188           	5.533677e-03	2.811397e-03	2.722280e-03	-9.567076e-04	7.304950e-04	-1.687203e-03	1.208849e-03	4.455840e-05	-9.111933e-05	-1.354977e-04	-1.588682e-04	2.337047e-05
189           	5.532854e-03	2.810967e-03	2.721887e-03	-9.568074e-04	7.302537e-04	-1.687061e-03	1.208657e-03	4.454018e-05	-9.104232e-05	-1.353925e-04	-1.587386e-04	2.334608e-05
190           	5.532233e-03	2.810625e-03	2.721608e-03	-9.569554e-04	7.300501e-04	-1.687006e-03	1.208528e-03	4.450873e-05	-9.094491e-05	-1.352526e-04	-1.585712e-04	2.331861e-05
191           	5.531664e-03	2.810304e-03	2.721360e-03	-9.571126e-04	7.298537e-04	-1.686966e-03	1.208410e-03	4.447221e-05	-9.084143e-05	-1.351019e-04	-1.583924e-04	2.329047e-05
192           	5.531022e-03	2.809948e-03	2.721074e-03	-9.572455e-04	7.296387e-04	-1.686884e-03	1.208261e-03	4.443738e-05	-9.074369e-05	-1.349598e-04	-1.582236e-04	2.326381e-05
193           	5.530215e-03	2.809517e-03	2.720698e-03	-9.573315e-04	7.293863e-04	-1.686718e-03	1.208052e-03	4.440970e-05	-9.065952e-05	-1.348392e-04	-1.580791e-04	2.323993e-05
194           	5.529214e-03	2.808997e-03	2.720217e-03	-9.573615e-04	7.290917e-04	-1.686453e-03	1.207773e-03	4.438980e-05	-9.059241e-05	-1.347453e-04	-1.579651e-04	2.321974e-05
195           	5.528020e-03	2.808391e-03	2.719630e-03	-9.573377e-04	7.287556e-04	-1.686093e-03	1.207424e-03	4.438050e-05	-9.054536e-05	-1.346847e-04	-1.578877e-04	2.320304e-05
196           	5.526690e-03	2.807723e-03	2.718967e-03	-9.572735e-04	7.283915e-04	-1.685665e-03	1.207028e-03	4.437803e-05	-9.051441e-05	-1.346502e-04	-1.578395e-04	2.318933e-05
197           	5.525275e-03	2.807016e-03	2.718259e-03	-9.571847e-04	7.280115e-04	-1.685196e-03	1.206604e-03	4.437864e-05	-9.048938e-05	-1.346239e-04	-1.578014e-04	2.317740e-05
198           	5.523838e-03	2.806298e-03	2.717540e-03	-9.570893e-04	7.276288e-04	-1.684718e-03	1.206173e-03	4.437901e-05	-9.046275e-05	-1.345936e-04	-1.577595e-04	2.316596e-05
199           	5.522433e-03	2.805594e-03	2.716839e-03	-9.570023e-04	7.272558e-04	-1.684258e-03	1.205757e-03	4.437753e-05	-9.043084e-05	-1.345537e-04	-1.577077e-04	2.315398e-05
200           	5.521103e-03	2.804925e-03	2.716178e-03	-9.569344e-04	7.269013e-04	-1.683836e-03	1.205369e-03	4.437323e-05	-9.039183e-05	-1.345020e-04	-1.576428e-04	2.314085e-05
201           	5.519869e-03	2.804300e-03	2.715569e-03	-9.568906e-04	7.265700e-04	-1.683461e-03	1.205015e-03	4.436560e-05	-9.034527e-05	-1.344377e-04	-1.575641e-04	2.312644e-05
202           	5.518733e-03	2.803721e-03	2.715012e-03	-9.568708e-04	7.262624e-04	-1.683133e-03	1.204698e-03	4.435467e-05	-9.029212e-05	-1.343623e-04	-1.574733e-04	2.311094e-05
203           	5.517685e-03	2.803184e-03	2.714501e-03	-9.568708e-04	7.259757e-04	-1.682846e-03	1.204411e-03	4.434125e-05	-9.023515e-05	-1.342806e-04	-1.573755e-04	2.309485e-05
204           	5.516699e-03	2.802676e-03	2.714024e-03	-9.568840e-04	7.257040e-04	-1.682588e-03	1.204146e-03	4.432604e-05	-9.017553e-05	-1.341951e-04	-1.572731e-04	2.307799e-05
205           	5.515754e-03	2.802188e-03	2.713566e-03	-9.569027e-04	7.254422e-04	-1.682345e-03	1.203894e-03	4.431108e-05	-9.011937e-05	-1.341151e-04	-1.571769e-04	2.306181e-05
206           	5.514824e-03	2.801709e-03	2.713115e-03	-9.569203e-04	7.251844e-04	-1.682105e-03	1.203645e-03	4.429721e-05	-9.006849e-05	-1.340437e-04	-1.570903e-04	2.304665e-05
207           	5.513889e-03	2.801229e-03	2.712660e-03	-9.569319e-04	7.249260e-04	-1.681858e-03	1.203392e-03	4.428485e-05	-9.002341e-05	-1.339815e-04	-1.570142e-04	2.303264e-05
208           	5.512938e-03	2.800743e-03	2.712195e-03	-9.569349e-04	7.246640e-04	-1.681599e-03	1.203131e-03	4.427405e-05	-8.998367e-05	-1.339278e-04	-1.569476e-04	2.301975e-05
209           	5.511965e-03	2.800247e-03	2.711718e-03	-9.569289e-04	7.243975e-04	-1.681326e-03	1.202862e-03	4.426461e-05	-8.994813e-05	-1.338807e-04	-1.568885e-04	2.300778e-05
210           	5.510975e-03	2.799744e-03	2.711231e-03	-9.569154e-04	7.241271e-04	-1.681043e-03	1.202585e-03	4.425615e-05	-8.991536e-05	-1.338377e-04	-1.568342e-04	2.299653e-05
211           	5.509974e-03	2.799235e-03	2.710739e-03	-9.568968e-04	7.238546e-04	-1.680751e-03	1.202303e-03	4.424823e-05	-8.988391e-05	-1.337963e-04	-1.567821e-04	2.298574e-05
212           	5.508970e-03	2.798726e-03	2.710245e-03	-9.568760e-04	7.235820e-04	-1.680458e-03	1.202020e-03	4.424050e-05	-8.985262e-05	-1.337547e-04	-1.567300e-04	2.297525e-05
213           	5.507975e-03	2.798220e-03	2.709755e-03	-9.568557e-04	7.233116e-04	-1.680167e-03	1.201739e-03	4.423274e-05	-8.982085e-05	-1.337119e-04	-1.566768e-04	2.296492e-05
214           	5.506995e-03	2.797722e-03	2.709272e-03	-9.568378e-04	7.230453e-04	-1.679883e-03	1.201464e-03	4.422488e-05	-8.978848e-05	-1.336675e-04	-1.566222e-04	2.295472e-05
215           	5.506035e-03	2.797234e-03	2.708800e-03	-9.568236e-04	7.227842e-04	-1.679608e-03	1.201196e-03	4.421701e-05	-8.975587e-05	-1.336224e-04	-1.565671e-04	2.294468e-05
216           	5.505098e-03	2.796758e-03	2.708340e-03	-9.568132e-04	7.225289e-04	-1.679342e-03	1.200935e-03	4.420930e-05	-8.972362e-05	-1.335776e-04	-1.565124e-04	2.293485e-05
217           	5.504183e-03	2.796293e-03	2.707889e-03	-9.568064e-04	7.222793e-04	-1.679086e-03	1.200682e-03	4.420194e-05	-8.969244e-05	-1.335342e-04	-1.564596e-04	2.292532e-05
218           	5.503288e-03	2.795839e-03	2.707449e-03	-9.568021e-04	7.220348e-04	-1.678837e-03	1.200436e-03	4.419512e-05	-8.966290e-05	-1.334935e-04	-1.564097e-04	2.291616e-05
219           	5.502409e-03	2.795394e-03	2.707016e-03	-9.567992e-04	7.217946e-04	-1.678594e-03	1.200194e-03	4.418894e-05	-8.963538e-05	-1.334560e-04	-1.563634e-04	2.290740e-05
220           	5.501543e-03	2.794955e-03	2.706588e-03	-9.567966e-04	7.215578e-04	-1.678354e-03	1.199956e-03	4.418342e-05	-8.960993e-05	-1.334218e-04	-1.563208e-04	2.289903e-05
221           	5.500687e-03	2.794522e-03	2.706165e-03	-9.567936e-04	7.213236e-04	-1.678117e-03	1.199720e-03	4.417850e-05	-8.958637e-05	-1.333907e-04	-1.562817e-04	2.289101e-05
222           	5.499837e-03	2.794092e-03	2.705744e-03	-9.567894e-04	7.210914e-04	-1.677881e-03	1.199486e-03	4.417408e-05	-8.956432e-05	-1.333621e-04	-1.562454e-04	2.288327e-05
223           	5.498992e-03	2.793666e-03	2.705326e-03	-9.567840e-04	7.208608e-04	-1.677645e-03	1.199253e-03	4.417002e-05	-8.954333e-05	-1.333352e-04	-1.562109e-04	2.287572e-05
224           	5.498153e-03	2.793243e-03	2.704910e-03	-9.567775e-04	7.206319e-04	-1.677409e-03	1.199021e-03	4.416621e-05	-8.952296e-05	-1.333093e-04	-1.561776e-04	2.286830e-05
225           	5.497319e-03	2.792822e-03	2.704497e-03	-9.567700e-04	7.204048e-04	-1.677175e-03	1.198790e-03	4.416253e-05	-8.950283e-05	-1.332838e-04	-1.561447e-04	2.286094e-05
226           	5.496493e-03	2.792405e-03	2.704088e-03	-9.567622e-04	7.201797e-04	-1.676942e-03	1.198561e-03	4.415891e-05	-8.948271e-05	-1.332582e-04	-1.561118e-04	2.285360e-05
227           	5.495675e-03	2.791993e-03	2.703682e-03	-9.567544e-04	7.199570e-04	-1.676711e-03	1.198334e-03	4.415530e-05	-8.946247e-05	-1.332324e-04	-1.560787e-04	2.284628e-05
228           	5.494866e-03	2.791585e-03	2.703281e-03	-9.567469e-04	7.197369e-04	-1.676484e-03	1.198110e-03	4.415172e-05	-8.944215e-05	-1.332064e-04	-1.560453e-04	2.283896e-05
229           	5.494068e-03	2.791182e-03	2.702886e-03	-9.567400e-04	7.195197e-04	-1.676260e-03	1.197890e-03	4.414819e-05	-8.942187e-05	-1.331804e-04	-1.560121e-04	2.283169e-05
230           	5.493281e-03	2.790785e-03	2.702496e-03	-9.567339e-04	7.193054e-04	-1.676039e-03	1.197672e-03	4.414475e-05	-8.940180e-05	-1.331546e-04	-1.559791e-04	2.282449e-05
231           	5.492505e-03	2.790394e-03	2.702111e-03	-9.567285e-04	7.190940e-04	-1.675822e-03	1.197458e-03	4.414146e-05	-8.938215e-05	-1.331295e-04	-1.559469e-04	2.281740e-05
232           	5.491739e-03	2.790008e-03	2.701731e-03	-9.567236e-04	7.188856e-04	-1.675609e-03	1.197247e-03	4.413834e-05	-8.936306e-05	-1.331052e-04	-1.559157e-04	2.281044e-05
233           	5.490984e-03	2.789627e-03	2.701357e-03	-9.567192e-04	7.186799e-04	-1.675399e-03	1.197039e-03	4.413543e-05	-8.934465e-05	-1.330820e-04	-1.558857e-04	2.280363e-05
234           	5.490235e-03	2.789254e-03	2.700981e-03	-9.567144e-04	7.184753e-04	-1.675190e-03	1.196833e-03	4.413629e-05	-8.933261e-05	-1.330717e-04	-1.558685e-04	2.279675e-05
235           	5.489495e-03	2.788884e-03	2.700611e-03	-9.567099e-04	7.182737e-04	-1.674984e-03	1.196629e-03	4.413618e-05	-8.931927e-05	-1.330584e-04	-1.558485e-04	2.279004e-05
236           	5.488765e-03	2.788518e-03	2.700248e-03	-9.567055e-04	7.180748e-04	-1.674780e-03	1.196428e-03	4.413499e-05	-8.930437e-05	-1.330418e-04	-1.558252e-04	2.278349e-05
237           	5.488044e-03	2.788155e-03	2.699889e-03	-9.567012e-04	7.178786e-04	-1.674580e-03	1.196229e-03	4.413282e-05	-8.928804e-05	-1.330220e-04	-1.557990e-04	2.277706e-05
238           	5.487332e-03	2.787796e-03	2.699536e-03	-9.566969e-04	7.176847e-04	-1.674382e-03	1.196033e-03	4.412993e-05	-8.927067e-05	-1.329999e-04	-1.557706e-04	2.277074e-05
239           	5.486627e-03	2.787440e-03	2.699187e-03	-9.566926e-04	7.174933e-04	-1.674186e-03	1.195840e-03	4.412662e-05	-8.925280e-05	-1.329765e-04	-1.557411e-04	2.276453e-05
240           	5.485931e-03	2.787089e-03	2.698842e-03	-9.566883e-04	7.173040e-04	-1.673992e-03	1.195648e-03	4.412323e-05	-8.923501e-05	-1.329531e-04	-1.557116e-04	2.275844e-05
241           	5.485242e-03	2.786741e-03	2.698501e-03	-9.566841e-04	7.171169e-04	-1.673801e-03	1.195459e-03	4.412003e-05	-8.921778e-05	-1.329306e-04	-1.556831e-04	2.275246e-05
242           	5.484561e-03	2.786398e-03	2.698164e-03	-9.566801e-04	7.169319e-04	-1.673612e-03	1.195272e-03	4.411721e-05	-8.920149e-05	-1.329097e-04	-1.556564e-04	2.274662e-05
243           	5.483889e-03	2.786059e-03	2.697829e-03	-9.566761e-04	7.167491e-04	-1.673425e-03	1.195087e-03	4.411488e-05	-8.918635e-05	-1.328909e-04	-1.556318e-04	2.274092e-05
244           	5.483224e-03	2.785725e-03	2.697499e-03	-9.566724e-04	7.165684e-04	-1.673241e-03	1.194905e-03	4.411308e-05	-8.917240e-05	-1.328741e-04	-1.556094e-04	2.273537e-05
245           	5.482567e-03	2.785395e-03	2.697172e-03	-9.566689e-04	7.163898e-04	-1.673059e-03	1.194724e-03	4.411176e-05	-8.915956e-05	-1.328592e-04	-1.555892e-04	2.272996e-05
246           	5.481918e-03	2.785070e-03	2.696848e-03	-9.566655e-04	7.162134e-04	-1.672879e-03	1.194546e-03	4.411084e-05	-8.914765e-05	-1.328459e-04	-1.555706e-04	2.272469e-05
247           	5.481277e-03	2.784749e-03	2.696528e-03	-9.566623e-04	7.160391e-04	-1.672701e-03	1.194370e-03	4.411020e-05	-8.913648e-05	-1.328339e-04	-1.555534e-04	2.271955e-05
248           	5.480644e-03	2.784432e-03	2.696212e-03	-9.566592e-04	7.158669e-04	-1.672526e-03	1.194197e-03	4.410976e-05	-8.912580e-05	-1.328226e-04	-1.555371e-04	2.271452e-05
249           	5.480018e-03	2.784118e-03	2.695900e-03	-9.566562e-04	7.156968e-04	-1.672353e-03	1.194025e-03	4.410940e-05	-8.911544e-05	-1.328117e-04	-1.555213e-04	2.270958e-05
250           	5.479399e-03	2.783809e-03	2.695591e-03	-9.566533e-04	7.155287e-04	-1.672182e-03	1.193855e-03	4.410907e-05	-8.910526e-05	-1.328011e-04	-1.555058e-04	2.270472e-05
251           	5.478788e-03	2.783503e-03	2.695285e-03	-9.566505e-04	7.153626e-04	-1.672013e-03	1.193688e-03	4.410873e-05	-8.909518e-05	-1.327905e-04	-1.554904e-04	2.269994e-05
252           	5.478184e-03	2.783200e-03	2.694984e-03	-9.566478e-04	7.151985e-04	-1.671846e-03	1.193522e-03	4.410838e-05	-8.908519e-05	-1.327799e-04	-1.554751e-04	2.269524e-05
253           	5.477587e-03	2.782902e-03	2.694686e-03	-9.566451e-04	7.150364e-04	-1.671682e-03	1.193359e-03	4.410802e-05	-8.907533e-05	-1.327695e-04	-1.554601e-04	2.269060e-05
254           	5.476997e-03	2.782606e-03	2.694391e-03	-9.566426e-04	7.148762e-04	-1.671519e-03	1.193197e-03	4.410768e-05	-8.906564e-05	-1.327592e-04	-1.554452e-04	2.268604e-05
255           	5.476414e-03	2.782315e-03	2.694100e-03	-9.566401e-04	7.147179e-04	-1.671358e-03	1.193038e-03	4.410739e-05	-8.905621e-05	-1.327493e-04	-1.554309e-04	2.268156e-05
256           	5.475838e-03	2.782026e-03	2.693812e-03	-9.566377e-04	7.145615e-04	-1.671199e-03	1.192880e-03	4.410720e-05	-8.904711e-05	-1.327399e-04	-1.554171e-04	2.267718e-05
257           	5.475269e-03	2.781742e-03	2.693527e-03	-9.566355e-04	7.144070e-04	-1.671042e-03	1.192725e-03	4.410711e-05	-8.903841e-05	-1.327310e-04	-1.554039e-04	2.267289e-05
258           	5.474707e-03	2.781461e-03	2.693246e-03	-9.566334e-04	7.142543e-04	-1.670888e-03	1.192571e-03	4.410717e-05	-8.903012e-05	-1.327228e-04	-1.553915e-04	2.266871e-05
259           	5.474151e-03	2.781183e-03	2.692968e-03	-9.566314e-04	7.141035e-04	-1.670735e-03	1.192419e-03	4.410735e-05	-8.902227e-05	-1.327153e-04	-1.553799e-04	2.266462e-05
260           	5.473603e-03	2.780909e-03	2.692694e-03	-9.566295e-04	7.139546e-04	-1.670584e-03	1.192269e-03	4.410768e-05	-8.901484e-05	-1.327084e-04	-1.553690e-04	2.266063e-05
261           	5.473060e-03	2.780638e-03	2.692422e-03	-9.566277e-04	7.138074e-04	-1.670435e-03	1.192121e-03	4.410812e-05	-8.900780e-05	-1.327021e-04	-1.553589e-04	2.265674e-05
262           	5.472525e-03	2.780371e-03	2.692154e-03	-9.566261e-04	7.136621e-04	-1.670288e-03	1.191975e-03	4.410868e-05	-8.900110e-05	-1.326963e-04	-1.553493e-04	2.265293e-05
263           	5.471995e-03	2.780107e-03	2.691888e-03	-9.566245e-04	7.135185e-04	-1.670143e-03	1.191831e-03	4.410932e-05	-8.899472e-05	-1.326910e-04	-1.553402e-04	2.264921e-05
264           	5.471472e-03	2.779846e-03	2.691626e-03	-9.566231e-04	7.133766e-04	-1.670000e-03	1.191688e-03	4.411005e-05	-8.898861e-05	-1.326861e-04	-1.553317e-04	2.264557e-05
265           	5.470956e-03	2.779589e-03	2.691367e-03	-9.566217e-04	7.132365e-04	-1.669858e-03	1.191547e-03	4.411083e-05	-8.898275e-05	-1.326815e-04	-1.553235e-04	2.264199e-05
266           	5.470445e-03	2.779334e-03	2.691111e-03	-9.566204e-04	7.130980e-04	-1.669718e-03	1.191408e-03	4.411168e-05	-8.897711e-05	-1.326772e-04	-1.553157e-04	2.263849e-05
267           	5.469941e-03	2.779083e-03	2.690858e-03	-9.566192e-04	7.129612e-04	-1.669580e-03	1.191271e-03	4.411258e-05	-8.897168e-05	-1.326733e-04	-1.553083e-04	2.263505e-05
268           	5.469443e-03	2.778835e-03	2.690608e-03	-9.566182e-04	7.128261e-04	-1.669444e-03	1.191135e-03	4.411353e-05	-8.896648e-05	-1.326696e-04	-1.553013e-04	2.263167e-05
269           	5.468950e-03	2.778590e-03	2.690361e-03	-9.566172e-04	7.126926e-04	-1.669310e-03	1.191001e-03	4.411455e-05	-8.896152e-05	-1.326663e-04	-1.552947e-04	2.262837e-05
270           	5.468464e-03	2.778348e-03	2.690116e-03	-9.566162e-04	7.125608e-04	-1.669177e-03	1.190869e-03	4.411564e-05	-8.895681e-05	-1.326633e-04	-1.552885e-04	2.262514e-05
271           	5.467983e-03	2.778108e-03	2.689875e-03	-9.566154e-04	7.124305e-04	-1.669046e-03	1.190738e-03	4.411681e-05	-8.895236e-05	-1.326608e-04	-1.552827e-04	2.262199e-05
272           	5.467509e-03	2.777872e-03	2.689636e-03	-9.566147e-04	7.123018e-04	-1.668917e-03	1.190609e-03	4.411807e-05	-8.894821e-05	-1.326586e-04	-1.552775e-04	2.261891e-05
273           	5.467040e-03	2.777639e-03	2.689400e-03	-9.566141e-04	7.121747e-04	-1.668789e-03	1.190482e-03	4.411941e-05	-8.894435e-05	-1.326568e-04	-1.552728e-04	2.261593e-05
274           	5.466576e-03	2.777409e-03	2.689167e-03	-9.566135e-04	7.120492e-04	-1.668663e-03	1.190356e-03	4.412086e-05	-8.894078e-05	-1.326555e-04	-1.552685e-04	2.261302e-05
275           	5.466119e-03	2.777182e-03	2.688937e-03	-9.566131e-04	7.119251e-04	-1.668538e-03	1.190232e-03	4.412240e-05	-8.893752e-05	-1.326546e-04	-1.552648e-04	2.261021e-05
276           	5.465666e-03	2.776957e-03	2.688709e-03	-9.566127e-04	7.118026e-04	-1.668415e-03	1.190109e-03	4.412404e-05	-8.893454e-05	-1.326541e-04	-1.552616e-04	2.260747e-05
277           	5.465220e-03	2.776736e-03	2.688484e-03	-9.566124e-04	7.116816e-04	-1.668294e-03	1.189988e-03	4.412577e-05	-8.893183e-05	-1.326540e-04	-1.552588e-04	2.260482e-05
278           	5.464778e-03	2.776517e-03	2.688262e-03	-9.566122e-04	7.115620e-04	-1.668174e-03	1.189868e-03	4.412759e-05	-8.892939e-05	-1.326543e-04	-1.552565e-04	2.260224e-05
279           	5.464343e-03	2.776301e-03	2.688042e-03	-9.566121e-04	7.114439e-04	-1.668056e-03	1.189750e-03	4.412950e-05	-8.892720e-05	-1.326549e-04	-1.552547e-04	2.259974e-05
280           	5.463912e-03	2.776087e-03	2.687824e-03	-9.566120e-04	7.113273e-04	-1.667939e-03	1.189633e-03	4.413149e-05	-8.892525e-05	-1.326559e-04	-1.552532e-04	2.259730e-05
281           	5.463486e-03	2.775877e-03	2.687610e-03	-9.566120e-04	7.112120e-04	-1.667824e-03	1.189518e-03	4.413357e-05	-8.892353e-05	-1.326572e-04	-1.552521e-04	2.259494e-05
282           	5.463066e-03	2.775669e-03	2.687397e-03	-9.566121e-04	7.110982e-04	-1.667710e-03	1.189404e-03	4.413572e-05	-8.892204e-05	-1.326588e-04	-1.552515e-04	2.259264e-05
283           	5.462651e-03	2.775463e-03	2.687188e-03	-9.566123e-04	7.109857e-04	-1.667598e-03	1.189292e-03	4.413796e-05	-8.892079e-05	-1.326608e-04	-1.552512e-04	2.259041e-05
284           	5.462241e-03	2.775261e-03	2.686980e-03	-9.566125e-04	7.108747e-04	-1.667487e-03	1.189181e-03	4.414027e-05	-8.891975e-05	-1.326630e-04	-1.552513e-04	2.258825e-05
285           	5.461836e-03	2.775061e-03	2.686775e-03	-9.566128e-04	7.107650e-04	-1.667378e-03	1.189071e-03	4.414266e-05	-8.891895e-05	-1.326656e-04	-1.552517e-04	2.258615e-05
286           	5.461436e-03	2.774863e-03	2.686573e-03	-9.566131e-04	7.106566e-04	-1.667270e-03	1.188963e-03	4.414513e-05	-8.891836e-05	-1.326685e-04	-1.552526e-04	2.258412e-05
287           	5.461040e-03	2.774668e-03	2.686373e-03	-9.566136e-04	7.105495e-04	-1.667163e-03	1.188856e-03	4.414767e-05	-8.891800e-05	-1.326717e-04	-1.552538e-04	2.258215e-05
288           	5.460650e-03	2.774475e-03	2.686175e-03	-9.566141e-04	7.104438e-04	-1.667058e-03	1.188751e-03	4.415028e-05	-8.891785e-05	-1.326752e-04	-1.552554e-04	2.258025e-05
289           	5.460264e-03	2.774285e-03	2.685979e-03	-9.566146e-04	7.103393e-04	-1.666954e-03	1.188647e-03	4.415297e-05	-8.891792e-05	-1.326790e-04	-1.552574e-04	2.257841e-05
290           	5.459883e-03	2.774097e-03	2.685786e-03	-9.566152e-04	7.102361e-04	-1.666851e-03	1.188544e-03	4.415572e-05	-8.891819e-05	-1.326831e-04	-1.552597e-04	2.257663e-05
291           	5.459507e-03	2.773912e-03	2.685595e-03	-9.566159e-04	7.101342e-04	-1.666750e-03	1.188442e-03	4.415854e-05	-8.891866e-05	-1.326875e-04	-1.552624e-04	2.257491e-05
292           	5.459135e-03	2.773729e-03	2.685406e-03	-9.566166e-04	7.100335e-04	-1.666650e-03	1.188342e-03	4.416142e-05	-8.891932e-05	-1.326921e-04	-1.552654e-04	2.257324e-05
293           	5.458768e-03	2.773548e-03	2.685220e-03	-9.566174e-04	7.099341e-04	-1.666551e-03	1.188243e-03	4.416435e-05	-8.892016e-05	-1.326971e-04	-1.552687e-04	2.257163e-05
294           	5.458405e-03	2.773370e-03	2.685035e-03	-9.566182e-04	7.098359e-04	-1.666454e-03	1.188145e-03	4.416734e-05	-8.892117e-05	-1.327022e-04	-1.552723e-04	2.257007e-05
295           	5.458047e-03	2.773194e-03	2.684853e-03	-9.566191e-04	7.097389e-04	-1.666358e-03	1.188048e-03	4.417037e-05	-8.892234e-05	-1.327076e-04	-1.552761e-04	2.256855e-05
296           	5.457693e-03	2.773020e-03	2.684673e-03	-9.566200e-04	7.096430e-04	-1.666263e-03	1.187953e-03	4.417344e-05	-8.892366e-05	-1.327132e-04	-1.552802e-04	2.256708e-05
297           	5.457344e-03	2.772848e-03	2.684495e-03	-9.566210e-04	7.095483e-04	-1.666169e-03	1.187859e-03	4.417656e-05	-8.892513e-05	-1.327189e-04	-1.552846e-04	2.256565e-05
298           	5.456999e-03	2.772679e-03	2.684320e-03	-9.566220e-04	7.094548e-04	-1.666077e-03	1.187766e-03	4.417971e-05	-8.892673e-05	-1.327249e-04	-1.552892e-04	2.256427e-05
299           	5.456658e-03	2.772512e-03	2.684146e-03	-9.566230e-04	7.093624e-04	-1.665985e-03	1.187674e-03	4.418288e-05	-8.892846e-05	-1.327311e-04	-1.552940e-04	2.256292e-05
300           	5.456321e-03	2.772347e-03	2.683974e-03	-9.566241e-04	7.092712e-04	-1.665895e-03	1.187583e-03	4.418609e-05	-8.893032e-05	-1.327374e-04	-1.552990e-04	2.256161e-05
301           	5.455988e-03	2.772183e-03	2.683805e-03	-9.566253e-04	7.091811e-04	-1.665806e-03	1.187494e-03	4.418931e-05	-8.893229e-05	-1.327439e-04	-1.553042e-04	2.256033e-05
302           	5.455660e-03	2.772022e-03	2.683637e-03	-9.566265e-04	7.090921e-04	-1.665719e-03	1.187405e-03	4.419255e-05	-8.893436e-05	-1.327506e-04	-1.553096e-04	2.255908e-05
303           	5.455335e-03	2.771863e-03	2.683472e-03	-9.566277e-04	7.090041e-04	-1.665632e-03	1.187318e-03	4.419580e-05	-8.893654e-05	-1.327573e-04	-1.553152e-04	2.255787e-05
304           	5.455015e-03	2.771706e-03	2.683308e-03	-9.566290e-04	7.089173e-04	-1.665546e-03	1.187232e-03	4.419907e-05	-8.893882e-05	-1.327643e-04	-1.553209e-04	2.255669e-05
305           	5.454698e-03	2.771551e-03	2.683147e-03	-9.566303e-04	7.088315e-04	-1.665462e-03	1.187147e-03	4.420234e-05	-8.894119e-05	-1.327713e-04	-1.553268e-04	2.255554e-05
306           	5.454385e-03	2.771398e-03	2.682987e-03	-9.566316e-04	7.087467e-04	-1.665378e-03	1.187063e-03	4.420563e-05	-8.894367e-05	-1.327785e-04	-1.553329e-04	2.255442e-05
307           	5.454077e-03	2.771247e-03	2.682829e-03	-9.566330e-04	7.086630e-04	-1.665296e-03	1.186980e-03	4.420892e-05	-8.894624e-05	-1.327858e-04	-1.553391e-04	2.255334e-05
308           	5.453772e-03	2.771098e-03	2.682674e-03	-9.566344e-04	7.085803e-04	-1.665215e-03	1.186898e-03	4.421223e-05	-8.894891e-05	-1.327933e-04	-1.553455e-04	2.255228e-05
309           	5.453471e-03	2.770951e-03	2.682520e-03	-9.566358e-04	7.084987e-04	-1.665134e-03	1.186817e-03	4.421554e-05	-8.895167e-05	-1.328008e-04	-1.553521e-04	2.255125e-05
310           	5.453173e-03	2.770805e-03	2.682368e-03	-9.566373e-04	7.084180e-04	-1.665055e-03	1.186737e-03	4.421888e-05	-8.895453e-05	-1.328085e-04	-1.553588e-04	2.255026e-05
311           	5.452879e-03	2.770662e-03	2.682217e-03	-9.566388e-04	7.083383e-04	-1.664977e-03	1.186658e-03	4.422223e-05	-8.895749e-05	-1.328164e-04	-1.553657e-04	2.254929e-05
312           	5.452589e-03	2.770520e-03	2.682069e-03	-9.566403e-04	7.082596e-04	-1.664900e-03	1.186580e-03	4.422559e-05	-8.896053e-05	-1.328243e-04	-1.553727e-04	2.254836e-05
313           	5.452303e-03	2.770380e-03	2.681922e-03	-9.566419e-04	7.081818e-04	-1.664824e-03	1.186503e-03	4.422897e-05	-8.896367e-05	-1.328324e-04	-1.553799e-04	2.254745e-05
314           	5.452020e-03	2.770242e-03	2.681777e-03	-9.566434e-04	7.081051e-04	-1.664748e-03	1.186427e-03	4.423237e-05	-8.896690e-05	-1.328406e-04	-1.553872e-04	2.254658e-05
315           	5.451738e-03	2.770106e-03	2.681632e-03	-9.566446e-04	7.080283e-04	-1.664673e-03	1.186351e-03	4.423729e-05	-8.897265e-05	-1.328544e-04	-1.553999e-04	2.254545e-05
316           	5.451460e-03	2.769972e-03	2.681488e-03	-9.566460e-04	7.079528e-04	-1.664599e-03	1.186276e-03	4.424182e-05	-8.897776e-05	-1.328667e-04	-1.554111e-04	2.254442e-05
317           	5.451187e-03	2.769839e-03	2.681348e-03	-9.566474e-04	7.078784e-04	-1.664526e-03	1.186202e-03	4.424589e-05	-8.898208e-05	-1.328772e-04	-1.554207e-04	2.254349e-05
318           	5.450917e-03	2.769708e-03	2.681209e-03	-9.566489e-04	7.078052e-04	-1.664454e-03	1.186130e-03	4.424952e-05	-8.898564e-05	-1.328860e-04	-1.554286e-04	2.254264e-05
319           	5.450651e-03	2.769578e-03	2.681073e-03	-9.566506e-04	7.077330e-04	-1.664384e-03	1.186058e-03	4.425277e-05	-8.898856e-05	-1.328934e-04	-1.554353e-04	2.254185e-05
320           	5.450389e-03	2.769450e-03	2.680939e-03	-9.566522e-04	7.076618e-04	-1.664314e-03	1.185988e-03	4.425575e-05	-8.899107e-05	-1.328999e-04	-1.554410e-04	2.254112e-05
321           	5.450130e-03	2.769323e-03	2.680806e-03	-9.566540e-04	7.075916e-04	-1.664246e-03	1.185919e-03	4.425859e-05	-8.899339e-05	-1.329059e-04	-1.554464e-04	2.254042e-05
322           	5.449874e-03	2.769198e-03	2.680675e-03	-9.566558e-04	7.075222e-04	-1.664178e-03	1.185850e-03	4.426140e-05	-8.899578e-05	-1.329121e-04	-1.554518e-04	2.253975e-05
323           	5.449621e-03	2.769075e-03	2.680546e-03	-9.566576e-04	7.074537e-04	-1.664111e-03	1.185782e-03	4.426428e-05	-8.899841e-05	-1.329186e-04	-1.554577e-04	2.253911e-05
324           	5.449372e-03	2.768953e-03	2.680419e-03	-9.566594e-04	7.073860e-04	-1.664045e-03	1.185716e-03	4.426731e-05	-8.900141e-05	-1.329258e-04	-1.554643e-04	2.253849e-05
325           	5.449125e-03	2.768833e-03	2.680292e-03	-9.566613e-04	7.073191e-04	-1.663980e-03	1.185650e-03	4.427051e-05	-8.900485e-05	-1.329339e-04	-1.554718e-04	2.253791e-05
326           	5.448882e-03	2.768715e-03	2.680167e-03	-9.566633e-04	7.072530e-04	-1.663916e-03	1.185585e-03	4.427390e-05	-8.900873e-05	-1.329428e-04	-1.554801e-04	2.253735e-05
327           	5.448642e-03	2.768599e-03	2.680044e-03	-9.566652e-04	7.071877e-04	-1.663853e-03	1.185520e-03	4.427746e-05	-8.901298e-05	-1.329523e-04	-1.554891e-04	2.253683e-05
328           	5.448405e-03	2.768484e-03	2.679921e-03	-9.566671e-04	7.071231e-04	-1.663790e-03	1.185457e-03	4.428116e-05	-8.901753e-05	-1.329624e-04	-1.554987e-04	2.253635e-05
329           	5.448171e-03	2.768370e-03	2.679800e-03	-9.566690e-04	7.070593e-04	-1.663728e-03	1.185394e-03	4.428496e-05	-8.902227e-05	-1.329728e-04	-1.555087e-04	2.253589e-05
330           	5.447939e-03	2.768259e-03	2.679681e-03	-9.566709e-04	7.069964e-04	-1.663667e-03	1.185332e-03	4.428881e-05	-8.902709e-05	-1.329833e-04	-1.555187e-04	2.253545e-05
331           	5.447711e-03	2.768148e-03	2.679563e-03	-9.566728e-04	7.069341e-04	-1.663607e-03	1.185271e-03	4.429267e-05	-8.903192e-05	-1.329938e-04	-1.555288e-04	2.253504e-05
332           	5.447485e-03	2.768039e-03	2.679446e-03	-9.566747e-04	7.068726e-04	-1.663547e-03	1.185210e-03	4.429651e-05	-8.903667e-05	-1.330041e-04	-1.555387e-04	2.253463e-05
333           	5.447262e-03	2.767931e-03	2.679331e-03	-9.566765e-04	7.068118e-04	-1.663488e-03	1.185150e-03	4.430032e-05	-8.904133e-05	-1.330142e-04	-1.555484e-04	2.253423e-05
334           	5.447042e-03	2.767825e-03	2.679217e-03	-9.566784e-04	7.067518e-04	-1.663430e-03	1.185091e-03	4.430408e-05	-8.904587e-05	-1.330241e-04	-1.555579e-04	2.253384e-05
335           	5.446824e-03	2.767720e-03	2.679104e-03	-9.566803e-04	7.066925e-04	-1.663373e-03	1.185033e-03	4.430780e-05	-8.905032e-05	-1.330337e-04	-1.555672e-04	2.253345e-05
336           	5.446605e-03	2.767615e-03	2.678990e-03	-9.566802e-04	7.066338e-04	-1.663314e-03	1.184974e-03	4.431222e-05	-8.905646e-05	-1.330466e-04	-1.555798e-04	2.253314e-05
337           	5.446390e-03	2.767511e-03	2.678879e-03	-9.566801e-04	7.065756e-04	-1.663256e-03	1.184916e-03	4.431624e-05	-8.906166e-05	-1.330577e-04	-1.555905e-04	2.253280e-05
338           	5.446179e-03	2.767409e-03	2.678770e-03	-9.566814e-04	7.065183e-04	-1.663200e-03	1.184859e-03	4.431992e-05	-8.906605e-05	-1.330672e-04	-1.555997e-04	2.253245e-05
339           	5.445972e-03	2.767309e-03	2.678663e-03	-9.566840e-04	7.064617e-04	-1.663146e-03	1.184804e-03	4.432337e-05	-8.906990e-05	-1.330757e-04	-1.556077e-04	2.253207e-05
340           	5.445769e-03	2.767211e-03	2.678558e-03	-9.566874e-04	7.064060e-04	-1.663093e-03	1.184750e-03	4.432670e-05	-8.907351e-05	-1.330836e-04	-1.556153e-04	2.253170e-05
341           	5.445569e-03	2.767114e-03	2.678454e-03	-9.566912e-04	7.063510e-04	-1.663042e-03	1.184697e-03	4.433003e-05	-8.907717e-05	-1.330916e-04	-1.556230e-04	2.253135e-05
342           	5.445368e-03	2.767018e-03	2.678350e-03	-9.566931e-04	7.062966e-04	-1.662990e-03	1.184643e-03	4.433416e-05	-8.908278e-05	-1.331034e-04	-1.556345e-04	2.253109e-05
343           	5.445166e-03	2.766922e-03	2.678244e-03	-9.566927e-04	7.062427e-04	-1.662935e-03	1.184589e-03	4.433882e-05	-8.908966e-05	-1.331175e-04	-1.556484e-04	2.253091e-05
344           	5.444970e-03	2.766828e-03	2.678142e-03	-9.566932e-04	7.061894e-04	-1.662883e-03	1.184536e-03	4.434290e-05	-8.909521e-05	-1.331290e-04	-1.556597e-04	2.253071e-05
345           	5.444778e-03	2.766736e-03	2.678043e-03	-9.566956e-04	7.061369e-04	-1.662832e-03	1.184485e-03	4.434653e-05	-8.909969e-05	-1.331384e-04	-1.556689e-04	2.253048e-05
346           	5.444590e-03	2.766645e-03	2.677945e-03	-9.566994e-04	7.060851e-04	-1.662785e-03	1.184435e-03	4.434988e-05	-8.910349e-05	-1.331465e-04	-1.556767e-04	2.253023e-05
347           	5.444406e-03	2.766556e-03	2.677850e-03	-9.567040e-04	7.060342e-04	-1.662738e-03	1.184386e-03	4.435310e-05	-8.910704e-05	-1.331541e-04	-1.556841e-04	2.252999e-05
348           	5.444221e-03	2.766467e-03	2.677753e-03	-9.567069e-04	7.059837e-04	-1.662691e-03	1.184337e-03	4.435709e-05	-8.911241e-05	-1.331652e-04	-1.556950e-04	2.252982e-05
349           	5.444035e-03	2.766379e-03	2.677656e-03	-9.567076e-04	7.059337e-04	-1.662641e-03	1.184288e-03	4.436160e-05	-8.911901e-05	-1.331786e-04	-1.557083e-04	2.252971e-05
350           	5.443854e-03	2.766293e-03	2.677562e-03	-9.567089e-04	7.058843e-04	-1.662593e-03	1.184239e-03	4.436556e-05	-8.912437e-05	-1.331896e-04	-1.557192e-04	2.252957e-05
351           	5.443677e-03	2.766208e-03	2.677469e-03	-9.567117e-04	7.058357e-04	-1.662547e-03	1.184192e-03	4.436913e-05	-8.912880e-05	-1.331988e-04	-1.557282e-04	2.252941e-05
352           	5.443500e-03	2.766123e-03	2.677377e-03	-9.567135e-04	7.057876e-04	-1.662501e-03	1.184144e-03	4.437322e-05	-8.913445e-05	-1.332103e-04	-1.557396e-04	2.252929e-05
353           	5.443323e-03	2.766039e-03	2.677284e-03	-9.567139e-04	7.057399e-04	-1.662454e-03	1.184097e-03	4.437764e-05	-8.914087e-05	-1.332233e-04	-1.557525e-04	2.252921e-05
354           	5.443151e-03	2.765957e-03	2.677194e-03	-9.567157e-04	7.056929e-04	-1.662409e-03	1.184051e-03	4.438137e-05	-8.914569e-05	-1.332332e-04	-1.557623e-04	2.252909e-05
355           	5.442983e-03	2.765876e-03	2.677107e-03	-9.567195e-04	7.056465e-04	-1.662366e-03	1.184006e-03	4.438463e-05	-8.914944e-05	-1.332410e-04	-1.557700e-04	2.252893e-05
356           	5.442816e-03	2.765796e-03	2.677020e-03	-9.567224e-04	7.056008e-04	-1.662323e-03	1.183962e-03	4.438843e-05	-8.915445e-05	-1.332513e-04	-1.557801e-04	2.252882e-05
357           	5.442649e-03	2.765717e-03	2.676932e-03	-9.567239e-04	7.055555e-04	-1.662279e-03	1.183917e-03	4.439261e-05	-8.916037e-05	-1.332633e-04	-1.557920e-04	2.252874e-05
358           	5.442486e-03	2.765639e-03	2.676847e-03	-9.567266e-04	7.055108e-04	-1.662237e-03	1.183874e-03	4.439619e-05	-8.916492e-05	-1.332726e-04	-1.558012e-04	2.252863e-05
359           	5.442324e-03	2.765562e-03	2.676762e-03	-9.567288e-04	7.054667e-04	-1.662195e-03	1.183831e-03	4.440016e-05	-8.917044e-05	-1.332837e-04	-1.558123e-04	2.252856e-05
360           	5.442167e-03	2.765487e-03	2.676680e-03	-9.567321e-04	7.054231e-04	-1.662155e-03	1.183789e-03	4.440359e-05	-8.917470e-05	-1.332925e-04	-1.558209e-04	2.252847e-05
361           	5.442010e-03	2.765412e-03	2.676597e-03	-9.567347e-04	7.053801e-04	-1.662115e-03	1.183747e-03	4.440746e-05	-8.918003e-05	-1.333032e-04	-1.558317e-04	2.252841e-05
362           	5.441853e-03	2.765338e-03	2.676515e-03	-9.567361e-04	7.053375e-04	-1.662074e-03	1.183706e-03	4.441164e-05	-8.918610e-05	-1.333154e-04	-1.558438e-04	2.252839e-05
363           	5.441700e-03	2.765265e-03	2.676435e-03	-9.567388e-04	7.052955e-04	-1.662034e-03	1.183665e-03	4.441515e-05	-8.919064e-05	-1.333246e-04	-1.558530e-04	2.252833e-05
364           	5.441549e-03	2.765193e-03	2.676355e-03	-9.567411e-04	7.052540e-04	-1.661995e-03	1.183625e-03	4.441902e-05	-8.919603e-05	-1.333354e-04	-1.558638e-04	2.252831e-05
365           	5.441398e-03	2.765122e-03	2.676276e-03	-9.567425e-04	7.052129e-04	-1.661955e-03	1.183584e-03	4.442313e-05	-8.920197e-05	-1.333473e-04	-1.558756e-04	2.252831e-05
366           	5.441251e-03	2.765052e-03	2.676199e-03	-9.567453e-04	7.051724e-04	-1.661918e-03	1.183545e-03	4.442651e-05	-8.920628e-05	-1.333560e-04	-1.558843e-04	2.252827e-05
367           	5.441105e-03	2.764983e-03	2.676122e-03	-9.567479e-04	7.051325e-04	-1.661880e-03	1.183506e-03	4.443024e-05	-8.921139e-05	-1.333663e-04	-1.558945e-04	2.252825e-05
368           	5.440960e-03	2.764914e-03	2.676046e-03	-9.567497e-04	7.050929e-04	-1.661843e-03	1.183468e-03	4.443422e-05	-8.921706e-05	-1.333776e-04	-1.559059e-04	2.252826e-05
369           	5.440816e-03	2.764847e-03	2.675970e-03	-9.567509e-04	7.050538e-04	-1.661805e-03	1.183429e-03	4.443832e-05	-8.922303e-05	-1.333895e-04	-1.559178e-04	2.252828e-05
370           	5.440677e-03	2.764780e-03	2.675897e-03	-9.567538e-04	7.050152e-04	-1.661769e-03	1.183392e-03	4.444159e-05	-8.922716e-05	-1.333978e-04	-1.559261e-04	2.252826e-05
371           	5.440539e-03	2.764715e-03	2.675824e-03	-9.567568e-04	7.049772e-04	-1.661734e-03	1.183356e-03	4.444517e-05	-8.923198e-05	-1.334074e-04	-1.559357e-04	2.252825e-05
372           	5.440402e-03	2.764650e-03	2.675752e-03	-9.567590e-04	7.049396e-04	-1.661699e-03	1.183319e-03	4.444896e-05	-8.923732e-05	-1.334181e-04	-1.559464e-04	2.252827e-05
373           	5.440265e-03	2.764586e-03	2.675680e-03	-9.567606e-04	7.049024e-04	-1.661663e-03	1.183283e-03	4.445289e-05	-8.924300e-05	-1.334294e-04	-1.559577e-04	2.252830e-05
374           	5.440131e-03	2.764522e-03	2.675608e-03	-9.567620e-04	7.048656e-04	-1.661628e-03	1.183247e-03	4.445686e-05	-8.924880e-05	-1.334409e-04	-1.559692e-04	2.252835e-05
375           	5.440001e-03	2.764460e-03	2.675540e-03	-9.567654e-04	7.048294e-04	-1.661595e-03	1.183212e-03	4.445995e-05	-8.925264e-05	-1.334486e-04	-1.559769e-04	2.252834e-05
376           	5.439872e-03	2.764399e-03	2.675472e-03	-9.567687e-04	7.047937e-04	-1.661562e-03	1.183178e-03	4.446331e-05	-8.925713e-05	-1.334575e-04	-1.559859e-04	2.252836e-05
377           	5.439743e-03	2.764339e-03	2.675405e-03	-9.567714e-04	7.047584e-04	-1.661530e-03	1.183144e-03	4.446691e-05	-8.926216e-05	-1.334675e-04	-1.559959e-04	2.252839e-05
378           	5.439616e-03	2.764279e-03	2.675337e-03	-9.567734e-04	7.047234e-04	-1.661497e-03	1.183110e-03	4.447065e-05	-8.926757e-05	-1.334783e-04	-1.560067e-04	2.252844e-05
379           	5.439490e-03	2.764219e-03	2.675270e-03	-9.567750e-04	7.046889e-04	-1.661464e-03	1.183076e-03	4.447448e-05	-8.927318e-05	-1.334893e-04	-1.560178e-04	2.252851e-05
380           	5.439365e-03	2.764161e-03	2.675204e-03	-9.567765e-04	7.046547e-04	-1.661431e-03	1.183043e-03	4.447831e-05	-8.927881e-05	-1.335005e-04	-1.560290e-04	2.252858e-05
381           	5.439241e-03	2.764103e-03	2.675139e-03	-9.567779e-04	7.046209e-04	-1.661399e-03	1.183010e-03	4.448209e-05	-8.928433e-05	-1.335114e-04	-1.560400e-04	2.252865e-05
382           	5.439123e-03	2.764046e-03	2.675077e-03	-9.567814e-04	7.045878e-04	-1.661369e-03	1.182978e-03	4.448491e-05	-8.928775e-05	-1.335182e-04	-1.560468e-04	2.252867e-05
383           	5.439005e-03	2.763991e-03	2.675015e-03	-9.567850e-04	7.045551e-04	-1.661340e-03	1.182948e-03	4.448799e-05	-8.929175e-05	-1.335261e-04	-1.560548e-04	2.252870e-05
384           	5.438889e-03	2.763936e-03	2.674953e-03	-9.567880e-04	7.045227e-04	-1.661311e-03	1.182917e-03	4.449129e-05	-8.929629e-05	-1.335351e-04	-1.560638e-04	2.252874e-05
385           	5.438773e-03	2.763881e-03	2.674891e-03	-9.567903e-04	7.044907e-04	-1.661281e-03	1.182886e-03	4.449478e-05	-8.930127e-05	-1.335449e-04	-1.560737e-04	2.252880e-05
386           	5.438655e-03	2.763827e-03	2.674829e-03	-9.567916e-04	7.044582e-04	-1.661250e-03	1.182854e-03	4.449879e-05	-8.930797e-05	-1.335584e-04	-1.560872e-04	2.252875e-05
387           	5.438542e-03	2.763773e-03	2.674769e-03	-9.567933e-04	7.044271e-04	-1.661220e-03	1.182824e-03	4.450238e-05	-8.931299e-05	-1.335683e-04	-1.560971e-04	2.252886e-05
388           	5.438429e-03	2.763721e-03	2.674709e-03	-9.567948e-04	7.043963e-04	-1.661191e-03	1.182794e-03	4.450591e-05	-8.931793e-05	-1.335779e-04	-1.561069e-04	2.252898e-05
389           	5.438317e-03	2.763668e-03	2.674648e-03	-9.567958e-04	7.043652e-04	-1.661161e-03	1.182763e-03	4.450983e-05	-8.932426e-05	-1.335906e-04	-1.561196e-04	2.252897e-05
390           	5.438206e-03	2.763616e-03	2.674589e-03	-9.567970e-04	7.043345e-04	-1.661132e-03	1.182733e-03	4.451364e-05	-8.933021e-05	-1.336025e-04	-1.561314e-04	2.252898e-05
391           	5.438098e-03	2.763566e-03	2.674532e-03	-9.567991e-04	7.043052e-04	-1.661104e-03	1.182705e-03	4.451671e-05	-8.933389e-05	-1.336095e-04	-1.561386e-04	2.252913e-05
392           	5.437990e-03	2.763515e-03	2.674475e-03	-9.568008e-04	7.042754e-04	-1.661076e-03	1.182676e-03	4.452023e-05	-8.933917e-05	-1.336200e-04	-1.561492e-04	2.252915e-05
393           	5.437885e-03	2.763466e-03	2.674419e-03	-9.568028e-04	7.042461e-04	-1.661049e-03	1.182647e-03	4.452361e-05	-8.934408e-05	-1.336298e-04	-1.561590e-04	2.252917e-05
394           	5.437781e-03	2.763417e-03	2.674363e-03	-9.568050e-04	7.042172e-04	-1.661022e-03	1.182620e-03	4.452687e-05	-8.934867e-05	-1.336389e-04	-1.561681e-04	2.252920e-05
395           	5.437678e-03	2.763369e-03	2.674309e-03	-9.568074e-04	7.041889e-04	-1.660996e-03	1.182593e-03	4.453001e-05	-8.935299e-05	-1.336475e-04	-1.561767e-04	2.252924e-05
396           	5.437577e-03	2.763322e-03	2.674256e-03	-9.568099e-04	7.041609e-04	-1.660971e-03	1.182566e-03	4.453306e-05	-8.935710e-05	-1.336556e-04	-1.561849e-04	2.252929e-05
397           	5.437478e-03	2.763275e-03	2.674203e-03	-9.568125e-04	7.041334e-04	-1.660946e-03	1.182540e-03	4.453603e-05	-8.936108e-05	-1.336635e-04	-1.561928e-04	2.252935e-05
398           	5.437380e-03	2.763229e-03	2.674151e-03	-9.568150e-04	7.041062e-04	-1.660921e-03	1.182514e-03	4.453896e-05	-8.936500e-05	-1.336712e-04	-1.562006e-04	2.252942e-05
399           	5.437283e-03	2.763184e-03	2.674100e-03	-9.568174e-04	7.040793e-04	-1.660897e-03	1.182488e-03	4.454185e-05	-8.936891e-05	-1.336788e-04	-1.562083e-04	2.252949e-05
400           	5.437188e-03	2.763139e-03	2.674049e-03	-9.568197e-04	7.040528e-04	-1.660873e-03	1.182463e-03	4.454472e-05	-8.937285e-05	-1.336866e-04	-1.562161e-04	2.252957e-05
401           	5.437094e-03	2.763094e-03	2.673999e-03	-9.568220e-04	7.040267e-04	-1.660849e-03	1.182438e-03	4.454760e-05	-8.937685e-05	-1.336944e-04	-1.562241e-04	2.252966e-05
402           	5.437000e-03	2.763051e-03	2.673950e-03	-9.568241e-04	7.040008e-04	-1.660825e-03	1.182413e-03	4.455049e-05	-8.938093e-05	-1.337024e-04	-1.562321e-04	2.252974e-05
403           	5.436908e-03	2.763008e-03	2.673901e-03	-9.568262e-04	7.039752e-04	-1.660801e-03	1.182388e-03	4.455339e-05	-8.938507e-05	-1.337105e-04	-1.562403e-04	2.252984e-05
404           	5.436817e-03	2.762965e-03	2.673852e-03	-9.568282e-04	7.039499e-04	-1.660778e-03	1.182364e-03	4.455631e-05	-8.938927e-05	-1.337187e-04	-1.562486e-04	2.252993e-05
405           	5.436728e-03	2.762923e-03	2.673805e-03	-9.568301e-04	7.039250e-04	-1.660755e-03	1.182340e-03	4.455923e-05	-8.939352e-05	-1.337270e-04	-1.562570e-04	2.253004e-05
406           	5.436639e-03	2.762882e-03	2.673757e-03	-9.568321e-04	7.039003e-04	-1.660732e-03	1.182316e-03	4.456217e-05	-8.939778e-05	-1.337353e-04	-1.562654e-04	2.253014e-05
407           	5.436551e-03	2.762841e-03	2.673710e-03	-9.568340e-04	7.038759e-04	-1.660710e-03	1.182293e-03	4.456510e-05	-8.940204e-05	-1.337436e-04	-1.562738e-04	2.253025e-05
408           	5.436464e-03	2.762800e-03	2.673664e-03	-9.568359e-04	7.038517e-04	-1.660688e-03	1.182270e-03	4.456802e-05	-8.940627e-05	-1.337518e-04	-1.562822e-04	2.253036e-05
409           	5.436379e-03	2.762760e-03	2.673618e-03	-9.568378e-04	7.038279e-04	-1.660666e-03	1.182247e-03	4.457092e-05	-8.941045e-05	-1.337600e-04	-1.562904e-04	2.253046e-05
410           	5.436294e-03	2.762721e-03	2.673573e-03	-9.568396e-04	7.038044e-04	-1.660644e-03	1.182224e-03	4.457379e-05	-8.941458e-05	-1.337680e-04	-1.562986e-04	2.253057e-05
411           	5.436211e-03	2.762682e-03	2.673529e-03	-9.568415e-04	7.037811e-04	-1.660623e-03	1.182202e-03	4.457663e-05	-8.941863e-05	-1.337759e-04	-1.563066e-04	2.253067e-05
412           	5.436128e-03	2.762643e-03	2.673485e-03	-9.568434e-04	7.037581e-04	-1.660601e-03	1.182180e-03	4.457943e-05	-8.942261e-05	-1.337837e-04	-1.563145e-04	2.253076e-05
413           	5.436047e-03	2.762605e-03	2.673441e-03	-9.568452e-04	7.037353e-04	-1.660581e-03	1.182158e-03	4.458218e-05	-8.942651e-05	-1.337913e-04	-1.563222e-04	2.253085e-05
414           	5.435966e-03	2.762568e-03	2.673398e-03	-9.568470e-04	7.037129e-04	-1.660560e-03	1.182136e-03	4.458490e-05	-8.943033e-05	-1.337988e-04	-1.563297e-04	2.253093e-05
415           	5.435887e-03	2.762531e-03	2.673356e-03	-9.568488e-04	7.036907e-04	-1.660540e-03	1.182115e-03	4.458758e-05	-8.943408e-05	-1.338062e-04	-1.563372e-04	2.253100e-05
416           	5.435808e-03	2.762494e-03	2.673314e-03	-9.568506e-04	7.036688e-04	-1.660519e-03	1.182094e-03	4.459022e-05	-8.943776e-05	-1.338134e-04	-1.563445e-04	2.253106e-05
417           	5.435731e-03	2.762458e-03	2.673272e-03	-9.568524e-04	7.036471e-04	-1.660499e-03	1.182073e-03	4.459283e-05	-8.944139e-05	-1.338205e-04	-1.563517e-04	2.253111e-05
418           	5.435654e-03	2.762422e-03	2.673232e-03	-9.568541e-04	7.036257e-04	-1.660480e-03	1.182053e-03	4.459520e-05	-8.944408e-05	-1.338263e-04	-1.563573e-04	2.253091e-05
419           	5.435578e-03	2.762387e-03	2.673192e-03	-9.568558e-04	7.036045e-04	-1.660460e-03	1.182032e-03	4.459759e-05	-8.944694e-05	-1.338323e-04	-1.563631e-04	2.253076e-05
420           	5.435504e-03	2.762352e-03	2.673152e-03	-9.568575e-04	7.035837e-04	-1.660441e-03	1.182012e-03	4.459998e-05	-8.944995e-05	-1.338385e-04	-1.563692e-04	2.253067e-05
421           	5.435430e-03	2.762317e-03	2.673113e-03	-9.568592e-04	7.035631e-04	-1.660422e-03	1.181993e-03	4.460238e-05	-8.945310e-05	-1.338449e-04	-1.563756e-04	2.253064e-05
422           	5.435357e-03	2.762283e-03	2.673074e-03	-9.568609e-04	7.035427e-04	-1.660404e-03	1.181973e-03	4.460478e-05	-8.945634e-05	-1.338514e-04	-1.563820e-04	2.253065e-05
423           	5.435286e-03	2.762250e-03	2.673036e-03	-9.568626e-04	7.035226e-04	-1.660385e-03	1.181954e-03	4.460717e-05	-8.945964e-05	-1.338579e-04	-1.563886e-04	2.253068e-05
424           	5.435215e-03	2.762217e-03	2.672998e-03	-9.568643e-04	7.035028e-04	-1.660367e-03	1.181935e-03	4.460955e-05	-8.946296e-05	-1.338644e-04	-1.563952e-04	2.253074e-05
425           	5.435145e-03	2.762184e-03	2.672960e-03	-9.568659e-04	7.034832e-04	-1.660349e-03	1.181916e-03	4.461190e-05	-8.946626e-05	-1.338709e-04	-1.564017e-04	2.253080e-05
426           	5.435075e-03	2.762152e-03	2.672924e-03	-9.568676e-04	7.034638e-04	-1.660331e-03	1.181898e-03	4.461423e-05	-8.946952e-05	-1.338773e-04	-1.564082e-04	2.253086e-05
427           	5.435007e-03	2.762120e-03	2.672887e-03	-9.568692e-04	7.034447e-04	-1.660314e-03	1.181879e-03	4.461653e-05	-8.947271e-05	-1.338836e-04	-1.564145e-04	2.253091e-05
428           	5.434940e-03	2.762089e-03	2.672851e-03	-9.568708e-04	7.034258e-04	-1.660297e-03	1.181861e-03	4.461880e-05	-8.947585e-05	-1.338898e-04	-1.564207e-04	2.253095e-05
429           	5.434873e-03	2.762058e-03	2.672816e-03	-9.568723e-04	7.034071e-04	-1.660279e-03	1.181843e-03	4.462104e-05	-8.947891e-05	-1.338959e-04	-1.564268e-04	2.253098e-05
430           	5.434807e-03	2.762027e-03	2.672780e-03	-9.568739e-04	7.033886e-04	-1.660263e-03	1.181826e-03	4.462325e-05	-8.948192e-05	-1.339018e-04	-1.564328e-04	2.253100e-05
431           	5.434742e-03	2.761997e-03	2.672746e-03	-9.568754e-04	7.033704e-04	-1.660246e-03	1.181808e-03	4.462544e-05	-8.948486e-05	-1.339077e-04	-1.564387e-04	2.253101e-05
432           	5.434678e-03	2.761967e-03	2.672711e-03	-9.568769e-04	7.033524e-04	-1.660229e-03	1.181791e-03	4.462760e-05	-8.948776e-05	-1.339135e-04	-1.564445e-04	2.253101e-05
433           	5.434615e-03	2.761937e-03	2.672678e-03	-9.568784e-04	7.033345e-04	-1.660213e-03	1.181774e-03	4.462974e-05	-8.949061e-05	-1.339192e-04	-1.564502e-04	2.253101e-05
434           	5.434549e-03	2.761905e-03	2.672644e-03	-9.568788e-04	7.033156e-04	-1.660194e-03	1.181755e-03	4.463045e-05	-8.949144e-05	-1.339219e-04	-1.564524e-04	2.253051e-05
435           	5.434487e-03	2.761877e-03	2.672611e-03	-9.568805e-04	7.032985e-04	-1.660179e-03	1.181739e-03	4.463310e-05	-8.949503e-05	-1.339288e-04	-1.564594e-04	2.253062e-05
436           	5.434427e-03	2.761849e-03	2.672578e-03	-9.568822e-04	7.032816e-04	-1.660164e-03	1.181723e-03	4.463572e-05	-8.949862e-05	-1.339357e-04	-1.564665e-04	2.253077e-05
437           	5.434367e-03	2.761822e-03	2.672545e-03	-9.568839e-04	7.032649e-04	-1.660149e-03	1.181707e-03	4.463821e-05	-8.950203e-05	-1.339422e-04	-1.564731e-04	2.253092e-05
438           	5.434308e-03	2.761795e-03	2.672514e-03	-9.568855e-04	7.032484e-04	-1.660134e-03	1.181691e-03	4.464054e-05	-8.950518e-05	-1.339483e-04	-1.564793e-04	2.253105e-05
439           	5.434246e-03	2.761764e-03	2.672482e-03	-9.568859e-04	7.032306e-04	-1.660117e-03	1.181674e-03	4.464133e-05	-8.950613e-05	-1.339511e-04	-1.564817e-04	2.253060e-05
440           	5.434189e-03	2.761738e-03	2.672451e-03	-9.568877e-04	7.032147e-04	-1.660102e-03	1.181659e-03	4.464384e-05	-8.950953e-05	-1.339575e-04	-1.564883e-04	2.253079e-05
441           	5.434132e-03	2.761712e-03	2.672420e-03	-9.568893e-04	7.031989e-04	-1.660088e-03	1.181644e-03	4.464622e-05	-8.951273e-05	-1.339635e-04	-1.564945e-04	2.253097e-05
442           	5.434073e-03	2.761684e-03	2.672389e-03	-9.568899e-04	7.031818e-04	-1.660072e-03	1.181627e-03	4.464707e-05	-8.951376e-05	-1.339664e-04	-1.564970e-04	2.253054e-05
443           	5.434018e-03	2.761659e-03	2.672360e-03	-9.568917e-04	7.031666e-04	-1.660058e-03	1.181612e-03	4.464962e-05	-8.951720e-05	-1.339728e-04	-1.565036e-04	2.253079e-05
444           	5.433964e-03	2.761634e-03	2.672330e-03	-9.568934e-04	7.031515e-04	-1.660045e-03	1.181598e-03	4.465201e-05	-8.952042e-05	-1.339788e-04	-1.565098e-04	2.253101e-05
445           	5.433907e-03	2.761606e-03	2.672301e-03	-9.568940e-04	7.031351e-04	-1.660029e-03	1.181582e-03	4.465287e-05	-8.952145e-05	-1.339817e-04	-1.565123e-04	2.253060e-05
446           	5.433855e-03	2.761583e-03	2.672272e-03	-9.568957e-04	7.031205e-04	-1.660016e-03	1.181568e-03	4.465536e-05	-8.952483e-05	-1.339879e-04	-1.565188e-04	2.253087e-05
447           	5.433799e-03	2.761556e-03	2.672243e-03	-9.568964e-04	7.031046e-04	-1.660001e-03	1.181553e-03	4.465632e-05	-8.952599e-05	-1.339910e-04	-1.565215e-04	2.253047e-05
448           	5.433748e-03	2.761533e-03	2.672215e-03	-9.568982e-04	7.030905e-04	-1.659989e-03	1.181540e-03	4.465894e-05	-8.952959e-05	-1.339975e-04	-1.565284e-04	2.253082e-05
449           	5.433694e-03	2.761507e-03	2.672187e-03	-9.568989e-04	7.030751e-04	-1.659974e-03	1.181525e-03	4.465999e-05	-8.953087e-05	-1.340008e-04	-1.565313e-04	2.253045e-05
