# Force and moment coefficients
# dragDir     : (1.000000e+00 0.000000e+00 0.000000e+00)
# sideDir     : (0.000000e+00 0.000000e+00 -1.000000e+00)
# liftDir     : (0.000000e+00 1.000000e+00 0.000000e+00)
# rollAxis    : (1.000000e+00 0.000000e+00 0.000000e+00)
# pitchAxis   : (0.000000e+00 0.000000e+00 -1.000000e+00)
# yawAxis     : (0.000000e+00 1.000000e+00 0.000000e+00)
# magUInf     : 1.000000e+01
# lRef        : 1.499270e-01
# Aref        : 5.000000e-02
# CofR        : (3.750000e-02 0.000000e+00 0.000000e+00)
#
# Time        	Cd            	Cd(f)         	Cd(r)         	Cl            	Cl(f)         	Cl(r)         	CmPitch       	CmRoll        	CmYaw         	Cs            	Cs(f)         	Cs(r)         
1             	1.496560e-01	8.341411e-01	-6.844851e-01	-1.653264e+00	-5.759033e-01	-1.077361e+00	2.507287e-01	7.593131e-01	6.634194e-02	5.420158e-03	6.905202e-02	-6.363187e-02
2             	1.210697e-01	7.501577e-01	-6.290880e-01	-1.498443e+00	-5.234178e-01	-9.750253e-01	2.258037e-01	6.896229e-01	5.328460e-02	6.561970e-03	5.656558e-02	-5.000361e-02
3             	9.200123e-02	5.487669e-01	-4.567656e-01	-1.089067e+00	-3.840973e-01	-7.049698e-01	1.604362e-01	5.027663e-01	4.036500e-02	6.367892e-03	4.354894e-02	-3.718105e-02
4             	6.309281e-02	2.924819e-01	-2.293891e-01	-5.607884e-01	-2.050961e-01	-3.556923e-01	7.529811e-02	2.609355e-01	2.766130e-02	5.331640e-03	3.032712e-02	-2.499548e-02
5             	3.698401e-02	4.298816e-02	-6.004149e-03	-4.519563e-02	-3.102275e-02	-1.417289e-02	-8.424928e-03	2.449615e-02	1.623463e-02	3.894215e-03	1.818173e-02	-1.428752e-02
6             	1.658417e-02	-1.518592e-01	1.684434e-01	3.564266e-01	1.047882e-01	2.516385e-01	-7.342514e-02	-1.601513e-01	7.317431e-03	2.443771e-03	8.539316e-03	-6.095545e-03
7             	3.723023e-03	-2.642262e-01	2.679493e-01	5.856475e-01	1.832629e-01	4.023846e-01	-1.095608e-01	-2.660877e-01	1.702760e-03	1.251886e-03	2.328703e-03	-1.076816e-03
8             	-1.554032e-03	-2.912419e-01	2.896879e-01	6.361481e-01	2.025717e-01	4.335765e-01	-1.155024e-01	-2.904649e-01	-6.001589e-04	4.520587e-04	-3.741295e-04	8.261882e-04
9             	-8.406167e-04	-2.511041e-01	2.502635e-01	5.464516e-01	1.758322e-01	3.706194e-01	-9.739357e-02	-2.506838e-01	-2.865624e-04	3.920548e-05	-2.669596e-04	3.061651e-04
10            	3.757998e-03	-1.699010e-01	1.736590e-01	3.719282e-01	1.215741e-01	2.503542e-01	-6.439003e-02	-1.717800e-01	1.725549e-03	-6.492715e-05	1.693086e-03	-1.758013e-03
11            	1.006526e-02	-7.469151e-02	8.475677e-02	1.696238e-01	5.845144e-02	1.111724e-01	-2.636048e-02	-7.972414e-02	4.485006e-03	4.399724e-05	4.507005e-03	-4.463008e-03
12            	1.610325e-02	1.073370e-02	5.369544e-03	-1.069095e-02	2.365313e-03	-1.305626e-02	7.710788e-03	2.682080e-03	7.122680e-03	2.692025e-04	7.257282e-03	-6.988079e-03
13            	2.041793e-02	6.973545e-02	-4.931752e-02	-1.341830e-01	-3.568332e-02	-9.849968e-02	3.140818e-02	5.952649e-02	9.005497e-03	5.241008e-04	9.267547e-03	-8.743446e-03
14            	2.230340e-02	9.507250e-02	-7.276909e-02	-1.860735e-01	-5.120992e-02	-1.348636e-01	4.182685e-02	8.392079e-02	9.820543e-03	7.541317e-04	1.019761e-02	-9.443477e-03
15            	2.183617e-02	8.903715e-02	-6.720098e-02	-1.717064e-01	-4.610833e-02	-1.255981e-01	3.974488e-02	7.811907e-02	9.602156e-03	9.329392e-04	1.006863e-02	-9.135686e-03
16            	1.967759e-02	6.069665e-02	-4.101905e-02	-1.106145e-01	-2.663372e-02	-8.398080e-02	2.867354e-02	5.085785e-02	8.642122e-03	1.052368e-03	9.168306e-03	-8.115938e-03
17            	1.668007e-02	2.151027e-02	-4.830206e-03	-2.726638e-02	-5.058567e-04	-2.676052e-02	1.312733e-02	1.317024e-02	7.316463e-03	1.120658e-03	7.876792e-03	-6.756134e-03
18            	1.365101e-02	-1.768608e-02	3.133709e-02	5.532375e-02	2.510095e-02	3.022281e-02	-2.560930e-03	-2.451158e-02	5.980771e-03	1.153275e-03	6.557408e-03	-5.404134e-03
19            	1.124223e-02	-4.835345e-02	5.959568e-02	1.191725e-01	4.467329e-02	7.449919e-02	-1.491295e-02	-5.397456e-02	4.921568e-03	1.164303e-03	5.503720e-03	-4.339416e-03
20            	9.830131e-03	-6.567072e-02	7.550085e-02	1.542663e-01	5.523378e-02	9.903248e-02	-2.189935e-02	-7.058579e-02	4.302574e-03	1.163271e-03	4.884209e-03	-3.720938e-03
21            	9.463697e-03	-6.886340e-02	7.832709e-02	1.592511e-01	5.648090e-02	1.027702e-01	-2.314464e-02	-7.359525e-02	4.145131e-03	1.154896e-03	4.722579e-03	-3.567683e-03
22            	9.930665e-03	-6.046703e-02	7.039770e-02	1.397663e-01	5.023552e-02	8.953076e-02	-1.964762e-02	-6.543236e-02	4.354458e-03	1.139996e-03	4.924456e-03	-3.784460e-03
23            	1.087751e-02	-4.493782e-02	5.581533e-02	1.054720e-01	3.951880e-02	6.595324e-02	-1.321722e-02	-5.037658e-02	4.773070e-03	1.117291e-03	5.331715e-03	-4.214424e-03
24            	1.192436e-02	-2.721203e-02	3.913639e-02	6.696725e-02	2.760311e-02	3.936414e-02	-5.880513e-03	-3.317421e-02	5.232077e-03	1.085493e-03	5.774823e-03	-4.689330e-03
25            	1.275130e-02	-1.155605e-02	2.430736e-02	3.333085e-02	1.725702e-02	1.607383e-02	5.915980e-04	-1.793171e-02	5.589830e-03	1.044539e-03	6.112100e-03	-5.067561e-03
26            	1.315463e-02	-8.067320e-04	1.396137e-02	1.052063e-02	1.026463e-02	2.559974e-04	5.004319e-03	-7.384049e-03	5.756912e-03	9.964085e-04	6.255117e-03	-5.258708e-03
27            	1.306672e-02	3.933797e-03	9.132927e-03	7.445724e-04	7.247842e-03	-6.503269e-03	6.875556e-03	-2.599565e-03	5.704636e-03	9.451143e-04	6.177193e-03	-5.232079e-03
28            	1.254599e-02	3.177657e-03	9.368333e-03	2.750264e-03	7.770840e-03	-5.020576e-03	6.395708e-03	-3.095338e-03	5.460147e-03	8.957191e-04	5.908007e-03	-5.012287e-03
29            	1.174115e-02	-1.396967e-03	1.313811e-02	1.281461e-02	1.065492e-02	2.159680e-03	4.247622e-03	-7.267540e-03	5.090546e-03	8.532941e-04	5.517193e-03	-4.663899e-03
30            	1.084306e-02	-7.551153e-03	1.839421e-02	2.606229e-02	1.438547e-02	1.167682e-02	1.354322e-03	-1.297268e-02	4.681404e-03	8.221031e-04	5.092455e-03	-4.270352e-03
31            	1.003620e-02	-1.309347e-02	2.312967e-02	3.777800e-02	1.751202e-02	2.026598e-02	-1.376977e-03	-1.811157e-02	4.315268e-03	8.049641e-04	4.717750e-03	-3.912786e-03
32            	9.458764e-03	-1.636606e-02	2.582483e-02	4.444773e-02	1.896131e-02	2.548642e-02	-3.262555e-03	-2.109545e-02	4.054027e-03	8.026979e-04	4.455376e-03	-3.652678e-03
33            	9.183060e-03	-1.649433e-02	2.567739e-02	4.427948e-02	1.819332e-02	2.608616e-02	-3.946417e-03	-2.108586e-02	3.930135e-03	8.141303e-04	4.337200e-03	-3.523069e-03
34            	9.210549e-03	-1.343961e-02	2.265016e-02	3.729396e-02	1.522611e-02	2.206785e-02	-3.420871e-03	-1.804489e-02	3.944291e-03	8.364020e-04	4.362492e-03	-3.526090e-03
35            	9.482859e-03	-7.859166e-03	1.734202e-02	2.500366e-02	1.053715e-02	1.446651e-02	-1.964678e-03	-1.260059e-02	4.070335e-03	8.656745e-04	4.503172e-03	-3.637497e-03
36            	9.904180e-03	-8.407017e-04	1.074488e-02	9.821779e-03	4.883762e-03	4.938017e-03	-2.712738e-05	-5.792792e-03	4.265111e-03	8.978514e-04	4.714037e-03	-3.816186e-03
37            	1.036653e-02	6.395171e-03	3.971360e-03	-5.590910e-03	-8.946599e-04	-4.696250e-03	1.900795e-03	1.211906e-03	4.479823e-03	9.291396e-04	4.944393e-03	-4.015254e-03
38            	1.077282e-02	1.277099e-02	-1.998166e-03	-1.892406e-02	-6.057846e-03	-1.286622e-02	3.404186e-03	7.384578e-03	4.670406e-03	9.565218e-04	5.148667e-03	-4.192145e-03
39            	1.105361e-02	1.754566e-02	-6.492047e-03	-2.862969e-02	-1.009173e-02	-1.853796e-02	4.223118e-03	1.201885e-02	4.804868e-03	9.780894e-04	5.293913e-03	-4.315823e-03
40            	1.117527e-02	2.040288e-02	-9.227612e-03	-3.410221e-02	-1.276683e-02	-2.133537e-02	4.284268e-03	1.481525e-02	4.867089e-03	9.931707e-04	5.363675e-03	-4.370504e-03
41            	1.113941e-02	2.143667e-02	-1.029727e-02	-3.563179e-02	-1.412914e-02	-2.150266e-02	3.686760e-03	1.586697e-02	4.856993e-03	1.002225e-03	5.358106e-03	-4.355880e-03
42            	1.097687e-02	2.106076e-02	-1.008389e-02	-3.419351e-02	-1.444197e-02	-1.975154e-02	2.654786e-03	1.557233e-02	4.788089e-03	1.006600e-03	5.291389e-03	-4.284789e-03
43            	1.073599e-02	1.986800e-02	-9.132007e-03	-3.113000e-02	-1.409444e-02	-1.703556e-02	1.470559e-03	1.450000e-02	4.682500e-03	1.008100e-03	5.186550e-03	-4.178449e-03
44            	1.046901e-02	1.848183e-02	-8.012816e-03	-2.782397e-02	-1.350487e-02	-1.431910e-02	4.071123e-04	1.324732e-02	4.564434e-03	1.008208e-03	5.068539e-03	-4.060330e-03
45            	1.022075e-02	1.742817e-02	-7.207420e-03	-2.541789e-02	-1.303635e-02	-1.238154e-02	-3.274072e-04	1.231779e-02	4.454608e-03	1.007678e-03	4.958447e-03	-3.950769e-03
46            	1.002176e-02	1.705292e-02	-7.031168e-03	-2.463706e-02	-1.294028e-02	-1.169678e-02	-6.217481e-04	1.204205e-02	4.367002e-03	1.006515e-03	4.870260e-03	-3.863745e-03
47            	9.886143e-03	1.748918e-02	-7.603042e-03	-2.572438e-02	-1.333160e-02	-1.239278e-02	-4.694128e-04	1.254611e-02	4.307907e-03	1.004284e-03	4.810049e-03	-3.805764e-03
48            	9.812453e-03	1.866890e-02	-8.856448e-03	-2.847552e-02	-1.419272e-02	-1.428280e-02	4.504106e-05	1.376267e-02	4.276291e-03	1.000476e-03	4.776530e-03	-3.776053e-03
49            	9.787364e-03	2.037274e-02	-1.058537e-02	-3.235790e-02	-1.540263e-02	-1.695527e-02	7.763162e-04	1.547906e-02	4.265724e-03	9.947084e-04	4.763078e-03	-3.768370e-03
50            	9.790811e-03	2.229956e-02	-1.250875e-02	-3.667146e-02	-1.677993e-02	-1.989153e-02	1.555801e-03	1.740416e-02	4.266800e-03	9.868540e-04	4.760227e-03	-3.773373e-03
51            	9.801306e-03	2.413886e-02	-1.433755e-02	-4.071274e-02	-1.812869e-02	-2.258404e-02	2.227674e-03	1.923820e-02	4.269643e-03	9.771215e-04	4.758203e-03	-3.781082e-03
52            	9.800430e-03	2.563225e-02	-1.583182e-02	-4.391143e-02	-1.927869e-02	-2.463274e-02	2.677026e-03	2.073204e-02	4.265966e-03	9.660295e-04	4.748981e-03	-3.782951e-03
53            	9.775717e-03	2.661362e-02	-1.683790e-02	-4.591679e-02	-2.011287e-02	-2.580392e-02	2.845529e-03	2.172576e-02	4.250377e-03	9.543072e-04	4.727530e-03	-3.773223e-03
54            	9.721773e-03	2.702449e-02	-1.730271e-02	-4.662734e-02	-2.057975e-02	-2.604759e-02	2.733916e-03	2.216360e-02	4.220814e-03	9.427465e-04	4.692187e-03	-3.749441e-03
55            	9.640052e-03	2.690776e-02	-1.726770e-02	-4.617069e-02	-2.069222e-02	-2.547848e-02	2.393130e-03	2.208773e-02	4.178367e-03	9.320687e-04	4.644402e-03	-3.712333e-03
56            	9.537302e-03	2.638323e-02	-1.684593e-02	-4.484330e-02	-2.051421e-02	-2.432909e-02	1.907436e-03	2.161458e-02	4.126501e-03	9.228334e-04	4.587917e-03	-3.665084e-03
57            	9.423352e-03	2.561364e-02	-1.619028e-02	-4.302997e-02	-2.014089e-02	-2.288908e-02	1.374099e-03	2.090196e-02	4.069982e-03	9.153976e-04	4.527681e-03	-3.612283e-03
58            	9.308775e-03	2.476920e-02	-1.546043e-02	-4.112205e-02	-1.967699e-02	-2.144506e-02	8.840355e-04	2.011481e-02	4.013784e-03	9.098977e-04	4.468733e-03	-3.558835e-03
59            	9.202895e-03	2.399745e-02	-1.479456e-02	-3.944900e-02	-1.921773e-02	-2.023127e-02	5.067713e-04	1.939601e-02	3.962199e-03	9.062778e-04	4.415338e-03	-3.509060e-03
60            	9.112458e-03	2.340264e-02	-1.429018e-02	-3.823350e-02	-1.883502e-02	-1.939848e-02	2.817322e-04	1.884641e-02	3.918246e-03	9.043481e-04	4.370420e-03	-3.466071e-03
61            	9.040918e-03	2.303648e-02	-1.399557e-02	-3.757341e-02	-1.857039e-02	-1.900302e-02	2.163174e-04	1.851602e-02	3.883354e-03	9.038598e-04	4.335284e-03	-3.431424e-03
62            	8.988569e-03	2.290010e-02	-1.391153e-02	-3.744941e-02	-1.843469e-02	-1.901473e-02	2.900214e-04	1.840582e-02	3.857511e-03	9.045518e-04	4.309787e-03	-3.405235e-03
63            	8.953033e-03	2.295340e-02	-1.400037e-02	-3.775002e-02	-1.841253e-02	-1.933749e-02	4.624837e-04	1.847689e-02	3.839497e-03	9.061849e-04	4.292590e-03	-3.386405e-03
64            	8.930317e-03	2.313142e-02	-1.420110e-02	-3.831128e-02	-1.847156e-02	-1.983971e-02	6.840758e-04	1.866626e-02	3.827410e-03	9.085717e-04	4.281696e-03	-3.373124e-03
65            	8.915710e-03	2.336007e-02	-1.444436e-02	-3.895447e-02	-1.857153e-02	-2.038294e-02	9.057062e-04	1.890221e-02	3.819075e-03	9.115621e-04	4.274856e-03	-3.363294e-03
66            	8.904738e-03	2.357071e-02	-1.466597e-02	-3.951993e-02	-1.867303e-02	-2.084691e-02	1.086939e-03	1.911834e-02	3.812474e-03	9.150310e-04	4.269990e-03	-3.354959e-03
67            	8.893779e-03	2.371083e-02	-1.481706e-02	-3.989090e-02	-1.874429e-02	-2.114662e-02	1.201164e-03	1.926395e-02	3.806016e-03	9.188686e-04	4.265450e-03	-3.346582e-03
68            	8.880475e-03	2.374980e-02	-1.486932e-02	-4.000522e-02	-1.876516e-02	-2.124006e-02	1.237449e-03	1.930956e-02	3.798678e-03	9.229755e-04	4.260166e-03	-3.337190e-03
69            	8.863709e-03	2.367954e-02	-1.481583e-02	-3.985520e-02	-1.872821e-02	-2.112699e-02	1.199387e-03	1.924768e-02	3.790015e-03	9.272597e-04	4.253645e-03	-3.326385e-03
70            	8.843506e-03	2.351132e-02	-1.466781e-02	-3.947801e-02	-1.863732e-02	-2.084069e-02	1.101682e-03	1.908956e-02	3.780087e-03	9.316188e-04	4.245896e-03	-3.314277e-03
71            	8.820730e-03	2.326990e-02	-1.444917e-02	-3.894054e-02	-1.850469e-02	-2.043585e-02	9.655777e-04	1.885954e-02	3.769290e-03	9.359408e-04	4.237260e-03	-3.301320e-03
72            	8.796666e-03	2.298667e-02	-1.419000e-02	-3.832225e-02	-1.834704e-02	-1.997521e-02	8.140811e-04	1.858834e-02	3.758187e-03	9.401138e-04	4.228244e-03	-3.288131e-03
73            	8.772638e-03	2.269309e-02	-1.392046e-02	-3.769947e-02	-1.818187e-02	-1.951760e-02	6.678650e-04	1.830678e-02	3.747332e-03	9.440406e-04	4.219352e-03	-3.275311e-03
74            	8.749741e-03	2.241554e-02	-1.366580e-02	-3.713328e-02	-1.802432e-02	-1.910896e-02	5.423181e-04	1.804067e-02	3.737153e-03	9.476397e-04	4.210973e-03	-3.263333e-03
75            	8.728714e-03	2.217227e-02	-1.344355e-02	-3.666297e-02	-1.788528e-02	-1.877769e-02	4.462037e-04	1.780791e-02	3.727913e-03	9.508625e-04	4.203344e-03	-3.252481e-03
76            	8.709795e-03	2.197185e-02	-1.326205e-02	-3.630342e-02	-1.777022e-02	-1.853320e-02	3.814882e-04	1.761695e-02	3.719661e-03	9.536826e-04	4.196502e-03	-3.242819e-03
77            	8.692951e-03	2.181485e-02	-1.312190e-02	-3.604967e-02	-1.768010e-02	-1.836958e-02	3.447399e-04	1.746837e-02	3.712313e-03	9.561048e-04	4.190365e-03	-3.234261e-03
78            	8.677869e-03	2.169530e-02	-1.301744e-02	-3.588149e-02	-1.761198e-02	-1.826951e-02	3.287683e-04	1.735637e-02	3.705675e-03	9.581606e-04	4.184755e-03	-3.226594e-03
79            	8.664098e-03	2.160323e-02	-1.293913e-02	-3.577019e-02	-1.756043e-02	-1.820975e-02	3.246594e-04	1.727118e-02	3.699503e-03	9.599041e-04	4.179455e-03	-3.219551e-03
80            	8.651118e-03	2.152734e-02	-1.287623e-02	-3.568551e-02	-1.751908e-02	-1.816643e-02	3.236763e-04	1.720178e-02	3.693564e-03	9.614039e-04	4.174266e-03	-3.212862e-03
81            	8.638493e-03	2.145733e-02	-1.281884e-02	-3.560114e-02	-1.748187e-02	-1.811928e-02	3.187049e-04	1.713808e-02	3.687678e-03	9.627234e-04	4.169040e-03	-3.206316e-03
82            	8.625935e-03	2.138541e-02	-1.275948e-02	-3.549838e-02	-1.744407e-02	-1.805431e-02	3.051205e-04	1.707244e-02	3.681739e-03	9.639178e-04	4.163698e-03	-3.199780e-03
83            	8.613314e-03	2.130706e-02	-1.269375e-02	-3.536758e-02	-1.740276e-02	-1.796482e-02	2.810299e-04	1.700040e-02	3.675724e-03	9.650330e-04	4.158240e-03	-3.193207e-03
84            	8.600634e-03	2.122106e-02	-1.262042e-02	-3.520781e-02	-1.735689e-02	-1.785092e-02	2.470141e-04	1.692074e-02	3.669671e-03	9.660988e-04	4.152721e-03	-3.186622e-03
85            	8.587973e-03	2.112891e-02	-1.254094e-02	-3.502510e-02	-1.730704e-02	-1.771806e-02	2.055075e-04	1.683493e-02	3.663651e-03	9.671351e-04	4.147219e-03	-3.180084e-03
86            	8.575453e-03	2.103399e-02	-1.245854e-02	-3.482987e-02	-1.725493e-02	-1.757494e-02	1.600019e-04	1.674626e-02	3.657745e-03	9.681497e-04	4.141820e-03	-3.173670e-03
87            	8.563196e-03	2.094053e-02	-1.237733e-02	-3.463431e-02	-1.720287e-02	-1.743144e-02	1.142834e-04	1.665893e-02	3.652023e-03	9.691398e-04	4.136593e-03	-3.167454e-03
88            	8.551303e-03	2.085259e-02	-1.230129e-02	-3.444958e-02	-1.715315e-02	-1.729643e-02	7.164020e-05	1.657694e-02	3.646536e-03	9.700968e-04	4.131584e-03	-3.161487e-03
89            	8.539827e-03	2.077353e-02	-1.223371e-02	-3.428456e-02	-1.710773e-02	-1.717683e-02	3.454808e-05	1.650362e-02	3.641294e-03	9.710078e-04	4.126798e-03	-3.155791e-03
90            	8.528747e-03	2.070555e-02	-1.217681e-02	-3.414473e-02	-1.706795e-02	-1.707678e-02	4.414206e-06	1.644118e-02	3.636278e-03	9.718589e-04	4.122208e-03	-3.150349e-03
91            	8.517999e-03	2.064959e-02	-1.213159e-02	-3.403205e-02	-1.703443e-02	-1.699762e-02	-1.840566e-05	1.639059e-02	3.631441e-03	9.726390e-04	4.117761e-03	-3.145122e-03
92            	8.507498e-03	2.060544e-02	-1.209795e-02	-3.394545e-02	-1.700715e-02	-1.693831e-02	-3.442000e-05	1.635169e-02	3.626724e-03	9.733401e-04	4.113394e-03	-3.140054e-03
93            	8.497139e-03	2.057208e-02	-1.207494e-02	-3.388173e-02	-1.698558e-02	-1.689615e-02	-4.471275e-05	1.632351e-02	3.622066e-03	9.739583e-04	4.109045e-03	-3.135087e-03
94            	8.486838e-03	2.054795e-02	-1.206111e-02	-3.383650e-02	-1.696889e-02	-1.686761e-02	-5.064171e-05	1.630453e-02	3.617417e-03	9.744941e-04	4.104664e-03	-3.130170e-03
95            	8.476546e-03	2.053139e-02	-1.205485e-02	-3.380528e-02	-1.695617e-02	-1.684910e-02	-5.353541e-05	1.629312e-02	3.612745e-03	9.749530e-04	4.100221e-03	-3.125268e-03
96            	8.466253e-03	2.052089e-02	-1.205464e-02	-3.378416e-02	-1.694657e-02	-1.683759e-02	-5.449405e-05	1.628777e-02	3.608038e-03	9.753430e-04	4.095709e-03	-3.120367e-03
97            	8.455962e-03	2.051526e-02	-1.205929e-02	-3.377033e-02	-1.693943e-02	-1.683090e-02	-5.426841e-05	1.628727e-02	3.603304e-03	9.756722e-04	4.091140e-03	-3.115468e-03
98            	8.445686e-03	2.051354e-02	-1.206785e-02	-3.376188e-02	-1.693421e-02	-1.682767e-02	-5.327209e-05	1.629070e-02	3.598554e-03	9.759469e-04	4.086527e-03	-3.110580e-03
99            	8.435500e-03	2.051540e-02	-1.207990e-02	-3.375849e-02	-1.693077e-02	-1.682772e-02	-5.152716e-05	1.629765e-02	3.593823e-03	9.761770e-04	4.081912e-03	-3.105735e-03
100           	8.425452e-03	2.052079e-02	-1.209534e-02	-3.376066e-02	-1.692914e-02	-1.683151e-02	-4.881544e-05	1.630806e-02	3.589150e-03	9.763675e-04	4.077334e-03	-3.100967e-03
101           	8.415611e-03	2.052982e-02	-1.211421e-02	-3.376936e-02	-1.692948e-02	-1.683988e-02	-4.479542e-05	1.632202e-02	3.584570e-03	9.765229e-04	4.072831e-03	-3.096309e-03
102           	8.406035e-03	2.054267e-02	-1.213663e-02	-3.378564e-02	-1.693193e-02	-1.685370e-02	-3.911456e-05	1.633965e-02	3.580108e-03	9.766457e-04	4.068431e-03	-3.091785e-03
103           	8.396745e-03	2.055937e-02	-1.216262e-02	-3.381027e-02	-1.693665e-02	-1.687363e-02	-3.151012e-05	1.636099e-02	3.575776e-03	9.767365e-04	4.064144e-03	-3.087408e-03
104           	8.387744e-03	2.058001e-02	-1.219226e-02	-3.384379e-02	-1.694370e-02	-1.690008e-02	-2.180984e-05	1.638613e-02	3.571586e-03	9.767949e-04	4.059983e-03	-3.083188e-03
105           	8.379015e-03	2.060428e-02	-1.222527e-02	-3.388597e-02	-1.695304e-02	-1.693293e-02	-1.005756e-05	1.641477e-02	3.567523e-03	9.768205e-04	4.055934e-03	-3.079113e-03
106           	8.370544e-03	2.063195e-02	-1.226141e-02	-3.393636e-02	-1.696456e-02	-1.697180e-02	3.621895e-06	1.644668e-02	3.563580e-03	9.768143e-04	4.051987e-03	-3.075173e-03
107           	8.362289e-03	2.066257e-02	-1.230028e-02	-3.399405e-02	-1.697805e-02	-1.701600e-02	1.897721e-05	1.648143e-02	3.559738e-03	9.767761e-04	4.048126e-03	-3.071350e-03
108           	8.354222e-03	2.069566e-02	-1.234144e-02	-3.405793e-02	-1.699327e-02	-1.706466e-02	3.569430e-05	1.651855e-02	3.555980e-03	9.767073e-04	4.044333e-03	-3.067626e-03
109           	8.346323e-03	2.073070e-02	-1.238437e-02	-3.412678e-02	-1.700995e-02	-1.711683e-02	5.343967e-05	1.655753e-02	3.552289e-03	9.766114e-04	4.040595e-03	-3.063984e-03
110           	8.338559e-03	2.076719e-02	-1.242863e-02	-3.419946e-02	-1.702783e-02	-1.717162e-02	7.189516e-05	1.659791e-02	3.548655e-03	9.764918e-04	4.036901e-03	-3.060409e-03
111           	8.330908e-03	2.080470e-02	-1.247379e-02	-3.427491e-02	-1.704667e-02	-1.722824e-02	9.078246e-05	1.663924e-02	3.545069e-03	9.763530e-04	4.033245e-03	-3.056892e-03
112           	8.323378e-03	2.084285e-02	-1.251947e-02	-3.435228e-02	-1.706626e-02	-1.728602e-02	1.098787e-04	1.668116e-02	3.541529e-03	9.762010e-04	4.029630e-03	-3.053428e-03
113           	8.315963e-03	2.088133e-02	-1.256536e-02	-3.443088e-02	-1.708642e-02	-1.734446e-02	1.290175e-04	1.672334e-02	3.538036e-03	9.760404e-04	4.026056e-03	-3.050016e-03
114           	8.308668e-03	2.091989e-02	-1.261122e-02	-3.451019e-02	-1.710701e-02	-1.740318e-02	1.480845e-04	1.676555e-02	3.534593e-03	9.758748e-04	4.022530e-03	-3.046655e-03
115           	8.301505e-03	2.095833e-02	-1.265683e-02	-3.458984e-02	-1.712791e-02	-1.746193e-02	1.670057e-04	1.680758e-02	3.531205e-03	9.757077e-04	4.019059e-03	-3.043351e-03
116           	8.294496e-03	2.099651e-02	-1.270202e-02	-3.466953e-02	-1.714903e-02	-1.752050e-02	1.857342e-04	1.684926e-02	3.527877e-03	9.755430e-04	4.015648e-03	-3.040105e-03
117           	8.287621e-03	2.103426e-02	-1.274664e-02	-3.474900e-02	-1.717027e-02	-1.757873e-02	2.042304e-04	1.689045e-02	3.524613e-03	9.753816e-04	4.012304e-03	-3.036922e-03
118           	8.280888e-03	2.107145e-02	-1.279057e-02	-3.482801e-02	-1.719155e-02	-1.763646e-02	2.224564e-04	1.693101e-02	3.521417e-03	9.752258e-04	4.009030e-03	-3.033804e-03
119           	8.274313e-03	2.110798e-02	-1.283366e-02	-3.490631e-02	-1.721278e-02	-1.769353e-02	2.403762e-04	1.697082e-02	3.518291e-03	9.750780e-04	4.005830e-03	-3.030752e-03
120           	8.267894e-03	2.114374e-02	-1.287585e-02	-3.498370e-02	-1.723389e-02	-1.774981e-02	2.579590e-04	1.700979e-02	3.515238e-03	9.749390e-04	4.002707e-03	-3.027768e-03
121           	8.261619e-03	2.117862e-02	-1.291700e-02	-3.505987e-02	-1.725479e-02	-1.780508e-02	2.751469e-04	1.704781e-02	3.512255e-03	9.748072e-04	3.999659e-03	-3.024852e-03
122           	8.255497e-03	2.121251e-02	-1.295702e-02	-3.513455e-02	-1.727539e-02	-1.785916e-02	2.918865e-04	1.708477e-02	3.509342e-03	9.746831e-04	3.996684e-03	-3.022000e-03
123           	8.249535e-03	2.124535e-02	-1.299582e-02	-3.520752e-02	-1.729562e-02	-1.791189e-02	3.081341e-04	1.712059e-02	3.506496e-03	9.745672e-04	3.993780e-03	-3.019212e-03
124           	8.243701e-03	2.127704e-02	-1.303334e-02	-3.527851e-02	-1.731542e-02	-1.796310e-02	3.238394e-04	1.715519e-02	3.503714e-03	9.744581e-04	3.990943e-03	-3.016485e-03
125           	8.237999e-03	2.130752e-02	-1.306952e-02	-3.534736e-02	-1.733471e-02	-1.801265e-02	3.389675e-04	1.718852e-02	3.500995e-03	9.743565e-04	3.988174e-03	-3.013817e-03
126           	8.232430e-03	2.133677e-02	-1.310434e-02	-3.541392e-02	-1.735347e-02	-1.806045e-02	3.534930e-04	1.722056e-02	3.498337e-03	9.742633e-04	3.985469e-03	-3.011206e-03
127           	8.226996e-03	2.136477e-02	-1.313777e-02	-3.547808e-02	-1.737164e-02	-1.810644e-02	3.674013e-04	1.725127e-02	3.495739e-03	9.741789e-04	3.982829e-03	-3.008650e-03
128           	8.221681e-03	2.139150e-02	-1.316982e-02	-3.553976e-02	-1.738919e-02	-1.815057e-02	3.806869e-04	1.728066e-02	3.493200e-03	9.741017e-04	3.980251e-03	-3.006149e-03
129           	8.216501e-03	2.141699e-02	-1.320049e-02	-3.559895e-02	-1.740612e-02	-1.819283e-02	3.933539e-04	1.730874e-02	3.490719e-03	9.740326e-04	3.977735e-03	-3.003703e-03
130           	8.211453e-03	2.144124e-02	-1.322978e-02	-3.565562e-02	-1.742240e-02	-1.823322e-02	4.054120e-04	1.733551e-02	3.488295e-03	9.739716e-04	3.975281e-03	-3.001309e-03
131           	8.206525e-03	2.146426e-02	-1.325774e-02	-3.570979e-02	-1.743802e-02	-1.827177e-02	4.168735e-04	1.736100e-02	3.485929e-03	9.739184e-04	3.972888e-03	-2.998970e-03
132           	8.201717e-03	2.148609e-02	-1.328437e-02	-3.576148e-02	-1.745299e-02	-1.830849e-02	4.277526e-04	1.738523e-02	3.483619e-03	9.738733e-04	3.970556e-03	-2.996683e-03
133           	8.197026e-03	2.150673e-02	-1.330971e-02	-3.581072e-02	-1.746730e-02	-1.834343e-02	4.380638e-04	1.740822e-02	3.481366e-03	9.738365e-04	3.968285e-03	-2.994448e-03
134           	8.192462e-03	2.152623e-02	-1.333377e-02	-3.585754e-02	-1.748095e-02	-1.837659e-02	4.478226e-04	1.743000e-02	3.479169e-03	9.738082e-04	3.966073e-03	-2.992265e-03
135           	8.188006e-03	2.154461e-02	-1.335660e-02	-3.590197e-02	-1.749394e-02	-1.840803e-02	4.570439e-04	1.745060e-02	3.477027e-03	9.737863e-04	3.963920e-03	-2.990134e-03
136           	8.183677e-03	2.156189e-02	-1.337821e-02	-3.594405e-02	-1.750628e-02	-1.843777e-02	4.657449e-04	1.747005e-02	3.474940e-03	9.737715e-04	3.961825e-03	-2.988054e-03
137           	8.179456e-03	2.157810e-02	-1.339864e-02	-3.598383e-02	-1.751798e-02	-1.846586e-02	4.739414e-04	1.748837e-02	3.472906e-03	9.737624e-04	3.959787e-03	-2.986024e-03
138           	8.175350e-03	2.159329e-02	-1.341794e-02	-3.602139e-02	-1.752904e-02	-1.849235e-02	4.816563e-04	1.750561e-02	3.470925e-03	9.737595e-04	3.957805e-03	-2.984046e-03
139           	8.171354e-03	2.160748e-02	-1.343613e-02	-3.605677e-02	-1.753948e-02	-1.851729e-02	4.889056e-04	1.752180e-02	3.468998e-03	9.737622e-04	3.955879e-03	-2.982117e-03
140           	8.167463e-03	2.162072e-02	-1.345326e-02	-3.609005e-02	-1.754932e-02	-1.854074e-02	4.957087e-04	1.753699e-02	3.467122e-03	9.737704e-04	3.954008e-03	-2.980237e-03
141           	8.163680e-03	2.163305e-02	-1.346937e-02	-3.612131e-02	-1.755857e-02	-1.856274e-02	5.020859e-04	1.755121e-02	3.465298e-03	9.737834e-04	3.952190e-03	-2.978407e-03
142           	8.159997e-03	2.164450e-02	-1.348450e-02	-3.615060e-02	-1.756724e-02	-1.858336e-02	5.080576e-04	1.756450e-02	3.463525e-03	9.737999e-04	3.950425e-03	-2.976625e-03
143           	8.156433e-03	2.165513e-02	-1.349870e-02	-3.617803e-02	-1.757537e-02	-1.860266e-02	5.136472e-04	1.757692e-02	3.461801e-03	9.738209e-04	3.948711e-03	-2.974890e-03
144           	8.152959e-03	2.166498e-02	-1.351202e-02	-3.620367e-02	-1.758296e-02	-1.862071e-02	5.188749e-04	1.758850e-02	3.460125e-03	9.738442e-04	3.947047e-03	-2.973203e-03
145           	8.149596e-03	2.167408e-02	-1.352448e-02	-3.622762e-02	-1.759005e-02	-1.863757e-02	5.237628e-04	1.759928e-02	3.458497e-03	9.738714e-04	3.945433e-03	-2.971561e-03
146           	8.146322e-03	2.168247e-02	-1.353615e-02	-3.624994e-02	-1.759664e-02	-1.865330e-02	5.283299e-04	1.760931e-02	3.456916e-03	9.739011e-04	3.943866e-03	-2.969965e-03
147           	8.143143e-03	2.169019e-02	-1.354705e-02	-3.627073e-02	-1.760277e-02	-1.866796e-02	5.325958e-04	1.761862e-02	3.455380e-03	9.739339e-04	3.942347e-03	-2.968413e-03
148           	8.140050e-03	2.169729e-02	-1.355724e-02	-3.629006e-02	-1.760845e-02	-1.868161e-02	5.365777e-04	1.762726e-02	3.453888e-03	9.739685e-04	3.940873e-03	-2.966904e-03
149           	8.137051e-03	2.170379e-02	-1.356674e-02	-3.630799e-02	-1.761370e-02	-1.869429e-02	5.402937e-04	1.763527e-02	3.452441e-03	9.740049e-04	3.939443e-03	-2.965438e-03
150           	8.134155e-03	2.170974e-02	-1.357559e-02	-3.632461e-02	-1.761855e-02	-1.870607e-02	5.437612e-04	1.764267e-02	3.451036e-03	9.740439e-04	3.938058e-03	-2.964014e-03
151           	8.131335e-03	2.171516e-02	-1.358383e-02	-3.633999e-02	-1.762300e-02	-1.871699e-02	5.469951e-04	1.764950e-02	3.449672e-03	9.740835e-04	3.936714e-03	-2.962630e-03
152           	8.128608e-03	2.172010e-02	-1.359149e-02	-3.635420e-02	-1.762709e-02	-1.872711e-02	5.500102e-04	1.765579e-02	3.448349e-03	9.741250e-04	3.935411e-03	-2.961286e-03
153           	8.125948e-03	2.172456e-02	-1.359861e-02	-3.636730e-02	-1.763083e-02	-1.873647e-02	5.528186e-04	1.766158e-02	3.447064e-03	9.741667e-04	3.934148e-03	-2.959981e-03
154           	8.123377e-03	2.172859e-02	-1.360521e-02	-3.637936e-02	-1.763424e-02	-1.874511e-02	5.554339e-04	1.766690e-02	3.445818e-03	9.742103e-04	3.932924e-03	-2.958713e-03
155           	8.120871e-03	2.173220e-02	-1.361133e-02	-3.639043e-02	-1.763735e-02	-1.875308e-02	5.578669e-04	1.767177e-02	3.444609e-03	9.742535e-04	3.931736e-03	-2.957483e-03
156           	8.118446e-03	2.173544e-02	-1.361700e-02	-3.640057e-02	-1.764015e-02	-1.876042e-02	5.601308e-04	1.767622e-02	3.443436e-03	9.742973e-04	3.930585e-03	-2.956288e-03
157           	8.116102e-03	2.173833e-02	-1.362222e-02	-3.640984e-02	-1.764268e-02	-1.876716e-02	5.622374e-04	1.768028e-02	3.442298e-03	9.743417e-04	3.929469e-03	-2.955128e-03
158           	8.113826e-03	2.174088e-02	-1.362705e-02	-3.641830e-02	-1.764495e-02	-1.877335e-02	5.641972e-04	1.768396e-02	3.441194e-03	9.743857e-04	3.928387e-03	-2.954002e-03
159           	8.111623e-03	2.174312e-02	-1.363149e-02	-3.642599e-02	-1.764698e-02	-1.877902e-02	5.660199e-04	1.768731e-02	3.440124e-03	9.744298e-04	3.927339e-03	-2.952909e-03
160           	8.109475e-03	2.174506e-02	-1.363559e-02	-3.643297e-02	-1.764877e-02	-1.878420e-02	5.677133e-04	1.769033e-02	3.439086e-03	9.744732e-04	3.926322e-03	-2.951849e-03
161           	8.107405e-03	2.174675e-02	-1.363934e-02	-3.643929e-02	-1.765036e-02	-1.878893e-02	5.692864e-04	1.769305e-02	3.438079e-03	9.745175e-04	3.925338e-03	-2.950821e-03
162           	8.105384e-03	2.174817e-02	-1.364279e-02	-3.644497e-02	-1.765174e-02	-1.879323e-02	5.707451e-04	1.769548e-02	3.437103e-03	9.745602e-04	3.924383e-03	-2.949823e-03
163           	8.103435e-03	2.174937e-02	-1.364594e-02	-3.645006e-02	-1.765293e-02	-1.879713e-02	5.720976e-04	1.769765e-02	3.436156e-03	9.746027e-04	3.923458e-03	-2.948855e-03
164           	8.101545e-03	2.175035e-02	-1.364880e-02	-3.645459e-02	-1.765395e-02	-1.880065e-02	5.733496e-04	1.769957e-02	3.435238e-03	9.746444e-04	3.922560e-03	-2.947916e-03
165           	8.099718e-03	2.175112e-02	-1.365140e-02	-3.645860e-02	-1.765479e-02	-1.880381e-02	5.745065e-04	1.770126e-02	3.434348e-03	9.746857e-04	3.921690e-03	-2.947005e-03
166           	8.097944e-03	2.175169e-02	-1.365375e-02	-3.646212e-02	-1.765549e-02	-1.880663e-02	5.755720e-04	1.770272e-02	3.433484e-03	9.747261e-04	3.920847e-03	-2.946121e-03
167           	8.096219e-03	2.175208e-02	-1.365586e-02	-3.646517e-02	-1.765604e-02	-1.880913e-02	5.765495e-04	1.770397e-02	3.432646e-03	9.747659e-04	3.920029e-03	-2.945263e-03
168           	8.094550e-03	2.175230e-02	-1.365775e-02	-3.646778e-02	-1.765645e-02	-1.881133e-02	5.774414e-04	1.770502e-02	3.431834e-03	9.748053e-04	3.919237e-03	-2.944431e-03
169           	8.092925e-03	2.175235e-02	-1.365942e-02	-3.646997e-02	-1.765673e-02	-1.881324e-02	5.782528e-04	1.770589e-02	3.431046e-03	9.748430e-04	3.918467e-03	-2.943625e-03
170           	8.091363e-03	2.175225e-02	-1.366089e-02	-3.647177e-02	-1.765689e-02	-1.881487e-02	5.789885e-04	1.770657e-02	3.430282e-03	9.748806e-04	3.917723e-03	-2.942842e-03
171           	8.089842e-03	2.175200e-02	-1.366216e-02	-3.647319e-02	-1.765694e-02	-1.881624e-02	5.796503e-04	1.770708e-02	3.429542e-03	9.749165e-04	3.917000e-03	-2.942084e-03
172           	8.088381e-03	2.175162e-02	-1.366324e-02	-3.647425e-02	-1.765689e-02	-1.881737e-02	5.802410e-04	1.770743e-02	3.428824e-03	9.749526e-04	3.916301e-03	-2.941348e-03
173           	8.086954e-03	2.175110e-02	-1.366414e-02	-3.647498e-02	-1.765673e-02	-1.881825e-02	5.807605e-04	1.770762e-02	3.428129e-03	9.749871e-04	3.915622e-03	-2.940635e-03
174           	8.085574e-03	2.175045e-02	-1.366488e-02	-3.647539e-02	-1.765648e-02	-1.881891e-02	5.812104e-04	1.770766e-02	3.427455e-03	9.750214e-04	3.914965e-03	-2.939944e-03
175           	8.084229e-03	2.174967e-02	-1.366545e-02	-3.647548e-02	-1.765615e-02	-1.881933e-02	5.815908e-04	1.770756e-02	3.426801e-03	9.750541e-04	3.914328e-03	-2.939274e-03
176           	8.082928e-03	2.174878e-02	-1.366585e-02	-3.647528e-02	-1.765573e-02	-1.881954e-02	5.819036e-04	1.770731e-02	3.426168e-03	9.750859e-04	3.913711e-03	-2.938625e-03
177           	8.081679e-03	2.174777e-02	-1.366609e-02	-3.647478e-02	-1.765524e-02	-1.881954e-02	5.821512e-04	1.770693e-02	3.425555e-03	9.751174e-04	3.913114e-03	-2.937996e-03
178           	8.080465e-03	2.174665e-02	-1.366619e-02	-3.647400e-02	-1.765466e-02	-1.881933e-02	5.823343e-04	1.770642e-02	3.424961e-03	9.751477e-04	3.912535e-03	-2.937387e-03
179           	8.079300e-03	2.174543e-02	-1.366613e-02	-3.647295e-02	-1.765402e-02	-1.881893e-02	5.824545e-04	1.770578e-02	3.424386e-03	9.751779e-04	3.911975e-03	-2.936797e-03
180           	8.078156e-03	2.174409e-02	-1.366593e-02	-3.647165e-02	-1.765331e-02	-1.881833e-02	5.825115e-04	1.770501e-02	3.423829e-03	9.752063e-04	3.911432e-03	-2.936226e-03
181           	8.077058e-03	2.174264e-02	-1.366558e-02	-3.647008e-02	-1.765254e-02	-1.881754e-02	5.825040e-04	1.770411e-02	3.423290e-03	9.752350e-04	3.910908e-03	-2.935673e-03
182           	8.075985e-03	2.174110e-02	-1.366511e-02	-3.646828e-02	-1.765170e-02	-1.881658e-02	5.824369e-04	1.770310e-02	3.422769e-03	9.752619e-04	3.910400e-03	-2.935138e-03
183           	8.074955e-03	2.173946e-02	-1.366451e-02	-3.646625e-02	-1.765081e-02	-1.881544e-02	5.823133e-04	1.770199e-02	3.422266e-03	9.752884e-04	3.909910e-03	-2.934622e-03
184           	8.073965e-03	2.173774e-02	-1.366378e-02	-3.646400e-02	-1.764986e-02	-1.881413e-02	5.821347e-04	1.770076e-02	3.421780e-03	9.753143e-04	3.909437e-03	-2.934123e-03
185           	8.073010e-03	2.173594e-02	-1.366293e-02	-3.646154e-02	-1.764887e-02	-1.881267e-02	5.819018e-04	1.769943e-02	3.421311e-03	9.753395e-04	3.908980e-03	-2.933641e-03
186           	8.072092e-03	2.173405e-02	-1.366196e-02	-3.645887e-02	-1.764782e-02	-1.881105e-02	5.816153e-04	1.769800e-02	3.420858e-03	9.753644e-04	3.908540e-03	-2.933176e-03
187           	8.071192e-03	2.173208e-02	-1.366088e-02	-3.645602e-02	-1.764673e-02	-1.880928e-02	5.812748e-04	1.769648e-02	3.420421e-03	9.753880e-04	3.908115e-03	-2.932727e-03
188           	8.070332e-03	2.173002e-02	-1.365969e-02	-3.645295e-02	-1.764560e-02	-1.880735e-02	5.808772e-04	1.769485e-02	3.420000e-03	9.754119e-04	3.907706e-03	-2.932294e-03
189           	8.069493e-03	2.172788e-02	-1.365839e-02	-3.644971e-02	-1.764442e-02	-1.880528e-02	5.804293e-04	1.769314e-02	3.419593e-03	9.754342e-04	3.907311e-03	-2.931876e-03
190           	8.068697e-03	2.172569e-02	-1.365699e-02	-3.644629e-02	-1.764321e-02	-1.880308e-02	5.799339e-04	1.769134e-02	3.419203e-03	9.754567e-04	3.906931e-03	-2.931474e-03
191           	8.067927e-03	2.172342e-02	-1.365549e-02	-3.644271e-02	-1.764196e-02	-1.880075e-02	5.793916e-04	1.768946e-02	3.418827e-03	9.754783e-04	3.906566e-03	-2.931088e-03
192           	8.067198e-03	2.172109e-02	-1.365390e-02	-3.643896e-02	-1.764068e-02	-1.879829e-02	5.788041e-04	1.768749e-02	3.418465e-03	9.755001e-04	3.906215e-03	-2.930715e-03
193           	8.066486e-03	2.171870e-02	-1.365221e-02	-3.643507e-02	-1.763936e-02	-1.879570e-02	5.781710e-04	1.768546e-02	3.418118e-03	9.755204e-04	3.905878e-03	-2.930358e-03
194           	8.065799e-03	2.171624e-02	-1.365044e-02	-3.643102e-02	-1.763802e-02	-1.879300e-02	5.774929e-04	1.768334e-02	3.417784e-03	9.755405e-04	3.905555e-03	-2.930014e-03
195           	8.065138e-03	2.171372e-02	-1.364859e-02	-3.642683e-02	-1.763664e-02	-1.879018e-02	5.767707e-04	1.768116e-02	3.417464e-03	9.755602e-04	3.905244e-03	-2.929684e-03
196           	8.064503e-03	2.171115e-02	-1.364665e-02	-3.642249e-02	-1.763524e-02	-1.878725e-02	5.760060e-04	1.767890e-02	3.417157e-03	9.755791e-04	3.904947e-03	-2.929367e-03
197           	8.063904e-03	2.170853e-02	-1.364463e-02	-3.641803e-02	-1.763381e-02	-1.878421e-02	5.752013e-04	1.767658e-02	3.416863e-03	9.755984e-04	3.904662e-03	-2.929063e-03
198           	8.063324e-03	2.170585e-02	-1.364253e-02	-3.641343e-02	-1.763236e-02	-1.878107e-02	5.743575e-04	1.767419e-02	3.416581e-03	9.756167e-04	3.904389e-03	-2.928772e-03
199           	8.062775e-03	2.170310e-02	-1.364033e-02	-3.640865e-02	-1.763086e-02	-1.877779e-02	5.734629e-04	1.767172e-02	3.416308e-03	9.756350e-04	3.904126e-03	-2.928491e-03
200           	8.062235e-03	2.170031e-02	-1.363807e-02	-3.640378e-02	-1.762935e-02	-1.877442e-02	5.725363e-04	1.766919e-02	3.416049e-03	9.756523e-04	3.903875e-03	-2.928223e-03
201           	8.061727e-03	2.169749e-02	-1.363576e-02	-3.639882e-02	-1.762783e-02	-1.877099e-02	5.715824e-04	1.766663e-02	3.415803e-03	9.756702e-04	3.903638e-03	-2.927967e-03
202           	8.061235e-03	2.169464e-02	-1.363340e-02	-3.639378e-02	-1.762629e-02	-1.876749e-02	5.706004e-04	1.766402e-02	3.415568e-03	9.756868e-04	3.903412e-03	-2.927725e-03
203           	8.060773e-03	2.169176e-02	-1.363099e-02	-3.638866e-02	-1.762474e-02	-1.876392e-02	5.695911e-04	1.766137e-02	3.415346e-03	9.757025e-04	3.903197e-03	-2.927495e-03
204           	8.060340e-03	2.168885e-02	-1.362851e-02	-3.638346e-02	-1.762317e-02	-1.876028e-02	5.685540e-04	1.765868e-02	3.415135e-03	9.757182e-04	3.902994e-03	-2.927276e-03
205           	8.059912e-03	2.168586e-02	-1.362595e-02	-3.637808e-02	-1.762157e-02	-1.875651e-02	5.674716e-04	1.765590e-02	3.414929e-03	9.757346e-04	3.902796e-03	-2.927062e-03
206           	8.059520e-03	2.168286e-02	-1.362334e-02	-3.637266e-02	-1.761996e-02	-1.875270e-02	5.663716e-04	1.765310e-02	3.414736e-03	9.757504e-04	3.902611e-03	-2.926861e-03
207           	8.059134e-03	2.167985e-02	-1.362072e-02	-3.636719e-02	-1.761834e-02	-1.874885e-02	5.652529e-04	1.765028e-02	3.414555e-03	9.757640e-04	3.902437e-03	-2.926673e-03
208           	8.058783e-03	2.167683e-02	-1.361805e-02	-3.636169e-02	-1.761673e-02	-1.874496e-02	5.641159e-04	1.764744e-02	3.414386e-03	9.757787e-04	3.902275e-03	-2.926496e-03
209           	8.058443e-03	2.167380e-02	-1.361535e-02	-3.635614e-02	-1.761511e-02	-1.874103e-02	5.629579e-04	1.764457e-02	3.414227e-03	9.757932e-04	3.902123e-03	-2.926330e-03
210           	8.058129e-03	2.167074e-02	-1.361261e-02	-3.635054e-02	-1.761349e-02	-1.873705e-02	5.617780e-04	1.764168e-02	3.414077e-03	9.758086e-04	3.901981e-03	-2.926173e-03
211           	8.057828e-03	2.166766e-02	-1.360983e-02	-3.634487e-02	-1.761186e-02	-1.873301e-02	5.605735e-04	1.763875e-02	3.413936e-03	9.758235e-04	3.901848e-03	-2.926025e-03
212           	8.057553e-03	2.166456e-02	-1.360700e-02	-3.633913e-02	-1.761022e-02	-1.872891e-02	5.593432e-04	1.763578e-02	3.413803e-03	9.758377e-04	3.901722e-03	-2.925884e-03
213           	8.057287e-03	2.166142e-02	-1.360413e-02	-3.633332e-02	-1.760857e-02	-1.872474e-02	5.580859e-04	1.763278e-02	3.413678e-03	9.758500e-04	3.901603e-03	-2.925753e-03
214           	8.057030e-03	2.165825e-02	-1.360122e-02	-3.632743e-02	-1.760691e-02	-1.872052e-02	5.568034e-04	1.762974e-02	3.413559e-03	9.758612e-04	3.901489e-03	-2.925628e-03
215           	8.056791e-03	2.165508e-02	-1.359829e-02	-3.632151e-02	-1.760525e-02	-1.871626e-02	5.555058e-04	1.762669e-02	3.413448e-03	9.758727e-04	3.901384e-03	-2.925512e-03
216           	8.056563e-03	2.165189e-02	-1.359532e-02	-3.631554e-02	-1.760358e-02	-1.871196e-02	5.541885e-04	1.762361e-02	3.413345e-03	9.758847e-04	3.901287e-03	-2.925402e-03
217           	8.056356e-03	2.164868e-02	-1.359232e-02	-3.630953e-02	-1.760191e-02	-1.870762e-02	5.528557e-04	1.762050e-02	3.413249e-03	9.758976e-04	3.901197e-03	-2.925300e-03
218           	8.056158e-03	2.164546e-02	-1.358930e-02	-3.630347e-02	-1.760023e-02	-1.870325e-02	5.515102e-04	1.761738e-02	3.413160e-03	9.759098e-04	3.901115e-03	-2.925205e-03
219           	8.055990e-03	2.164224e-02	-1.358625e-02	-3.629740e-02	-1.759854e-02	-1.869885e-02	5.501550e-04	1.761424e-02	3.413078e-03	9.759220e-04	3.901039e-03	-2.925117e-03
220           	8.055821e-03	2.163902e-02	-1.358320e-02	-3.629130e-02	-1.759686e-02	-1.869444e-02	5.487909e-04	1.761111e-02	3.413004e-03	9.759319e-04	3.900970e-03	-2.925038e-03
221           	8.055670e-03	2.163580e-02	-1.358013e-02	-3.628520e-02	-1.759518e-02	-1.869002e-02	5.474213e-04	1.760797e-02	3.412937e-03	9.759418e-04	3.900908e-03	-2.924966e-03
222           	8.055530e-03	2.163260e-02	-1.357707e-02	-3.627910e-02	-1.759350e-02	-1.868560e-02	5.460481e-04	1.760483e-02	3.412876e-03	9.759520e-04	3.900852e-03	-2.924900e-03
223           	8.055402e-03	2.162940e-02	-1.357400e-02	-3.627302e-02	-1.759184e-02	-1.868118e-02	5.446730e-04	1.760170e-02	3.412823e-03	9.759627e-04	3.900804e-03	-2.924842e-03
224           	8.055355e-03	2.162684e-02	-1.357148e-02	-3.626808e-02	-1.759048e-02	-1.867760e-02	5.435575e-04	1.759916e-02	3.412804e-03	9.759665e-04	3.900787e-03	-2.924821e-03
225           	8.055332e-03	2.162471e-02	-1.356937e-02	-3.626397e-02	-1.758935e-02	-1.867462e-02	5.426352e-04	1.759704e-02	3.412799e-03	9.759644e-04	3.900781e-03	-2.924817e-03
226           	8.055328e-03	2.162288e-02	-1.356755e-02	-3.626042e-02	-1.758836e-02	-1.867206e-02	5.418481e-04	1.759521e-02	3.412803e-03	9.759589e-04	3.900783e-03	-2.924824e-03
227           	8.055334e-03	2.162122e-02	-1.356589e-02	-3.625720e-02	-1.758745e-02	-1.866974e-02	5.411452e-04	1.759355e-02	3.412812e-03	9.759524e-04	3.900788e-03	-2.924836e-03
228           	8.055344e-03	2.161967e-02	-1.356432e-02	-3.625416e-02	-1.758659e-02	-1.866757e-02	5.404947e-04	1.759199e-02	3.412824e-03	9.759474e-04	3.900797e-03	-2.924850e-03
229           	8.055349e-03	2.161811e-02	-1.356276e-02	-3.625112e-02	-1.758571e-02	-1.866541e-02	5.398498e-04	1.759043e-02	3.412832e-03	9.759447e-04	3.900805e-03	-2.924860e-03
230           	8.055344e-03	2.161649e-02	-1.356115e-02	-3.624799e-02	-1.758481e-02	-1.866318e-02	5.391870e-04	1.758882e-02	3.412837e-03	9.759444e-04	3.900809e-03	-2.924865e-03
231           	8.055331e-03	2.161486e-02	-1.355953e-02	-3.624480e-02	-1.758389e-02	-1.866091e-02	5.385075e-04	1.758719e-02	3.412837e-03	9.759455e-04	3.900810e-03	-2.924864e-03
232           	8.055306e-03	2.161312e-02	-1.355782e-02	-3.624144e-02	-1.758294e-02	-1.865850e-02	5.377807e-04	1.758547e-02	3.412830e-03	9.759476e-04	3.900804e-03	-2.924856e-03
233           	8.055271e-03	2.161130e-02	-1.355603e-02	-3.623791e-02	-1.758195e-02	-1.865596e-02	5.370047e-04	1.758366e-02	3.412817e-03	9.759504e-04	3.900793e-03	-2.924842e-03
234           	8.055226e-03	2.160940e-02	-1.355417e-02	-3.623425e-02	-1.758094e-02	-1.865331e-02	5.361845e-04	1.758179e-02	3.412800e-03	9.759539e-04	3.900777e-03	-2.924823e-03
235           	8.055176e-03	2.160745e-02	-1.355228e-02	-3.623049e-02	-1.757992e-02	-1.865058e-02	5.353293e-04	1.757986e-02	3.412779e-03	9.759579e-04	3.900758e-03	-2.924800e-03
236           	8.055123e-03	2.160548e-02	-1.355036e-02	-3.622670e-02	-1.757890e-02	-1.864780e-02	5.344513e-04	1.757792e-02	3.412756e-03	9.759620e-04	3.900737e-03	-2.924775e-03
237           	8.055070e-03	2.160351e-02	-1.354844e-02	-3.622291e-02	-1.757789e-02	-1.864502e-02	5.335637e-04	1.757598e-02	3.412735e-03	9.759657e-04	3.900718e-03	-2.924752e-03
238           	8.055023e-03	2.160157e-02	-1.354655e-02	-3.621917e-02	-1.757690e-02	-1.864226e-02	5.326787e-04	1.757406e-02	3.412715e-03	9.759688e-04	3.900699e-03	-2.924731e-03
239           	8.054982e-03	2.159966e-02	-1.354468e-02	-3.621550e-02	-1.757594e-02	-1.863955e-02	5.318066e-04	1.757217e-02	3.412698e-03	9.759714e-04	3.900684e-03	-2.924713e-03
240           	8.054949e-03	2.159781e-02	-1.354286e-02	-3.621191e-02	-1.757500e-02	-1.863691e-02	5.309547e-04	1.757033e-02	3.412686e-03	9.759737e-04	3.900673e-03	-2.924699e-03
241           	8.054923e-03	2.159601e-02	-1.354108e-02	-3.620843e-02	-1.757409e-02	-1.863434e-02	5.301270e-04	1.756854e-02	3.412678e-03	9.759761e-04	3.900666e-03	-2.924690e-03
242           	8.054906e-03	2.159425e-02	-1.353934e-02	-3.620503e-02	-1.757319e-02	-1.863184e-02	5.293239e-04	1.756680e-02	3.412673e-03	9.759785e-04	3.900663e-03	-2.924684e-03
243           	8.054895e-03	2.159254e-02	-1.353764e-02	-3.620170e-02	-1.757231e-02	-1.862939e-02	5.285434e-04	1.756509e-02	3.412673e-03	9.759810e-04	3.900663e-03	-2.924682e-03
244           	8.054889e-03	2.159086e-02	-1.353597e-02	-3.619844e-02	-1.757144e-02	-1.862700e-02	5.277816e-04	1.756341e-02	3.412675e-03	9.759835e-04	3.900666e-03	-2.924683e-03
245           	8.054887e-03	2.158920e-02	-1.353432e-02	-3.619522e-02	-1.757057e-02	-1.862464e-02	5.270336e-04	1.756176e-02	3.412679e-03	9.759860e-04	3.900672e-03	-2.924686e-03
246           	8.054888e-03	2.158757e-02	-1.353268e-02	-3.619203e-02	-1.756972e-02	-1.862231e-02	5.262949e-04	1.756012e-02	3.412684e-03	9.759885e-04	3.900679e-03	-2.924690e-03
247           	8.054889e-03	2.158594e-02	-1.353105e-02	-3.618885e-02	-1.756886e-02	-1.861999e-02	5.255612e-04	1.755850e-02	3.412691e-03	9.759911e-04	3.900686e-03	-2.924695e-03
248           	8.054892e-03	2.158432e-02	-1.352943e-02	-3.618569e-02	-1.756802e-02	-1.861767e-02	5.248297e-04	1.755688e-02	3.412697e-03	9.759938e-04	3.900694e-03	-2.924700e-03
249           	8.054895e-03	2.158271e-02	-1.352782e-02	-3.618254e-02	-1.756717e-02	-1.861537e-02	5.240986e-04	1.755526e-02	3.412704e-03	9.759965e-04	3.900703e-03	-2.924706e-03
250           	8.054899e-03	2.158111e-02	-1.352621e-02	-3.617939e-02	-1.756633e-02	-1.861306e-02	5.233672e-04	1.755366e-02	3.412711e-03	9.759991e-04	3.900711e-03	-2.924712e-03
251           	8.054903e-03	2.157951e-02	-1.352460e-02	-3.617626e-02	-1.756549e-02	-1.861076e-02	5.226358e-04	1.755205e-02	3.412719e-03	9.760018e-04	3.900720e-03	-2.924718e-03
252           	8.054908e-03	2.157791e-02	-1.352301e-02	-3.617313e-02	-1.756466e-02	-1.860847e-02	5.219052e-04	1.755046e-02	3.412727e-03	9.760043e-04	3.900729e-03	-2.924725e-03
253           	8.054915e-03	2.157633e-02	-1.352142e-02	-3.617003e-02	-1.756384e-02	-1.860619e-02	5.211766e-04	1.754888e-02	3.412735e-03	9.760069e-04	3.900739e-03	-2.924732e-03
254           	8.054924e-03	2.157476e-02	-1.351984e-02	-3.616694e-02	-1.756302e-02	-1.860392e-02	5.204507e-04	1.754730e-02	3.412744e-03	9.760096e-04	3.900749e-03	-2.924740e-03
255           	8.054935e-03	2.157321e-02	-1.351827e-02	-3.616388e-02	-1.756221e-02	-1.860167e-02	5.197284e-04	1.754574e-02	3.412754e-03	9.760123e-04	3.900761e-03	-2.924748e-03
256           	8.054948e-03	2.157166e-02	-1.351671e-02	-3.616084e-02	-1.756141e-02	-1.859943e-02	5.190098e-04	1.754419e-02	3.412765e-03	9.760151e-04	3.900773e-03	-2.924758e-03
257           	8.054963e-03	2.157013e-02	-1.351517e-02	-3.615782e-02	-1.756061e-02	-1.859720e-02	5.182951e-04	1.754265e-02	3.412777e-03	9.760179e-04	3.900786e-03	-2.924768e-03
258           	8.054980e-03	2.156861e-02	-1.351363e-02	-3.615481e-02	-1.755982e-02	-1.859499e-02	5.175840e-04	1.754112e-02	3.412790e-03	9.760209e-04	3.900800e-03	-2.924780e-03
259           	8.055000e-03	2.156709e-02	-1.351209e-02	-3.615183e-02	-1.755904e-02	-1.859279e-02	5.168761e-04	1.753959e-02	3.412804e-03	9.760239e-04	3.900816e-03	-2.924792e-03
260           	8.055021e-03	2.156559e-02	-1.351057e-02	-3.614886e-02	-1.755826e-02	-1.859060e-02	5.161711e-04	1.753808e-02	3.412818e-03	9.760270e-04	3.900831e-03	-2.924804e-03
261           	8.055044e-03	2.156410e-02	-1.350905e-02	-3.614591e-02	-1.755749e-02	-1.858842e-02	5.154689e-04	1.753658e-02	3.412833e-03	9.760303e-04	3.900848e-03	-2.924818e-03
262           	8.055069e-03	2.156261e-02	-1.350754e-02	-3.614297e-02	-1.755672e-02	-1.858626e-02	5.147693e-04	1.753508e-02	3.412848e-03	9.760336e-04	3.900865e-03	-2.924831e-03
263           	8.055096e-03	2.156114e-02	-1.350604e-02	-3.614005e-02	-1.755595e-02	-1.858410e-02	5.140724e-04	1.753359e-02	3.412864e-03	9.760369e-04	3.900883e-03	-2.924846e-03
264           	8.055124e-03	2.155967e-02	-1.350455e-02	-3.613715e-02	-1.755519e-02	-1.858195e-02	5.133784e-04	1.753211e-02	3.412881e-03	9.760402e-04	3.900901e-03	-2.924861e-03
265           	8.055154e-03	2.155821e-02	-1.350306e-02	-3.613425e-02	-1.755444e-02	-1.857981e-02	5.126876e-04	1.753064e-02	3.412899e-03	9.760434e-04	3.900921e-03	-2.924877e-03
266           	8.055185e-03	2.155677e-02	-1.350158e-02	-3.613138e-02	-1.755369e-02	-1.857769e-02	5.120003e-04	1.752917e-02	3.412917e-03	9.760464e-04	3.900940e-03	-2.924894e-03
267           	8.055217e-03	2.155533e-02	-1.350011e-02	-3.612852e-02	-1.755295e-02	-1.857558e-02	5.113167e-04	1.752772e-02	3.412936e-03	9.760492e-04	3.900960e-03	-2.924911e-03
268           	8.055250e-03	2.155390e-02	-1.349865e-02	-3.612569e-02	-1.755221e-02	-1.857348e-02	5.106370e-04	1.752628e-02	3.412955e-03	9.760515e-04	3.900981e-03	-2.924930e-03
269           	8.055282e-03	2.155248e-02	-1.349720e-02	-3.612286e-02	-1.755147e-02	-1.857139e-02	5.099616e-04	1.752484e-02	3.412976e-03	9.760532e-04	3.901002e-03	-2.924949e-03
270           	8.055314e-03	2.155108e-02	-1.349576e-02	-3.612006e-02	-1.755074e-02	-1.856932e-02	5.092906e-04	1.752342e-02	3.412997e-03	9.760543e-04	3.901024e-03	-2.924970e-03
271           	8.055346e-03	2.154968e-02	-1.349433e-02	-3.611728e-02	-1.755001e-02	-1.856726e-02	5.086246e-04	1.752201e-02	3.413019e-03	9.760545e-04	3.901046e-03	-2.924992e-03
272           	8.055376e-03	2.154829e-02	-1.349292e-02	-3.611452e-02	-1.754929e-02	-1.856522e-02	5.079644e-04	1.752061e-02	3.413041e-03	9.760538e-04	3.901068e-03	-2.925014e-03
273           	8.055404e-03	2.154692e-02	-1.349152e-02	-3.611178e-02	-1.754858e-02	-1.856320e-02	5.073107e-04	1.751922e-02	3.413065e-03	9.760521e-04	3.901091e-03	-2.925039e-03
274           	8.055431e-03	2.154556e-02	-1.349013e-02	-3.610907e-02	-1.754787e-02	-1.856120e-02	5.066635e-04	1.751785e-02	3.413089e-03	9.760495e-04	3.901114e-03	-2.925064e-03
275           	8.055456e-03	2.154421e-02	-1.348876e-02	-3.610638e-02	-1.754717e-02	-1.855921e-02	5.060219e-04	1.751649e-02	3.413114e-03	9.760459e-04	3.901137e-03	-2.925091e-03
276           	8.055478e-03	2.154288e-02	-1.348740e-02	-3.610371e-02	-1.754647e-02	-1.855724e-02	5.053848e-04	1.751514e-02	3.413140e-03	9.760414e-04	3.901160e-03	-2.925119e-03
277           	8.055499e-03	2.154154e-02	-1.348605e-02	-3.610105e-02	-1.754578e-02	-1.855528e-02	5.047514e-04	1.751380e-02	3.413166e-03	9.760362e-04	3.901184e-03	-2.925147e-03
278           	8.055517e-03	2.154022e-02	-1.348470e-02	-3.609841e-02	-1.754508e-02	-1.855333e-02	5.041212e-04	1.751246e-02	3.413192e-03	9.760305e-04	3.901207e-03	-2.925177e-03
279           	8.055536e-03	2.153891e-02	-1.348337e-02	-3.609578e-02	-1.754440e-02	-1.855139e-02	5.034943e-04	1.751114e-02	3.413219e-03	9.760246e-04	3.901231e-03	-2.925207e-03
280           	8.055554e-03	2.153760e-02	-1.348205e-02	-3.609317e-02	-1.754371e-02	-1.854946e-02	5.028709e-04	1.750982e-02	3.413246e-03	9.760189e-04	3.901256e-03	-2.925237e-03
281           	8.055575e-03	2.153630e-02	-1.348073e-02	-3.609058e-02	-1.754304e-02	-1.854754e-02	5.022510e-04	1.750852e-02	3.413273e-03	9.760141e-04	3.901281e-03	-2.925266e-03
282           	8.055599e-03	2.153502e-02	-1.347942e-02	-3.608801e-02	-1.754237e-02	-1.854564e-02	5.016346e-04	1.750722e-02	3.413301e-03	9.760107e-04	3.901306e-03	-2.925296e-03
283           	8.055631e-03	2.153375e-02	-1.347812e-02	-3.608546e-02	-1.754171e-02	-1.854375e-02	5.010217e-04	1.750593e-02	3.413328e-03	9.760096e-04	3.901333e-03	-2.925323e-03
284           	8.055671e-03	2.153249e-02	-1.347682e-02	-3.608294e-02	-1.754106e-02	-1.854188e-02	5.004115e-04	1.750466e-02	3.413355e-03	9.760116e-04	3.901361e-03	-2.925349e-03
285           	8.055723e-03	2.153125e-02	-1.347553e-02	-3.608043e-02	-1.754041e-02	-1.854002e-02	4.998018e-04	1.750339e-02	3.413381e-03	9.760177e-04	3.901390e-03	-2.925372e-03
286           	8.055790e-03	2.153002e-02	-1.347423e-02	-3.607795e-02	-1.753978e-02	-1.853817e-02	4.991929e-04	1.750213e-02	3.413406e-03	9.760292e-04	3.901421e-03	-2.925392e-03
287           	8.055877e-03	2.152883e-02	-1.347296e-02	-3.607554e-02	-1.753917e-02	-1.853637e-02	4.985982e-04	1.750089e-02	3.413431e-03	9.760461e-04	3.901454e-03	-2.925408e-03
288           	8.055983e-03	2.152767e-02	-1.347169e-02	-3.607317e-02	-1.753858e-02	-1.853460e-02	4.980094e-04	1.749968e-02	3.413455e-03	9.760690e-04	3.901490e-03	-2.925421e-03
289           	8.056111e-03	2.152654e-02	-1.347042e-02	-3.607085e-02	-1.753800e-02	-1.853285e-02	4.974232e-04	1.749848e-02	3.413478e-03	9.760983e-04	3.901527e-03	-2.925429e-03
290           	8.056260e-03	2.152542e-02	-1.346916e-02	-3.606855e-02	-1.753744e-02	-1.853111e-02	4.968382e-04	1.749729e-02	3.413499e-03	9.761336e-04	3.901566e-03	-2.925433e-03
291           	8.056428e-03	2.152432e-02	-1.346790e-02	-3.606629e-02	-1.753689e-02	-1.852940e-02	4.962545e-04	1.749611e-02	3.413520e-03	9.761742e-04	3.901607e-03	-2.925433e-03
292           	8.056612e-03	2.152325e-02	-1.346663e-02	-3.606405e-02	-1.753635e-02	-1.852770e-02	4.956724e-04	1.749494e-02	3.413539e-03	9.762184e-04	3.901648e-03	-2.925430e-03
293           	8.056806e-03	2.152218e-02	-1.346538e-02	-3.606184e-02	-1.753583e-02	-1.852601e-02	4.950928e-04	1.749378e-02	3.413558e-03	9.762639e-04	3.901690e-03	-2.925426e-03
294           	8.057000e-03	2.152113e-02	-1.346413e-02	-3.605964e-02	-1.753530e-02	-1.852434e-02	4.945170e-04	1.749263e-02	3.413577e-03	9.763073e-04	3.901731e-03	-2.925423e-03
295           	8.057183e-03	2.152008e-02	-1.346290e-02	-3.605745e-02	-1.753478e-02	-1.852267e-02	4.939464e-04	1.749149e-02	3.413597e-03	9.763448e-04	3.901770e-03	-2.925425e-03
296           	8.057344e-03	2.151902e-02	-1.346168e-02	-3.605526e-02	-1.753425e-02	-1.852101e-02	4.933825e-04	1.749035e-02	3.413619e-03	9.763719e-04	3.901805e-03	-2.925433e-03
297           	8.057468e-03	2.151796e-02	-1.346049e-02	-3.605305e-02	-1.753370e-02	-1.851935e-02	4.928271e-04	1.748922e-02	3.413644e-03	9.763839e-04	3.901836e-03	-2.925452e-03
298           	8.057543e-03	2.151687e-02	-1.345933e-02	-3.605083e-02	-1.753313e-02	-1.851770e-02	4.922818e-04	1.748810e-02	3.413672e-03	9.763764e-04	3.901861e-03	-2.925484e-03
299           	8.057555e-03	2.151576e-02	-1.345821e-02	-3.604858e-02	-1.753254e-02	-1.851604e-02	4.917481e-04	1.748698e-02	3.413706e-03	9.763453e-04	3.901879e-03	-2.925533e-03
300           	8.057492e-03	2.151462e-02	-1.345713e-02	-3.604631e-02	-1.753192e-02	-1.851438e-02	4.912291e-04	1.748587e-02	3.413745e-03	9.762868e-04	3.901889e-03	-2.925602e-03
301           	8.057345e-03	2.151346e-02	-1.345611e-02	-3.604402e-02	-1.753128e-02	-1.851274e-02	4.907328e-04	1.748479e-02	3.413792e-03	9.761988e-04	3.901891e-03	-2.925692e-03
302           	8.057104e-03	2.151227e-02	-1.345516e-02	-3.604172e-02	-1.753060e-02	-1.851112e-02	4.902588e-04	1.748372e-02	3.413846e-03	9.760789e-04	3.901885e-03	-2.925807e-03
303           	8.056558e-03	2.151093e-02	-1.345437e-02	-3.603923e-02	-1.752978e-02	-1.850945e-02	4.898321e-04	1.748265e-02	3.413917e-03	9.758844e-04	3.901859e-03	-2.925975e-03
304           	8.056527e-03	2.150987e-02	-1.345334e-02	-3.603709e-02	-1.752920e-02	-1.850789e-02	4.893484e-04	1.748161e-02	3.413960e-03	9.758219e-04	3.901871e-03	-2.926049e-03
305           	8.056204e-03	2.150867e-02	-1.345246e-02	-3.603478e-02	-1.752848e-02	-1.850629e-02	4.889050e-04	1.748057e-02	3.414020e-03	9.756859e-04	3.901863e-03	-2.926177e-03
306           	8.056322e-03	2.150771e-02	-1.345138e-02	-3.603280e-02	-1.752799e-02	-1.850480e-02	4.884047e-04	1.747954e-02	3.414056e-03	9.756719e-04	3.901892e-03	-2.926220e-03
307           	8.056365e-03	2.150672e-02	-1.345035e-02	-3.603082e-02	-1.752749e-02	-1.850332e-02	4.879160e-04	1.747854e-02	3.414095e-03	9.756452e-04	3.901918e-03	-2.926273e-03
308           	8.056387e-03	2.150573e-02	-1.344934e-02	-3.602884e-02	-1.752699e-02	-1.850186e-02	4.874357e-04	1.747754e-02	3.414133e-03	9.756311e-04	3.901949e-03	-2.926318e-03
309           	8.056391e-03	2.150474e-02	-1.344835e-02	-3.602688e-02	-1.752647e-02	-1.850040e-02	4.869629e-04	1.747654e-02	3.414169e-03	9.756321e-04	3.901985e-03	-2.926353e-03
310           	8.056385e-03	2.150375e-02	-1.344737e-02	-3.602491e-02	-1.752596e-02	-1.849895e-02	4.864966e-04	1.747556e-02	3.414201e-03	9.756480e-04	3.902025e-03	-2.926377e-03
311           	8.056377e-03	2.150277e-02	-1.344639e-02	-3.602296e-02	-1.752544e-02	-1.849751e-02	4.860350e-04	1.747458e-02	3.414230e-03	9.756770e-04	3.902069e-03	-2.926392e-03
312           	8.056383e-03	2.150181e-02	-1.344542e-02	-3.602103e-02	-1.752494e-02	-1.849609e-02	4.855760e-04	1.747361e-02	3.414257e-03	9.757168e-04	3.902115e-03	-2.926398e-03
313           	8.056416e-03	2.150086e-02	-1.344445e-02	-3.601912e-02	-1.752445e-02	-1.849468e-02	4.851167e-04	1.747265e-02	3.414280e-03	9.757659e-04	3.902163e-03	-2.926397e-03
314           	8.056495e-03	2.149995e-02	-1.344346e-02	-3.601727e-02	-1.752398e-02	-1.849329e-02	4.846539e-04	1.747170e-02	3.414301e-03	9.758247e-04	3.902214e-03	-2.926389e-03
315           	8.056641e-03	2.149908e-02	-1.344244e-02	-3.601547e-02	-1.752355e-02	-1.849192e-02	4.841842e-04	1.747076e-02	3.414319e-03	9.758956e-04	3.902266e-03	-2.926371e-03
316           	8.056872e-03	2.149828e-02	-1.344141e-02	-3.601377e-02	-1.752318e-02	-1.849060e-02	4.837096e-04	1.746984e-02	3.414332e-03	9.759827e-04	3.902323e-03	-2.926341e-03
317           	8.057205e-03	2.149754e-02	-1.344034e-02	-3.601218e-02	-1.752286e-02	-1.848932e-02	4.832261e-04	1.746894e-02	3.414340e-03	9.760909e-04	3.902386e-03	-2.926295e-03
318           	8.057833e-03	2.149696e-02	-1.343913e-02	-3.601081e-02	-1.752271e-02	-1.848809e-02	4.826913e-04	1.746804e-02	3.414334e-03	9.762629e-04	3.902465e-03	-2.926203e-03
319           	8.057983e-03	2.149616e-02	-1.343818e-02	-3.600918e-02	-1.752235e-02	-1.848683e-02	4.822421e-04	1.746717e-02	3.414354e-03	9.763090e-04	3.902509e-03	-2.926200e-03
320           	8.058419e-03	2.149551e-02	-1.343709e-02	-3.600776e-02	-1.752213e-02	-1.848562e-02	4.817441e-04	1.746630e-02	3.414359e-03	9.764248e-04	3.902571e-03	-2.926146e-03
321           	8.058427e-03	2.149466e-02	-1.343623e-02	-3.600605e-02	-1.752169e-02	-1.848436e-02	4.813349e-04	1.746545e-02	3.414388e-03	9.764256e-04	3.902600e-03	-2.926175e-03
322           	8.058511e-03	2.149386e-02	-1.343535e-02	-3.600439e-02	-1.752127e-02	-1.848312e-02	4.809226e-04	1.746461e-02	3.414412e-03	9.764431e-04	3.902634e-03	-2.926190e-03
323           	8.058610e-03	2.149308e-02	-1.343447e-02	-3.600275e-02	-1.752087e-02	-1.848189e-02	4.805102e-04	1.746377e-02	3.414438e-03	9.764525e-04	3.902664e-03	-2.926212e-03
324           	8.058716e-03	2.149231e-02	-1.343359e-02	-3.600114e-02	-1.752047e-02	-1.848067e-02	4.800983e-04	1.746295e-02	3.414466e-03	9.764498e-04	3.902690e-03	-2.926241e-03
325           	8.058819e-03	2.149154e-02	-1.343272e-02	-3.599954e-02	-1.752008e-02	-1.847946e-02	4.796885e-04	1.746213e-02	3.414496e-03	9.764330e-04	3.902713e-03	-2.926280e-03
326           	8.058908e-03	2.149077e-02	-1.343186e-02	-3.599795e-02	-1.751969e-02	-1.847826e-02	4.792835e-04	1.746132e-02	3.414530e-03	9.764014e-04	3.902730e-03	-2.926329e-03
327           	8.058969e-03	2.149000e-02	-1.343103e-02	-3.599635e-02	-1.751929e-02	-1.847706e-02	4.788867e-04	1.746051e-02	3.414566e-03	9.763550e-04	3.902744e-03	-2.926389e-03
328           	8.059026e-03	2.148930e-02	-1.343027e-02	-3.599494e-02	-1.751896e-02	-1.847598e-02	4.785122e-04	1.745978e-02	3.414608e-03	9.762989e-04	3.902758e-03	-2.926459e-03
329           	8.058912e-03	2.148843e-02	-1.342952e-02	-3.599316e-02	-1.751842e-02	-1.847474e-02	4.781606e-04	1.745898e-02	3.414656e-03	9.762003e-04	3.902756e-03	-2.926556e-03
330           	8.058654e-03	2.148758e-02	-1.342893e-02	-3.599143e-02	-1.751784e-02	-1.847359e-02	4.778744e-04	1.745825e-02	3.414714e-03	9.760690e-04	3.902749e-03	-2.926679e-03
331           	8.058494e-03	2.148677e-02	-1.342827e-02	-3.598972e-02	-1.751729e-02	-1.847243e-02	4.775706e-04	1.745752e-02	3.414764e-03	9.759722e-04	3.902750e-03	-2.926778e-03
332           	8.058470e-03	2.148604e-02	-1.342758e-02	-3.598821e-02	-1.751686e-02	-1.847135e-02	4.772472e-04	1.745681e-02	3.414808e-03	9.759129e-04	3.902765e-03	-2.926852e-03
333           	8.058344e-03	2.148518e-02	-1.342684e-02	-3.598646e-02	-1.751634e-02	-1.847013e-02	4.768943e-04	1.745601e-02	3.414853e-03	9.758309e-04	3.902769e-03	-2.926938e-03
334           	8.057982e-03	2.148421e-02	-1.342623e-02	-3.598454e-02	-1.751568e-02	-1.846887e-02	4.765959e-04	1.745522e-02	3.414909e-03	9.757039e-04	3.902761e-03	-2.927057e-03
335           	8.057985e-03	2.148353e-02	-1.342554e-02	-3.598314e-02	-1.751530e-02	-1.846784e-02	4.762744e-04	1.745453e-02	3.414946e-03	9.756873e-04	3.902789e-03	-2.927102e-03
336           	8.058138e-03	2.148293e-02	-1.342480e-02	-3.598194e-02	-1.751505e-02	-1.846689e-02	4.759183e-04	1.745386e-02	3.414973e-03	9.757129e-04	3.902830e-03	-2.927117e-03
337           	8.058263e-03	2.148232e-02	-1.342406e-02	-3.598071e-02	-1.751481e-02	-1.846591e-02	4.755512e-04	1.745319e-02	3.415000e-03	9.757366e-04	3.902868e-03	-2.927132e-03
338           	8.058397e-03	2.148179e-02	-1.342339e-02	-3.597963e-02	-1.751460e-02	-1.846504e-02	4.752204e-04	1.745259e-02	3.415026e-03	9.757764e-04	3.902914e-03	-2.927138e-03
339           	8.058537e-03	2.148125e-02	-1.342271e-02	-3.597853e-02	-1.751438e-02	-1.846415e-02	4.748884e-04	1.745198e-02	3.415048e-03	9.758306e-04	3.902963e-03	-2.927133e-03
340           	8.058694e-03	2.148077e-02	-1.342208e-02	-3.597753e-02	-1.751419e-02	-1.846334e-02	4.745738e-04	1.745142e-02	3.415069e-03	9.758939e-04	3.903016e-03	-2.927122e-03
341           	8.058865e-03	2.148028e-02	-1.342141e-02	-3.597648e-02	-1.751399e-02	-1.846250e-02	4.742547e-04	1.745084e-02	3.415086e-03	9.759665e-04	3.903069e-03	-2.927102e-03
342           	8.059061e-03	2.147984e-02	-1.342078e-02	-3.597553e-02	-1.751382e-02	-1.846171e-02	4.739480e-04	1.745031e-02	3.415102e-03	9.760438e-04	3.903124e-03	-2.927080e-03
343           	8.059276e-03	2.147939e-02	-1.342011e-02	-3.597452e-02	-1.751363e-02	-1.846089e-02	4.736339e-04	1.744975e-02	3.415114e-03	9.761241e-04	3.903176e-03	-2.927052e-03
344           	8.059622e-03	2.147902e-02	-1.341939e-02	-3.597362e-02	-1.751351e-02	-1.846011e-02	4.732983e-04	1.744921e-02	3.415121e-03	9.762268e-04	3.903234e-03	-2.927008e-03
345           	8.059633e-03	2.147842e-02	-1.341879e-02	-3.597241e-02	-1.751321e-02	-1.845920e-02	4.729968e-04	1.744860e-02	3.415144e-03	9.762352e-04	3.903262e-03	-2.927027e-03
346           	8.059674e-03	2.147788e-02	-1.341820e-02	-3.597128e-02	-1.751293e-02	-1.845834e-02	4.727063e-04	1.744804e-02	3.415168e-03	9.762454e-04	3.903290e-03	-2.927045e-03
347           	8.059700e-03	2.147736e-02	-1.341766e-02	-3.597019e-02	-1.751267e-02	-1.845752e-02	4.724291e-04	1.744751e-02	3.415194e-03	9.762408e-04	3.903315e-03	-2.927074e-03
348           	8.059706e-03	2.147687e-02	-1.341716e-02	-3.596915e-02	-1.751241e-02	-1.845674e-02	4.721653e-04	1.744701e-02	3.415225e-03	9.762196e-04	3.903334e-03	-2.927115e-03
349           	8.059684e-03	2.147629e-02	-1.341661e-02	-3.596797e-02	-1.751210e-02	-1.845588e-02	4.718909e-04	1.744645e-02	3.415255e-03	9.761792e-04	3.903345e-03	-2.927166e-03
350           	8.059636e-03	2.147574e-02	-1.341611e-02	-3.596685e-02	-1.751179e-02	-1.845506e-02	4.716339e-04	1.744593e-02	3.415291e-03	9.761238e-04	3.903352e-03	-2.927229e-03
351           	8.059561e-03	2.147521e-02	-1.341565e-02	-3.596578e-02	-1.751149e-02	-1.845429e-02	4.713960e-04	1.744543e-02	3.415330e-03	9.760556e-04	3.903357e-03	-2.927302e-03
352           	8.059455e-03	2.147470e-02	-1.341525e-02	-3.596475e-02	-1.751120e-02	-1.845355e-02	4.711776e-04	1.744497e-02	3.415372e-03	9.759766e-04	3.903360e-03	-2.927384e-03
353           	8.059316e-03	2.147420e-02	-1.341489e-02	-3.596374e-02	-1.751089e-02	-1.845285e-02	4.709794e-04	1.744454e-02	3.415418e-03	9.758887e-04	3.903362e-03	-2.927473e-03
354           	8.059008e-03	2.147352e-02	-1.341451e-02	-3.596248e-02	-1.751046e-02	-1.845201e-02	4.707763e-04	1.744402e-02	3.415467e-03	9.757660e-04	3.903350e-03	-2.927584e-03
355           	8.059083e-03	2.147305e-02	-1.341397e-02	-3.596141e-02	-1.751017e-02	-1.845124e-02	4.705333e-04	1.744351e-02	3.415496e-03	9.757472e-04	3.903369e-03	-2.927622e-03
356           	8.059115e-03	2.147258e-02	-1.341346e-02	-3.596038e-02	-1.750989e-02	-1.845049e-02	4.703021e-04	1.744302e-02	3.415528e-03	9.757190e-04	3.903387e-03	-2.927668e-03
357           	8.059155e-03	2.147213e-02	-1.341298e-02	-3.595939e-02	-1.750961e-02	-1.844977e-02	4.700797e-04	1.744256e-02	3.415558e-03	9.757008e-04	3.903409e-03	-2.927708e-03
358           	8.059203e-03	2.147171e-02	-1.341251e-02	-3.595843e-02	-1.750935e-02	-1.844908e-02	4.698643e-04	1.744211e-02	3.415587e-03	9.756950e-04	3.903435e-03	-2.927740e-03
359           	8.059262e-03	2.147131e-02	-1.341204e-02	-3.595751e-02	-1.750910e-02	-1.844841e-02	4.696532e-04	1.744167e-02	3.415614e-03	9.757021e-04	3.903465e-03	-2.927763e-03
360           	8.059335e-03	2.147092e-02	-1.341158e-02	-3.595662e-02	-1.750887e-02	-1.844775e-02	4.694432e-04	1.744125e-02	3.415638e-03	9.757219e-04	3.903499e-03	-2.927777e-03
361           	8.059427e-03	2.147055e-02	-1.341112e-02	-3.595576e-02	-1.750865e-02	-1.844711e-02	4.692308e-04	1.744083e-02	3.415660e-03	9.757539e-04	3.903537e-03	-2.927783e-03
362           	8.059544e-03	2.147019e-02	-1.341065e-02	-3.595494e-02	-1.750846e-02	-1.844648e-02	4.690129e-04	1.744042e-02	3.415678e-03	9.757977e-04	3.903577e-03	-2.927779e-03
363           	8.059694e-03	2.146985e-02	-1.341016e-02	-3.595416e-02	-1.750829e-02	-1.844587e-02	4.687885e-04	1.744001e-02	3.415693e-03	9.758530e-04	3.903620e-03	-2.927767e-03
364           	8.059885e-03	2.146955e-02	-1.340966e-02	-3.595346e-02	-1.750817e-02	-1.844529e-02	4.685591e-04	1.743961e-02	3.415705e-03	9.759198e-04	3.903665e-03	-2.927745e-03
365           	8.060123e-03	2.146928e-02	-1.340916e-02	-3.595283e-02	-1.750809e-02	-1.844474e-02	4.683253e-04	1.743922e-02	3.415714e-03	9.759983e-04	3.903713e-03	-2.927715e-03
366           	8.060539e-03	2.146910e-02	-1.340856e-02	-3.595232e-02	-1.750810e-02	-1.844422e-02	4.680565e-04	1.743883e-02	3.415713e-03	9.761157e-04	3.903771e-03	-2.927655e-03
367           	8.060594e-03	2.146873e-02	-1.340814e-02	-3.595164e-02	-1.750799e-02	-1.844365e-02	4.678295e-04	1.743844e-02	3.415731e-03	9.761373e-04	3.903800e-03	-2.927663e-03
368           	8.060716e-03	2.146841e-02	-1.340770e-02	-3.595103e-02	-1.750791e-02	-1.844311e-02	4.675998e-04	1.743805e-02	3.415745e-03	9.761775e-04	3.903834e-03	-2.927656e-03
369           	8.060940e-03	2.146813e-02	-1.340719e-02	-3.595052e-02	-1.750793e-02	-1.844259e-02	4.673317e-04	1.743766e-02	3.415753e-03	9.762356e-04	3.903871e-03	-2.927635e-03
370           	8.060893e-03	2.146771e-02	-1.340682e-02	-3.594971e-02	-1.750772e-02	-1.844199e-02	4.671366e-04	1.743727e-02	3.415777e-03	9.762158e-04	3.903885e-03	-2.927669e-03
371           	8.060862e-03	2.146731e-02	-1.340645e-02	-3.594891e-02	-1.750751e-02	-1.844140e-02	4.669438e-04	1.743688e-02	3.415800e-03	9.761965e-04	3.903898e-03	-2.927701e-03
372           	8.060813e-03	2.146690e-02	-1.340609e-02	-3.594810e-02	-1.750729e-02	-1.844081e-02	4.667577e-04	1.743649e-02	3.415825e-03	9.761639e-04	3.903907e-03	-2.927743e-03
373           	8.060744e-03	2.146648e-02	-1.340574e-02	-3.594727e-02	-1.750706e-02	-1.844022e-02	4.665793e-04	1.743611e-02	3.415853e-03	9.761177e-04	3.903912e-03	-2.927794e-03
374           	8.060655e-03	2.146607e-02	-1.340541e-02	-3.594644e-02	-1.750681e-02	-1.843963e-02	4.664102e-04	1.743574e-02	3.415883e-03	9.760585e-04	3.903913e-03	-2.927854e-03
375           	8.060543e-03	2.146565e-02	-1.340511e-02	-3.594561e-02	-1.750655e-02	-1.843906e-02	4.662527e-04	1.743538e-02	3.415917e-03	9.759879e-04	3.903911e-03	-2.927923e-03
376           	8.060410e-03	2.146523e-02	-1.340483e-02	-3.594478e-02	-1.750628e-02	-1.843850e-02	4.661092e-04	1.743503e-02	3.415953e-03	9.759080e-04	3.903907e-03	-2.927999e-03
377           	8.060252e-03	2.146482e-02	-1.340457e-02	-3.594395e-02	-1.750599e-02	-1.843796e-02	4.659818e-04	1.743470e-02	3.415992e-03	9.758205e-04	3.903902e-03	-2.928082e-03
378           	8.059932e-03	2.146433e-02	-1.340440e-02	-3.594301e-02	-1.750563e-02	-1.843738e-02	4.658780e-04	1.743436e-02	3.416038e-03	9.756989e-04	3.903888e-03	-2.928189e-03
379           	8.060021e-03	2.146404e-02	-1.340402e-02	-3.594224e-02	-1.750538e-02	-1.843686e-02	4.657374e-04	1.743403e-02	3.416062e-03	9.756868e-04	3.903905e-03	-2.928218e-03
380           	8.060074e-03	2.146375e-02	-1.340367e-02	-3.594147e-02	-1.750513e-02	-1.843634e-02	4.656075e-04	1.743371e-02	3.416088e-03	9.756664e-04	3.903921e-03	-2.928255e-03
381           	8.060138e-03	2.146347e-02	-1.340333e-02	-3.594073e-02	-1.750488e-02	-1.843585e-02	4.654849e-04	1.743340e-02	3.416113e-03	9.756566e-04	3.903941e-03	-2.928284e-03
382           	8.060210e-03	2.146320e-02	-1.340299e-02	-3.594000e-02	-1.750463e-02	-1.843537e-02	4.653675e-04	1.743310e-02	3.416135e-03	9.756587e-04	3.903965e-03	-2.928306e-03
383           	8.060265e-03	2.146292e-02	-1.340266e-02	-3.593916e-02	-1.750431e-02	-1.843485e-02	4.652704e-04	1.743279e-02	3.416156e-03	9.756679e-04	3.903990e-03	-2.928322e-03
384           	8.060415e-03	2.146270e-02	-1.340229e-02	-3.593866e-02	-1.750422e-02	-1.843443e-02	4.651051e-04	1.743249e-02	3.416170e-03	9.757140e-04	3.904027e-03	-2.928313e-03
385           	8.060594e-03	2.146251e-02	-1.340191e-02	-3.593821e-02	-1.750417e-02	-1.843404e-02	4.649376e-04	1.743221e-02	3.416180e-03	9.757743e-04	3.904067e-03	-2.928293e-03
386           	8.060816e-03	2.146235e-02	-1.340153e-02	-3.593783e-02	-1.750415e-02	-1.843368e-02	4.647662e-04	1.743194e-02	3.416186e-03	9.758523e-04	3.904113e-03	-2.928260e-03
387           	8.061085e-03	2.146223e-02	-1.340115e-02	-3.593754e-02	-1.750418e-02	-1.843336e-02	4.645922e-04	1.743169e-02	3.416189e-03	9.759470e-04	3.904162e-03	-2.928215e-03
388           	8.061551e-03	2.146221e-02	-1.340066e-02	-3.593737e-02	-1.750430e-02	-1.843307e-02	4.643850e-04	1.743144e-02	3.416180e-03	9.760881e-04	3.904224e-03	-2.928136e-03
389           	8.061584e-03	2.146198e-02	-1.340039e-02	-3.593699e-02	-1.750427e-02	-1.843272e-02	4.642290e-04	1.743118e-02	3.416194e-03	9.761165e-04	3.904252e-03	-2.928136e-03
390           	8.061677e-03	2.146178e-02	-1.340010e-02	-3.593664e-02	-1.750425e-02	-1.843239e-02	4.640738e-04	1.743094e-02	3.416203e-03	9.761624e-04	3.904285e-03	-2.928122e-03
391           	8.061772e-03	2.146160e-02	-1.339982e-02	-3.593631e-02	-1.750423e-02	-1.843208e-02	4.639231e-04	1.743071e-02	3.416213e-03	9.762020e-04	3.904314e-03	-2.928112e-03
392           	8.061939e-03	2.146144e-02	-1.339950e-02	-3.593605e-02	-1.750428e-02	-1.843177e-02	4.637441e-04	1.743047e-02	3.416219e-03	9.762475e-04	3.904343e-03	-2.928096e-03
393           	8.061844e-03	2.146115e-02	-1.339931e-02	-3.593549e-02	-1.750411e-02	-1.843138e-02	4.636383e-04	1.743023e-02	3.416242e-03	9.762123e-04	3.904348e-03	-2.928136e-03
394           	8.061739e-03	2.146086e-02	-1.339912e-02	-3.593491e-02	-1.750391e-02	-1.843100e-02	4.635412e-04	1.742999e-02	3.416266e-03	9.761659e-04	3.904349e-03	-2.928183e-03
395           	8.061591e-03	2.146056e-02	-1.339897e-02	-3.593431e-02	-1.750370e-02	-1.843061e-02	4.634580e-04	1.742977e-02	3.416294e-03	9.760967e-04	3.904343e-03	-2.928246e-03
396           	8.061398e-03	2.146025e-02	-1.339885e-02	-3.593370e-02	-1.750346e-02	-1.843024e-02	4.633896e-04	1.742955e-02	3.416328e-03	9.760051e-04	3.904330e-03	-2.928325e-03
397           	8.061155e-03	2.145993e-02	-1.339877e-02	-3.593307e-02	-1.750320e-02	-1.842987e-02	4.633375e-04	1.742935e-02	3.416366e-03	9.758921e-04	3.904312e-03	-2.928420e-03
398           	8.060684e-03	2.145949e-02	-1.339881e-02	-3.593231e-02	-1.750284e-02	-1.842947e-02	4.633174e-04	1.742915e-02	3.416416e-03	9.757226e-04	3.904278e-03	-2.928555e-03
399           	8.060716e-03	2.145930e-02	-1.339858e-02	-3.593178e-02	-1.750265e-02	-1.842913e-02	4.632415e-04	1.742894e-02	3.416439e-03	9.756820e-04	3.904280e-03	-2.928598e-03
400           	8.060683e-03	2.145909e-02	-1.339841e-02	-3.593125e-02	-1.750245e-02	-1.842880e-02	4.631749e-04	1.742875e-02	3.416468e-03	9.756204e-04	3.904278e-03	-2.928657e-03
401           	8.060650e-03	2.145889e-02	-1.339824e-02	-3.593075e-02	-1.750226e-02	-1.842849e-02	4.631136e-04	1.742856e-02	3.416496e-03	9.755651e-04	3.904278e-03	-2.928713e-03
