# Force and moment coefficients
# dragDir     : (1.000000e+00 0.000000e+00 0.000000e+00)
# sideDir     : (0.000000e+00 1.000000e+00 0.000000e+00)
# liftDir     : (0.000000e+00 0.000000e+00 1.000000e+00)
# rollAxis    : (1.000000e+00 0.000000e+00 0.000000e+00)
# pitchAxis   : (0.000000e+00 1.000000e+00 0.000000e+00)
# yawAxis     : (0.000000e+00 0.000000e+00 1.000000e+00)
# magUInf     : 6.661800e+00
# lRef        : 1.499270e-01
# Aref        : 5.000000e-02
# CofR        : (0.000000e+00 0.000000e+00 0.000000e+00)
#
# Time        	Cd            	Cd(f)         	Cd(r)         	Cl            	Cl(f)         	Cl(r)         	CmPitch       	CmRoll        	CmYaw         	Cs            	Cs(f)         	Cs(r)         
1             	5.844880e-01	2.876235e-01	2.968646e-01	-2.436061e-02	6.524121e-01	-6.767727e-01	6.645924e-01	-4.620551e-03	1.390046e-03	2.990383e-03	2.885237e-03	1.051459e-04
2             	4.347873e-01	2.128826e-01	2.219047e-01	-3.002062e-02	4.815545e-01	-5.115751e-01	4.965648e-01	-4.511062e-03	1.490770e-03	3.106363e-03	3.043952e-03	6.241130e-05
3             	3.347564e-01	1.639139e-01	1.708426e-01	-2.927962e-02	3.678588e-01	-3.971384e-01	3.824986e-01	-3.464331e-03	1.274220e-03	2.458400e-03	2.503420e-03	-4.502007e-05
4             	2.588729e-01	1.274795e-01	1.313934e-01	-2.414658e-02	2.823593e-01	-3.065059e-01	2.944326e-01	-1.956941e-03	8.994332e-04	1.392539e-03	1.595703e-03	-2.031636e-04
5             	1.975819e-01	9.833015e-02	9.925174e-02	-1.677816e-02	2.140497e-01	-2.308279e-01	2.224388e-01	-4.607932e-04	5.403090e-04	3.002370e-04	6.904275e-04	-3.901904e-04
6             	1.485069e-01	7.490399e-02	7.360291e-02	-9.144541e-03	1.599693e-01	-1.691139e-01	1.645416e-01	6.505443e-04	3.296562e-04	-4.982838e-04	8.051430e-05	-5.787981e-04
7             	1.114092e-01	5.687724e-02	5.453197e-02	-2.685997e-03	1.195641e-01	-1.222501e-01	1.209071e-01	1.172634e-03	3.332029e-04	-8.171469e-04	-7.537057e-05	-7.417764e-04
8             	8.592952e-02	4.404496e-02	4.188457e-02	1.802275e-03	9.219122e-02	-9.038894e-02	9.129008e-02	1.080196e-03	5.436549e-04	-6.245293e-04	2.313903e-04	-8.559196e-04
9             	7.076928e-02	3.588126e-02	3.488802e-02	4.134454e-03	7.621843e-02	-7.208397e-02	7.415120e-02	4.966234e-04	8.970514e-04	-2.120313e-05	8.864499e-04	-9.076530e-04
10            	6.377296e-02	3.153054e-02	3.224242e-02	4.577794e-03	6.912512e-02	-6.454733e-02	6.683623e-02	-3.559356e-04	1.293833e-03	7.998683e-04	1.693767e-03	-8.938987e-04
11            	6.232231e-02	2.993208e-02	3.239022e-02	3.665447e-03	6.794076e-02	-6.427531e-02	6.610803e-02	-1.229071e-03	1.631891e-03	1.617210e-03	2.440496e-03	-8.232859e-04
12            	6.384273e-02	3.000661e-02	3.383612e-02	2.010826e-03	6.979764e-02	-6.778682e-02	6.879223e-02	-1.914757e-03	1.835827e-03	2.242828e-03	2.957241e-03	-7.144125e-04
13            	6.620326e-02	3.081694e-02	3.538632e-02	1.653151e-04	7.236347e-02	-7.219816e-02	7.228082e-02	-2.284690e-03	1.869706e-03	2.558212e-03	3.148812e-03	-5.906003e-04
14            	6.794419e-02	3.166980e-02	3.627439e-02	-1.467560e-03	7.407713e-02	-7.554469e-02	7.481091e-02	-2.302293e-03	1.740791e-03	2.531368e-03	3.006475e-03	-4.751073e-04
15            	6.832457e-02	3.214466e-02	3.617991e-02	-2.663004e-03	7.418611e-02	-7.684912e-02	7.551762e-02	-2.017625e-03	1.493675e-03	2.212541e-03	2.599945e-03	-3.874046e-04
16            	6.722585e-02	3.207227e-02	3.515358e-02	-3.361448e-03	7.262874e-02	-7.599019e-02	7.430947e-02	-1.540657e-03	1.193659e-03	1.708637e-03	2.047978e-03	-3.393402e-04
17            	6.495186e-02	3.146969e-02	3.348216e-02	-3.623305e-03	6.979791e-02	-7.342122e-02	7.160956e-02	-1.006233e-03	9.101658e-04	1.151438e-03	1.485885e-03	-3.344466e-04
18            	6.202406e-02	3.047156e-02	3.155250e-02	-3.577504e-03	6.631054e-02	-6.988804e-02	6.809929e-02	-5.404676e-04	7.005455e-04	6.652892e-04	1.033190e-03	-3.679009e-04
19            	5.898250e-02	2.925727e-02	2.972522e-02	-3.369835e-03	6.278384e-02	-6.615367e-02	6.446875e-02	-2.339746e-04	5.981060e-04	3.402753e-04	7.682437e-04	-4.279684e-04
20            	5.624811e-02	2.799618e-02	2.825192e-02	-3.125024e-03	5.968487e-02	-6.280989e-02	6.124738e-02	-1.278720e-04	6.088792e-04	2.192965e-04	7.185274e-04	-4.992310e-04
21            	5.405704e-02	2.681547e-02	2.724158e-02	-2.926362e-03	5.726206e-02	-6.018842e-02	5.872524e-02	-2.130545e-04	7.135670e-04	2.957971e-04	8.614656e-04	-5.656685e-04
22            	5.245520e-02	2.578672e-02	2.666848e-02	-2.810673e-03	5.554453e-02	-5.835520e-02	5.694986e-02	-4.408824e-04	8.756073e-04	5.234528e-04	1.137334e-03	-6.138809e-04
23            	5.134274e-02	2.493070e-02	2.641204e-02	-2.776368e-03	5.439709e-02	-5.717346e-02	5.578527e-02	-7.406699e-04	1.051436e-03	8.322690e-04	1.467570e-03	-6.353010e-04
24            	5.053305e-02	2.422945e-02	2.630359e-02	-2.796305e-03	5.358997e-02	-5.638628e-02	5.498812e-02	-1.037069e-03	1.199656e-03	1.145753e-03	1.772532e-03	-6.267794e-04
25            	4.982794e-02	2.364556e-02	2.618238e-02	-2.834975e-03	5.288634e-02	-5.572131e-02	5.430382e-02	-1.268410e-03	1.291399e-03	1.399999e-03	1.991399e-03	-5.913999e-04
26            	4.907057e-02	2.314044e-02	2.593013e-02	-2.861452e-03	5.210101e-02	-5.496246e-02	5.353174e-02	-1.394846e-03	1.311547e-03	1.551077e-03	2.087086e-03	-5.360085e-04
27            	4.817077e-02	2.268201e-02	2.548876e-02	-2.856519e-03	5.112969e-02	-5.398621e-02	5.255795e-02	-1.403376e-03	1.260679e-03	1.581689e-03	2.051523e-03	-4.698345e-04
28            	4.711341e-02	2.225051e-02	2.486290e-02	-2.815722e-03	4.995712e-02	-5.277284e-02	5.136498e-02	-1.306195e-03	1.152790e-03	1.500223e-03	1.902902e-03	-4.026783e-04
29            	4.594581e-02	2.183888e-02	2.410693e-02	-2.747543e-03	4.864149e-02	-5.138903e-02	5.001526e-02	-1.134025e-03	1.010573e-03	1.334825e-03	1.677985e-03	-3.431600e-04
30            	4.475390e-02	2.144991e-02	2.330399e-02	-2.668789e-03	4.728560e-02	-4.995438e-02	4.861999e-02	-9.270388e-04	8.601226e-04	1.125051e-03	1.422648e-03	-2.975971e-04
31            	4.363049e-02	2.109073e-02	2.253976e-02	-2.598050e-03	4.600038e-02	-4.859843e-02	4.729941e-02	-7.245172e-04	7.243048e-04	9.111362e-04	1.179873e-03	-2.687367e-04
32            	4.265107e-02	2.076748e-02	2.188359e-02	-2.550577e-03	4.487663e-02	-4.742720e-02	4.615191e-02	-5.580570e-04	6.197559e-04	7.271971e-04	9.833545e-04	-2.561574e-04
33            	4.185894e-02	2.048234e-02	2.137661e-02	-2.535046e-03	4.396743e-02	-4.650248e-02	4.523496e-02	-4.471333e-04	5.550015e-04	5.960646e-04	8.530338e-04	-2.569692e-04
34            	4.125970e-02	2.023224e-02	2.102746e-02	-2.552360e-03	4.328182e-02	-4.583418e-02	4.455800e-02	-3.976078e-04	5.301902e-04	5.270010e-04	7.936907e-04	-2.666897e-04
35            	4.082524e-02	2.000910e-02	2.081614e-02	-2.596459e-03	4.278911e-02	-4.538557e-02	4.408734e-02	-4.035221e-04	5.387910e-04	5.168250e-04	7.972036e-04	-2.803785e-04
36            	4.050460e-02	1.980182e-02	2.070278e-02	-2.656618e-03	4.243143e-02	-4.508805e-02	4.375974e-02	-4.504816e-04	5.700045e-04	5.528420e-04	8.464255e-04	-2.935835e-04
37            	4.023774e-02	1.959889e-02	2.063885e-02	-2.720367e-03	4.213970e-02	-4.486007e-02	4.349989e-02	-5.199834e-04	6.114938e-04	6.169601e-04	9.199739e-04	-3.030138e-04
38            	3.996889e-02	1.939080e-02	2.057809e-02	-2.776341e-03	4.184913e-02	-4.462547e-02	4.323730e-02	-5.936477e-04	6.519294e-04	6.900637e-04	9.969613e-04	-3.068976e-04
39            	3.965727e-02	1.917205e-02	2.048522e-02	-2.816498e-03	4.151146e-02	-4.432796e-02	4.291971e-02	-6.565860e-04	6.828900e-04	7.557624e-04	1.060771e-03	-3.050088e-04
40            	3.928203e-02	1.894188e-02	2.034015e-02	-2.837134e-03	4.110116e-02	-4.393830e-02	4.251973e-02	-6.991310e-04	6.995359e-04	8.025182e-04	1.100795e-03	-2.982768e-04
41            	3.884262e-02	1.870390e-02	2.013872e-02	-2.838882e-03	4.061601e-02	-4.345489e-02	4.203545e-02	-7.174072e-04	7.006971e-04	8.246937e-04	1.113044e-03	-2.883503e-04
42            	3.835486e-02	1.846474e-02	1.989013e-02	-2.825818e-03	4.007289e-02	-4.289871e-02	4.148580e-02	-7.126959e-04	6.882484e-04	8.222862e-04	1.099391e-03	-2.771053e-04
43            	3.784459e-02	1.823244e-02	1.961215e-02	-2.804043e-03	3.950069e-02	-4.230473e-02	4.090271e-02	-6.898523e-04	6.659723e-04	7.995796e-04	1.065762e-03	-2.661825e-04
44            	3.734049e-02	1.801471e-02	1.932577e-02	-2.780131e-03	3.893214e-02	-4.171227e-02	4.032221e-02	-6.555317e-04	6.383869e-04	7.633952e-04	1.020084e-03	-2.566893e-04
45            	3.686753e-02	1.781727e-02	1.905026e-02	-2.759725e-03	3.839634e-02	-4.115607e-02	3.977621e-02	-6.164926e-04	6.097092e-04	7.212429e-04	9.703307e-04	-2.490878e-04
46            	3.644272e-02	1.764299e-02	1.879973e-02	-2.746639e-03	3.791364e-02	-4.066027e-02	3.928695e-02	-5.783717e-04	5.831723e-04	6.798399e-04	9.230923e-04	-2.432524e-04
47            	3.607299e-02	1.749153e-02	1.858146e-02	-2.742463e-03	3.749310e-02	-4.023556e-02	3.886433e-02	-5.449675e-04	5.606829e-04	6.440772e-04	8.827215e-04	-2.386443e-04
48            	3.575565e-02	1.735975e-02	1.839590e-02	-2.746687e-03	3.713276e-02	-3.987944e-02	3.850610e-02	-5.180753e-04	5.428369e-04	6.165813e-04	8.511276e-04	-2.345463e-04
49            	3.548057e-02	1.724250e-02	1.823807e-02	-2.757210e-03	3.682193e-02	-3.957914e-02	3.820054e-02	-4.977837e-04	5.292058e-04	5.978103e-04	8.281110e-04	-2.303007e-04
50            	3.523343e-02	1.713363e-02	1.809980e-02	-2.771067e-03	3.654481e-02	-3.931587e-02	3.793034e-02	-4.830834e-04	5.187988e-04	5.865860e-04	8.120918e-04	-2.255058e-04
51            	3.499917e-02	1.702706e-02	1.797211e-02	-2.785178e-03	3.628430e-02	-3.906948e-02	3.767689e-02	-4.725279e-04	5.105206e-04	5.807959e-04	8.009185e-04	-2.201226e-04
52            	3.476499e-02	1.691773e-02	1.784727e-02	-2.796986e-03	3.602550e-02	-3.882248e-02	3.742399e-02	-4.647696e-04	5.034970e-04	5.780846e-04	7.925393e-04	-2.144547e-04
53            	3.452232e-02	1.680226e-02	1.772006e-02	-2.804855e-03	3.575797e-02	-3.856282e-02	3.716039e-02	-4.588986e-04	4.972581e-04	5.764062e-04	7.854612e-04	-2.090549e-04
54            	3.426754e-02	1.667923e-02	1.758831e-02	-2.808222e-03	3.547679e-02	-3.828502e-02	3.688090e-02	-4.545409e-04	4.917489e-04	5.743555e-04	7.789266e-04	-2.045711e-04
55            	3.400171e-02	1.654906e-02	1.745265e-02	-2.807506e-03	3.518236e-02	-3.798987e-02	3.658612e-02	-4.517923e-04	4.872362e-04	5.713008e-04	7.728866e-04	-2.015859e-04
56            	3.372940e-02	1.641370e-02	1.731570e-02	-2.803842e-03	3.487919e-02	-3.768303e-02	3.628111e-02	-4.509972e-04	4.841191e-04	5.672904e-04	7.677643e-04	-2.004739e-04
57            	3.345710e-02	1.627610e-02	1.718100e-02	-2.798735e-03	3.457423e-02	-3.737297e-02	3.597360e-02	-4.524538e-04	4.826988e-04	5.628037e-04	7.641006e-04	-2.012969e-04
58            	3.319156e-02	1.613963e-02	1.705193e-02	-2.793700e-03	3.427505e-02	-3.706875e-02	3.567190e-02	-4.561502e-04	4.829922e-04	5.584463e-04	7.622154e-04	-2.037691e-04
59            	3.293843e-02	1.600757e-02	1.693086e-02	-2.789980e-03	3.398829e-02	-3.677827e-02	3.538328e-02	-4.616423e-04	4.846525e-04	5.547034e-04	7.620042e-04	-2.073008e-04
60            	3.270135e-02	1.588266e-02	1.681869e-02	-2.788350e-03	3.371850e-02	-3.650685e-02	3.511267e-02	-4.680180e-04	4.869591e-04	5.517358e-04	7.628270e-04	-2.110911e-04
61            	3.248159e-02	1.576675e-02	1.671484e-02	-2.789068e-03	3.346773e-02	-3.625680e-02	3.486226e-02	-4.740482e-04	4.889471e-04	5.493479e-04	7.636210e-04	-2.142731e-04
62            	3.227823e-02	1.566072e-02	1.661751e-02	-2.791918e-03	3.323557e-02	-3.602749e-02	3.463153e-02	-4.783912e-04	4.895702e-04	5.470242e-04	7.630824e-04	-2.160581e-04
63            	3.208868e-02	1.556449e-02	1.652418e-02	-2.796337e-03	3.301966e-02	-3.581600e-02	3.441783e-02	-4.798472e-04	4.879073e-04	5.440744e-04	7.599445e-04	-2.158700e-04
64            	3.190941e-02	1.547712e-02	1.643229e-02	-2.801585e-03	3.281641e-02	-3.561799e-02	3.421720e-02	-4.775845e-04	4.833293e-04	5.397950e-04	7.532268e-04	-2.134318e-04
65            	3.173673e-02	1.539705e-02	1.633968e-02	-2.806906e-03	3.262186e-02	-3.542877e-02	3.402531e-02	-4.713151e-04	4.756368e-04	5.336558e-04	7.424647e-04	-2.088088e-04
66            	3.156742e-02	1.532235e-02	1.624507e-02	-2.811669e-03	3.243238e-02	-3.524405e-02	3.383821e-02	-4.613600e-04	4.651036e-04	5.254302e-04	7.278187e-04	-2.023885e-04
67            	3.139918e-02	1.525098e-02	1.614820e-02	-2.815453e-03	3.224515e-02	-3.506061e-02	3.365288e-02	-4.486115e-04	4.524487e-04	5.152686e-04	7.100830e-04	-1.948144e-04
68            	3.123078e-02	1.518100e-02	1.604978e-02	-2.818078e-03	3.205847e-02	-3.487655e-02	3.346751e-02	-4.343901e-04	4.387233e-04	5.036854e-04	6.905660e-04	-1.868806e-04
69            	3.106202e-02	1.511076e-02	1.595125e-02	-2.819589e-03	3.187172e-02	-3.469131e-02	3.328152e-02	-4.202441e-04	4.251552e-04	4.914829e-04	6.708967e-04	-1.794138e-04
70            	3.089353e-02	1.503907e-02	1.585446e-02	-2.820203e-03	3.168521e-02	-3.450541e-02	3.309531e-02	-4.076924e-04	4.129466e-04	4.796019e-04	6.527475e-04	-1.731456e-04
71            	3.072643e-02	1.496519e-02	1.576124e-02	-2.820229e-03	3.149986e-02	-3.432009e-02	3.290998e-02	-3.980256e-04	4.031196e-04	4.689866e-04	6.376129e-04	-1.686263e-04
72            	3.056201e-02	1.488888e-02	1.567314e-02	-2.819997e-03	3.131689e-02	-3.413688e-02	3.272689e-02	-3.921308e-04	3.963781e-04	4.604329e-04	6.265946e-04	-1.661617e-04
73            	3.040143e-02	1.481032e-02	1.559111e-02	-2.819797e-03	3.113747e-02	-3.395727e-02	3.254737e-02	-3.903966e-04	3.930330e-04	4.544824e-04	6.202742e-04	-1.657918e-04
74            	3.024552e-02	1.473007e-02	1.551545e-02	-2.819838e-03	3.096258e-02	-3.378242e-02	3.237250e-02	-3.926907e-04	3.929779e-04	4.513466e-04	6.186512e-04	-1.673046e-04
75            	3.009472e-02	1.464895e-02	1.544577e-02	-2.820229e-03	3.079281e-02	-3.361304e-02	3.220292e-02	-3.984102e-04	3.957265e-04	4.508818e-04	6.211674e-04	-1.702855e-04
76            	2.994905e-02	1.456792e-02	1.538113e-02	-2.820987e-03	3.062837e-02	-3.344936e-02	3.203887e-02	-4.066044e-04	4.005100e-04	4.526444e-04	6.268322e-04	-1.741878e-04
77            	2.980821e-02	1.448798e-02	1.532023e-02	-2.822054e-03	3.046916e-02	-3.329121e-02	3.188018e-02	-4.161269e-04	4.063961e-04	4.559645e-04	6.343784e-04	-1.784139e-04
78            	2.967169e-02	1.441004e-02	1.526165e-02	-2.823328e-03	3.031481e-02	-3.313814e-02	3.172647e-02	-4.258035e-04	4.124220e-04	4.600536e-04	6.424488e-04	-1.823953e-04
79            	2.953889e-02	1.433486e-02	1.520404e-02	-2.824693e-03	3.016486e-02	-3.298956e-02	3.157721e-02	-4.345885e-04	4.177209e-04	4.641205e-04	6.497811e-04	-1.856606e-04
80            	2.940930e-02	1.426297e-02	1.514633e-02	-2.826047e-03	3.001885e-02	-3.284490e-02	3.143188e-02	-4.416770e-04	4.216163e-04	4.674701e-04	6.553513e-04	-1.878812e-04
81            	2.928248e-02	1.419467e-02	1.508782e-02	-2.827316e-03	2.987637e-02	-3.270369e-02	3.129003e-02	-4.465756e-04	4.236846e-04	4.695833e-04	6.584762e-04	-1.888929e-04
82            	2.915818e-02	1.412997e-02	1.502821e-02	-2.828462e-03	2.973714e-02	-3.256560e-02	3.115137e-02	-4.491225e-04	4.237807e-04	4.701670e-04	6.588642e-04	-1.886972e-04
83            	2.903631e-02	1.406870e-02	1.496761e-02	-2.829488e-03	2.960100e-02	-3.243048e-02	3.101574e-02	-4.494553e-04	4.220022e-04	4.691422e-04	6.565733e-04	-1.874311e-04
84            	2.891687e-02	1.401048e-02	1.490639e-02	-2.830419e-03	2.946788e-02	-3.229829e-02	3.088308e-02	-4.479528e-04	4.186594e-04	4.666414e-04	6.519801e-04	-1.853387e-04
85            	2.879995e-02	1.395483e-02	1.484512e-02	-2.831295e-03	2.933777e-02	-3.216906e-02	3.075342e-02	-4.451474e-04	4.142002e-04	4.629567e-04	6.456785e-04	-1.827218e-04
86            	2.868566e-02	1.390119e-02	1.478447e-02	-2.832160e-03	2.921068e-02	-3.204284e-02	3.062676e-02	-4.416413e-04	4.091419e-04	4.584871e-04	6.383855e-04	-1.798983e-04
87            	2.857407e-02	1.384902e-02	1.472506e-02	-2.833049e-03	2.908662e-02	-3.191966e-02	3.050314e-02	-4.380209e-04	4.039985e-04	4.536722e-04	6.308346e-04	-1.771624e-04
88            	2.846521e-02	1.379781e-02	1.466739e-02	-2.833983e-03	2.896552e-02	-3.179950e-02	3.038251e-02	-4.347898e-04	3.992197e-04	4.489326e-04	6.236860e-04	-1.747534e-04
89            	2.835901e-02	1.374717e-02	1.461184e-02	-2.834968e-03	2.884728e-02	-3.168225e-02	3.026476e-02	-4.323324e-04	3.951579e-04	4.446333e-04	6.174746e-04	-1.728413e-04
90            	2.825535e-02	1.369678e-02	1.455857e-02	-2.835992e-03	2.873175e-02	-3.156775e-02	3.014975e-02	-4.308927e-04	3.920493e-04	4.410558e-04	6.125772e-04	-1.715214e-04
91            	2.815410e-02	1.364650e-02	1.450760e-02	-2.837038e-03	2.861879e-02	-3.145583e-02	3.003731e-02	-4.305506e-04	3.899739e-04	4.383459e-04	6.091468e-04	-1.708009e-04
92            	2.805507e-02	1.359627e-02	1.445880e-02	-2.838079e-03	2.850821e-02	-3.134629e-02	2.992725e-02	-4.312645e-04	3.889071e-04	4.365533e-04	6.071837e-04	-1.706304e-04
93            	2.795810e-02	1.354616e-02	1.441194e-02	-2.839093e-03	2.839988e-02	-3.123897e-02	2.981942e-02	-4.328912e-04	3.887299e-04	4.356315e-04	6.065457e-04	-1.709141e-04
94            	2.786307e-02	1.349631e-02	1.436676e-02	-2.840060e-03	2.829366e-02	-3.113372e-02	2.971369e-02	-4.352248e-04	3.892621e-04	4.354629e-04	6.069936e-04	-1.715307e-04
95            	2.776986e-02	1.344690e-02	1.432296e-02	-2.840971e-03	2.818949e-02	-3.103047e-02	2.960998e-02	-4.380318e-04	3.902924e-04	4.358835e-04	6.082341e-04	-1.723506e-04
96            	2.767842e-02	1.339813e-02	1.428030e-02	-2.841825e-03	2.808734e-02	-3.092917e-02	2.950826e-02	-4.410846e-04	3.916092e-04	4.367114e-04	6.099649e-04	-1.732535e-04
97            	2.758876e-02	1.335020e-02	1.423857e-02	-2.842630e-03	2.798721e-02	-3.082984e-02	2.940853e-02	-4.441853e-04	3.930238e-04	4.377697e-04	6.119087e-04	-1.741390e-04
98            	2.750089e-02	1.330327e-02	1.419763e-02	-2.843400e-03	2.788913e-02	-3.073253e-02	2.931083e-02	-4.471814e-04	3.943867e-04	4.389056e-04	6.138395e-04	-1.749339e-04
99            	2.741485e-02	1.325745e-02	1.415740e-02	-2.844153e-03	2.779314e-02	-3.063730e-02	2.921522e-02	-4.499748e-04	3.955975e-04	4.400042e-04	6.155997e-04	-1.755954e-04
100           	2.733066e-02	1.321281e-02	1.411785e-02	-2.844905e-03	2.769928e-02	-3.054418e-02	2.912173e-02	-4.525208e-04	3.966066e-04	4.409930e-04	6.171030e-04	-1.761101e-04
101           	2.724836e-02	1.316936e-02	1.407900e-02	-2.845671e-03	2.760755e-02	-3.045322e-02	2.903038e-02	-4.548206e-04	3.974083e-04	4.418403e-04	6.183285e-04	-1.764882e-04
102           	2.716794e-02	1.312706e-02	1.404088e-02	-2.846460e-03	2.751795e-02	-3.036441e-02	2.894118e-02	-4.569113e-04	3.980335e-04	4.425511e-04	6.193091e-04	-1.767580e-04
103           	2.708941e-02	1.308585e-02	1.400356e-02	-2.847278e-03	2.743047e-02	-3.027775e-02	2.885411e-02	-4.588508e-04	3.985361e-04	4.431560e-04	6.201141e-04	-1.769581e-04
104           	2.701270e-02	1.304564e-02	1.396706e-02	-2.848123e-03	2.734504e-02	-3.019316e-02	2.876910e-02	-4.607074e-04	3.989813e-04	4.437025e-04	6.208326e-04	-1.771301e-04
105           	2.693776e-02	1.300633e-02	1.393143e-02	-2.848989e-03	2.726158e-02	-3.011057e-02	2.868607e-02	-4.625513e-04	3.994371e-04	4.442454e-04	6.215598e-04	-1.773144e-04
106           	2.686451e-02	1.296782e-02	1.389670e-02	-2.849866e-03	2.718001e-02	-3.002987e-02	2.860494e-02	-4.644409e-04	3.999631e-04	4.448388e-04	6.223825e-04	-1.775437e-04
107           	2.679289e-02	1.293002e-02	1.386287e-02	-2.850745e-03	2.710024e-02	-2.995098e-02	2.852561e-02	-4.664237e-04	4.006073e-04	4.455292e-04	6.233719e-04	-1.778427e-04
108           	2.672281e-02	1.289287e-02	1.382993e-02	-2.851618e-03	2.702220e-02	-2.987381e-02	2.844801e-02	-4.685315e-04	4.014024e-04	4.463515e-04	6.245782e-04	-1.782266e-04
109           	2.665421e-02	1.285632e-02	1.379788e-02	-2.852476e-03	2.694581e-02	-2.979828e-02	2.837205e-02	-4.707792e-04	4.023640e-04	4.473264e-04	6.260272e-04	-1.787008e-04
110           	2.658704e-02	1.282035e-02	1.376669e-02	-2.853316e-03	2.687101e-02	-2.972433e-02	2.829767e-02	-4.731674e-04	4.034930e-04	4.484613e-04	6.277237e-04	-1.792624e-04
111           	2.652125e-02	1.278494e-02	1.373631e-02	-2.854136e-03	2.679776e-02	-2.965190e-02	2.822483e-02	-4.756871e-04	4.047795e-04	4.497532e-04	6.296561e-04	-1.799029e-04
112           	2.645682e-02	1.275009e-02	1.370673e-02	-2.854934e-03	2.672602e-02	-2.958096e-02	2.815349e-02	-4.783227e-04	4.062056e-04	4.511909e-04	6.318011e-04	-1.806102e-04
113           	2.639373e-02	1.271581e-02	1.367792e-02	-2.855714e-03	2.665577e-02	-2.951148e-02	2.808363e-02	-4.810550e-04	4.077497e-04	4.527586e-04	6.341290e-04	-1.813704e-04
114           	2.633195e-02	1.268211e-02	1.364984e-02	-2.856479e-03	2.658698e-02	-2.944346e-02	2.801522e-02	-4.838633e-04	4.093881e-04	4.544376e-04	6.366069e-04	-1.821693e-04
115           	2.627147e-02	1.264901e-02	1.362246e-02	-2.857231e-03	2.651965e-02	-2.937688e-02	2.794827e-02	-4.867275e-04	4.110983e-04	4.562083e-04	6.392025e-04	-1.829942e-04
116           	2.621228e-02	1.261651e-02	1.359577e-02	-2.857973e-03	2.645375e-02	-2.931173e-02	2.788274e-02	-4.896306e-04	4.128603e-04	4.580512e-04	6.418859e-04	-1.838347e-04
117           	2.615437e-02	1.258463e-02	1.356974e-02	-2.858709e-03	2.638928e-02	-2.924798e-02	2.781863e-02	-4.925542e-04	4.146559e-04	4.599488e-04	6.446303e-04	-1.846815e-04
118           	2.609772e-02	1.255337e-02	1.354434e-02	-2.859440e-03	2.632620e-02	-2.918564e-02	2.775592e-02	-4.954853e-04	4.164709e-04	4.618858e-04	6.474138e-04	-1.855280e-04
119           	2.604231e-02	1.252274e-02	1.351957e-02	-2.860167e-03	2.626451e-02	-2.912468e-02	2.769459e-02	-4.984155e-04	4.182956e-04	4.638502e-04	6.502207e-04	-1.863705e-04
120           	2.598811e-02	1.249272e-02	1.349540e-02	-2.860890e-03	2.620417e-02	-2.906506e-02	2.763462e-02	-5.013401e-04	4.201238e-04	4.658329e-04	6.530403e-04	-1.872074e-04
121           	2.593510e-02	1.246329e-02	1.347181e-02	-2.861607e-03	2.614516e-02	-2.900677e-02	2.757597e-02	-5.042576e-04	4.219529e-04	4.678286e-04	6.558672e-04	-1.880386e-04
122           	2.588326e-02	1.243446e-02	1.344880e-02	-2.862319e-03	2.608744e-02	-2.894976e-02	2.751860e-02	-5.071678e-04	4.237819e-04	4.698335e-04	6.586987e-04	-1.888651e-04
123           	2.583255e-02	1.240620e-02	1.342635e-02	-2.863022e-03	2.603099e-02	-2.889401e-02	2.746250e-02	-5.100716e-04	4.256110e-04	4.718452e-04	6.615336e-04	-1.896883e-04
124           	2.578294e-02	1.237850e-02	1.340444e-02	-2.863717e-03	2.597577e-02	-2.883949e-02	2.740763e-02	-5.129693e-04	4.274405e-04	4.738622e-04	6.643716e-04	-1.905094e-04
125           	2.573442e-02	1.235135e-02	1.338307e-02	-2.864401e-03	2.592175e-02	-2.878615e-02	2.735395e-02	-5.158615e-04	4.292710e-04	4.758834e-04	6.672127e-04	-1.913293e-04
126           	2.568694e-02	1.232472e-02	1.336222e-02	-2.865074e-03	2.586891e-02	-2.873398e-02	2.730145e-02	-5.187500e-04	4.311040e-04	4.779093e-04	6.700587e-04	-1.921494e-04
127           	2.564049e-02	1.229860e-02	1.334189e-02	-2.865733e-03	2.581720e-02	-2.868293e-02	2.725006e-02	-5.216431e-04	4.329494e-04	4.799471e-04	6.729230e-04	-1.929759e-04
128           	2.559505e-02	1.227299e-02	1.332205e-02	-2.866382e-03	2.576661e-02	-2.863300e-02	2.719980e-02	-5.245290e-04	4.347958e-04	4.819874e-04	6.757895e-04	-1.938022e-04
129           	2.555059e-02	1.224789e-02	1.330270e-02	-2.867018e-03	2.571713e-02	-2.858415e-02	2.715064e-02	-5.274069e-04	4.366435e-04	4.840303e-04	6.786587e-04	-1.946284e-04
130           	2.550711e-02	1.222328e-02	1.328383e-02	-2.867643e-03	2.566873e-02	-2.853637e-02	2.710255e-02	-5.302755e-04	4.384918e-04	4.860754e-04	6.815295e-04	-1.954541e-04
131           	2.546458e-02	1.219916e-02	1.326542e-02	-2.868256e-03	2.562139e-02	-2.848964e-02	2.705552e-02	-5.331301e-04	4.403379e-04	4.881199e-04	6.843978e-04	-1.962780e-04
132           	2.542299e-02	1.217553e-02	1.324746e-02	-2.868859e-03	2.557509e-02	-2.844395e-02	2.700952e-02	-5.359623e-04	4.421724e-04	4.901548e-04	6.872498e-04	-1.970950e-04
133           	2.538231e-02	1.215238e-02	1.322993e-02	-2.869449e-03	2.552979e-02	-2.839924e-02	2.696452e-02	-5.387737e-04	4.440001e-04	4.921841e-04	6.900921e-04	-1.979080e-04
134           	2.534252e-02	1.212970e-02	1.321282e-02	-2.870027e-03	2.548549e-02	-2.835552e-02	2.692050e-02	-5.415618e-04	4.458178e-04	4.942044e-04	6.929200e-04	-1.987155e-04
135           	2.530360e-02	1.210747e-02	1.319612e-02	-2.870591e-03	2.544216e-02	-2.831275e-02	2.687745e-02	-5.443240e-04	4.476219e-04	4.962121e-04	6.957279e-04	-1.995158e-04
136           	2.526553e-02	1.208571e-02	1.317983e-02	-2.871142e-03	2.539977e-02	-2.827092e-02	2.683534e-02	-5.470590e-04	4.494097e-04	4.982044e-04	6.985119e-04	-2.003075e-04
137           	2.522831e-02	1.206439e-02	1.316392e-02	-2.871681e-03	2.535832e-02	-2.823000e-02	2.679416e-02	-5.497652e-04	4.511785e-04	5.001782e-04	7.012676e-04	-2.010894e-04
138           	2.519191e-02	1.204352e-02	1.314840e-02	-2.872207e-03	2.531779e-02	-2.818999e-02	2.675389e-02	-5.524386e-04	4.529235e-04	5.021283e-04	7.039876e-04	-2.018593e-04
139           	2.515631e-02	1.202308e-02	1.313324e-02	-2.872719e-03	2.527814e-02	-2.815085e-02	2.671449e-02	-5.550809e-04	4.546459e-04	5.040540e-04	7.066729e-04	-2.026189e-04
140           	2.512151e-02	1.200308e-02	1.311843e-02	-2.873220e-03	2.523937e-02	-2.811259e-02	2.667598e-02	-5.576767e-04	4.563326e-04	5.059443e-04	7.093047e-04	-2.033605e-04
141           	2.508748e-02	1.198352e-02	1.310396e-02	-2.873709e-03	2.520147e-02	-2.807518e-02	2.663833e-02	-5.602224e-04	4.579803e-04	5.077956e-04	7.118782e-04	-2.040825e-04
142           	2.505422e-02	1.196440e-02	1.308983e-02	-2.874186e-03	2.516443e-02	-2.803861e-02	2.660152e-02	-5.627154e-04	4.595865e-04	5.096051e-04	7.143891e-04	-2.047839e-04
143           	2.502172e-02	1.194571e-02	1.307601e-02	-2.874655e-03	2.512823e-02	-2.800288e-02	2.656555e-02	-5.651522e-04	4.611482e-04	5.113694e-04	7.168329e-04	-2.054636e-04
144           	2.498995e-02	1.192744e-02	1.306250e-02	-2.875112e-03	2.509284e-02	-2.796795e-02	2.653039e-02	-5.675308e-04	4.626628e-04	5.130852e-04	7.192054e-04	-2.061202e-04
145           	2.495889e-02	1.190959e-02	1.304929e-02	-2.875558e-03	2.505824e-02	-2.793380e-02	2.649602e-02	-5.698501e-04	4.641283e-04	5.147504e-04	7.215035e-04	-2.067531e-04
146           	2.492852e-02	1.189215e-02	1.303637e-02	-2.875991e-03	2.502441e-02	-2.790041e-02	2.646241e-02	-5.721092e-04	4.655434e-04	5.163631e-04	7.237249e-04	-2.073618e-04
147           	2.489884e-02	1.187511e-02	1.302372e-02	-2.876410e-03	2.499135e-02	-2.786776e-02	2.642955e-02	-5.743067e-04	4.669071e-04	5.179222e-04	7.258683e-04	-2.079460e-04
148           	2.486982e-02	1.185847e-02	1.301135e-02	-2.876817e-03	2.495902e-02	-2.783584e-02	2.639743e-02	-5.764414e-04	4.682192e-04	5.194272e-04	7.279328e-04	-2.085056e-04
149           	2.484146e-02	1.184222e-02	1.299924e-02	-2.877210e-03	2.492742e-02	-2.780463e-02	2.636603e-02	-5.785121e-04	4.694795e-04	5.208776e-04	7.299183e-04	-2.090407e-04
150           	2.481374e-02	1.182635e-02	1.298738e-02	-2.877591e-03	2.489654e-02	-2.777413e-02	2.633533e-02	-5.805171e-04	4.706881e-04	5.222727e-04	7.318245e-04	-2.095518e-04
151           	2.478664e-02	1.181087e-02	1.297578e-02	-2.877961e-03	2.486635e-02	-2.774431e-02	2.630533e-02	-5.824548e-04	4.718448e-04	5.236121e-04	7.336509e-04	-2.100388e-04
152           	2.476016e-02	1.179576e-02	1.296441e-02	-2.878319e-03	2.483684e-02	-2.771516e-02	2.627600e-02	-5.843247e-04	4.729503e-04	5.248961e-04	7.353984e-04	-2.105023e-04
153           	2.473428e-02	1.178102e-02	1.295327e-02	-2.878667e-03	2.480801e-02	-2.768667e-02	2.624734e-02	-5.861273e-04	4.740058e-04	5.261253e-04	7.370684e-04	-2.109431e-04
154           	2.470899e-02	1.176663e-02	1.294236e-02	-2.879004e-03	2.477982e-02	-2.765883e-02	2.621932e-02	-5.878626e-04	4.750118e-04	5.273002e-04	7.386619e-04	-2.113617e-04
155           	2.468428e-02	1.175261e-02	1.293167e-02	-2.879332e-03	2.475228e-02	-2.763161e-02	2.619194e-02	-5.895313e-04	4.759693e-04	5.284214e-04	7.401800e-04	-2.117586e-04
156           	2.466013e-02	1.173893e-02	1.292120e-02	-2.879650e-03	2.472536e-02	-2.760501e-02	2.616519e-02	-5.911353e-04	4.768802e-04	5.294909e-04	7.416257e-04	-2.121348e-04
157           	2.463653e-02	1.172559e-02	1.291094e-02	-2.879958e-03	2.469906e-02	-2.757901e-02	2.613903e-02	-5.926763e-04	4.777466e-04	5.305110e-04	7.430020e-04	-2.124911e-04
158           	2.461347e-02	1.171258e-02	1.290089e-02	-2.880258e-03	2.467335e-02	-2.755361e-02	2.611348e-02	-5.941558e-04	4.785696e-04	5.314828e-04	7.443111e-04	-2.128282e-04
159           	2.459093e-02	1.169988e-02	1.289105e-02	-2.880547e-03	2.464823e-02	-2.752878e-02	2.608850e-02	-5.955848e-04	4.793561e-04	5.324115e-04	7.455618e-04	-2.131504e-04
160           	2.456891e-02	1.168750e-02	1.288141e-02	-2.880828e-03	2.462368e-02	-2.750451e-02	2.606410e-02	-5.969561e-04	4.801022e-04	5.332952e-04	7.467498e-04	-2.134546e-04
161           	2.454741e-02	1.167543e-02	1.287198e-02	-2.881100e-03	2.459971e-02	-2.748081e-02	2.604026e-02	-5.982725e-04	4.808097e-04	5.341356e-04	7.478775e-04	-2.137418e-04
162           	2.452640e-02	1.166366e-02	1.286273e-02	-2.881364e-03	2.457628e-02	-2.745765e-02	2.601696e-02	-5.995347e-04	4.814781e-04	5.349325e-04	7.489444e-04	-2.140119e-04
163           	2.450587e-02	1.165219e-02	1.285368e-02	-2.881619e-03	2.455340e-02	-2.743502e-02	2.599421e-02	-6.007433e-04	4.821077e-04	5.356856e-04	7.499505e-04	-2.142649e-04
164           	2.448583e-02	1.164101e-02	1.284481e-02	-2.881865e-03	2.453105e-02	-2.741291e-02	2.597198e-02	-6.018988e-04	4.826984e-04	5.363952e-04	7.508960e-04	-2.145008e-04
165           	2.446625e-02	1.163012e-02	1.283612e-02	-2.882102e-03	2.450921e-02	-2.739131e-02	2.595026e-02	-6.030010e-04	4.832497e-04	5.370605e-04	7.517800e-04	-2.147195e-04
166           	2.444712e-02	1.161951e-02	1.282761e-02	-2.882332e-03	2.448788e-02	-2.737021e-02	2.592905e-02	-6.040504e-04	4.837615e-04	5.376812e-04	7.526021e-04	-2.149209e-04
167           	2.442844e-02	1.160917e-02	1.281927e-02	-2.882552e-03	2.446704e-02	-2.734960e-02	2.590832e-02	-6.050476e-04	4.842341e-04	5.382579e-04	7.533630e-04	-2.151051e-04
168           	2.441019e-02	1.159910e-02	1.281109e-02	-2.882765e-03	2.444669e-02	-2.732946e-02	2.588807e-02	-6.059945e-04	4.846693e-04	5.387927e-04	7.540657e-04	-2.152730e-04
169           	2.439237e-02	1.158930e-02	1.280308e-02	-2.882970e-03	2.442681e-02	-2.730978e-02	2.586830e-02	-6.068918e-04	4.850688e-04	5.392873e-04	7.547125e-04	-2.154252e-04
170           	2.437497e-02	1.157974e-02	1.279523e-02	-2.883166e-03	2.440740e-02	-2.729057e-02	2.584898e-02	-6.077438e-04	4.854374e-04	5.397468e-04	7.553108e-04	-2.155639e-04
171           	2.435798e-02	1.157044e-02	1.278754e-02	-2.883356e-03	2.438844e-02	-2.727179e-02	2.583012e-02	-6.085461e-04	4.857729e-04	5.401691e-04	7.558574e-04	-2.156884e-04
172           	2.434139e-02	1.156140e-02	1.277999e-02	-2.883538e-03	2.436993e-02	-2.725346e-02	2.581170e-02	-6.092986e-04	4.860765e-04	5.405552e-04	7.563541e-04	-2.157990e-04
173           	2.432519e-02	1.155259e-02	1.277260e-02	-2.883713e-03	2.435185e-02	-2.723556e-02	2.579371e-02	-6.100024e-04	4.863500e-04	5.409068e-04	7.568034e-04	-2.158966e-04
174           	2.430938e-02	1.154403e-02	1.276535e-02	-2.883882e-03	2.433420e-02	-2.721809e-02	2.577615e-02	-6.106600e-04	4.865946e-04	5.412254e-04	7.572073e-04	-2.159818e-04
175           	2.429395e-02	1.153570e-02	1.275825e-02	-2.884045e-03	2.431698e-02	-2.720102e-02	2.575900e-02	-6.112743e-04	4.868118e-04	5.415126e-04	7.575681e-04	-2.160555e-04
176           	2.427889e-02	1.152760e-02	1.275129e-02	-2.884201e-03	2.430016e-02	-2.718436e-02	2.574226e-02	-6.118485e-04	4.870030e-04	5.417695e-04	7.578878e-04	-2.161182e-04
177           	2.426419e-02	1.151971e-02	1.274448e-02	-2.884350e-03	2.428374e-02	-2.716809e-02	2.572592e-02	-6.123844e-04	4.871686e-04	5.419969e-04	7.581670e-04	-2.161701e-04
178           	2.424984e-02	1.151204e-02	1.273780e-02	-2.884494e-03	2.426772e-02	-2.715222e-02	2.570997e-02	-6.128841e-04	4.873093e-04	5.421955e-04	7.584070e-04	-2.162115e-04
179           	2.423584e-02	1.150457e-02	1.273127e-02	-2.884631e-03	2.425208e-02	-2.713671e-02	2.569440e-02	-6.133494e-04	4.874260e-04	5.423662e-04	7.586091e-04	-2.162428e-04
180           	2.422218e-02	1.149731e-02	1.272487e-02	-2.884763e-03	2.423682e-02	-2.712158e-02	2.567920e-02	-6.137818e-04	4.875191e-04	5.425096e-04	7.587739e-04	-2.162643e-04
181           	2.420885e-02	1.149024e-02	1.271861e-02	-2.884889e-03	2.422192e-02	-2.710681e-02	2.566437e-02	-6.141822e-04	4.875888e-04	5.426259e-04	7.589018e-04	-2.162759e-04
182           	2.419584e-02	1.148337e-02	1.271247e-02	-2.885009e-03	2.420739e-02	-2.709240e-02	2.564989e-02	-6.145513e-04	4.876355e-04	5.427156e-04	7.589933e-04	-2.162778e-04
183           	2.418315e-02	1.147669e-02	1.270647e-02	-2.885124e-03	2.419320e-02	-2.707833e-02	2.563577e-02	-6.148895e-04	4.876597e-04	5.427793e-04	7.590493e-04	-2.162700e-04
184           	2.417078e-02	1.147019e-02	1.270059e-02	-2.885234e-03	2.417937e-02	-2.706460e-02	2.562198e-02	-6.151965e-04	4.876617e-04	5.428178e-04	7.590706e-04	-2.162528e-04
185           	2.415870e-02	1.146388e-02	1.269482e-02	-2.885339e-03	2.416587e-02	-2.705120e-02	2.560854e-02	-6.154723e-04	4.876421e-04	5.428316e-04	7.590580e-04	-2.162263e-04
186           	2.414693e-02	1.145775e-02	1.268918e-02	-2.885439e-03	2.415270e-02	-2.703813e-02	2.559541e-02	-6.157169e-04	4.876016e-04	5.428218e-04	7.590125e-04	-2.161907e-04
187           	2.413544e-02	1.145179e-02	1.268365e-02	-2.885534e-03	2.413985e-02	-2.702538e-02	2.558262e-02	-6.159307e-04	4.875410e-04	5.427892e-04	7.589356e-04	-2.161464e-04
188           	2.412425e-02	1.144601e-02	1.267824e-02	-2.885625e-03	2.412732e-02	-2.701294e-02	2.557013e-02	-6.161150e-04	4.874617e-04	5.427353e-04	7.588294e-04	-2.160941e-04
189           	2.411332e-02	1.144039e-02	1.267293e-02	-2.885712e-03	2.411510e-02	-2.700081e-02	2.555795e-02	-6.162717e-04	4.873654e-04	5.426619e-04	7.586963e-04	-2.160345e-04
190           	2.410268e-02	1.143493e-02	1.266774e-02	-2.885795e-03	2.410318e-02	-2.698897e-02	2.554608e-02	-6.164035e-04	4.872541e-04	5.425710e-04	7.585396e-04	-2.159686e-04
191           	2.409229e-02	1.142963e-02	1.266266e-02	-2.885873e-03	2.409156e-02	-2.697743e-02	2.553449e-02	-6.165127e-04	4.871297e-04	5.424646e-04	7.583620e-04	-2.158974e-04
192           	2.408217e-02	1.142448e-02	1.265769e-02	-2.885948e-03	2.408022e-02	-2.696617e-02	2.552320e-02	-6.166016e-04	4.869940e-04	5.423446e-04	7.581663e-04	-2.158217e-04
193           	2.407230e-02	1.141948e-02	1.265282e-02	-2.886019e-03	2.406917e-02	-2.695519e-02	2.551218e-02	-6.166718e-04	4.868485e-04	5.422129e-04	7.579549e-04	-2.157421e-04
194           	2.406269e-02	1.141462e-02	1.264807e-02	-2.886087e-03	2.405840e-02	-2.694449e-02	2.550145e-02	-6.167248e-04	4.866943e-04	5.420706e-04	7.577296e-04	-2.156590e-04
195           	2.405331e-02	1.140989e-02	1.264342e-02	-2.886152e-03	2.404790e-02	-2.693405e-02	2.549098e-02	-6.167611e-04	4.865323e-04	5.419188e-04	7.574917e-04	-2.155729e-04
196           	2.404417e-02	1.140531e-02	1.263887e-02	-2.886213e-03	2.403767e-02	-2.692388e-02	2.548077e-02	-6.167811e-04	4.863630e-04	5.417585e-04	7.572422e-04	-2.154838e-04
197           	2.403527e-02	1.140085e-02	1.263442e-02	-2.886271e-03	2.402769e-02	-2.691396e-02	2.547083e-02	-6.167853e-04	4.861875e-04	5.415907e-04	7.569828e-04	-2.153921e-04
198           	2.402659e-02	1.139652e-02	1.263007e-02	-2.886326e-03	2.401797e-02	-2.690429e-02	2.546113e-02	-6.167744e-04	4.860068e-04	5.414170e-04	7.567153e-04	-2.152983e-04
199           	2.401814e-02	1.139232e-02	1.262582e-02	-2.886378e-03	2.400849e-02	-2.689487e-02	2.545168e-02	-6.167494e-04	4.858223e-04	5.412388e-04	7.564417e-04	-2.152029e-04
200           	2.400989e-02	1.138823e-02	1.262167e-02	-2.886427e-03	2.399925e-02	-2.688568e-02	2.544247e-02	-6.167205e-04	4.856405e-04	5.410614e-04	7.561713e-04	-2.151098e-04
201           	2.400187e-02	1.138426e-02	1.261761e-02	-2.886473e-03	2.399026e-02	-2.687673e-02	2.543349e-02	-6.166765e-04	4.854561e-04	5.408815e-04	7.558969e-04	-2.150154e-04
202           	2.399405e-02	1.138041e-02	1.261364e-02	-2.886518e-03	2.398149e-02	-2.686801e-02	2.542475e-02	-6.166190e-04	4.852707e-04	5.407007e-04	7.556211e-04	-2.149204e-04
203           	2.398644e-02	1.137667e-02	1.260977e-02	-2.886560e-03	2.397296e-02	-2.685952e-02	2.541624e-02	-6.165505e-04	4.850862e-04	5.405211e-04	7.553467e-04	-2.148256e-04
204           	2.397902e-02	1.137304e-02	1.260599e-02	-2.886601e-03	2.396465e-02	-2.685125e-02	2.540795e-02	-6.164733e-04	4.849040e-04	5.403443e-04	7.550761e-04	-2.147319e-04
205           	2.397181e-02	1.136951e-02	1.260229e-02	-2.886640e-03	2.395656e-02	-2.684320e-02	2.539988e-02	-6.163895e-04	4.847255e-04	5.401713e-04	7.548111e-04	-2.146398e-04
206           	2.396478e-02	1.136609e-02	1.259869e-02	-2.886677e-03	2.394868e-02	-2.683536e-02	2.539202e-02	-6.163010e-04	4.845517e-04	5.400032e-04	7.545533e-04	-2.145501e-04
207           	2.395794e-02	1.136276e-02	1.259518e-02	-2.886712e-03	2.394101e-02	-2.682772e-02	2.538437e-02	-6.162094e-04	4.843834e-04	5.398410e-04	7.543040e-04	-2.144629e-04
208           	2.395128e-02	1.135952e-02	1.259175e-02	-2.886745e-03	2.393354e-02	-2.682028e-02	2.537691e-02	-6.161158e-04	4.842211e-04	5.396851e-04	7.540637e-04	-2.143786e-04
209           	2.394479e-02	1.135638e-02	1.258842e-02	-2.886776e-03	2.392627e-02	-2.681304e-02	2.536966e-02	-6.160211e-04	4.840650e-04	5.395357e-04	7.538328e-04	-2.142971e-04
210           	2.393848e-02	1.135332e-02	1.258517e-02	-2.886806e-03	2.391919e-02	-2.680600e-02	2.536259e-02	-6.159253e-04	4.839148e-04	5.393928e-04	7.536112e-04	-2.142184e-04
211           	2.393234e-02	1.135034e-02	1.258200e-02	-2.886834e-03	2.391230e-02	-2.679913e-02	2.535572e-02	-6.158281e-04	4.837702e-04	5.392562e-04	7.533983e-04	-2.141421e-04
212           	2.392636e-02	1.134745e-02	1.257891e-02	-2.886860e-03	2.390560e-02	-2.679246e-02	2.534903e-02	-6.157288e-04	4.836307e-04	5.391256e-04	7.531935e-04	-2.140679e-04
213           	2.392054e-02	1.134464e-02	1.257590e-02	-2.886885e-03	2.389907e-02	-2.678596e-02	2.534251e-02	-6.156273e-04	4.834962e-04	5.390011e-04	7.529967e-04	-2.139956e-04
214           	2.391489e-02	1.134192e-02	1.257297e-02	-2.886910e-03	2.389273e-02	-2.677963e-02	2.533618e-02	-6.155234e-04	4.833663e-04	5.388825e-04	7.528075e-04	-2.139250e-04
215           	2.390938e-02	1.133927e-02	1.257011e-02	-2.886933e-03	2.388655e-02	-2.677348e-02	2.533002e-02	-6.154170e-04	4.832409e-04	5.387698e-04	7.526258e-04	-2.138560e-04
216           	2.390403e-02	1.133671e-02	1.256732e-02	-2.886954e-03	2.388055e-02	-2.676750e-02	2.532403e-02	-6.153083e-04	4.831201e-04	5.386628e-04	7.524515e-04	-2.137887e-04
217           	2.389882e-02	1.133421e-02	1.256461e-02	-2.886975e-03	2.387471e-02	-2.676169e-02	2.531820e-02	-6.151975e-04	4.830037e-04	5.385616e-04	7.522844e-04	-2.137229e-04
218           	2.389376e-02	1.133180e-02	1.256197e-02	-2.886995e-03	2.386903e-02	-2.675603e-02	2.531253e-02	-6.150854e-04	4.828918e-04	5.384661e-04	7.521248e-04	-2.136587e-04
219           	2.388883e-02	1.132943e-02	1.255940e-02	-2.887013e-03	2.386351e-02	-2.675052e-02	2.530701e-02	-6.149831e-04	4.827902e-04	5.383807e-04	7.519806e-04	-2.135999e-04
220           	2.388405e-02	1.132715e-02	1.255690e-02	-2.887031e-03	2.385814e-02	-2.674517e-02	2.530165e-02	-6.148773e-04	4.826917e-04	5.383000e-04	7.518417e-04	-2.135417e-04
221           	2.387940e-02	1.132493e-02	1.255447e-02	-2.887048e-03	2.385292e-02	-2.673997e-02	2.529645e-02	-6.147686e-04	4.825963e-04	5.382243e-04	7.517085e-04	-2.134842e-04
222           	2.387488e-02	1.132278e-02	1.255210e-02	-2.887066e-03	2.384786e-02	-2.673492e-02	2.529139e-02	-6.146583e-04	4.825046e-04	5.381537e-04	7.515814e-04	-2.134277e-04
223           	2.387049e-02	1.132070e-02	1.254979e-02	-2.887082e-03	2.384294e-02	-2.673002e-02	2.528648e-02	-6.145476e-04	4.824168e-04	5.380885e-04	7.514610e-04	-2.133725e-04
224           	2.386623e-02	1.131868e-02	1.254755e-02	-2.887098e-03	2.383815e-02	-2.672525e-02	2.528170e-02	-6.144376e-04	4.823331e-04	5.380288e-04	7.513475e-04	-2.133187e-04
225           	2.386208e-02	1.131671e-02	1.254537e-02	-2.887114e-03	2.383351e-02	-2.672062e-02	2.527707e-02	-6.143292e-04	4.822537e-04	5.379742e-04	7.512409e-04	-2.132666e-04
226           	2.385806e-02	1.131481e-02	1.254325e-02	-2.887129e-03	2.382900e-02	-2.671613e-02	2.527256e-02	-6.142233e-04	4.821786e-04	5.379248e-04	7.511410e-04	-2.132162e-04
227           	2.385415e-02	1.131296e-02	1.254120e-02	-2.887143e-03	2.382462e-02	-2.671176e-02	2.526819e-02	-6.141199e-04	4.821076e-04	5.378801e-04	7.510476e-04	-2.131676e-04
228           	2.385035e-02	1.131116e-02	1.253920e-02	-2.887156e-03	2.382036e-02	-2.670752e-02	2.526394e-02	-6.140189e-04	4.820402e-04	5.378395e-04	7.509599e-04	-2.131204e-04
229           	2.384667e-02	1.130941e-02	1.253725e-02	-2.887169e-03	2.381623e-02	-2.670340e-02	2.525981e-02	-6.139194e-04	4.819756e-04	5.378024e-04	7.508768e-04	-2.130743e-04
230           	2.384309e-02	1.130772e-02	1.253536e-02	-2.887182e-03	2.381222e-02	-2.669940e-02	2.525581e-02	-6.138205e-04	4.819130e-04	5.377681e-04	7.507970e-04	-2.130289e-04
231           	2.383961e-02	1.130608e-02	1.253353e-02	-2.887194e-03	2.380832e-02	-2.669551e-02	2.525192e-02	-6.137212e-04	4.818516e-04	5.377358e-04	7.507195e-04	-2.129837e-04
232           	2.383818e-02	1.130544e-02	1.253274e-02	-2.887249e-03	2.380672e-02	-2.669397e-02	2.525035e-02	-6.136468e-04	4.817818e-04	5.376718e-04	7.506177e-04	-2.129459e-04
233           	2.383694e-02	1.130487e-02	1.253207e-02	-2.887328e-03	2.380534e-02	-2.669267e-02	2.524900e-02	-6.136021e-04	4.817148e-04	5.375947e-04	7.505122e-04	-2.129175e-04
234           	2.383577e-02	1.130432e-02	1.253145e-02	-2.887412e-03	2.380403e-02	-2.669145e-02	2.524774e-02	-6.135615e-04	4.816457e-04	5.375097e-04	7.504005e-04	-2.128908e-04
235           	2.383456e-02	1.130376e-02	1.253080e-02	-2.887483e-03	2.380268e-02	-2.669016e-02	2.524642e-02	-6.135200e-04	4.815808e-04	5.374308e-04	7.502962e-04	-2.128654e-04
236           	2.383323e-02	1.130314e-02	1.253009e-02	-2.887528e-03	2.380118e-02	-2.668871e-02	2.524494e-02	-6.134750e-04	4.815258e-04	5.373687e-04	7.502101e-04	-2.128415e-04
237           	2.383173e-02	1.130244e-02	1.252929e-02	-2.887541e-03	2.379949e-02	-2.668704e-02	2.524326e-02	-6.134287e-04	4.814851e-04	5.373298e-04	7.501500e-04	-2.128202e-04
238           	2.383008e-02	1.130166e-02	1.252842e-02	-2.887524e-03	2.379763e-02	-2.668515e-02	2.524139e-02	-6.133774e-04	4.814576e-04	5.373133e-04	7.501143e-04	-2.128010e-04
239           	2.382830e-02	1.130083e-02	1.252747e-02	-2.887484e-03	2.379563e-02	-2.668311e-02	2.523937e-02	-6.133220e-04	4.814422e-04	5.373165e-04	7.501004e-04	-2.127840e-04
240           	2.382646e-02	1.129996e-02	1.252649e-02	-2.887429e-03	2.379355e-02	-2.668097e-02	2.523726e-02	-6.132664e-04	4.814384e-04	5.373369e-04	7.501069e-04	-2.127700e-04
241           	2.382460e-02	1.129908e-02	1.252552e-02	-2.887369e-03	2.379145e-02	-2.667882e-02	2.523513e-02	-6.132170e-04	4.814463e-04	5.373721e-04	7.501324e-04	-2.127603e-04
242           	2.382278e-02	1.129821e-02	1.252457e-02	-2.887315e-03	2.378940e-02	-2.667671e-02	2.523306e-02	-6.131782e-04	4.814642e-04	5.374176e-04	7.501730e-04	-2.127554e-04
243           	2.382103e-02	1.129736e-02	1.252367e-02	-2.887273e-03	2.378744e-02	-2.667471e-02	2.523107e-02	-6.131580e-04	4.814903e-04	5.374678e-04	7.502242e-04	-2.127564e-04
244           	2.381939e-02	1.129655e-02	1.252283e-02	-2.887246e-03	2.378560e-02	-2.667284e-02	2.522922e-02	-6.131398e-04	4.815170e-04	5.375183e-04	7.502761e-04	-2.127579e-04
245           	2.381785e-02	1.129580e-02	1.252205e-02	-2.887236e-03	2.378387e-02	-2.667111e-02	2.522749e-02	-6.131289e-04	4.815427e-04	5.375648e-04	7.503252e-04	-2.127603e-04
246           	2.381640e-02	1.129508e-02	1.252132e-02	-2.887240e-03	2.378226e-02	-2.666950e-02	2.522588e-02	-6.131213e-04	4.815642e-04	5.376047e-04	7.503666e-04	-2.127619e-04
247           	2.381503e-02	1.129440e-02	1.252063e-02	-2.887253e-03	2.378074e-02	-2.666799e-02	2.522436e-02	-6.131130e-04	4.815792e-04	5.376365e-04	7.503974e-04	-2.127609e-04
248           	2.381371e-02	1.129375e-02	1.251995e-02	-2.887272e-03	2.377927e-02	-2.666654e-02	2.522290e-02	-6.131006e-04	4.815864e-04	5.376601e-04	7.504164e-04	-2.127563e-04
249           	2.381241e-02	1.129312e-02	1.251929e-02	-2.887291e-03	2.377782e-02	-2.666512e-02	2.522147e-02	-6.130816e-04	4.815856e-04	5.376762e-04	7.504237e-04	-2.127474e-04
250           	2.381112e-02	1.129250e-02	1.251861e-02	-2.887307e-03	2.377639e-02	-2.666370e-02	2.522005e-02	-6.130545e-04	4.815771e-04	5.376862e-04	7.504202e-04	-2.127340e-04
251           	2.380983e-02	1.129189e-02	1.251793e-02	-2.887318e-03	2.377495e-02	-2.666227e-02	2.521861e-02	-6.130187e-04	4.815618e-04	5.376913e-04	7.504075e-04	-2.127162e-04
252           	2.380852e-02	1.129129e-02	1.251724e-02	-2.887324e-03	2.377350e-02	-2.666083e-02	2.521717e-02	-6.129741e-04	4.815405e-04	5.376924e-04	7.503867e-04	-2.126943e-04
253           	2.380722e-02	1.129069e-02	1.251653e-02	-2.887324e-03	2.377205e-02	-2.665937e-02	2.521571e-02	-6.129214e-04	4.815140e-04	5.376902e-04	7.503590e-04	-2.126689e-04
254           	2.380591e-02	1.129010e-02	1.251582e-02	-2.887320e-03	2.377059e-02	-2.665791e-02	2.521425e-02	-6.128614e-04	4.814827e-04	5.376848e-04	7.503252e-04	-2.126403e-04
255           	2.380462e-02	1.128951e-02	1.251510e-02	-2.887314e-03	2.376914e-02	-2.665645e-02	2.521280e-02	-6.127952e-04	4.814472e-04	5.376763e-04	7.502854e-04	-2.126091e-04
256           	2.380334e-02	1.128895e-02	1.251439e-02	-2.887307e-03	2.376771e-02	-2.665502e-02	2.521136e-02	-6.127234e-04	4.814077e-04	5.376644e-04	7.502399e-04	-2.125755e-04
257           	2.380209e-02	1.128839e-02	1.251370e-02	-2.887300e-03	2.376630e-02	-2.665360e-02	2.520995e-02	-6.126554e-04	4.813675e-04	5.376499e-04	7.501924e-04	-2.125425e-04
258           	2.380086e-02	1.128785e-02	1.251301e-02	-2.887296e-03	2.376493e-02	-2.665223e-02	2.520858e-02	-6.125805e-04	4.813224e-04	5.376311e-04	7.501380e-04	-2.125069e-04
259           	2.379967e-02	1.128733e-02	1.251233e-02	-2.887294e-03	2.376360e-02	-2.665089e-02	2.520725e-02	-6.124991e-04	4.812728e-04	5.376078e-04	7.500767e-04	-2.124689e-04
260           	2.379851e-02	1.128684e-02	1.251166e-02	-2.887295e-03	2.376230e-02	-2.664960e-02	2.520595e-02	-6.124119e-04	4.812189e-04	5.375802e-04	7.500090e-04	-2.124288e-04
261           	2.379737e-02	1.128637e-02	1.251101e-02	-2.887297e-03	2.376104e-02	-2.664834e-02	2.520469e-02	-6.123200e-04	4.811617e-04	5.375490e-04	7.499362e-04	-2.123872e-04
262           	2.379627e-02	1.128591e-02	1.251036e-02	-2.887301e-03	2.375981e-02	-2.664711e-02	2.520346e-02	-6.122249e-04	4.811020e-04	5.375150e-04	7.498595e-04	-2.123445e-04
263           	2.379519e-02	1.128547e-02	1.250972e-02	-2.887306e-03	2.375861e-02	-2.664592e-02	2.520226e-02	-6.121281e-04	4.810409e-04	5.374791e-04	7.497804e-04	-2.123014e-04
264           	2.379412e-02	1.128503e-02	1.250909e-02	-2.887311e-03	2.375743e-02	-2.664474e-02	2.520108e-02	-6.120309e-04	4.809795e-04	5.374422e-04	7.497006e-04	-2.122584e-04
265           	2.379308e-02	1.128460e-02	1.250847e-02	-2.887315e-03	2.375626e-02	-2.664358e-02	2.519992e-02	-6.119345e-04	4.809186e-04	5.374053e-04	7.496213e-04	-2.122160e-04
266           	2.379205e-02	1.128418e-02	1.250786e-02	-2.887318e-03	2.375512e-02	-2.664244e-02	2.519878e-02	-6.118395e-04	4.808589e-04	5.373690e-04	7.495434e-04	-2.121744e-04
267           	2.379103e-02	1.128377e-02	1.250726e-02	-2.887321e-03	2.375399e-02	-2.664131e-02	2.519765e-02	-6.117463e-04	4.808007e-04	5.373337e-04	7.494675e-04	-2.121339e-04
268           	2.379003e-02	1.128336e-02	1.250667e-02	-2.887323e-03	2.375288e-02	-2.664020e-02	2.519654e-02	-6.116549e-04	4.807440e-04	5.372993e-04	7.493937e-04	-2.120943e-04
269           	2.378904e-02	1.128296e-02	1.250609e-02	-2.887325e-03	2.375178e-02	-2.663911e-02	2.519544e-02	-6.115651e-04	4.806886e-04	5.372660e-04	7.493216e-04	-2.120557e-04
270           	2.378807e-02	1.128256e-02	1.250551e-02	-2.887327e-03	2.375071e-02	-2.663803e-02	2.519437e-02	-6.114763e-04	4.806343e-04	5.372333e-04	7.492509e-04	-2.120176e-04
271           	2.378712e-02	1.128216e-02	1.250496e-02	-2.887327e-03	2.374964e-02	-2.663697e-02	2.519330e-02	-6.113970e-04	4.805832e-04	5.372016e-04	7.491841e-04	-2.119824e-04
272           	2.378618e-02	1.128178e-02	1.250440e-02	-2.887327e-03	2.374860e-02	-2.663593e-02	2.519226e-02	-6.113142e-04	4.805310e-04	5.371693e-04	7.491156e-04	-2.119463e-04
273           	2.378526e-02	1.128140e-02	1.250386e-02	-2.887329e-03	2.374758e-02	-2.663491e-02	2.519125e-02	-6.112272e-04	4.804770e-04	5.371359e-04	7.490449e-04	-2.119090e-04
274           	2.378437e-02	1.128105e-02	1.250332e-02	-2.887331e-03	2.374658e-02	-2.663391e-02	2.519025e-02	-6.111362e-04	4.804212e-04	5.371013e-04	7.489719e-04	-2.118705e-04
275           	2.378349e-02	1.128070e-02	1.250278e-02	-2.887333e-03	2.374561e-02	-2.663294e-02	2.518927e-02	-6.110418e-04	4.803639e-04	5.370656e-04	7.488968e-04	-2.118311e-04
276           	2.378262e-02	1.128037e-02	1.250226e-02	-2.887336e-03	2.374465e-02	-2.663199e-02	2.518832e-02	-6.109455e-04	4.803057e-04	5.370290e-04	7.488202e-04	-2.117912e-04
277           	2.378178e-02	1.128004e-02	1.250174e-02	-2.887339e-03	2.374371e-02	-2.663105e-02	2.518738e-02	-6.108486e-04	4.802470e-04	5.369919e-04	7.487430e-04	-2.117511e-04
278           	2.378095e-02	1.127973e-02	1.250122e-02	-2.887342e-03	2.374280e-02	-2.663014e-02	2.518647e-02	-6.107418e-04	4.801821e-04	5.369491e-04	7.486566e-04	-2.117075e-04
279           	2.378014e-02	1.127943e-02	1.250071e-02	-2.887345e-03	2.374190e-02	-2.662924e-02	2.518557e-02	-6.106406e-04	4.801202e-04	5.369083e-04	7.485744e-04	-2.116660e-04
280           	2.377934e-02	1.127912e-02	1.250022e-02	-2.887348e-03	2.374101e-02	-2.662836e-02	2.518468e-02	-6.105462e-04	4.800621e-04	5.368702e-04	7.484972e-04	-2.116270e-04
281           	2.377855e-02	1.127882e-02	1.249973e-02	-2.887349e-03	2.374014e-02	-2.662748e-02	2.518381e-02	-6.104584e-04	4.800077e-04	5.368347e-04	7.484250e-04	-2.115903e-04
282           	2.377777e-02	1.127851e-02	1.249926e-02	-2.887351e-03	2.373927e-02	-2.662663e-02	2.518295e-02	-6.103759e-04	4.799562e-04	5.368013e-04	7.483568e-04	-2.115555e-04
283           	2.377701e-02	1.127821e-02	1.249880e-02	-2.887352e-03	2.373843e-02	-2.662578e-02	2.518210e-02	-6.102968e-04	4.799066e-04	5.367691e-04	7.482911e-04	-2.115220e-04
284           	2.377626e-02	1.127791e-02	1.249835e-02	-2.887353e-03	2.373760e-02	-2.662495e-02	2.518128e-02	-6.102191e-04	4.798577e-04	5.367374e-04	7.482264e-04	-2.114890e-04
285           	2.377552e-02	1.127761e-02	1.249791e-02	-2.887353e-03	2.373678e-02	-2.662413e-02	2.518046e-02	-6.101485e-04	4.798095e-04	5.367037e-04	7.481613e-04	-2.114576e-04
286           	2.377480e-02	1.127733e-02	1.249747e-02	-2.887354e-03	2.373598e-02	-2.662333e-02	2.517966e-02	-6.100734e-04	4.797595e-04	5.366693e-04	7.480941e-04	-2.114248e-04
287           	2.377409e-02	1.127705e-02	1.249704e-02	-2.887355e-03	2.373520e-02	-2.662256e-02	2.517888e-02	-6.099927e-04	4.797073e-04	5.366338e-04	7.480241e-04	-2.113904e-04
288           	2.377341e-02	1.127680e-02	1.249661e-02	-2.887357e-03	2.373444e-02	-2.662180e-02	2.517812e-02	-6.099067e-04	4.796529e-04	5.365971e-04	7.479515e-04	-2.113543e-04
289           	2.377273e-02	1.127655e-02	1.249618e-02	-2.887360e-03	2.373369e-02	-2.662105e-02	2.517737e-02	-6.098165e-04	4.795969e-04	5.365596e-04	7.478767e-04	-2.113171e-04
290           	2.377207e-02	1.127631e-02	1.249576e-02	-2.887362e-03	2.373297e-02	-2.662033e-02	2.517665e-02	-6.097239e-04	4.795398e-04	5.365215e-04	7.478006e-04	-2.112791e-04
291           	2.377143e-02	1.127608e-02	1.249535e-02	-2.887365e-03	2.373226e-02	-2.661962e-02	2.517594e-02	-6.096307e-04	4.794826e-04	5.364832e-04	7.477243e-04	-2.112410e-04
292           	2.377080e-02	1.127586e-02	1.249494e-02	-2.887368e-03	2.373156e-02	-2.661893e-02	2.517524e-02	-6.095387e-04	4.794261e-04	5.364453e-04	7.476487e-04	-2.112034e-04
293           	2.377018e-02	1.127564e-02	1.249454e-02	-2.887371e-03	2.373088e-02	-2.661825e-02	2.517456e-02	-6.094492e-04	4.793707e-04	5.364079e-04	7.475747e-04	-2.111668e-04
294           	2.376957e-02	1.127542e-02	1.249415e-02	-2.887374e-03	2.373021e-02	-2.661758e-02	2.517389e-02	-6.093630e-04	4.793169e-04	5.363715e-04	7.475027e-04	-2.111312e-04
295           	2.376897e-02	1.127520e-02	1.249377e-02	-2.887377e-03	2.372955e-02	-2.661692e-02	2.517324e-02	-6.092801e-04	4.792648e-04	5.363360e-04	7.474328e-04	-2.110968e-04
296           	2.376838e-02	1.127499e-02	1.249339e-02	-2.887379e-03	2.372890e-02	-2.661628e-02	2.517259e-02	-6.092004e-04	4.792142e-04	5.363014e-04	7.473649e-04	-2.110635e-04
297           	2.376781e-02	1.127478e-02	1.249303e-02	-2.887381e-03	2.372827e-02	-2.661565e-02	2.517196e-02	-6.091231e-04	4.791649e-04	5.362675e-04	7.472986e-04	-2.110311e-04
298           	2.376725e-02	1.127458e-02	1.249267e-02	-2.887384e-03	2.372765e-02	-2.661503e-02	2.517134e-02	-6.090476e-04	4.791165e-04	5.362342e-04	7.472336e-04	-2.109994e-04
299           	2.376669e-02	1.127437e-02	1.249232e-02	-2.887386e-03	2.372704e-02	-2.661443e-02	2.517074e-02	-6.089732e-04	4.790687e-04	5.362014e-04	7.471694e-04	-2.109680e-04
300           	2.376615e-02	1.127418e-02	1.249198e-02	-2.887388e-03	2.372645e-02	-2.661384e-02	2.517014e-02	-6.088993e-04	4.790214e-04	5.361688e-04	7.471058e-04	-2.109370e-04
301           	2.376562e-02	1.127399e-02	1.249164e-02	-2.887391e-03	2.372587e-02	-2.661326e-02	2.516956e-02	-6.088257e-04	4.789743e-04	5.361365e-04	7.470426e-04	-2.109061e-04
302           	2.376511e-02	1.127380e-02	1.249131e-02	-2.887394e-03	2.372530e-02	-2.661269e-02	2.516900e-02	-6.087523e-04	4.789276e-04	5.361045e-04	7.469798e-04	-2.108753e-04
303           	2.376460e-02	1.127362e-02	1.249098e-02	-2.887396e-03	2.372474e-02	-2.661214e-02	2.516844e-02	-6.086794e-04	4.788812e-04	5.360729e-04	7.469177e-04	-2.108448e-04
304           	2.376410e-02	1.127344e-02	1.249066e-02	-2.887399e-03	2.372420e-02	-2.661160e-02	2.516790e-02	-6.086072e-04	4.788355e-04	5.360418e-04	7.468564e-04	-2.108146e-04
305           	2.376362e-02	1.127327e-02	1.249035e-02	-2.887402e-03	2.372367e-02	-2.661107e-02	2.516737e-02	-6.085361e-04	4.787907e-04	5.360114e-04	7.467964e-04	-2.107850e-04
306           	2.376315e-02	1.127311e-02	1.249004e-02	-2.887405e-03	2.372315e-02	-2.661056e-02	2.516685e-02	-6.084666e-04	4.787470e-04	5.359820e-04	7.467380e-04	-2.107560e-04
307           	2.376268e-02	1.127294e-02	1.248974e-02	-2.887408e-03	2.372265e-02	-2.661005e-02	2.516635e-02	-6.083991e-04	4.787047e-04	5.359536e-04	7.466815e-04	-2.107279e-04
308           	2.376223e-02	1.127278e-02	1.248945e-02	-2.887411e-03	2.372215e-02	-2.660956e-02	2.516586e-02	-6.083336e-04	4.786638e-04	5.359264e-04	7.466269e-04	-2.107006e-04
309           	2.376178e-02	1.127262e-02	1.248916e-02	-2.887414e-03	2.372167e-02	-2.660908e-02	2.516537e-02	-6.082703e-04	4.786244e-04	5.359004e-04	7.465746e-04	-2.106742e-04
310           	2.376135e-02	1.127247e-02	1.248888e-02	-2.887418e-03	2.372119e-02	-2.660861e-02	2.516490e-02	-6.082093e-04	4.785866e-04	5.358756e-04	7.465244e-04	-2.106488e-04
311           	2.376092e-02	1.127231e-02	1.248861e-02	-2.887421e-03	2.372073e-02	-2.660815e-02	2.516444e-02	-6.081506e-04	4.785503e-04	5.358521e-04	7.464763e-04	-2.106242e-04
312           	2.376051e-02	1.127216e-02	1.248835e-02	-2.887424e-03	2.372028e-02	-2.660770e-02	2.516399e-02	-6.080940e-04	4.785155e-04	5.358298e-04	7.464304e-04	-2.106006e-04
313           	2.376010e-02	1.127201e-02	1.248809e-02	-2.887427e-03	2.371984e-02	-2.660726e-02	2.516355e-02	-6.080396e-04	4.784822e-04	5.358088e-04	7.463866e-04	-2.105778e-04
314           	2.375971e-02	1.127187e-02	1.248784e-02	-2.887430e-03	2.371940e-02	-2.660684e-02	2.516312e-02	-6.079823e-04	4.784432e-04	5.357802e-04	7.463333e-04	-2.105531e-04
315           	2.375932e-02	1.127173e-02	1.248759e-02	-2.887434e-03	2.371898e-02	-2.660642e-02	2.516270e-02	-6.079285e-04	4.784078e-04	5.357554e-04	7.462855e-04	-2.105301e-04
316           	2.375894e-02	1.127159e-02	1.248735e-02	-2.887437e-03	2.371857e-02	-2.660601e-02	2.516229e-02	-6.078840e-04	4.783839e-04	5.357439e-04	7.462558e-04	-2.105119e-04
317           	2.375857e-02	1.127145e-02	1.248712e-02	-2.887441e-03	2.371817e-02	-2.660561e-02	2.516189e-02	-6.078360e-04	4.783540e-04	5.357247e-04	7.462163e-04	-2.104916e-04
318           	2.375821e-02	1.127131e-02	1.248690e-02	-2.887444e-03	2.371778e-02	-2.660522e-02	2.516150e-02	-6.077913e-04	4.783271e-04	5.357085e-04	7.461813e-04	-2.104728e-04
319           	2.375785e-02	1.127118e-02	1.248668e-02	-2.887447e-03	2.371740e-02	-2.660485e-02	2.516112e-02	-6.077496e-04	4.783031e-04	5.356953e-04	7.461507e-04	-2.104554e-04
320           	2.375751e-02	1.127104e-02	1.248647e-02	-2.887451e-03	2.371703e-02	-2.660448e-02	2.516075e-02	-6.077109e-04	4.782816e-04	5.356846e-04	7.461240e-04	-2.104393e-04
321           	2.375717e-02	1.127091e-02	1.248626e-02	-2.887454e-03	2.371666e-02	-2.660412e-02	2.516039e-02	-6.076749e-04	4.782624e-04	5.356761e-04	7.461004e-04	-2.104243e-04
322           	2.375684e-02	1.127078e-02	1.248606e-02	-2.887458e-03	2.371631e-02	-2.660377e-02	2.516004e-02	-6.076413e-04	4.782449e-04	5.356692e-04	7.460795e-04	-2.104103e-04
323           	2.375652e-02	1.127065e-02	1.248587e-02	-2.887461e-03	2.371596e-02	-2.660343e-02	2.515969e-02	-6.076100e-04	4.782288e-04	5.356635e-04	7.460605e-04	-2.103970e-04
324           	2.375621e-02	1.127052e-02	1.248568e-02	-2.887465e-03	2.371563e-02	-2.660309e-02	2.515936e-02	-6.075806e-04	4.782138e-04	5.356587e-04	7.460432e-04	-2.103844e-04
325           	2.375590e-02	1.127040e-02	1.248550e-02	-2.887469e-03	2.371530e-02	-2.660277e-02	2.515903e-02	-6.075531e-04	4.781998e-04	5.356548e-04	7.460272e-04	-2.103724e-04
326           	2.375561e-02	1.127028e-02	1.248533e-02	-2.887472e-03	2.371498e-02	-2.660245e-02	2.515872e-02	-6.075275e-04	4.781868e-04	5.356515e-04	7.460126e-04	-2.103610e-04
327           	2.375531e-02	1.127015e-02	1.248516e-02	-2.887476e-03	2.371467e-02	-2.660215e-02	2.515841e-02	-6.075038e-04	4.781748e-04	5.356491e-04	7.459994e-04	-2.103503e-04
328           	2.375503e-02	1.127003e-02	1.248500e-02	-2.887480e-03	2.371437e-02	-2.660185e-02	2.515811e-02	-6.074820e-04	4.781640e-04	5.356477e-04	7.459878e-04	-2.103402e-04
329           	2.375476e-02	1.126992e-02	1.248484e-02	-2.887484e-03	2.371407e-02	-2.660156e-02	2.515781e-02	-6.074623e-04	4.781544e-04	5.356473e-04	7.459781e-04	-2.103308e-04
330           	2.375449e-02	1.126980e-02	1.248469e-02	-2.887487e-03	2.371379e-02	-2.660127e-02	2.515753e-02	-6.074447e-04	4.781463e-04	5.356481e-04	7.459703e-04	-2.103222e-04
331           	2.375422e-02	1.126968e-02	1.248454e-02	-2.887491e-03	2.371351e-02	-2.660100e-02	2.515725e-02	-6.074292e-04	4.781396e-04	5.356502e-04	7.459647e-04	-2.103145e-04
332           	2.375397e-02	1.126957e-02	1.248440e-02	-2.887495e-03	2.371323e-02	-2.660073e-02	2.515698e-02	-6.074159e-04	4.781345e-04	5.356537e-04	7.459614e-04	-2.103076e-04
333           	2.375372e-02	1.126945e-02	1.248426e-02	-2.887499e-03	2.371297e-02	-2.660047e-02	2.515672e-02	-6.074048e-04	4.781310e-04	5.356587e-04	7.459603e-04	-2.103016e-04
334           	2.375348e-02	1.126934e-02	1.248413e-02	-2.887503e-03	2.371271e-02	-2.660022e-02	2.515646e-02	-6.073958e-04	4.781290e-04	5.356650e-04	7.459615e-04	-2.102965e-04
335           	2.375324e-02	1.126923e-02	1.248401e-02	-2.887506e-03	2.371246e-02	-2.659997e-02	2.515622e-02	-6.073890e-04	4.781285e-04	5.356727e-04	7.459649e-04	-2.102921e-04
336           	2.375301e-02	1.126912e-02	1.248389e-02	-2.887510e-03	2.371222e-02	-2.659973e-02	2.515597e-02	-6.073842e-04	4.781295e-04	5.356818e-04	7.459704e-04	-2.102886e-04
337           	2.375278e-02	1.126901e-02	1.248377e-02	-2.887514e-03	2.371198e-02	-2.659950e-02	2.515574e-02	-6.073813e-04	4.781319e-04	5.356920e-04	7.459779e-04	-2.102859e-04
338           	2.375257e-02	1.126890e-02	1.248366e-02	-2.887518e-03	2.371175e-02	-2.659927e-02	2.515551e-02	-6.073804e-04	4.781356e-04	5.357035e-04	7.459873e-04	-2.102838e-04
339           	2.375235e-02	1.126880e-02	1.248356e-02	-2.887521e-03	2.371153e-02	-2.659905e-02	2.515529e-02	-6.073813e-04	4.781405e-04	5.357161e-04	7.459986e-04	-2.102825e-04
340           	2.375215e-02	1.126869e-02	1.248346e-02	-2.887525e-03	2.371131e-02	-2.659884e-02	2.515508e-02	-6.073840e-04	4.781467e-04	5.357297e-04	7.460115e-04	-2.102818e-04
341           	2.375195e-02	1.126858e-02	1.248336e-02	-2.887529e-03	2.371110e-02	-2.659863e-02	2.515487e-02	-6.073885e-04	4.781540e-04	5.357444e-04	7.460262e-04	-2.102817e-04
342           	2.375175e-02	1.126848e-02	1.248327e-02	-2.887533e-03	2.371090e-02	-2.659843e-02	2.515467e-02	-6.073947e-04	4.781624e-04	5.357602e-04	7.460424e-04	-2.102823e-04
343           	2.375156e-02	1.126838e-02	1.248318e-02	-2.887537e-03	2.371070e-02	-2.659824e-02	2.515447e-02	-6.074025e-04	4.781719e-04	5.357769e-04	7.460603e-04	-2.102835e-04
344           	2.375138e-02	1.126828e-02	1.248310e-02	-2.887540e-03	2.371051e-02	-2.659805e-02	2.515428e-02	-6.074120e-04	4.781825e-04	5.357945e-04	7.460798e-04	-2.102852e-04
345           	2.375120e-02	1.126818e-02	1.248302e-02	-2.887544e-03	2.371032e-02	-2.659787e-02	2.515410e-02	-6.074231e-04	4.781941e-04	5.358132e-04	7.461007e-04	-2.102876e-04
346           	2.375102e-02	1.126808e-02	1.248295e-02	-2.887548e-03	2.371014e-02	-2.659769e-02	2.515392e-02	-6.074357e-04	4.782068e-04	5.358328e-04	7.461232e-04	-2.102905e-04
347           	2.375086e-02	1.126798e-02	1.248288e-02	-2.887552e-03	2.370997e-02	-2.659752e-02	2.515375e-02	-6.074499e-04	4.782206e-04	5.358533e-04	7.461472e-04	-2.102939e-04
348           	2.375069e-02	1.126788e-02	1.248281e-02	-2.887555e-03	2.370980e-02	-2.659736e-02	2.515358e-02	-6.074655e-04	4.782353e-04	5.358747e-04	7.461727e-04	-2.102979e-04
349           	2.375053e-02	1.126778e-02	1.248275e-02	-2.887559e-03	2.370964e-02	-2.659720e-02	2.515342e-02	-6.074827e-04	4.782510e-04	5.358971e-04	7.461996e-04	-2.103025e-04
350           	2.375038e-02	1.126769e-02	1.248269e-02	-2.887563e-03	2.370948e-02	-2.659704e-02	2.515326e-02	-6.075014e-04	4.782678e-04	5.359204e-04	7.462280e-04	-2.103076e-04
351           	2.375023e-02	1.126759e-02	1.248264e-02	-2.887566e-03	2.370933e-02	-2.659689e-02	2.515311e-02	-6.075216e-04	4.782856e-04	5.359446e-04	7.462579e-04	-2.103133e-04
352           	2.375009e-02	1.126750e-02	1.248259e-02	-2.887570e-03	2.370918e-02	-2.659675e-02	2.515297e-02	-6.075433e-04	4.783044e-04	5.359697e-04	7.462892e-04	-2.103195e-04
353           	2.374995e-02	1.126741e-02	1.248254e-02	-2.887574e-03	2.370904e-02	-2.659661e-02	2.515282e-02	-6.075664e-04	4.783242e-04	5.359957e-04	7.463220e-04	-2.103263e-04
354           	2.374981e-02	1.126731e-02	1.248250e-02	-2.887577e-03	2.370890e-02	-2.659648e-02	2.515269e-02	-6.075910e-04	4.783449e-04	5.360226e-04	7.463562e-04	-2.103336e-04
355           	2.374968e-02	1.126722e-02	1.248246e-02	-2.887581e-03	2.370877e-02	-2.659635e-02	2.515256e-02	-6.076170e-04	4.783666e-04	5.360503e-04	7.463918e-04	-2.103415e-04
356           	2.374955e-02	1.126713e-02	1.248242e-02	-2.887585e-03	2.370864e-02	-2.659622e-02	2.515243e-02	-6.076443e-04	4.783892e-04	5.360788e-04	7.464286e-04	-2.103498e-04
357           	2.374943e-02	1.126704e-02	1.248239e-02	-2.887588e-03	2.370852e-02	-2.659610e-02	2.515231e-02	-6.076730e-04	4.784127e-04	5.361082e-04	7.464668e-04	-2.103586e-04
358           	2.374931e-02	1.126695e-02	1.248236e-02	-2.887592e-03	2.370840e-02	-2.659599e-02	2.515219e-02	-6.077029e-04	4.784372e-04	5.361383e-04	7.465063e-04	-2.103680e-04
359           	2.374919e-02	1.126686e-02	1.248233e-02	-2.887595e-03	2.370828e-02	-2.659588e-02	2.515208e-02	-6.077342e-04	4.784625e-04	5.361692e-04	7.465471e-04	-2.103779e-04
360           	2.374908e-02	1.126678e-02	1.248231e-02	-2.887599e-03	2.370817e-02	-2.659577e-02	2.515197e-02	-6.077668e-04	4.784887e-04	5.362010e-04	7.465892e-04	-2.103882e-04
361           	2.374898e-02	1.126669e-02	1.248229e-02	-2.887602e-03	2.370807e-02	-2.659567e-02	2.515187e-02	-6.078006e-04	4.785157e-04	5.362334e-04	7.466324e-04	-2.103990e-04
362           	2.374887e-02	1.126660e-02	1.248227e-02	-2.887606e-03	2.370796e-02	-2.659557e-02	2.515177e-02	-6.078355e-04	4.785435e-04	5.362665e-04	7.466767e-04	-2.104102e-04
363           	2.374877e-02	1.126652e-02	1.248226e-02	-2.887609e-03	2.370787e-02	-2.659548e-02	2.515167e-02	-6.078716e-04	4.785721e-04	5.363003e-04	7.467222e-04	-2.104219e-04
364           	2.374868e-02	1.126643e-02	1.248225e-02	-2.887612e-03	2.370777e-02	-2.659539e-02	2.515158e-02	-6.079088e-04	4.786013e-04	5.363348e-04	7.467687e-04	-2.104340e-04
365           	2.374859e-02	1.126635e-02	1.248224e-02	-2.887616e-03	2.370768e-02	-2.659530e-02	2.515149e-02	-6.079471e-04	4.786313e-04	5.363698e-04	7.468162e-04	-2.104464e-04
366           	2.374850e-02	1.126626e-02	1.248224e-02	-2.887619e-03	2.370760e-02	-2.659522e-02	2.515141e-02	-6.079863e-04	4.786619e-04	5.364054e-04	7.468646e-04	-2.104592e-04
367           	2.374841e-02	1.126618e-02	1.248223e-02	-2.887622e-03	2.370752e-02	-2.659514e-02	2.515133e-02	-6.080264e-04	4.786930e-04	5.364414e-04	7.469137e-04	-2.104723e-04
368           	2.374833e-02	1.126610e-02	1.248223e-02	-2.887626e-03	2.370744e-02	-2.659506e-02	2.515125e-02	-6.080673e-04	4.787246e-04	5.364780e-04	7.469636e-04	-2.104856e-04
369           	2.374825e-02	1.126602e-02	1.248224e-02	-2.887629e-03	2.370736e-02	-2.659499e-02	2.515118e-02	-6.081091e-04	4.787567e-04	5.365149e-04	7.470142e-04	-2.104993e-04
370           	2.374818e-02	1.126594e-02	1.248224e-02	-2.887632e-03	2.370729e-02	-2.659492e-02	2.515111e-02	-6.081516e-04	4.787893e-04	5.365523e-04	7.470654e-04	-2.105132e-04
371           	2.374810e-02	1.126586e-02	1.248225e-02	-2.887635e-03	2.370722e-02	-2.659486e-02	2.515104e-02	-6.081949e-04	4.788223e-04	5.365900e-04	7.471173e-04	-2.105273e-04
372           	2.374804e-02	1.126578e-02	1.248226e-02	-2.887638e-03	2.370716e-02	-2.659480e-02	2.515098e-02	-6.082389e-04	4.788557e-04	5.366281e-04	7.471697e-04	-2.105417e-04
373           	2.374797e-02	1.126570e-02	1.248227e-02	-2.887642e-03	2.370710e-02	-2.659474e-02	2.515092e-02	-6.082836e-04	4.788895e-04	5.366664e-04	7.472227e-04	-2.105563e-04
374           	2.374791e-02	1.126562e-02	1.248228e-02	-2.887645e-03	2.370704e-02	-2.659468e-02	2.515086e-02	-6.083288e-04	4.789236e-04	5.367051e-04	7.472762e-04	-2.105711e-04
375           	2.374785e-02	1.126555e-02	1.248230e-02	-2.887648e-03	2.370698e-02	-2.659463e-02	2.515081e-02	-6.083746e-04	4.789581e-04	5.367440e-04	7.473301e-04	-2.105861e-04
376           	2.374779e-02	1.126547e-02	1.248231e-02	-2.887651e-03	2.370693e-02	-2.659458e-02	2.515076e-02	-6.084209e-04	4.789927e-04	5.367831e-04	7.473843e-04	-2.106012e-04
377           	2.374773e-02	1.126540e-02	1.248233e-02	-2.887654e-03	2.370688e-02	-2.659453e-02	2.515071e-02	-6.084677e-04	4.790276e-04	5.368223e-04	7.474387e-04	-2.106164e-04
378           	2.374768e-02	1.126533e-02	1.248235e-02	-2.887657e-03	2.370683e-02	-2.659449e-02	2.515066e-02	-6.085147e-04	4.790626e-04	5.368616e-04	7.474934e-04	-2.106318e-04
379           	2.374763e-02	1.126525e-02	1.248238e-02	-2.887660e-03	2.370679e-02	-2.659445e-02	2.515062e-02	-6.085621e-04	4.790977e-04	5.369009e-04	7.475482e-04	-2.106473e-04
380           	2.374758e-02	1.126520e-02	1.248239e-02	-2.887663e-03	2.370675e-02	-2.659441e-02	2.515058e-02	-6.085950e-04	4.791211e-04	5.369278e-04	7.475850e-04	-2.106572e-04
381           	2.374754e-02	1.126512e-02	1.248242e-02	-2.887665e-03	2.370671e-02	-2.659438e-02	2.515055e-02	-6.086479e-04	4.791605e-04	5.369714e-04	7.476462e-04	-2.106748e-04
382           	2.374750e-02	1.126506e-02	1.248244e-02	-2.887668e-03	2.370668e-02	-2.659435e-02	2.515051e-02	-6.086863e-04	4.791882e-04	5.370025e-04	7.476895e-04	-2.106869e-04
383           	2.374746e-02	1.126498e-02	1.248247e-02	-2.887671e-03	2.370664e-02	-2.659432e-02	2.515048e-02	-6.087450e-04	4.792320e-04	5.370504e-04	7.477572e-04	-2.107068e-04
384           	2.374742e-02	1.126492e-02	1.248250e-02	-2.887674e-03	2.370661e-02	-2.659429e-02	2.515045e-02	-6.087877e-04	4.792630e-04	5.370848e-04	7.478054e-04	-2.107206e-04
385           	2.374739e-02	1.126484e-02	1.248254e-02	-2.887676e-03	2.370659e-02	-2.659426e-02	2.515042e-02	-6.088494e-04	4.793091e-04	5.371349e-04	7.478765e-04	-2.107416e-04
386           	2.374735e-02	1.126478e-02	1.248257e-02	-2.887679e-03	2.370656e-02	-2.659424e-02	2.515040e-02	-6.088934e-04	4.793410e-04	5.371701e-04	7.479261e-04	-2.107559e-04
387           	2.374732e-02	1.126472e-02	1.248260e-02	-2.887682e-03	2.370654e-02	-2.659422e-02	2.515038e-02	-6.089393e-04	4.793743e-04	5.372068e-04	7.479777e-04	-2.107709e-04
388           	2.374729e-02	1.126466e-02	1.248263e-02	-2.887684e-03	2.370652e-02	-2.659420e-02	2.515036e-02	-6.089870e-04	4.794090e-04	5.372450e-04	7.480315e-04	-2.107866e-04
389           	2.374727e-02	1.126460e-02	1.248267e-02	-2.887687e-03	2.370650e-02	-2.659418e-02	2.515034e-02	-6.090366e-04	4.794451e-04	5.372844e-04	7.480873e-04	-2.108029e-04
390           	2.374724e-02	1.126453e-02	1.248271e-02	-2.887689e-03	2.370648e-02	-2.659417e-02	2.515032e-02	-6.090875e-04	4.794822e-04	5.373250e-04	7.481446e-04	-2.108197e-04
391           	2.374722e-02	1.126447e-02	1.248275e-02	-2.887692e-03	2.370646e-02	-2.659416e-02	2.515031e-02	-6.091395e-04	4.795199e-04	5.373661e-04	7.482029e-04	-2.108368e-04
392           	2.374720e-02	1.126441e-02	1.248279e-02	-2.887694e-03	2.370645e-02	-2.659415e-02	2.515030e-02	-6.091918e-04	4.795578e-04	5.374075e-04	7.482616e-04	-2.108541e-04
393           	2.374718e-02	1.126435e-02	1.248283e-02	-2.887697e-03	2.370644e-02	-2.659414e-02	2.515029e-02	-6.092441e-04	4.795956e-04	5.374487e-04	7.483199e-04	-2.108712e-04
394           	2.374716e-02	1.126429e-02	1.248288e-02	-2.887699e-03	2.370643e-02	-2.659413e-02	2.515028e-02	-6.092959e-04	4.796328e-04	5.374894e-04	7.483775e-04	-2.108882e-04
395           	2.374715e-02	1.126423e-02	1.248292e-02	-2.887701e-03	2.370643e-02	-2.659413e-02	2.515028e-02	-6.093468e-04	4.796694e-04	5.375294e-04	7.484341e-04	-2.109047e-04
396           	2.374714e-02	1.126417e-02	1.248296e-02	-2.887704e-03	2.370642e-02	-2.659412e-02	2.515027e-02	-6.093970e-04	4.797052e-04	5.375686e-04	7.484895e-04	-2.109209e-04
397           	2.374712e-02	1.126412e-02	1.248301e-02	-2.887706e-03	2.370642e-02	-2.659412e-02	2.515027e-02	-6.094463e-04	4.797403e-04	5.376071e-04	7.485438e-04	-2.109367e-04
398           	2.374711e-02	1.126406e-02	1.248305e-02	-2.887708e-03	2.370642e-02	-2.659412e-02	2.515027e-02	-6.094949e-04	4.797747e-04	5.376449e-04	7.485971e-04	-2.109522e-04
399           	2.374711e-02	1.126401e-02	1.248310e-02	-2.887711e-03	2.370642e-02	-2.659413e-02	2.515027e-02	-6.095431e-04	4.798087e-04	5.376822e-04	7.486498e-04	-2.109676e-04
400           	2.374710e-02	1.126396e-02	1.248314e-02	-2.887713e-03	2.370642e-02	-2.659413e-02	2.515027e-02	-6.095910e-04	4.798424e-04	5.377192e-04	7.487020e-04	-2.109828e-04
401           	2.374709e-02	1.126391e-02	1.248319e-02	-2.887715e-03	2.370642e-02	-2.659414e-02	2.515028e-02	-6.096389e-04	4.798761e-04	5.377560e-04	7.487541e-04	-2.109980e-04
402           	2.374709e-02	1.126386e-02	1.248323e-02	-2.887717e-03	2.370643e-02	-2.659414e-02	2.515028e-02	-6.096870e-04	4.799098e-04	5.377928e-04	7.488062e-04	-2.110134e-04
403           	2.374709e-02	1.126381e-02	1.248328e-02	-2.887719e-03	2.370643e-02	-2.659415e-02	2.515029e-02	-6.097353e-04	4.799436e-04	5.378296e-04	7.488584e-04	-2.110288e-04
404           	2.374709e-02	1.126376e-02	1.248333e-02	-2.887721e-03	2.370644e-02	-2.659416e-02	2.515030e-02	-6.097839e-04	4.799776e-04	5.378665e-04	7.489108e-04	-2.110444e-04
405           	2.374709e-02	1.126371e-02	1.248338e-02	-2.887723e-03	2.370645e-02	-2.659417e-02	2.515031e-02	-6.098326e-04	4.800118e-04	5.379034e-04	7.489635e-04	-2.110601e-04
406           	2.374709e-02	1.126366e-02	1.248343e-02	-2.887725e-03	2.370646e-02	-2.659419e-02	2.515032e-02	-6.098816e-04	4.800460e-04	5.379403e-04	7.490162e-04	-2.110759e-04
407           	2.374710e-02	1.126362e-02	1.248348e-02	-2.887727e-03	2.370647e-02	-2.659420e-02	2.515034e-02	-6.099306e-04	4.800803e-04	5.379772e-04	7.490689e-04	-2.110917e-04
408           	2.374710e-02	1.126357e-02	1.248353e-02	-2.887729e-03	2.370649e-02	-2.659422e-02	2.515035e-02	-6.099797e-04	4.801146e-04	5.380140e-04	7.491216e-04	-2.111077e-04
409           	2.374711e-02	1.126352e-02	1.248358e-02	-2.887731e-03	2.370650e-02	-2.659423e-02	2.515037e-02	-6.100287e-04	4.801489e-04	5.380506e-04	7.491743e-04	-2.111236e-04
410           	2.374711e-02	1.126348e-02	1.248363e-02	-2.887733e-03	2.370652e-02	-2.659425e-02	2.515038e-02	-6.100777e-04	4.801831e-04	5.380872e-04	7.492267e-04	-2.111395e-04
411           	2.374712e-02	1.126343e-02	1.248369e-02	-2.887735e-03	2.370653e-02	-2.659427e-02	2.515040e-02	-6.101265e-04	4.802172e-04	5.381235e-04	7.492789e-04	-2.111554e-04
412           	2.374713e-02	1.126339e-02	1.248374e-02	-2.887737e-03	2.370655e-02	-2.659429e-02	2.515042e-02	-6.101751e-04	4.802511e-04	5.381597e-04	7.493309e-04	-2.111713e-04
413           	2.374714e-02	1.126335e-02	1.248379e-02	-2.887738e-03	2.370657e-02	-2.659431e-02	2.515044e-02	-6.102236e-04	4.802849e-04	5.381956e-04	7.493827e-04	-2.111871e-04
414           	2.374715e-02	1.126331e-02	1.248385e-02	-2.887740e-03	2.370659e-02	-2.659433e-02	2.515046e-02	-6.102719e-04	4.803185e-04	5.382314e-04	7.494342e-04	-2.112028e-04
415           	2.374717e-02	1.126326e-02	1.248390e-02	-2.887742e-03	2.370661e-02	-2.659435e-02	2.515048e-02	-6.103200e-04	4.803520e-04	5.382669e-04	7.494855e-04	-2.112185e-04
416           	2.374718e-02	1.126322e-02	1.248396e-02	-2.887744e-03	2.370663e-02	-2.659438e-02	2.515051e-02	-6.103680e-04	4.803854e-04	5.383024e-04	7.495366e-04	-2.112342e-04
417           	2.374720e-02	1.126318e-02	1.248401e-02	-2.887745e-03	2.370666e-02	-2.659440e-02	2.515053e-02	-6.104159e-04	4.804186e-04	5.383376e-04	7.495875e-04	-2.112498e-04
418           	2.374721e-02	1.126314e-02	1.248407e-02	-2.887747e-03	2.370668e-02	-2.659443e-02	2.515056e-02	-6.104636e-04	4.804518e-04	5.383728e-04	7.496382e-04	-2.112654e-04
419           	2.374723e-02	1.126310e-02	1.248413e-02	-2.887749e-03	2.370671e-02	-2.659446e-02	2.515058e-02	-6.105111e-04	4.804848e-04	5.384077e-04	7.496887e-04	-2.112810e-04
420           	2.374725e-02	1.126306e-02	1.248418e-02	-2.887750e-03	2.370673e-02	-2.659448e-02	2.515061e-02	-6.105584e-04	4.805177e-04	5.384425e-04	7.497390e-04	-2.112965e-04
421           	2.374727e-02	1.126303e-02	1.248424e-02	-2.887752e-03	2.370676e-02	-2.659451e-02	2.515064e-02	-6.106056e-04	4.805505e-04	5.384772e-04	7.497891e-04	-2.113119e-04
422           	2.374728e-02	1.126299e-02	1.248429e-02	-2.887753e-03	2.370679e-02	-2.659454e-02	2.515067e-02	-6.106525e-04	4.805832e-04	5.385116e-04	7.498390e-04	-2.113274e-04
