# Force and moment coefficients
# dragDir     : (1.000000e+00 0.000000e+00 0.000000e+00)
# sideDir     : (0.000000e+00 1.000000e+00 0.000000e+00)
# liftDir     : (0.000000e+00 0.000000e+00 1.000000e+00)
# rollAxis    : (1.000000e+00 0.000000e+00 0.000000e+00)
# pitchAxis   : (0.000000e+00 1.000000e+00 0.000000e+00)
# yawAxis     : (0.000000e+00 0.000000e+00 1.000000e+00)
# magUInf     : 6.661800e+00
# lRef        : 1.499270e-01
# Aref        : 5.000000e-02
# CofR        : (3.750000e-02 0.000000e+00 0.000000e+00)
#
# Time        	Cd            	Cd(f)         	Cd(r)         	Cl            	Cl(f)         	Cl(r)         	CmPitch       	CmRoll        	CmYaw         	Cs            	Cs(f)         	Cs(r)         
1             	2.945178e-01	-7.276545e-01	1.022172e+00	-4.755254e-03	1.521930e-01	-1.569482e-01	1.545706e-01	-8.749134e-01	5.148529e-01	1.632285e+00	1.330995e+00	3.012895e-01
2             	2.161757e-01	-7.148832e-01	9.310589e-01	-6.285111e-03	1.093127e-01	-1.155978e-01	1.124553e-01	-8.229711e-01	4.786329e-01	1.533408e+00	1.245337e+00	2.880711e-01
3             	1.634841e-01	-5.459506e-01	7.094347e-01	-6.495234e-03	8.143144e-02	-8.792668e-02	8.467906e-02	-6.276927e-01	3.576756e-01	1.166314e+00	9.408327e-01	2.254815e-01
4             	1.238209e-01	-2.961375e-01	4.199584e-01	-5.782423e-03	6.133461e-02	-6.711703e-02	6.422582e-02	-3.580479e-01	1.926502e-01	6.605179e-01	5.229092e-01	1.376087e-01
5             	9.257588e-02	-3.779546e-02	1.303713e-01	-4.555466e-03	4.610324e-02	-5.065871e-02	4.838098e-02	-8.408340e-02	2.585256e-02	1.475702e-01	9.963767e-02	4.793255e-02
6             	6.841492e-02	1.739930e-01	-1.055781e-01	-3.178011e-03	3.463922e-02	-3.781723e-02	3.622822e-02	1.397855e-01	-1.093105e-01	-2.703466e-01	-2.444838e-01	-2.586283e-02
7             	5.093736e-02	3.073616e-01	-2.564243e-01	-1.922991e-03	2.646425e-02	-2.838724e-02	2.742574e-02	2.818930e-01	-1.931062e-01	-5.339735e-01	-4.600930e-01	-7.388054e-02
8             	3.958420e-02	3.544493e-01	-3.148651e-01	-9.466435e-04	2.115624e-02	-2.210288e-02	2.162956e-02	3.346572e-01	-2.206065e-01	-6.294386e-01	-5.353259e-01	-9.411279e-02
9             	3.337245e-02	3.269966e-01	-2.936241e-01	-3.016468e-04	1.818466e-02	-1.848630e-02	1.833548e-02	3.103104e-01	-1.993891e-01	-5.802218e-01	-4.895000e-01	-9.072179e-02
10            	3.098402e-02	2.488511e-01	-2.178671e-01	3.171624e-05	1.691922e-02	-1.688750e-02	1.690336e-02	2.333591e-01	-1.449992e-01	-4.328790e-01	-3.614387e-01	-7.144030e-02
11            	3.099662e-02	1.483179e-01	-1.173213e-01	1.174142e-04	1.671459e-02	-1.659717e-02	1.665588e-02	1.328196e-01	-7.608405e-02	-2.422989e-01	-1.972335e-01	-4.506540e-02
12            	3.209147e-02	5.140530e-02	-1.931383e-02	3.217818e-05	1.698617e-02	-1.695399e-02	1.697008e-02	3.535956e-02	-9.966558e-03	-5.877201e-02	-3.935256e-02	-1.941944e-02
13            	3.324977e-02	-2.277743e-02	5.602720e-02	-1.519861e-04	1.729013e-02	-1.744212e-02	1.736613e-02	-3.940231e-02	4.049309e-02	8.087438e-02	8.093028e-02	-5.589788e-05
14            	3.384515e-02	-6.440283e-02	9.824798e-02	-3.779635e-04	1.735795e-02	-1.773592e-02	1.754694e-02	-8.132540e-02	6.860024e-02	1.578509e-01	1.475257e-01	1.032521e-02
15            	3.363591e-02	-7.268282e-02	1.063187e-01	-6.048296e-04	1.709018e-02	-1.769501e-02	1.739260e-02	-8.950078e-02	7.376295e-02	1.708989e-01	1.592124e-01	1.168652e-02
16            	3.267319e-02	-5.401841e-02	8.669159e-02	-8.083113e-04	1.651290e-02	-1.732121e-02	1.691705e-02	-7.035500e-02	6.031410e-02	1.326073e-01	1.266177e-01	5.989529e-03
17            	3.119154e-02	-1.880505e-02	4.999659e-02	-9.757814e-04	1.572985e-02	-1.670563e-02	1.621774e-02	-3.440082e-02	3.539997e-02	6.321750e-02	6.700872e-02	-3.791220e-03
18            	2.948960e-02	2.162046e-02	7.869137e-03	-1.102924e-03	1.487031e-02	-1.597324e-02	1.542177e-02	6.875662e-03	6.878012e-03	-1.535359e-02	-7.987822e-04	-1.455481e-02
19            	2.784307e-02	5.751080e-02	-2.966773e-02	-1.189004e-03	1.405175e-02	-1.524075e-02	1.464625e-02	4.358926e-02	-1.843271e-02	-8.438517e-02	-6.062529e-02	-2.375987e-02
20            	2.644509e-02	8.234712e-02	-5.590202e-02	-1.235410e-03	1.335463e-02	-1.459004e-02	1.397233e-02	6.912457e-02	-3.592860e-02	-1.315026e-01	-1.016799e-01	-2.982270e-02
21            	2.537882e-02	9.347991e-02	-6.810109e-02	-1.245424e-03	1.281188e-02	-1.405730e-02	1.343459e-02	8.079050e-02	-4.371413e-02	-1.518704e-01	-1.196493e-01	-3.222105e-02
22            	2.462814e-02	9.174757e-02	-6.711944e-02	-1.224064e-03	1.241374e-02	-1.363780e-02	1.302577e-02	7.943350e-02	-4.236560e-02	-1.474082e-01	-1.160697e-01	-3.133853e-02
23            	2.410930e-02	8.046117e-02	-5.635187e-02	-1.177937e-03	1.212157e-02	-1.329951e-02	1.271054e-02	6.840652e-02	-3.423182e-02	-1.247700e-01	-9.661680e-02	-2.815315e-02
24            	2.371156e-02	6.417069e-02	-4.045913e-02	-1.114699e-03	1.188626e-02	-1.300096e-02	1.244361e-02	5.231491e-02	-2.257287e-02	-9.291913e-02	-6.903243e-02	-2.388670e-02
25            	2.332984e-02	4.730824e-02	-2.397840e-02	-1.042911e-03	1.166179e-02	-1.270470e-02	1.218325e-02	3.564332e-02	-1.059328e-02	-6.050241e-02	-4.084448e-02	-1.965793e-02
26            	2.289140e-02	3.331285e-02	-1.042145e-02	-9.707546e-04	1.141677e-02	-1.238752e-02	1.190214e-02	2.186715e-02	-8.028650e-04	-3.413787e-02	-1.787180e-02	-1.626607e-02
27            	2.236312e-02	2.414282e-02	-1.779702e-03	-9.057395e-04	1.113709e-02	-1.204283e-02	1.158996e-02	1.296126e-02	5.340883e-03	-1.750288e-02	-3.410558e-03	-1.409232e-02
28            	2.175423e-02	2.018607e-02	1.568156e-03	-8.533684e-04	1.082709e-02	-1.168046e-02	1.125378e-02	9.308958e-03	7.514051e-03	-1.118637e-02	1.920867e-03	-1.310724e-02
29            	2.110491e-02	2.052950e-02	5.754134e-04	-8.168595e-04	1.050431e-02	-1.132117e-02	1.091274e-02	9.977042e-03	6.344651e-03	-1.324958e-02	-2.801390e-04	-1.296944e-02
30            	2.047059e-02	2.345034e-02	-2.979757e-03	-7.971028e-04	1.019241e-02	-1.098952e-02	1.059096e-02	1.321505e-02	3.069173e-03	-2.021080e-02	-7.036228e-03	-1.317457e-02
31            	1.990416e-02	2.699898e-02	-7.094824e-03	-7.932018e-04	9.913798e-03	-1.070700e-02	1.031040e-02	1.704690e-02	-8.937832e-04	-2.819777e-02	-1.499267e-02	-1.320510e-02
32            	1.944538e-02	2.948366e-02	-1.003828e-02	-8.024560e-04	9.685156e-03	-1.048761e-02	1.008638e-02	1.976097e-02	-4.293498e-03	-3.389595e-02	-2.124147e-02	-1.265448e-02
33            	1.911298e-02	2.980219e-02	-1.068922e-02	-8.211324e-04	9.514201e-03	-1.033533e-02	9.924767e-03	2.024571e-02	-6.291444e-03	-3.518709e-02	-2.388499e-02	-1.130210e-02
34            	1.890289e-02	2.756583e-02	-8.662940e-03	-8.451757e-04	9.398910e-03	-1.024409e-02	9.821497e-03	1.811439e-02	-6.555711e-03	-3.137611e-02	-2.224376e-02	-9.132343e-03
35            	1.879141e-02	2.304994e-02	-4.258533e-03	-8.708721e-04	9.328722e-03	-1.019959e-02	9.764158e-03	1.365424e-02	-5.232928e-03	-2.308047e-02	-1.677316e-02	-6.307305e-03
36            	1.874265e-02	1.701103e-02	1.731621e-03	-8.952574e-04	9.287883e-03	-1.018314e-02	9.735512e-03	7.639703e-03	-2.818515e-03	-1.185209e-02	-8.744559e-03	-3.107529e-03
37            	1.871711e-02	1.043489e-02	8.282220e-03	-9.162684e-04	9.259032e-03	-1.017530e-02	9.717167e-03	1.076334e-03	2.438938e-05	3.313083e-04	1.900435e-04	1.412648e-04
38            	1.867937e-02	4.272011e-03	1.440736e-02	-9.327318e-04	9.226413e-03	-1.015914e-02	9.692779e-03	-5.067674e-03	2.655899e-03	1.159125e-02	8.451525e-03	3.139726e-03
39            	1.860337e-02	-7.515554e-04	1.935493e-02	-9.442567e-04	9.178319e-03	-1.012258e-02	9.650447e-03	-1.005324e-02	4.594215e-03	2.051907e-02	1.485375e-02	5.665322e-03
40            	1.847517e-02	-4.250893e-03	2.272606e-02	-9.510983e-04	9.108171e-03	-1.005927e-02	9.583720e-03	-1.348848e-02	5.597466e-03	2.639871e-02	1.879682e-02	7.601888e-03
41            	1.829341e-02	-6.197986e-03	2.449140e-02	-9.539379e-04	9.014869e-03	-9.968807e-03	9.491838e-03	-1.534469e-02	5.672590e-03	2.922759e-02	2.028638e-02	8.941203e-03
42            	1.806728e-02	-6.862447e-03	2.492973e-02	-9.537752e-04	8.901926e-03	-9.855701e-03	9.378814e-03	-1.589609e-02	5.029537e-03	2.959005e-02	1.982456e-02	9.765488e-03
43            	1.781260e-02	-6.700532e-03	2.451313e-02	-9.516584e-04	8.776062e-03	-9.727720e-03	9.251891e-03	-1.560683e-02	3.998451e-03	2.842854e-02	1.821272e-02	1.021582e-02
44            	1.754718e-02	-6.226036e-03	2.377322e-02	-9.484221e-04	8.645175e-03	-9.593597e-03	9.119386e-03	-1.499963e-02	2.935106e-03	2.678213e-02	1.632617e-02	1.045596e-02
45            	1.728674e-02	-5.893944e-03	2.318068e-02	-9.444469e-04	8.516304e-03	-9.460751e-03	8.988528e-03	-1.453731e-02	2.137658e-03	2.555337e-02	1.491434e-02	1.063903e-02
46            	1.704251e-02	-6.020156e-03	2.306266e-02	-9.397269e-04	8.394458e-03	-9.334185e-03	8.864322e-03	-1.454141e-02	1.792065e-03	2.535014e-02	1.446713e-02	1.088300e-02
47            	1.682034e-02	-6.740487e-03	2.356083e-02	-9.340567e-04	8.282231e-03	-9.216288e-03	8.749260e-03	-1.515066e-02	1.948757e-03	2.641010e-02	1.515381e-02	1.125629e-02
48            	1.662103e-02	-8.015766e-03	2.463680e-02	-9.272242e-04	8.179950e-03	-9.107174e-03	8.643562e-03	-1.632628e-02	2.533723e-03	2.861832e-02	1.684288e-02	1.177544e-02
49            	1.644148e-02	-9.671151e-03	2.611263e-02	-9.191907e-04	8.086191e-03	-9.005382e-03	8.545786e-03	-1.789189e-02	3.383673e-03	3.159272e-02	1.918004e-02	1.241269e-02
50            	1.627637e-02	-1.145721e-02	2.773358e-02	-9.101170e-04	7.998579e-03	-8.908696e-03	8.453637e-03	-1.959539e-02	4.295533e-03	3.481196e-02	2.170151e-02	1.311044e-02
51            	1.611969e-02	-1.311431e-02	2.923401e-02	-9.003675e-04	7.914458e-03	-8.814825e-03	8.364642e-03	-2.117416e-02	5.075114e-03	3.774643e-02	2.394833e-02	1.379810e-02
52            	1.596609e-02	-1.443021e-02	3.039630e-02	-8.904569e-04	7.831517e-03	-8.721974e-03	8.276745e-03	-2.241326e-02	5.578188e-03	3.997370e-02	2.556504e-02	1.440866e-02
53            	1.581169e-02	-1.527475e-02	3.108643e-02	-8.809385e-04	7.748113e-03	-8.629052e-03	8.188582e-03	-2.318059e-02	5.732294e-03	4.124539e-02	2.635499e-02	1.489040e-02
54            	1.565456e-02	-1.561533e-02	3.126990e-02	-8.723378e-04	7.663452e-03	-8.535790e-03	8.099621e-03	-2.344261e-02	5.542661e-03	4.151461e-02	2.629997e-02	1.521464e-02
55            	1.549469e-02	-1.550886e-02	3.100354e-02	-8.650576e-04	7.577578e-03	-8.442636e-03	8.010107e-03	-2.325620e-02	5.080341e-03	4.091529e-02	2.553799e-02	1.537730e-02
56            	1.533357e-02	-1.507777e-02	3.041134e-02	-8.593209e-04	7.491219e-03	-8.350540e-03	7.920880e-03	-2.274456e-02	4.459203e-03	3.971033e-02	2.431437e-02	1.539596e-02
57            	1.517374e-02	-1.447738e-02	2.965113e-02	-8.551669e-04	7.405527e-03	-8.260694e-03	7.833110e-03	-2.206426e-02	3.807913e-03	3.822308e-02	2.291945e-02	1.530363e-02
58            	1.501814e-02	-1.386177e-02	2.887990e-02	-8.524868e-04	7.321834e-03	-8.174321e-03	7.748078e-03	-2.137083e-02	3.242717e-03	3.676723e-02	2.162633e-02	1.514090e-02
59            	1.486954e-02	-1.335648e-02	2.822601e-02	-8.510658e-04	7.241413e-03	-8.092479e-03	7.666946e-03	-2.079124e-02	2.847580e-03	3.559207e-02	2.064361e-02	1.494845e-02
60            	1.473012e-02	-1.304047e-02	2.777060e-02	-8.506235e-04	7.165288e-03	-8.015911e-03	7.590599e-03	-2.040554e-02	2.662862e-03	3.484719e-02	2.008646e-02	1.476073e-02
61            	1.460125e-02	-1.294043e-02	2.754169e-02	-8.508624e-04	7.094137e-03	-7.945000e-03	7.519569e-03	-2.024106e-02	2.684465e-03	3.457325e-02	1.997109e-02	1.460216e-02
62            	1.448330e-02	-1.303507e-02	2.751838e-02	-8.515013e-04	7.028225e-03	-7.879727e-03	7.453976e-03	-2.027673e-02	2.871033e-03	3.471298e-02	2.022752e-02	1.448546e-02
63            	1.437574e-02	-1.326799e-02	2.764373e-02	-8.523154e-04	6.967408e-03	-7.819724e-03	7.393566e-03	-2.045586e-02	3.157219e-03	3.513928e-02	2.072686e-02	1.441242e-02
64            	1.427732e-02	-1.356475e-02	2.784207e-02	-8.531588e-04	6.911236e-03	-7.764394e-03	7.337815e-03	-2.070341e-02	3.469589e-03	3.569156e-02	2.131537e-02	1.437619e-02
65            	1.418634e-02	-1.384986e-02	2.803620e-02	-8.539717e-04	6.859014e-03	-7.712986e-03	7.286000e-03	-2.094303e-02	3.740968e-03	3.621101e-02	2.184647e-02	1.436454e-02
66            	1.410092e-02	-1.406111e-02	2.816204e-02	-8.547701e-04	6.809940e-03	-7.664710e-03	7.237325e-03	-2.111157e-02	3.921680e-03	3.656977e-02	2.220657e-02	1.436321e-02
67            	1.401925e-02	-1.415866e-02	2.817791e-02	-8.556174e-04	6.763216e-03	-7.618834e-03	7.191025e-03	-2.116829e-02	3.985519e-03	3.668885e-02	2.232995e-02	1.435891e-02
68            	1.393978e-02	-1.412872e-02	2.806849e-02	-8.565933e-04	6.718126e-03	-7.574719e-03	7.146422e-03	-2.109860e-02	3.930839e-03	3.654460e-02	2.220314e-02	1.434146e-02
69            	1.386135e-02	-1.398153e-02	2.784287e-02	-8.577722e-04	6.674094e-03	-7.531867e-03	7.102981e-03	-2.091220e-02	3.776756e-03	3.616338e-02	2.185845e-02	1.430493e-02
70            	1.378327e-02	-1.374541e-02	2.752868e-02	-8.592050e-04	6.630751e-03	-7.489956e-03	7.060353e-03	-2.063705e-02	3.556343e-03	3.560823e-02	2.136046e-02	1.424777e-02
71            	1.370529e-02	-1.345873e-02	2.716402e-02	-8.609073e-04	6.587882e-03	-7.448789e-03	7.018335e-03	-2.031138e-02	3.308581e-03	3.496159e-02	2.078938e-02	1.417222e-02
72            	1.362748e-02	-1.316139e-02	2.678887e-02	-8.628576e-04	6.545438e-03	-7.408296e-03	6.976867e-03	-1.997513e-02	3.070481e-03	3.430726e-02	2.022411e-02	1.408315e-02
73            	1.355019e-02	-1.288782e-02	2.643801e-02	-8.650068e-04	6.503493e-03	-7.368500e-03	6.935997e-03	-1.966291e-02	2.871166e-03	3.371594e-02	1.972914e-02	1.398680e-02
74            	1.347392e-02	-1.266209e-02	2.613601e-02	-8.672887e-04	6.462200e-03	-7.329488e-03	6.895844e-03	-1.939905e-02	2.728215e-03	3.323548e-02	1.934595e-02	1.388952e-02
75            	1.339920e-02	-1.249569e-02	2.589489e-02	-8.696291e-04	6.421742e-03	-7.291371e-03	6.856556e-03	-1.919529e-02	2.646619e-03	3.288664e-02	1.908994e-02	1.379670e-02
76            	1.332652e-02	-1.238810e-02	2.571462e-02	-8.719565e-04	6.382305e-03	-7.254262e-03	6.818284e-03	-1.905136e-02	2.620282e-03	3.266497e-02	1.895277e-02	1.371220e-02
77            	1.325620e-02	-1.232923e-02	2.558543e-02	-8.742112e-04	6.344047e-03	-7.218258e-03	6.781153e-03	-1.895733e-02	2.635050e-03	3.254629e-02	1.890820e-02	1.363810e-02
78            	1.318846e-02	-1.230301e-02	2.549146e-02	-8.763514e-04	6.307071e-03	-7.183422e-03	6.745247e-03	-1.889723e-02	2.672598e-03	3.249469e-02	1.891994e-02	1.357475e-02
79            	1.312329e-02	-1.229137e-02	2.541467e-02	-8.783576e-04	6.271414e-03	-7.149772e-03	6.710593e-03	-1.885302e-02	2.714312e-03	3.247094e-02	1.894978e-02	1.352116e-02
80            	1.306062e-02	-1.227773e-02	2.533835e-02	-8.802271e-04	6.237058e-03	-7.117285e-03	6.677172e-03	-1.880804e-02	2.744486e-03	3.243987e-02	1.896442e-02	1.347545e-02
81            	1.300022e-02	-1.224952e-02	2.524974e-02	-8.819689e-04	6.203933e-03	-7.085902e-03	6.644917e-03	-1.874963e-02	2.752399e-03	3.237553e-02	1.894016e-02	1.343537e-02
82            	1.294183e-02	-1.219953e-02	2.514136e-02	-8.836012e-04	6.171937e-03	-7.055538e-03	6.613738e-03	-1.867044e-02	2.733187e-03	3.226375e-02	1.886506e-02	1.339869e-02
83            	1.288516e-02	-1.212600e-02	2.501115e-02	-8.851479e-04	6.140947e-03	-7.026095e-03	6.583521e-03	-1.856858e-02	2.687445e-03	3.210207e-02	1.873848e-02	1.336359e-02
84            	1.282992e-02	-1.203180e-02	2.486172e-02	-8.866357e-04	6.110836e-03	-6.997472e-03	6.554154e-03	-1.844676e-02	2.620046e-03	3.189774e-02	1.856892e-02	1.332883e-02
85            	1.277587e-02	-1.192298e-02	2.469885e-02	-8.880872e-04	6.081487e-03	-6.969574e-03	6.525531e-03	-1.831092e-02	2.538450e-03	3.166440e-02	1.837065e-02	1.329375e-02
86            	1.272285e-02	-1.180704e-02	2.452989e-02	-8.895160e-04	6.052803e-03	-6.942319e-03	6.497561e-03	-1.816846e-02	2.450915e-03	3.141837e-02	1.816010e-02	1.325827e-02
87            	1.267072e-02	-1.169144e-02	2.436216e-02	-8.909242e-04	6.024707e-03	-6.915631e-03	6.470169e-03	-1.802680e-02	2.364975e-03	3.117539e-02	1.795267e-02	1.322272e-02
88            	1.261945e-02	-1.158211e-02	2.420156e-02	-8.923066e-04	5.997157e-03	-6.889464e-03	6.443310e-03	-1.789184e-02	2.286171e-03	3.094764e-02	1.775999e-02	1.318765e-02
89            	1.256903e-02	-1.148301e-02	2.405204e-02	-8.936482e-04	5.970131e-03	-6.863779e-03	6.416955e-03	-1.776752e-02	2.217670e-03	3.074273e-02	1.758903e-02	1.315369e-02
90            	1.251949e-02	-1.139579e-02	2.391528e-02	-8.949285e-04	5.943624e-03	-6.838552e-03	6.391088e-03	-1.765553e-02	2.160194e-03	3.056324e-02	1.744181e-02	1.312143e-02
91            	1.247089e-02	-1.132004e-02	2.379093e-02	-8.961258e-04	5.917644e-03	-6.813770e-03	6.365707e-03	-1.755549e-02	2.112420e-03	3.040737e-02	1.731610e-02	1.309126e-02
92            	1.242329e-02	-1.125387e-02	2.367716e-02	-8.972204e-04	5.892207e-03	-6.789427e-03	6.340817e-03	-1.746551e-02	2.071667e-03	3.027020e-02	1.720677e-02	1.306343e-02
93            	1.237672e-02	-1.119454e-02	2.357126e-02	-8.981978e-04	5.867324e-03	-6.765522e-03	6.316423e-03	-1.738290e-02	2.034662e-03	3.014523e-02	1.710728e-02	1.303795e-02
94            	1.233122e-02	-1.113917e-02	2.347038e-02	-8.990493e-04	5.843009e-03	-6.742058e-03	6.292533e-03	-1.730477e-02	1.998253e-03	3.002588e-02	1.701119e-02	1.301469e-02
95            	1.228679e-02	-1.108527e-02	2.337206e-02	-8.997727e-04	5.819260e-03	-6.719033e-03	6.269147e-03	-1.722867e-02	1.959946e-03	2.990666e-02	1.691328e-02	1.299338e-02
96            	1.224342e-02	-1.103115e-02	2.327457e-02	-9.003723e-04	5.796073e-03	-6.696446e-03	6.246259e-03	-1.715286e-02	1.918217e-03	2.978393e-02	1.681018e-02	1.297375e-02
97            	1.220108e-02	-1.097606e-02	2.317713e-02	-9.008586e-04	5.773430e-03	-6.674289e-03	6.223860e-03	-1.707660e-02	1.872632e-03	2.965622e-02	1.670074e-02	1.295548e-02
98            	1.215972e-02	-1.091998e-02	2.307970e-02	-9.012444e-04	5.751318e-03	-6.652563e-03	6.201941e-03	-1.699984e-02	1.823582e-03	2.952377e-02	1.658547e-02	1.293830e-02
99            	1.211932e-02	-1.086364e-02	2.298297e-02	-9.015439e-04	5.729717e-03	-6.631260e-03	6.180489e-03	-1.692331e-02	1.772179e-03	2.938841e-02	1.646639e-02	1.292203e-02
100           	1.207983e-02	-1.080821e-02	2.288803e-02	-9.017706e-04	5.708604e-03	-6.610374e-03	6.159489e-03	-1.684812e-02	1.719890e-03	2.925282e-02	1.634630e-02	1.290652e-02
101           	1.204120e-02	-1.075494e-02	2.279614e-02	-9.019363e-04	5.687960e-03	-6.589896e-03	6.138928e-03	-1.677554e-02	1.668225e-03	2.911988e-02	1.622817e-02	1.289172e-02
102           	1.200341e-02	-1.070502e-02	2.270843e-02	-9.020504e-04	5.667767e-03	-6.569817e-03	6.118792e-03	-1.670673e-02	1.618489e-03	2.899220e-02	1.611459e-02	1.287761e-02
103           	1.196644e-02	-1.065932e-02	2.262576e-02	-9.021195e-04	5.648011e-03	-6.550130e-03	6.099070e-03	-1.664254e-02	1.571616e-03	2.887166e-02	1.600745e-02	1.286422e-02
104           	1.193026e-02	-1.061836e-02	2.254862e-02	-9.021479e-04	5.628678e-03	-6.530826e-03	6.079752e-03	-1.658349e-02	1.528109e-03	2.875937e-02	1.590779e-02	1.285158e-02
105           	1.189487e-02	-1.058227e-02	2.247714e-02	-9.021379e-04	5.609758e-03	-6.511896e-03	6.060827e-03	-1.652970e-02	1.488068e-03	2.865557e-02	1.581585e-02	1.283972e-02
106           	1.186024e-02	-1.055089e-02	2.241113e-02	-9.020918e-04	5.591243e-03	-6.493335e-03	6.042289e-03	-1.648101e-02	1.451275e-03	2.855987e-02	1.573121e-02	1.282866e-02
107           	1.182637e-02	-1.052384e-02	2.235021e-02	-9.020120e-04	5.573126e-03	-6.475138e-03	6.024132e-03	-1.643703e-02	1.417319e-03	2.847146e-02	1.565305e-02	1.281841e-02
108           	1.179325e-02	-1.050064e-02	2.229389e-02	-9.019008e-04	5.555400e-03	-6.457300e-03	6.006350e-03	-1.639727e-02	1.385725e-03	2.838936e-02	1.558040e-02	1.280895e-02
109           	1.176086e-02	-1.048083e-02	2.224168e-02	-9.017617e-04	5.538058e-03	-6.439819e-03	5.988938e-03	-1.636125e-02	1.356061e-03	2.831263e-02	1.551238e-02	1.280026e-02
110           	1.172918e-02	-1.046398e-02	2.219316e-02	-9.015981e-04	5.521093e-03	-6.422691e-03	5.971892e-03	-1.632857e-02	1.328012e-03	2.824057e-02	1.544830e-02	1.279227e-02
111           	1.169821e-02	-1.044983e-02	2.214804e-02	-9.014146e-04	5.504497e-03	-6.405911e-03	5.955204e-03	-1.629893e-02	1.301411e-03	2.817274e-02	1.538778e-02	1.278496e-02
112           	1.166791e-02	-1.043826e-02	2.210616e-02	-9.012181e-04	5.488259e-03	-6.389477e-03	5.938868e-03	-1.627221e-02	1.276289e-03	2.810913e-02	1.533085e-02	1.277827e-02
113           	1.163828e-02	-1.042913e-02	2.206741e-02	-9.010119e-04	5.472377e-03	-6.373389e-03	5.922883e-03	-1.624827e-02	1.252663e-03	2.804965e-02	1.527749e-02	1.277216e-02
114           	1.160930e-02	-1.042252e-02	2.203182e-02	-9.008024e-04	5.456839e-03	-6.357642e-03	5.907241e-03	-1.622717e-02	1.230762e-03	2.799472e-02	1.522812e-02	1.276660e-02
115           	1.158094e-02	-1.041850e-02	2.199945e-02	-9.005935e-04	5.441638e-03	-6.342231e-03	5.891935e-03	-1.620898e-02	1.210792e-03	2.794469e-02	1.518314e-02	1.276155e-02
116           	1.155320e-02	-1.041717e-02	2.197036e-02	-9.003885e-04	5.426761e-03	-6.327150e-03	5.876956e-03	-1.619376e-02	1.192972e-03	2.789996e-02	1.514295e-02	1.275701e-02
117           	1.152605e-02	-1.041849e-02	2.194454e-02	-9.001870e-04	5.412207e-03	-6.312394e-03	5.862301e-03	-1.618152e-02	1.177376e-03	2.786065e-02	1.510770e-02	1.275295e-02
118           	1.149949e-02	-1.042246e-02	2.192195e-02	-8.999893e-04	5.397968e-03	-6.297958e-03	5.847963e-03	-1.617221e-02	1.164059e-03	2.782684e-02	1.507748e-02	1.274936e-02
119           	1.147350e-02	-1.042898e-02	2.190249e-02	-8.997951e-04	5.384038e-03	-6.283833e-03	5.833936e-03	-1.616573e-02	1.152997e-03	2.779846e-02	1.505222e-02	1.274623e-02
120           	1.144808e-02	-1.043791e-02	2.188599e-02	-8.996039e-04	5.370410e-03	-6.270014e-03	5.820212e-03	-1.616195e-02	1.144102e-03	2.777531e-02	1.503176e-02	1.274355e-02
121           	1.142322e-02	-1.044907e-02	2.187228e-02	-8.994154e-04	5.357079e-03	-6.256494e-03	5.806786e-03	-1.616067e-02	1.137239e-03	2.775711e-02	1.501580e-02	1.274132e-02
122           	1.139889e-02	-1.046224e-02	2.186112e-02	-8.992293e-04	5.344036e-03	-6.243265e-03	5.793651e-03	-1.616168e-02	1.132250e-03	2.774351e-02	1.500400e-02	1.273950e-02
123           	1.137509e-02	-1.047721e-02	2.185230e-02	-8.990459e-04	5.331277e-03	-6.230323e-03	5.780800e-03	-1.616475e-02	1.128957e-03	2.773411e-02	1.499601e-02	1.273810e-02
124           	1.135181e-02	-1.049376e-02	2.184557e-02	-8.988655e-04	5.318796e-03	-6.217661e-03	5.768229e-03	-1.616967e-02	1.127197e-03	2.772856e-02	1.499148e-02	1.273708e-02
125           	1.132903e-02	-1.051171e-02	2.184074e-02	-8.986887e-04	5.306586e-03	-6.205275e-03	5.755931e-03	-1.617622e-02	1.126826e-03	2.772654e-02	1.499009e-02	1.273644e-02
126           	1.130675e-02	-1.053086e-02	2.183761e-02	-8.985162e-04	5.294642e-03	-6.193158e-03	5.743900e-03	-1.618424e-02	1.127723e-03	2.772774e-02	1.499159e-02	1.273615e-02
127           	1.128495e-02	-1.055108e-02	2.183603e-02	-8.983489e-04	5.282956e-03	-6.181305e-03	5.732130e-03	-1.619355e-02	1.129785e-03	2.773194e-02	1.499575e-02	1.273618e-02
128           	1.126361e-02	-1.057222e-02	2.183583e-02	-8.981875e-04	5.271523e-03	-6.169710e-03	5.720617e-03	-1.620403e-02	1.132928e-03	2.773891e-02	1.500238e-02	1.273653e-02
129           	1.124273e-02	-1.059416e-02	2.183690e-02	-8.980326e-04	5.260337e-03	-6.158369e-03	5.709353e-03	-1.621553e-02	1.137077e-03	2.774847e-02	1.501131e-02	1.273716e-02
130           	1.122230e-02	-1.061679e-02	2.183909e-02	-8.978849e-04	5.249391e-03	-6.147276e-03	5.698334e-03	-1.622794e-02	1.142161e-03	2.776044e-02	1.502238e-02	1.273806e-02
131           	1.120230e-02	-1.064001e-02	2.184231e-02	-8.977445e-04	5.238681e-03	-6.136426e-03	5.687553e-03	-1.624116e-02	1.148109e-03	2.777463e-02	1.503542e-02	1.273921e-02
132           	1.118273e-02	-1.066370e-02	2.184643e-02	-8.976117e-04	5.228201e-03	-6.125813e-03	5.677007e-03	-1.625507e-02	1.154842e-03	2.779086e-02	1.505027e-02	1.274059e-02
133           	1.116358e-02	-1.068776e-02	2.185133e-02	-8.974867e-04	5.217944e-03	-6.115431e-03	5.666688e-03	-1.626954e-02	1.162276e-03	2.780890e-02	1.506673e-02	1.274217e-02
134           	1.114483e-02	-1.071208e-02	2.185691e-02	-8.973691e-04	5.207908e-03	-6.105277e-03	5.656593e-03	-1.628450e-02	1.170327e-03	2.782857e-02	1.508461e-02	1.274396e-02
135           	1.112648e-02	-1.073659e-02	2.186307e-02	-8.972588e-04	5.198088e-03	-6.095347e-03	5.646717e-03	-1.629983e-02	1.178906e-03	2.784964e-02	1.510373e-02	1.274592e-02
136           	1.110852e-02	-1.076116e-02	2.186969e-02	-8.971557e-04	5.188479e-03	-6.085634e-03	5.637056e-03	-1.631543e-02	1.187922e-03	2.787191e-02	1.512388e-02	1.274803e-02
137           	1.109095e-02	-1.078572e-02	2.187668e-02	-8.970596e-04	5.179076e-03	-6.076136e-03	5.627606e-03	-1.633120e-02	1.197288e-03	2.789516e-02	1.514487e-02	1.275029e-02
138           	1.107376e-02	-1.081018e-02	2.188394e-02	-8.969704e-04	5.169876e-03	-6.066847e-03	5.618361e-03	-1.634706e-02	1.206921e-03	2.791919e-02	1.516652e-02	1.275268e-02
139           	1.105694e-02	-1.083445e-02	2.189139e-02	-8.968879e-04	5.160875e-03	-6.057762e-03	5.609318e-03	-1.636292e-02	1.216745e-03	2.794383e-02	1.518866e-02	1.275517e-02
140           	1.104048e-02	-1.085847e-02	2.189895e-02	-8.968121e-04	5.152067e-03	-6.048879e-03	5.600473e-03	-1.637871e-02	1.226693e-03	2.796889e-02	1.521114e-02	1.275775e-02
141           	1.102437e-02	-1.088218e-02	2.190655e-02	-8.967429e-04	5.143450e-03	-6.040193e-03	5.591821e-03	-1.639437e-02	1.236702e-03	2.799423e-02	1.523382e-02	1.276041e-02
142           	1.100862e-02	-1.090552e-02	2.191413e-02	-8.966803e-04	5.135019e-03	-6.031699e-03	5.583359e-03	-1.640983e-02	1.246720e-03	2.801972e-02	1.525658e-02	1.276314e-02
143           	1.099320e-02	-1.092845e-02	2.192164e-02	-8.966240e-04	5.126771e-03	-6.023395e-03	5.575083e-03	-1.642504e-02	1.256699e-03	2.804523e-02	1.527932e-02	1.276592e-02
144           	1.097812e-02	-1.095092e-02	2.192904e-02	-8.965741e-04	5.118703e-03	-6.015277e-03	5.566990e-03	-1.643998e-02	1.266598e-03	2.807066e-02	1.530193e-02	1.276873e-02
145           	1.096336e-02	-1.097291e-02	2.193627e-02	-8.965302e-04	5.110810e-03	-6.007340e-03	5.559075e-03	-1.645459e-02	1.276379e-03	2.809590e-02	1.532433e-02	1.277157e-02
146           	1.094893e-02	-1.099438e-02	2.194330e-02	-8.964923e-04	5.103090e-03	-5.999582e-03	5.551336e-03	-1.646884e-02	1.286008e-03	2.812086e-02	1.534644e-02	1.277442e-02
147           	1.093481e-02	-1.101530e-02	2.195011e-02	-8.964601e-04	5.095539e-03	-5.991999e-03	5.543769e-03	-1.648271e-02	1.295451e-03	2.814546e-02	1.536818e-02	1.277728e-02
148           	1.092100e-02	-1.103566e-02	2.195665e-02	-8.964333e-04	5.088154e-03	-5.984587e-03	5.536371e-03	-1.649616e-02	1.304682e-03	2.816962e-02	1.538949e-02	1.278013e-02
149           	1.090749e-02	-1.105542e-02	2.196291e-02	-8.964117e-04	5.080932e-03	-5.977343e-03	5.529137e-03	-1.650917e-02	1.313674e-03	2.819327e-02	1.541031e-02	1.278296e-02
150           	1.089428e-02	-1.107458e-02	2.196886e-02	-8.963951e-04	5.073869e-03	-5.970264e-03	5.522067e-03	-1.652172e-02	1.322405e-03	2.821634e-02	1.543058e-02	1.278577e-02
151           	1.088136e-02	-1.109313e-02	2.197449e-02	-8.963831e-04	5.066963e-03	-5.963346e-03	5.515155e-03	-1.653381e-02	1.330856e-03	2.823878e-02	1.545025e-02	1.278854e-02
152           	1.086873e-02	-1.111105e-02	2.197978e-02	-8.963756e-04	5.060211e-03	-5.956586e-03	5.508398e-03	-1.654541e-02	1.339012e-03	2.826055e-02	1.546929e-02	1.279126e-02
153           	1.085638e-02	-1.112833e-02	2.198471e-02	-8.963724e-04	5.053608e-03	-5.949981e-03	5.501794e-03	-1.655652e-02	1.346853e-03	2.828159e-02	1.548765e-02	1.279394e-02
154           	1.084430e-02	-1.114499e-02	2.198929e-02	-8.963731e-04	5.047154e-03	-5.943527e-03	5.495341e-03	-1.656714e-02	1.354379e-03	2.830188e-02	1.550532e-02	1.279656e-02
155           	1.083249e-02	-1.116103e-02	2.199352e-02	-8.963773e-04	5.040846e-03	-5.937223e-03	5.489034e-03	-1.657727e-02	1.361585e-03	2.832142e-02	1.552230e-02	1.279913e-02
156           	1.082095e-02	-1.117644e-02	2.199740e-02	-8.963848e-04	5.034680e-03	-5.931065e-03	5.482872e-03	-1.658692e-02	1.368465e-03	2.834018e-02	1.553856e-02	1.280163e-02
157           	1.080967e-02	-1.119124e-02	2.200092e-02	-8.963955e-04	5.028654e-03	-5.925050e-03	5.476852e-03	-1.659608e-02	1.375020e-03	2.835815e-02	1.555409e-02	1.280406e-02
158           	1.079865e-02	-1.120544e-02	2.200409e-02	-8.964092e-04	5.022766e-03	-5.919175e-03	5.470971e-03	-1.660476e-02	1.381247e-03	2.837532e-02	1.556891e-02	1.280641e-02
159           	1.078788e-02	-1.121904e-02	2.200691e-02	-8.964257e-04	5.017012e-03	-5.913438e-03	5.465225e-03	-1.661297e-02	1.387150e-03	2.839169e-02	1.558299e-02	1.280869e-02
160           	1.077735e-02	-1.123202e-02	2.200937e-02	-8.964444e-04	5.011391e-03	-5.907836e-03	5.459614e-03	-1.662070e-02	1.392714e-03	2.840719e-02	1.559631e-02	1.281088e-02
161           	1.076706e-02	-1.124444e-02	2.201150e-02	-8.964655e-04	5.005900e-03	-5.902365e-03	5.454133e-03	-1.662797e-02	1.397963e-03	2.842191e-02	1.560892e-02	1.281299e-02
162           	1.075701e-02	-1.125630e-02	2.201331e-02	-8.964891e-04	5.000535e-03	-5.897024e-03	5.448779e-03	-1.663480e-02	1.402909e-03	2.843584e-02	1.562083e-02	1.281501e-02
163           	1.074718e-02	-1.126762e-02	2.201481e-02	-8.965150e-04	4.995294e-03	-5.891809e-03	5.443551e-03	-1.664122e-02	1.407558e-03	2.844901e-02	1.563207e-02	1.281695e-02
164           	1.073759e-02	-1.127842e-02	2.201601e-02	-8.965428e-04	4.990175e-03	-5.886718e-03	5.438447e-03	-1.664721e-02	1.411920e-03	2.846144e-02	1.564264e-02	1.281880e-02
165           	1.072821e-02	-1.128870e-02	2.201691e-02	-8.965725e-04	4.985176e-03	-5.881749e-03	5.433462e-03	-1.665281e-02	1.415996e-03	2.847314e-02	1.565257e-02	1.282057e-02
166           	1.071906e-02	-1.129847e-02	2.201753e-02	-8.966040e-04	4.980294e-03	-5.876898e-03	5.428596e-03	-1.665800e-02	1.419796e-03	2.848411e-02	1.566185e-02	1.282226e-02
167           	1.071012e-02	-1.130776e-02	2.201788e-02	-8.966372e-04	4.975527e-03	-5.872164e-03	5.423846e-03	-1.666282e-02	1.423325e-03	2.849437e-02	1.567051e-02	1.282386e-02
168           	1.070138e-02	-1.131657e-02	2.201796e-02	-8.966720e-04	4.970872e-03	-5.867544e-03	5.419208e-03	-1.666726e-02	1.426593e-03	2.850394e-02	1.567856e-02	1.282538e-02
169           	1.069286e-02	-1.132492e-02	2.201778e-02	-8.967083e-04	4.966328e-03	-5.863036e-03	5.414682e-03	-1.667135e-02	1.429609e-03	2.851283e-02	1.568602e-02	1.282680e-02
170           	1.068453e-02	-1.133283e-02	2.201736e-02	-8.967460e-04	4.961891e-03	-5.858637e-03	5.410264e-03	-1.667510e-02	1.432387e-03	2.852106e-02	1.569292e-02	1.282814e-02
171           	1.067640e-02	-1.134033e-02	2.201672e-02	-8.967849e-04	4.957560e-03	-5.854345e-03	5.405952e-03	-1.667852e-02	1.434939e-03	2.852868e-02	1.569928e-02	1.282940e-02
172           	1.066846e-02	-1.134742e-02	2.201588e-02	-8.968250e-04	4.953332e-03	-5.850157e-03	5.401745e-03	-1.668165e-02	1.437278e-03	2.853571e-02	1.570513e-02	1.283057e-02
173           	1.066071e-02	-1.135413e-02	2.201484e-02	-8.968659e-04	4.949207e-03	-5.846073e-03	5.397640e-03	-1.668448e-02	1.439417e-03	2.854217e-02	1.571050e-02	1.283167e-02
174           	1.065314e-02	-1.136047e-02	2.201362e-02	-8.969077e-04	4.945181e-03	-5.842089e-03	5.393635e-03	-1.668705e-02	1.441367e-03	2.854810e-02	1.571542e-02	1.283268e-02
175           	1.064576e-02	-1.136647e-02	2.201224e-02	-8.969500e-04	4.941253e-03	-5.838203e-03	5.389728e-03	-1.668935e-02	1.443141e-03	2.855352e-02	1.571990e-02	1.283362e-02
176           	1.063856e-02	-1.137214e-02	2.201070e-02	-8.969929e-04	4.937421e-03	-5.834414e-03	5.385918e-03	-1.669142e-02	1.444747e-03	2.855847e-02	1.572398e-02	1.283449e-02
177           	1.063152e-02	-1.137750e-02	2.200902e-02	-8.970360e-04	4.933683e-03	-5.830719e-03	5.382201e-03	-1.669326e-02	1.446194e-03	2.856297e-02	1.572768e-02	1.283529e-02
178           	1.062466e-02	-1.138255e-02	2.200722e-02	-8.970795e-04	4.930036e-03	-5.827116e-03	5.378576e-03	-1.669489e-02	1.447492e-03	2.856703e-02	1.573101e-02	1.283602e-02
179           	1.061797e-02	-1.138732e-02	2.200529e-02	-8.971232e-04	4.926479e-03	-5.823602e-03	5.375041e-03	-1.669630e-02	1.448649e-03	2.857069e-02	1.573399e-02	1.283670e-02
180           	1.061143e-02	-1.139182e-02	2.200325e-02	-8.971671e-04	4.923010e-03	-5.820177e-03	5.371593e-03	-1.669753e-02	1.449673e-03	2.857396e-02	1.573665e-02	1.283731e-02
181           	1.060506e-02	-1.139605e-02	2.200111e-02	-8.972112e-04	4.919626e-03	-5.816837e-03	5.368232e-03	-1.669858e-02	1.450572e-03	2.857687e-02	1.573901e-02	1.283786e-02
182           	1.059884e-02	-1.140003e-02	2.199887e-02	-8.972555e-04	4.916326e-03	-5.813581e-03	5.364954e-03	-1.669945e-02	1.451355e-03	2.857943e-02	1.574107e-02	1.283836e-02
183           	1.059277e-02	-1.140378e-02	2.199655e-02	-8.973004e-04	4.913106e-03	-5.810407e-03	5.361756e-03	-1.670016e-02	1.452026e-03	2.858167e-02	1.574286e-02	1.283881e-02
184           	1.058685e-02	-1.140730e-02	2.199415e-02	-8.973451e-04	4.909967e-03	-5.807312e-03	5.358640e-03	-1.670073e-02	1.452598e-03	2.858360e-02	1.574440e-02	1.283920e-02
185           	1.058108e-02	-1.141062e-02	2.199169e-02	-8.973898e-04	4.906907e-03	-5.804297e-03	5.355602e-03	-1.670116e-02	1.453080e-03	2.858526e-02	1.574571e-02	1.283955e-02
186           	1.057545e-02	-1.141374e-02	2.198918e-02	-8.974344e-04	4.903924e-03	-5.801358e-03	5.352641e-03	-1.670146e-02	1.453478e-03	2.858667e-02	1.574681e-02	1.283986e-02
187           	1.056996e-02	-1.141667e-02	2.198663e-02	-8.974788e-04	4.901016e-03	-5.798495e-03	5.349755e-03	-1.670165e-02	1.453799e-03	2.858783e-02	1.574771e-02	1.284012e-02
188           	1.056460e-02	-1.141943e-02	2.198403e-02	-8.975230e-04	4.898181e-03	-5.795704e-03	5.346943e-03	-1.670173e-02	1.454048e-03	2.858877e-02	1.574843e-02	1.284034e-02
189           	1.055938e-02	-1.142202e-02	2.198141e-02	-8.975671e-04	4.895418e-03	-5.792985e-03	5.344202e-03	-1.670172e-02	1.454232e-03	2.858951e-02	1.574899e-02	1.284052e-02
190           	1.055429e-02	-1.142446e-02	2.197876e-02	-8.976109e-04	4.892725e-03	-5.790336e-03	5.341530e-03	-1.670161e-02	1.454355e-03	2.859005e-02	1.574938e-02	1.284067e-02
191           	1.054933e-02	-1.142676e-02	2.197609e-02	-8.976546e-04	4.890100e-03	-5.787754e-03	5.338927e-03	-1.670142e-02	1.454423e-03	2.859042e-02	1.574963e-02	1.284079e-02
192           	1.054449e-02	-1.142892e-02	2.197341e-02	-8.976980e-04	4.887541e-03	-5.785239e-03	5.336390e-03	-1.670116e-02	1.454440e-03	2.859062e-02	1.574975e-02	1.284087e-02
193           	1.053977e-02	-1.143095e-02	2.197072e-02	-8.977410e-04	4.885048e-03	-5.782789e-03	5.333919e-03	-1.670084e-02	1.454411e-03	2.859068e-02	1.574975e-02	1.284093e-02
194           	1.053518e-02	-1.143286e-02	2.196803e-02	-8.977837e-04	4.882618e-03	-5.780402e-03	5.331510e-03	-1.670045e-02	1.454340e-03	2.859060e-02	1.574964e-02	1.284096e-02
195           	1.053069e-02	-1.143466e-02	2.196535e-02	-8.978261e-04	4.880250e-03	-5.778076e-03	5.329163e-03	-1.670000e-02	1.454231e-03	2.859040e-02	1.574943e-02	1.284097e-02
196           	1.052632e-02	-1.143635e-02	2.196267e-02	-8.978686e-04	4.877940e-03	-5.775809e-03	5.326874e-03	-1.669951e-02	1.454085e-03	2.859008e-02	1.574912e-02	1.284096e-02
197           	1.052205e-02	-1.143794e-02	2.196000e-02	-8.979104e-04	4.875690e-03	-5.773601e-03	5.324646e-03	-1.669897e-02	1.453909e-03	2.858966e-02	1.574874e-02	1.284092e-02
198           	1.051790e-02	-1.143944e-02	2.195734e-02	-8.979514e-04	4.873500e-03	-5.771451e-03	5.322476e-03	-1.669839e-02	1.453706e-03	2.858914e-02	1.574828e-02	1.284087e-02
199           	1.051386e-02	-1.144085e-02	2.195471e-02	-8.979917e-04	4.871367e-03	-5.769359e-03	5.320363e-03	-1.669778e-02	1.453478e-03	2.858855e-02	1.574775e-02	1.284080e-02
200           	1.050992e-02	-1.144218e-02	2.195210e-02	-8.980312e-04	4.869290e-03	-5.767322e-03	5.318306e-03	-1.669714e-02	1.453228e-03	2.858788e-02	1.574717e-02	1.284071e-02
201           	1.050608e-02	-1.144343e-02	2.194951e-02	-8.980700e-04	4.867268e-03	-5.765338e-03	5.316303e-03	-1.669647e-02	1.452956e-03	2.858713e-02	1.574652e-02	1.284061e-02
202           	1.050234e-02	-1.144460e-02	2.194694e-02	-8.981083e-04	4.865298e-03	-5.763407e-03	5.314353e-03	-1.669577e-02	1.452665e-03	2.858633e-02	1.574583e-02	1.284050e-02
203           	1.049870e-02	-1.144570e-02	2.194440e-02	-8.981460e-04	4.863380e-03	-5.761526e-03	5.312453e-03	-1.669505e-02	1.452357e-03	2.858546e-02	1.574509e-02	1.284037e-02
204           	1.049515e-02	-1.144673e-02	2.194188e-02	-8.981834e-04	4.861512e-03	-5.759695e-03	5.310604e-03	-1.669430e-02	1.452028e-03	2.858453e-02	1.574430e-02	1.284024e-02
205           	1.049169e-02	-1.144770e-02	2.193939e-02	-8.982200e-04	4.859692e-03	-5.757912e-03	5.308802e-03	-1.669355e-02	1.451691e-03	2.858357e-02	1.574347e-02	1.284009e-02
206           	1.048832e-02	-1.144861e-02	2.193693e-02	-8.982562e-04	4.857919e-03	-5.756176e-03	5.307048e-03	-1.669277e-02	1.451336e-03	2.858255e-02	1.574261e-02	1.283994e-02
207           	1.048504e-02	-1.144946e-02	2.193450e-02	-8.982918e-04	4.856194e-03	-5.754485e-03	5.305339e-03	-1.669198e-02	1.450972e-03	2.858150e-02	1.574172e-02	1.283978e-02
208           	1.048184e-02	-1.145026e-02	2.193211e-02	-8.983267e-04	4.854513e-03	-5.752840e-03	5.303676e-03	-1.669119e-02	1.450600e-03	2.858042e-02	1.574081e-02	1.283961e-02
209           	1.047873e-02	-1.145102e-02	2.192975e-02	-8.983609e-04	4.852877e-03	-5.751238e-03	5.302057e-03	-1.669038e-02	1.450220e-03	2.857931e-02	1.573988e-02	1.283944e-02
210           	1.047570e-02	-1.145173e-02	2.192743e-02	-8.983943e-04	4.851284e-03	-5.749678e-03	5.300481e-03	-1.668958e-02	1.449835e-03	2.857818e-02	1.573893e-02	1.283926e-02
211           	1.047275e-02	-1.145239e-02	2.192514e-02	-8.984270e-04	4.849734e-03	-5.748161e-03	5.298947e-03	-1.668877e-02	1.449444e-03	2.857703e-02	1.573796e-02	1.283907e-02
212           	1.046988e-02	-1.145302e-02	2.192289e-02	-8.984589e-04	4.848225e-03	-5.746684e-03	5.297455e-03	-1.668796e-02	1.449049e-03	2.857587e-02	1.573698e-02	1.283888e-02
213           	1.046708e-02	-1.145360e-02	2.192068e-02	-8.984901e-04	4.846757e-03	-5.745247e-03	5.296002e-03	-1.668714e-02	1.448651e-03	2.857469e-02	1.573600e-02	1.283869e-02
214           	1.046436e-02	-1.145415e-02	2.191851e-02	-8.985205e-04	4.845329e-03	-5.743849e-03	5.294589e-03	-1.668633e-02	1.448250e-03	2.857350e-02	1.573500e-02	1.283850e-02
215           	1.046171e-02	-1.145466e-02	2.191637e-02	-8.985503e-04	4.843939e-03	-5.742489e-03	5.293214e-03	-1.668552e-02	1.447846e-03	2.857230e-02	1.573399e-02	1.283830e-02
216           	1.045913e-02	-1.145514e-02	2.191427e-02	-8.985793e-04	4.842587e-03	-5.741166e-03	5.291877e-03	-1.668471e-02	1.447439e-03	2.857109e-02	1.573298e-02	1.283811e-02
217           	1.045663e-02	-1.145559e-02	2.191221e-02	-8.986077e-04	4.841272e-03	-5.739879e-03	5.290575e-03	-1.668390e-02	1.447031e-03	2.856988e-02	1.573197e-02	1.283791e-02
218           	1.045556e-02	-1.145537e-02	2.191093e-02	-8.985735e-04	4.840709e-03	-5.739283e-03	5.289996e-03	-1.668315e-02	1.446636e-03	2.856861e-02	1.573094e-02	1.283767e-02
219           	1.045459e-02	-1.145516e-02	2.190976e-02	-8.985018e-04	4.840205e-03	-5.738707e-03	5.289456e-03	-1.668246e-02	1.446266e-03	2.856736e-02	1.572995e-02	1.283741e-02
220           	1.045367e-02	-1.145501e-02	2.190868e-02	-8.984143e-04	4.839726e-03	-5.738140e-03	5.288933e-03	-1.668185e-02	1.445939e-03	2.856621e-02	1.572904e-02	1.283717e-02
221           	1.045271e-02	-1.145495e-02	2.190766e-02	-8.983353e-04	4.839226e-03	-5.737562e-03	5.288394e-03	-1.668131e-02	1.445657e-03	2.856520e-02	1.572826e-02	1.283694e-02
222           	1.045168e-02	-1.145499e-02	2.190667e-02	-8.982772e-04	4.838687e-03	-5.736964e-03	5.287826e-03	-1.668083e-02	1.445421e-03	2.856435e-02	1.572759e-02	1.283675e-02
223           	1.045054e-02	-1.145514e-02	2.190569e-02	-8.982472e-04	4.838097e-03	-5.736345e-03	5.287221e-03	-1.668041e-02	1.445224e-03	2.856364e-02	1.572705e-02	1.283660e-02
224           	1.044931e-02	-1.145538e-02	2.190470e-02	-8.982467e-04	4.837456e-03	-5.735702e-03	5.286579e-03	-1.668004e-02	1.445062e-03	2.856308e-02	1.572660e-02	1.283648e-02
225           	1.044802e-02	-1.145567e-02	2.190369e-02	-8.982672e-04	4.836781e-03	-5.735048e-03	5.285915e-03	-1.667968e-02	1.444910e-03	2.856259e-02	1.572620e-02	1.283638e-02
226           	1.044669e-02	-1.145598e-02	2.190267e-02	-8.983035e-04	4.836087e-03	-5.734390e-03	5.285238e-03	-1.667932e-02	1.444757e-03	2.856212e-02	1.572582e-02	1.283630e-02
227           	1.044536e-02	-1.145628e-02	2.190164e-02	-8.983469e-04	4.835390e-03	-5.733737e-03	5.284564e-03	-1.667896e-02	1.444596e-03	2.856166e-02	1.572542e-02	1.283623e-02
228           	1.044406e-02	-1.145654e-02	2.190060e-02	-8.983904e-04	4.834708e-03	-5.733098e-03	5.283903e-03	-1.667857e-02	1.444414e-03	2.856115e-02	1.572499e-02	1.283616e-02
229           	1.044280e-02	-1.145676e-02	2.189956e-02	-8.984284e-04	4.834051e-03	-5.732480e-03	5.283265e-03	-1.667816e-02	1.444208e-03	2.856058e-02	1.572450e-02	1.283608e-02
230           	1.044161e-02	-1.145692e-02	2.189853e-02	-8.984572e-04	4.833427e-03	-5.731885e-03	5.282656e-03	-1.667773e-02	1.443980e-03	2.855995e-02	1.572396e-02	1.283600e-02
231           	1.044049e-02	-1.145703e-02	2.189752e-02	-8.984757e-04	4.832838e-03	-5.731314e-03	5.282076e-03	-1.667728e-02	1.443734e-03	2.855926e-02	1.572337e-02	1.283590e-02
232           	1.043943e-02	-1.145710e-02	2.189653e-02	-8.984847e-04	4.832281e-03	-5.730766e-03	5.281523e-03	-1.667681e-02	1.443477e-03	2.855853e-02	1.572274e-02	1.283579e-02
233           	1.043841e-02	-1.145714e-02	2.189556e-02	-8.984863e-04	4.831750e-03	-5.730236e-03	5.280993e-03	-1.667635e-02	1.443215e-03	2.855778e-02	1.572211e-02	1.283568e-02
234           	1.043744e-02	-1.145717e-02	2.189461e-02	-8.984833e-04	4.831237e-03	-5.729720e-03	5.280479e-03	-1.667589e-02	1.442957e-03	2.855703e-02	1.572147e-02	1.283556e-02
235           	1.043648e-02	-1.145721e-02	2.189369e-02	-8.984787e-04	4.830735e-03	-5.729213e-03	5.279974e-03	-1.667545e-02	1.442710e-03	2.855630e-02	1.572086e-02	1.283544e-02
236           	1.043553e-02	-1.145726e-02	2.189279e-02	-8.984749e-04	4.830237e-03	-5.728712e-03	5.279474e-03	-1.667502e-02	1.442476e-03	2.855560e-02	1.572027e-02	1.283532e-02
237           	1.043458e-02	-1.145733e-02	2.189190e-02	-8.984738e-04	4.829738e-03	-5.728212e-03	5.278975e-03	-1.667462e-02	1.442256e-03	2.855494e-02	1.571973e-02	1.283521e-02
238           	1.043362e-02	-1.145742e-02	2.189104e-02	-8.984762e-04	4.829237e-03	-5.727713e-03	5.278475e-03	-1.667423e-02	1.442050e-03	2.855431e-02	1.571921e-02	1.283511e-02
239           	1.043266e-02	-1.145753e-02	2.189018e-02	-8.984822e-04	4.828734e-03	-5.727216e-03	5.277975e-03	-1.667385e-02	1.441853e-03	2.855372e-02	1.571871e-02	1.283501e-02
240           	1.043169e-02	-1.145764e-02	2.188934e-02	-8.984912e-04	4.828230e-03	-5.726721e-03	5.277475e-03	-1.667349e-02	1.441661e-03	2.855315e-02	1.571824e-02	1.283492e-02
241           	1.043073e-02	-1.145776e-02	2.188850e-02	-8.985023e-04	4.827727e-03	-5.726230e-03	5.276979e-03	-1.667313e-02	1.441471e-03	2.855259e-02	1.571777e-02	1.283483e-02
242           	1.042978e-02	-1.145788e-02	2.188766e-02	-8.985145e-04	4.827230e-03	-5.725745e-03	5.276487e-03	-1.667277e-02	1.441279e-03	2.855204e-02	1.571730e-02	1.283474e-02
243           	1.042885e-02	-1.145799e-02	2.188683e-02	-8.985268e-04	4.826740e-03	-5.725267e-03	5.276003e-03	-1.667241e-02	1.441082e-03	2.855147e-02	1.571682e-02	1.283465e-02
244           	1.042793e-02	-1.145808e-02	2.188601e-02	-8.985384e-04	4.826260e-03	-5.724798e-03	5.275529e-03	-1.667204e-02	1.440880e-03	2.855090e-02	1.571633e-02	1.283457e-02
245           	1.042703e-02	-1.145816e-02	2.188519e-02	-8.985488e-04	4.825790e-03	-5.724339e-03	5.275064e-03	-1.667167e-02	1.440673e-03	2.855031e-02	1.571583e-02	1.283448e-02
246           	1.042616e-02	-1.145822e-02	2.188438e-02	-8.985580e-04	4.825331e-03	-5.723889e-03	5.274610e-03	-1.667130e-02	1.440462e-03	2.854972e-02	1.571532e-02	1.283440e-02
247           	1.042530e-02	-1.145828e-02	2.188358e-02	-8.985659e-04	4.824883e-03	-5.723449e-03	5.274166e-03	-1.667093e-02	1.440249e-03	2.854912e-02	1.571481e-02	1.283431e-02
248           	1.042446e-02	-1.145832e-02	2.188279e-02	-8.985729e-04	4.824444e-03	-5.723017e-03	5.273731e-03	-1.667055e-02	1.440036e-03	2.854852e-02	1.571429e-02	1.283422e-02
249           	1.042364e-02	-1.145836e-02	2.188200e-02	-8.985792e-04	4.824015e-03	-5.722594e-03	5.273304e-03	-1.667018e-02	1.439825e-03	2.854792e-02	1.571378e-02	1.283413e-02
250           	1.042284e-02	-1.145840e-02	2.188124e-02	-8.985853e-04	4.823592e-03	-5.722178e-03	5.272885e-03	-1.666982e-02	1.439618e-03	2.854733e-02	1.571328e-02	1.283405e-02
251           	1.042204e-02	-1.145844e-02	2.188048e-02	-8.985914e-04	4.823177e-03	-5.721768e-03	5.272472e-03	-1.666946e-02	1.439415e-03	2.854675e-02	1.571279e-02	1.283396e-02
252           	1.042126e-02	-1.145848e-02	2.187974e-02	-8.985977e-04	4.822767e-03	-5.721364e-03	5.272066e-03	-1.666911e-02	1.439217e-03	2.854618e-02	1.571231e-02	1.283387e-02
253           	1.042049e-02	-1.145852e-02	2.187900e-02	-8.986044e-04	4.822362e-03	-5.720967e-03	5.271664e-03	-1.666876e-02	1.439024e-03	2.854562e-02	1.571184e-02	1.283379e-02
254           	1.041972e-02	-1.145856e-02	2.187828e-02	-8.986115e-04	4.821963e-03	-5.720574e-03	5.271269e-03	-1.666842e-02	1.438835e-03	2.854508e-02	1.571137e-02	1.283370e-02
255           	1.041897e-02	-1.145860e-02	2.187757e-02	-8.986189e-04	4.821569e-03	-5.720188e-03	5.270879e-03	-1.666809e-02	1.438648e-03	2.854454e-02	1.571092e-02	1.283362e-02
256           	1.041823e-02	-1.145864e-02	2.187687e-02	-8.986266e-04	4.821181e-03	-5.719807e-03	5.270494e-03	-1.666775e-02	1.438464e-03	2.854400e-02	1.571047e-02	1.283354e-02
257           	1.041750e-02	-1.145868e-02	2.187618e-02	-8.986345e-04	4.820798e-03	-5.719432e-03	5.270115e-03	-1.666743e-02	1.438281e-03	2.854348e-02	1.571002e-02	1.283346e-02
258           	1.041678e-02	-1.145871e-02	2.187549e-02	-8.986424e-04	4.820421e-03	-5.719064e-03	5.269743e-03	-1.666710e-02	1.438099e-03	2.854295e-02	1.570957e-02	1.283338e-02
259           	1.041607e-02	-1.145874e-02	2.187481e-02	-8.986502e-04	4.820051e-03	-5.718701e-03	5.269376e-03	-1.666678e-02	1.437918e-03	2.854243e-02	1.570913e-02	1.283330e-02
260           	1.041538e-02	-1.145877e-02	2.187414e-02	-8.986581e-04	4.819687e-03	-5.718345e-03	5.269016e-03	-1.666646e-02	1.437737e-03	2.854191e-02	1.570869e-02	1.283322e-02
261           	1.041469e-02	-1.145879e-02	2.187348e-02	-8.986658e-04	4.819329e-03	-5.717995e-03	5.268662e-03	-1.666614e-02	1.437558e-03	2.854139e-02	1.570825e-02	1.283314e-02
262           	1.041402e-02	-1.145881e-02	2.187283e-02	-8.986734e-04	4.818977e-03	-5.717651e-03	5.268314e-03	-1.666582e-02	1.437379e-03	2.854088e-02	1.570782e-02	1.283306e-02
263           	1.041336e-02	-1.145882e-02	2.187219e-02	-8.986810e-04	4.818632e-03	-5.717313e-03	5.267972e-03	-1.666551e-02	1.437203e-03	2.854037e-02	1.570739e-02	1.283298e-02
264           	1.041271e-02	-1.145884e-02	2.187155e-02	-8.986886e-04	4.818292e-03	-5.716980e-03	5.267636e-03	-1.666519e-02	1.437028e-03	2.853987e-02	1.570696e-02	1.283290e-02
265           	1.041207e-02	-1.145885e-02	2.187092e-02	-8.986962e-04	4.817957e-03	-5.716653e-03	5.267305e-03	-1.666488e-02	1.436856e-03	2.853937e-02	1.570654e-02	1.283283e-02
266           	1.041145e-02	-1.145886e-02	2.187030e-02	-8.987039e-04	4.817628e-03	-5.716332e-03	5.266980e-03	-1.666458e-02	1.436686e-03	2.853887e-02	1.570612e-02	1.283275e-02
267           	1.041083e-02	-1.145887e-02	2.186970e-02	-8.987110e-04	4.817304e-03	-5.716015e-03	5.266659e-03	-1.666429e-02	1.436527e-03	2.853841e-02	1.570573e-02	1.283268e-02
268           	1.041022e-02	-1.145889e-02	2.186911e-02	-8.987184e-04	4.816985e-03	-5.715703e-03	5.266344e-03	-1.666400e-02	1.436368e-03	2.853794e-02	1.570534e-02	1.283260e-02
269           	1.040962e-02	-1.145889e-02	2.186851e-02	-8.987260e-04	4.816671e-03	-5.715397e-03	5.266034e-03	-1.666370e-02	1.436208e-03	2.853747e-02	1.570494e-02	1.283253e-02
270           	1.040903e-02	-1.145890e-02	2.186793e-02	-8.987339e-04	4.816363e-03	-5.715097e-03	5.265730e-03	-1.666341e-02	1.436047e-03	2.853700e-02	1.570455e-02	1.283245e-02
271           	1.040845e-02	-1.145889e-02	2.186734e-02	-8.987420e-04	4.816059e-03	-5.714801e-03	5.265430e-03	-1.666312e-02	1.435885e-03	2.853653e-02	1.570415e-02	1.283238e-02
272           	1.040788e-02	-1.145889e-02	2.186677e-02	-8.987501e-04	4.815761e-03	-5.714511e-03	5.265136e-03	-1.666283e-02	1.435724e-03	2.853606e-02	1.570375e-02	1.283231e-02
273           	1.040732e-02	-1.145887e-02	2.186620e-02	-8.987583e-04	4.815467e-03	-5.714225e-03	5.264846e-03	-1.666254e-02	1.435563e-03	2.853560e-02	1.570336e-02	1.283223e-02
274           	1.040677e-02	-1.145886e-02	2.186563e-02	-8.987664e-04	4.815179e-03	-5.713945e-03	5.264562e-03	-1.666225e-02	1.435404e-03	2.853513e-02	1.570297e-02	1.283216e-02
275           	1.040623e-02	-1.145885e-02	2.186508e-02	-8.987744e-04	4.814895e-03	-5.713670e-03	5.264283e-03	-1.666196e-02	1.435247e-03	2.853468e-02	1.570259e-02	1.283209e-02
276           	1.040566e-02	-1.145887e-02	2.186453e-02	-8.987923e-04	4.814595e-03	-5.713387e-03	5.263991e-03	-1.666170e-02	1.435094e-03	2.853427e-02	1.570223e-02	1.283204e-02
277           	1.040511e-02	-1.145889e-02	2.186400e-02	-8.988063e-04	4.814306e-03	-5.713113e-03	5.263710e-03	-1.666145e-02	1.434948e-03	2.853387e-02	1.570188e-02	1.283199e-02
278           	1.040458e-02	-1.145890e-02	2.186348e-02	-8.988164e-04	4.814032e-03	-5.712848e-03	5.263440e-03	-1.666119e-02	1.434805e-03	2.853346e-02	1.570153e-02	1.283192e-02
279           	1.040408e-02	-1.145888e-02	2.186297e-02	-8.988231e-04	4.813770e-03	-5.712593e-03	5.263181e-03	-1.666092e-02	1.434661e-03	2.853303e-02	1.570118e-02	1.283186e-02
280           	1.040361e-02	-1.145885e-02	2.186245e-02	-8.988272e-04	4.813518e-03	-5.712345e-03	5.262932e-03	-1.666065e-02	1.434516e-03	2.853260e-02	1.570081e-02	1.283178e-02
281           	1.040310e-02	-1.145885e-02	2.186195e-02	-8.988400e-04	4.813252e-03	-5.712092e-03	5.262672e-03	-1.666040e-02	1.434373e-03	2.853220e-02	1.570047e-02	1.283173e-02
282           	1.040262e-02	-1.145884e-02	2.186145e-02	-8.988485e-04	4.812999e-03	-5.711848e-03	5.262424e-03	-1.666014e-02	1.434232e-03	2.853179e-02	1.570013e-02	1.283166e-02
283           	1.040211e-02	-1.145885e-02	2.186096e-02	-8.988640e-04	4.812735e-03	-5.711599e-03	5.262167e-03	-1.665991e-02	1.434094e-03	2.853142e-02	1.569981e-02	1.283162e-02
284           	1.040164e-02	-1.145884e-02	2.186049e-02	-8.988733e-04	4.812489e-03	-5.711362e-03	5.261926e-03	-1.665966e-02	1.433959e-03	2.853104e-02	1.569948e-02	1.283156e-02
285           	1.040121e-02	-1.145881e-02	2.186001e-02	-8.988775e-04	4.812259e-03	-5.711136e-03	5.261697e-03	-1.665941e-02	1.433823e-03	2.853063e-02	1.569914e-02	1.283149e-02
286           	1.040075e-02	-1.145880e-02	2.185954e-02	-8.988885e-04	4.812017e-03	-5.710906e-03	5.261461e-03	-1.665917e-02	1.433689e-03	2.853025e-02	1.569881e-02	1.283144e-02
287           	1.040032e-02	-1.145876e-02	2.185908e-02	-8.988940e-04	4.811792e-03	-5.710686e-03	5.261239e-03	-1.665892e-02	1.433555e-03	2.852985e-02	1.569848e-02	1.283137e-02
288           	1.039987e-02	-1.145875e-02	2.185862e-02	-8.989056e-04	4.811557e-03	-5.710463e-03	5.261010e-03	-1.665869e-02	1.433424e-03	2.852948e-02	1.569817e-02	1.283132e-02
289           	1.039941e-02	-1.145877e-02	2.185817e-02	-8.989216e-04	4.811316e-03	-5.710238e-03	5.260777e-03	-1.665847e-02	1.433296e-03	2.852915e-02	1.569787e-02	1.283128e-02
290           	1.039899e-02	-1.145874e-02	2.185774e-02	-8.989291e-04	4.811098e-03	-5.710027e-03	5.260562e-03	-1.665824e-02	1.433170e-03	2.852878e-02	1.569756e-02	1.283122e-02
291           	1.039862e-02	-1.145868e-02	2.185730e-02	-8.989300e-04	4.810899e-03	-5.709829e-03	5.260364e-03	-1.665799e-02	1.433043e-03	2.852838e-02	1.569723e-02	1.283115e-02
292           	1.039822e-02	-1.145865e-02	2.185687e-02	-8.989368e-04	4.810690e-03	-5.709627e-03	5.260159e-03	-1.665776e-02	1.432916e-03	2.852801e-02	1.569692e-02	1.283109e-02
293           	1.039781e-02	-1.145863e-02	2.185644e-02	-8.989482e-04	4.810475e-03	-5.709423e-03	5.259949e-03	-1.665754e-02	1.432792e-03	2.852766e-02	1.569662e-02	1.283104e-02
294           	1.039739e-02	-1.145863e-02	2.185603e-02	-8.989628e-04	4.810255e-03	-5.709218e-03	5.259737e-03	-1.665733e-02	1.432672e-03	2.852734e-02	1.569634e-02	1.283100e-02
295           	1.039702e-02	-1.145860e-02	2.185562e-02	-8.989682e-04	4.810060e-03	-5.709029e-03	5.259545e-03	-1.665711e-02	1.432553e-03	2.852699e-02	1.569605e-02	1.283094e-02
296           	1.039664e-02	-1.145858e-02	2.185522e-02	-8.989772e-04	4.809861e-03	-5.708838e-03	5.259349e-03	-1.665690e-02	1.432437e-03	2.852666e-02	1.569577e-02	1.283089e-02
297           	1.039631e-02	-1.145851e-02	2.185482e-02	-8.989781e-04	4.809684e-03	-5.708662e-03	5.259173e-03	-1.665666e-02	1.432319e-03	2.852628e-02	1.569546e-02	1.283082e-02
298           	1.039596e-02	-1.145846e-02	2.185442e-02	-8.989837e-04	4.809500e-03	-5.708483e-03	5.258991e-03	-1.665644e-02	1.432202e-03	2.852593e-02	1.569517e-02	1.283076e-02
299           	1.039560e-02	-1.145844e-02	2.185404e-02	-8.989928e-04	4.809310e-03	-5.708303e-03	5.258807e-03	-1.665624e-02	1.432086e-03	2.852560e-02	1.569489e-02	1.283071e-02
300           	1.039523e-02	-1.145842e-02	2.185366e-02	-8.990046e-04	4.809118e-03	-5.708123e-03	5.258620e-03	-1.665604e-02	1.431974e-03	2.852529e-02	1.569462e-02	1.283067e-02
301           	1.039487e-02	-1.145842e-02	2.185329e-02	-8.990178e-04	4.808925e-03	-5.707943e-03	5.258434e-03	-1.665585e-02	1.431866e-03	2.852500e-02	1.569437e-02	1.283064e-02
302           	1.039455e-02	-1.145837e-02	2.185292e-02	-8.990208e-04	4.808760e-03	-5.707781e-03	5.258270e-03	-1.665564e-02	1.431758e-03	2.852467e-02	1.569409e-02	1.283058e-02
303           	1.039423e-02	-1.145832e-02	2.185256e-02	-8.990265e-04	4.808591e-03	-5.707618e-03	5.258104e-03	-1.665544e-02	1.431651e-03	2.852435e-02	1.569383e-02	1.283052e-02
304           	1.039391e-02	-1.145829e-02	2.185220e-02	-8.990344e-04	4.808421e-03	-5.707455e-03	5.257938e-03	-1.665525e-02	1.431546e-03	2.852404e-02	1.569357e-02	1.283048e-02
305           	1.039358e-02	-1.145827e-02	2.185185e-02	-8.990437e-04	4.808250e-03	-5.707293e-03	5.257771e-03	-1.665506e-02	1.431442e-03	2.852375e-02	1.569332e-02	1.283043e-02
306           	1.039326e-02	-1.145825e-02	2.185151e-02	-8.990537e-04	4.808080e-03	-5.707133e-03	5.257607e-03	-1.665488e-02	1.431341e-03	2.852347e-02	1.569307e-02	1.283039e-02
307           	1.039299e-02	-1.145817e-02	2.185117e-02	-8.990535e-04	4.807937e-03	-5.706991e-03	5.257464e-03	-1.665467e-02	1.431237e-03	2.852313e-02	1.569280e-02	1.283033e-02
308           	1.039272e-02	-1.145811e-02	2.185083e-02	-8.990560e-04	4.807792e-03	-5.706848e-03	5.257320e-03	-1.665447e-02	1.431134e-03	2.852280e-02	1.569253e-02	1.283027e-02
309           	1.039244e-02	-1.145805e-02	2.185049e-02	-8.990609e-04	4.807643e-03	-5.706704e-03	5.257174e-03	-1.665427e-02	1.431031e-03	2.852249e-02	1.569228e-02	1.283022e-02
310           	1.039216e-02	-1.145801e-02	2.185016e-02	-8.990677e-04	4.807493e-03	-5.706561e-03	5.257027e-03	-1.665409e-02	1.430930e-03	2.852220e-02	1.569203e-02	1.283017e-02
311           	1.039187e-02	-1.145797e-02	2.184984e-02	-8.990758e-04	4.807343e-03	-5.706418e-03	5.256881e-03	-1.665391e-02	1.430832e-03	2.852192e-02	1.569179e-02	1.283013e-02
312           	1.039159e-02	-1.145794e-02	2.184953e-02	-8.990846e-04	4.807193e-03	-5.706277e-03	5.256735e-03	-1.665374e-02	1.430737e-03	2.852165e-02	1.569156e-02	1.283009e-02
313           	1.039130e-02	-1.145792e-02	2.184922e-02	-8.990937e-04	4.807045e-03	-5.706139e-03	5.256592e-03	-1.665357e-02	1.430644e-03	2.852139e-02	1.569134e-02	1.283005e-02
314           	1.039103e-02	-1.145789e-02	2.184892e-02	-8.991026e-04	4.806900e-03	-5.706002e-03	5.256451e-03	-1.665341e-02	1.430555e-03	2.852114e-02	1.569112e-02	1.283001e-02
315           	1.039076e-02	-1.145787e-02	2.184863e-02	-8.991110e-04	4.806758e-03	-5.705869e-03	5.256314e-03	-1.665325e-02	1.430468e-03	2.852089e-02	1.569091e-02	1.282998e-02
316           	1.039050e-02	-1.145784e-02	2.184834e-02	-8.991186e-04	4.806621e-03	-5.705740e-03	5.256181e-03	-1.665309e-02	1.430382e-03	2.852064e-02	1.569070e-02	1.282994e-02
317           	1.039030e-02	-1.145774e-02	2.184804e-02	-8.991153e-04	4.806513e-03	-5.705629e-03	5.256071e-03	-1.665289e-02	1.430289e-03	2.852032e-02	1.569045e-02	1.282987e-02
318           	1.039010e-02	-1.145764e-02	2.184774e-02	-8.991141e-04	4.806403e-03	-5.705518e-03	5.255961e-03	-1.665269e-02	1.430196e-03	2.852000e-02	1.569020e-02	1.282981e-02
319           	1.038989e-02	-1.145756e-02	2.184745e-02	-8.991149e-04	4.806291e-03	-5.705406e-03	5.255849e-03	-1.665250e-02	1.430102e-03	2.851970e-02	1.568995e-02	1.282975e-02
320           	1.038968e-02	-1.145748e-02	2.184716e-02	-8.991176e-04	4.806177e-03	-5.705294e-03	5.255735e-03	-1.665232e-02	1.430009e-03	2.851941e-02	1.568971e-02	1.282970e-02
321           	1.038946e-02	-1.145743e-02	2.184689e-02	-8.991216e-04	4.806060e-03	-5.705182e-03	5.255621e-03	-1.665216e-02	1.429925e-03	2.851915e-02	1.568950e-02	1.282965e-02
322           	1.038924e-02	-1.145739e-02	2.184662e-02	-8.991269e-04	4.805943e-03	-5.705070e-03	5.255507e-03	-1.665200e-02	1.429842e-03	2.851891e-02	1.568930e-02	1.282961e-02
323           	1.038902e-02	-1.145735e-02	2.184636e-02	-8.991332e-04	4.805826e-03	-5.704959e-03	5.255393e-03	-1.665185e-02	1.429761e-03	2.851867e-02	1.568910e-02	1.282957e-02
324           	1.038880e-02	-1.145731e-02	2.184610e-02	-8.991402e-04	4.805709e-03	-5.704850e-03	5.255280e-03	-1.665171e-02	1.429681e-03	2.851844e-02	1.568890e-02	1.282954e-02
325           	1.038858e-02	-1.145727e-02	2.184585e-02	-8.991475e-04	4.805595e-03	-5.704742e-03	5.255168e-03	-1.665156e-02	1.429602e-03	2.851821e-02	1.568871e-02	1.282951e-02
326           	1.038837e-02	-1.145723e-02	2.184560e-02	-8.991547e-04	4.805482e-03	-5.704636e-03	5.255059e-03	-1.665142e-02	1.429524e-03	2.851799e-02	1.568852e-02	1.282947e-02
327           	1.038816e-02	-1.145719e-02	2.184535e-02	-8.991617e-04	4.805372e-03	-5.704533e-03	5.254953e-03	-1.665127e-02	1.429448e-03	2.851777e-02	1.568833e-02	1.282944e-02
328           	1.038796e-02	-1.145715e-02	2.184511e-02	-8.991681e-04	4.805265e-03	-5.704433e-03	5.254849e-03	-1.665113e-02	1.429372e-03	2.851755e-02	1.568815e-02	1.282940e-02
329           	1.038777e-02	-1.145710e-02	2.184487e-02	-8.991740e-04	4.805162e-03	-5.704336e-03	5.254749e-03	-1.665099e-02	1.429296e-03	2.851732e-02	1.568796e-02	1.282937e-02
330           	1.038758e-02	-1.145705e-02	2.184463e-02	-8.991792e-04	4.805062e-03	-5.704241e-03	5.254652e-03	-1.665084e-02	1.429221e-03	2.851710e-02	1.568777e-02	1.282933e-02
331           	1.038740e-02	-1.145700e-02	2.184440e-02	-8.991837e-04	4.804966e-03	-5.704150e-03	5.254558e-03	-1.665070e-02	1.429146e-03	2.851687e-02	1.568758e-02	1.282929e-02
332           	1.038723e-02	-1.145694e-02	2.184417e-02	-8.991877e-04	4.804874e-03	-5.704061e-03	5.254468e-03	-1.665055e-02	1.429070e-03	2.851664e-02	1.568739e-02	1.282925e-02
333           	1.038707e-02	-1.145687e-02	2.184394e-02	-8.991911e-04	4.804785e-03	-5.703976e-03	5.254380e-03	-1.665040e-02	1.428995e-03	2.851641e-02	1.568720e-02	1.282921e-02
334           	1.038691e-02	-1.145681e-02	2.184371e-02	-8.991941e-04	4.804698e-03	-5.703892e-03	5.254295e-03	-1.665026e-02	1.428920e-03	2.851618e-02	1.568701e-02	1.282917e-02
335           	1.038675e-02	-1.145674e-02	2.184349e-02	-8.991968e-04	4.804615e-03	-5.703811e-03	5.254213e-03	-1.665011e-02	1.428846e-03	2.851594e-02	1.568682e-02	1.282913e-02
336           	1.038660e-02	-1.145667e-02	2.184327e-02	-8.991994e-04	4.804533e-03	-5.703733e-03	5.254133e-03	-1.664997e-02	1.428772e-03	2.851572e-02	1.568663e-02	1.282909e-02
337           	1.038646e-02	-1.145660e-02	2.184305e-02	-8.992018e-04	4.804454e-03	-5.703656e-03	5.254055e-03	-1.664982e-02	1.428699e-03	2.851549e-02	1.568644e-02	1.282905e-02
338           	1.038631e-02	-1.145653e-02	2.184284e-02	-8.992043e-04	4.804376e-03	-5.703580e-03	5.253978e-03	-1.664968e-02	1.428627e-03	2.851527e-02	1.568626e-02	1.282901e-02
339           	1.038617e-02	-1.145646e-02	2.184263e-02	-8.992069e-04	4.804300e-03	-5.703507e-03	5.253903e-03	-1.664954e-02	1.428556e-03	2.851505e-02	1.568608e-02	1.282897e-02
340           	1.038603e-02	-1.145639e-02	2.184242e-02	-8.992096e-04	4.804225e-03	-5.703434e-03	5.253830e-03	-1.664941e-02	1.428487e-03	2.851483e-02	1.568590e-02	1.282893e-02
341           	1.038590e-02	-1.145632e-02	2.184222e-02	-8.992124e-04	4.804151e-03	-5.703363e-03	5.253757e-03	-1.664927e-02	1.428419e-03	2.851462e-02	1.568573e-02	1.282889e-02
342           	1.038577e-02	-1.145626e-02	2.184203e-02	-8.992154e-04	4.804079e-03	-5.703294e-03	5.253686e-03	-1.664914e-02	1.428352e-03	2.851442e-02	1.568556e-02	1.282886e-02
343           	1.038563e-02	-1.145620e-02	2.184183e-02	-8.992185e-04	4.804007e-03	-5.703226e-03	5.253616e-03	-1.664901e-02	1.428287e-03	2.851422e-02	1.568540e-02	1.282882e-02
344           	1.038551e-02	-1.145613e-02	2.184164e-02	-8.992216e-04	4.803937e-03	-5.703159e-03	5.253548e-03	-1.664889e-02	1.428223e-03	2.851402e-02	1.568523e-02	1.282879e-02
345           	1.038538e-02	-1.145607e-02	2.184145e-02	-8.992249e-04	4.803868e-03	-5.703093e-03	5.253481e-03	-1.664876e-02	1.428159e-03	2.851383e-02	1.568507e-02	1.282875e-02
346           	1.038526e-02	-1.145601e-02	2.184127e-02	-8.992281e-04	4.803801e-03	-5.703029e-03	5.253415e-03	-1.664864e-02	1.428097e-03	2.851364e-02	1.568491e-02	1.282872e-02
347           	1.038514e-02	-1.145595e-02	2.184109e-02	-8.992314e-04	4.803735e-03	-5.702967e-03	5.253351e-03	-1.664852e-02	1.428035e-03	2.851345e-02	1.568476e-02	1.282869e-02
348           	1.038502e-02	-1.145589e-02	2.184091e-02	-8.992346e-04	4.803671e-03	-5.702905e-03	5.253288e-03	-1.664840e-02	1.427974e-03	2.851326e-02	1.568460e-02	1.282866e-02
349           	1.038490e-02	-1.145583e-02	2.184073e-02	-8.992378e-04	4.803608e-03	-5.702846e-03	5.253227e-03	-1.664828e-02	1.427914e-03	2.851307e-02	1.568445e-02	1.282862e-02
350           	1.038479e-02	-1.145577e-02	2.184056e-02	-8.992408e-04	4.803547e-03	-5.702788e-03	5.253167e-03	-1.664816e-02	1.427854e-03	2.851289e-02	1.568430e-02	1.282859e-02
351           	1.038469e-02	-1.145570e-02	2.184039e-02	-8.992438e-04	4.803487e-03	-5.702731e-03	5.253109e-03	-1.664805e-02	1.427794e-03	2.851271e-02	1.568415e-02	1.282856e-02
352           	1.038458e-02	-1.145564e-02	2.184022e-02	-8.992467e-04	4.803429e-03	-5.702676e-03	5.253053e-03	-1.664793e-02	1.427735e-03	2.851253e-02	1.568400e-02	1.282853e-02
353           	1.038448e-02	-1.145558e-02	2.184006e-02	-8.992494e-04	4.803373e-03	-5.702623e-03	5.252998e-03	-1.664782e-02	1.427677e-03	2.851235e-02	1.568385e-02	1.282850e-02
354           	1.038438e-02	-1.145551e-02	2.183989e-02	-8.992521e-04	4.803318e-03	-5.702570e-03	5.252944e-03	-1.664770e-02	1.427619e-03	2.851218e-02	1.568371e-02	1.282847e-02
355           	1.038428e-02	-1.145545e-02	2.183973e-02	-8.992546e-04	4.803265e-03	-5.702520e-03	5.252892e-03	-1.664759e-02	1.427562e-03	2.851200e-02	1.568356e-02	1.282844e-02
356           	1.038419e-02	-1.145539e-02	2.183958e-02	-8.992571e-04	4.803213e-03	-5.702471e-03	5.252842e-03	-1.664748e-02	1.427505e-03	2.851183e-02	1.568342e-02	1.282841e-02
357           	1.038410e-02	-1.145532e-02	2.183942e-02	-8.992594e-04	4.803163e-03	-5.702423e-03	5.252793e-03	-1.664737e-02	1.427449e-03	2.851166e-02	1.568328e-02	1.282838e-02
358           	1.038401e-02	-1.145526e-02	2.183927e-02	-8.992618e-04	4.803114e-03	-5.702376e-03	5.252745e-03	-1.664727e-02	1.427394e-03	2.851149e-02	1.568314e-02	1.282835e-02
359           	1.038393e-02	-1.145520e-02	2.183913e-02	-8.992640e-04	4.803067e-03	-5.702331e-03	5.252699e-03	-1.664716e-02	1.427340e-03	2.851133e-02	1.568300e-02	1.282832e-02
360           	1.038385e-02	-1.145513e-02	2.183898e-02	-8.992663e-04	4.803020e-03	-5.702287e-03	5.252653e-03	-1.664706e-02	1.427286e-03	2.851117e-02	1.568287e-02	1.282830e-02
361           	1.038377e-02	-1.145507e-02	2.183884e-02	-8.992684e-04	4.802975e-03	-5.702244e-03	5.252609e-03	-1.664695e-02	1.427233e-03	2.851101e-02	1.568274e-02	1.282827e-02
362           	1.038369e-02	-1.145501e-02	2.183870e-02	-8.992706e-04	4.802931e-03	-5.702202e-03	5.252566e-03	-1.664685e-02	1.427181e-03	2.851085e-02	1.568261e-02	1.282824e-02
363           	1.038361e-02	-1.145495e-02	2.183856e-02	-8.992727e-04	4.802888e-03	-5.702161e-03	5.252525e-03	-1.664675e-02	1.427130e-03	2.851069e-02	1.568248e-02	1.282822e-02
364           	1.038354e-02	-1.145489e-02	2.183843e-02	-8.992748e-04	4.802847e-03	-5.702122e-03	5.252484e-03	-1.664666e-02	1.427079e-03	2.851054e-02	1.568235e-02	1.282819e-02
365           	1.038347e-02	-1.145483e-02	2.183829e-02	-8.992768e-04	4.802806e-03	-5.702083e-03	5.252445e-03	-1.664656e-02	1.427030e-03	2.851039e-02	1.568222e-02	1.282817e-02
366           	1.038340e-02	-1.145477e-02	2.183817e-02	-8.992788e-04	4.802767e-03	-5.702046e-03	5.252406e-03	-1.664647e-02	1.426980e-03	2.851024e-02	1.568210e-02	1.282814e-02
367           	1.038333e-02	-1.145471e-02	2.183804e-02	-8.992808e-04	4.802729e-03	-5.702009e-03	5.252369e-03	-1.664637e-02	1.426932e-03	2.851010e-02	1.568198e-02	1.282812e-02
368           	1.038327e-02	-1.145465e-02	2.183791e-02	-8.992828e-04	4.802691e-03	-5.701974e-03	5.252333e-03	-1.664628e-02	1.426884e-03	2.850995e-02	1.568186e-02	1.282809e-02
369           	1.038321e-02	-1.145459e-02	2.183779e-02	-8.992847e-04	4.802655e-03	-5.701940e-03	5.252298e-03	-1.664619e-02	1.426837e-03	2.850981e-02	1.568174e-02	1.282807e-02
370           	1.038314e-02	-1.145453e-02	2.183767e-02	-8.992865e-04	4.802620e-03	-5.701907e-03	5.252263e-03	-1.664610e-02	1.426790e-03	2.850967e-02	1.568163e-02	1.282805e-02
371           	1.038309e-02	-1.145447e-02	2.183755e-02	-8.992883e-04	4.802586e-03	-5.701874e-03	5.252230e-03	-1.664601e-02	1.426744e-03	2.850953e-02	1.568151e-02	1.282802e-02
372           	1.038303e-02	-1.145441e-02	2.183744e-02	-8.992901e-04	4.802553e-03	-5.701843e-03	5.252198e-03	-1.664592e-02	1.426698e-03	2.850940e-02	1.568140e-02	1.282800e-02
373           	1.038297e-02	-1.145435e-02	2.183733e-02	-8.992918e-04	4.802521e-03	-5.701813e-03	5.252167e-03	-1.664584e-02	1.426653e-03	2.850926e-02	1.568128e-02	1.282798e-02
374           	1.038292e-02	-1.145429e-02	2.183721e-02	-8.992935e-04	4.802490e-03	-5.701783e-03	5.252137e-03	-1.664575e-02	1.426608e-03	2.850913e-02	1.568117e-02	1.282796e-02
375           	1.038287e-02	-1.145423e-02	2.183710e-02	-8.992951e-04	4.802460e-03	-5.701755e-03	5.252107e-03	-1.664567e-02	1.426564e-03	2.850900e-02	1.568106e-02	1.282794e-02
376           	1.038282e-02	-1.145418e-02	2.183700e-02	-8.992967e-04	4.802431e-03	-5.701727e-03	5.252079e-03	-1.664559e-02	1.426520e-03	2.850887e-02	1.568095e-02	1.282791e-02
377           	1.038277e-02	-1.145412e-02	2.183689e-02	-8.992982e-04	4.802403e-03	-5.701701e-03	5.252052e-03	-1.664550e-02	1.426477e-03	2.850874e-02	1.568085e-02	1.282789e-02
378           	1.038273e-02	-1.145406e-02	2.183679e-02	-8.992997e-04	4.802375e-03	-5.701675e-03	5.252025e-03	-1.664542e-02	1.426434e-03	2.850862e-02	1.568074e-02	1.282787e-02
379           	1.038268e-02	-1.145400e-02	2.183669e-02	-8.993012e-04	4.802349e-03	-5.701650e-03	5.252000e-03	-1.664534e-02	1.426392e-03	2.850849e-02	1.568064e-02	1.282785e-02
380           	1.038264e-02	-1.145394e-02	2.183659e-02	-8.993026e-04	4.802324e-03	-5.701626e-03	5.251975e-03	-1.664527e-02	1.426351e-03	2.850837e-02	1.568054e-02	1.282783e-02
