# Force and moment coefficients
# dragDir     : (1.000000e+00 0.000000e+00 0.000000e+00)
# sideDir     : (0.000000e+00 1.000000e+00 0.000000e+00)
# liftDir     : (0.000000e+00 0.000000e+00 1.000000e+00)
# rollAxis    : (1.000000e+00 0.000000e+00 0.000000e+00)
# pitchAxis   : (0.000000e+00 1.000000e+00 0.000000e+00)
# yawAxis     : (0.000000e+00 0.000000e+00 1.000000e+00)
# magUInf     : 6.661800e+00
# lRef        : 1.499270e-01
# Aref        : 5.000000e-02
# CofR        : (3.750000e-02 0.000000e+00 0.000000e+00)
#
# Time        	Cd            	Cd(f)         	Cd(r)         	Cl            	Cl(f)         	Cl(r)         	CmPitch       	CmRoll        	CmYaw         	Cs            	Cs(f)         	Cs(r)         
1             	2.854693e-01	1.472662e+00	-1.187193e+00	-1.214561e-04	1.498630e-01	-1.499845e-01	1.499238e-01	1.329928e+00	-7.914490e-01	-2.475660e+00	-2.029279e+00	-4.463808e-01
2             	2.081389e-01	1.345784e+00	-1.137645e+00	-2.349266e-03	1.071628e-01	-1.095120e-01	1.083374e-01	1.241714e+00	-7.297098e-01	-2.309560e+00	-1.884490e+00	-4.250699e-01
3             	1.566294e-01	1.016808e+00	-8.601789e-01	-3.924528e-03	7.919641e-02	-8.312094e-02	8.115867e-02	9.384936e-01	-5.394244e-01	-1.741636e+00	-1.410242e+00	-3.313934e-01
4             	1.183044e-01	5.850330e-01	-4.667286e-01	-4.849541e-03	5.895217e-02	-6.380171e-02	6.137694e-02	5.258808e-01	-2.837919e-01	-9.697904e-01	-7.686870e-01	-2.011033e-01
5             	8.837019e-02	1.547991e-01	-6.642887e-02	-5.153785e-03	4.361847e-02	-4.877226e-02	4.619537e-02	1.106140e-01	-2.819060e-02	-1.940721e-01	-1.252266e-01	-6.884543e-02
6             	6.537911e-02	-1.924051e-01	2.577842e-01	-4.925613e-03	3.217741e-02	-3.710303e-02	3.464022e-02	-2.250947e-01	1.763404e-01	4.314779e-01	3.920793e-01	3.939858e-02
7             	4.882301e-02	-4.098721e-01	4.586951e-01	-4.297773e-03	2.417211e-02	-2.846988e-02	2.632100e-02	-4.342836e-01	3.002874e-01	8.191098e-01	7.098423e-01	1.092675e-01
8             	3.813729e-02	-4.878024e-01	5.259397e-01	-3.413078e-03	1.918219e-02	-2.259527e-02	2.088873e-02	-5.068710e-01	3.371381e-01	9.503821e-01	8.123292e-01	1.380529e-01
9             	3.236270e-02	-4.473742e-01	4.797369e-01	-2.424022e-03	1.663421e-02	-1.905823e-02	1.784622e-02	-4.635555e-01	3.000698e-01	8.646829e-01	7.324112e-01	1.322716e-01
10            	3.026217e-02	-3.276870e-01	3.579492e-01	-1.471709e-03	1.585263e-02	-1.732434e-02	1.658848e-02	-3.428181e-01	2.138824e-01	6.347834e-01	5.312741e-01	1.035093e-01
11            	3.046942e-02	-1.735159e-01	2.039853e-01	-6.790225e-04	1.612323e-02	-1.680225e-02	1.646274e-02	-1.887506e-01	1.072808e-01	3.438125e-01	2.791870e-01	6.462550e-02
12            	3.169779e-02	-2.575490e-02	5.745269e-02	-1.309676e-04	1.679491e-02	-1.692588e-02	1.686040e-02	-4.160380e-02	6.697864e-03	6.745917e-02	4.042745e-02	2.703172e-02
13            	3.293683e-02	8.587457e-02	-5.293774e-02	1.330530e-04	1.737035e-02	-1.723730e-02	1.730382e-02	6.940616e-02	-6.857447e-02	-1.395490e-01	-1.383489e-01	-1.200016e-03
14            	3.355694e-02	1.463480e-01	-1.127911e-01	1.214087e-04	1.755539e-02	-1.743398e-02	1.749469e-02	1.295696e-01	-1.088275e-01	-2.499561e-01	-2.338055e-01	-1.615061e-02
15            	3.331281e-02	1.550889e-01	-1.217761e-01	-1.131764e-04	1.725669e-02	-1.736987e-02	1.731328e-02	1.384325e-01	-1.138836e-01	-2.634789e-01	-2.456230e-01	-1.785584e-02
16            	3.226621e-02	1.226129e-01	-9.034666e-02	-4.899920e-04	1.653579e-02	-1.702578e-02	1.678079e-02	1.064798e-01	-9.098288e-02	-2.004683e-01	-1.912170e-01	-9.251278e-03
17            	3.066886e-02	6.544077e-02	-3.477191e-02	-9.184661e-04	1.554613e-02	-1.646459e-02	1.600536e-02	5.010634e-02	-5.143936e-02	-9.231961e-02	-9.759916e-02	5.279549e-03
18            	2.883701e-02	1.249145e-03	2.758786e-02	-1.315204e-03	1.446754e-02	-1.578275e-02	1.512515e-02	-1.316936e-02	-7.372020e-03	2.767081e-02	6.463386e-03	2.120743e-02
19            	2.706521e-02	-5.494503e-02	8.201024e-02	-1.614788e-03	1.346168e-02	-1.507647e-02	1.426907e-02	-6.847763e-02	3.088634e-02	1.314284e-01	9.660054e-02	3.482786e-02
20            	2.556018e-02	-9.329191e-02	1.188521e-01	-1.779269e-03	1.263705e-02	-1.441632e-02	1.352668e-02	-1.060720e-01	5.654602e-02	2.007581e-01	1.569251e-01	4.383305e-02
21            	2.441119e-02	-1.100357e-01	1.344469e-01	-1.800929e-03	1.203578e-02	-1.383671e-02	1.293625e-02	-1.222413e-01	6.704453e-02	2.290041e-01	1.815466e-01	4.745752e-02
22            	2.359576e-02	-1.068562e-01	1.304520e-01	-1.698449e-03	1.163942e-02	-1.333787e-02	1.248865e-02	-1.186541e-01	6.360733e-02	2.197321e-01	1.734734e-01	4.625873e-02
23            	2.302107e-02	-8.920613e-02	1.122272e-01	-1.508910e-03	1.138955e-02	-1.289846e-02	1.214401e-02	-1.007167e-01	5.011283e-02	1.835482e-01	1.418870e-01	4.166129e-02
24            	2.256763e-02	-6.427788e-02	8.684552e-02	-1.277836e-03	1.121278e-02	-1.249061e-02	1.185169e-02	-7.556170e-02	3.167707e-02	1.342334e-01	9.879378e-02	3.543964e-02
25            	2.212519e-02	-3.901492e-02	6.114010e-02	-1.049890e-03	1.104092e-02	-1.209081e-02	1.156586e-02	-5.007751e-02	1.325860e-02	8.498408e-02	5.575064e-02	2.923344e-02
26            	2.162203e-02	-1.868407e-02	4.030610e-02	-8.601109e-04	1.082782e-02	-1.168793e-02	1.125788e-02	-2.949509e-02	-1.361889e-03	4.572629e-02	2.150126e-02	2.422503e-02
27            	2.103295e-02	-6.186477e-03	2.721942e-02	-7.300720e-04	1.055435e-02	-1.128442e-02	1.091938e-02	-1.670295e-02	-1.008036e-02	2.183099e-02	8.351372e-04	2.099585e-02
28            	2.037746e-02	-1.939936e-03	2.231740e-02	-6.663967e-04	1.022759e-02	-1.089398e-02	1.056078e-02	-1.212867e-02	-1.256714e-02	1.393071e-02	-5.601791e-03	1.953250e-02
29            	1.970688e-02	-4.343231e-03	2.405011e-02	-6.624750e-04	9.874273e-03	-1.053675e-02	1.020551e-02	-1.419667e-02	-9.948153e-03	1.883053e-02	-5.328882e-04	1.936342e-02
30            	1.908448e-02	-1.057547e-02	2.965994e-02	-7.029036e-04	9.529909e-03	-1.023281e-02	9.881361e-03	-2.011770e-02	-4.242084e-03	3.105058e-02	1.128321e-02	1.976737e-02
31            	1.856905e-02	-1.752297e-02	3.609201e-02	-7.681983e-04	9.229422e-03	-9.997621e-03	9.613522e-03	-2.680749e-02	2.307563e-03	4.459595e-02	2.460554e-02	1.999041e-02
32            	1.819978e-02	-2.251325e-02	4.071304e-02	-8.394933e-04	8.998705e-03	-9.838198e-03	9.418452e-03	-3.161315e-02	7.755144e-03	5.435819e-02	3.493424e-02	1.942395e-02
33            	1.798890e-02	-2.383090e-02	4.181980e-02	-9.020114e-04	8.849876e-03	-9.751887e-03	9.300881e-03	-3.282535e-02	1.082914e-02	5.709387e-02	3.937607e-02	1.771780e-02
34            	1.792125e-02	-2.091051e-02	3.883177e-02	-9.470321e-04	8.780483e-03	-9.727515e-03	9.253999e-03	-2.987114e-02	1.107255e-02	5.177527e-02	3.696018e-02	1.481509e-02
35            	1.795984e-02	-1.424745e-02	3.220729e-02	-9.721931e-04	8.775311e-03	-9.747504e-03	9.261407e-03	-2.322737e-02	8.782954e-03	3.940410e-02	2.848500e-02	1.091910e-02
36            	1.805569e-02	-5.092634e-03	2.314832e-02	-9.802966e-04	8.811070e-03	-9.791367e-03	9.301218e-03	-1.412048e-02	4.794914e-03	2.241162e-02	1.600072e-02	6.410894e-03
37            	1.815849e-02	4.959802e-03	1.319869e-02	-9.773479e-04	8.861988e-03	-9.839336e-03	9.350662e-03	-4.119445e-03	1.822412e-04	3.858336e-03	2.111409e-03	1.746927e-03
38            	1.822615e-02	1.438421e-02	3.841942e-03	-9.701886e-04	8.904791e-03	-9.874980e-03	9.389886e-03	5.271135e-03	-4.034828e-03	-1.335505e-02	-1.071235e-02	-2.642695e-03
39            	1.823048e-02	2.202173e-02	-3.791256e-03	-9.647485e-04	8.922148e-03	-9.886896e-03	9.404522e-03	1.290649e-02	-7.100737e-03	-2.705714e-02	-2.062931e-02	-6.427835e-03
40            	1.815939e-02	2.725797e-02	-9.098588e-03	-9.647651e-04	8.904376e-03	-9.869141e-03	9.386758e-03	1.817828e-02	-8.646056e-03	-3.613557e-02	-2.671384e-02	-9.421726e-03
41            	1.801614e-02	3.004842e-02	-1.203228e-02	-9.714259e-04	8.849522e-03	-9.820948e-03	9.335235e-03	2.104035e-02	-8.699684e-03	-4.057564e-02	-2.898751e-02	-1.158814e-02
42            	1.781578e-02	3.082085e-02	-1.300507e-02	-9.836695e-04	8.762277e-03	-9.745946e-03	9.254112e-03	2.191296e-02	-7.611122e-03	-4.126171e-02	-2.824198e-02	-1.301973e-02
43            	1.758033e-02	3.029744e-02	-1.271711e-02	-9.990140e-04	8.651844e-03	-9.650858e-03	9.151351e-03	2.150728e-02	-5.915696e-03	-3.962483e-02	-2.572811e-02	-1.389672e-02
44            	1.733269e-02	2.929118e-02	-1.195849e-02	-1.014341e-03	8.529445e-03	-9.543786e-03	9.036615e-03	2.062483e-02	-4.184951e-03	-3.724572e-02	-2.280781e-02	-1.443791e-02
45            	1.709110e-02	2.851798e-02	-1.142687e-02	-1.026397e-03	8.405140e-03	-9.431537e-03	8.918338e-03	1.997243e-02	-2.893446e-03	-3.549515e-02	-2.064102e-02	-1.485413e-02
46            	1.686649e-02	2.847396e-02	-1.160748e-02	-1.032313e-03	8.285927e-03	-9.318240e-03	8.802083e-03	2.004072e-02	-2.334748e-03	-3.529934e-02	-1.998442e-02	-1.531492e-02
47            	1.666159e-02	2.937347e-02	-1.271188e-02	-1.030220e-03	8.174987e-03	-9.205207e-03	8.690097e-03	2.104268e-02	-2.586705e-03	-3.702684e-02	-2.110012e-02	-1.592671e-02
48            	1.647261e-02	3.115683e-02	-1.468422e-02	-1.019614e-03	8.071992e-03	-9.091606e-03	8.581799e-03	2.292053e-02	-3.529377e-03	-4.051204e-02	-2.378539e-02	-1.672664e-02
49            	1.629196e-02	3.355266e-02	-1.726071e-02	-1.001373e-03	7.974272e-03	-8.975645e-03	8.474959e-03	2.540669e-02	-4.901925e-03	-4.518395e-02	-2.749390e-02	-1.769005e-02
50            	1.611108e-02	3.617236e-02	-2.006128e-02	-9.774599e-04	7.878111e-03	-8.855571e-03	8.366841e-03	2.811682e-02	-6.380145e-03	-5.025609e-02	-3.150819e-02	-1.874790e-02
51            	1.592307e-02	3.861095e-02	-2.268789e-02	-9.504365e-04	7.780066e-03	-8.730502e-03	8.255284e-03	3.064942e-02	-7.654452e-03	-5.492590e-02	-3.511740e-02	-1.980850e-02
52            	1.572421e-02	4.053372e-02	-2.480951e-02	-9.229542e-04	7.677848e-03	-8.600802e-03	8.139325e-03	3.267162e-02	-8.492498e-03	-5.854364e-02	-3.776432e-02	-2.077932e-02
53            	1.551447e-02	4.173418e-02	-2.621971e-02	-8.973231e-04	7.570761e-03	-8.468084e-03	8.019422e-03	3.397694e-02	-8.776470e-03	-6.072260e-02	-3.913777e-02	-2.158483e-02
54            	1.529717e-02	4.215609e-02	-2.685892e-02	-8.752512e-04	7.459698e-03	-8.334949e-03	7.897323e-03	3.450750e-02	-8.510931e-03	-6.137726e-02	-3.919956e-02	-2.217770e-02
55            	1.507798e-02	4.188254e-02	-2.680456e-02	-8.577090e-04	7.346750e-03	-8.204459e-03	7.775605e-03	3.434355e-02	-7.805098e-03	-6.069641e-02	-3.815330e-02	-2.254311e-02
56            	1.486354e-02	4.109964e-02	-2.623610e-02	-8.448815e-04	7.234716e-03	-8.079597e-03	7.657156e-03	3.366787e-02	-6.836964e-03	-5.906689e-02	-3.637041e-02	-2.269648e-02
57            	1.466006e-02	4.004606e-02	-2.538601e-02	-8.363295e-04	7.126424e-03	-7.962753e-03	7.544588e-03	3.271603e-02	-5.809291e-03	-5.697117e-02	-3.429488e-02	-2.267630e-02
58            	1.447236e-02	3.896201e-02	-2.448965e-02	-8.312394e-04	7.024321e-03	-7.855561e-03	7.439941e-03	3.172583e-02	-4.907734e-03	-5.488498e-02	-3.235022e-02	-2.253476e-02
59            	1.430323e-02	3.804495e-02	-2.374171e-02	-8.286350e-04	6.930096e-03	-7.758731e-03	7.344413e-03	3.089333e-02	-4.268065e-03	-5.319076e-02	-3.086345e-02	-2.232732e-02
60            	1.415323e-02	3.742212e-02	-2.326889e-02	-8.275883e-04	6.844470e-03	-7.672059e-03	7.258265e-03	3.034551e-02	-3.958693e-03	-5.212527e-02	-3.002133e-02	-2.210394e-02
61            	1.402083e-02	3.714038e-02	-2.311955e-02	-8.273770e-04	6.767230e-03	-7.594607e-03	7.180918e-03	3.012996e-02	-3.978170e-03	-5.176242e-02	-2.985938e-02	-2.190304e-02
62            	1.390306e-02	3.717201e-02	-2.326896e-02	-8.275206e-04	6.697419e-03	-7.524939e-03	7.111179e-03	3.022049e-02	-4.265781e-03	-5.202795e-02	-3.027975e-02	-2.174819e-02
63            	1.379615e-02	3.743373e-02	-2.363757e-02	-8.278198e-04	6.633663e-03	-7.461483e-03	7.047573e-03	3.053565e-02	-4.721768e-03	-5.273992e-02	-3.109173e-02	-2.164819e-02
64            	1.369631e-02	3.781250e-02	-2.411618e-02	-8.282912e-04	6.574388e-03	-7.402680e-03	6.988534e-03	3.096434e-02	-5.231773e-03	-5.366208e-02	-3.206281e-02	-2.159927e-02
65            	1.360024e-02	3.819167e-02	-2.459143e-02	-8.290792e-04	6.518115e-03	-7.347194e-03	6.932655e-03	3.139155e-02	-5.689486e-03	-5.455678e-02	-3.296787e-02	-2.158890e-02
66            	1.350563e-02	3.847294e-02	-2.496731e-02	-8.303659e-04	6.463692e-03	-7.294058e-03	6.878875e-03	3.172012e-02	-6.014124e-03	-5.522846e-02	-3.362836e-02	-2.160011e-02
67            	1.341120e-02	3.859135e-02	-2.518015e-02	-8.322885e-04	6.410371e-03	-7.242659e-03	6.826515e-03	3.188575e-02	-6.160935e-03	-5.555278e-02	-3.393733e-02	-2.161546e-02
68            	1.331674e-02	3.852103e-02	-2.520428e-02	-8.348990e-04	6.357861e-03	-7.192760e-03	6.775310e-03	3.186266e-02	-6.122885e-03	-5.548626e-02	-3.386601e-02	-2.162024e-02
69            	1.322287e-02	3.827304e-02	-2.505018e-02	-8.381627e-04	6.306265e-03	-7.144428e-03	6.725346e-03	3.166161e-02	-5.925700e-03	-5.506031e-02	-3.345586e-02	-2.160446e-02
70            	1.313060e-02	3.788687e-02	-2.475627e-02	-8.419745e-04	6.255878e-03	-7.097853e-03	6.676866e-03	3.132157e-02	-5.617796e-03	-5.436258e-02	-3.279909e-02	-2.156349e-02
71            	1.304109e-02	3.741846e-02	-2.437737e-02	-8.461787e-04	6.207046e-03	-7.053225e-03	6.630136e-03	3.089791e-02	-5.258070e-03	-5.351177e-02	-3.201396e-02	-2.149782e-02
72            	1.295532e-02	3.692769e-02	-2.397236e-02	-8.506098e-04	6.160122e-03	-7.010732e-03	6.585427e-03	3.045002e-02	-4.904022e-03	-5.263175e-02	-3.121989e-02	-2.141185e-02
73            	1.287395e-02	3.646726e-02	-2.359332e-02	-8.551202e-04	6.115291e-03	-6.970411e-03	6.542851e-03	3.003029e-02	-4.602063e-03	-5.182904e-02	-3.051659e-02	-2.131246e-02
74            	1.279717e-02	3.607530e-02	-2.327812e-02	-8.596052e-04	6.072609e-03	-6.932214e-03	6.502412e-03	2.967671e-02	-4.381769e-03	-5.117830e-02	-2.997092e-02	-2.120738e-02
75            	1.272471e-02	3.577143e-02	-2.304671e-02	-8.640137e-04	6.031972e-03	-6.895985e-03	6.463978e-03	2.940907e-02	-4.253790e-03	-5.071526e-02	-2.961142e-02	-2.110384e-02
76            	1.265595e-02	3.555701e-02	-2.290106e-02	-8.683349e-04	5.993152e-03	-6.861486e-03	6.427319e-03	2.922903e-02	-4.211514e-03	-5.043787e-02	-2.943045e-02	-2.100742e-02
77            	1.259009e-02	3.541922e-02	-2.282913e-02	-8.725987e-04	5.955870e-03	-6.828468e-03	6.392169e-03	2.912417e-02	-4.235784e-03	-5.031542e-02	-2.939349e-02	-2.092193e-02
78            	1.252635e-02	3.533575e-02	-2.280940e-02	-8.768477e-04	5.919826e-03	-6.796673e-03	6.358250e-03	2.907257e-02	-4.300301e-03	-5.029872e-02	-2.944966e-02	-2.084906e-02
79            	1.246402e-02	3.528049e-02	-2.281647e-02	-8.811304e-04	5.884736e-03	-6.765866e-03	6.325301e-03	2.904848e-02	-4.377364e-03	-5.033207e-02	-2.954340e-02	-2.078867e-02
80            	1.240259e-02	3.522878e-02	-2.282619e-02	-8.854821e-04	5.850391e-03	-6.735873e-03	6.293132e-03	2.902749e-02	-4.442820e-03	-5.036411e-02	-2.962487e-02	-2.073923e-02
81            	1.234179e-02	3.516128e-02	-2.281949e-02	-8.899207e-04	5.816666e-03	-6.706586e-03	6.261626e-03	2.899038e-02	-4.479386e-03	-5.035557e-02	-2.965717e-02	-2.069840e-02
82            	1.228157e-02	3.506610e-02	-2.278453e-02	-8.944391e-04	5.783523e-03	-6.677962e-03	6.230742e-03	2.892531e-02	-4.478105e-03	-5.028337e-02	-2.961979e-02	-2.066358e-02
83            	1.222209e-02	3.493925e-02	-2.271716e-02	-8.990045e-04	5.750997e-03	-6.650002e-03	6.200500e-03	2.882821e-02	-4.438177e-03	-5.014112e-02	-2.950874e-02	-2.063238e-02
84            	1.216356e-02	3.478359e-02	-2.262003e-02	-9.035646e-04	5.719158e-03	-6.622723e-03	6.170940e-03	2.870181e-02	-4.365348e-03	-4.993658e-02	-2.933364e-02	-2.060294e-02
85            	1.210630e-02	3.460675e-02	-2.250045e-02	-9.080566e-04	5.688092e-03	-6.596148e-03	6.142120e-03	2.855360e-02	-4.269502e-03	-4.968704e-02	-2.911302e-02	-2.057402e-02
86            	1.205055e-02	3.441879e-02	-2.236824e-02	-9.124128e-04	5.657878e-03	-6.570291e-03	6.114085e-03	2.839351e-02	-4.162129e-03	-4.941433e-02	-2.886929e-02	-2.054503e-02
87            	1.199648e-02	3.423005e-02	-2.223357e-02	-9.165755e-04	5.628569e-03	-6.545145e-03	6.086857e-03	2.823181e-02	-4.054140e-03	-4.914021e-02	-2.862424e-02	-2.051596e-02
88            	1.194417e-02	3.404903e-02	-2.210486e-02	-9.205013e-04	5.600179e-03	-6.520680e-03	6.060430e-03	2.807694e-02	-3.953906e-03	-4.888212e-02	-2.839497e-02	-2.048715e-02
89            	1.189357e-02	3.388152e-02	-2.198795e-02	-9.241636e-04	5.572682e-03	-6.496845e-03	6.034763e-03	2.793473e-02	-3.866553e-03	-4.865139e-02	-2.819225e-02	-2.045914e-02
90            	1.184456e-02	3.373016e-02	-2.188560e-02	-9.275538e-04	5.546017e-03	-6.473571e-03	6.009794e-03	2.780788e-02	-3.793754e-03	-4.845252e-02	-2.802001e-02	-2.043251e-02
91            	1.179696e-02	3.359470e-02	-2.179774e-02	-9.306805e-04	5.520105e-03	-6.450785e-03	5.985445e-03	2.769622e-02	-3.734222e-03	-4.828390e-02	-2.787617e-02	-2.040773e-02
92            	1.175056e-02	3.347271e-02	-2.172214e-02	-9.335639e-04	5.494853e-03	-6.428417e-03	5.961635e-03	2.759742e-02	-3.684609e-03	-4.813945e-02	-2.775433e-02	-2.038512e-02
93            	1.170517e-02	3.336052e-02	-2.165535e-02	-9.362270e-04	5.470179e-03	-6.406406e-03	5.938292e-03	2.750794e-02	-3.640562e-03	-4.801069e-02	-2.764591e-02	-2.036478e-02
94            	1.166064e-02	3.325421e-02	-2.159357e-02	-9.386959e-04	5.446013e-03	-6.384709e-03	5.915361e-03	2.742389e-02	-3.597746e-03	-4.788883e-02	-2.754216e-02	-2.034667e-02
95            	1.161686e-02	3.315039e-02	-2.153353e-02	-9.409952e-04	5.422305e-03	-6.363300e-03	5.892803e-03	2.734196e-02	-3.552654e-03	-4.776646e-02	-2.743588e-02	-2.033058e-02
96            	1.157380e-02	3.304656e-02	-2.147276e-02	-9.431448e-04	5.399034e-03	-6.342178e-03	5.870606e-03	2.725966e-02	-3.502965e-03	-4.763835e-02	-2.732214e-02	-2.031621e-02
97            	1.153147e-02	3.294153e-02	-2.141007e-02	-9.451580e-04	5.376195e-03	-6.321353e-03	5.848774e-03	2.717580e-02	-3.447814e-03	-4.750214e-02	-2.719888e-02	-2.030325e-02
98            	1.148991e-02	3.283531e-02	-2.134540e-02	-9.470428e-04	5.353802e-03	-6.300845e-03	5.827323e-03	2.709036e-02	-3.387617e-03	-4.735808e-02	-2.706666e-02	-2.029143e-02
99            	1.144918e-02	3.272884e-02	-2.127965e-02	-9.488053e-04	5.331876e-03	-6.280681e-03	5.806278e-03	2.700425e-02	-3.323745e-03	-4.720847e-02	-2.692798e-02	-2.028049e-02
100           	1.140936e-02	3.262364e-02	-2.121427e-02	-9.504489e-04	5.310439e-03	-6.260888e-03	5.785664e-03	2.691895e-02	-3.258099e-03	-4.705675e-02	-2.678648e-02	-2.027028e-02
101           	1.137050e-02	3.252141e-02	-2.115091e-02	-9.519761e-04	5.289511e-03	-6.241487e-03	5.765499e-03	2.683616e-02	-3.192682e-03	-4.690675e-02	-2.664606e-02	-2.026070e-02
102           	1.133263e-02	3.242373e-02	-2.109111e-02	-9.533889e-04	5.269102e-03	-6.222491e-03	5.745796e-03	2.675742e-02	-3.129252e-03	-4.676190e-02	-2.651020e-02	-2.025170e-02
103           	1.129575e-02	3.233177e-02	-2.103602e-02	-9.546905e-04	5.249213e-03	-6.203903e-03	5.726558e-03	2.668389e-02	-3.069095e-03	-4.662478e-02	-2.638148e-02	-2.024329e-02
104           	1.125985e-02	3.224621e-02	-2.098636e-02	-9.558876e-04	5.229834e-03	-6.185721e-03	5.707778e-03	2.661628e-02	-3.012932e-03	-4.649686e-02	-2.626136e-02	-2.023550e-02
105           	1.122488e-02	3.216722e-02	-2.094234e-02	-9.569853e-04	5.210949e-03	-6.167934e-03	5.689441e-03	2.655478e-02	-2.960938e-03	-4.637854e-02	-2.615021e-02	-2.022833e-02
106           	1.119080e-02	3.209460e-02	-2.090381e-02	-9.579909e-04	5.192533e-03	-6.150524e-03	5.671528e-03	2.649920e-02	-2.912882e-03	-4.626941e-02	-2.604759e-02	-2.022182e-02
107           	1.115753e-02	3.202780e-02	-2.087027e-02	-9.589111e-04	5.174564e-03	-6.133475e-03	5.654019e-03	2.644903e-02	-2.868224e-03	-4.616840e-02	-2.595242e-02	-2.021598e-02
108           	1.112503e-02	3.196617e-02	-2.084114e-02	-9.597525e-04	5.157018e-03	-6.116770e-03	5.636894e-03	2.640365e-02	-2.826351e-03	-4.607425e-02	-2.586347e-02	-2.021077e-02
109           	1.109325e-02	3.190909e-02	-2.081584e-02	-9.605217e-04	5.139871e-03	-6.100393e-03	5.620132e-03	2.636247e-02	-2.786713e-03	-4.598579e-02	-2.577961e-02	-2.020618e-02
110           	1.106215e-02	3.185606e-02	-2.079391e-02	-9.612248e-04	5.123106e-03	-6.084331e-03	5.603718e-03	2.632498e-02	-2.748914e-03	-4.590218e-02	-2.570000e-02	-2.020217e-02
111           	1.103170e-02	3.180672e-02	-2.077502e-02	-9.618670e-04	5.106707e-03	-6.068574e-03	5.587641e-03	2.629087e-02	-2.712768e-03	-4.582292e-02	-2.562423e-02	-2.019869e-02
112           	1.100188e-02	3.176094e-02	-2.075906e-02	-9.624513e-04	5.090663e-03	-6.053115e-03	5.571889e-03	2.626000e-02	-2.678322e-03	-4.574805e-02	-2.555235e-02	-2.019570e-02
113           	1.097269e-02	3.171868e-02	-2.074599e-02	-9.629803e-04	5.074969e-03	-6.037949e-03	5.556459e-03	2.623234e-02	-2.645714e-03	-4.567774e-02	-2.548458e-02	-2.019316e-02
114           	1.094411e-02	3.167994e-02	-2.073583e-02	-9.634531e-04	5.059616e-03	-6.023069e-03	5.541343e-03	2.620788e-02	-2.615166e-03	-4.561227e-02	-2.542130e-02	-2.019097e-02
115           	1.091615e-02	3.164492e-02	-2.072878e-02	-9.638720e-04	5.044596e-03	-6.008468e-03	5.526532e-03	2.618685e-02	-2.587036e-03	-4.555239e-02	-2.536323e-02	-2.018916e-02
116           	1.088879e-02	3.161383e-02	-2.072504e-02	-9.642381e-04	5.029908e-03	-5.994146e-03	5.512027e-03	2.616943e-02	-2.561639e-03	-4.549875e-02	-2.531101e-02	-2.018774e-02
117           	1.086204e-02	3.158676e-02	-2.072472e-02	-9.645528e-04	5.015548e-03	-5.980101e-03	5.497825e-03	2.615574e-02	-2.539195e-03	-4.545181e-02	-2.526510e-02	-2.018671e-02
118           	1.083590e-02	3.156372e-02	-2.072782e-02	-9.648176e-04	5.001514e-03	-5.966332e-03	5.483923e-03	2.614577e-02	-2.519804e-03	-4.541177e-02	-2.522569e-02	-2.018608e-02
119           	1.081035e-02	3.154460e-02	-2.073424e-02	-9.650345e-04	4.987800e-03	-5.952834e-03	5.470317e-03	2.613942e-02	-2.503448e-03	-4.537859e-02	-2.519274e-02	-2.018585e-02
120           	1.078539e-02	3.152918e-02	-2.074379e-02	-9.652061e-04	4.974397e-03	-5.939603e-03	5.457000e-03	2.613648e-02	-2.490009e-03	-4.535202e-02	-2.516602e-02	-2.018600e-02
121           	1.076100e-02	3.151720e-02	-2.075620e-02	-9.653354e-04	4.961300e-03	-5.926635e-03	5.443967e-03	2.613670e-02	-2.479294e-03	-4.533163e-02	-2.514511e-02	-2.018652e-02
122           	1.073716e-02	3.150836e-02	-2.077120e-02	-9.654255e-04	4.948497e-03	-5.913923e-03	5.431210e-03	2.613978e-02	-2.471074e-03	-4.531696e-02	-2.512955e-02	-2.018740e-02
123           	1.071385e-02	3.150235e-02	-2.078850e-02	-9.654799e-04	4.935981e-03	-5.901461e-03	5.418721e-03	2.614542e-02	-2.465116e-03	-4.530748e-02	-2.511885e-02	-2.018862e-02
124           	1.069105e-02	3.149886e-02	-2.080781e-02	-9.655022e-04	4.923741e-03	-5.889243e-03	5.406492e-03	2.615334e-02	-2.461201e-03	-4.530272e-02	-2.511256e-02	-2.019016e-02
125           	1.066875e-02	3.149764e-02	-2.082890e-02	-9.654956e-04	4.911769e-03	-5.877264e-03	5.394517e-03	2.616327e-02	-2.459138e-03	-4.530227e-02	-2.511028e-02	-2.019200e-02
126           	1.064692e-02	3.149846e-02	-2.085154e-02	-9.654636e-04	4.900056e-03	-5.865520e-03	5.382788e-03	2.617500e-02	-2.458773e-03	-4.530579e-02	-2.511167e-02	-2.019412e-02
127           	1.062557e-02	3.150112e-02	-2.087555e-02	-9.654096e-04	4.888597e-03	-5.854006e-03	5.371302e-03	2.618833e-02	-2.459978e-03	-4.531297e-02	-2.511646e-02	-2.019651e-02
128           	1.060467e-02	3.150542e-02	-2.090075e-02	-9.653365e-04	4.877382e-03	-5.842718e-03	5.360050e-03	2.620309e-02	-2.462649e-03	-4.532358e-02	-2.512444e-02	-2.019914e-02
129           	1.058422e-02	3.151124e-02	-2.092702e-02	-9.652470e-04	4.866408e-03	-5.831655e-03	5.349031e-03	2.621913e-02	-2.466700e-03	-4.533741e-02	-2.513541e-02	-2.020201e-02
130           	1.056422e-02	3.151844e-02	-2.095422e-02	-9.651434e-04	4.855669e-03	-5.820813e-03	5.338241e-03	2.623633e-02	-2.472047e-03	-4.535426e-02	-2.514918e-02	-2.020509e-02
131           	1.054465e-02	3.152687e-02	-2.098222e-02	-9.650281e-04	4.845162e-03	-5.810190e-03	5.327676e-03	2.625454e-02	-2.478602e-03	-4.537392e-02	-2.516556e-02	-2.020836e-02
132           	1.052551e-02	3.153639e-02	-2.101088e-02	-9.649034e-04	4.834881e-03	-5.799784e-03	5.317332e-03	2.627364e-02	-2.486267e-03	-4.539616e-02	-2.518434e-02	-2.021181e-02
133           	1.050678e-02	3.154687e-02	-2.104008e-02	-9.647714e-04	4.824821e-03	-5.789593e-03	5.307207e-03	2.629347e-02	-2.494935e-03	-4.542071e-02	-2.520529e-02	-2.021542e-02
134           	1.048847e-02	3.155814e-02	-2.106967e-02	-9.646345e-04	4.814979e-03	-5.779613e-03	5.297296e-03	2.631391e-02	-2.504490e-03	-4.544733e-02	-2.522815e-02	-2.021917e-02
135           	1.047057e-02	3.157008e-02	-2.109952e-02	-9.644945e-04	4.805349e-03	-5.769843e-03	5.287596e-03	2.633480e-02	-2.514808e-03	-4.547571e-02	-2.525266e-02	-2.022305e-02
136           	1.045305e-02	3.158253e-02	-2.112948e-02	-9.643536e-04	4.795927e-03	-5.760280e-03	5.278103e-03	2.635601e-02	-2.525767e-03	-4.550558e-02	-2.527856e-02	-2.022702e-02
137           	1.043592e-02	3.159537e-02	-2.115944e-02	-9.642135e-04	4.786708e-03	-5.750921e-03	5.268815e-03	2.637741e-02	-2.537245e-03	-4.553666e-02	-2.530557e-02	-2.023108e-02
138           	1.041917e-02	3.160846e-02	-2.118929e-02	-9.640758e-04	4.777688e-03	-5.741764e-03	5.259726e-03	2.639887e-02	-2.549130e-03	-4.556869e-02	-2.533348e-02	-2.023522e-02
139           	1.040279e-02	3.162169e-02	-2.121890e-02	-9.639419e-04	4.768864e-03	-5.732806e-03	5.250835e-03	2.642030e-02	-2.561317e-03	-4.560144e-02	-2.536203e-02	-2.023940e-02
140           	1.038677e-02	3.163497e-02	-2.124820e-02	-9.638132e-04	4.760230e-03	-5.724043e-03	5.242137e-03	2.644159e-02	-2.573713e-03	-4.563467e-02	-2.539105e-02	-2.024362e-02
141           	1.037110e-02	3.164820e-02	-2.127710e-02	-9.636907e-04	4.751783e-03	-5.715473e-03	5.233628e-03	2.646265e-02	-2.586225e-03	-4.566820e-02	-2.542032e-02	-2.024787e-02
142           	1.035579e-02	3.166131e-02	-2.130552e-02	-9.635751e-04	4.743519e-03	-5.707094e-03	5.225307e-03	2.648342e-02	-2.598792e-03	-4.570185e-02	-2.544972e-02	-2.025214e-02
143           	1.034081e-02	3.167425e-02	-2.133344e-02	-9.634670e-04	4.735438e-03	-5.698905e-03	5.217171e-03	2.650384e-02	-2.611354e-03	-4.573550e-02	-2.547910e-02	-2.025639e-02
144           	1.032617e-02	3.168693e-02	-2.136077e-02	-9.633671e-04	4.727533e-03	-5.690901e-03	5.209217e-03	2.652385e-02	-2.623839e-03	-4.576896e-02	-2.550832e-02	-2.026064e-02
145           	1.031186e-02	3.169931e-02	-2.138745e-02	-9.632758e-04	4.719802e-03	-5.683078e-03	5.201440e-03	2.654338e-02	-2.636191e-03	-4.580210e-02	-2.553724e-02	-2.026486e-02
146           	1.029786e-02	3.171133e-02	-2.141346e-02	-9.631935e-04	4.712241e-03	-5.675435e-03	5.193838e-03	2.656240e-02	-2.648363e-03	-4.583481e-02	-2.556577e-02	-2.026904e-02
147           	1.028419e-02	3.172295e-02	-2.143876e-02	-9.631203e-04	4.704847e-03	-5.667968e-03	5.186408e-03	2.658085e-02	-2.660308e-03	-4.586696e-02	-2.559379e-02	-2.027317e-02
148           	1.027082e-02	3.173412e-02	-2.146330e-02	-9.630566e-04	4.697618e-03	-5.660675e-03	5.179146e-03	2.659871e-02	-2.671986e-03	-4.589847e-02	-2.562122e-02	-2.027725e-02
149           	1.025776e-02	3.174483e-02	-2.148707e-02	-9.630023e-04	4.690550e-03	-5.653552e-03	5.172051e-03	2.661595e-02	-2.683363e-03	-4.592924e-02	-2.564798e-02	-2.028126e-02
150           	1.024499e-02	3.175504e-02	-2.151005e-02	-9.629574e-04	4.683639e-03	-5.646597e-03	5.165118e-03	2.663255e-02	-2.694408e-03	-4.595919e-02	-2.567400e-02	-2.028519e-02
151           	1.023252e-02	3.176474e-02	-2.153222e-02	-9.629220e-04	4.676884e-03	-5.639806e-03	5.158345e-03	2.664848e-02	-2.705095e-03	-4.598826e-02	-2.569923e-02	-2.028904e-02
152           	1.022033e-02	3.177390e-02	-2.155358e-02	-9.628959e-04	4.670281e-03	-5.633177e-03	5.151729e-03	2.666374e-02	-2.715403e-03	-4.601638e-02	-2.572359e-02	-2.029279e-02
153           	1.020842e-02	3.178252e-02	-2.157410e-02	-9.628789e-04	4.663828e-03	-5.626707e-03	5.145267e-03	2.667831e-02	-2.725313e-03	-4.604351e-02	-2.574707e-02	-2.029644e-02
154           	1.019678e-02	3.179059e-02	-2.159381e-02	-9.628709e-04	4.657520e-03	-5.620391e-03	5.138956e-03	2.669220e-02	-2.734814e-03	-4.606960e-02	-2.576961e-02	-2.029998e-02
155           	1.018541e-02	3.179810e-02	-2.161269e-02	-9.628716e-04	4.651357e-03	-5.614228e-03	5.132793e-03	2.670539e-02	-2.743895e-03	-4.609462e-02	-2.579121e-02	-2.030342e-02
156           	1.017430e-02	3.180505e-02	-2.163075e-02	-9.628806e-04	4.645334e-03	-5.608215e-03	5.126775e-03	2.671790e-02	-2.752551e-03	-4.611857e-02	-2.581184e-02	-2.030673e-02
157           	1.016345e-02	3.181144e-02	-2.164799e-02	-9.628979e-04	4.639449e-03	-5.602347e-03	5.120898e-03	2.672972e-02	-2.760775e-03	-4.614141e-02	-2.583148e-02	-2.030993e-02
158           	1.015285e-02	3.181729e-02	-2.166444e-02	-9.629228e-04	4.633700e-03	-5.596623e-03	5.115162e-03	2.674086e-02	-2.768575e-03	-4.616315e-02	-2.585015e-02	-2.031300e-02
159           	1.014250e-02	3.182261e-02	-2.168010e-02	-9.629550e-04	4.628084e-03	-5.591039e-03	5.109562e-03	2.675135e-02	-2.775952e-03	-4.618379e-02	-2.586785e-02	-2.031594e-02
160           	1.013239e-02	3.182740e-02	-2.169500e-02	-9.629941e-04	4.622599e-03	-5.585594e-03	5.104096e-03	2.676120e-02	-2.782912e-03	-4.620334e-02	-2.588458e-02	-2.031876e-02
161           	1.012252e-02	3.183167e-02	-2.170915e-02	-9.630398e-04	4.617243e-03	-5.580282e-03	5.098762e-03	2.677041e-02	-2.789460e-03	-4.622181e-02	-2.590037e-02	-2.032145e-02
162           	1.011288e-02	3.183545e-02	-2.172256e-02	-9.630915e-04	4.612012e-03	-5.575103e-03	5.093557e-03	2.677901e-02	-2.795602e-03	-4.623921e-02	-2.591521e-02	-2.032400e-02
163           	1.010347e-02	3.183873e-02	-2.173526e-02	-9.631490e-04	4.606904e-03	-5.570053e-03	5.088478e-03	2.678700e-02	-2.801346e-03	-4.625554e-02	-2.592912e-02	-2.032643e-02
164           	1.009428e-02	3.184154e-02	-2.174726e-02	-9.632118e-04	4.601917e-03	-5.565129e-03	5.083523e-03	2.679440e-02	-2.806703e-03	-4.627084e-02	-2.594212e-02	-2.032872e-02
165           	1.008531e-02	3.184389e-02	-2.175858e-02	-9.632796e-04	4.597048e-03	-5.560328e-03	5.078688e-03	2.680124e-02	-2.811682e-03	-4.628512e-02	-2.595424e-02	-2.033088e-02
166           	1.007656e-02	3.184580e-02	-2.176925e-02	-9.633520e-04	4.592296e-03	-5.555648e-03	5.073972e-03	2.680752e-02	-2.816295e-03	-4.629841e-02	-2.596550e-02	-2.033291e-02
167           	1.006801e-02	3.184728e-02	-2.177928e-02	-9.634285e-04	4.587658e-03	-5.551087e-03	5.069372e-03	2.681328e-02	-2.820556e-03	-4.631073e-02	-2.597592e-02	-2.033481e-02
168           	1.005966e-02	3.184836e-02	-2.178869e-02	-9.635089e-04	4.583132e-03	-5.546641e-03	5.064886e-03	2.681853e-02	-2.824477e-03	-4.632212e-02	-2.598554e-02	-2.033658e-02
169           	1.005152e-02	3.184903e-02	-2.179751e-02	-9.635929e-04	4.578713e-03	-5.542306e-03	5.060510e-03	2.682327e-02	-2.828063e-03	-4.633258e-02	-2.599435e-02	-2.033823e-02
170           	1.004357e-02	3.184934e-02	-2.180577e-02	-9.636800e-04	4.574403e-03	-5.538083e-03	5.056243e-03	2.682756e-02	-2.831342e-03	-4.634218e-02	-2.600243e-02	-2.033975e-02
171           	1.003582e-02	3.184931e-02	-2.181349e-02	-9.637696e-04	4.570198e-03	-5.533968e-03	5.052083e-03	2.683140e-02	-2.834329e-03	-4.635096e-02	-2.600981e-02	-2.034115e-02
172           	1.002825e-02	3.184895e-02	-2.182069e-02	-9.638616e-04	4.566098e-03	-5.529960e-03	5.048029e-03	2.683482e-02	-2.837038e-03	-4.635894e-02	-2.601651e-02	-2.034243e-02
173           	1.002088e-02	3.184827e-02	-2.182740e-02	-9.639557e-04	4.562099e-03	-5.526055e-03	5.044077e-03	2.683784e-02	-2.839482e-03	-4.636615e-02	-2.602256e-02	-2.034360e-02
174           	1.001368e-02	3.184731e-02	-2.183363e-02	-9.640515e-04	4.558199e-03	-5.522251e-03	5.040225e-03	2.684047e-02	-2.841672e-03	-4.637264e-02	-2.602799e-02	-2.034465e-02
175           	1.000666e-02	3.184607e-02	-2.183941e-02	-9.641488e-04	4.554397e-03	-5.518545e-03	5.036471e-03	2.684274e-02	-2.843622e-03	-4.637843e-02	-2.603284e-02	-2.034559e-02
176           	9.999810e-03	3.184457e-02	-2.184476e-02	-9.642473e-04	4.550689e-03	-5.514936e-03	5.032812e-03	2.684466e-02	-2.845343e-03	-4.638356e-02	-2.603712e-02	-2.034644e-02
177           	9.993131e-03	3.184282e-02	-2.184969e-02	-9.643469e-04	4.547074e-03	-5.511420e-03	5.029247e-03	2.684626e-02	-2.846847e-03	-4.638805e-02	-2.604087e-02	-2.034718e-02
178           	9.986617e-03	3.184085e-02	-2.185423e-02	-9.644472e-04	4.543549e-03	-5.507996e-03	5.025773e-03	2.684754e-02	-2.848146e-03	-4.639193e-02	-2.604411e-02	-2.034782e-02
179           	9.980265e-03	3.183866e-02	-2.185840e-02	-9.645480e-04	4.540114e-03	-5.504662e-03	5.022388e-03	2.684853e-02	-2.849254e-03	-4.639525e-02	-2.604688e-02	-2.034837e-02
180           	9.974071e-03	3.183628e-02	-2.186221e-02	-9.646492e-04	4.536765e-03	-5.501414e-03	5.019089e-03	2.684924e-02	-2.850181e-03	-4.639803e-02	-2.604920e-02	-2.034883e-02
181           	9.968032e-03	3.183371e-02	-2.186568e-02	-9.647504e-04	4.533501e-03	-5.498252e-03	5.015876e-03	2.684970e-02	-2.850940e-03	-4.640030e-02	-2.605109e-02	-2.034921e-02
182           	9.962144e-03	3.183098e-02	-2.186884e-02	-9.648514e-04	4.530321e-03	-5.495172e-03	5.012747e-03	2.684991e-02	-2.851543e-03	-4.640209e-02	-2.605259e-02	-2.034950e-02
183           	9.956405e-03	3.182810e-02	-2.187169e-02	-9.649521e-04	4.527222e-03	-5.492174e-03	5.009698e-03	2.684990e-02	-2.851999e-03	-4.640343e-02	-2.605371e-02	-2.034972e-02
184           	9.950811e-03	3.182507e-02	-2.187426e-02	-9.650522e-04	4.524203e-03	-5.489255e-03	5.006729e-03	2.684967e-02	-2.852321e-03	-4.640435e-02	-2.605450e-02	-2.034986e-02
185           	9.945359e-03	3.182193e-02	-2.187657e-02	-9.651516e-04	4.521262e-03	-5.486414e-03	5.003838e-03	2.684925e-02	-2.852518e-03	-4.640488e-02	-2.605496e-02	-2.034992e-02
186           	9.940046e-03	3.181866e-02	-2.187862e-02	-9.652501e-04	4.518398e-03	-5.483648e-03	5.001023e-03	2.684864e-02	-2.852601e-03	-4.640505e-02	-2.605513e-02	-2.034992e-02
187           	9.934868e-03	3.181530e-02	-2.188043e-02	-9.653477e-04	4.515607e-03	-5.480955e-03	4.998281e-03	2.684787e-02	-2.852576e-03	-4.640487e-02	-2.605501e-02	-2.034986e-02
188           	9.929823e-03	3.181185e-02	-2.188202e-02	-9.654441e-04	4.512890e-03	-5.478334e-03	4.995612e-03	2.684693e-02	-2.852454e-03	-4.640438e-02	-2.605464e-02	-2.034974e-02
189           	9.924907e-03	3.180831e-02	-2.188340e-02	-9.655393e-04	4.510244e-03	-5.475784e-03	4.993014e-03	2.684586e-02	-2.852242e-03	-4.640360e-02	-2.605404e-02	-2.034956e-02
190           	9.920118e-03	3.180471e-02	-2.188459e-02	-9.656332e-04	4.507668e-03	-5.473301e-03	4.990484e-03	2.684465e-02	-2.851947e-03	-4.640254e-02	-2.605322e-02	-2.034932e-02
191           	9.915453e-03	3.180104e-02	-2.188559e-02	-9.657258e-04	4.505159e-03	-5.470885e-03	4.988022e-03	2.684332e-02	-2.851577e-03	-4.640123e-02	-2.605219e-02	-2.034904e-02
192           	9.910908e-03	3.179733e-02	-2.188642e-02	-9.658168e-04	4.502717e-03	-5.468534e-03	4.985625e-03	2.684187e-02	-2.851138e-03	-4.639969e-02	-2.605099e-02	-2.034871e-02
193           	9.906476e-03	3.179355e-02	-2.188708e-02	-9.659070e-04	4.500337e-03	-5.466244e-03	4.983290e-03	2.684032e-02	-2.850628e-03	-4.639793e-02	-2.604959e-02	-2.034833e-02
194           	9.902161e-03	3.178975e-02	-2.188759e-02	-9.659953e-04	4.498021e-03	-5.464016e-03	4.981018e-03	2.683867e-02	-2.850065e-03	-4.639597e-02	-2.604805e-02	-2.034792e-02
195           	9.897961e-03	3.178592e-02	-2.188796e-02	-9.660817e-04	4.495768e-03	-5.461849e-03	4.978808e-03	2.683694e-02	-2.849453e-03	-4.639384e-02	-2.604638e-02	-2.034747e-02
196           	9.893873e-03	3.178208e-02	-2.188821e-02	-9.661662e-04	4.493576e-03	-5.459742e-03	4.976659e-03	2.683515e-02	-2.848798e-03	-4.639156e-02	-2.604458e-02	-2.034698e-02
197           	9.889894e-03	3.177823e-02	-2.188834e-02	-9.662488e-04	4.491443e-03	-5.457692e-03	4.974568e-03	2.683328e-02	-2.848103e-03	-4.638913e-02	-2.604267e-02	-2.034646e-02
198           	9.886020e-03	3.177437e-02	-2.188835e-02	-9.663295e-04	4.489369e-03	-5.455699e-03	4.972534e-03	2.683136e-02	-2.847371e-03	-4.638657e-02	-2.604066e-02	-2.034592e-02
199           	9.882249e-03	3.177050e-02	-2.188826e-02	-9.664084e-04	4.487351e-03	-5.453759e-03	4.970555e-03	2.682938e-02	-2.846603e-03	-4.638389e-02	-2.603855e-02	-2.034534e-02
200           	9.878578e-03	3.176664e-02	-2.188806e-02	-9.664855e-04	4.485387e-03	-5.451873e-03	4.968630e-03	2.682735e-02	-2.845802e-03	-4.638109e-02	-2.603635e-02	-2.034474e-02
201           	9.875005e-03	3.176278e-02	-2.188777e-02	-9.665608e-04	4.483477e-03	-5.450038e-03	4.966757e-03	2.682527e-02	-2.844973e-03	-4.637819e-02	-2.603407e-02	-2.034412e-02
202           	9.871526e-03	3.175892e-02	-2.188740e-02	-9.666343e-04	4.481619e-03	-5.448253e-03	4.964936e-03	2.682316e-02	-2.844116e-03	-4.637520e-02	-2.603172e-02	-2.034348e-02
203           	9.868140e-03	3.175508e-02	-2.188694e-02	-9.667061e-04	4.479811e-03	-5.446517e-03	4.963164e-03	2.682101e-02	-2.843237e-03	-4.637213e-02	-2.602930e-02	-2.034283e-02
204           	9.864845e-03	3.175125e-02	-2.188641e-02	-9.667760e-04	4.478053e-03	-5.444828e-03	4.961441e-03	2.681883e-02	-2.842338e-03	-4.636899e-02	-2.602683e-02	-2.034216e-02
205           	9.861638e-03	3.174745e-02	-2.188581e-02	-9.668441e-04	4.476342e-03	-5.443187e-03	4.959764e-03	2.681663e-02	-2.841422e-03	-4.636578e-02	-2.602431e-02	-2.034147e-02
206           	9.858518e-03	3.174367e-02	-2.188515e-02	-9.669103e-04	4.474680e-03	-5.441590e-03	4.958135e-03	2.681441e-02	-2.840493e-03	-4.636252e-02	-2.602175e-02	-2.034077e-02
207           	9.855482e-03	3.173991e-02	-2.188443e-02	-9.669748e-04	4.473063e-03	-5.440037e-03	4.956550e-03	2.681217e-02	-2.839553e-03	-4.635922e-02	-2.601916e-02	-2.034006e-02
208           	9.852530e-03	3.173619e-02	-2.188366e-02	-9.670373e-04	4.471491e-03	-5.438528e-03	4.955010e-03	2.680993e-02	-2.838605e-03	-4.635589e-02	-2.601655e-02	-2.033934e-02
209           	9.849658e-03	3.173251e-02	-2.188285e-02	-9.670980e-04	4.469963e-03	-5.437061e-03	4.953512e-03	2.680768e-02	-2.837652e-03	-4.635253e-02	-2.601391e-02	-2.033861e-02
210           	9.846865e-03	3.172886e-02	-2.188199e-02	-9.671569e-04	4.468478e-03	-5.435635e-03	4.952056e-03	2.680542e-02	-2.836695e-03	-4.634914e-02	-2.601127e-02	-2.033788e-02
211           	9.844149e-03	3.172524e-02	-2.188110e-02	-9.672140e-04	4.467035e-03	-5.434249e-03	4.950642e-03	2.680317e-02	-2.835735e-03	-4.634574e-02	-2.600861e-02	-2.033714e-02
212           	9.841508e-03	3.172167e-02	-2.188017e-02	-9.672694e-04	4.465632e-03	-5.432901e-03	4.949267e-03	2.680092e-02	-2.834775e-03	-4.634233e-02	-2.600594e-02	-2.033639e-02
213           	9.838941e-03	3.171814e-02	-2.187920e-02	-9.673229e-04	4.464269e-03	-5.431592e-03	4.947931e-03	2.679867e-02	-2.833815e-03	-4.633891e-02	-2.600327e-02	-2.033564e-02
214           	9.836446e-03	3.171466e-02	-2.187821e-02	-9.673748e-04	4.462946e-03	-5.430321e-03	4.946633e-03	2.679643e-02	-2.832857e-03	-4.633549e-02	-2.600060e-02	-2.033489e-02
215           	9.834022e-03	3.171121e-02	-2.187719e-02	-9.674249e-04	4.461660e-03	-5.429085e-03	4.945373e-03	2.679420e-02	-2.831900e-03	-4.633207e-02	-2.599794e-02	-2.033414e-02
216           	9.831667e-03	3.170781e-02	-2.187615e-02	-9.674733e-04	4.460412e-03	-5.427885e-03	4.944149e-03	2.679198e-02	-2.830946e-03	-4.632865e-02	-2.599527e-02	-2.033338e-02
217           	9.829378e-03	3.170446e-02	-2.187508e-02	-9.675200e-04	4.459200e-03	-5.426720e-03	4.942960e-03	2.678977e-02	-2.829995e-03	-4.632524e-02	-2.599262e-02	-2.033263e-02
218           	9.827154e-03	3.170115e-02	-2.187400e-02	-9.675653e-04	4.458022e-03	-5.425587e-03	4.941805e-03	2.678757e-02	-2.829050e-03	-4.632184e-02	-2.598997e-02	-2.033187e-02
219           	9.824992e-03	3.169789e-02	-2.187290e-02	-9.676090e-04	4.456878e-03	-5.424487e-03	4.940683e-03	2.678539e-02	-2.828110e-03	-4.631846e-02	-2.598734e-02	-2.033112e-02
220           	9.822886e-03	3.169466e-02	-2.187178e-02	-9.676520e-04	4.455765e-03	-5.423417e-03	4.939591e-03	2.678322e-02	-2.827173e-03	-4.631509e-02	-2.598472e-02	-2.033037e-02
221           	9.820842e-03	3.169149e-02	-2.187065e-02	-9.676933e-04	4.454684e-03	-5.422378e-03	4.938531e-03	2.678107e-02	-2.826244e-03	-4.631175e-02	-2.598212e-02	-2.032963e-02
222           	9.818860e-03	3.168838e-02	-2.186952e-02	-9.677328e-04	4.453637e-03	-5.421370e-03	4.937503e-03	2.677895e-02	-2.825326e-03	-4.630843e-02	-2.597954e-02	-2.032889e-02
223           	9.816936e-03	3.168531e-02	-2.186838e-02	-9.677706e-04	4.452621e-03	-5.420392e-03	4.936506e-03	2.677685e-02	-2.824417e-03	-4.630514e-02	-2.597699e-02	-2.032815e-02
224           	9.815071e-03	3.168230e-02	-2.186723e-02	-9.678068e-04	4.451636e-03	-5.419443e-03	4.935539e-03	2.677476e-02	-2.823517e-03	-4.630188e-02	-2.597446e-02	-2.032742e-02
225           	9.813260e-03	3.167934e-02	-2.186608e-02	-9.678416e-04	4.450681e-03	-5.418522e-03	4.934601e-03	2.677271e-02	-2.822626e-03	-4.629865e-02	-2.597195e-02	-2.032670e-02
226           	9.811504e-03	3.167642e-02	-2.186492e-02	-9.678750e-04	4.449754e-03	-5.417629e-03	4.933691e-03	2.677067e-02	-2.821741e-03	-4.629544e-02	-2.596946e-02	-2.032598e-02
227           	9.809799e-03	3.167355e-02	-2.186375e-02	-9.679072e-04	4.448855e-03	-5.416762e-03	4.932808e-03	2.676865e-02	-2.820864e-03	-4.629226e-02	-2.596699e-02	-2.032526e-02
228           	9.808144e-03	3.167072e-02	-2.186257e-02	-9.679383e-04	4.447982e-03	-5.415920e-03	4.931951e-03	2.676665e-02	-2.819993e-03	-4.628910e-02	-2.596454e-02	-2.032456e-02
229           	9.806537e-03	3.166793e-02	-2.186140e-02	-9.679684e-04	4.447136e-03	-5.415104e-03	4.931120e-03	2.676467e-02	-2.819129e-03	-4.628597e-02	-2.596211e-02	-2.032385e-02
230           	9.804978e-03	3.166519e-02	-2.186021e-02	-9.679974e-04	4.446315e-03	-5.414312e-03	4.930313e-03	2.676270e-02	-2.818272e-03	-4.628287e-02	-2.595970e-02	-2.032316e-02
231           	9.803466e-03	3.166249e-02	-2.185903e-02	-9.680253e-04	4.445518e-03	-5.413543e-03	4.929531e-03	2.676076e-02	-2.817422e-03	-4.627979e-02	-2.595732e-02	-2.032247e-02
232           	9.801999e-03	3.165984e-02	-2.185784e-02	-9.680522e-04	4.444746e-03	-5.412798e-03	4.928772e-03	2.675884e-02	-2.816579e-03	-4.627675e-02	-2.595495e-02	-2.032179e-02
233           	9.800577e-03	3.165723e-02	-2.185665e-02	-9.680780e-04	4.443998e-03	-5.412076e-03	4.928037e-03	2.675694e-02	-2.815745e-03	-4.627373e-02	-2.595261e-02	-2.032112e-02
234           	9.799199e-03	3.165467e-02	-2.185547e-02	-9.681026e-04	4.443273e-03	-5.411375e-03	4.927324e-03	2.675507e-02	-2.814920e-03	-4.627076e-02	-2.595030e-02	-2.032046e-02
235           	9.797863e-03	3.165215e-02	-2.185428e-02	-9.681262e-04	4.442570e-03	-5.410696e-03	4.926633e-03	2.675321e-02	-2.814103e-03	-4.626781e-02	-2.594801e-02	-2.031980e-02
236           	9.796569e-03	3.164967e-02	-2.185310e-02	-9.681488e-04	4.441890e-03	-5.410039e-03	4.925964e-03	2.675138e-02	-2.813293e-03	-4.626489e-02	-2.594574e-02	-2.031915e-02
237           	9.795316e-03	3.164723e-02	-2.185191e-02	-9.681706e-04	4.441231e-03	-5.409402e-03	4.925316e-03	2.674957e-02	-2.812491e-03	-4.626200e-02	-2.594349e-02	-2.031851e-02
238           	9.794103e-03	3.164483e-02	-2.185073e-02	-9.681914e-04	4.440593e-03	-5.408785e-03	4.924689e-03	2.674778e-02	-2.811697e-03	-4.625914e-02	-2.594127e-02	-2.031788e-02
239           	9.792928e-03	3.164247e-02	-2.184954e-02	-9.682113e-04	4.439976e-03	-5.408187e-03	4.924082e-03	2.674601e-02	-2.810910e-03	-4.625632e-02	-2.593907e-02	-2.031725e-02
240           	9.791791e-03	3.164015e-02	-2.184836e-02	-9.682304e-04	4.439379e-03	-5.407609e-03	4.923494e-03	2.674426e-02	-2.810132e-03	-4.625352e-02	-2.593689e-02	-2.031663e-02
241           	9.790690e-03	3.163788e-02	-2.184719e-02	-9.682486e-04	4.438801e-03	-5.407049e-03	4.922925e-03	2.674253e-02	-2.809362e-03	-4.625076e-02	-2.593474e-02	-2.031602e-02
242           	9.789617e-03	3.163563e-02	-2.184601e-02	-9.682666e-04	4.438237e-03	-5.406504e-03	4.922371e-03	2.674082e-02	-2.808595e-03	-4.624802e-02	-2.593260e-02	-2.031541e-02
243           	9.788582e-03	3.163342e-02	-2.184484e-02	-9.682836e-04	4.437694e-03	-5.405978e-03	4.921836e-03	2.673913e-02	-2.807840e-03	-4.624531e-02	-2.593050e-02	-2.031482e-02
244           	9.787583e-03	3.163127e-02	-2.184368e-02	-9.682997e-04	4.437170e-03	-5.405469e-03	4.921319e-03	2.673747e-02	-2.807097e-03	-4.624265e-02	-2.592842e-02	-2.031423e-02
245           	9.786620e-03	3.162915e-02	-2.184253e-02	-9.683149e-04	4.436664e-03	-5.404979e-03	4.920821e-03	2.673584e-02	-2.806365e-03	-4.624003e-02	-2.592638e-02	-2.031365e-02
246           	9.786261e-03	3.162797e-02	-2.184171e-02	-9.682944e-04	4.436476e-03	-5.404770e-03	4.920623e-03	2.673484e-02	-2.805989e-03	-4.623840e-02	-2.592519e-02	-2.031321e-02
247           	9.785970e-03	3.162728e-02	-2.184131e-02	-9.682510e-04	4.436325e-03	-5.404576e-03	4.920451e-03	2.673430e-02	-2.805862e-03	-4.623749e-02	-2.592461e-02	-2.031288e-02
248           	9.785701e-03	3.162686e-02	-2.184116e-02	-9.681982e-04	4.436187e-03	-5.404386e-03	4.920287e-03	2.673401e-02	-2.805870e-03	-4.623699e-02	-2.592437e-02	-2.031263e-02
249           	9.785415e-03	3.162650e-02	-2.184109e-02	-9.681476e-04	4.436042e-03	-5.404189e-03	4.920116e-03	2.673379e-02	-2.805905e-03	-4.623663e-02	-2.592422e-02	-2.031241e-02
250           	9.785083e-03	3.162605e-02	-2.184096e-02	-9.681078e-04	4.435872e-03	-5.403979e-03	4.919926e-03	2.673350e-02	-2.805878e-03	-4.623616e-02	-2.592396e-02	-2.031220e-02
251           	9.784696e-03	3.162542e-02	-2.184073e-02	-9.680826e-04	4.435672e-03	-5.403755e-03	4.919714e-03	2.673308e-02	-2.805750e-03	-4.623548e-02	-2.592349e-02	-2.031199e-02
252           	9.784254e-03	3.162460e-02	-2.184034e-02	-9.680727e-04	4.435443e-03	-5.403516e-03	4.919480e-03	2.673247e-02	-2.805503e-03	-4.623453e-02	-2.592277e-02	-2.031176e-02
253           	9.783767e-03	3.162357e-02	-2.183980e-02	-9.680760e-04	4.435190e-03	-5.403266e-03	4.919228e-03	2.673168e-02	-2.805137e-03	-4.623329e-02	-2.592178e-02	-2.031151e-02
254           	9.783251e-03	3.162237e-02	-2.183912e-02	-9.680887e-04	4.434922e-03	-5.403010e-03	4.918966e-03	2.673075e-02	-2.804672e-03	-4.623182e-02	-2.592058e-02	-2.031124e-02
255           	9.782724e-03	3.162108e-02	-2.183835e-02	-9.681065e-04	4.434647e-03	-5.402754e-03	4.918700e-03	2.672971e-02	-2.804141e-03	-4.623018e-02	-2.591923e-02	-2.031095e-02
256           	9.782207e-03	3.161973e-02	-2.183752e-02	-9.681251e-04	4.434376e-03	-5.402501e-03	4.918439e-03	2.672863e-02	-2.803578e-03	-4.622847e-02	-2.591781e-02	-2.031066e-02
257           	9.781712e-03	3.161840e-02	-2.183669e-02	-9.681410e-04	4.434117e-03	-5.402258e-03	4.918188e-03	2.672754e-02	-2.803015e-03	-4.622674e-02	-2.591639e-02	-2.031036e-02
258           	9.781248e-03	3.161712e-02	-2.183587e-02	-9.681521e-04	4.433874e-03	-5.402026e-03	4.917950e-03	2.672650e-02	-2.802476e-03	-4.622508e-02	-2.591501e-02	-2.031006e-02
259           	9.780819e-03	3.161592e-02	-2.183510e-02	-9.681577e-04	4.433649e-03	-5.401807e-03	4.917728e-03	2.672551e-02	-2.801978e-03	-4.622350e-02	-2.591373e-02	-2.030977e-02
260           	9.780423e-03	3.161481e-02	-2.183438e-02	-9.681581e-04	4.433441e-03	-5.401599e-03	4.917520e-03	2.672460e-02	-2.801528e-03	-4.622204e-02	-2.591255e-02	-2.030949e-02
261           	9.780053e-03	3.161378e-02	-2.183373e-02	-9.681545e-04	4.433246e-03	-5.401401e-03	4.917324e-03	2.672375e-02	-2.801124e-03	-4.622068e-02	-2.591146e-02	-2.030922e-02
262           	9.779703e-03	3.161282e-02	-2.183312e-02	-9.681483e-04	4.433062e-03	-5.401210e-03	4.917136e-03	2.672297e-02	-2.800759e-03	-4.621942e-02	-2.591047e-02	-2.030895e-02
263           	9.779363e-03	3.161192e-02	-2.183255e-02	-9.681411e-04	4.432883e-03	-5.401025e-03	4.916954e-03	2.672223e-02	-2.800425e-03	-4.621823e-02	-2.590954e-02	-2.030869e-02
264           	9.779028e-03	3.161104e-02	-2.183202e-02	-9.681344e-04	4.432707e-03	-5.400842e-03	4.916774e-03	2.672153e-02	-2.800110e-03	-4.621709e-02	-2.590866e-02	-2.030844e-02
265           	9.778692e-03	3.161019e-02	-2.183150e-02	-9.681292e-04	4.432531e-03	-5.400660e-03	4.916596e-03	2.672084e-02	-2.799804e-03	-4.621598e-02	-2.590779e-02	-2.030819e-02
266           	9.778354e-03	3.160933e-02	-2.183098e-02	-9.681258e-04	4.432353e-03	-5.400479e-03	4.916416e-03	2.672016e-02	-2.799499e-03	-4.621488e-02	-2.590694e-02	-2.030794e-02
267           	9.778012e-03	3.160847e-02	-2.183046e-02	-9.681245e-04	4.432174e-03	-5.400299e-03	4.916236e-03	2.671947e-02	-2.799188e-03	-4.621376e-02	-2.590607e-02	-2.030769e-02
268           	9.777669e-03	3.160760e-02	-2.182994e-02	-9.681249e-04	4.431994e-03	-5.400119e-03	4.916056e-03	2.671877e-02	-2.798869e-03	-4.621264e-02	-2.590519e-02	-2.030745e-02
269           	9.777327e-03	3.160673e-02	-2.182940e-02	-9.681266e-04	4.431814e-03	-5.399941e-03	4.915878e-03	2.671806e-02	-2.798542e-03	-4.621150e-02	-2.590429e-02	-2.030721e-02
270           	9.776989e-03	3.160584e-02	-2.182885e-02	-9.681291e-04	4.431637e-03	-5.399766e-03	4.915701e-03	2.671734e-02	-2.798207e-03	-4.621035e-02	-2.590338e-02	-2.030697e-02
271           	9.776657e-03	3.160495e-02	-2.182829e-02	-9.681318e-04	4.431462e-03	-5.399594e-03	4.915528e-03	2.671662e-02	-2.797868e-03	-4.620919e-02	-2.590246e-02	-2.030673e-02
272           	9.776334e-03	3.160407e-02	-2.182773e-02	-9.681344e-04	4.431292e-03	-5.399426e-03	4.915359e-03	2.671590e-02	-2.797527e-03	-4.620803e-02	-2.590154e-02	-2.030649e-02
273           	9.776020e-03	3.160319e-02	-2.182717e-02	-9.681366e-04	4.431126e-03	-5.399263e-03	4.915194e-03	2.671518e-02	-2.797187e-03	-4.620688e-02	-2.590063e-02	-2.030625e-02
274           	9.775716e-03	3.160234e-02	-2.182662e-02	-9.681379e-04	4.430966e-03	-5.399104e-03	4.915035e-03	2.671448e-02	-2.796859e-03	-4.620576e-02	-2.589974e-02	-2.030602e-02
275           	9.775421e-03	3.160150e-02	-2.182608e-02	-9.681389e-04	4.430810e-03	-5.398949e-03	4.914879e-03	2.671379e-02	-2.796533e-03	-4.620465e-02	-2.589886e-02	-2.030579e-02
276           	9.775135e-03	3.160067e-02	-2.182553e-02	-9.681398e-04	4.430659e-03	-5.398798e-03	4.914729e-03	2.671310e-02	-2.796211e-03	-4.620354e-02	-2.589798e-02	-2.030556e-02
277           	9.774856e-03	3.159984e-02	-2.182499e-02	-9.681405e-04	4.430511e-03	-5.398652e-03	4.914581e-03	2.671241e-02	-2.795892e-03	-4.620244e-02	-2.589711e-02	-2.030533e-02
278           	9.774583e-03	3.159903e-02	-2.182444e-02	-9.681414e-04	4.430367e-03	-5.398508e-03	4.914438e-03	2.671174e-02	-2.795576e-03	-4.620135e-02	-2.589625e-02	-2.030510e-02
279           	9.774317e-03	3.159822e-02	-2.182391e-02	-9.681424e-04	4.430226e-03	-5.398368e-03	4.914297e-03	2.671107e-02	-2.795264e-03	-4.620027e-02	-2.589540e-02	-2.030487e-02
280           	9.774055e-03	3.159743e-02	-2.182337e-02	-9.681437e-04	4.430087e-03	-5.398231e-03	4.914159e-03	2.671040e-02	-2.794956e-03	-4.619920e-02	-2.589455e-02	-2.030464e-02
281           	9.773798e-03	3.159664e-02	-2.182285e-02	-9.681453e-04	4.429951e-03	-5.398097e-03	4.914024e-03	2.670974e-02	-2.794650e-03	-4.619813e-02	-2.589372e-02	-2.030442e-02
282           	9.773545e-03	3.159587e-02	-2.182232e-02	-9.681472e-04	4.429817e-03	-5.397965e-03	4.913891e-03	2.670909e-02	-2.794347e-03	-4.619708e-02	-2.589289e-02	-2.030419e-02
283           	9.773297e-03	3.159510e-02	-2.182180e-02	-9.681493e-04	4.429686e-03	-5.397835e-03	4.913761e-03	2.670845e-02	-2.794046e-03	-4.619603e-02	-2.589206e-02	-2.030397e-02
284           	9.773054e-03	3.159434e-02	-2.182129e-02	-9.681516e-04	4.429557e-03	-5.397709e-03	4.913633e-03	2.670781e-02	-2.793747e-03	-4.619500e-02	-2.589124e-02	-2.030375e-02
285           	9.772816e-03	3.159359e-02	-2.182077e-02	-9.681540e-04	4.429431e-03	-5.397585e-03	4.913508e-03	2.670718e-02	-2.793451e-03	-4.619397e-02	-2.589043e-02	-2.030353e-02
286           	9.772583e-03	3.159285e-02	-2.182026e-02	-9.681565e-04	4.429307e-03	-5.397464e-03	4.913386e-03	2.670655e-02	-2.793156e-03	-4.619294e-02	-2.588963e-02	-2.030332e-02
287           	9.772355e-03	3.159211e-02	-2.181976e-02	-9.681591e-04	4.429187e-03	-5.397346e-03	4.913266e-03	2.670593e-02	-2.792864e-03	-4.619193e-02	-2.588883e-02	-2.030310e-02
288           	9.772133e-03	3.159138e-02	-2.181925e-02	-9.681617e-04	4.429069e-03	-5.397230e-03	4.913149e-03	2.670532e-02	-2.792573e-03	-4.619092e-02	-2.588803e-02	-2.030289e-02
289           	9.771916e-03	3.159066e-02	-2.181874e-02	-9.681644e-04	4.428953e-03	-5.397118e-03	4.913035e-03	2.670470e-02	-2.792284e-03	-4.618992e-02	-2.588724e-02	-2.030268e-02
290           	9.771705e-03	3.158995e-02	-2.181824e-02	-9.681671e-04	4.428841e-03	-5.397008e-03	4.912924e-03	2.670409e-02	-2.791997e-03	-4.618893e-02	-2.588646e-02	-2.030247e-02
291           	9.771498e-03	3.158924e-02	-2.181774e-02	-9.681699e-04	4.428730e-03	-5.396900e-03	4.912815e-03	2.670349e-02	-2.791712e-03	-4.618794e-02	-2.588568e-02	-2.030226e-02
292           	9.771296e-03	3.158854e-02	-2.181724e-02	-9.681728e-04	4.428623e-03	-5.396796e-03	4.912709e-03	2.670289e-02	-2.791429e-03	-4.618695e-02	-2.588491e-02	-2.030205e-02
293           	9.771099e-03	3.158784e-02	-2.181674e-02	-9.681757e-04	4.428518e-03	-5.396693e-03	4.912605e-03	2.670229e-02	-2.791148e-03	-4.618598e-02	-2.588414e-02	-2.030184e-02
294           	9.770906e-03	3.158715e-02	-2.181625e-02	-9.681788e-04	4.428415e-03	-5.396593e-03	4.912504e-03	2.670170e-02	-2.790868e-03	-4.618501e-02	-2.588337e-02	-2.030164e-02
295           	9.770718e-03	3.158647e-02	-2.181575e-02	-9.681819e-04	4.428314e-03	-5.396496e-03	4.912405e-03	2.670111e-02	-2.790591e-03	-4.618405e-02	-2.588261e-02	-2.030143e-02
296           	9.770534e-03	3.158579e-02	-2.181526e-02	-9.681850e-04	4.428216e-03	-5.396401e-03	4.912308e-03	2.670053e-02	-2.790315e-03	-4.618309e-02	-2.588186e-02	-2.030123e-02
297           	9.770354e-03	3.158513e-02	-2.181477e-02	-9.681883e-04	4.428120e-03	-5.396308e-03	4.912214e-03	2.669995e-02	-2.790041e-03	-4.618214e-02	-2.588111e-02	-2.030103e-02
298           	9.770178e-03	3.158446e-02	-2.181429e-02	-9.681916e-04	4.428026e-03	-5.396217e-03	4.912122e-03	2.669937e-02	-2.789769e-03	-4.618120e-02	-2.588037e-02	-2.030083e-02
299           	9.770007e-03	3.158381e-02	-2.181380e-02	-9.681949e-04	4.427934e-03	-5.396129e-03	4.912032e-03	2.669881e-02	-2.789498e-03	-4.618026e-02	-2.587963e-02	-2.030063e-02
300           	9.769840e-03	3.158316e-02	-2.181332e-02	-9.681983e-04	4.427845e-03	-5.396043e-03	4.911944e-03	2.669824e-02	-2.789229e-03	-4.617934e-02	-2.587890e-02	-2.030044e-02
301           	9.769677e-03	3.158252e-02	-2.181284e-02	-9.682017e-04	4.427757e-03	-5.395959e-03	4.911858e-03	2.669768e-02	-2.788962e-03	-4.617841e-02	-2.587817e-02	-2.030024e-02
302           	9.769518e-03	3.158188e-02	-2.181236e-02	-9.682051e-04	4.427672e-03	-5.395877e-03	4.911775e-03	2.669712e-02	-2.788697e-03	-4.617750e-02	-2.587745e-02	-2.030005e-02
303           	9.769363e-03	3.158125e-02	-2.181189e-02	-9.682085e-04	4.427589e-03	-5.395798e-03	4.911693e-03	2.669657e-02	-2.788434e-03	-4.617659e-02	-2.587673e-02	-2.029986e-02
304           	9.769213e-03	3.158063e-02	-2.181142e-02	-9.682119e-04	4.427508e-03	-5.395720e-03	4.911614e-03	2.669603e-02	-2.788172e-03	-4.617569e-02	-2.587602e-02	-2.029967e-02
305           	9.769066e-03	3.158002e-02	-2.181095e-02	-9.682153e-04	4.427429e-03	-5.395645e-03	4.911537e-03	2.669548e-02	-2.787913e-03	-4.617480e-02	-2.587531e-02	-2.029949e-02
306           	9.768923e-03	3.157941e-02	-2.181048e-02	-9.682188e-04	4.427352e-03	-5.395571e-03	4.911462e-03	2.669494e-02	-2.787655e-03	-4.617391e-02	-2.587461e-02	-2.029930e-02
307           	9.768784e-03	3.157880e-02	-2.181002e-02	-9.682222e-04	4.427277e-03	-5.395500e-03	4.911389e-03	2.669441e-02	-2.787400e-03	-4.617303e-02	-2.587391e-02	-2.029912e-02
308           	9.768649e-03	3.157821e-02	-2.180956e-02	-9.682256e-04	4.427204e-03	-5.395430e-03	4.911317e-03	2.669388e-02	-2.787146e-03	-4.617216e-02	-2.587322e-02	-2.029893e-02
309           	9.768517e-03	3.157762e-02	-2.180910e-02	-9.682290e-04	4.427133e-03	-5.395362e-03	4.911248e-03	2.669336e-02	-2.786894e-03	-4.617129e-02	-2.587254e-02	-2.029875e-02
310           	9.768389e-03	3.157703e-02	-2.180864e-02	-9.682325e-04	4.427064e-03	-5.395297e-03	4.911180e-03	2.669284e-02	-2.786645e-03	-4.617043e-02	-2.587186e-02	-2.029857e-02
311           	9.768265e-03	3.157646e-02	-2.180819e-02	-9.682359e-04	4.426997e-03	-5.395233e-03	4.911115e-03	2.669232e-02	-2.786397e-03	-4.616958e-02	-2.587119e-02	-2.029839e-02
312           	9.768144e-03	3.157588e-02	-2.180774e-02	-9.682393e-04	4.426931e-03	-5.395170e-03	4.911051e-03	2.669181e-02	-2.786151e-03	-4.616874e-02	-2.587052e-02	-2.029822e-02
313           	9.768027e-03	3.157535e-02	-2.180732e-02	-9.682421e-04	4.426868e-03	-5.395110e-03	4.910989e-03	2.669133e-02	-2.785922e-03	-4.616794e-02	-2.586989e-02	-2.029805e-02
314           	9.767913e-03	3.157481e-02	-2.180689e-02	-9.682451e-04	4.426806e-03	-5.395051e-03	4.910929e-03	2.669085e-02	-2.785689e-03	-4.616714e-02	-2.586926e-02	-2.029788e-02
315           	9.767803e-03	3.157426e-02	-2.180646e-02	-9.682482e-04	4.426746e-03	-5.394994e-03	4.910870e-03	2.669036e-02	-2.785452e-03	-4.616633e-02	-2.586862e-02	-2.029771e-02
316           	9.767694e-03	3.157371e-02	-2.180602e-02	-9.682515e-04	4.426687e-03	-5.394938e-03	4.910813e-03	2.668987e-02	-2.785212e-03	-4.616551e-02	-2.586797e-02	-2.029754e-02
317           	9.767589e-03	3.157316e-02	-2.180558e-02	-9.682550e-04	4.426629e-03	-5.394884e-03	4.910757e-03	2.668937e-02	-2.784971e-03	-4.616469e-02	-2.586732e-02	-2.029737e-02
318           	9.767487e-03	3.157262e-02	-2.180513e-02	-9.682585e-04	4.426574e-03	-5.394832e-03	4.910703e-03	2.668887e-02	-2.784729e-03	-4.616387e-02	-2.586666e-02	-2.029720e-02
319           	9.767364e-03	3.157199e-02	-2.180462e-02	-9.682668e-04	4.426508e-03	-5.394774e-03	4.910641e-03	2.668831e-02	-2.784415e-03	-4.616291e-02	-2.586587e-02	-2.029704e-02
320           	9.767255e-03	3.157144e-02	-2.180418e-02	-9.682724e-04	4.426449e-03	-5.394721e-03	4.910585e-03	2.668781e-02	-2.784152e-03	-4.616208e-02	-2.586519e-02	-2.029689e-02
321           	9.767157e-03	3.157093e-02	-2.180377e-02	-9.682765e-04	4.426395e-03	-5.394672e-03	4.910533e-03	2.668735e-02	-2.783916e-03	-4.616130e-02	-2.586457e-02	-2.029673e-02
322           	9.767070e-03	3.157044e-02	-2.180337e-02	-9.682792e-04	4.426347e-03	-5.394626e-03	4.910486e-03	2.668690e-02	-2.783702e-03	-4.616056e-02	-2.586398e-02	-2.029658e-02
323           	9.766990e-03	3.156996e-02	-2.180297e-02	-9.682809e-04	4.426303e-03	-5.394584e-03	4.910443e-03	2.668647e-02	-2.783501e-03	-4.615984e-02	-2.586342e-02	-2.029642e-02
324           	9.766896e-03	3.156944e-02	-2.180255e-02	-9.682859e-04	4.426251e-03	-5.394537e-03	4.910394e-03	2.668600e-02	-2.783251e-03	-4.615905e-02	-2.586278e-02	-2.029627e-02
325           	9.766812e-03	3.156896e-02	-2.180214e-02	-9.682893e-04	4.426205e-03	-5.394495e-03	4.910350e-03	2.668555e-02	-2.783027e-03	-4.615830e-02	-2.586218e-02	-2.029613e-02
326           	9.766739e-03	3.156849e-02	-2.180175e-02	-9.682914e-04	4.426164e-03	-5.394456e-03	4.910310e-03	2.668512e-02	-2.782824e-03	-4.615759e-02	-2.586162e-02	-2.029597e-02
327           	9.766652e-03	3.156798e-02	-2.180133e-02	-9.682964e-04	4.426117e-03	-5.394413e-03	4.910265e-03	2.668466e-02	-2.782575e-03	-4.615681e-02	-2.586098e-02	-2.029583e-02
328           	9.766577e-03	3.156751e-02	-2.180094e-02	-9.682996e-04	4.426075e-03	-5.394375e-03	4.910225e-03	2.668423e-02	-2.782357e-03	-4.615608e-02	-2.586040e-02	-2.029568e-02
329           	9.766492e-03	3.156701e-02	-2.180052e-02	-9.683052e-04	4.426028e-03	-5.394334e-03	4.910181e-03	2.668377e-02	-2.782103e-03	-4.615530e-02	-2.585975e-02	-2.029555e-02
330           	9.766421e-03	3.156655e-02	-2.180013e-02	-9.683083e-04	4.425989e-03	-5.394298e-03	4.910144e-03	2.668334e-02	-2.781890e-03	-4.615459e-02	-2.585919e-02	-2.029541e-02
331           	9.766364e-03	3.156613e-02	-2.179976e-02	-9.683096e-04	4.425957e-03	-5.394266e-03	4.910111e-03	2.668295e-02	-2.781706e-03	-4.615393e-02	-2.585867e-02	-2.029526e-02
332           	9.766296e-03	3.156566e-02	-2.179937e-02	-9.683133e-04	4.425919e-03	-5.394232e-03	4.910075e-03	2.668252e-02	-2.781484e-03	-4.615321e-02	-2.585809e-02	-2.029512e-02
333           	9.766219e-03	3.156518e-02	-2.179896e-02	-9.683189e-04	4.425877e-03	-5.394196e-03	4.910036e-03	2.668207e-02	-2.781231e-03	-4.615244e-02	-2.585745e-02	-2.029499e-02
334           	9.766160e-03	3.156475e-02	-2.179859e-02	-9.683216e-04	4.425843e-03	-5.394165e-03	4.910004e-03	2.668167e-02	-2.781029e-03	-4.615177e-02	-2.585691e-02	-2.029485e-02
335           	9.766115e-03	3.156435e-02	-2.179823e-02	-9.683222e-04	4.425817e-03	-5.394139e-03	4.909978e-03	2.668129e-02	-2.780861e-03	-4.615114e-02	-2.585643e-02	-2.029471e-02
336           	9.766061e-03	3.156392e-02	-2.179786e-02	-9.683250e-04	4.425786e-03	-5.394111e-03	4.909948e-03	2.668089e-02	-2.780657e-03	-4.615046e-02	-2.585589e-02	-2.029457e-02
337           	9.765998e-03	3.156346e-02	-2.179747e-02	-9.683294e-04	4.425751e-03	-5.394081e-03	4.909916e-03	2.668046e-02	-2.780424e-03	-4.614974e-02	-2.585529e-02	-2.029445e-02
338           	9.765930e-03	3.156300e-02	-2.179707e-02	-9.683351e-04	4.425714e-03	-5.394049e-03	4.909881e-03	2.668004e-02	-2.780174e-03	-4.614901e-02	-2.585468e-02	-2.029433e-02
339           	9.765883e-03	3.156260e-02	-2.179672e-02	-9.683374e-04	4.425687e-03	-5.394024e-03	4.909856e-03	2.667966e-02	-2.779986e-03	-4.614837e-02	-2.585417e-02	-2.029420e-02
340           	9.765831e-03	3.156219e-02	-2.179636e-02	-9.683409e-04	4.425658e-03	-5.393998e-03	4.909828e-03	2.667927e-02	-2.779777e-03	-4.614771e-02	-2.585363e-02	-2.029408e-02
341           	9.765798e-03	3.156182e-02	-2.179602e-02	-9.683415e-04	4.425637e-03	-5.393979e-03	4.909808e-03	2.667892e-02	-2.779619e-03	-4.614712e-02	-2.585318e-02	-2.029394e-02
342           	9.765759e-03	3.156143e-02	-2.179567e-02	-9.683436e-04	4.425614e-03	-5.393958e-03	4.909786e-03	2.667855e-02	-2.779435e-03	-4.614650e-02	-2.585268e-02	-2.029381e-02
343           	9.765713e-03	3.156103e-02	-2.179531e-02	-9.683468e-04	4.425588e-03	-5.393935e-03	4.909762e-03	2.667817e-02	-2.779229e-03	-4.614585e-02	-2.585215e-02	-2.029369e-02
344           	9.765665e-03	3.156061e-02	-2.179495e-02	-9.683509e-04	4.425561e-03	-5.393912e-03	4.909736e-03	2.667778e-02	-2.779010e-03	-4.614518e-02	-2.585160e-02	-2.029358e-02
345           	9.765615e-03	3.156020e-02	-2.179458e-02	-9.683555e-04	4.425533e-03	-5.393889e-03	4.909711e-03	2.667739e-02	-2.778784e-03	-4.614451e-02	-2.585104e-02	-2.029347e-02
346           	9.765589e-03	3.155985e-02	-2.179426e-02	-9.683564e-04	4.425517e-03	-5.393873e-03	4.909695e-03	2.667706e-02	-2.778627e-03	-4.614395e-02	-2.585060e-02	-2.029335e-02
347           	9.765559e-03	3.155949e-02	-2.179393e-02	-9.683581e-04	4.425498e-03	-5.393856e-03	4.909677e-03	2.667671e-02	-2.778453e-03	-4.614336e-02	-2.585013e-02	-2.029323e-02
348           	9.765526e-03	3.155912e-02	-2.179359e-02	-9.683606e-04	4.425479e-03	-5.393840e-03	4.909659e-03	2.667636e-02	-2.778266e-03	-4.614275e-02	-2.584964e-02	-2.029311e-02
349           	9.765492e-03	3.155875e-02	-2.179325e-02	-9.683636e-04	4.425459e-03	-5.393822e-03	4.909641e-03	2.667600e-02	-2.778071e-03	-4.614214e-02	-2.584914e-02	-2.029300e-02
350           	9.765457e-03	3.155837e-02	-2.179292e-02	-9.683669e-04	4.425439e-03	-5.393806e-03	4.909622e-03	2.667564e-02	-2.777872e-03	-4.614153e-02	-2.584864e-02	-2.029289e-02
351           	9.765446e-03	3.155806e-02	-2.179261e-02	-9.683666e-04	4.425430e-03	-5.393796e-03	4.909613e-03	2.667533e-02	-2.777739e-03	-4.614101e-02	-2.584824e-02	-2.029276e-02
352           	9.765430e-03	3.155773e-02	-2.179230e-02	-9.683673e-04	4.425419e-03	-5.393786e-03	4.909602e-03	2.667501e-02	-2.777589e-03	-4.614046e-02	-2.584782e-02	-2.029264e-02
353           	9.765411e-03	3.155739e-02	-2.179197e-02	-9.683687e-04	4.425406e-03	-5.393775e-03	4.909591e-03	2.667468e-02	-2.777423e-03	-4.613990e-02	-2.584737e-02	-2.029253e-02
354           	9.765390e-03	3.155704e-02	-2.179165e-02	-9.683708e-04	4.425393e-03	-5.393764e-03	4.909578e-03	2.667434e-02	-2.777246e-03	-4.613932e-02	-2.584691e-02	-2.029242e-02
355           	9.765367e-03	3.155669e-02	-2.179132e-02	-9.683733e-04	4.425379e-03	-5.393752e-03	4.909565e-03	2.667401e-02	-2.777060e-03	-4.613874e-02	-2.584643e-02	-2.029231e-02
356           	9.765343e-03	3.155634e-02	-2.179100e-02	-9.683761e-04	4.425364e-03	-5.393740e-03	4.909552e-03	2.667367e-02	-2.776872e-03	-4.613816e-02	-2.584595e-02	-2.029221e-02
357           	9.765320e-03	3.155600e-02	-2.179068e-02	-9.683789e-04	4.425350e-03	-5.393729e-03	4.909540e-03	2.667334e-02	-2.776683e-03	-4.613759e-02	-2.584548e-02	-2.029211e-02
358           	9.765299e-03	3.155567e-02	-2.179037e-02	-9.683817e-04	4.425337e-03	-5.393719e-03	4.909528e-03	2.667302e-02	-2.776498e-03	-4.613702e-02	-2.584501e-02	-2.029201e-02
359           	9.765280e-03	3.155534e-02	-2.179006e-02	-9.683843e-04	4.425325e-03	-5.393709e-03	4.909517e-03	2.667270e-02	-2.776318e-03	-4.613647e-02	-2.584455e-02	-2.029192e-02
360           	9.765263e-03	3.155502e-02	-2.178976e-02	-9.683865e-04	4.425314e-03	-5.393701e-03	4.909508e-03	2.667239e-02	-2.776145e-03	-4.613594e-02	-2.584411e-02	-2.029182e-02
361           	9.765250e-03	3.155471e-02	-2.178946e-02	-9.683885e-04	4.425305e-03	-5.393694e-03	4.909500e-03	2.667208e-02	-2.775979e-03	-4.613541e-02	-2.584369e-02	-2.029173e-02
362           	9.765240e-03	3.155441e-02	-2.178917e-02	-9.683901e-04	4.425298e-03	-5.393688e-03	4.909493e-03	2.667179e-02	-2.775820e-03	-4.613490e-02	-2.584327e-02	-2.029163e-02
363           	9.765233e-03	3.155411e-02	-2.178888e-02	-9.683915e-04	4.425292e-03	-5.393683e-03	4.909487e-03	2.667149e-02	-2.775668e-03	-4.613440e-02	-2.584287e-02	-2.029153e-02
364           	9.765228e-03	3.155382e-02	-2.178859e-02	-9.683925e-04	4.425287e-03	-5.393680e-03	4.909483e-03	2.667121e-02	-2.775520e-03	-4.613390e-02	-2.584247e-02	-2.029143e-02
365           	9.765227e-03	3.155354e-02	-2.178831e-02	-9.683934e-04	4.425284e-03	-5.393677e-03	4.909480e-03	2.667092e-02	-2.775377e-03	-4.613341e-02	-2.584208e-02	-2.029133e-02
366           	9.765227e-03	3.155325e-02	-2.178803e-02	-9.683941e-04	4.425281e-03	-5.393675e-03	4.909478e-03	2.667064e-02	-2.775237e-03	-4.613293e-02	-2.584170e-02	-2.029123e-02
367           	9.765229e-03	3.155297e-02	-2.178775e-02	-9.683946e-04	4.425280e-03	-5.393674e-03	4.909477e-03	2.667036e-02	-2.775098e-03	-4.613245e-02	-2.584132e-02	-2.029113e-02
368           	9.765232e-03	3.155270e-02	-2.178747e-02	-9.683951e-04	4.425279e-03	-5.393674e-03	4.909476e-03	2.667008e-02	-2.774961e-03	-4.613198e-02	-2.584095e-02	-2.029103e-02
369           	9.765236e-03	3.155243e-02	-2.178719e-02	-9.683956e-04	4.425279e-03	-5.393674e-03	4.909476e-03	2.666981e-02	-2.774825e-03	-4.613150e-02	-2.584058e-02	-2.029093e-02
370           	9.765241e-03	3.155215e-02	-2.178691e-02	-9.683961e-04	4.425279e-03	-5.393675e-03	4.909477e-03	2.666953e-02	-2.774688e-03	-4.613103e-02	-2.584020e-02	-2.029083e-02
371           	9.765247e-03	3.155189e-02	-2.178664e-02	-9.683967e-04	4.425279e-03	-5.393676e-03	4.909478e-03	2.666926e-02	-2.774551e-03	-4.613056e-02	-2.583983e-02	-2.029073e-02
372           	9.765253e-03	3.155162e-02	-2.178637e-02	-9.683973e-04	4.425280e-03	-5.393678e-03	4.909479e-03	2.666899e-02	-2.774414e-03	-4.613010e-02	-2.583946e-02	-2.029063e-02
373           	9.765260e-03	3.155135e-02	-2.178609e-02	-9.683979e-04	4.425281e-03	-5.393679e-03	4.909480e-03	2.666872e-02	-2.774277e-03	-4.612963e-02	-2.583909e-02	-2.029054e-02
374           	9.765267e-03	3.155109e-02	-2.178582e-02	-9.683985e-04	4.425283e-03	-5.393682e-03	4.909482e-03	2.666846e-02	-2.774139e-03	-4.612917e-02	-2.583873e-02	-2.029045e-02
375           	9.765275e-03	3.155083e-02	-2.178556e-02	-9.683992e-04	4.425285e-03	-5.393684e-03	4.909484e-03	2.666819e-02	-2.774002e-03	-4.612871e-02	-2.583836e-02	-2.029036e-02
376           	9.765283e-03	3.155057e-02	-2.178529e-02	-9.683999e-04	4.425287e-03	-5.393687e-03	4.909487e-03	2.666793e-02	-2.773864e-03	-4.612826e-02	-2.583799e-02	-2.029027e-02
377           	9.765292e-03	3.155032e-02	-2.178503e-02	-9.684006e-04	4.425289e-03	-5.393690e-03	4.909490e-03	2.666767e-02	-2.773728e-03	-4.612781e-02	-2.583763e-02	-2.029018e-02
378           	9.765301e-03	3.155006e-02	-2.178476e-02	-9.684013e-04	4.425292e-03	-5.393694e-03	4.909493e-03	2.666741e-02	-2.773592e-03	-4.612736e-02	-2.583727e-02	-2.029009e-02
379           	9.765312e-03	3.154982e-02	-2.178450e-02	-9.684019e-04	4.425296e-03	-5.393698e-03	4.909497e-03	2.666716e-02	-2.773457e-03	-4.612692e-02	-2.583692e-02	-2.029000e-02
380           	9.765323e-03	3.154957e-02	-2.178425e-02	-9.684025e-04	4.425299e-03	-5.393702e-03	4.909501e-03	2.666691e-02	-2.773323e-03	-4.612648e-02	-2.583656e-02	-2.028992e-02
381           	9.765337e-03	3.154936e-02	-2.178403e-02	-9.684028e-04	4.425304e-03	-5.393707e-03	4.909506e-03	2.666670e-02	-2.773214e-03	-4.612612e-02	-2.583627e-02	-2.028984e-02
382           	9.765349e-03	3.154911e-02	-2.178376e-02	-9.684033e-04	4.425309e-03	-5.393712e-03	4.909511e-03	2.666644e-02	-2.773077e-03	-4.612567e-02	-2.583591e-02	-2.028976e-02
383           	9.765363e-03	3.154887e-02	-2.178350e-02	-9.684038e-04	4.425314e-03	-5.393718e-03	4.909516e-03	2.666618e-02	-2.772941e-03	-4.612522e-02	-2.583555e-02	-2.028967e-02
384           	9.765378e-03	3.154866e-02	-2.178328e-02	-9.684040e-04	4.425320e-03	-5.393724e-03	4.909522e-03	2.666597e-02	-2.772830e-03	-4.612486e-02	-2.583526e-02	-2.028960e-02
385           	9.765393e-03	3.154841e-02	-2.178302e-02	-9.684044e-04	4.425326e-03	-5.393730e-03	4.909528e-03	2.666571e-02	-2.772692e-03	-4.612441e-02	-2.583490e-02	-2.028951e-02
386           	9.765410e-03	3.154820e-02	-2.178279e-02	-9.684045e-04	4.425333e-03	-5.393737e-03	4.909535e-03	2.666550e-02	-2.772580e-03	-4.612403e-02	-2.583460e-02	-2.028944e-02
387           	9.765426e-03	3.154796e-02	-2.178253e-02	-9.684049e-04	4.425339e-03	-5.393744e-03	4.909541e-03	2.666524e-02	-2.772441e-03	-4.612358e-02	-2.583423e-02	-2.028935e-02
388           	9.765445e-03	3.154775e-02	-2.178231e-02	-9.684050e-04	4.425346e-03	-5.393751e-03	4.909549e-03	2.666503e-02	-2.772329e-03	-4.612321e-02	-2.583393e-02	-2.028928e-02
389           	9.765464e-03	3.154754e-02	-2.178208e-02	-9.684050e-04	4.425354e-03	-5.393759e-03	4.909557e-03	2.666481e-02	-2.772214e-03	-4.612283e-02	-2.583363e-02	-2.028920e-02
390           	9.765481e-03	3.154730e-02	-2.178182e-02	-9.684053e-04	4.425361e-03	-5.393767e-03	4.909564e-03	2.666456e-02	-2.772074e-03	-4.612238e-02	-2.583327e-02	-2.028912e-02
391           	9.765501e-03	3.154710e-02	-2.178159e-02	-9.684053e-04	4.425370e-03	-5.393775e-03	4.909573e-03	2.666434e-02	-2.771962e-03	-4.612201e-02	-2.583297e-02	-2.028905e-02
392           	9.765522e-03	3.154689e-02	-2.178137e-02	-9.684053e-04	4.425379e-03	-5.393784e-03	4.909581e-03	2.666413e-02	-2.771849e-03	-4.612164e-02	-2.583267e-02	-2.028897e-02
393           	9.765543e-03	3.154669e-02	-2.178115e-02	-9.684052e-04	4.425388e-03	-5.393793e-03	4.909590e-03	2.666392e-02	-2.771735e-03	-4.612127e-02	-2.583237e-02	-2.028890e-02
394           	9.765563e-03	3.154645e-02	-2.178089e-02	-9.684055e-04	4.425396e-03	-5.393801e-03	4.909599e-03	2.666367e-02	-2.771598e-03	-4.612083e-02	-2.583201e-02	-2.028882e-02
395           	9.765585e-03	3.154626e-02	-2.178068e-02	-9.684054e-04	4.425406e-03	-5.393811e-03	4.909608e-03	2.666347e-02	-2.771489e-03	-4.612048e-02	-2.583173e-02	-2.028875e-02
396           	9.765607e-03	3.154607e-02	-2.178046e-02	-9.684052e-04	4.425416e-03	-5.393821e-03	4.909618e-03	2.666327e-02	-2.771380e-03	-4.612012e-02	-2.583144e-02	-2.028868e-02
397           	9.765631e-03	3.154588e-02	-2.178025e-02	-9.684050e-04	4.425426e-03	-5.393831e-03	4.909628e-03	2.666307e-02	-2.771272e-03	-4.611977e-02	-2.583116e-02	-2.028861e-02
398           	9.765654e-03	3.154570e-02	-2.178004e-02	-9.684048e-04	4.425436e-03	-5.393841e-03	4.909639e-03	2.666287e-02	-2.771165e-03	-4.611942e-02	-2.583088e-02	-2.028855e-02
399           	9.765678e-03	3.154551e-02	-2.177983e-02	-9.684046e-04	4.425447e-03	-5.393851e-03	4.909649e-03	2.666267e-02	-2.771058e-03	-4.611907e-02	-2.583059e-02	-2.028848e-02
400           	9.765702e-03	3.154533e-02	-2.177962e-02	-9.684043e-04	4.425458e-03	-5.393862e-03	4.909660e-03	2.666247e-02	-2.770951e-03	-4.611873e-02	-2.583031e-02	-2.028841e-02
401           	9.765727e-03	3.154514e-02	-2.177942e-02	-9.684041e-04	4.425469e-03	-5.393873e-03	4.909671e-03	2.666228e-02	-2.770845e-03	-4.611838e-02	-2.583004e-02	-2.028835e-02
402           	9.765752e-03	3.154496e-02	-2.177921e-02	-9.684038e-04	4.425480e-03	-5.393884e-03	4.909682e-03	2.666209e-02	-2.770740e-03	-4.611804e-02	-2.582976e-02	-2.028828e-02
