# Force and moment coefficients
# dragDir     : (1.000000e+00 0.000000e+00 0.000000e+00)
# sideDir     : (0.000000e+00 0.000000e+00 -1.000000e+00)
# liftDir     : (0.000000e+00 1.000000e+00 0.000000e+00)
# rollAxis    : (1.000000e+00 0.000000e+00 0.000000e+00)
# pitchAxis   : (0.000000e+00 0.000000e+00 -1.000000e+00)
# yawAxis     : (0.000000e+00 1.000000e+00 0.000000e+00)
# magUInf     : 6.661800e+00
# lRef        : 1.499270e-01
# Aref        : 5.000000e-02
# CofR        : (3.750000e-02 0.000000e+00 0.000000e+00)
#
# Time        	Cd            	Cd(f)         	Cd(r)         	Cl            	Cl(f)         	Cl(r)         	CmPitch       	CmRoll        	CmYaw         	Cs            	Cs(f)         	Cs(r)         
1             	1.080428e-01	5.397455e-02	5.406828e-02	-1.294356e-04	-7.789279e-05	-5.154279e-05	-1.317500e-05	-4.686148e-05	2.845896e-02	8.002789e-03	3.246036e-02	-2.445757e-02
2             	8.333898e-02	4.160281e-02	4.173616e-02	9.366239e-06	-2.092241e-06	1.145848e-05	-6.775360e-06	-6.667377e-05	2.158741e-02	1.145934e-02	2.731708e-02	-1.585774e-02
3             	6.573667e-02	3.279651e-02	3.294017e-02	1.317788e-04	6.738767e-05	6.439116e-05	1.498258e-06	-7.183167e-05	1.688585e-02	1.219648e-02	2.298409e-02	-1.078761e-02
4             	5.143262e-02	2.565270e-02	2.577992e-02	2.070058e-04	1.129305e-04	9.407527e-05	9.427607e-06	-6.361211e-05	1.317413e-02	1.077417e-02	1.856122e-02	-7.787048e-03
5             	3.919819e-02	1.955292e-02	1.964527e-02	2.238466e-04	1.266466e-04	9.719999e-05	1.472332e-05	-4.617302e-05	1.002868e-02	7.978487e-03	1.401792e-02	-6.039432e-03
6             	2.897193e-02	1.446123e-02	1.451071e-02	1.865057e-04	1.094945e-04	7.701120e-05	1.624163e-05	-2.473868e-05	7.382073e-03	4.636222e-03	9.700184e-03	-5.063962e-03
7             	2.100632e-02	1.049856e-02	1.050775e-02	1.118467e-04	6.978754e-05	4.205917e-05	1.386418e-05	-4.594846e-06	5.284197e-03	1.459348e-03	6.013871e-03	-4.554523e-03
8             	1.545165e-02	7.735918e-03	7.715727e-03	2.321525e-05	1.999642e-05	3.218823e-06	8.388800e-06	1.009536e-05	3.779861e-03	-1.052727e-03	3.253498e-03	-4.306225e-03
9             	1.219003e-02	6.112074e-03	6.077960e-03	-5.688589e-05	-2.707974e-05	-2.980615e-05	1.363202e-06	1.705677e-05	2.855405e-03	-2.645469e-03	1.532671e-03	-4.178139e-03
10            	1.084748e-02	5.439768e-03	5.407711e-03	-1.114091e-04	-6.125194e-05	-5.015716e-05	-5.547387e-06	1.602853e-05	2.432728e-03	-3.289029e-03	7.882132e-04	-4.077242e-03
11            	1.088321e-02	5.450211e-03	5.433002e-03	-1.322599e-04	-7.694452e-05	-5.531541e-05	-1.081456e-05	8.604395e-06	2.386740e-03	-3.122733e-03	8.253733e-04	-3.948106e-03
12            	1.170279e-02	5.848761e-03	5.854027e-03	-1.196614e-04	-7.352278e-05	-4.613860e-05	-1.369209e-05	-2.633215e-06	2.572089e-03	-2.384773e-03	1.379703e-03	-3.764476e-03
13            	1.277968e-02	6.375020e-03	6.404658e-03	-8.100397e-05	-5.444038e-05	-2.656360e-05	-1.393839e-05	-1.481912e-05	2.852741e-03	-1.347766e-03	2.178858e-03	-3.526624e-03
14            	1.371438e-02	6.831770e-03	6.882606e-03	-2.788853e-05	-2.590353e-05	-1.984998e-06	-1.195927e-05	-2.541833e-05	3.119706e-03	-2.612330e-04	2.989090e-03	-3.250323e-03
15            	1.426891e-02	7.101764e-03	7.167144e-03	2.678875e-05	4.824843e-06	2.196390e-05	-8.569530e-06	-3.268999e-05	3.302049e-03	6.846813e-04	3.644389e-03	-2.959708e-03
16            	1.436020e-02	7.144325e-03	7.215872e-03	7.161368e-05	3.114008e-05	4.047360e-05	-4.666759e-06	-3.577391e-05	3.367810e-03	1.374926e-03	4.055273e-03	-2.680347e-03
17            	1.402808e-02	6.979318e-03	7.048761e-03	9.877106e-05	4.841071e-05	5.036035e-05	-9.748204e-07	-3.472164e-05	3.318080e-03	1.768251e-03	4.202206e-03	-2.433955e-03
18            	1.339228e-02	6.665676e-03	6.726600e-03	1.055563e-04	5.467072e-05	5.088559e-05	1.892561e-06	-3.046233e-05	3.177251e-03	1.883076e-03	4.118789e-03	-2.235713e-03
19            	1.260219e-02	6.276818e-03	6.325367e-03	9.356739e-05	5.055213e-05	4.301526e-05	3.768436e-06	-2.427455e-05	2.980918e-03	1.778177e-03	3.870006e-03	-2.091829e-03
20            	1.179555e-02	5.880196e-03	5.915359e-03	6.787901e-05	3.866003e-05	2.921898e-05	4.720524e-06	-1.758184e-05	2.765366e-03	1.532032e-03	3.531382e-03	-1.999349e-03
21            	1.107648e-02	5.526602e-03	5.549882e-03	3.543443e-05	2.267818e-05	1.275625e-05	4.960962e-06	-1.164014e-05	2.560844e-03	1.223941e-03	3.172814e-03	-1.948873e-03
22            	1.050415e-02	5.244771e-03	5.259383e-03	3.228626e-06	6.431658e-06	-3.203032e-06	4.817345e-06	-7.305863e-06	2.387542e-03	9.208255e-04	2.847955e-03	-1.927129e-03
23            	1.009422e-02	5.042167e-03	5.052054e-03	-2.312814e-05	-6.929116e-06	-1.619902e-05	4.634953e-06	-4.943557e-06	2.254776e-03	6.698879e-04	2.589720e-03	-1.919832e-03
24            	9.828082e-03	4.909592e-03	4.918490e-03	-4.025952e-05	-1.541259e-05	-2.484692e-05	4.717165e-06	-4.448958e-06	2.162381e-03	4.966775e-04	2.410719e-03	-1.914042e-03
25            	9.666690e-03	4.827985e-03	4.838705e-03	-4.725481e-05	-1.834527e-05	-2.890955e-05	5.282140e-06	-5.360262e-06	2.103558e-03	4.071838e-04	2.307149e-03	-1.899966e-03
26            	9.565611e-03	4.775746e-03	4.789865e-03	-4.526534e-05	-1.624794e-05	-2.901740e-05	6.384731e-06	-7.059665e-06	2.068334e-03	3.922617e-04	2.264464e-03	-1.872203e-03
27            	9.485845e-03	4.734022e-03	4.751823e-03	-3.695907e-05	-1.050237e-05	-2.645670e-05	7.977164e-06	-8.900527e-06	2.046403e-03	4.333940e-04	2.263100e-03	-1.829706e-03
28            	9.399748e-03	4.689524e-03	4.710225e-03	-2.567577e-05	-2.915510e-06	-2.276026e-05	9.922373e-06	-1.035045e-05	2.029081e-03	5.083816e-04	2.283272e-03	-1.774890e-03
29            	9.293257e-03	4.635550e-03	4.657706e-03	-1.461328e-05	4.714318e-06	-1.932760e-05	1.202096e-05	-1.107792e-05	2.010405e-03	5.959937e-04	2.308401e-03	-1.712408e-03
30            	9.164479e-03	4.571257e-03	4.593223e-03	-6.212938e-06	1.094302e-05	-1.715596e-05	1.404949e-05	-1.098307e-05	1.987335e-03	6.789972e-04	2.326834e-03	-1.647836e-03
31            	9.020074e-03	4.499880e-03	4.520194e-03	-1.866759e-06	1.488225e-05	-1.674901e-05	1.581563e-05	-1.015719e-05	1.959314e-03	7.457614e-04	2.332195e-03	-1.586433e-03
32            	8.870429e-03	4.426379e-03	4.444050e-03	-1.830459e-06	1.626022e-05	-1.809068e-05	1.717545e-05	-8.835202e-06	1.927418e-03	7.905763e-04	2.322706e-03	-1.532130e-03
33            	8.725793e-03	4.355585e-03	4.370208e-03	-5.423115e-06	1.534669e-05	-2.076981e-05	1.805825e-05	-7.311139e-06	1.893508e-03	8.128744e-04	2.299946e-03	-1.487071e-03
34            	8.593603e-03	4.290934e-03	4.302669e-03	-1.135142e-05	1.279717e-05	-2.414858e-05	1.847288e-05	-5.867788e-06	1.859507e-03	8.158576e-04	2.267435e-03	-1.451578e-03
35            	8.477220e-03	4.233894e-03	4.243327e-03	-1.811878e-05	9.448740e-06	-2.756752e-05	1.850813e-05	-4.716461e-06	1.826904e-03	8.049280e-04	2.229368e-03	-1.424440e-03
36            	8.376045e-03	4.184059e-03	4.191986e-03	-2.438400e-05	6.125315e-06	-3.050931e-05	1.831731e-05	-3.963190e-06	1.796544e-03	7.862124e-04	2.189650e-03	-1.403438e-03
37            	8.286584e-03	4.139683e-03	4.146901e-03	-2.920844e-05	3.485046e-06	-3.269349e-05	1.808927e-05	-3.608728e-06	1.768629e-03	7.653794e-04	2.151319e-03	-1.385939e-03
38            	8.204007e-03	4.098436e-03	4.105571e-03	-3.216826e-05	1.926380e-06	-3.409464e-05	1.801051e-05	-3.567935e-06	1.742887e-03	7.468508e-04	2.116313e-03	-1.369462e-03
39            	8.123703e-03	4.058152e-03	4.065551e-03	-3.334279e-05	1.565711e-06	-3.490850e-05	1.823710e-05	-3.699538e-06	1.718812e-03	7.334154e-04	2.085520e-03	-1.352104e-03
40            	8.042399e-03	4.017349e-03	4.025049e-03	-3.319209e-05	2.268564e-06	-3.546066e-05	1.886461e-05	-3.849840e-06	1.695874e-03	7.262174e-04	2.058982e-03	-1.332765e-03
41            	7.958694e-03	3.975461e-03	3.983234e-03	-3.238467e-05	3.724654e-06	-3.610932e-05	1.991699e-05	-3.886494e-06	1.673677e-03	7.250032e-04	2.036179e-03	-1.311175e-03
42            	7.873015e-03	3.932785e-03	3.940230e-03	-3.160791e-05	5.538777e-06	-3.714669e-05	2.134273e-05	-3.722257e-06	1.652030e-03	7.285451e-04	2.016302e-03	-1.287757e-03
43            	7.787137e-03	3.890242e-03	3.896896e-03	-3.140681e-05	7.320587e-06	-3.872740e-05	2.302399e-05	-3.327138e-06	1.630937e-03	7.350988e-04	1.998487e-03	-1.263388e-03
44            	7.703475e-03	3.849010e-03	3.854465e-03	-3.208265e-05	8.756450e-06	-4.083910e-05	2.479777e-05	-2.727720e-06	1.610543e-03	7.428354e-04	1.981961e-03	-1.239125e-03
45            	7.624343e-03	3.810177e-03	3.814166e-03	-3.366253e-05	9.652124e-06	-4.331465e-05	2.648339e-05	-1.994392e-06	1.591043e-03	7.501785e-04	1.966132e-03	-1.215954e-03
46            	7.551378e-03	3.774468e-03	3.776910e-03	-3.593810e-05	9.945993e-06	-4.588410e-05	2.791504e-05	-1.221240e-06	1.572604e-03	7.560168e-04	1.950613e-03	-1.194596e-03
47            	7.485230e-03	3.742112e-03	3.743118e-03	-3.854866e-05	9.695894e-06	-4.824455e-05	2.897022e-05	-5.032127e-07	1.555310e-03	7.597841e-04	1.935202e-03	-1.175418e-03
48            	7.425531e-03	3.712850e-03	3.712681e-03	-4.108403e-05	9.047275e-06	-5.013131e-05	2.958929e-05	8.440002e-08	1.539136e-03	7.614280e-04	1.919850e-03	-1.158422e-03
49            	7.371106e-03	3.686046e-03	3.685060e-03	-4.316373e-05	8.192454e-06	-5.135619e-05	2.977432e-05	4.930274e-07	1.523959e-03	7.612988e-04	1.904608e-03	-1.143310e-03
50            	7.320296e-03	3.660857e-03	3.659440e-03	-4.452469e-05	7.327861e-06	-5.185255e-05	2.959020e-05	7.082723e-07	1.509586e-03	7.599942e-04	1.889583e-03	-1.129589e-03
51            	7.271389e-03	3.636443e-03	3.634946e-03	-4.506278e-05	6.619751e-06	-5.168253e-05	2.915114e-05	7.487175e-07	1.495800e-03	7.581966e-04	1.874898e-03	-1.116702e-03
52            	7.222958e-03	3.612141e-03	3.610818e-03	-4.484402e-05	6.179978e-06	-5.102400e-05	2.860199e-05	6.614683e-07	1.482404e-03	7.565287e-04	1.860668e-03	-1.104140e-03
53            	7.174096e-03	3.587557e-03	3.586539e-03	-4.406989e-05	6.057317e-06	-5.012720e-05	2.809226e-05	5.091301e-07	1.469252e-03	7.554517e-04	1.846978e-03	-1.091526e-03
54            	7.124493e-03	3.562602e-03	3.561891e-03	-4.302442e-05	6.239174e-06	-4.926360e-05	2.775139e-05	3.556501e-07	1.456264e-03	7.552136e-04	1.833871e-03	-1.078657e-03
55            	7.074391e-03	3.537453e-03	3.536938e-03	-4.201523e-05	6.665241e-06	-4.868047e-05	2.767285e-05	2.575992e-07	1.443427e-03	7.558451e-04	1.821350e-03	-1.065505e-03
56            	7.024425e-03	3.512468e-03	3.511957e-03	-4.131522e-05	7.245163e-06	-4.856038e-05	2.790277e-05	2.554737e-07	1.430781e-03	7.571965e-04	1.809379e-03	-1.052183e-03
57            	6.975414e-03	3.488077e-03	3.487337e-03	-4.111894e-05	7.878122e-06	-4.899706e-05	2.843759e-05	3.697490e-07	1.418395e-03	7.589982e-04	1.797895e-03	-1.038896e-03
58            	6.928156e-03	3.464677e-03	3.463478e-03	-4.151228e-05	8.471157e-06	-4.998344e-05	2.922730e-05	5.995321e-07	1.406349e-03	7.609322e-04	1.786815e-03	-1.025883e-03
59            	6.883248e-03	3.442551e-03	3.440697e-03	-4.247371e-05	8.952819e-06	-5.142653e-05	3.018967e-05	9.270928e-07	1.394706e-03	7.626986e-04	1.776055e-03	-1.013357e-03
60            	6.840998e-03	3.421821e-03	3.419177e-03	-4.389001e-05	9.279970e-06	-5.316998e-05	3.122497e-05	1.322300e-06	1.383506e-03	7.640693e-04	1.765541e-03	-1.001472e-03
61            	6.801396e-03	3.402448e-03	3.398949e-03	-4.558543e-05	9.439914e-06	-5.502534e-05	3.223263e-05	1.749548e-06	1.372759e-03	7.649155e-04	1.755217e-03	-9.903012e-04
62            	6.764163e-03	3.384254e-03	3.379908e-03	-4.735451e-05	9.447018e-06	-5.680153e-05	3.312427e-05	2.172931e-06	1.362444e-03	7.652147e-04	1.745051e-03	-9.798366e-04
63            	6.728833e-03	3.366976e-03	3.361857e-03	-4.899280e-05	9.336072e-06	-5.832888e-05	3.383247e-05	2.559310e-06	1.352521e-03	7.650392e-04	1.735040e-03	-9.700012e-04
64            	6.694873e-03	3.350323e-03	3.344550e-03	-5.034365e-05	9.152320e-06	-5.949597e-05	3.432414e-05	2.886769e-06	1.342939e-03	7.645283e-04	1.725203e-03	-9.606744e-04
65            	6.661780e-03	3.334032e-03	3.327748e-03	-5.130475e-05	8.943719e-06	-6.024847e-05	3.459610e-05	3.142349e-06	1.333646e-03	7.638541e-04	1.715573e-03	-9.517185e-04
66            	6.629164e-03	3.317905e-03	3.311259e-03	-5.183966e-05	8.753433e-06	-6.059310e-05	3.467327e-05	3.322703e-06	1.324597e-03	7.631874e-04	1.706191e-03	-9.430036e-04
67            	6.596804e-03	3.301839e-03	3.294965e-03	-5.198182e-05	8.613499e-06	-6.059532e-05	3.460441e-05	3.436778e-06	1.315763e-03	7.626695e-04	1.697098e-03	-9.344284e-04
68            	6.564639e-03	3.285819e-03	3.278820e-03	-5.181353e-05	8.543060e-06	-6.035659e-05	3.444982e-05	3.499490e-06	1.307125e-03	7.623931e-04	1.688321e-03	-9.259284e-04
69            	6.532747e-03	3.269900e-03	3.262846e-03	-5.144302e-05	8.548436e-06	-5.999146e-05	3.426995e-05	3.526982e-06	1.298675e-03	7.623946e-04	1.679872e-03	-9.174775e-04
70            	6.501296e-03	3.254185e-03	3.247111e-03	-5.099242e-05	8.624221e-06	-5.961664e-05	3.412043e-05	3.537455e-06	1.290413e-03	7.626576e-04	1.671741e-03	-9.090838e-04
71            	6.470493e-03	3.238794e-03	3.231699e-03	-5.057529e-05	8.756458e-06	-5.933175e-05	3.404411e-05	3.547460e-06	1.282341e-03	7.631243e-04	1.663903e-03	-9.007791e-04
72            	6.440527e-03	3.223834e-03	3.216693e-03	-5.028252e-05	8.926410e-06	-5.920893e-05	3.406767e-05	3.570290e-06	1.274463e-03	7.637115e-04	1.656319e-03	-8.926071e-04
73            	6.411535e-03	3.209383e-03	3.202152e-03	-5.017266e-05	9.114217e-06	-5.928688e-05	3.420055e-05	3.615099e-06	1.266777e-03	7.643290e-04	1.648941e-03	-8.846124e-04
74            	6.383578e-03	3.195474e-03	3.188103e-03	-5.026599e-05	9.301991e-06	-5.956798e-05	3.443499e-05	3.685542e-06	1.259278e-03	7.648949e-04	1.641726e-03	-8.768310e-04
75            	6.356642e-03	3.182105e-03	3.174537e-03	-5.055784e-05	9.475353e-06	-6.003319e-05	3.475427e-05	3.783796e-06	1.251960e-03	7.653478e-04	1.634633e-03	-8.692856e-04
76            	6.330650e-03	3.169232e-03	3.161418e-03	-5.101348e-05	9.625004e-06	-6.063849e-05	3.513175e-05	3.907070e-06	1.244810e-03	7.656533e-04	1.627637e-03	-8.619838e-04
77            	6.305483e-03	3.156791e-03	3.148692e-03	-5.158061e-05	9.746688e-06	-6.132730e-05	3.553700e-05	4.049834e-06	1.237821e-03	7.658045e-04	1.620723e-03	-8.549187e-04
78            	6.281008e-03	3.144709e-03	3.136299e-03	-5.220003e-05	9.840488e-06	-6.204051e-05	3.594050e-05	4.205046e-06	1.230983e-03	7.658192e-04	1.613893e-03	-8.480735e-04
79            	6.257105e-03	3.132918e-03	3.124187e-03	-5.281482e-05	9.909718e-06	-6.272453e-05	3.631713e-05	4.365234e-06	1.224291e-03	7.657321e-04	1.607157e-03	-8.414252e-04
80            	6.233680e-03	3.121364e-03	3.112317e-03	-5.337792e-05	9.959622e-06	-6.333754e-05	3.664858e-05	4.523437e-06	1.217743e-03	7.655867e-04	1.600536e-03	-8.349498e-04
81            	6.210677e-03	3.110012e-03	3.100665e-03	-5.385620e-05	9.996177e-06	-6.385238e-05	3.692428e-05	4.673800e-06	1.211339e-03	7.654263e-04	1.594052e-03	-8.286255e-04
82            	6.188078e-03	3.098851e-03	3.089227e-03	-5.423202e-05	1.002510e-05	-6.425711e-05	3.714110e-05	4.811903e-06	1.205080e-03	7.652880e-04	1.587724e-03	-8.224359e-04
83            	6.165895e-03	3.087882e-03	3.078013e-03	-5.450177e-05	1.005103e-05	-6.455279e-05	3.730191e-05	4.934733e-06	1.198968e-03	7.651972e-04	1.581567e-03	-8.163698e-04
84            	6.144160e-03	3.077121e-03	3.067039e-03	-5.467364e-05	1.007718e-05	-6.475083e-05	3.741400e-05	5.040738e-06	1.193005e-03	7.651668e-04	1.575588e-03	-8.104215e-04
85            	6.122907e-03	3.066582e-03	3.056325e-03	-5.476046e-05	1.010573e-05	-6.486619e-05	3.748596e-05	5.128378e-06	1.187187e-03	7.651960e-04	1.569785e-03	-8.045887e-04
86            	6.102174e-03	3.056288e-03	3.045886e-03	-5.478986e-05	1.013686e-05	-6.492672e-05	3.753179e-05	5.201156e-06	1.181512e-03	7.652759e-04	1.564150e-03	-7.988737e-04
87            	6.081975e-03	3.046247e-03	3.035728e-03	-5.478030e-05	1.017053e-05	-6.495084e-05	3.756068e-05	5.259861e-06	1.175972e-03	7.653887e-04	1.558666e-03	-7.932775e-04
88            	6.062310e-03	3.036462e-03	3.025849e-03	-5.475055e-05	1.020598e-05	-6.495652e-05	3.758125e-05	5.306595e-06	1.170559e-03	7.655148e-04	1.553316e-03	-7.878012e-04
89            	6.043158e-03	3.026921e-03	3.016237e-03	-5.471175e-05	1.024242e-05	-6.495416e-05	3.759829e-05	5.342287e-06	1.165261e-03	7.656350e-04	1.548079e-03	-7.824437e-04
90            	6.024490e-03	3.017616e-03	3.006874e-03	-5.467813e-05	1.027898e-05	-6.495711e-05	3.761805e-05	5.371025e-06	1.160072e-03	7.657347e-04	1.542939e-03	-7.772042e-04
91            	6.006268e-03	3.008529e-03	2.997739e-03	-5.465484e-05	1.031523e-05	-6.497007e-05	3.764265e-05	5.395015e-06	1.154981e-03	7.658042e-04	1.537884e-03	-7.720793e-04
92            	5.988449e-03	2.999640e-03	2.988808e-03	-5.464250e-05	1.035100e-05	-6.499350e-05	3.767225e-05	5.415990e-06	1.149985e-03	7.658396e-04	1.532904e-03	-7.670648e-04
93            	5.970996e-03	2.990933e-03	2.980063e-03	-5.463886e-05	1.038619e-05	-6.502505e-05	3.770562e-05	5.435314e-06	1.145077e-03	7.658420e-04	1.527998e-03	-7.621560e-04
94            	5.953881e-03	2.982395e-03	2.971487e-03	-5.464014e-05	1.042070e-05	-6.506084e-05	3.774077e-05	5.454020e-06	1.140257e-03	7.658169e-04	1.523165e-03	-7.573486e-04
95            	5.937087e-03	2.974016e-03	2.963070e-03	-5.464230e-05	1.045454e-05	-6.509684e-05	3.777569e-05	5.472803e-06	1.135525e-03	7.657718e-04	1.518411e-03	-7.526389e-04
96            	5.920606e-03	2.965795e-03	2.954811e-03	-5.464132e-05	1.048775e-05	-6.512908e-05	3.780841e-05	5.491970e-06	1.130882e-03	7.657152e-04	1.513740e-03	-7.480244e-04
97            	5.904440e-03	2.957732e-03	2.946709e-03	-5.463404e-05	1.052026e-05	-6.515430e-05	3.783728e-05	5.511547e-06	1.126331e-03	7.656547e-04	1.509158e-03	-7.435032e-04
98            	5.888601e-03	2.949832e-03	2.938769e-03	-5.462027e-05	1.055184e-05	-6.517211e-05	3.786198e-05	5.531905e-06	1.121873e-03	7.655961e-04	1.504671e-03	-7.390748e-04
99            	5.873091e-03	2.942097e-03	2.930994e-03	-5.459551e-05	1.058165e-05	-6.517716e-05	3.787940e-05	5.551544e-06	1.117509e-03	7.655424e-04	1.500280e-03	-7.347373e-04
100           	5.857922e-03	2.934531e-03	2.923391e-03	-5.456002e-05	1.060947e-05	-6.516949e-05	3.788948e-05	5.570166e-06	1.113239e-03	7.654947e-04	1.495986e-03	-7.304914e-04
101           	5.843098e-03	2.927136e-03	2.915962e-03	-5.451327e-05	1.063480e-05	-6.514806e-05	3.789143e-05	5.586966e-06	1.109062e-03	7.654519e-04	1.491788e-03	-7.263365e-04
102           	5.828620e-03	2.919911e-03	2.908709e-03	-5.445518e-05	1.065710e-05	-6.511228e-05	3.788469e-05	5.601193e-06	1.104977e-03	7.654116e-04	1.487683e-03	-7.222714e-04
103           	5.814478e-03	2.912851e-03	2.901627e-03	-5.438568e-05	1.067601e-05	-6.506168e-05	3.786885e-05	5.612157e-06	1.100980e-03	7.653704e-04	1.483665e-03	-7.182945e-04
104           	5.800662e-03	2.905950e-03	2.894712e-03	-5.430447e-05	1.069140e-05	-6.499586e-05	3.784363e-05	5.619294e-06	1.097066e-03	7.653255e-04	1.479729e-03	-7.144036e-04
105           	5.787157e-03	2.899201e-03	2.887956e-03	-5.421126e-05	1.070345e-05	-6.491471e-05	3.780908e-05	5.622259e-06	1.093233e-03	7.652742e-04	1.475870e-03	-7.105960e-04
106           	5.773946e-03	2.892594e-03	2.881352e-03	-5.410560e-05	1.071269e-05	-6.481829e-05	3.776549e-05	5.620883e-06	1.089476e-03	7.652150e-04	1.472084e-03	-7.068687e-04
107           	5.761011e-03	2.886121e-03	2.874890e-03	-5.398953e-05	1.071939e-05	-6.470892e-05	3.771416e-05	5.615715e-06	1.085792e-03	7.651476e-04	1.468366e-03	-7.032185e-04
108           	5.748340e-03	2.879776e-03	2.868563e-03	-5.386152e-05	1.072454e-05	-6.458606e-05	3.765530e-05	5.606693e-06	1.082179e-03	7.650723e-04	1.464715e-03	-6.996431e-04
109           	5.735921e-03	2.873555e-03	2.862366e-03	-5.372286e-05	1.072868e-05	-6.445155e-05	3.759011e-05	5.594380e-06	1.078635e-03	7.649904e-04	1.461131e-03	-6.961402e-04
110           	5.723745e-03	2.867452e-03	2.856293e-03	-5.357546e-05	1.073227e-05	-6.430773e-05	3.752000e-05	5.579467e-06	1.075159e-03	7.649033e-04	1.457611e-03	-6.927077e-04
111           	5.711807e-03	2.861466e-03	2.850341e-03	-5.342143e-05	1.073570e-05	-6.415714e-05	3.744642e-05	5.562678e-06	1.071750e-03	7.648130e-04	1.454157e-03	-6.893440e-04
112           	5.700104e-03	2.855597e-03	2.844507e-03	-5.326300e-05	1.073919e-05	-6.400218e-05	3.737068e-05	5.544712e-06	1.068408e-03	7.647210e-04	1.450769e-03	-6.860476e-04
113           	5.688633e-03	2.849843e-03	2.838790e-03	-5.310220e-05	1.074279e-05	-6.384498e-05	3.729389e-05	5.526172e-06	1.065132e-03	7.646284e-04	1.447446e-03	-6.828175e-04
114           	5.677394e-03	2.844204e-03	2.833189e-03	-5.294103e-05	1.074651e-05	-6.368754e-05	3.721702e-05	5.507628e-06	1.061921e-03	7.645361e-04	1.444189e-03	-6.796529e-04
115           	5.666385e-03	2.838682e-03	2.827703e-03	-5.278114e-05	1.075019e-05	-6.353133e-05	3.714076e-05	5.489524e-06	1.058775e-03	7.644443e-04	1.440997e-03	-6.765529e-04
116           	5.655605e-03	2.833274e-03	2.822330e-03	-5.262372e-05	1.075363e-05	-6.337736e-05	3.706549e-05	5.472171e-06	1.055693e-03	7.643530e-04	1.437870e-03	-6.735167e-04
117           	5.645051e-03	2.827981e-03	2.817070e-03	-5.246935e-05	1.075669e-05	-6.322603e-05	3.699136e-05	5.455696e-06	1.052674e-03	7.642619e-04	1.434805e-03	-6.705436e-04
118           	5.634720e-03	2.822800e-03	2.811920e-03	-5.231828e-05	1.075920e-05	-6.307747e-05	3.691833e-05	5.440146e-06	1.049718e-03	7.641704e-04	1.431803e-03	-6.676324e-04
119           	5.624608e-03	2.817729e-03	2.806879e-03	-5.217054e-05	1.076099e-05	-6.293153e-05	3.684626e-05	5.425480e-06	1.046821e-03	7.640780e-04	1.428860e-03	-6.647821e-04
120           	5.614708e-03	2.812766e-03	2.801942e-03	-5.202595e-05	1.076200e-05	-6.278796e-05	3.677498e-05	5.411602e-06	1.043984e-03	7.639845e-04	1.425976e-03	-6.619916e-04
121           	5.605015e-03	2.807906e-03	2.797109e-03	-5.188434e-05	1.076224e-05	-6.264658e-05	3.670441e-05	5.398424e-06	1.041204e-03	7.638897e-04	1.423149e-03	-6.592594e-04
122           	5.595521e-03	2.803147e-03	2.792374e-03	-5.174700e-05	1.076130e-05	-6.250829e-05	3.663480e-05	5.386288e-06	1.038481e-03	7.637935e-04	1.420377e-03	-6.565838e-04
123           	5.586223e-03	2.798486e-03	2.787737e-03	-5.161126e-05	1.075997e-05	-6.237123e-05	3.656560e-05	5.374426e-06	1.035812e-03	7.636961e-04	1.417660e-03	-6.539642e-04
124           	5.577114e-03	2.793920e-03	2.783194e-03	-5.147711e-05	1.075836e-05	-6.223547e-05	3.649691e-05	5.362814e-06	1.033198e-03	7.635979e-04	1.414997e-03	-6.513991e-04
125           	5.568192e-03	2.789447e-03	2.778744e-03	-5.134495e-05	1.075660e-05	-6.210155e-05	3.642908e-05	5.351522e-06	1.030637e-03	7.634993e-04	1.412387e-03	-6.488873e-04
126           	5.559450e-03	2.785066e-03	2.774385e-03	-5.121541e-05	1.075475e-05	-6.197016e-05	3.636246e-05	5.340689e-06	1.028128e-03	7.634007e-04	1.409828e-03	-6.464276e-04
127           	5.550886e-03	2.780773e-03	2.770112e-03	-5.108949e-05	1.075289e-05	-6.184238e-05	3.629764e-05	5.330519e-06	1.025670e-03	7.633025e-04	1.407321e-03	-6.440187e-04
128           	5.542495e-03	2.776568e-03	2.765926e-03	-5.096797e-05	1.075108e-05	-6.171905e-05	3.623507e-05	5.321142e-06	1.023262e-03	7.632051e-04	1.404865e-03	-6.416596e-04
129           	5.534274e-03	2.772449e-03	2.761824e-03	-5.085132e-05	1.074941e-05	-6.160073e-05	3.617507e-05	5.312602e-06	1.020903e-03	7.631086e-04	1.402458e-03	-6.393492e-04
130           	5.526219e-03	2.768415e-03	2.757805e-03	-5.073985e-05	1.074795e-05	-6.148780e-05	3.611787e-05	5.304928e-06	1.018593e-03	7.630131e-04	1.400100e-03	-6.370866e-04
131           	5.518330e-03	2.764463e-03	2.753867e-03	-5.063363e-05	1.074667e-05	-6.138030e-05	3.606348e-05	5.298101e-06	1.016330e-03	7.629188e-04	1.397790e-03	-6.348708e-04
132           	5.510601e-03	2.760592e-03	2.750008e-03	-5.053285e-05	1.074548e-05	-6.127833e-05	3.601190e-05	5.292139e-06	1.014114e-03	7.628255e-04	1.395527e-03	-6.327010e-04
133           	5.503030e-03	2.756802e-03	2.746228e-03	-5.043758e-05	1.074430e-05	-6.118187e-05	3.596308e-05	5.287051e-06	1.011943e-03	7.627333e-04	1.393310e-03	-6.305763e-04
134           	5.495615e-03	2.753090e-03	2.742525e-03	-5.034745e-05	1.074305e-05	-6.109050e-05	3.591678e-05	5.282756e-06	1.009817e-03	7.626421e-04	1.391138e-03	-6.284959e-04
135           	5.488351e-03	2.749455e-03	2.738896e-03	-5.026199e-05	1.074167e-05	-6.100366e-05	3.587267e-05	5.279159e-06	1.007735e-03	7.625518e-04	1.389011e-03	-6.264588e-04
136           	5.481237e-03	2.745894e-03	2.735342e-03	-5.018067e-05	1.074007e-05	-6.092074e-05	3.583040e-05	5.276146e-06	1.005695e-03	7.624623e-04	1.386927e-03	-6.244642e-04
137           	5.474268e-03	2.742407e-03	2.731860e-03	-5.010289e-05	1.073820e-05	-6.084109e-05	3.578965e-05	5.273583e-06	1.003698e-03	7.623738e-04	1.384885e-03	-6.225113e-04
138           	5.467441e-03	2.738992e-03	2.728449e-03	-5.002811e-05	1.073608e-05	-6.076419e-05	3.575013e-05	5.271367e-06	1.001742e-03	7.622861e-04	1.382885e-03	-6.205993e-04
139           	5.460755e-03	2.735647e-03	2.725108e-03	-4.995602e-05	1.073365e-05	-6.068967e-05	3.571166e-05	5.269417e-06	9.998269e-04	7.621994e-04	1.380927e-03	-6.187272e-04
140           	5.454205e-03	2.732370e-03	2.721835e-03	-4.988646e-05	1.073096e-05	-6.061742e-05	3.567419e-05	5.267675e-06	9.979512e-04	7.621137e-04	1.379008e-03	-6.168944e-04
141           	5.447789e-03	2.729160e-03	2.718628e-03	-4.981948e-05	1.072805e-05	-6.054754e-05	3.563780e-05	5.266108e-06	9.961144e-04	7.620291e-04	1.377129e-03	-6.150999e-04
142           	5.441502e-03	2.726016e-03	2.715485e-03	-4.975690e-05	1.072422e-05	-6.048112e-05	3.560267e-05	5.265318e-06	9.943152e-04	7.619457e-04	1.375288e-03	-6.133424e-04
143           	5.435344e-03	2.722936e-03	2.712407e-03	-4.969638e-05	1.072046e-05	-6.041684e-05	3.556865e-05	5.264414e-06	9.925536e-04	7.618635e-04	1.373485e-03	-6.116218e-04
144           	5.429313e-03	2.719920e-03	2.709393e-03	-4.963792e-05	1.071684e-05	-6.035476e-05	3.553580e-05	5.263352e-06	9.908288e-04	7.617827e-04	1.371720e-03	-6.099374e-04
145           	5.423405e-03	2.716965e-03	2.706441e-03	-4.958169e-05	1.071336e-05	-6.029505e-05	3.550420e-05	5.262157e-06	9.891400e-04	7.617033e-04	1.369992e-03	-6.082884e-04
146           	5.417619e-03	2.714071e-03	2.703549e-03	-4.952793e-05	1.071003e-05	-6.023796e-05	3.547399e-05	5.260884e-06	9.874866e-04	7.616253e-04	1.368299e-03	-6.066739e-04
147           	5.411952e-03	2.711236e-03	2.700717e-03	-4.947710e-05	1.070687e-05	-6.018397e-05	3.544542e-05	5.259648e-06	9.858676e-04	7.615488e-04	1.366642e-03	-6.050932e-04
148           	5.406401e-03	2.708459e-03	2.697942e-03	-4.942968e-05	1.070388e-05	-6.013356e-05	3.541872e-05	5.258559e-06	9.842824e-04	7.614736e-04	1.365019e-03	-6.035456e-04
149           	5.400964e-03	2.705740e-03	2.695224e-03	-4.938620e-05	1.070107e-05	-6.008727e-05	3.539417e-05	5.257749e-06	9.827303e-04	7.613998e-04	1.363430e-03	-6.020304e-04
150           	5.395638e-03	2.703076e-03	2.692562e-03	-4.934690e-05	1.069850e-05	-6.004540e-05	3.537195e-05	5.257300e-06	9.812104e-04	7.613273e-04	1.361874e-03	-6.005467e-04
151           	5.390421e-03	2.700468e-03	2.689953e-03	-4.931194e-05	1.069616e-05	-6.000810e-05	3.535213e-05	5.257267e-06	9.797222e-04	7.612562e-04	1.360350e-03	-5.990941e-04
152           	5.385311e-03	2.697913e-03	2.687398e-03	-4.928130e-05	1.069407e-05	-5.997537e-05	3.533472e-05	5.257673e-06	9.782649e-04	7.611863e-04	1.358858e-03	-5.976718e-04
153           	5.380306e-03	2.695412e-03	2.684895e-03	-4.925481e-05	1.069220e-05	-5.994700e-05	3.531960e-05	5.258510e-06	9.768380e-04	7.611176e-04	1.357397e-03	-5.962792e-04
154           	5.375404e-03	2.692962e-03	2.682442e-03	-4.923215e-05	1.069049e-05	-5.992264e-05	3.530656e-05	5.259720e-06	9.754407e-04	7.610501e-04	1.355966e-03	-5.949156e-04
155           	5.370602e-03	2.690562e-03	2.680040e-03	-4.921306e-05	1.068893e-05	-5.990199e-05	3.529546e-05	5.261254e-06	9.740725e-04	7.609839e-04	1.354564e-03	-5.935806e-04
156           	5.365899e-03	2.688213e-03	2.677686e-03	-4.919726e-05	1.068755e-05	-5.988481e-05	3.528618e-05	5.263060e-06	9.727328e-04	7.609188e-04	1.353192e-03	-5.922734e-04
157           	5.361293e-03	2.685912e-03	2.675381e-03	-4.918452e-05	1.068632e-05	-5.987083e-05	3.527857e-05	5.265105e-06	9.714211e-04	7.608550e-04	1.351849e-03	-5.909936e-04
158           	5.356782e-03	2.683658e-03	2.673124e-03	-4.917458e-05	1.068519e-05	-5.985977e-05	3.527248e-05	5.267357e-06	9.701366e-04	7.607923e-04	1.350533e-03	-5.897405e-04
159           	5.352364e-03	2.681452e-03	2.670912e-03	-4.916719e-05	1.068414e-05	-5.985133e-05	3.526774e-05	5.269784e-06	9.688790e-04	7.607308e-04	1.349244e-03	-5.885136e-04
160           	5.348037e-03	2.679291e-03	2.668746e-03	-4.916215e-05	1.068315e-05	-5.984529e-05	3.526422e-05	5.272371e-06	9.676477e-04	7.606705e-04	1.347983e-03	-5.873124e-04
161           	5.343800e-03	2.677175e-03	2.666625e-03	-4.915930e-05	1.068220e-05	-5.984150e-05	3.526185e-05	5.275111e-06	9.664420e-04	7.606113e-04	1.346748e-03	-5.861363e-04
162           	5.339651e-03	2.675103e-03	2.664547e-03	-4.915856e-05	1.068133e-05	-5.983989e-05	3.526061e-05	5.278007e-06	9.652615e-04	7.605533e-04	1.345538e-03	-5.849848e-04
163           	5.335587e-03	2.673075e-03	2.662513e-03	-4.915976e-05	1.068054e-05	-5.984030e-05	3.526042e-05	5.281037e-06	9.641056e-04	7.604964e-04	1.344354e-03	-5.838574e-04
164           	5.331608e-03	2.671088e-03	2.660520e-03	-4.916265e-05	1.067983e-05	-5.984248e-05	3.526116e-05	5.284159e-06	9.629739e-04	7.604405e-04	1.343194e-03	-5.827537e-04
165           	5.327712e-03	2.669143e-03	2.658569e-03	-4.916702e-05	1.067916e-05	-5.984618e-05	3.526267e-05	5.287359e-06	9.618658e-04	7.603857e-04	1.342059e-03	-5.816730e-04
166           	5.323896e-03	2.667239e-03	2.656657e-03	-4.917267e-05	1.067848e-05	-5.985115e-05	3.526481e-05	5.290627e-06	9.607808e-04	7.603319e-04	1.340947e-03	-5.806149e-04
167           	5.320160e-03	2.665374e-03	2.654786e-03	-4.917940e-05	1.067774e-05	-5.985714e-05	3.526744e-05	5.293938e-06	9.597185e-04	7.602791e-04	1.339858e-03	-5.795789e-04
168           	5.316502e-03	2.663548e-03	2.652954e-03	-4.918695e-05	1.067692e-05	-5.986387e-05	3.527040e-05	5.297238e-06	9.586783e-04	7.602272e-04	1.338792e-03	-5.785647e-04
169           	5.312919e-03	2.661760e-03	2.651159e-03	-4.919508e-05	1.067603e-05	-5.987112e-05	3.527358e-05	5.300476e-06	9.576598e-04	7.601762e-04	1.337748e-03	-5.775716e-04
170           	5.309412e-03	2.660009e-03	2.649402e-03	-4.920361e-05	1.067507e-05	-5.987868e-05	3.527687e-05	5.303609e-06	9.566625e-04	7.601262e-04	1.336726e-03	-5.765994e-04
171           	5.305974e-03	2.658294e-03	2.647680e-03	-4.921252e-05	1.067339e-05	-5.988592e-05	3.527966e-05	5.306973e-06	9.556854e-04	7.600771e-04	1.335724e-03	-5.756469e-04
172           	5.302610e-03	2.656615e-03	2.645995e-03	-4.922125e-05	1.067185e-05	-5.989310e-05	3.528247e-05	5.309957e-06	9.547290e-04	7.600288e-04	1.334743e-03	-5.747145e-04
173           	5.299316e-03	2.654971e-03	2.644346e-03	-4.922959e-05	1.067044e-05	-5.990003e-05	3.528523e-05	5.312495e-06	9.537926e-04	7.599814e-04	1.333783e-03	-5.738019e-04
174           	5.296092e-03	2.653361e-03	2.642732e-03	-4.923750e-05	1.066916e-05	-5.990667e-05	3.528791e-05	5.314587e-06	9.528760e-04	7.599349e-04	1.332843e-03	-5.729086e-04
175           	5.292936e-03	2.651784e-03	2.641152e-03	-4.924508e-05	1.066800e-05	-5.991309e-05	3.529054e-05	5.316287e-06	9.519786e-04	7.598892e-04	1.331923e-03	-5.720341e-04
176           	5.289847e-03	2.650241e-03	2.639606e-03	-4.925246e-05	1.066693e-05	-5.991939e-05	3.529316e-05	5.317671e-06	9.511001e-04	7.598443e-04	1.331022e-03	-5.711780e-04
177           	5.286822e-03	2.648730e-03	2.638092e-03	-4.925989e-05	1.066593e-05	-5.992582e-05	3.529588e-05	5.318845e-06	9.502400e-04	7.598002e-04	1.330140e-03	-5.703399e-04
178           	5.283861e-03	2.647250e-03	2.636610e-03	-4.926774e-05	1.066500e-05	-5.993274e-05	3.529887e-05	5.319933e-06	9.493978e-04	7.597569e-04	1.329276e-03	-5.695193e-04
179           	5.280961e-03	2.645802e-03	2.635160e-03	-4.927631e-05	1.066414e-05	-5.994045e-05	3.530229e-05	5.321033e-06	9.485732e-04	7.597144e-04	1.328430e-03	-5.687160e-04
180           	5.278123e-03	2.644384e-03	2.633739e-03	-4.928582e-05	1.066332e-05	-5.994914e-05	3.530623e-05	5.322204e-06	9.477659e-04	7.596726e-04	1.327602e-03	-5.679296e-04
181           	5.275343e-03	2.642995e-03	2.632348e-03	-4.929634e-05	1.066256e-05	-5.995890e-05	3.531073e-05	5.323463e-06	9.469754e-04	7.596316e-04	1.326791e-03	-5.671596e-04
182           	5.272623e-03	2.641636e-03	2.630986e-03	-4.930791e-05	1.066187e-05	-5.996978e-05	3.531582e-05	5.324820e-06	9.462013e-04	7.595913e-04	1.325997e-03	-5.664057e-04
183           	5.269959e-03	2.640306e-03	2.629653e-03	-4.932049e-05	1.066127e-05	-5.998176e-05	3.532152e-05	5.326268e-06	9.454435e-04	7.595517e-04	1.325219e-03	-5.656676e-04
184           	5.267351e-03	2.639003e-03	2.628348e-03	-4.933398e-05	1.066078e-05	-5.999476e-05	3.532777e-05	5.327787e-06	9.447014e-04	7.595127e-04	1.324458e-03	-5.649450e-04
185           	5.264798e-03	2.637728e-03	2.627069e-03	-4.934824e-05	1.066042e-05	-6.000866e-05	3.533454e-05	5.329356e-06	9.439748e-04	7.594745e-04	1.323712e-03	-5.642376e-04
186           	5.262298e-03	2.636480e-03	2.625818e-03	-4.936308e-05	1.066017e-05	-6.002325e-05	3.534171e-05	5.330944e-06	9.432634e-04	7.594369e-04	1.322982e-03	-5.635449e-04
187           	5.259851e-03	2.635258e-03	2.624593e-03	-4.937830e-05	1.066001e-05	-6.003831e-05	3.534916e-05	5.332509e-06	9.425668e-04	7.593999e-04	1.322267e-03	-5.628668e-04
188           	5.257456e-03	2.634062e-03	2.623394e-03	-4.939369e-05	1.065992e-05	-6.005361e-05	3.535676e-05	5.334015e-06	9.418847e-04	7.593636e-04	1.321567e-03	-5.622030e-04
189           	5.255112e-03	2.632891e-03	2.622220e-03	-4.940908e-05	1.065984e-05	-6.006892e-05	3.536438e-05	5.335433e-06	9.412169e-04	7.593278e-04	1.320881e-03	-5.615530e-04
190           	5.252817e-03	2.631745e-03	2.621072e-03	-4.942439e-05	1.065976e-05	-6.008415e-05	3.537196e-05	5.336760e-06	9.405630e-04	7.592926e-04	1.320209e-03	-5.609167e-04
191           	5.252009e-03	2.631337e-03	2.620672e-03	-4.942354e-05	1.065927e-05	-6.008280e-05	3.537103e-05	5.332498e-06	9.402968e-04	7.592630e-04	1.319928e-03	-5.606652e-04
192           	5.251402e-03	2.631028e-03	2.620374e-03	-4.941731e-05	1.065826e-05	-6.007558e-05	3.536692e-05	5.326785e-06	9.400711e-04	7.592352e-04	1.319689e-03	-5.604535e-04
193           	5.250849e-03	2.630746e-03	2.620103e-03	-4.941073e-05	1.065683e-05	-6.006756e-05	3.536219e-05	5.321607e-06	9.398552e-04	7.592062e-04	1.319458e-03	-5.602521e-04
194           	5.250227e-03	2.630431e-03	2.619795e-03	-4.940696e-05	1.065515e-05	-6.006211e-05	3.535863e-05	5.318100e-06	9.396227e-04	7.591738e-04	1.319210e-03	-5.600358e-04
195           	5.249444e-03	2.630037e-03	2.619407e-03	-4.940144e-05	1.065324e-05	-6.005469e-05	3.535397e-05	5.314599e-06	9.393553e-04	7.591374e-04	1.318924e-03	-5.597866e-04
196           	5.248472e-03	2.629551e-03	2.618921e-03	-4.940570e-05	1.065164e-05	-6.005735e-05	3.535449e-05	5.314953e-06	9.390468e-04	7.590956e-04	1.318595e-03	-5.594990e-04
197           	5.247312e-03	2.628973e-03	2.618338e-03	-4.941428e-05	1.064979e-05	-6.006408e-05	3.535694e-05	5.317698e-06	9.386985e-04	7.590498e-04	1.318223e-03	-5.591736e-04
198           	5.246019e-03	2.628335e-03	2.617684e-03	-4.943861e-05	1.064804e-05	-6.008665e-05	3.536735e-05	5.325656e-06	9.383229e-04	7.590006e-04	1.317823e-03	-5.588226e-04
199           	5.244643e-03	2.627656e-03	2.616987e-03	-4.946532e-05	1.064652e-05	-6.011184e-05	3.537918e-05	5.334069e-06	9.379316e-04	7.589518e-04	1.317408e-03	-5.584557e-04
200           	5.243241e-03	2.626959e-03	2.616282e-03	-4.948295e-05	1.064532e-05	-6.012828e-05	3.538680e-05	5.338841e-06	9.375382e-04	7.589062e-04	1.316991e-03	-5.580850e-04
201           	5.241870e-03	2.626275e-03	2.615596e-03	-4.949003e-05	1.064423e-05	-6.013427e-05	3.538925e-05	5.339347e-06	9.371549e-04	7.588651e-04	1.316587e-03	-5.577224e-04
202           	5.240572e-03	2.625622e-03	2.614950e-03	-4.948608e-05	1.064306e-05	-6.012914e-05	3.538610e-05	5.335618e-06	9.367906e-04	7.588288e-04	1.316205e-03	-5.573762e-04
203           	5.239367e-03	2.625012e-03	2.614355e-03	-4.947388e-05	1.064184e-05	-6.011572e-05	3.537878e-05	5.328795e-06	9.364494e-04	7.587971e-04	1.315848e-03	-5.570508e-04
204           	5.238256e-03	2.624447e-03	2.613809e-03	-4.945327e-05	1.064060e-05	-6.009387e-05	3.536723e-05	5.319069e-06	9.361311e-04	7.587699e-04	1.315516e-03	-5.567462e-04
205           	5.237230e-03	2.623924e-03	2.613306e-03	-4.943109e-05	1.063958e-05	-6.007067e-05	3.535512e-05	5.308836e-06	9.358328e-04	7.587453e-04	1.315205e-03	-5.564602e-04
206           	5.236268e-03	2.623434e-03	2.612834e-03	-4.941274e-05	1.063881e-05	-6.005155e-05	3.534518e-05	5.300157e-06	9.355493e-04	7.587216e-04	1.314910e-03	-5.561885e-04
207           	5.235345e-03	2.622967e-03	2.612378e-03	-4.940185e-05	1.063828e-05	-6.004013e-05	3.533921e-05	5.294455e-06	9.352746e-04	7.586975e-04	1.314623e-03	-5.559258e-04
208           	5.234436e-03	2.622510e-03	2.611926e-03	-4.939972e-05	1.063794e-05	-6.003766e-05	3.533780e-05	5.292237e-06	9.350030e-04	7.586721e-04	1.314339e-03	-5.556669e-04
209           	5.233524e-03	2.622055e-03	2.611469e-03	-4.940563e-05	1.063773e-05	-6.004336e-05	3.534055e-05	5.293203e-06	9.347303e-04	7.586451e-04	1.314053e-03	-5.554077e-04
210           	5.232594e-03	2.621594e-03	2.611001e-03	-4.941750e-05	1.063761e-05	-6.005510e-05	3.534636e-05	5.296503e-06	9.344540e-04	7.586167e-04	1.313762e-03	-5.551456e-04
211           	5.231645e-03	2.621123e-03	2.610521e-03	-4.943263e-05	1.063750e-05	-6.007013e-05	3.535381e-05	5.301019e-06	9.341735e-04	7.585874e-04	1.313467e-03	-5.548798e-04
212           	5.230677e-03	2.620644e-03	2.610033e-03	-4.944825e-05	1.063736e-05	-6.008562e-05	3.536149e-05	5.305617e-06	9.338898e-04	7.585580e-04	1.313169e-03	-5.546108e-04
213           	5.229698e-03	2.620158e-03	2.609540e-03	-4.946203e-05	1.063718e-05	-6.009921e-05	3.536819e-05	5.309343e-06	9.336047e-04	7.585291e-04	1.312869e-03	-5.543401e-04
214           	5.228717e-03	2.619670e-03	2.609047e-03	-4.947235e-05	1.063694e-05	-6.010929e-05	3.537311e-05	5.311552e-06	9.333204e-04	7.585015e-04	1.312571e-03	-5.540697e-04
215           	5.227742e-03	2.619183e-03	2.608559e-03	-4.947854e-05	1.063666e-05	-6.011519e-05	3.537593e-05	5.311986e-06	9.330390e-04	7.584754e-04	1.312277e-03	-5.538013e-04
216           	5.226782e-03	2.618702e-03	2.608080e-03	-4.948086e-05	1.063637e-05	-6.011722e-05	3.537680e-05	5.310761e-06	9.327622e-04	7.584511e-04	1.311988e-03	-5.535367e-04
217           	5.225842e-03	2.618229e-03	2.607613e-03	-4.948032e-05	1.063611e-05	-6.011643e-05	3.537627e-05	5.308299e-06	9.324911e-04	7.584283e-04	1.311705e-03	-5.532769e-04
218           	5.224923e-03	2.617767e-03	2.607157e-03	-4.947838e-05	1.063592e-05	-6.011430e-05	3.537511e-05	5.305199e-06	9.322259e-04	7.584069e-04	1.311429e-03	-5.530225e-04
219           	5.224027e-03	2.617315e-03	2.606711e-03	-4.947657e-05	1.063584e-05	-6.011241e-05	3.537413e-05	5.302099e-06	9.319664e-04	7.583864e-04	1.311160e-03	-5.527732e-04
220           	5.223149e-03	2.616874e-03	2.606275e-03	-4.947621e-05	1.063589e-05	-6.011210e-05	3.537400e-05	5.299547e-06	9.317120e-04	7.583664e-04	1.310895e-03	-5.525288e-04
221           	5.222288e-03	2.616442e-03	2.605846e-03	-4.947815e-05	1.063607e-05	-6.011422e-05	3.537514e-05	5.297909e-06	9.314617e-04	7.583466e-04	1.310635e-03	-5.522884e-04
222           	5.221439e-03	2.616017e-03	2.605422e-03	-4.948271e-05	1.063636e-05	-6.011906e-05	3.537771e-05	5.297332e-06	9.312146e-04	7.583267e-04	1.310378e-03	-5.520513e-04
223           	5.220600e-03	2.615598e-03	2.605002e-03	-4.948970e-05	1.063673e-05	-6.012643e-05	3.538158e-05	5.297758e-06	9.309701e-04	7.583066e-04	1.310123e-03	-5.518167e-04
224           	5.219767e-03	2.615182e-03	2.604584e-03	-4.949858e-05	1.063715e-05	-6.013573e-05	3.538644e-05	5.298976e-06	9.307274e-04	7.582865e-04	1.309871e-03	-5.515842e-04
225           	5.218939e-03	2.614770e-03	2.604169e-03	-4.950857e-05	1.063759e-05	-6.014615e-05	3.539187e-05	5.300681e-06	9.304865e-04	7.582663e-04	1.309620e-03	-5.513534e-04
226           	5.218117e-03	2.614361e-03	2.603756e-03	-4.951887e-05	1.063800e-05	-6.015687e-05	3.539744e-05	5.302556e-06	9.302473e-04	7.582462e-04	1.309370e-03	-5.511242e-04
227           	5.217300e-03	2.613954e-03	2.603346e-03	-4.952880e-05	1.063838e-05	-6.016718e-05	3.540278e-05	5.304322e-06	9.300100e-04	7.582264e-04	1.309123e-03	-5.508968e-04
228           	5.216489e-03	2.613550e-03	2.602939e-03	-4.953788e-05	1.063870e-05	-6.017659e-05	3.540764e-05	5.305785e-06	9.297749e-04	7.582070e-04	1.308878e-03	-5.506714e-04
229           	5.215687e-03	2.613150e-03	2.602537e-03	-4.954590e-05	1.063897e-05	-6.018487e-05	3.541192e-05	5.306848e-06	9.295423e-04	7.581881e-04	1.308636e-03	-5.504483e-04
230           	5.214893e-03	2.612754e-03	2.602139e-03	-4.955286e-05	1.063920e-05	-6.019206e-05	3.541563e-05	5.307511e-06	9.293125e-04	7.581698e-04	1.308397e-03	-5.502276e-04
231           	5.214110e-03	2.612363e-03	2.601747e-03	-4.955899e-05	1.063940e-05	-6.019838e-05	3.541889e-05	5.307849e-06	9.290857e-04	7.581520e-04	1.308162e-03	-5.500097e-04
232           	5.213337e-03	2.611976e-03	2.601360e-03	-4.956460e-05	1.063958e-05	-6.020418e-05	3.542188e-05	5.307987e-06	9.288620e-04	7.581348e-04	1.307929e-03	-5.497946e-04
233           	5.212574e-03	2.611595e-03	2.600979e-03	-4.957007e-05	1.063977e-05	-6.020984e-05	3.542481e-05	5.308065e-06	9.286413e-04	7.581181e-04	1.307700e-03	-5.495822e-04
234           	5.211822e-03	2.611219e-03	2.600603e-03	-4.957570e-05	1.063998e-05	-6.021568e-05	3.542783e-05	5.308210e-06	9.284235e-04	7.581017e-04	1.307474e-03	-5.493726e-04
235           	5.211080e-03	2.610849e-03	2.600232e-03	-4.958174e-05	1.064021e-05	-6.022196e-05	3.543109e-05	5.308516e-06	9.282085e-04	7.580857e-04	1.307251e-03	-5.491657e-04
236           	5.210347e-03	2.610483e-03	2.599865e-03	-4.958832e-05	1.064047e-05	-6.022879e-05	3.543463e-05	5.309036e-06	9.279962e-04	7.580699e-04	1.307031e-03	-5.489613e-04
237           	5.209623e-03	2.610121e-03	2.599502e-03	-4.959542e-05	1.064075e-05	-6.023617e-05	3.543846e-05	5.309777e-06	9.277864e-04	7.580543e-04	1.306814e-03	-5.487592e-04
238           	5.208907e-03	2.609764e-03	2.599143e-03	-4.960295e-05	1.064104e-05	-6.024399e-05	3.544251e-05	5.310707e-06	9.275789e-04	7.580390e-04	1.306598e-03	-5.485594e-04
239           	5.208199e-03	2.609411e-03	2.598788e-03	-4.961074e-05	1.064133e-05	-6.025206e-05	3.544669e-05	5.311768e-06	9.273736e-04	7.580238e-04	1.306386e-03	-5.483617e-04
240           	5.207495e-03	2.609061e-03	2.598434e-03	-4.961850e-05	1.064078e-05	-6.025927e-05	3.545003e-05	5.313264e-06	9.271698e-04	7.580087e-04	1.306174e-03	-5.481654e-04
241           	5.206800e-03	2.608715e-03	2.598086e-03	-4.962615e-05	1.064046e-05	-6.026661e-05	3.545353e-05	5.314617e-06	9.269684e-04	7.579939e-04	1.305965e-03	-5.479715e-04
242           	5.206114e-03	2.608373e-03	2.597741e-03	-4.963353e-05	1.064039e-05	-6.027393e-05	3.545716e-05	5.315755e-06	9.267695e-04	7.579794e-04	1.305759e-03	-5.477798e-04
243           	5.205435e-03	2.608034e-03	2.597401e-03	-4.964057e-05	1.064055e-05	-6.028113e-05	3.546084e-05	5.316659e-06	9.265731e-04	7.579653e-04	1.305556e-03	-5.475904e-04
244           	5.204764e-03	2.607700e-03	2.597065e-03	-4.964726e-05	1.064088e-05	-6.028814e-05	3.546451e-05	5.317352e-06	9.263791e-04	7.579516e-04	1.305355e-03	-5.474033e-04
245           	5.204102e-03	2.607369e-03	2.596733e-03	-4.965365e-05	1.064132e-05	-6.029497e-05	3.546815e-05	5.317897e-06	9.261875e-04	7.579382e-04	1.305157e-03	-5.472183e-04
246           	5.203447e-03	2.607042e-03	2.596405e-03	-4.965984e-05	1.064182e-05	-6.030165e-05	3.547173e-05	5.318372e-06	9.259982e-04	7.579252e-04	1.304961e-03	-5.470356e-04
247           	5.202801e-03	2.606719e-03	2.596082e-03	-4.966596e-05	1.064230e-05	-6.030826e-05	3.547528e-05	5.318858e-06	9.258112e-04	7.579126e-04	1.304768e-03	-5.468550e-04
248           	5.202162e-03	2.606400e-03	2.595762e-03	-4.967214e-05	1.064275e-05	-6.031489e-05	3.547882e-05	5.319431e-06	9.256266e-04	7.579002e-04	1.304577e-03	-5.466765e-04
249           	5.201531e-03	2.606086e-03	2.595445e-03	-4.967848e-05	1.064314e-05	-6.032163e-05	3.548238e-05	5.320145e-06	9.254441e-04	7.578880e-04	1.304388e-03	-5.465001e-04
250           	5.200907e-03	2.605775e-03	2.595133e-03	-4.968506e-05	1.064346e-05	-6.032852e-05	3.548599e-05	5.321026e-06	9.252638e-04	7.578762e-04	1.304202e-03	-5.463258e-04
251           	5.200291e-03	2.605468e-03	2.594824e-03	-4.969188e-05	1.064372e-05	-6.033560e-05	3.548966e-05	5.322078e-06	9.250857e-04	7.578645e-04	1.304018e-03	-5.461535e-04
252           	5.199682e-03	2.605164e-03	2.594518e-03	-4.969893e-05	1.064393e-05	-6.034286e-05	3.549339e-05	5.323280e-06	9.249097e-04	7.578531e-04	1.303836e-03	-5.459832e-04
253           	5.199081e-03	2.604865e-03	2.594216e-03	-4.970615e-05	1.064410e-05	-6.035025e-05	3.549718e-05	5.324598e-06	9.247358e-04	7.578419e-04	1.303657e-03	-5.458148e-04
254           	5.198486e-03	2.604569e-03	2.593917e-03	-4.971345e-05	1.064426e-05	-6.035771e-05	3.550099e-05	5.325987e-06	9.245639e-04	7.578310e-04	1.303479e-03	-5.456484e-04
255           	5.197898e-03	2.604277e-03	2.593622e-03	-4.972076e-05	1.064441e-05	-6.036517e-05	3.550479e-05	5.327403e-06	9.243941e-04	7.578203e-04	1.303304e-03	-5.454839e-04
256           	5.197317e-03	2.603987e-03	2.593330e-03	-4.972800e-05	1.064457e-05	-6.037257e-05	3.550857e-05	5.328809e-06	9.242262e-04	7.578099e-04	1.303131e-03	-5.453213e-04
257           	5.196743e-03	2.603702e-03	2.593041e-03	-4.973511e-05	1.064475e-05	-6.037985e-05	3.551230e-05	5.330177e-06	9.240604e-04	7.577998e-04	1.302960e-03	-5.451605e-04
258           	5.196175e-03	2.603419e-03	2.592756e-03	-4.974206e-05	1.064493e-05	-6.038699e-05	3.551596e-05	5.331496e-06	9.238965e-04	7.577899e-04	1.302791e-03	-5.450015e-04
259           	5.195614e-03	2.603140e-03	2.592474e-03	-4.974885e-05	1.064514e-05	-6.039399e-05	3.551956e-05	5.332765e-06	9.237345e-04	7.577803e-04	1.302625e-03	-5.448444e-04
260           	5.195060e-03	2.602864e-03	2.592196e-03	-4.975551e-05	1.064535e-05	-6.040086e-05	3.552310e-05	5.333993e-06	9.235745e-04	7.577710e-04	1.302460e-03	-5.446890e-04
261           	5.194512e-03	2.602591e-03	2.591921e-03	-4.976207e-05	1.064557e-05	-6.040764e-05	3.552660e-05	5.335196e-06	9.234164e-04	7.577620e-04	1.302297e-03	-5.445355e-04
262           	5.193970e-03	2.602322e-03	2.591649e-03	-4.976857e-05	1.064578e-05	-6.041435e-05	3.553007e-05	5.336393e-06	9.232603e-04	7.577532e-04	1.302137e-03	-5.443837e-04
263           	5.193435e-03	2.602055e-03	2.591380e-03	-4.977505e-05	1.064600e-05	-6.042105e-05	3.553352e-05	5.337602e-06	9.231060e-04	7.577446e-04	1.301978e-03	-5.442337e-04
264           	5.192907e-03	2.601792e-03	2.591115e-03	-4.978153e-05	1.064621e-05	-6.042774e-05	3.553697e-05	5.338837e-06	9.229537e-04	7.577363e-04	1.301822e-03	-5.440855e-04
265           	5.192385e-03	2.601532e-03	2.590852e-03	-4.978803e-05	1.064641e-05	-6.043445e-05	3.554043e-05	5.340107e-06	9.228032e-04	7.577282e-04	1.301667e-03	-5.439390e-04
266           	5.191869e-03	2.601276e-03	2.590593e-03	-4.979456e-05	1.064661e-05	-6.044117e-05	3.554389e-05	5.341413e-06	9.226545e-04	7.577203e-04	1.301515e-03	-5.437943e-04
267           	5.191359e-03	2.601022e-03	2.590337e-03	-4.980111e-05	1.064680e-05	-6.044791e-05	3.554736e-05	5.342752e-06	9.225076e-04	7.577127e-04	1.301364e-03	-5.436512e-04
268           	5.190855e-03	2.600772e-03	2.590084e-03	-4.980765e-05	1.064699e-05	-6.045464e-05	3.555081e-05	5.344116e-06	9.223625e-04	7.577052e-04	1.301215e-03	-5.435098e-04
269           	5.190358e-03	2.600524e-03	2.589833e-03	-4.981418e-05	1.064717e-05	-6.046134e-05	3.555426e-05	5.345497e-06	9.222191e-04	7.576980e-04	1.301068e-03	-5.433701e-04
270           	5.189866e-03	2.600280e-03	2.589586e-03	-4.982067e-05	1.064735e-05	-6.046802e-05	3.555768e-05	5.346884e-06	9.220775e-04	7.576909e-04	1.300923e-03	-5.432320e-04
271           	5.189380e-03	2.600038e-03	2.589342e-03	-4.982713e-05	1.064753e-05	-6.047466e-05	3.556109e-05	5.348271e-06	9.219375e-04	7.576841e-04	1.300780e-03	-5.430955e-04
272           	5.188900e-03	2.599800e-03	2.589100e-03	-4.983354e-05	1.064771e-05	-6.048125e-05	3.556448e-05	5.349650e-06	9.217993e-04	7.576775e-04	1.300638e-03	-5.429606e-04
273           	5.188425e-03	2.599564e-03	2.588862e-03	-4.983988e-05	1.064789e-05	-6.048777e-05	3.556783e-05	5.351013e-06	9.216627e-04	7.576710e-04	1.300498e-03	-5.428272e-04
274           	5.187956e-03	2.599331e-03	2.588626e-03	-4.984612e-05	1.064808e-05	-6.049420e-05	3.557114e-05	5.352354e-06	9.215278e-04	7.576648e-04	1.300360e-03	-5.426955e-04
275           	5.187493e-03	2.599100e-03	2.588393e-03	-4.985225e-05	1.064826e-05	-6.050051e-05	3.557438e-05	5.353668e-06	9.213945e-04	7.576587e-04	1.300224e-03	-5.425652e-04
276           	5.187036e-03	2.598873e-03	2.588163e-03	-4.985827e-05	1.064844e-05	-6.050670e-05	3.557757e-05	5.354955e-06	9.212629e-04	7.576528e-04	1.300089e-03	-5.424365e-04
277           	5.186583e-03	2.598648e-03	2.587935e-03	-4.986418e-05	1.064861e-05	-6.051279e-05	3.558070e-05	5.356219e-06	9.211328e-04	7.576471e-04	1.299956e-03	-5.423093e-04
278           	5.186137e-03	2.598426e-03	2.587711e-03	-4.986999e-05	1.064879e-05	-6.051878e-05	3.558378e-05	5.357463e-06	9.210043e-04	7.576416e-04	1.299825e-03	-5.421835e-04
279           	5.185695e-03	2.598206e-03	2.587489e-03	-4.987574e-05	1.064896e-05	-6.052469e-05	3.558683e-05	5.358693e-06	9.208774e-04	7.576362e-04	1.299695e-03	-5.420593e-04
280           	5.185259e-03	2.597989e-03	2.587270e-03	-4.988143e-05	1.064912e-05	-6.053055e-05	3.558984e-05	5.359915e-06	9.207520e-04	7.576310e-04	1.299567e-03	-5.419365e-04
281           	5.184828e-03	2.597775e-03	2.587053e-03	-4.988709e-05	1.064928e-05	-6.053637e-05	3.559283e-05	5.361131e-06	9.206281e-04	7.576260e-04	1.299441e-03	-5.418151e-04
282           	5.184403e-03	2.597564e-03	2.586839e-03	-4.989272e-05	1.064944e-05	-6.054216e-05	3.559580e-05	5.362346e-06	9.205057e-04	7.576211e-04	1.299316e-03	-5.416952e-04
283           	5.183982e-03	2.597355e-03	2.586627e-03	-4.989833e-05	1.064960e-05	-6.054793e-05	3.559876e-05	5.363561e-06	9.203848e-04	7.576164e-04	1.299193e-03	-5.415766e-04
284           	5.183567e-03	2.597148e-03	2.586418e-03	-4.990391e-05	1.064975e-05	-6.055366e-05	3.560170e-05	5.364774e-06	9.202654e-04	7.576118e-04	1.299071e-03	-5.414595e-04
285           	5.183156e-03	2.596944e-03	2.586212e-03	-4.990945e-05	1.064990e-05	-6.055935e-05	3.560462e-05	5.365985e-06	9.201475e-04	7.576074e-04	1.298951e-03	-5.413438e-04
286           	5.182750e-03	2.596742e-03	2.586008e-03	-4.991494e-05	1.065004e-05	-6.056498e-05	3.560751e-05	5.367189e-06	9.200309e-04	7.576031e-04	1.298832e-03	-5.412294e-04
287           	5.182350e-03	2.596543e-03	2.585807e-03	-4.992038e-05	1.065018e-05	-6.057056e-05	3.561037e-05	5.368386e-06	9.199158e-04	7.575990e-04	1.298715e-03	-5.411163e-04
288           	5.181954e-03	2.596347e-03	2.585607e-03	-4.992575e-05	1.065032e-05	-6.057608e-05	3.561320e-05	5.369575e-06	9.198021e-04	7.575950e-04	1.298600e-03	-5.410046e-04
289           	5.181563e-03	2.596152e-03	2.585411e-03	-4.993107e-05	1.065046e-05	-6.058153e-05	3.561600e-05	5.370755e-06	9.196897e-04	7.575912e-04	1.298485e-03	-5.408941e-04
290           	5.181177e-03	2.595960e-03	2.585216e-03	-4.993633e-05	1.065060e-05	-6.058693e-05	3.561876e-05	5.371924e-06	9.195788e-04	7.575875e-04	1.298373e-03	-5.407850e-04
291           	5.180795e-03	2.595771e-03	2.585024e-03	-4.994151e-05	1.065074e-05	-6.059225e-05	3.562149e-05	5.373081e-06	9.194692e-04	7.575839e-04	1.298261e-03	-5.406772e-04
292           	5.180418e-03	2.595583e-03	2.584835e-03	-4.994663e-05	1.065087e-05	-6.059750e-05	3.562418e-05	5.374226e-06	9.193609e-04	7.575805e-04	1.298151e-03	-5.405706e-04
293           	5.180045e-03	2.595398e-03	2.584647e-03	-4.995166e-05	1.065100e-05	-6.060266e-05	3.562683e-05	5.375357e-06	9.192539e-04	7.575772e-04	1.298042e-03	-5.404653e-04
294           	5.179677e-03	2.595215e-03	2.584462e-03	-4.995662e-05	1.065114e-05	-6.060775e-05	3.562944e-05	5.376476e-06	9.191482e-04	7.575740e-04	1.297935e-03	-5.403613e-04
295           	5.179314e-03	2.595034e-03	2.584279e-03	-4.996150e-05	1.065127e-05	-6.061276e-05	3.563202e-05	5.377582e-06	9.190439e-04	7.575709e-04	1.297829e-03	-5.402584e-04
296           	5.178955e-03	2.594856e-03	2.584099e-03	-4.996631e-05	1.065140e-05	-6.061770e-05	3.563455e-05	5.378676e-06	9.189408e-04	7.575679e-04	1.297725e-03	-5.401568e-04
297           	5.178600e-03	2.594680e-03	2.583920e-03	-4.997105e-05	1.065153e-05	-6.062257e-05	3.563705e-05	5.379758e-06	9.188389e-04	7.575651e-04	1.297621e-03	-5.400564e-04
298           	5.178249e-03	2.594506e-03	2.583744e-03	-4.997572e-05	1.065166e-05	-6.062738e-05	3.563952e-05	5.380828e-06	9.187383e-04	7.575624e-04	1.297520e-03	-5.399571e-04
299           	5.177903e-03	2.594333e-03	2.583570e-03	-4.998032e-05	1.065179e-05	-6.063211e-05	3.564195e-05	5.381883e-06	9.186389e-04	7.575598e-04	1.297419e-03	-5.398591e-04
300           	5.177561e-03	2.594164e-03	2.583398e-03	-4.998485e-05	1.065192e-05	-6.063677e-05	3.564434e-05	5.382923e-06	9.185408e-04	7.575572e-04	1.297319e-03	-5.397621e-04
301           	5.177223e-03	2.593996e-03	2.583228e-03	-4.998931e-05	1.065204e-05	-6.064136e-05	3.564670e-05	5.383947e-06	9.184438e-04	7.575548e-04	1.297221e-03	-5.396664e-04
302           	5.176890e-03	2.593830e-03	2.583060e-03	-4.999372e-05	1.065217e-05	-6.064589e-05	3.564903e-05	5.384955e-06	9.183480e-04	7.575525e-04	1.297124e-03	-5.395717e-04
303           	5.176560e-03	2.593666e-03	2.582894e-03	-4.999806e-05	1.065229e-05	-6.065035e-05	3.565132e-05	5.385948e-06	9.182534e-04	7.575503e-04	1.297029e-03	-5.394782e-04
304           	5.176234e-03	2.593504e-03	2.582730e-03	-5.000235e-05	1.065241e-05	-6.065476e-05	3.565359e-05	5.386925e-06	9.181599e-04	7.575482e-04	1.296934e-03	-5.393858e-04
305           	5.175912e-03	2.593344e-03	2.582568e-03	-5.000658e-05	1.065253e-05	-6.065912e-05	3.565582e-05	5.387886e-06	9.180676e-04	7.575462e-04	1.296841e-03	-5.392945e-04
306           	5.175595e-03	2.593186e-03	2.582408e-03	-5.001076e-05	1.065265e-05	-6.066341e-05	3.565803e-05	5.388832e-06	9.179764e-04	7.575443e-04	1.296748e-03	-5.392042e-04
307           	5.175281e-03	2.593030e-03	2.582251e-03	-5.001487e-05	1.065277e-05	-6.066764e-05	3.566020e-05	5.389761e-06	9.178863e-04	7.575424e-04	1.296657e-03	-5.391150e-04
308           	5.174970e-03	2.592876e-03	2.582095e-03	-5.001893e-05	1.065288e-05	-6.067181e-05	3.566235e-05	5.390674e-06	9.177973e-04	7.575407e-04	1.296568e-03	-5.390269e-04
309           	5.174664e-03	2.592724e-03	2.581940e-03	-5.002292e-05	1.065299e-05	-6.067592e-05	3.566446e-05	5.391572e-06	9.177093e-04	7.575390e-04	1.296479e-03	-5.389398e-04
310           	5.174361e-03	2.592573e-03	2.581788e-03	-5.002685e-05	1.065310e-05	-6.067996e-05	3.566653e-05	5.392451e-06	9.176225e-04	7.575374e-04	1.296391e-03	-5.388538e-04
311           	5.174062e-03	2.592425e-03	2.581638e-03	-5.003071e-05	1.065321e-05	-6.068392e-05	3.566857e-05	5.393313e-06	9.175367e-04	7.575359e-04	1.296305e-03	-5.387687e-04
312           	5.173767e-03	2.592278e-03	2.581489e-03	-5.003449e-05	1.065332e-05	-6.068781e-05	3.567057e-05	5.394156e-06	9.174520e-04	7.575345e-04	1.296219e-03	-5.386847e-04
313           	5.173475e-03	2.592133e-03	2.581343e-03	-5.003820e-05	1.065342e-05	-6.069162e-05	3.567252e-05	5.394979e-06	9.173682e-04	7.575332e-04	1.296135e-03	-5.386017e-04
314           	5.173187e-03	2.591989e-03	2.581198e-03	-5.004183e-05	1.065352e-05	-6.069536e-05	3.567444e-05	5.395782e-06	9.172856e-04	7.575319e-04	1.296052e-03	-5.385196e-04
315           	5.172903e-03	2.591848e-03	2.581055e-03	-5.004539e-05	1.065362e-05	-6.069901e-05	3.567632e-05	5.396565e-06	9.172039e-04	7.575307e-04	1.295969e-03	-5.384385e-04
316           	5.172621e-03	2.591708e-03	2.580913e-03	-5.004887e-05	1.065372e-05	-6.070259e-05	3.567815e-05	5.397330e-06	9.171232e-04	7.575296e-04	1.295888e-03	-5.383584e-04
317           	5.172344e-03	2.591570e-03	2.580774e-03	-5.005229e-05	1.065381e-05	-6.070610e-05	3.567996e-05	5.398077e-06	9.170435e-04	7.575285e-04	1.295808e-03	-5.382792e-04
318           	5.172068e-03	2.591433e-03	2.580635e-03	-5.005540e-05	1.065341e-05	-6.070881e-05	3.568111e-05	5.398939e-06	9.169641e-04	7.575273e-04	1.295728e-03	-5.382005e-04
319           	5.171795e-03	2.591297e-03	2.580498e-03	-5.005846e-05	1.065313e-05	-6.071159e-05	3.568236e-05	5.399727e-06	9.168859e-04	7.575263e-04	1.295649e-03	-5.381228e-04
320           	5.171527e-03	2.591164e-03	2.580363e-03	-5.006145e-05	1.065298e-05	-6.071443e-05	3.568370e-05	5.400416e-06	9.168088e-04	7.575253e-04	1.295571e-03	-5.380462e-04
321           	5.171264e-03	2.591033e-03	2.580231e-03	-5.006456e-05	1.065350e-05	-6.071806e-05	3.568578e-05	5.400818e-06	9.167334e-04	7.575247e-04	1.295496e-03	-5.379711e-04
322           	5.171002e-03	2.590902e-03	2.580099e-03	-5.006729e-05	1.065345e-05	-6.072074e-05	3.568710e-05	5.401361e-06	9.166583e-04	7.575239e-04	1.295420e-03	-5.378963e-04
323           	5.170743e-03	2.590773e-03	2.579970e-03	-5.006991e-05	1.065347e-05	-6.072339e-05	3.568843e-05	5.401841e-06	9.165841e-04	7.575232e-04	1.295346e-03	-5.378225e-04
324           	5.170488e-03	2.590646e-03	2.579842e-03	-5.007243e-05	1.065355e-05	-6.072598e-05	3.568977e-05	5.402267e-06	9.165109e-04	7.575226e-04	1.295272e-03	-5.377496e-04
325           	5.170236e-03	2.590521e-03	2.579715e-03	-5.007486e-05	1.065367e-05	-6.072853e-05	3.569110e-05	5.402653e-06	9.164386e-04	7.575221e-04	1.295200e-03	-5.376776e-04
326           	5.169988e-03	2.590397e-03	2.579591e-03	-5.007721e-05	1.065381e-05	-6.073102e-05	3.569241e-05	5.403020e-06	9.163673e-04	7.575217e-04	1.295128e-03	-5.376065e-04
327           	5.169742e-03	2.590274e-03	2.579468e-03	-5.007951e-05	1.065395e-05	-6.073347e-05	3.569371e-05	5.403385e-06	9.162969e-04	7.575213e-04	1.295057e-03	-5.375362e-04
328           	5.169500e-03	2.590154e-03	2.579346e-03	-5.008178e-05	1.065409e-05	-6.073587e-05	3.569498e-05	5.403766e-06	9.162273e-04	7.575209e-04	1.294988e-03	-5.374668e-04
329           	5.169260e-03	2.590034e-03	2.579226e-03	-5.008402e-05	1.065421e-05	-6.073823e-05	3.569622e-05	5.404174e-06	9.161586e-04	7.575206e-04	1.294919e-03	-5.373983e-04
330           	5.169024e-03	2.589917e-03	2.579107e-03	-5.008626e-05	1.065431e-05	-6.074057e-05	3.569744e-05	5.404616e-06	9.160907e-04	7.575203e-04	1.294851e-03	-5.373306e-04
331           	5.168790e-03	2.589800e-03	2.578990e-03	-5.008849e-05	1.065438e-05	-6.074287e-05	3.569862e-05	5.405089e-06	9.160237e-04	7.575200e-04	1.294784e-03	-5.372637e-04
332           	5.168560e-03	2.589685e-03	2.578874e-03	-5.009071e-05	1.065442e-05	-6.074513e-05	3.569977e-05	5.405588e-06	9.159574e-04	7.575198e-04	1.294717e-03	-5.371975e-04
333           	5.168332e-03	2.589572e-03	2.578760e-03	-5.009289e-05	1.065444e-05	-6.074733e-05	3.570089e-05	5.406102e-06	9.158920e-04	7.575196e-04	1.294652e-03	-5.371322e-04
334           	5.168107e-03	2.589460e-03	2.578647e-03	-5.009502e-05	1.065445e-05	-6.074947e-05	3.570196e-05	5.406616e-06	9.158274e-04	7.575195e-04	1.294587e-03	-5.370676e-04
335           	5.167884e-03	2.589349e-03	2.578535e-03	-5.009707e-05	1.065444e-05	-6.075151e-05	3.570298e-05	5.407117e-06	9.157635e-04	7.575194e-04	1.294523e-03	-5.370038e-04
336           	5.167664e-03	2.589240e-03	2.578425e-03	-5.009903e-05	1.065442e-05	-6.075346e-05	3.570394e-05	5.407589e-06	9.157004e-04	7.575194e-04	1.294460e-03	-5.369407e-04
337           	5.167447e-03	2.589132e-03	2.578316e-03	-5.010088e-05	1.065440e-05	-6.075528e-05	3.570484e-05	5.408024e-06	9.156380e-04	7.575194e-04	1.294398e-03	-5.368783e-04
338           	5.167233e-03	2.589025e-03	2.578208e-03	-5.010260e-05	1.065438e-05	-6.075698e-05	3.570568e-05	5.408413e-06	9.155764e-04	7.575195e-04	1.294336e-03	-5.368167e-04
339           	5.167021e-03	2.588919e-03	2.578102e-03	-5.010417e-05	1.065436e-05	-6.075853e-05	3.570644e-05	5.408754e-06	9.155156e-04	7.575196e-04	1.294275e-03	-5.367558e-04
340           	5.166811e-03	2.588815e-03	2.577997e-03	-5.010561e-05	1.065433e-05	-6.075995e-05	3.570714e-05	5.409049e-06	9.154555e-04	7.575197e-04	1.294215e-03	-5.366956e-04
341           	5.166604e-03	2.588712e-03	2.577893e-03	-5.010692e-05	1.065431e-05	-6.076123e-05	3.570777e-05	5.409303e-06	9.153961e-04	7.575199e-04	1.294156e-03	-5.366361e-04
342           	5.166400e-03	2.588610e-03	2.577791e-03	-5.010811e-05	1.065428e-05	-6.076239e-05	3.570833e-05	5.409523e-06	9.153375e-04	7.575202e-04	1.294098e-03	-5.365774e-04
343           	5.166198e-03	2.588509e-03	2.577689e-03	-5.010920e-05	1.065425e-05	-6.076345e-05	3.570885e-05	5.409718e-06	9.152795e-04	7.575205e-04	1.294040e-03	-5.365193e-04
344           	5.165999e-03	2.588409e-03	2.577590e-03	-5.011020e-05	1.065421e-05	-6.076441e-05	3.570931e-05	5.409894e-06	9.152223e-04	7.575208e-04	1.293983e-03	-5.364619e-04
345           	5.165799e-03	2.588310e-03	2.577489e-03	-5.011279e-05	1.065414e-05	-6.076694e-05	3.571054e-05	5.410534e-06	9.151653e-04	7.575206e-04	1.293926e-03	-5.364050e-04
346           	5.165602e-03	2.588212e-03	2.577390e-03	-5.011440e-05	1.065410e-05	-6.076850e-05	3.571130e-05	5.410901e-06	9.151087e-04	7.575200e-04	1.293869e-03	-5.363487e-04
347           	5.165408e-03	2.588115e-03	2.577293e-03	-5.011508e-05	1.065408e-05	-6.076916e-05	3.571162e-05	5.411008e-06	9.150533e-04	7.575202e-04	1.293813e-03	-5.362932e-04
348           	5.165219e-03	2.588020e-03	2.577198e-03	-5.011505e-05	1.065406e-05	-6.076911e-05	3.571158e-05	5.410920e-06	9.149990e-04	7.575212e-04	1.293760e-03	-5.362384e-04
349           	5.165032e-03	2.587927e-03	2.577105e-03	-5.011463e-05	1.065403e-05	-6.076866e-05	3.571134e-05	5.410727e-06	9.149457e-04	7.575226e-04	1.293707e-03	-5.361843e-04
350           	5.164849e-03	2.587835e-03	2.577014e-03	-5.011414e-05	1.065397e-05	-6.076811e-05	3.571104e-05	5.410522e-06	9.148932e-04	7.575243e-04	1.293655e-03	-5.361311e-04
351           	5.164664e-03	2.587743e-03	2.576921e-03	-5.011543e-05	1.065386e-05	-6.076929e-05	3.571158e-05	5.410835e-06	9.148409e-04	7.575253e-04	1.293604e-03	-5.360783e-04
352           	5.164480e-03	2.587651e-03	2.576828e-03	-5.011778e-05	1.065375e-05	-6.077153e-05	3.571264e-05	5.411459e-06	9.147885e-04	7.575252e-04	1.293551e-03	-5.360259e-04
353           	5.164300e-03	2.587561e-03	2.576738e-03	-5.011876e-05	1.065367e-05	-6.077243e-05	3.571305e-05	5.411692e-06	9.147366e-04	7.575250e-04	1.293499e-03	-5.359741e-04
354           	5.164123e-03	2.587473e-03	2.576650e-03	-5.011856e-05	1.065361e-05	-6.077217e-05	3.571289e-05	5.411585e-06	9.146861e-04	7.575260e-04	1.293449e-03	-5.359231e-04
355           	5.163951e-03	2.587387e-03	2.576564e-03	-5.011758e-05	1.065354e-05	-6.077113e-05	3.571234e-05	5.411252e-06	9.146368e-04	7.575278e-04	1.293401e-03	-5.358729e-04
356           	5.163781e-03	2.587301e-03	2.576480e-03	-5.011628e-05	1.065346e-05	-6.076975e-05	3.571161e-05	5.410829e-06	9.145883e-04	7.575299e-04	1.293353e-03	-5.358234e-04
357           	5.163611e-03	2.587216e-03	2.576395e-03	-5.011663e-05	1.065333e-05	-6.076996e-05	3.571164e-05	5.410885e-06	9.145402e-04	7.575316e-04	1.293306e-03	-5.357744e-04
358           	5.163441e-03	2.587132e-03	2.576309e-03	-5.011805e-05	1.065317e-05	-6.077123e-05	3.571220e-05	5.411260e-06	9.144917e-04	7.575320e-04	1.293258e-03	-5.357257e-04
359           	5.163275e-03	2.587049e-03	2.576226e-03	-5.011830e-05	1.065305e-05	-6.077134e-05	3.571220e-05	5.411295e-06	9.144438e-04	7.575324e-04	1.293210e-03	-5.356777e-04
360           	5.163112e-03	2.586967e-03	2.576145e-03	-5.011759e-05	1.065293e-05	-6.077052e-05	3.571173e-05	5.411053e-06	9.143971e-04	7.575335e-04	1.293164e-03	-5.356303e-04
361           	5.162949e-03	2.586885e-03	2.576063e-03	-5.011783e-05	1.065279e-05	-6.077062e-05	3.571170e-05	5.411091e-06	9.143508e-04	7.575346e-04	1.293118e-03	-5.355835e-04
362           	5.162789e-03	2.586805e-03	2.575984e-03	-5.011701e-05	1.065266e-05	-6.076967e-05	3.571117e-05	5.410820e-06	9.143051e-04	7.575357e-04	1.293073e-03	-5.355372e-04
363           	5.162630e-03	2.586726e-03	2.575904e-03	-5.011704e-05	1.065251e-05	-6.076955e-05	3.571103e-05	5.410798e-06	9.142598e-04	7.575368e-04	1.293028e-03	-5.354914e-04
364           	5.162475e-03	2.586648e-03	2.575827e-03	-5.011594e-05	1.065238e-05	-6.076832e-05	3.571035e-05	5.410448e-06	9.142152e-04	7.575379e-04	1.292984e-03	-5.354463e-04
365           	5.162319e-03	2.586570e-03	2.575749e-03	-5.011566e-05	1.065222e-05	-6.076788e-05	3.571005e-05	5.410336e-06	9.141711e-04	7.575391e-04	1.292941e-03	-5.354016e-04
366           	5.162168e-03	2.586494e-03	2.575674e-03	-5.011428e-05	1.065208e-05	-6.076636e-05	3.570922e-05	5.409900e-06	9.141277e-04	7.575404e-04	1.292898e-03	-5.353575e-04
367           	5.162017e-03	2.586418e-03	2.575599e-03	-5.011374e-05	1.065192e-05	-6.076566e-05	3.570879e-05	5.409711e-06	9.140847e-04	7.575418e-04	1.292856e-03	-5.353138e-04
368           	5.161866e-03	2.586343e-03	2.575523e-03	-5.011370e-05	1.065175e-05	-6.076544e-05	3.570860e-05	5.409667e-06	9.140419e-04	7.575426e-04	1.292813e-03	-5.352706e-04
369           	5.161720e-03	2.586269e-03	2.575451e-03	-5.011223e-05	1.065161e-05	-6.076384e-05	3.570772e-05	5.409203e-06	9.139999e-04	7.575438e-04	1.292772e-03	-5.352280e-04
370           	5.161577e-03	2.586197e-03	2.575380e-03	-5.010984e-05	1.065148e-05	-6.076131e-05	3.570640e-05	5.408463e-06	9.139591e-04	7.575460e-04	1.292732e-03	-5.351861e-04
371           	5.161434e-03	2.586125e-03	2.575309e-03	-5.010856e-05	1.065131e-05	-6.075987e-05	3.570559e-05	5.408054e-06	9.139187e-04	7.575481e-04	1.292693e-03	-5.351447e-04
372           	5.161292e-03	2.586054e-03	2.575238e-03	-5.010810e-05	1.065112e-05	-6.075923e-05	3.570517e-05	5.407891e-06	9.138783e-04	7.575493e-04	1.292653e-03	-5.351036e-04
373           	5.161150e-03	2.585983e-03	2.575167e-03	-5.010807e-05	1.065093e-05	-6.075900e-05	3.570497e-05	5.407853e-06	9.138379e-04	7.575500e-04	1.292613e-03	-5.350629e-04
374           	5.161010e-03	2.585913e-03	2.575097e-03	-5.010805e-05	1.065076e-05	-6.075881e-05	3.570478e-05	5.407821e-06	9.137978e-04	7.575505e-04	1.292573e-03	-5.350226e-04
375           	5.160874e-03	2.585844e-03	2.575030e-03	-5.010621e-05	1.065063e-05	-6.075684e-05	3.570373e-05	5.407248e-06	9.137588e-04	7.575517e-04	1.292535e-03	-5.349829e-04
376           	5.160742e-03	2.585777e-03	2.574965e-03	-5.010317e-05	1.065050e-05	-6.075368e-05	3.570209e-05	5.406315e-06	9.137210e-04	7.575541e-04	1.292498e-03	-5.349440e-04
377           	5.160610e-03	2.585711e-03	2.574899e-03	-5.010111e-05	1.065034e-05	-6.075145e-05	3.570090e-05	5.405673e-06	9.136837e-04	7.575565e-04	1.292462e-03	-5.349055e-04
378           	5.160479e-03	2.585645e-03	2.574834e-03	-5.009988e-05	1.065015e-05	-6.075003e-05	3.570009e-05	5.405279e-06	9.136464e-04	7.575582e-04	1.292426e-03	-5.348674e-04
379           	5.160348e-03	2.585579e-03	2.574769e-03	-5.009920e-05	1.064996e-05	-6.074916e-05	3.569956e-05	5.405051e-06	9.136092e-04	7.575593e-04	1.292389e-03	-5.348296e-04
380           	5.160218e-03	2.585514e-03	2.574704e-03	-5.009872e-05	1.064978e-05	-6.074850e-05	3.569914e-05	5.404886e-06	9.135722e-04	7.575601e-04	1.292352e-03	-5.347921e-04
381           	5.160089e-03	2.585449e-03	2.574640e-03	-5.009815e-05	1.064960e-05	-6.074775e-05	3.569868e-05	5.404692e-06	9.135355e-04	7.575608e-04	1.292316e-03	-5.347551e-04
382           	5.159965e-03	2.585387e-03	2.574579e-03	-5.009580e-05	1.064947e-05	-6.074527e-05	3.569737e-05	5.403965e-06	9.134998e-04	7.575622e-04	1.292281e-03	-5.347187e-04
383           	5.159842e-03	2.585324e-03	2.574518e-03	-5.009379e-05	1.064932e-05	-6.074311e-05	3.569622e-05	5.403334e-06	9.134648e-04	7.575642e-04	1.292247e-03	-5.346828e-04
384           	5.159720e-03	2.585263e-03	2.574457e-03	-5.009207e-05	1.064917e-05	-6.074124e-05	3.569521e-05	5.402793e-06	9.134301e-04	7.575658e-04	1.292213e-03	-5.346472e-04
385           	5.159599e-03	2.585202e-03	2.574397e-03	-5.009057e-05	1.064901e-05	-6.073958e-05	3.569429e-05	5.402313e-06	9.133957e-04	7.575673e-04	1.292179e-03	-5.346120e-04
386           	5.159479e-03	2.585141e-03	2.574338e-03	-5.008916e-05	1.064885e-05	-6.073801e-05	3.569343e-05	5.401860e-06	9.133616e-04	7.575686e-04	1.292146e-03	-5.345773e-04
387           	5.159363e-03	2.585083e-03	2.574281e-03	-5.008632e-05	1.064871e-05	-6.073504e-05	3.569188e-05	5.400974e-06	9.133284e-04	7.575706e-04	1.292114e-03	-5.345431e-04
388           	5.159248e-03	2.585024e-03	2.574224e-03	-5.008415e-05	1.064856e-05	-6.073271e-05	3.569063e-05	5.400287e-06	9.132959e-04	7.575729e-04	1.292082e-03	-5.345094e-04
389           	5.159134e-03	2.584967e-03	2.574167e-03	-5.008257e-05	1.064839e-05	-6.073095e-05	3.568967e-05	5.399780e-06	9.132634e-04	7.575748e-04	1.292051e-03	-5.344760e-04
390           	5.159019e-03	2.584909e-03	2.574110e-03	-5.008229e-05	1.064787e-05	-6.073016e-05	3.568902e-05	5.399956e-06	9.132305e-04	7.575759e-04	1.292018e-03	-5.344426e-04
391           	5.158907e-03	2.584853e-03	2.574054e-03	-5.008103e-05	1.064777e-05	-6.072880e-05	3.568828e-05	5.399491e-06	9.131985e-04	7.575772e-04	1.291987e-03	-5.344099e-04
392           	5.158794e-03	2.584797e-03	2.573997e-03	-5.008078e-05	1.064731e-05	-6.072809e-05	3.568770e-05	5.399616e-06	9.131663e-04	7.575780e-04	1.291955e-03	-5.343773e-04
393           	5.158684e-03	2.584741e-03	2.573943e-03	-5.007892e-05	1.064731e-05	-6.072623e-05	3.568677e-05	5.398912e-06	9.131350e-04	7.575793e-04	1.291925e-03	-5.343454e-04
394           	5.158574e-03	2.584686e-03	2.573888e-03	-5.007802e-05	1.064692e-05	-6.072494e-05	3.568593e-05	5.398795e-06	9.131036e-04	7.575803e-04	1.291894e-03	-5.343135e-04
395           	5.158466e-03	2.584632e-03	2.573835e-03	-5.007657e-05	1.064658e-05	-6.072315e-05	3.568487e-05	5.398476e-06	9.130728e-04	7.575814e-04	1.291863e-03	-5.342821e-04
396           	5.158361e-03	2.584578e-03	2.573783e-03	-5.007315e-05	1.064675e-05	-6.071989e-05	3.568332e-05	5.397189e-06	9.130430e-04	7.575832e-04	1.291835e-03	-5.342514e-04
397           	5.158256e-03	2.584525e-03	2.573731e-03	-5.007101e-05	1.064647e-05	-6.071747e-05	3.568197e-05	5.396635e-06	9.130131e-04	7.575848e-04	1.291806e-03	-5.342208e-04
398           	5.158157e-03	2.584473e-03	2.573684e-03	-5.006586e-05	1.064666e-05	-6.071252e-05	3.567959e-05	5.394793e-06	9.129850e-04	7.575875e-04	1.291779e-03	-5.341912e-04
399           	5.158057e-03	2.584422e-03	2.573634e-03	-5.006268e-05	1.064641e-05	-6.070910e-05	3.567776e-05	5.393963e-06	9.129566e-04	7.575901e-04	1.291752e-03	-5.341615e-04
400           	5.157957e-03	2.584372e-03	2.573585e-03	-5.006029e-05	1.064615e-05	-6.070644e-05	3.567629e-05	5.393323e-06	9.129283e-04	7.575923e-04	1.291724e-03	-5.341322e-04
401           	5.157859e-03	2.584322e-03	2.573537e-03	-5.005862e-05	1.064588e-05	-6.070449e-05	3.567519e-05	5.392859e-06	9.129003e-04	7.575939e-04	1.291697e-03	-5.341033e-04
402           	5.157762e-03	2.584273e-03	2.573488e-03	-5.005746e-05	1.064562e-05	-6.070307e-05	3.567435e-05	5.392526e-06	9.128723e-04	7.575952e-04	1.291670e-03	-5.340747e-04
403           	5.157665e-03	2.584225e-03	2.573440e-03	-5.005656e-05	1.064538e-05	-6.070194e-05	3.567366e-05	5.392262e-06	9.128446e-04	7.575962e-04	1.291643e-03	-5.340465e-04
404           	5.157569e-03	2.584177e-03	2.573393e-03	-5.005568e-05	1.064518e-05	-6.070086e-05	3.567302e-05	5.392001e-06	9.128171e-04	7.575970e-04	1.291616e-03	-5.340186e-04
405           	5.157475e-03	2.584129e-03	2.573346e-03	-5.005459e-05	1.064500e-05	-6.069960e-05	3.567230e-05	5.391683e-06	9.127899e-04	7.575978e-04	1.291589e-03	-5.339910e-04
406           	5.157381e-03	2.584082e-03	2.573299e-03	-5.005315e-05	1.064486e-05	-6.069801e-05	3.567143e-05	5.391263e-06	9.127631e-04	7.575988e-04	1.291562e-03	-5.339637e-04
407           	5.157288e-03	2.584035e-03	2.573253e-03	-5.005127e-05	1.064474e-05	-6.069601e-05	3.567037e-05	5.390721e-06	9.127366e-04	7.575998e-04	1.291537e-03	-5.339367e-04
408           	5.157197e-03	2.583989e-03	2.573208e-03	-5.004897e-05	1.064463e-05	-6.069360e-05	3.566911e-05	5.390054e-06	9.127105e-04	7.576011e-04	1.291511e-03	-5.339100e-04
409           	5.157107e-03	2.583943e-03	2.573164e-03	-5.004631e-05	1.064452e-05	-6.069083e-05	3.566768e-05	5.389281e-06	9.126849e-04	7.576025e-04	1.291486e-03	-5.338836e-04
410           	5.157018e-03	2.583897e-03	2.573121e-03	-5.004341e-05	1.064442e-05	-6.068782e-05	3.566612e-05	5.388433e-06	9.126596e-04	7.576041e-04	1.291462e-03	-5.338576e-04
411           	5.156930e-03	2.583853e-03	2.573078e-03	-5.004039e-05	1.064430e-05	-6.068469e-05	3.566450e-05	5.387548e-06	9.126347e-04	7.576058e-04	1.291438e-03	-5.338318e-04
412           	5.156844e-03	2.583809e-03	2.573035e-03	-5.003739e-05	1.064418e-05	-6.068157e-05	3.566287e-05	5.386665e-06	9.126102e-04	7.576075e-04	1.291414e-03	-5.338065e-04
413           	5.156759e-03	2.583765e-03	2.572994e-03	-5.003452e-05	1.064404e-05	-6.067856e-05	3.566130e-05	5.385818e-06	9.125860e-04	7.576092e-04	1.291391e-03	-5.337814e-04
414           	5.156675e-03	2.583723e-03	2.572953e-03	-5.003184e-05	1.064389e-05	-6.067573e-05	3.565981e-05	5.385031e-06	9.125621e-04	7.576109e-04	1.291368e-03	-5.337567e-04
415           	5.156593e-03	2.583681e-03	2.572912e-03	-5.002940e-05	1.064373e-05	-6.067314e-05	3.565843e-05	5.384316e-06	9.125385e-04	7.576125e-04	1.291345e-03	-5.337323e-04
416           	5.156511e-03	2.583639e-03	2.572872e-03	-5.002719e-05	1.064357e-05	-6.067077e-05	3.565717e-05	5.383676e-06	9.125152e-04	7.576140e-04	1.291322e-03	-5.337082e-04
417           	5.156430e-03	2.583598e-03	2.572832e-03	-5.002466e-05	1.064340e-05	-6.066806e-05	3.565573e-05	5.382841e-06	9.124921e-04	7.576154e-04	1.291300e-03	-5.336844e-04
418           	5.156350e-03	2.583557e-03	2.572793e-03	-5.002238e-05	1.064324e-05	-6.066561e-05	3.565442e-05	5.382109e-06	9.124692e-04	7.576168e-04	1.291278e-03	-5.336608e-04
419           	5.156271e-03	2.583517e-03	2.572754e-03	-5.002028e-05	1.064307e-05	-6.066335e-05	3.565321e-05	5.381456e-06	9.124466e-04	7.576181e-04	1.291256e-03	-5.336375e-04
420           	5.156193e-03	2.583478e-03	2.572716e-03	-5.001831e-05	1.064290e-05	-6.066121e-05	3.565205e-05	5.380858e-06	9.124242e-04	7.576194e-04	1.291234e-03	-5.336145e-04
421           	5.156116e-03	2.583438e-03	2.572678e-03	-5.001639e-05	1.064274e-05	-6.065913e-05	3.565093e-05	5.380288e-06	9.124022e-04	7.576207e-04	1.291213e-03	-5.335918e-04
422           	5.156040e-03	2.583400e-03	2.572640e-03	-5.001447e-05	1.064258e-05	-6.065704e-05	3.564981e-05	5.379723e-06	9.123803e-04	7.576220e-04	1.291191e-03	-5.335693e-04
423           	5.155965e-03	2.583362e-03	2.572603e-03	-5.001249e-05	1.064242e-05	-6.065491e-05	3.564866e-05	5.379146e-06	9.123588e-04	7.576233e-04	1.291170e-03	-5.335471e-04
424           	5.155890e-03	2.583324e-03	2.572567e-03	-5.001044e-05	1.064226e-05	-6.065270e-05	3.564748e-05	5.378546e-06	9.123375e-04	7.576246e-04	1.291150e-03	-5.335252e-04
425           	5.155817e-03	2.583286e-03	2.572530e-03	-5.000829e-05	1.064210e-05	-6.065039e-05	3.564625e-05	5.377915e-06	9.123164e-04	7.576259e-04	1.291129e-03	-5.335035e-04
426           	5.155744e-03	2.583249e-03	2.572495e-03	-5.000605e-05	1.064195e-05	-6.064799e-05	3.564497e-05	5.377257e-06	9.122956e-04	7.576272e-04	1.291109e-03	-5.334820e-04
427           	5.155672e-03	2.583213e-03	2.572460e-03	-5.000372e-05	1.064178e-05	-6.064551e-05	3.564365e-05	5.376574e-06	9.122750e-04	7.576284e-04	1.291089e-03	-5.334608e-04
428           	5.155601e-03	2.583177e-03	2.572425e-03	-5.000133e-05	1.064162e-05	-6.064296e-05	3.564229e-05	5.375876e-06	9.122547e-04	7.576297e-04	1.291070e-03	-5.334399e-04
429           	5.155531e-03	2.583141e-03	2.572390e-03	-4.999891e-05	1.064146e-05	-6.064037e-05	3.564091e-05	5.375170e-06	9.122347e-04	7.576310e-04	1.291050e-03	-5.334192e-04
430           	5.155462e-03	2.583105e-03	2.572357e-03	-4.999647e-05	1.064129e-05	-6.063777e-05	3.563953e-05	5.374466e-06	9.122149e-04	7.576322e-04	1.291031e-03	-5.333988e-04
431           	5.155394e-03	2.583071e-03	2.572323e-03	-4.999405e-05	1.064112e-05	-6.063518e-05	3.563815e-05	5.373773e-06	9.121953e-04	7.576334e-04	1.291012e-03	-5.333786e-04
432           	5.155323e-03	2.583034e-03	2.572288e-03	-4.999186e-05	1.064096e-05	-6.063282e-05	3.563689e-05	5.373093e-06	9.121748e-04	7.576340e-04	1.290992e-03	-5.333578e-04
433           	5.155257e-03	2.583001e-03	2.572256e-03	-4.998937e-05	1.064072e-05	-6.063008e-05	3.563540e-05	5.372451e-06	9.121560e-04	7.576354e-04	1.290974e-03	-5.333383e-04
434           	5.155192e-03	2.582968e-03	2.572224e-03	-4.998684e-05	1.064048e-05	-6.062732e-05	3.563390e-05	5.371801e-06	9.121373e-04	7.576367e-04	1.290956e-03	-5.333190e-04
435           	5.155127e-03	2.582935e-03	2.572193e-03	-4.998432e-05	1.064027e-05	-6.062459e-05	3.563243e-05	5.371141e-06	9.121189e-04	7.576380e-04	1.290938e-03	-5.332999e-04
436           	5.155064e-03	2.582902e-03	2.572161e-03	-4.998185e-05	1.064010e-05	-6.062195e-05	3.563102e-05	5.370470e-06	9.121006e-04	7.576393e-04	1.290920e-03	-5.332810e-04
437           	5.154997e-03	2.582868e-03	2.572129e-03	-4.997972e-05	1.063993e-05	-6.061965e-05	3.562979e-05	5.369819e-06	9.120814e-04	7.576399e-04	1.290901e-03	-5.332614e-04
438           	5.154935e-03	2.582837e-03	2.572098e-03	-4.997725e-05	1.063976e-05	-6.061701e-05	3.562838e-05	5.369151e-06	9.120637e-04	7.576413e-04	1.290884e-03	-5.332431e-04
439           	5.154874e-03	2.582805e-03	2.572069e-03	-4.997478e-05	1.063962e-05	-6.061439e-05	3.562701e-05	5.368466e-06	9.120463e-04	7.576426e-04	1.290868e-03	-5.332250e-04
440           	5.154810e-03	2.582773e-03	2.572037e-03	-4.997266e-05	1.063945e-05	-6.061211e-05	3.562578e-05	5.367814e-06	9.120278e-04	7.576433e-04	1.290849e-03	-5.332061e-04
441           	5.154751e-03	2.582743e-03	2.572008e-03	-4.997015e-05	1.063929e-05	-6.060944e-05	3.562437e-05	5.367126e-06	9.120109e-04	7.576446e-04	1.290833e-03	-5.331886e-04
442           	5.154692e-03	2.582713e-03	2.571980e-03	-4.996765e-05	1.063916e-05	-6.060681e-05	3.562299e-05	5.366427e-06	9.119941e-04	7.576460e-04	1.290817e-03	-5.331711e-04
443           	5.154631e-03	2.582681e-03	2.571949e-03	-4.996559e-05	1.063900e-05	-6.060459e-05	3.562179e-05	5.365792e-06	9.119764e-04	7.576466e-04	1.290800e-03	-5.331530e-04
444           	5.154574e-03	2.582652e-03	2.571922e-03	-4.996310e-05	1.063886e-05	-6.060197e-05	3.562041e-05	5.365111e-06	9.119601e-04	7.576480e-04	1.290784e-03	-5.331361e-04
445           	5.154514e-03	2.582621e-03	2.571892e-03	-4.996106e-05	1.063868e-05	-6.059974e-05	3.561921e-05	5.364492e-06	9.119428e-04	7.576487e-04	1.290767e-03	-5.331185e-04
446           	5.154459e-03	2.582593e-03	2.571866e-03	-4.995853e-05	1.063854e-05	-6.059706e-05	3.561780e-05	5.363826e-06	9.119271e-04	7.576501e-04	1.290752e-03	-5.331021e-04
447           	5.154401e-03	2.582564e-03	2.571837e-03	-4.995649e-05	1.063834e-05	-6.059483e-05	3.561659e-05	5.363225e-06	9.119103e-04	7.576508e-04	1.290736e-03	-5.330849e-04
