# Force and moment coefficients
# dragDir     : (1.000000e+00 0.000000e+00 0.000000e+00)
# sideDir     : (0.000000e+00 0.000000e+00 -1.000000e+00)
# liftDir     : (0.000000e+00 1.000000e+00 0.000000e+00)
# rollAxis    : (1.000000e+00 0.000000e+00 0.000000e+00)
# pitchAxis   : (0.000000e+00 0.000000e+00 -1.000000e+00)
# yawAxis     : (0.000000e+00 1.000000e+00 0.000000e+00)
# magUInf     : 6.661800e+00
# lRef        : 1.499270e-01
# Aref        : 5.000000e-02
# CofR        : (3.750000e-02 0.000000e+00 0.000000e+00)
#
# Time        	Cd            	Cd(f)         	Cd(r)         	Cl            	Cl(f)         	Cl(r)         	CmPitch       	CmRoll        	CmYaw         	Cs            	Cs(f)         	Cs(r)         
1             	2.939034e-01	-2.817923e-01	5.756956e-01	8.009500e-01	1.496962e-01	6.512538e-01	-2.507788e-01	-4.287439e-01	1.544049e-01	3.593080e-03	1.562014e-01	-1.526084e-01
2             	2.162171e-01	-2.988135e-01	5.150306e-01	7.589323e-01	1.442045e-01	6.147278e-01	-2.352616e-01	-4.069220e-01	1.125638e-01	5.413813e-03	1.152707e-01	-1.098569e-01
3             	1.645998e-01	-2.311044e-01	3.957042e-01	5.827136e-01	1.136256e-01	4.690881e-01	-1.777313e-01	-3.134043e-01	8.527591e-02	5.974824e-03	8.826332e-02	-8.228849e-02
4             	1.259549e-01	-1.194048e-01	2.453597e-01	3.365666e-01	7.016677e-02	2.663998e-01	-9.811652e-02	-1.823823e-01	6.529483e-02	5.590258e-03	6.808996e-02	-6.249970e-02
5             	9.541929e-02	1.002920e-04	9.531900e-02	8.394127e-02	2.536948e-02	5.857179e-02	-1.660115e-02	-4.760935e-02	4.978031e-02	4.596923e-03	5.207877e-02	-4.748184e-02
6             	7.153647e-02	9.975462e-02	-2.821815e-02	-1.245713e-01	-1.186095e-02	-1.127103e-01	5.042470e-02	6.398639e-02	3.775934e-02	3.333281e-03	3.942598e-02	-3.609270e-02
7             	5.391182e-02	1.633099e-01	-1.093981e-01	-2.589133e-01	-3.645686e-02	-2.224564e-01	9.299979e-02	1.363540e-01	2.888944e-02	2.074097e-03	2.992649e-02	-2.785239e-02
8             	4.209551e-02	1.860592e-01	-1.439637e-01	-3.108795e-01	-4.721271e-02	-2.636668e-01	1.082271e-01	1.650115e-01	2.287706e-02	1.007257e-03	2.338069e-02	-2.237343e-02
9             	3.525036e-02	1.729191e-01	-1.376688e-01	-2.907655e-01	-4.602225e-02	-2.447432e-01	9.936049e-02	1.552940e-01	1.928529e-02	2.300717e-04	1.940032e-02	-1.917025e-02
10            	3.219465e-02	1.349160e-01	-1.027213e-01	-2.206861e-01	-3.664639e-02	-1.840397e-01	7.369664e-02	1.188187e-01	1.753727e-02	-2.345907e-04	1.741998e-02	-1.765457e-02
11            	3.160627e-02	8.558262e-02	-5.397635e-02	-1.275342e-01	-2.348919e-02	-1.040450e-01	4.027791e-02	6.977949e-02	1.700267e-02	-4.170309e-04	1.679415e-02	-1.721118e-02
12            	3.224694e-02	3.751359e-02	-5.266649e-03	-3.627416e-02	-1.051551e-02	-2.575865e-02	7.621570e-03	2.139012e-02	1.709657e-02	-3.780814e-04	1.690753e-02	-1.728561e-02
13            	3.313515e-02	1.165396e-04	3.301861e-02	3.449513e-02	-5.734630e-04	3.506859e-02	-1.782103e-02	-1.645104e-02	1.735700e-02	-1.890147e-04	1.726249e-02	-1.745150e-02
14            	3.363766e-02	-2.161383e-02	5.525149e-02	7.492270e-02	4.908885e-03	7.001382e-02	-3.255247e-02	-3.843266e-02	1.748393e-02	8.182648e-05	1.752484e-02	-1.744302e-02
15            	3.347177e-02	-2.703525e-02	6.050702e-02	8.376492e-02	5.840075e-03	7.792485e-02	-3.604239e-02	-4.377114e-02	1.733848e-02	3.763690e-04	1.752666e-02	-1.715029e-02
16            	3.263919e-02	-1.902451e-02	5.166370e-02	6.669727e-02	3.149991e-03	6.354728e-02	-3.019864e-02	-3.534410e-02	1.691212e-02	6.508667e-04	1.723755e-02	-1.658669e-02
17            	3.132158e-02	-2.526570e-03	3.384815e-02	3.345081e-02	-1.684828e-03	3.513564e-02	-1.841023e-02	-1.818736e-02	1.627883e-02	8.772722e-04	1.671747e-02	-1.584020e-02
18            	2.978055e-02	1.694843e-02	1.283213e-02	-5.185194e-03	-7.098342e-03	1.913147e-03	-4.505745e-03	2.058150e-03	1.554901e-02	1.040850e-03	1.606943e-02	-1.502858e-02
19            	2.826542e-02	3.456081e-02	-6.295397e-03	-3.978964e-02	-1.178237e-02	-2.800727e-02	8.112452e-03	2.042810e-02	1.482868e-02	1.138919e-03	1.539814e-02	-1.425922e-02
20            	2.695663e-02	4.700971e-02	-2.005308e-02	-6.400809e-02	-1.490944e-02	-4.909866e-02	1.709461e-02	3.353139e-02	1.419468e-02	1.177394e-03	1.478338e-02	-1.360598e-02
21            	2.594084e-02	5.285652e-02	-2.691568e-02	-7.516340e-02	-1.618841e-02	-5.897499e-02	2.139329e-02	3.988610e-02	1.368386e-02	1.167779e-03	1.426775e-02	-1.309997e-02
22            	2.521409e-02	5.236589e-02	-2.715180e-02	-7.392764e-02	-1.578999e-02	-5.813765e-02	2.117383e-02	3.975885e-02	1.329458e-02	1.124688e-03	1.385693e-02	-1.273224e-02
23            	2.470850e-02	4.704988e-02	-2.234138e-02	-6.339319e-02	-1.419608e-02	-4.919711e-02	1.750051e-02	3.469563e-02	1.299835e-02	1.063002e-03	1.352985e-02	-1.246685e-02
24            	2.432424e-02	3.907528e-02	-1.475104e-02	-4.789855e-02	-1.202075e-02	-3.587780e-02	1.192852e-02	2.691316e-02	1.275346e-02	9.963243e-04	1.325162e-02	-1.225530e-02
25            	2.396437e-02	3.061584e-02	-6.651470e-03	-3.174182e-02	-9.838569e-03	-2.190325e-02	6.032340e-03	1.863366e-02	1.252027e-02	9.350664e-04	1.298780e-02	-1.205274e-02
26            	2.355752e-02	2.338923e-02	1.682885e-04	-1.827044e-02	-8.064388e-03	-1.020605e-02	1.070833e-03	1.161047e-02	1.227022e-02	8.860508e-04	1.271325e-02	-1.182720e-02
27            	2.306826e-02	1.842114e-02	4.647121e-03	-9.433322e-03	-6.902626e-03	-2.530696e-03	-2.185965e-03	6.887008e-03	1.199025e-02	8.526095e-04	1.241656e-02	-1.156395e-02
28            	2.249883e-02	1.597230e-02	6.526525e-03	-5.652307e-03	-6.347527e-03	6.952201e-04	-3.521373e-03	4.722889e-03	1.168300e-02	8.349576e-04	1.210048e-02	-1.126552e-02
29            	2.188054e-02	1.566161e-02	6.218923e-03	-6.085724e-03	-6.232585e-03	1.468606e-04	-3.189723e-03	4.721346e-03	1.136295e-02	8.308402e-04	1.177837e-02	-1.094753e-02
30            	2.126095e-02	1.669244e-02	4.568512e-03	-9.085965e-03	-6.304500e-03	-2.781465e-03	-1.761518e-03	6.061963e-03	1.105059e-02	8.364202e-04	1.146880e-02	-1.063238e-02
31            	2.068774e-02	1.813178e-02	2.555958e-03	-1.276636e-02	-6.299694e-03	-6.466668e-03	8.348698e-05	7.787910e-03	1.076577e-02	8.476180e-04	1.118958e-02	-1.034196e-02
32            	2.019723e-02	1.915305e-02	1.044187e-03	-1.548398e-02	-6.009484e-03	-9.474496e-03	1.732506e-03	9.054430e-03	1.052296e-02	8.608045e-04	1.095336e-02	-1.009256e-02
33            	1.980865e-02	1.919832e-02	6.103319e-04	-1.615281e-02	-5.318694e-03	-1.083412e-02	2.757712e-03	9.293995e-03	1.032891e-02	8.731637e-04	1.076549e-02	-9.892328e-03
34            	1.952214e-02	1.805157e-02	1.470563e-03	-1.438064e-02	-4.217224e-03	-1.016342e-02	2.973097e-03	8.290504e-03	1.018214e-02	8.829429e-04	1.062361e-02	-9.740665e-03
35            	1.932100e-02	1.581768e-02	3.503317e-03	-1.041922e-02	-2.785833e-03	-7.633392e-03	2.423779e-03	6.157183e-03	1.007411e-02	8.895439e-04	1.051888e-02	-9.629338e-03
36            	1.917762e-02	1.284018e-02	6.337441e-03	-4.990645e-03	-1.166667e-03	-3.823978e-03	1.328656e-03	3.251369e-03	9.991913e-03	8.932891e-04	1.043856e-02	-9.545268e-03
37            	1.906046e-02	9.582271e-03	9.478185e-03	9.567445e-04	4.743860e-04	4.823584e-04	-3.986205e-06	5.204313e-05	9.921286e-03	8.950632e-04	1.036882e-02	-9.473754e-03
38            	1.894075e-02	6.502000e-03	1.243875e-02	6.501376e-03	1.984427e-03	4.516948e-03	-1.266260e-03	-2.968373e-03	9.849449e-03	8.959124e-04	1.029741e-02	-9.401493e-03
39            	1.879726e-02	3.956448e-03	1.484082e-02	1.093912e-02	3.249698e-03	7.689421e-03	-2.219862e-03	-5.442185e-03	9.767108e-03	8.967391e-04	1.021548e-02	-9.318738e-03
40            	1.861902e-02	2.142773e-03	1.647625e-02	1.389721e-02	4.210768e-03	9.686444e-03	-2.737838e-03	-7.166737e-03	9.669487e-03	8.981226e-04	1.011855e-02	-9.220425e-03
41            	1.840551e-02	1.086361e-03	1.731915e-02	1.535274e-02	4.863914e-03	1.048883e-02	-2.812456e-03	-8.116394e-03	9.556452e-03	9.002934e-04	1.000660e-02	-9.106305e-03
42            	1.816462e-02	6.668735e-04	1.749775e-02	1.557436e-02	5.252240e-03	1.032212e-02	-2.534942e-03	-8.415439e-03	9.431580e-03	9.031630e-04	9.883162e-03	-8.979999e-03
43            	1.790943e-02	6.702176e-04	1.723921e-02	1.501317e-02	5.449130e-03	9.564044e-03	-2.057457e-03	-8.284496e-03	9.300836e-03	9.064120e-04	9.754042e-03	-8.847630e-03
44            	1.765430e-02	8.494261e-04	1.680487e-02	1.417698e-02	5.539512e-03	8.637467e-03	-1.548977e-03	-7.977724e-03	9.170707e-03	9.095194e-04	9.625467e-03	-8.715947e-03
45            	1.741172e-02	9.819239e-04	1.642979e-02	1.351375e-02	5.602417e-03	7.911329e-03	-1.154456e-03	-7.723935e-03	9.046688e-03	9.118862e-04	9.502631e-03	-8.590745e-03
46            	1.719019e-02	9.100598e-04	1.628013e-02	1.333105e-02	5.698144e-03	7.632910e-03	-9.673832e-04	-7.685037e-03	8.932437e-03	9.129881e-04	9.388931e-03	-8.475943e-03
47            	1.699352e-02	5.621258e-04	1.643140e-02	1.375669e-02	5.861048e-03	7.895647e-03	-1.017299e-03	-7.934636e-03	8.829483e-03	9.125127e-04	9.285740e-03	-8.373227e-03
48            	1.682104e-02	-4.882321e-05	1.686987e-02	1.474489e-02	6.098667e-03	8.646224e-03	-1.273779e-03	-8.459345e-03	8.737418e-03	9.104349e-04	9.192635e-03	-8.282200e-03
49            	1.666867e-02	-8.432583e-04	1.751193e-02	1.611691e-02	6.395962e-03	9.720951e-03	-1.662494e-03	-9.177593e-03	8.654393e-03	9.070143e-04	9.107900e-03	-8.200886e-03
50            	1.653032e-02	-1.703874e-03	1.823419e-02	1.762191e-02	6.722905e-03	1.089901e-02	-2.088051e-03	-9.969034e-03	8.577766e-03	9.027236e-04	9.029127e-03	-8.126404e-03
51            	1.639943e-02	-2.506890e-03	1.890632e-02	1.900190e-02	7.043300e-03	1.195860e-02	-2.457651e-03	-1.070661e-02	8.504721e-03	8.981439e-04	8.953793e-03	-8.055649e-03
52            	1.627030e-02	-3.149875e-03	1.942017e-02	2.004843e-02	7.323283e-03	1.272514e-02	-2.700930e-03	-1.128502e-02	8.432856e-03	8.938425e-04	8.879778e-03	-7.985935e-03
53            	1.613887e-02	-3.569362e-03	1.970823e-02	2.063730e-02	7.537368e-03	1.309993e-02	-2.781281e-03	-1.163880e-02	8.360471e-03	8.902693e-04	8.805605e-03	-7.915336e-03
54            	1.600316e-02	-3.748323e-03	1.975149e-02	2.074193e-02	7.672045e-03	1.306988e-02	-2.698920e-03	-1.174991e-02	8.286736e-03	8.876960e-04	8.730584e-03	-7.842888e-03
55            	1.586325e-02	-3.712857e-03	1.957610e-02	2.042456e-02	7.726469e-03	1.269809e-02	-2.485812e-03	-1.164448e-02	8.211666e-03	8.861943e-04	8.654763e-03	-7.768569e-03
56            	1.572075e-02	-3.520826e-03	1.924158e-02	1.981115e-02	7.710686e-03	1.210046e-02	-2.194888e-03	-1.138120e-02	8.135922e-03	8.856625e-04	8.578753e-03	-7.693090e-03
57            	1.557832e-02	-3.246269e-03	1.882459e-02	1.905821e-02	7.642292e-03	1.141591e-02	-1.886811e-03	-1.103543e-02	8.060579e-03	8.858769e-04	8.503517e-03	-7.617640e-03
58            	1.543890e-02	-2.963056e-03	1.840196e-02	1.831861e-02	7.542323e-03	1.077629e-02	-1.616983e-03	-1.068251e-02	7.986837e-03	8.865539e-04	8.430114e-03	-7.543560e-03
59            	1.530521e-02	-2.731613e-03	1.803682e-02	1.771449e-02	7.431406e-03	1.028308e-02	-1.425838e-03	-1.038422e-02	7.915803e-03	8.874065e-04	8.359507e-03	-7.472100e-03
60            	1.517922e-02	-2.590029e-03	1.776925e-02	1.731948e-02	7.326561e-03	9.992918e-03	-1.333178e-03	-1.017964e-02	7.848322e-03	8.881892e-04	8.292417e-03	-7.404227e-03
61            	1.506202e-02	-2.551335e-03	1.761335e-02	1.715417e-02	7.239417e-03	9.914752e-03	-1.337667e-03	-1.008234e-02	7.784870e-03	8.887301e-04	8.229235e-03	-7.340505e-03
62            	1.495368e-02	-2.605476e-03	1.755915e-02	1.719117e-02	7.175466e-03	1.001570e-02	-1.420119e-03	-1.008232e-02	7.725531e-03	8.889426e-04	8.170002e-03	-7.281059e-03
63            	1.485346e-02	-2.725469e-03	1.757893e-02	1.736883e-02	7.134628e-03	1.023420e-02	-1.549787e-03	-1.015220e-02	7.670056e-03	8.888235e-04	8.114467e-03	-7.225644e-03
64            	1.476004e-02	-2.875628e-03	1.763567e-02	1.760893e-02	7.112537e-03	1.049639e-02	-1.691927e-03	-1.025565e-02	7.617948e-03	8.884337e-04	8.062165e-03	-7.173732e-03
65            	1.467178e-02	-3.019731e-03	1.769151e-02	1.783394e-02	7.102316e-03	1.073163e-02	-1.814654e-03	-1.035562e-02	7.568577e-03	8.878780e-04	8.012516e-03	-7.124638e-03
66            	1.458705e-02	-3.127977e-03	1.771502e-02	1.798144e-02	7.096335e-03	1.088510e-02	-1.894384e-03	-1.042150e-02	7.521281e-03	8.872762e-04	7.964919e-03	-7.077643e-03
67            	1.450440e-02	-3.181388e-03	1.768579e-02	1.801294e-02	7.087736e-03	1.092521e-02	-1.918734e-03	-1.043359e-02	7.475463e-03	8.867438e-04	7.918835e-03	-7.032091e-03
68            	1.442278e-02	-3.173555e-03	1.759634e-02	1.791710e-02	7.071492e-03	1.084560e-02	-1.887057e-03	-1.038495e-02	7.430649e-03	8.863703e-04	7.873834e-03	-6.987464e-03
69            	1.434155e-02	-3.109698e-03	1.745124e-02	1.770712e-02	7.044911e-03	1.066221e-02	-1.808651e-03	-1.028047e-02	7.386514e-03	8.862108e-04	7.829619e-03	-6.943408e-03
70            	1.426047e-02	-3.003679e-03	1.726415e-02	1.741414e-02	7.007636e-03	1.040651e-02	-1.699435e-03	-1.013391e-02	7.342893e-03	8.862831e-04	7.786034e-03	-6.899751e-03
71            	1.417967e-02	-2.874162e-03	1.705383e-02	1.707870e-02	6.961247e-03	1.011746e-02	-1.578105e-03	-9.963995e-03	7.299753e-03	8.865736e-04	7.743040e-03	-6.856466e-03
72            	1.409948e-02	-2.740390e-03	1.683987e-02	1.674181e-02	6.908603e-03	9.833207e-03	-1.462302e-03	-9.790129e-03	7.257156e-03	8.870420e-04	7.700677e-03	-6.813635e-03
73            	1.402037e-02	-2.618892e-03	1.663926e-02	1.643793e-02	6.853152e-03	9.584775e-03	-1.365811e-03	-9.629076e-03	7.215225e-03	8.876326e-04	7.659042e-03	-6.771409e-03
74            	1.394282e-02	-2.521075e-03	1.646389e-02	1.619009e-02	6.798258e-03	9.391836e-03	-1.296789e-03	-9.492483e-03	7.174107e-03	8.882824e-04	7.618248e-03	-6.729965e-03
75            	1.386722e-02	-2.452242e-03	1.631947e-02	1.600806e-02	6.746696e-03	9.261360e-03	-1.257332e-03	-9.385855e-03	7.133939e-03	8.889316e-04	7.578405e-03	-6.689473e-03
76            	1.379389e-02	-2.411762e-03	1.620565e-02	1.588894e-02	6.700312e-03	9.188625e-03	-1.244157e-03	-9.308707e-03	7.094834e-03	8.895318e-04	7.539600e-03	-6.650068e-03
77            	1.372295e-02	-2.394419e-03	1.611737e-02	1.582028e-02	6.659971e-03	9.160307e-03	-1.250168e-03	-9.255896e-03	7.056853e-03	8.900493e-04	7.501878e-03	-6.611828e-03
78            	1.365443e-02	-2.392167e-03	1.604660e-02	1.578394e-02	6.625633e-03	9.158311e-03	-1.266339e-03	-9.219381e-03	7.020016e-03	8.904670e-04	7.465249e-03	-6.574782e-03
79            	1.358821e-02	-2.396069e-03	1.598428e-02	1.576033e-02	6.596559e-03	9.163773e-03	-1.283607e-03	-9.190174e-03	6.984302e-03	8.907836e-04	7.429694e-03	-6.538910e-03
80            	1.352412e-02	-2.398016e-03	1.592214e-02	1.573202e-02	6.571596e-03	9.160426e-03	-1.294415e-03	-9.160077e-03	6.949659e-03	8.910093e-04	7.395163e-03	-6.504154e-03
81            	1.346196e-02	-2.391930e-03	1.585389e-02	1.568631e-02	6.549423e-03	9.136882e-03	-1.293729e-03	-9.122908e-03	6.916020e-03	8.911609e-04	7.361601e-03	-6.470440e-03
82            	1.340149e-02	-2.374434e-03	1.577592e-02	1.561643e-02	6.528827e-03	9.087601e-03	-1.279387e-03	-9.075177e-03	6.883307e-03	8.912590e-04	7.328936e-03	-6.437677e-03
83            	1.334251e-02	-2.344863e-03	1.568737e-02	1.552153e-02	6.508845e-03	9.012687e-03	-1.251921e-03	-9.016118e-03	6.851441e-03	8.913232e-04	7.297103e-03	-6.405780e-03
84            	1.328486e-02	-2.304832e-03	1.558970e-02	1.540559e-02	6.488856e-03	8.916732e-03	-1.213938e-03	-8.947264e-03	6.820353e-03	8.913716e-04	7.266039e-03	-6.374668e-03
85            	1.322842e-02	-2.257497e-03	1.548592e-02	1.527571e-02	6.468587e-03	8.807127e-03	-1.169270e-03	-8.871708e-03	6.789984e-03	8.914173e-04	7.235693e-03	-6.344276e-03
86            	1.317310e-02	-2.206758e-03	1.537986e-02	1.514038e-02	6.448076e-03	8.692307e-03	-1.122116e-03	-8.793308e-03	6.760284e-03	8.914682e-04	7.206018e-03	-6.314550e-03
87            	1.311886e-02	-2.156274e-03	1.527513e-02	1.500740e-02	6.427551e-03	8.579847e-03	-1.076148e-03	-8.715703e-03	6.731222e-03	8.915265e-04	7.176985e-03	-6.285459e-03
88            	1.306569e-02	-2.109059e-03	1.517475e-02	1.488295e-02	6.407368e-03	8.475580e-03	-1.034106e-03	-8.641905e-03	6.702773e-03	8.915904e-04	7.148568e-03	-6.256978e-03
89            	1.301360e-02	-2.067065e-03	1.508067e-02	1.477079e-02	6.387903e-03	8.382886e-03	-9.974918e-04	-8.573867e-03	6.674920e-03	8.916556e-04	7.120748e-03	-6.229093e-03
90            	1.296259e-02	-2.031089e-03	1.499368e-02	1.467211e-02	6.369481e-03	8.302627e-03	-9.665729e-04	-8.512384e-03	6.647653e-03	8.917170e-04	7.093511e-03	-6.201794e-03
91            	1.291266e-02	-2.000887e-03	1.491355e-02	1.458586e-02	6.352328e-03	8.233533e-03	-9.406028e-04	-8.457218e-03	6.620962e-03	8.917686e-04	7.066846e-03	-6.175077e-03
92            	1.286382e-02	-1.975461e-03	1.483928e-02	1.450943e-02	6.336549e-03	8.172883e-03	-9.181674e-04	-8.407371e-03	6.594839e-03	8.918047e-04	7.040741e-03	-6.148936e-03
93            	1.281606e-02	-1.953406e-03	1.476946e-02	1.443943e-02	6.322137e-03	8.117292e-03	-8.975774e-04	-8.361435e-03	6.569276e-03	8.918208e-04	7.015187e-03	-6.123366e-03
94            	1.276936e-02	-1.933251e-03	1.470261e-02	1.437245e-02	6.308996e-03	8.063449e-03	-8.772266e-04	-8.317932e-03	6.544264e-03	8.918134e-04	6.990171e-03	-6.098358e-03
95            	1.272371e-02	-1.913742e-03	1.463745e-02	1.430566e-02	6.296968e-03	8.008689e-03	-8.558605e-04	-8.275598e-03	6.519794e-03	8.917807e-04	6.965684e-03	-6.073903e-03
96            	1.267908e-02	-1.894025e-03	1.457310e-02	1.423720e-02	6.285873e-03	7.951332e-03	-8.327295e-04	-8.233564e-03	6.495852e-03	8.917223e-04	6.941713e-03	-6.049991e-03
97            	1.263544e-02	-1.873708e-03	1.450915e-02	1.416631e-02	6.275533e-03	7.890777e-03	-8.076220e-04	-8.191428e-03	6.472432e-03	8.916387e-04	6.918251e-03	-6.026613e-03
98            	1.259276e-02	-1.852852e-03	1.444561e-02	1.409320e-02	6.265799e-03	7.827404e-03	-7.808029e-04	-8.149233e-03	6.449518e-03	8.915316e-04	6.895283e-03	-6.003752e-03
99            	1.255101e-02	-1.831883e-03	1.438290e-02	1.401891e-02	6.256564e-03	7.762350e-03	-7.528930e-04	-8.107390e-03	6.427094e-03	8.914035e-04	6.872796e-03	-5.981393e-03
100           	1.251018e-02	-1.811373e-03	1.432155e-02	1.394481e-02	6.247761e-03	7.697045e-03	-7.246417e-04	-8.066460e-03	6.405153e-03	8.912557e-04	6.850781e-03	-5.959525e-03
101           	1.247023e-02	-1.791991e-03	1.426222e-02	1.387240e-02	6.239361e-03	7.633037e-03	-6.968380e-04	-8.027104e-03	6.383682e-03	8.910906e-04	6.829227e-03	-5.938137e-03
102           	1.243114e-02	-1.774348e-03	1.420549e-02	1.380304e-02	6.231362e-03	7.571680e-03	-6.701589e-04	-7.989919e-03	6.362671e-03	8.909103e-04	6.808127e-03	-5.917216e-03
103           	1.239291e-02	-1.758913e-03	1.415182e-02	1.373775e-02	6.223782e-03	7.513971e-03	-6.450945e-04	-7.955367e-03	6.342110e-03	8.907170e-04	6.787469e-03	-5.896752e-03
104           	1.235551e-02	-1.745945e-03	1.410145e-02	1.367708e-02	6.216643e-03	7.460432e-03	-6.218948e-04	-7.923698e-03	6.321990e-03	8.905126e-04	6.767246e-03	-5.876734e-03
105           	1.231892e-02	-1.735523e-03	1.405444e-02	1.362114e-02	6.209963e-03	7.411179e-03	-6.006082e-04	-7.894981e-03	6.302301e-03	8.902988e-04	6.747451e-03	-5.857152e-03
106           	1.228312e-02	-1.727561e-03	1.401068e-02	1.356975e-02	6.203754e-03	7.365993e-03	-5.811194e-04	-7.869123e-03	6.283035e-03	8.900771e-04	6.728074e-03	-5.837996e-03
107           	1.224811e-02	-1.721866e-03	1.396998e-02	1.352246e-02	6.198019e-03	7.324444e-03	-5.632125e-04	-7.845921e-03	6.264182e-03	8.898489e-04	6.709107e-03	-5.819258e-03
108           	1.221385e-02	-1.718199e-03	1.393205e-02	1.347878e-02	6.192748e-03	7.286035e-03	-5.466437e-04	-7.825126e-03	6.245733e-03	8.896157e-04	6.690541e-03	-5.800925e-03
109           	1.218034e-02	-1.716298e-03	1.389664e-02	1.343820e-02	6.187923e-03	7.250274e-03	-5.311758e-04	-7.806470e-03	6.227681e-03	8.893787e-04	6.672370e-03	-5.782991e-03
110           	1.214756e-02	-1.715952e-03	1.386351e-02	1.340032e-02	6.183519e-03	7.216801e-03	-5.166407e-04	-7.789730e-03	6.210016e-03	8.891394e-04	6.654585e-03	-5.765446e-03
111           	1.211547e-02	-1.717007e-03	1.383248e-02	1.336492e-02	6.179512e-03	7.185412e-03	-5.029499e-04	-7.774744e-03	6.192729e-03	8.888990e-04	6.637179e-03	-5.748280e-03
112           	1.208408e-02	-1.719376e-03	1.380346e-02	1.333194e-02	6.175874e-03	7.156061e-03	-4.900934e-04	-7.761417e-03	6.175814e-03	8.886587e-04	6.620143e-03	-5.731485e-03
113           	1.205335e-02	-1.723061e-03	1.377641e-02	1.330149e-02	6.172587e-03	7.128901e-03	-4.781570e-04	-7.749737e-03	6.159258e-03	8.884211e-04	6.603468e-03	-5.715047e-03
114           	1.202328e-02	-1.728025e-03	1.375131e-02	1.327362e-02	6.169624e-03	7.104000e-03	-4.671879e-04	-7.739667e-03	6.143058e-03	8.881860e-04	6.587151e-03	-5.698965e-03
115           	1.199386e-02	-1.734275e-03	1.372814e-02	1.324847e-02	6.166967e-03	7.081500e-03	-4.572663e-04	-7.731207e-03	6.127210e-03	8.879536e-04	6.571187e-03	-5.683233e-03
116           	1.196507e-02	-1.741882e-03	1.370695e-02	1.322630e-02	6.164609e-03	7.061691e-03	-4.485410e-04	-7.724415e-03	6.111699e-03	8.877272e-04	6.555563e-03	-5.667835e-03
117           	1.193689e-02	-1.750812e-03	1.368770e-02	1.320713e-02	6.162534e-03	7.044596e-03	-4.410310e-04	-7.719257e-03	6.096524e-03	8.875065e-04	6.540278e-03	-5.652771e-03
118           	1.190932e-02	-1.761044e-03	1.367036e-02	1.319099e-02	6.160735e-03	7.030258e-03	-4.347615e-04	-7.715704e-03	6.081679e-03	8.872921e-04	6.525325e-03	-5.638033e-03
119           	1.188235e-02	-1.772529e-03	1.365487e-02	1.317785e-02	6.159207e-03	7.018647e-03	-4.297200e-04	-7.713702e-03	6.067156e-03	8.870847e-04	6.510698e-03	-5.623613e-03
120           	1.185595e-02	-1.785188e-03	1.364114e-02	1.316759e-02	6.157942e-03	7.009651e-03	-4.258544e-04	-7.713165e-03	6.052949e-03	8.868841e-04	6.496391e-03	-5.609507e-03
121           	1.183013e-02	-1.798923e-03	1.362905e-02	1.316006e-02	6.156934e-03	7.003124e-03	-4.230949e-04	-7.713988e-03	6.039050e-03	8.866914e-04	6.482395e-03	-5.595704e-03
122           	1.180486e-02	-1.813618e-03	1.361848e-02	1.315505e-02	6.156174e-03	6.998873e-03	-4.213491e-04	-7.716050e-03	6.025452e-03	8.865064e-04	6.468705e-03	-5.582199e-03
123           	1.178014e-02	-1.829151e-03	1.360929e-02	1.315234e-02	6.155654e-03	6.996690e-03	-4.205178e-04	-7.719221e-03	6.012149e-03	8.863292e-04	6.455314e-03	-5.568985e-03
124           	1.175595e-02	-1.845401e-03	1.360135e-02	1.315174e-02	6.155363e-03	6.996374e-03	-4.205055e-04	-7.723374e-03	5.999136e-03	8.861598e-04	6.442216e-03	-5.556056e-03
125           	1.173227e-02	-1.862255e-03	1.359453e-02	1.315303e-02	6.155288e-03	6.997741e-03	-4.212261e-04	-7.728392e-03	5.986405e-03	8.859978e-04	6.429404e-03	-5.543406e-03
126           	1.170911e-02	-1.879613e-03	1.358872e-02	1.315605e-02	6.155419e-03	7.000631e-03	-4.226058e-04	-7.734168e-03	5.973952e-03	8.858432e-04	6.416874e-03	-5.531030e-03
127           	1.168645e-02	-1.897384e-03	1.358383e-02	1.316065e-02	6.155743e-03	7.004910e-03	-4.245833e-04	-7.740606e-03	5.961770e-03	8.856960e-04	6.404618e-03	-5.518922e-03
128           	1.166427e-02	-1.915489e-03	1.357976e-02	1.316671e-02	6.156246e-03	7.010461e-03	-4.271073e-04	-7.747623e-03	5.949855e-03	8.855560e-04	6.392633e-03	-5.507077e-03
129           	1.164256e-02	-1.933853e-03	1.357641e-02	1.317409e-02	6.156913e-03	7.017177e-03	-4.301319e-04	-7.755134e-03	5.938197e-03	8.854233e-04	6.380909e-03	-5.495486e-03
130           	1.162132e-02	-1.952424e-03	1.357375e-02	1.318271e-02	6.157735e-03	7.024974e-03	-4.336193e-04	-7.763084e-03	5.926795e-03	8.852977e-04	6.369444e-03	-5.484146e-03
131           	1.160054e-02	-1.971143e-03	1.357168e-02	1.319246e-02	6.158699e-03	7.033760e-03	-4.375305e-04	-7.771413e-03	5.915644e-03	8.851791e-04	6.358233e-03	-5.473054e-03
132           	1.158021e-02	-1.989955e-03	1.357016e-02	1.320323e-02	6.159792e-03	7.043442e-03	-4.418250e-04	-7.780058e-03	5.904736e-03	8.850675e-04	6.347270e-03	-5.462203e-03
133           	1.156031e-02	-2.008808e-03	1.356912e-02	1.321492e-02	6.161002e-03	7.053922e-03	-4.464599e-04	-7.788963e-03	5.894068e-03	8.849627e-04	6.336550e-03	-5.451587e-03
134           	1.154084e-02	-2.027648e-03	1.356849e-02	1.322742e-02	6.162318e-03	7.065097e-03	-4.513897e-04	-7.798070e-03	5.883635e-03	8.848647e-04	6.326067e-03	-5.441202e-03
135           	1.152179e-02	-2.046426e-03	1.356822e-02	1.324059e-02	6.163728e-03	7.076863e-03	-4.565674e-04	-7.807324e-03	5.873430e-03	8.847732e-04	6.315816e-03	-5.431043e-03
136           	1.150316e-02	-2.065093e-03	1.356825e-02	1.325434e-02	6.165222e-03	7.089114e-03	-4.619462e-04	-7.816672e-03	5.863449e-03	8.846881e-04	6.305793e-03	-5.421105e-03
137           	1.148492e-02	-2.083605e-03	1.356853e-02	1.326854e-02	6.166789e-03	7.101751e-03	-4.674807e-04	-7.826067e-03	5.853688e-03	8.846090e-04	6.295992e-03	-5.411383e-03
138           	1.146709e-02	-2.101918e-03	1.356900e-02	1.328310e-02	6.168421e-03	7.114677e-03	-4.731280e-04	-7.835461e-03	5.844142e-03	8.845357e-04	6.286409e-03	-5.401874e-03
139           	1.144964e-02	-2.119996e-03	1.356963e-02	1.329791e-02	6.170108e-03	7.127806e-03	-4.788492e-04	-7.844814e-03	5.834806e-03	8.844677e-04	6.277040e-03	-5.392573e-03
140           	1.143256e-02	-2.137801e-03	1.357036e-02	1.331289e-02	6.171839e-03	7.141050e-03	-4.846053e-04	-7.854083e-03	5.825677e-03	8.844050e-04	6.267880e-03	-5.383475e-03
141           	1.141587e-02	-2.155312e-03	1.357118e-02	1.332796e-02	6.173609e-03	7.154353e-03	-4.903720e-04	-7.863245e-03	5.816751e-03	8.843470e-04	6.258925e-03	-5.374578e-03
142           	1.139953e-02	-2.172507e-03	1.357204e-02	1.334306e-02	6.175408e-03	7.167655e-03	-4.961235e-04	-7.872273e-03	5.808024e-03	8.842932e-04	6.250171e-03	-5.365878e-03
143           	1.138356e-02	-2.189364e-03	1.357293e-02	1.335813e-02	6.177228e-03	7.180903e-03	-5.018373e-04	-7.881145e-03	5.799493e-03	8.842435e-04	6.241614e-03	-5.357371e-03
144           	1.136794e-02	-2.205866e-03	1.357381e-02	1.337311e-02	6.179062e-03	7.194048e-03	-5.074927e-04	-7.889836e-03	5.791152e-03	8.841976e-04	6.233251e-03	-5.349053e-03
145           	1.135267e-02	-2.221995e-03	1.357466e-02	1.338795e-02	6.180903e-03	7.207043e-03	-5.130700e-04	-7.898328e-03	5.782998e-03	8.841553e-04	6.225076e-03	-5.340921e-03
146           	1.133773e-02	-2.237737e-03	1.357547e-02	1.340259e-02	6.182744e-03	7.219847e-03	-5.185516e-04	-7.906601e-03	5.775028e-03	8.841164e-04	6.217087e-03	-5.332970e-03
147           	1.132312e-02	-2.253079e-03	1.357620e-02	1.341700e-02	6.184577e-03	7.232421e-03	-5.239216e-04	-7.914640e-03	5.767238e-03	8.840808e-04	6.209278e-03	-5.325197e-03
148           	1.130884e-02	-2.268013e-03	1.357685e-02	1.343113e-02	6.186399e-03	7.244731e-03	-5.291659e-04	-7.922433e-03	5.759623e-03	8.840482e-04	6.201647e-03	-5.317599e-03
149           	1.129488e-02	-2.282529e-03	1.357741e-02	1.344495e-02	6.188202e-03	7.256746e-03	-5.342720e-04	-7.929967e-03	5.752180e-03	8.840185e-04	6.194190e-03	-5.310171e-03
150           	1.128122e-02	-2.296624e-03	1.357785e-02	1.345842e-02	6.189983e-03	7.268441e-03	-5.392290e-04	-7.937235e-03	5.744907e-03	8.839914e-04	6.186902e-03	-5.302911e-03
151           	1.126788e-02	-2.310293e-03	1.357817e-02	1.347153e-02	6.191737e-03	7.279792e-03	-5.440277e-04	-7.944231e-03	5.737798e-03	8.839668e-04	6.179781e-03	-5.295815e-03
152           	1.125483e-02	-2.323536e-03	1.357836e-02	1.348424e-02	6.193459e-03	7.290780e-03	-5.486605e-04	-7.950950e-03	5.730851e-03	8.839445e-04	6.172824e-03	-5.288879e-03
153           	1.124207e-02	-2.336353e-03	1.357843e-02	1.349654e-02	6.195147e-03	7.301390e-03	-5.531213e-04	-7.957389e-03	5.724063e-03	8.839243e-04	6.166026e-03	-5.282101e-03
154           	1.122961e-02	-2.348746e-03	1.357835e-02	1.350841e-02	6.196798e-03	7.311609e-03	-5.574055e-04	-7.963549e-03	5.717431e-03	8.839062e-04	6.159384e-03	-5.275478e-03
155           	1.121742e-02	-2.360718e-03	1.357814e-02	1.351984e-02	6.198409e-03	7.321429e-03	-5.615099e-04	-7.969429e-03	5.710950e-03	8.838899e-04	6.152895e-03	-5.269005e-03
156           	1.120551e-02	-2.372274e-03	1.357779e-02	1.353082e-02	6.199977e-03	7.330843e-03	-5.654327e-04	-7.975031e-03	5.704619e-03	8.838752e-04	6.146557e-03	-5.262682e-03
157           	1.119388e-02	-2.383419e-03	1.357730e-02	1.354135e-02	6.201501e-03	7.339848e-03	-5.691731e-04	-7.980357e-03	5.698434e-03	8.838622e-04	6.140365e-03	-5.256503e-03
158           	1.118250e-02	-2.394147e-03	1.357665e-02	1.355139e-02	6.202976e-03	7.348417e-03	-5.727204e-04	-7.985396e-03	5.692389e-03	8.838511e-04	6.134314e-03	-5.250463e-03
159           	1.117138e-02	-2.404482e-03	1.357587e-02	1.356099e-02	6.204405e-03	7.356588e-03	-5.760912e-04	-7.990173e-03	5.686485e-03	8.838412e-04	6.128405e-03	-5.244564e-03
160           	1.116052e-02	-2.414432e-03	1.357496e-02	1.357015e-02	6.205788e-03	7.364363e-03	-5.792878e-04	-7.994694e-03	5.680719e-03	8.838323e-04	6.122635e-03	-5.238803e-03
161           	1.114992e-02	-2.424004e-03	1.357392e-02	1.357887e-02	6.207122e-03	7.371746e-03	-5.823122e-04	-7.998962e-03	5.675088e-03	8.838246e-04	6.117001e-03	-5.233176e-03
162           	1.113955e-02	-2.433207e-03	1.357276e-02	1.358715e-02	6.208408e-03	7.378741e-03	-5.851665e-04	-8.002984e-03	5.669590e-03	8.838178e-04	6.111499e-03	-5.227681e-03
163           	1.112943e-02	-2.442047e-03	1.357148e-02	1.359499e-02	6.209643e-03	7.385350e-03	-5.878532e-04	-8.006762e-03	5.664220e-03	8.838121e-04	6.106126e-03	-5.222314e-03
164           	1.111954e-02	-2.450532e-03	1.357007e-02	1.360241e-02	6.210828e-03	7.391580e-03	-5.903759e-04	-8.010303e-03	5.658976e-03	8.838074e-04	6.100880e-03	-5.217073e-03
165           	1.110988e-02	-2.458674e-03	1.356856e-02	1.360940e-02	6.211962e-03	7.397439e-03	-5.927388e-04	-8.013614e-03	5.653856e-03	8.838038e-04	6.095758e-03	-5.211954e-03
166           	1.110044e-02	-2.466481e-03	1.356693e-02	1.361598e-02	6.213045e-03	7.402939e-03	-5.949470e-04	-8.016704e-03	5.648855e-03	8.838012e-04	6.090756e-03	-5.206955e-03
167           	1.109123e-02	-2.473966e-03	1.356519e-02	1.362217e-02	6.214077e-03	7.408090e-03	-5.970063e-04	-8.019580e-03	5.643973e-03	8.837995e-04	6.085873e-03	-5.202073e-03
168           	1.108222e-02	-2.481140e-03	1.356336e-02	1.362796e-02	6.215059e-03	7.412905e-03	-5.989228e-04	-8.022253e-03	5.639206e-03	8.837988e-04	6.081105e-03	-5.197306e-03
169           	1.107343e-02	-2.488016e-03	1.356145e-02	1.363339e-02	6.215993e-03	7.417399e-03	-6.007033e-04	-8.024731e-03	5.634552e-03	8.837990e-04	6.076451e-03	-5.192652e-03
170           	1.106484e-02	-2.494604e-03	1.355945e-02	1.363846e-02	6.216877e-03	7.421586e-03	-6.023544e-04	-8.027025e-03	5.630008e-03	8.837999e-04	6.071908e-03	-5.188108e-03
171           	1.105646e-02	-2.500917e-03	1.355737e-02	1.364320e-02	6.217715e-03	7.425481e-03	-6.038828e-04	-8.029146e-03	5.625573e-03	8.838016e-04	6.067473e-03	-5.183672e-03
172           	1.104827e-02	-2.506966e-03	1.355524e-02	1.364760e-02	6.218507e-03	7.429096e-03	-6.052945e-04	-8.031101e-03	5.621243e-03	8.838040e-04	6.063145e-03	-5.179341e-03
173           	1.104027e-02	-2.512763e-03	1.355304e-02	1.365170e-02	6.219255e-03	7.432446e-03	-6.065956e-04	-8.032900e-03	5.617018e-03	8.838070e-04	6.058921e-03	-5.175114e-03
174           	1.103247e-02	-2.518317e-03	1.355079e-02	1.365550e-02	6.219960e-03	7.435544e-03	-6.077919e-04	-8.034551e-03	5.612894e-03	8.838107e-04	6.054799e-03	-5.170988e-03
175           	1.102485e-02	-2.523639e-03	1.354849e-02	1.365902e-02	6.220623e-03	7.438401e-03	-6.088890e-04	-8.036063e-03	5.608869e-03	8.838149e-04	6.050777e-03	-5.166962e-03
176           	1.101741e-02	-2.528739e-03	1.354615e-02	1.366228e-02	6.221247e-03	7.441032e-03	-6.098927e-04	-8.037444e-03	5.604942e-03	8.838197e-04	6.046852e-03	-5.163032e-03
177           	1.101014e-02	-2.533624e-03	1.354377e-02	1.366526e-02	6.221830e-03	7.443434e-03	-6.108017e-04	-8.038695e-03	5.601108e-03	8.838261e-04	6.043021e-03	-5.159194e-03
178           	1.100305e-02	-2.538306e-03	1.354136e-02	1.366801e-02	6.222377e-03	7.445638e-03	-6.116307e-04	-8.039832e-03	5.597367e-03	8.838325e-04	6.039283e-03	-5.155451e-03
179           	1.099613e-02	-2.542796e-03	1.353893e-02	1.367054e-02	6.222888e-03	7.447657e-03	-6.123848e-04	-8.040862e-03	5.593719e-03	8.838391e-04	6.035638e-03	-5.151799e-03
180           	1.098938e-02	-2.547100e-03	1.353648e-02	1.367287e-02	6.223365e-03	7.449501e-03	-6.130682e-04	-8.041791e-03	5.590161e-03	8.838459e-04	6.032084e-03	-5.148238e-03
181           	1.098280e-02	-2.551226e-03	1.353402e-02	1.367499e-02	6.223809e-03	7.451179e-03	-6.136849e-04	-8.042625e-03	5.586690e-03	8.838529e-04	6.028616e-03	-5.144764e-03
182           	1.097637e-02	-2.555184e-03	1.353155e-02	1.367692e-02	6.224222e-03	7.452700e-03	-6.142389e-04	-8.043369e-03	5.583305e-03	8.838602e-04	6.025235e-03	-5.141375e-03
183           	1.097010e-02	-2.558979e-03	1.352908e-02	1.367868e-02	6.224606e-03	7.454074e-03	-6.147342e-04	-8.044029e-03	5.580003e-03	8.838680e-04	6.021937e-03	-5.138069e-03
184           	1.096398e-02	-2.562621e-03	1.352660e-02	1.368027e-02	6.224961e-03	7.455311e-03	-6.151747e-04	-8.044611e-03	5.576783e-03	8.838763e-04	6.018721e-03	-5.134844e-03
185           	1.095801e-02	-2.566115e-03	1.352413e-02	1.368171e-02	6.225290e-03	7.456418e-03	-6.155643e-04	-8.045120e-03	5.573641e-03	8.838851e-04	6.015584e-03	-5.131699e-03
186           	1.095218e-02	-2.569469e-03	1.352165e-02	1.368300e-02	6.225593e-03	7.457406e-03	-6.159067e-04	-8.045561e-03	5.570578e-03	8.838944e-04	6.012525e-03	-5.128630e-03
187           	1.094650e-02	-2.572689e-03	1.351919e-02	1.368415e-02	6.225872e-03	7.458283e-03	-6.162056e-04	-8.045939e-03	5.567590e-03	8.839042e-04	6.009542e-03	-5.125638e-03
188           	1.094095e-02	-2.575781e-03	1.351674e-02	1.368518e-02	6.226128e-03	7.459056e-03	-6.164643e-04	-8.046258e-03	5.564676e-03	8.839144e-04	6.006633e-03	-5.122719e-03
189           	1.093555e-02	-2.578751e-03	1.351430e-02	1.368610e-02	6.226362e-03	7.459734e-03	-6.166860e-04	-8.046524e-03	5.561835e-03	8.839251e-04	6.003797e-03	-5.119872e-03
190           	1.093027e-02	-2.581605e-03	1.351187e-02	1.368690e-02	6.226576e-03	7.460324e-03	-6.168737e-04	-8.046739e-03	5.559065e-03	8.839360e-04	6.001033e-03	-5.117097e-03
191           	1.092512e-02	-2.584348e-03	1.350947e-02	1.368760e-02	6.226771e-03	7.460832e-03	-6.170306e-04	-8.046910e-03	5.556364e-03	8.839472e-04	5.998338e-03	-5.114391e-03
192           	1.092011e-02	-2.586986e-03	1.350709e-02	1.368821e-02	6.226948e-03	7.461266e-03	-6.171592e-04	-8.047039e-03	5.553732e-03	8.839586e-04	5.995711e-03	-5.111752e-03
193           	1.091521e-02	-2.589525e-03	1.350474e-02	1.368874e-02	6.227108e-03	7.461632e-03	-6.172621e-04	-8.047132e-03	5.551166e-03	8.839701e-04	5.993151e-03	-5.109181e-03
194           	1.091044e-02	-2.591969e-03	1.350241e-02	1.368919e-02	6.227252e-03	7.461936e-03	-6.173419e-04	-8.047191e-03	5.548665e-03	8.839818e-04	5.990656e-03	-5.106674e-03
195           	1.090579e-02	-2.594324e-03	1.350012e-02	1.368957e-02	6.227382e-03	7.462183e-03	-6.174006e-04	-8.047220e-03	5.546227e-03	8.839937e-04	5.988224e-03	-5.104230e-03
196           	1.090126e-02	-2.596593e-03	1.349785e-02	1.368988e-02	6.227498e-03	7.462379e-03	-6.174401e-04	-8.047223e-03	5.543852e-03	8.840057e-04	5.985855e-03	-5.101849e-03
197           	1.089684e-02	-2.598781e-03	1.349562e-02	1.369013e-02	6.227602e-03	7.462526e-03	-6.174620e-04	-8.047201e-03	5.541537e-03	8.840178e-04	5.983546e-03	-5.099528e-03
198           	1.089253e-02	-2.600892e-03	1.349342e-02	1.369032e-02	6.227694e-03	7.462630e-03	-6.174679e-04	-8.047157e-03	5.539281e-03	8.840301e-04	5.981296e-03	-5.097266e-03
199           	1.088833e-02	-2.602929e-03	1.349126e-02	1.369047e-02	6.227776e-03	7.462694e-03	-6.174590e-04	-8.047094e-03	5.537083e-03	8.840424e-04	5.979104e-03	-5.095062e-03
200           	1.088424e-02	-2.604894e-03	1.348913e-02	1.369057e-02	6.227847e-03	7.462720e-03	-6.174365e-04	-8.047013e-03	5.534941e-03	8.840548e-04	5.976968e-03	-5.092914e-03
201           	1.088025e-02	-2.606792e-03	1.348704e-02	1.369062e-02	6.227910e-03	7.462714e-03	-6.174017e-04	-8.046915e-03	5.532854e-03	8.840674e-04	5.974888e-03	-5.090821e-03
202           	1.087636e-02	-2.608624e-03	1.348498e-02	1.369064e-02	6.227965e-03	7.462676e-03	-6.173555e-04	-8.046804e-03	5.530822e-03	8.840799e-04	5.972862e-03	-5.088782e-03
203           	1.087257e-02	-2.610394e-03	1.348296e-02	1.369062e-02	6.228012e-03	7.462610e-03	-6.172990e-04	-8.046679e-03	5.528841e-03	8.840925e-04	5.970888e-03	-5.086795e-03
204           	1.086888e-02	-2.612104e-03	1.348098e-02	1.369057e-02	6.228052e-03	7.462518e-03	-6.172330e-04	-8.046543e-03	5.526913e-03	8.841052e-04	5.968965e-03	-5.084860e-03
205           	1.086729e-02	-2.612556e-03	1.347985e-02	1.369001e-02	6.227980e-03	7.462030e-03	-6.170250e-04	-8.046201e-03	5.526042e-03	8.840336e-04	5.968058e-03	-5.084025e-03
206           	1.086585e-02	-2.612810e-03	1.347866e-02	1.368915e-02	6.227837e-03	7.461308e-03	-6.167351e-04	-8.045735e-03	5.525229e-03	8.839103e-04	5.967184e-03	-5.083273e-03
207           	1.086445e-02	-2.613011e-03	1.347746e-02	1.368819e-02	6.227667e-03	7.460523e-03	-6.164281e-04	-8.045238e-03	5.524431e-03	8.837694e-04	5.966316e-03	-5.082547e-03
208           	1.086301e-02	-2.613283e-03	1.347629e-02	1.368733e-02	6.227505e-03	7.459821e-03	-6.161581e-04	-8.044786e-03	5.523614e-03	8.836401e-04	5.965434e-03	-5.081794e-03
209           	1.086143e-02	-2.613720e-03	1.347515e-02	1.368668e-02	6.227378e-03	7.459302e-03	-6.159620e-04	-8.044437e-03	5.522749e-03	8.835438e-04	5.964521e-03	-5.080977e-03
210           	1.085973e-02	-2.614341e-03	1.347407e-02	1.368630e-02	6.227298e-03	7.459002e-03	-6.158520e-04	-8.044205e-03	5.521834e-03	8.834870e-04	5.963577e-03	-5.080090e-03
211           	1.085789e-02	-2.615145e-03	1.347303e-02	1.368617e-02	6.227266e-03	7.458908e-03	-6.158209e-04	-8.044089e-03	5.520867e-03	8.834712e-04	5.962602e-03	-5.079131e-03
212           	1.085595e-02	-2.616080e-03	1.347203e-02	1.368624e-02	6.227272e-03	7.458966e-03	-6.158467e-04	-8.044057e-03	5.519867e-03	8.834875e-04	5.961610e-03	-5.078123e-03
213           	1.085398e-02	-2.617092e-03	1.347107e-02	1.368642e-02	6.227304e-03	7.459119e-03	-6.159070e-04	-8.044080e-03	5.518853e-03	8.835256e-04	5.960616e-03	-5.077090e-03
214           	1.085200e-02	-2.618123e-03	1.347012e-02	1.368666e-02	6.227352e-03	7.459304e-03	-6.159760e-04	-8.044123e-03	5.517845e-03	8.835732e-04	5.959632e-03	-5.076058e-03
215           	1.085008e-02	-2.619121e-03	1.346920e-02	1.368687e-02	6.227402e-03	7.459468e-03	-6.160331e-04	-8.044159e-03	5.516861e-03	8.836195e-04	5.958671e-03	-5.075052e-03
216           	1.084824e-02	-2.620045e-03	1.346828e-02	1.368701e-02	6.227445e-03	7.459568e-03	-6.160614e-04	-8.044163e-03	5.515915e-03	8.836551e-04	5.957743e-03	-5.074088e-03
217           	1.084649e-02	-2.620881e-03	1.346737e-02	1.368706e-02	6.227475e-03	7.459586e-03	-6.160557e-04	-8.044127e-03	5.515012e-03	8.836774e-04	5.956851e-03	-5.073174e-03
218           	1.084484e-02	-2.621625e-03	1.346647e-02	1.368701e-02	6.227488e-03	7.459519e-03	-6.160155e-04	-8.044047e-03	5.514153e-03	8.836852e-04	5.955996e-03	-5.072311e-03
219           	1.084328e-02	-2.622296e-03	1.346557e-02	1.368687e-02	6.227487e-03	7.459386e-03	-6.159494e-04	-8.043935e-03	5.513331e-03	8.836818e-04	5.955172e-03	-5.071490e-03
220           	1.084178e-02	-2.622903e-03	1.346468e-02	1.368667e-02	6.227472e-03	7.459197e-03	-6.158622e-04	-8.043792e-03	5.512539e-03	8.836687e-04	5.954373e-03	-5.070704e-03
221           	1.084033e-02	-2.623458e-03	1.346379e-02	1.368641e-02	6.227449e-03	7.458963e-03	-6.157568e-04	-8.043624e-03	5.511771e-03	8.836487e-04	5.953595e-03	-5.069947e-03
222           	1.083891e-02	-2.624002e-03	1.346291e-02	1.368615e-02	6.227423e-03	7.458727e-03	-6.156519e-04	-8.043455e-03	5.511013e-03	8.836282e-04	5.952828e-03	-5.069199e-03
223           	1.083748e-02	-2.624555e-03	1.346204e-02	1.368590e-02	6.227397e-03	7.458508e-03	-6.155554e-04	-8.043295e-03	5.510259e-03	8.836108e-04	5.952064e-03	-5.068454e-03
224           	1.083604e-02	-2.625140e-03	1.346118e-02	1.368571e-02	6.227375e-03	7.458332e-03	-6.154784e-04	-8.043160e-03	5.509500e-03	8.836002e-04	5.951300e-03	-5.067700e-03
225           	1.083459e-02	-2.625745e-03	1.346034e-02	1.368554e-02	6.227359e-03	7.458183e-03	-6.154122e-04	-8.043040e-03	5.508740e-03	8.835950e-04	5.950537e-03	-5.066942e-03
226           	1.083314e-02	-2.626367e-03	1.345950e-02	1.368541e-02	6.227349e-03	7.458058e-03	-6.153546e-04	-8.042935e-03	5.507979e-03	8.835948e-04	5.949777e-03	-5.066182e-03
227           	1.083168e-02	-2.626997e-03	1.345868e-02	1.368529e-02	6.227345e-03	7.457949e-03	-6.153020e-04	-8.042839e-03	5.507222e-03	8.835986e-04	5.949021e-03	-5.065423e-03
228           	1.083024e-02	-2.627629e-03	1.345787e-02	1.368519e-02	6.227346e-03	7.457847e-03	-6.152505e-04	-8.042749e-03	5.506470e-03	8.836049e-04	5.948273e-03	-5.064668e-03
229           	1.082882e-02	-2.628252e-03	1.345707e-02	1.368509e-02	6.227349e-03	7.457742e-03	-6.151964e-04	-8.042659e-03	5.505729e-03	8.836121e-04	5.947535e-03	-5.063923e-03
230           	1.082742e-02	-2.628852e-03	1.345627e-02	1.368497e-02	6.227355e-03	7.457620e-03	-6.151325e-04	-8.042562e-03	5.505001e-03	8.836177e-04	5.946810e-03	-5.063192e-03
231           	1.082605e-02	-2.629434e-03	1.345549e-02	1.368484e-02	6.227360e-03	7.457485e-03	-6.150625e-04	-8.042461e-03	5.504287e-03	8.836226e-04	5.946099e-03	-5.062476e-03
232           	1.082471e-02	-2.629997e-03	1.345471e-02	1.368470e-02	6.227364e-03	7.457336e-03	-6.149861e-04	-8.042353e-03	5.503588e-03	8.836264e-04	5.945401e-03	-5.061775e-03
233           	1.082340e-02	-2.630539e-03	1.345394e-02	1.368454e-02	6.227367e-03	7.457175e-03	-6.149039e-04	-8.042240e-03	5.502903e-03	8.836291e-04	5.944718e-03	-5.061089e-03
234           	1.082212e-02	-2.631063e-03	1.345318e-02	1.368437e-02	6.227367e-03	7.457002e-03	-6.148174e-04	-8.042122e-03	5.502232e-03	8.836308e-04	5.944047e-03	-5.060417e-03
235           	1.082086e-02	-2.631572e-03	1.345243e-02	1.368419e-02	6.227366e-03	7.456823e-03	-6.147286e-04	-8.042001e-03	5.501573e-03	8.836317e-04	5.943389e-03	-5.059757e-03
236           	1.081962e-02	-2.632070e-03	1.345169e-02	1.368401e-02	6.227364e-03	7.456642e-03	-6.146392e-04	-8.041879e-03	5.500925e-03	8.836323e-04	5.942741e-03	-5.059109e-03
237           	1.081840e-02	-2.632559e-03	1.345096e-02	1.368382e-02	6.227360e-03	7.456462e-03	-6.145510e-04	-8.041758e-03	5.500286e-03	8.836330e-04	5.942103e-03	-5.058470e-03
238           	1.081719e-02	-2.633043e-03	1.345024e-02	1.368364e-02	6.227357e-03	7.456287e-03	-6.144648e-04	-8.041640e-03	5.499657e-03	8.836340e-04	5.941474e-03	-5.057840e-03
239           	1.081600e-02	-2.633522e-03	1.344953e-02	1.368347e-02	6.227354e-03	7.456117e-03	-6.143813e-04	-8.041524e-03	5.499035e-03	8.836355e-04	5.940853e-03	-5.057218e-03
240           	1.081483e-02	-2.633998e-03	1.344883e-02	1.368330e-02	6.227352e-03	7.455952e-03	-6.143002e-04	-8.041413e-03	5.498422e-03	8.836376e-04	5.940241e-03	-5.056603e-03
241           	1.081366e-02	-2.634480e-03	1.344814e-02	1.368316e-02	6.227349e-03	7.455807e-03	-6.142290e-04	-8.041312e-03	5.497814e-03	8.836411e-04	5.939635e-03	-5.055993e-03
242           	1.081252e-02	-2.634954e-03	1.344747e-02	1.368301e-02	6.227347e-03	7.455661e-03	-6.141567e-04	-8.041211e-03	5.497215e-03	8.836449e-04	5.939038e-03	-5.055393e-03
243           	1.081139e-02	-2.635418e-03	1.344680e-02	1.368286e-02	6.227347e-03	7.455512e-03	-6.140826e-04	-8.041110e-03	5.496626e-03	8.836488e-04	5.938450e-03	-5.054801e-03
244           	1.081027e-02	-2.635872e-03	1.344614e-02	1.368271e-02	6.227347e-03	7.455360e-03	-6.140062e-04	-8.041008e-03	5.496046e-03	8.836526e-04	5.937872e-03	-5.054219e-03
245           	1.080918e-02	-2.636316e-03	1.344550e-02	1.368255e-02	6.227349e-03	7.455204e-03	-6.139277e-04	-8.040906e-03	5.495475e-03	8.836566e-04	5.937303e-03	-5.053647e-03
246           	1.080810e-02	-2.636750e-03	1.344485e-02	1.368240e-02	6.227351e-03	7.455045e-03	-6.138474e-04	-8.040802e-03	5.494913e-03	8.836605e-04	5.936744e-03	-5.053083e-03
247           	1.080705e-02	-2.637175e-03	1.344422e-02	1.368224e-02	6.227352e-03	7.454884e-03	-6.137659e-04	-8.040698e-03	5.494361e-03	8.836646e-04	5.936193e-03	-5.052529e-03
248           	1.080600e-02	-2.637592e-03	1.344360e-02	1.368208e-02	6.227354e-03	7.454722e-03	-6.136839e-04	-8.040594e-03	5.493817e-03	8.836688e-04	5.935652e-03	-5.051983e-03
249           	1.080498e-02	-2.638001e-03	1.344298e-02	1.368191e-02	6.227355e-03	7.454559e-03	-6.136020e-04	-8.040491e-03	5.493282e-03	8.836732e-04	5.935119e-03	-5.051446e-03
250           	1.080397e-02	-2.638404e-03	1.344237e-02	1.368175e-02	6.227355e-03	7.454397e-03	-6.135208e-04	-8.040388e-03	5.492755e-03	8.836778e-04	5.934594e-03	-5.050916e-03
251           	1.080297e-02	-2.638801e-03	1.344177e-02	1.368159e-02	6.227356e-03	7.454237e-03	-6.134406e-04	-8.040287e-03	5.492236e-03	8.836827e-04	5.934077e-03	-5.050394e-03
252           	1.080199e-02	-2.639192e-03	1.344118e-02	1.368143e-02	6.227355e-03	7.454079e-03	-6.133618e-04	-8.040187e-03	5.491724e-03	8.836878e-04	5.933568e-03	-5.049880e-03
253           	1.080102e-02	-2.639577e-03	1.344060e-02	1.368128e-02	6.227355e-03	7.453924e-03	-6.132844e-04	-8.040089e-03	5.491220e-03	8.836932e-04	5.933067e-03	-5.049373e-03
254           	1.080007e-02	-2.639958e-03	1.344003e-02	1.368113e-02	6.227354e-03	7.453771e-03	-6.132086e-04	-8.039993e-03	5.490723e-03	8.836988e-04	5.932573e-03	-5.048874e-03
255           	1.079913e-02	-2.640334e-03	1.343946e-02	1.368097e-02	6.227353e-03	7.453622e-03	-6.131342e-04	-8.039899e-03	5.490234e-03	8.837046e-04	5.932086e-03	-5.048382e-03
256           	1.079820e-02	-2.640704e-03	1.343891e-02	1.368083e-02	6.227353e-03	7.453475e-03	-6.130611e-04	-8.039807e-03	5.489752e-03	8.837104e-04	5.931608e-03	-5.047897e-03
257           	1.079729e-02	-2.641070e-03	1.343836e-02	1.368068e-02	6.227352e-03	7.453331e-03	-6.129891e-04	-8.039717e-03	5.489278e-03	8.837164e-04	5.931136e-03	-5.047420e-03
258           	1.079640e-02	-2.641430e-03	1.343783e-02	1.368054e-02	6.227352e-03	7.453188e-03	-6.129181e-04	-8.039628e-03	5.488811e-03	8.837225e-04	5.930672e-03	-5.046949e-03
259           	1.079551e-02	-2.641785e-03	1.343730e-02	1.368040e-02	6.227352e-03	7.453048e-03	-6.128479e-04	-8.039542e-03	5.488351e-03	8.837286e-04	5.930215e-03	-5.046487e-03
260           	1.079464e-02	-2.642135e-03	1.343678e-02	1.368026e-02	6.227353e-03	7.452910e-03	-6.127784e-04	-8.039457e-03	5.487898e-03	8.837348e-04	5.929766e-03	-5.046031e-03
261           	1.079379e-02	-2.642479e-03	1.343627e-02	1.368013e-02	6.227353e-03	7.452772e-03	-6.127095e-04	-8.039374e-03	5.487453e-03	8.837411e-04	5.929323e-03	-5.045582e-03
262           	1.079295e-02	-2.642817e-03	1.343577e-02	1.367999e-02	6.227354e-03	7.452637e-03	-6.126413e-04	-8.039291e-03	5.487015e-03	8.837474e-04	5.928888e-03	-5.045141e-03
263           	1.079212e-02	-2.643151e-03	1.343527e-02	1.367986e-02	6.227355e-03	7.452502e-03	-6.125737e-04	-8.039211e-03	5.486583e-03	8.837538e-04	5.928460e-03	-5.044706e-03
264           	1.079131e-02	-2.643479e-03	1.343478e-02	1.367973e-02	6.227356e-03	7.452369e-03	-6.125068e-04	-8.039131e-03	5.486159e-03	8.837603e-04	5.928039e-03	-5.044279e-03
265           	1.079050e-02	-2.643801e-03	1.343430e-02	1.367959e-02	6.227357e-03	7.452238e-03	-6.124408e-04	-8.039053e-03	5.485741e-03	8.837668e-04	5.927625e-03	-5.043858e-03
266           	1.078971e-02	-2.644119e-03	1.343383e-02	1.367947e-02	6.227358e-03	7.452109e-03	-6.123757e-04	-8.038976e-03	5.485331e-03	8.837734e-04	5.927217e-03	-5.043444e-03
267           	1.078894e-02	-2.644432e-03	1.343337e-02	1.367934e-02	6.227358e-03	7.451982e-03	-6.123115e-04	-8.038901e-03	5.484926e-03	8.837800e-04	5.926816e-03	-5.043036e-03
268           	1.078817e-02	-2.644740e-03	1.343291e-02	1.367922e-02	6.227359e-03	7.451856e-03	-6.122485e-04	-8.038827e-03	5.484529e-03	8.837867e-04	5.926422e-03	-5.042635e-03
269           	1.078742e-02	-2.645044e-03	1.343247e-02	1.367909e-02	6.227360e-03	7.451734e-03	-6.121865e-04	-8.038755e-03	5.484137e-03	8.837934e-04	5.926034e-03	-5.042240e-03
270           	1.078668e-02	-2.645343e-03	1.343203e-02	1.367897e-02	6.227362e-03	7.451613e-03	-6.121257e-04	-8.038684e-03	5.483752e-03	8.838002e-04	5.925652e-03	-5.041852e-03
271           	1.078596e-02	-2.645637e-03	1.343159e-02	1.367886e-02	6.227363e-03	7.451495e-03	-6.120660e-04	-8.038615e-03	5.483373e-03	8.838071e-04	5.925277e-03	-5.041470e-03
272           	1.078524e-02	-2.645927e-03	1.343117e-02	1.367874e-02	6.227364e-03	7.451379e-03	-6.120073e-04	-8.038547e-03	5.483000e-03	8.838139e-04	5.924907e-03	-5.041094e-03
273           	1.078454e-02	-2.646213e-03	1.343075e-02	1.367863e-02	6.227365e-03	7.451265e-03	-6.119496e-04	-8.038481e-03	5.482634e-03	8.838208e-04	5.924544e-03	-5.040723e-03
274           	1.078384e-02	-2.646495e-03	1.343034e-02	1.367852e-02	6.227367e-03	7.451153e-03	-6.118929e-04	-8.038417e-03	5.482273e-03	8.838278e-04	5.924187e-03	-5.040359e-03
275           	1.078316e-02	-2.646773e-03	1.342993e-02	1.367841e-02	6.227368e-03	7.451043e-03	-6.118372e-04	-8.038353e-03	5.481918e-03	8.838348e-04	5.923836e-03	-5.040001e-03
276           	1.078249e-02	-2.647046e-03	1.342954e-02	1.367831e-02	6.227370e-03	7.450935e-03	-6.117824e-04	-8.038292e-03	5.481569e-03	8.838418e-04	5.923490e-03	-5.039648e-03
277           	1.078183e-02	-2.647315e-03	1.342915e-02	1.367820e-02	6.227372e-03	7.450829e-03	-6.117287e-04	-8.038231e-03	5.481226e-03	8.838488e-04	5.923150e-03	-5.039302e-03
278           	1.078118e-02	-2.647580e-03	1.342876e-02	1.367810e-02	6.227374e-03	7.450726e-03	-6.116759e-04	-8.038172e-03	5.480889e-03	8.838558e-04	5.922816e-03	-5.038961e-03
279           	1.078055e-02	-2.647841e-03	1.342839e-02	1.367800e-02	6.227376e-03	7.450624e-03	-6.116241e-04	-8.038115e-03	5.480557e-03	8.838628e-04	5.922488e-03	-5.038625e-03
280           	1.077992e-02	-2.648099e-03	1.342802e-02	1.367790e-02	6.227378e-03	7.450525e-03	-6.115733e-04	-8.038059e-03	5.480230e-03	8.838699e-04	5.922165e-03	-5.038295e-03
281           	1.077930e-02	-2.648352e-03	1.342766e-02	1.367781e-02	6.227380e-03	7.450427e-03	-6.115236e-04	-8.038004e-03	5.479909e-03	8.838769e-04	5.921848e-03	-5.037971e-03
282           	1.077870e-02	-2.648602e-03	1.342730e-02	1.367771e-02	6.227382e-03	7.450332e-03	-6.114750e-04	-8.037951e-03	5.479594e-03	8.838839e-04	5.921536e-03	-5.037652e-03
283           	1.077810e-02	-2.648850e-03	1.342695e-02	1.367763e-02	6.227383e-03	7.450244e-03	-6.114303e-04	-8.037901e-03	5.479283e-03	8.838903e-04	5.921228e-03	-5.037338e-03
284           	1.077752e-02	-2.649094e-03	1.342661e-02	1.367754e-02	6.227385e-03	7.450157e-03	-6.113859e-04	-8.037852e-03	5.478978e-03	8.838969e-04	5.920926e-03	-5.037029e-03
285           	1.077694e-02	-2.649332e-03	1.342627e-02	1.367745e-02	6.227388e-03	7.450066e-03	-6.113389e-04	-8.037802e-03	5.478678e-03	8.839043e-04	5.920630e-03	-5.036726e-03
286           	1.077637e-02	-2.649568e-03	1.342594e-02	1.367737e-02	6.227391e-03	7.449982e-03	-6.112955e-04	-8.037755e-03	5.478383e-03	8.839110e-04	5.920339e-03	-5.036427e-03
287           	1.077582e-02	-2.649800e-03	1.342562e-02	1.367729e-02	6.227394e-03	7.449899e-03	-6.112526e-04	-8.037709e-03	5.478093e-03	8.839179e-04	5.920052e-03	-5.036134e-03
288           	1.077527e-02	-2.650029e-03	1.342530e-02	1.367721e-02	6.227397e-03	7.449817e-03	-6.112102e-04	-8.037665e-03	5.477808e-03	8.839248e-04	5.919771e-03	-5.035846e-03
289           	1.077473e-02	-2.650254e-03	1.342499e-02	1.367714e-02	6.227400e-03	7.449737e-03	-6.111684e-04	-8.037621e-03	5.477528e-03	8.839318e-04	5.919494e-03	-5.035562e-03
290           	1.077421e-02	-2.650475e-03	1.342468e-02	1.367706e-02	6.227404e-03	7.449659e-03	-6.111274e-04	-8.037578e-03	5.477253e-03	8.839387e-04	5.919223e-03	-5.035284e-03
291           	1.077369e-02	-2.650693e-03	1.342438e-02	1.367699e-02	6.227408e-03	7.449583e-03	-6.110873e-04	-8.037537e-03	5.476983e-03	8.839457e-04	5.918956e-03	-5.035010e-03
292           	1.077318e-02	-2.650907e-03	1.342409e-02	1.367692e-02	6.227412e-03	7.449508e-03	-6.110481e-04	-8.037496e-03	5.476718e-03	8.839525e-04	5.918694e-03	-5.034741e-03
293           	1.077268e-02	-2.651117e-03	1.342380e-02	1.367685e-02	6.227416e-03	7.449436e-03	-6.110101e-04	-8.037457e-03	5.476457e-03	8.839593e-04	5.918436e-03	-5.034477e-03
294           	1.077219e-02	-2.651325e-03	1.342351e-02	1.367679e-02	6.227420e-03	7.449366e-03	-6.109731e-04	-8.037419e-03	5.476200e-03	8.839661e-04	5.918183e-03	-5.034217e-03
295           	1.077171e-02	-2.651528e-03	1.342323e-02	1.367672e-02	6.227424e-03	7.449298e-03	-6.109372e-04	-8.037381e-03	5.475949e-03	8.839727e-04	5.917935e-03	-5.033962e-03
296           	1.077123e-02	-2.651729e-03	1.342296e-02	1.367666e-02	6.227428e-03	7.449232e-03	-6.109024e-04	-8.037345e-03	5.475701e-03	8.839793e-04	5.917691e-03	-5.033712e-03
297           	1.077077e-02	-2.651927e-03	1.342269e-02	1.367660e-02	6.227431e-03	7.449169e-03	-6.108687e-04	-8.037310e-03	5.475458e-03	8.839858e-04	5.917451e-03	-5.033466e-03
298           	1.077031e-02	-2.652121e-03	1.342243e-02	1.367654e-02	6.227435e-03	7.449107e-03	-6.108361e-04	-8.037276e-03	5.475220e-03	8.839922e-04	5.917216e-03	-5.033224e-03
299           	1.076986e-02	-2.652313e-03	1.342217e-02	1.367649e-02	6.227439e-03	7.449048e-03	-6.108045e-04	-8.037243e-03	5.474985e-03	8.839986e-04	5.916985e-03	-5.032986e-03
300           	1.076942e-02	-2.652501e-03	1.342192e-02	1.367643e-02	6.227442e-03	7.448990e-03	-6.107739e-04	-8.037212e-03	5.474755e-03	8.840049e-04	5.916758e-03	-5.032753e-03
301           	1.076899e-02	-2.652687e-03	1.342167e-02	1.367638e-02	6.227446e-03	7.448935e-03	-6.107443e-04	-8.037181e-03	5.474529e-03	8.840113e-04	5.916534e-03	-5.032523e-03
302           	1.076856e-02	-2.652871e-03	1.342143e-02	1.367633e-02	6.227451e-03	7.448882e-03	-6.107157e-04	-8.037152e-03	5.474307e-03	8.840175e-04	5.916315e-03	-5.032298e-03
303           	1.076814e-02	-2.653052e-03	1.342120e-02	1.367629e-02	6.227455e-03	7.448831e-03	-6.106881e-04	-8.037124e-03	5.474088e-03	8.840238e-04	5.916100e-03	-5.032076e-03
304           	1.076774e-02	-2.653230e-03	1.342096e-02	1.367624e-02	6.227459e-03	7.448782e-03	-6.106614e-04	-8.037097e-03	5.473874e-03	8.840300e-04	5.915889e-03	-5.031859e-03
305           	1.076733e-02	-2.653405e-03	1.342074e-02	1.367620e-02	6.227464e-03	7.448735e-03	-6.106357e-04	-8.037072e-03	5.473663e-03	8.840361e-04	5.915681e-03	-5.031645e-03
306           	1.076694e-02	-2.653579e-03	1.342052e-02	1.367616e-02	6.227468e-03	7.448690e-03	-6.106109e-04	-8.037047e-03	5.473456e-03	8.840422e-04	5.915478e-03	-5.031435e-03
307           	1.076655e-02	-2.653749e-03	1.342030e-02	1.367612e-02	6.227473e-03	7.448647e-03	-6.105871e-04	-8.037024e-03	5.473253e-03	8.840482e-04	5.915278e-03	-5.031229e-03
308           	1.076617e-02	-2.653917e-03	1.342009e-02	1.367608e-02	6.227478e-03	7.448606e-03	-6.105640e-04	-8.037002e-03	5.473054e-03	8.840541e-04	5.915081e-03	-5.031027e-03
309           	1.076580e-02	-2.654083e-03	1.341988e-02	1.367605e-02	6.227483e-03	7.448567e-03	-6.105419e-04	-8.036981e-03	5.472859e-03	8.840600e-04	5.914889e-03	-5.030829e-03
310           	1.076543e-02	-2.654246e-03	1.341968e-02	1.367602e-02	6.227488e-03	7.448529e-03	-6.105205e-04	-8.036961e-03	5.472667e-03	8.840658e-04	5.914699e-03	-5.030634e-03
311           	1.076507e-02	-2.654406e-03	1.341948e-02	1.367599e-02	6.227494e-03	7.448494e-03	-6.105000e-04	-8.036942e-03	5.472478e-03	8.840716e-04	5.914514e-03	-5.030442e-03
312           	1.076472e-02	-2.654565e-03	1.341928e-02	1.367596e-02	6.227499e-03	7.448459e-03	-6.104802e-04	-8.036924e-03	5.472293e-03	8.840772e-04	5.914332e-03	-5.030255e-03
313           	1.076437e-02	-2.654720e-03	1.341909e-02	1.367593e-02	6.227504e-03	7.448427e-03	-6.104613e-04	-8.036907e-03	5.472112e-03	8.840829e-04	5.914153e-03	-5.030070e-03
314           	1.076403e-02	-2.654874e-03	1.341891e-02	1.367591e-02	6.227510e-03	7.448396e-03	-6.104431e-04	-8.036891e-03	5.471934e-03	8.840884e-04	5.913978e-03	-5.029889e-03
315           	1.076370e-02	-2.655025e-03	1.341873e-02	1.367588e-02	6.227516e-03	7.448367e-03	-6.104256e-04	-8.036876e-03	5.471759e-03	8.840939e-04	5.913806e-03	-5.029712e-03
316           	1.076338e-02	-2.655174e-03	1.341855e-02	1.367586e-02	6.227521e-03	7.448339e-03	-6.104090e-04	-8.036862e-03	5.471587e-03	8.840993e-04	5.913637e-03	-5.029538e-03
317           	1.076306e-02	-2.655321e-03	1.341838e-02	1.367584e-02	6.227527e-03	7.448314e-03	-6.103931e-04	-8.036849e-03	5.471419e-03	8.841047e-04	5.913472e-03	-5.029367e-03
318           	1.076274e-02	-2.655466e-03	1.341821e-02	1.367582e-02	6.227533e-03	7.448289e-03	-6.103779e-04	-8.036837e-03	5.471254e-03	8.841100e-04	5.913309e-03	-5.029199e-03
319           	1.076244e-02	-2.655609e-03	1.341804e-02	1.367581e-02	6.227540e-03	7.448267e-03	-6.103635e-04	-8.036826e-03	5.471092e-03	8.841153e-04	5.913150e-03	-5.029035e-03
320           	1.076213e-02	-2.655749e-03	1.341788e-02	1.367579e-02	6.227546e-03	7.448246e-03	-6.103498e-04	-8.036817e-03	5.470933e-03	8.841205e-04	5.912994e-03	-5.028873e-03
321           	1.076184e-02	-2.655888e-03	1.341773e-02	1.367578e-02	6.227552e-03	7.448226e-03	-6.103369e-04	-8.036808e-03	5.470778e-03	8.841257e-04	5.912840e-03	-5.028715e-03
322           	1.076155e-02	-2.656025e-03	1.341757e-02	1.367577e-02	6.227559e-03	7.448208e-03	-6.103246e-04	-8.036800e-03	5.470625e-03	8.841307e-04	5.912690e-03	-5.028559e-03
323           	1.076127e-02	-2.656160e-03	1.341743e-02	1.367576e-02	6.227565e-03	7.448191e-03	-6.103131e-04	-8.036793e-03	5.470475e-03	8.841358e-04	5.912543e-03	-5.028407e-03
324           	1.076099e-02	-2.656292e-03	1.341728e-02	1.367575e-02	6.227572e-03	7.448176e-03	-6.103021e-04	-8.036786e-03	5.470328e-03	8.841407e-04	5.912399e-03	-5.028258e-03
325           	1.076072e-02	-2.656423e-03	1.341714e-02	1.367574e-02	6.227579e-03	7.448163e-03	-6.102919e-04	-8.036781e-03	5.470184e-03	8.841456e-04	5.912257e-03	-5.028111e-03
326           	1.076042e-02	-2.656592e-03	1.341701e-02	1.367578e-02	6.227596e-03	7.448187e-03	-6.102958e-04	-8.036802e-03	5.470032e-03	8.841564e-04	5.912110e-03	-5.027954e-03
327           	1.076014e-02	-2.656746e-03	1.341689e-02	1.367581e-02	6.227609e-03	7.448202e-03	-6.102967e-04	-8.036816e-03	5.469887e-03	8.841648e-04	5.911969e-03	-5.027804e-03
328           	1.075988e-02	-2.656883e-03	1.341676e-02	1.367582e-02	6.227618e-03	7.448205e-03	-6.102937e-04	-8.036821e-03	5.469748e-03	8.841710e-04	5.911834e-03	-5.027663e-03
329           	1.075963e-02	-2.657005e-03	1.341663e-02	1.367582e-02	6.227624e-03	7.448197e-03	-6.102863e-04	-8.036819e-03	5.469616e-03	8.841750e-04	5.911703e-03	-5.027528e-03
330           	1.075939e-02	-2.657113e-03	1.341651e-02	1.367581e-02	6.227628e-03	7.448178e-03	-6.102751e-04	-8.036810e-03	5.469489e-03	8.841776e-04	5.911578e-03	-5.027400e-03
331           	1.075917e-02	-2.657213e-03	1.341638e-02	1.367578e-02	6.227631e-03	7.448153e-03	-6.102611e-04	-8.036797e-03	5.469367e-03	8.841792e-04	5.911456e-03	-5.027277e-03
332           	1.075892e-02	-2.657348e-03	1.341627e-02	1.367581e-02	6.227643e-03	7.448163e-03	-6.102603e-04	-8.036808e-03	5.469237e-03	8.841862e-04	5.911330e-03	-5.027144e-03
333           	1.075869e-02	-2.657469e-03	1.341615e-02	1.367582e-02	6.227651e-03	7.448164e-03	-6.102562e-04	-8.036812e-03	5.469113e-03	8.841913e-04	5.911209e-03	-5.027018e-03
334           	1.075846e-02	-2.657579e-03	1.341604e-02	1.367581e-02	6.227658e-03	7.448157e-03	-6.102496e-04	-8.036810e-03	5.468995e-03	8.841947e-04	5.911092e-03	-5.026897e-03
335           	1.075822e-02	-2.657718e-03	1.341594e-02	1.367585e-02	6.227672e-03	7.448182e-03	-6.102548e-04	-8.036830e-03	5.468870e-03	8.842027e-04	5.910971e-03	-5.026769e-03
336           	1.075800e-02	-2.657838e-03	1.341584e-02	1.367587e-02	6.227682e-03	7.448192e-03	-6.102550e-04	-8.036839e-03	5.468752e-03	8.842080e-04	5.910856e-03	-5.026648e-03
337           	1.075780e-02	-2.657941e-03	1.341574e-02	1.367588e-02	6.227688e-03	7.448189e-03	-6.102506e-04	-8.036839e-03	5.468641e-03	8.842109e-04	5.910747e-03	-5.026536e-03
338           	1.075760e-02	-2.658031e-03	1.341563e-02	1.367587e-02	6.227691e-03	7.448175e-03	-6.102420e-04	-8.036832e-03	5.468536e-03	8.842122e-04	5.910642e-03	-5.026430e-03
339           	1.075739e-02	-2.658151e-03	1.341554e-02	1.367589e-02	6.227702e-03	7.448192e-03	-6.102449e-04	-8.036846e-03	5.468424e-03	8.842180e-04	5.910533e-03	-5.026315e-03
340           	1.075717e-02	-2.658292e-03	1.341546e-02	1.367595e-02	6.227719e-03	7.448233e-03	-6.102568e-04	-8.036876e-03	5.468308e-03	8.842272e-04	5.910422e-03	-5.026194e-03
341           	1.075697e-02	-2.658404e-03	1.341537e-02	1.367598e-02	6.227727e-03	7.448248e-03	-6.102604e-04	-8.036887e-03	5.468201e-03	8.842319e-04	5.910317e-03	-5.026085e-03
342           	1.075678e-02	-2.658498e-03	1.341528e-02	1.367598e-02	6.227733e-03	7.448248e-03	-6.102573e-04	-8.036889e-03	5.468102e-03	8.842343e-04	5.910219e-03	-5.025985e-03
343           	1.075662e-02	-2.658574e-03	1.341519e-02	1.367597e-02	6.227736e-03	7.448232e-03	-6.102479e-04	-8.036882e-03	5.468009e-03	8.842346e-04	5.910127e-03	-5.025892e-03
344           	1.075643e-02	-2.658673e-03	1.341511e-02	1.367598e-02	6.227743e-03	7.448241e-03	-6.102487e-04	-8.036889e-03	5.467911e-03	8.842383e-04	5.910030e-03	-5.025792e-03
345           	1.075624e-02	-2.658790e-03	1.341503e-02	1.367603e-02	6.227756e-03	7.448269e-03	-6.102566e-04	-8.036910e-03	5.467810e-03	8.842449e-04	5.909932e-03	-5.025687e-03
346           	1.075607e-02	-2.658887e-03	1.341495e-02	1.367605e-02	6.227765e-03	7.448281e-03	-6.102584e-04	-8.036920e-03	5.467716e-03	8.842485e-04	5.909840e-03	-5.025591e-03
347           	1.075588e-02	-2.659001e-03	1.341488e-02	1.367609e-02	6.227778e-03	7.448312e-03	-6.102671e-04	-8.036942e-03	5.467619e-03	8.842548e-04	5.909746e-03	-5.025491e-03
348           	1.075572e-02	-2.659091e-03	1.341481e-02	1.367611e-02	6.227786e-03	7.448322e-03	-6.102683e-04	-8.036951e-03	5.467530e-03	8.842577e-04	5.909659e-03	-5.025401e-03
349           	1.075557e-02	-2.659162e-03	1.341474e-02	1.367611e-02	6.227791e-03	7.448314e-03	-6.102616e-04	-8.036949e-03	5.467449e-03	8.842583e-04	5.909578e-03	-5.025320e-03
350           	1.075541e-02	-2.659252e-03	1.341467e-02	1.367613e-02	6.227800e-03	7.448327e-03	-6.102634e-04	-8.036959e-03	5.467363e-03	8.842617e-04	5.909494e-03	-5.025232e-03
351           	1.075525e-02	-2.659356e-03	1.341460e-02	1.367617e-02	6.227813e-03	7.448356e-03	-6.102713e-04	-8.036980e-03	5.467275e-03	8.842674e-04	5.909409e-03	-5.025141e-03
352           	1.075508e-02	-2.659471e-03	1.341455e-02	1.367623e-02	6.227830e-03	7.448398e-03	-6.102844e-04	-8.037009e-03	5.467185e-03	8.842747e-04	5.909322e-03	-5.025048e-03
353           	1.075493e-02	-2.659558e-03	1.341449e-02	1.367625e-02	6.227839e-03	7.448416e-03	-6.102884e-04	-8.037022e-03	5.467105e-03	8.842779e-04	5.909244e-03	-5.024966e-03
354           	1.075480e-02	-2.659619e-03	1.341442e-02	1.367625e-02	6.227842e-03	7.448410e-03	-6.102840e-04	-8.037020e-03	5.467032e-03	8.842779e-04	5.909171e-03	-5.024893e-03
355           	1.075466e-02	-2.659697e-03	1.341436e-02	1.367627e-02	6.227850e-03	7.448421e-03	-6.102857e-04	-8.037029e-03	5.466957e-03	8.842804e-04	5.909097e-03	-5.024817e-03
356           	1.075452e-02	-2.659786e-03	1.341431e-02	1.367631e-02	6.227861e-03	7.448446e-03	-6.102923e-04	-8.037046e-03	5.466880e-03	8.842847e-04	5.909022e-03	-5.024737e-03
357           	1.075437e-02	-2.659884e-03	1.341426e-02	1.367636e-02	6.227875e-03	7.448482e-03	-6.103032e-04	-8.037071e-03	5.466801e-03	8.842905e-04	5.908946e-03	-5.024656e-03
358           	1.075425e-02	-2.659954e-03	1.341420e-02	1.367637e-02	6.227882e-03	7.448491e-03	-6.103045e-04	-8.037078e-03	5.466732e-03	8.842923e-04	5.908878e-03	-5.024585e-03
359           	1.075412e-02	-2.660035e-03	1.341415e-02	1.367641e-02	6.227892e-03	7.448513e-03	-6.103106e-04	-8.037094e-03	5.466661e-03	8.842958e-04	5.908808e-03	-5.024513e-03
360           	1.075401e-02	-2.660089e-03	1.341410e-02	1.367641e-02	6.227896e-03	7.448510e-03	-6.103072e-04	-8.037093e-03	5.466598e-03	8.842959e-04	5.908746e-03	-5.024450e-03
361           	1.075389e-02	-2.660157e-03	1.341405e-02	1.367643e-02	6.227904e-03	7.448522e-03	-6.103092e-04	-8.037102e-03	5.466532e-03	8.842979e-04	5.908681e-03	-5.024383e-03
362           	1.075377e-02	-2.660235e-03	1.341400e-02	1.367646e-02	6.227914e-03	7.448546e-03	-6.103159e-04	-8.037119e-03	5.466466e-03	8.843016e-04	5.908616e-03	-5.024315e-03
363           	1.075364e-02	-2.660321e-03	1.341396e-02	1.367651e-02	6.227927e-03	7.448580e-03	-6.103265e-04	-8.037142e-03	5.466398e-03	8.843064e-04	5.908551e-03	-5.024245e-03
364           	1.075351e-02	-2.660413e-03	1.341393e-02	1.367656e-02	6.227941e-03	7.448622e-03	-6.103404e-04	-8.037170e-03	5.466330e-03	8.843119e-04	5.908486e-03	-5.024174e-03
365           	1.075341e-02	-2.660473e-03	1.341389e-02	1.367658e-02	6.227948e-03	7.448635e-03	-6.103434e-04	-8.037179e-03	5.466272e-03	8.843132e-04	5.908428e-03	-5.024115e-03
366           	1.075331e-02	-2.660541e-03	1.341385e-02	1.367661e-02	6.227957e-03	7.448657e-03	-6.103502e-04	-8.037194e-03	5.466213e-03	8.843156e-04	5.908370e-03	-5.024055e-03
367           	1.075320e-02	-2.660615e-03	1.341381e-02	1.367665e-02	6.227967e-03	7.448686e-03	-6.103597e-04	-8.037214e-03	5.466153e-03	8.843188e-04	5.908313e-03	-5.023994e-03
368           	1.075311e-02	-2.660659e-03	1.341377e-02	1.367666e-02	6.227971e-03	7.448686e-03	-6.103577e-04	-8.037216e-03	5.466103e-03	8.843184e-04	5.908262e-03	-5.023943e-03
369           	1.075302e-02	-2.660713e-03	1.341374e-02	1.367667e-02	6.227977e-03	7.448697e-03	-6.103600e-04	-8.037224e-03	5.466050e-03	8.843194e-04	5.908210e-03	-5.023891e-03
370           	1.075293e-02	-2.660774e-03	1.341370e-02	1.367670e-02	6.227986e-03	7.448718e-03	-6.103658e-04	-8.037238e-03	5.465997e-03	8.843217e-04	5.908158e-03	-5.023836e-03
371           	1.075283e-02	-2.660843e-03	1.341367e-02	1.367674e-02	6.227997e-03	7.448747e-03	-6.103749e-04	-8.037258e-03	5.465943e-03	8.843249e-04	5.908105e-03	-5.023780e-03
372           	1.075273e-02	-2.660916e-03	1.341365e-02	1.367679e-02	6.228009e-03	7.448782e-03	-6.103867e-04	-8.037281e-03	5.465889e-03	8.843287e-04	5.908053e-03	-5.023724e-03
373           	1.075263e-02	-2.660991e-03	1.341362e-02	1.367685e-02	6.228022e-03	7.448823e-03	-6.104007e-04	-8.037308e-03	5.465835e-03	8.843329e-04	5.908001e-03	-5.023669e-03
374           	1.075256e-02	-2.661036e-03	1.341359e-02	1.367686e-02	6.228027e-03	7.448833e-03	-6.104027e-04	-8.037315e-03	5.465791e-03	8.843331e-04	5.907957e-03	-5.023624e-03
375           	1.075248e-02	-2.661087e-03	1.341357e-02	1.367689e-02	6.228034e-03	7.448851e-03	-6.104081e-04	-8.037327e-03	5.465745e-03	8.843343e-04	5.907913e-03	-5.023578e-03
376           	1.075240e-02	-2.661143e-03	1.341354e-02	1.367692e-02	6.228043e-03	7.448875e-03	-6.104160e-04	-8.037343e-03	5.465700e-03	8.843362e-04	5.907868e-03	-5.023532e-03
377           	1.075232e-02	-2.661203e-03	1.341352e-02	1.367696e-02	6.228053e-03	7.448905e-03	-6.104261e-04	-8.037363e-03	5.465654e-03	8.843388e-04	5.907823e-03	-5.023485e-03
378           	1.075224e-02	-2.661266e-03	1.341350e-02	1.367700e-02	6.228064e-03	7.448940e-03	-6.104379e-04	-8.037385e-03	5.465608e-03	8.843417e-04	5.907779e-03	-5.023438e-03
379           	1.075216e-02	-2.661330e-03	1.341349e-02	1.367705e-02	6.228075e-03	7.448977e-03	-6.104512e-04	-8.037409e-03	5.465564e-03	8.843448e-04	5.907736e-03	-5.023391e-03
380           	1.075208e-02	-2.661394e-03	1.341347e-02	1.367710e-02	6.228086e-03	7.449017e-03	-6.104652e-04	-8.037434e-03	5.465520e-03	8.843480e-04	5.907694e-03	-5.023346e-03
381           	1.075201e-02	-2.661457e-03	1.341346e-02	1.367715e-02	6.228098e-03	7.449057e-03	-6.104795e-04	-8.037459e-03	5.465477e-03	8.843510e-04	5.907653e-03	-5.023302e-03
382           	1.075195e-02	-2.661486e-03	1.341344e-02	1.367716e-02	6.228101e-03	7.449060e-03	-6.104794e-04	-8.037463e-03	5.465444e-03	8.843500e-04	5.907619e-03	-5.023269e-03
383           	1.075190e-02	-2.661520e-03	1.341342e-02	1.367718e-02	6.228106e-03	7.449069e-03	-6.104816e-04	-8.037470e-03	5.465410e-03	8.843497e-04	5.907585e-03	-5.023235e-03
384           	1.075185e-02	-2.661558e-03	1.341340e-02	1.367720e-02	6.228112e-03	7.449084e-03	-6.104856e-04	-8.037481e-03	5.465376e-03	8.843502e-04	5.907551e-03	-5.023201e-03
385           	1.075179e-02	-2.661600e-03	1.341339e-02	1.367722e-02	6.228120e-03	7.449104e-03	-6.104918e-04	-8.037494e-03	5.465342e-03	8.843512e-04	5.907517e-03	-5.023166e-03
386           	1.075173e-02	-2.661646e-03	1.341338e-02	1.367726e-02	6.228129e-03	7.449129e-03	-6.105001e-04	-8.037511e-03	5.465307e-03	8.843528e-04	5.907484e-03	-5.023131e-03
387           	1.075167e-02	-2.661695e-03	1.341337e-02	1.367730e-02	6.228139e-03	7.449160e-03	-6.105105e-04	-8.037530e-03	5.465273e-03	8.843548e-04	5.907450e-03	-5.023095e-03
388           	1.075161e-02	-2.661746e-03	1.341336e-02	1.367734e-02	6.228149e-03	7.449195e-03	-6.105227e-04	-8.037552e-03	5.465238e-03	8.843570e-04	5.907417e-03	-5.023060e-03
389           	1.075155e-02	-2.661798e-03	1.341335e-02	1.367739e-02	6.228160e-03	7.449233e-03	-6.105364e-04	-8.037576e-03	5.465205e-03	8.843594e-04	5.907385e-03	-5.023025e-03
390           	1.075150e-02	-2.661851e-03	1.341335e-02	1.367744e-02	6.228171e-03	7.449273e-03	-6.105510e-04	-8.037600e-03	5.465172e-03	8.843617e-04	5.907353e-03	-5.022991e-03
391           	1.075144e-02	-2.661902e-03	1.341335e-02	1.367749e-02	6.228181e-03	7.449314e-03	-6.105663e-04	-8.037625e-03	5.465140e-03	8.843640e-04	5.907322e-03	-5.022958e-03
392           	1.075139e-02	-2.661953e-03	1.341335e-02	1.367755e-02	6.228191e-03	7.449354e-03	-6.105816e-04	-8.037650e-03	5.465110e-03	8.843661e-04	5.907293e-03	-5.022927e-03
393           	1.075135e-02	-2.662001e-03	1.341335e-02	1.367759e-02	6.228201e-03	7.449394e-03	-6.105964e-04	-8.037674e-03	5.465081e-03	8.843679e-04	5.907265e-03	-5.022897e-03
394           	1.075130e-02	-2.662047e-03	1.341335e-02	1.367764e-02	6.228210e-03	7.449431e-03	-6.106106e-04	-8.037697e-03	5.465053e-03	8.843695e-04	5.907237e-03	-5.022868e-03
395           	1.075126e-02	-2.662090e-03	1.341335e-02	1.367768e-02	6.228218e-03	7.449466e-03	-6.106238e-04	-8.037718e-03	5.465026e-03	8.843709e-04	5.907211e-03	-5.022841e-03
396           	1.075122e-02	-2.662130e-03	1.341335e-02	1.367772e-02	6.228227e-03	7.449498e-03	-6.106358e-04	-8.037739e-03	5.465001e-03	8.843720e-04	5.907187e-03	-5.022815e-03
397           	1.075118e-02	-2.662168e-03	1.341335e-02	1.367776e-02	6.228234e-03	7.449528e-03	-6.106468e-04	-8.037758e-03	5.464976e-03	8.843729e-04	5.907163e-03	-5.022790e-03
398           	1.075114e-02	-2.662203e-03	1.341335e-02	1.367780e-02	6.228242e-03	7.449556e-03	-6.106568e-04	-8.037775e-03	5.464953e-03	8.843736e-04	5.907140e-03	-5.022767e-03
399           	1.075111e-02	-2.662236e-03	1.341335e-02	1.367783e-02	6.228250e-03	7.449582e-03	-6.106661e-04	-8.037792e-03	5.464931e-03	8.843742e-04	5.907119e-03	-5.022744e-03
400           	1.075108e-02	-2.662268e-03	1.341335e-02	1.367786e-02	6.228257e-03	7.449607e-03	-6.106748e-04	-8.037808e-03	5.464910e-03	8.843747e-04	5.907098e-03	-5.022723e-03
401           	1.075105e-02	-2.662299e-03	1.341335e-02	1.367790e-02	6.228265e-03	7.449631e-03	-6.106833e-04	-8.037824e-03	5.464890e-03	8.843752e-04	5.907078e-03	-5.022702e-03
402           	1.075102e-02	-2.662329e-03	1.341335e-02	1.367793e-02	6.228272e-03	7.449656e-03	-6.106919e-04	-8.037840e-03	5.464870e-03	8.843757e-04	5.907058e-03	-5.022683e-03
403           	1.075099e-02	-2.662359e-03	1.341335e-02	1.367796e-02	6.228280e-03	7.449682e-03	-6.107009e-04	-8.037856e-03	5.464852e-03	8.843762e-04	5.907040e-03	-5.022663e-03
404           	1.075097e-02	-2.662388e-03	1.341336e-02	1.367800e-02	6.228288e-03	7.449709e-03	-6.107103e-04	-8.037873e-03	5.464833e-03	8.843767e-04	5.907022e-03	-5.022645e-03
405           	1.075094e-02	-2.662419e-03	1.341336e-02	1.367803e-02	6.228296e-03	7.449737e-03	-6.107204e-04	-8.037890e-03	5.464815e-03	8.843773e-04	5.907004e-03	-5.022627e-03
406           	1.075092e-02	-2.662449e-03	1.341337e-02	1.367807e-02	6.228304e-03	7.449767e-03	-6.107312e-04	-8.037908e-03	5.464798e-03	8.843779e-04	5.906987e-03	-5.022609e-03
407           	1.075090e-02	-2.662480e-03	1.341338e-02	1.367811e-02	6.228312e-03	7.449798e-03	-6.107427e-04	-8.037928e-03	5.464781e-03	8.843785e-04	5.906971e-03	-5.022592e-03
408           	1.075087e-02	-2.662511e-03	1.341338e-02	1.367815e-02	6.228321e-03	7.449831e-03	-6.107549e-04	-8.037947e-03	5.464765e-03	8.843792e-04	5.906955e-03	-5.022575e-03
409           	1.075085e-02	-2.662542e-03	1.341339e-02	1.367819e-02	6.228329e-03	7.449864e-03	-6.107677e-04	-8.037968e-03	5.464749e-03	8.843799e-04	5.906939e-03	-5.022559e-03
410           	1.075083e-02	-2.662574e-03	1.341340e-02	1.367824e-02	6.228337e-03	7.449899e-03	-6.107809e-04	-8.037989e-03	5.464734e-03	8.843807e-04	5.906924e-03	-5.022544e-03
411           	1.075081e-02	-2.662605e-03	1.341342e-02	1.367828e-02	6.228346e-03	7.449935e-03	-6.107945e-04	-8.038011e-03	5.464719e-03	8.843814e-04	5.906910e-03	-5.022529e-03
412           	1.075079e-02	-2.662636e-03	1.341343e-02	1.367832e-02	6.228354e-03	7.449971e-03	-6.108082e-04	-8.038032e-03	5.464705e-03	8.843821e-04	5.906896e-03	-5.022514e-03
413           	1.075077e-02	-2.662667e-03	1.341344e-02	1.367837e-02	6.228362e-03	7.450007e-03	-6.108221e-04	-8.038054e-03	5.464691e-03	8.843828e-04	5.906883e-03	-5.022500e-03
414           	1.075076e-02	-2.662697e-03	1.341346e-02	1.367841e-02	6.228371e-03	7.450043e-03	-6.108361e-04	-8.038076e-03	5.464678e-03	8.843835e-04	5.906870e-03	-5.022487e-03
415           	1.075074e-02	-2.662727e-03	1.341347e-02	1.367846e-02	6.228379e-03	7.450079e-03	-6.108500e-04	-8.038099e-03	5.464666e-03	8.843841e-04	5.906858e-03	-5.022474e-03
416           	1.075073e-02	-2.662756e-03	1.341348e-02	1.367850e-02	6.228387e-03	7.450115e-03	-6.108639e-04	-8.038121e-03	5.464654e-03	8.843847e-04	5.906847e-03	-5.022462e-03
417           	1.075072e-02	-2.662785e-03	1.341350e-02	1.367855e-02	6.228395e-03	7.450151e-03	-6.108777e-04	-8.038143e-03	5.464643e-03	8.843853e-04	5.906836e-03	-5.022450e-03
418           	1.075070e-02	-2.662813e-03	1.341352e-02	1.367859e-02	6.228404e-03	7.450187e-03	-6.108915e-04	-8.038165e-03	5.464632e-03	8.843858e-04	5.906825e-03	-5.022439e-03
419           	1.075069e-02	-2.662840e-03	1.341353e-02	1.367863e-02	6.228412e-03	7.450222e-03	-6.109053e-04	-8.038187e-03	5.464622e-03	8.843863e-04	5.906815e-03	-5.022429e-03
420           	1.075068e-02	-2.662867e-03	1.341355e-02	1.367868e-02	6.228420e-03	7.450258e-03	-6.109191e-04	-8.038209e-03	5.464612e-03	8.843867e-04	5.906806e-03	-5.022419e-03
421           	1.075067e-02	-2.662894e-03	1.341357e-02	1.367872e-02	6.228428e-03	7.450294e-03	-6.109330e-04	-8.038231e-03	5.464603e-03	8.843871e-04	5.906797e-03	-5.022410e-03
422           	1.075067e-02	-2.662920e-03	1.341359e-02	1.367877e-02	6.228436e-03	7.450330e-03	-6.109469e-04	-8.038253e-03	5.464595e-03	8.843875e-04	5.906788e-03	-5.022401e-03
423           	1.075066e-02	-2.662946e-03	1.341361e-02	1.367881e-02	6.228444e-03	7.450366e-03	-6.109610e-04	-8.038276e-03	5.464587e-03	8.843879e-04	5.906781e-03	-5.022393e-03
424           	1.075065e-02	-2.662972e-03	1.341362e-02	1.367886e-02	6.228453e-03	7.450403e-03	-6.109752e-04	-8.038298e-03	5.464579e-03	8.843882e-04	5.906773e-03	-5.022385e-03
425           	1.075065e-02	-2.662997e-03	1.341364e-02	1.367890e-02	6.228461e-03	7.450440e-03	-6.109895e-04	-8.038321e-03	5.464572e-03	8.843885e-04	5.906766e-03	-5.022377e-03
426           	1.075064e-02	-2.663022e-03	1.341366e-02	1.367895e-02	6.228469e-03	7.450477e-03	-6.110040e-04	-8.038344e-03	5.464565e-03	8.843888e-04	5.906759e-03	-5.022370e-03
427           	1.075064e-02	-2.663047e-03	1.341369e-02	1.367899e-02	6.228477e-03	7.450514e-03	-6.110187e-04	-8.038367e-03	5.464558e-03	8.843891e-04	5.906753e-03	-5.022364e-03
428           	1.075064e-02	-2.663068e-03	1.341370e-02	1.367903e-02	6.228483e-03	7.450549e-03	-6.110326e-04	-8.038387e-03	5.464553e-03	8.843891e-04	5.906747e-03	-5.022358e-03
429           	1.075063e-02	-2.663093e-03	1.341373e-02	1.367908e-02	6.228492e-03	7.450587e-03	-6.110478e-04	-8.038411e-03	5.464547e-03	8.843894e-04	5.906742e-03	-5.022352e-03
430           	1.075063e-02	-2.663118e-03	1.341375e-02	1.367913e-02	6.228500e-03	7.450627e-03	-6.110631e-04	-8.038435e-03	5.464541e-03	8.843898e-04	5.906736e-03	-5.022347e-03
431           	1.075063e-02	-2.663140e-03	1.341377e-02	1.367917e-02	6.228507e-03	7.450662e-03	-6.110775e-04	-8.038456e-03	5.464537e-03	8.843898e-04	5.906732e-03	-5.022342e-03
432           	1.075063e-02	-2.663165e-03	1.341380e-02	1.367922e-02	6.228516e-03	7.450702e-03	-6.110932e-04	-8.038481e-03	5.464532e-03	8.843901e-04	5.906727e-03	-5.022337e-03
433           	1.075063e-02	-2.663186e-03	1.341382e-02	1.367926e-02	6.228523e-03	7.450739e-03	-6.111079e-04	-8.038502e-03	5.464528e-03	8.843902e-04	5.906723e-03	-5.022333e-03
434           	1.075063e-02	-2.663212e-03	1.341384e-02	1.367931e-02	6.228532e-03	7.450780e-03	-6.111238e-04	-8.038528e-03	5.464524e-03	8.843905e-04	5.906719e-03	-5.022329e-03
435           	1.075063e-02	-2.663233e-03	1.341387e-02	1.367936e-02	6.228539e-03	7.450817e-03	-6.111387e-04	-8.038550e-03	5.464521e-03	8.843906e-04	5.906716e-03	-5.022325e-03
436           	1.075064e-02	-2.663254e-03	1.341389e-02	1.367940e-02	6.228547e-03	7.450854e-03	-6.111538e-04	-8.038573e-03	5.464518e-03	8.843907e-04	5.906713e-03	-5.022322e-03
437           	1.075064e-02	-2.663280e-03	1.341392e-02	1.367945e-02	6.228556e-03	7.450897e-03	-6.111702e-04	-8.038600e-03	5.464515e-03	8.843910e-04	5.906710e-03	-5.022319e-03
438           	1.075064e-02	-2.663301e-03	1.341394e-02	1.367950e-02	6.228564e-03	7.450935e-03	-6.111855e-04	-8.038623e-03	5.464512e-03	8.843911e-04	5.906708e-03	-5.022317e-03
439           	1.075065e-02	-2.663322e-03	1.341397e-02	1.367955e-02	6.228572e-03	7.450973e-03	-6.112009e-04	-8.038646e-03	5.464510e-03	8.843911e-04	5.906706e-03	-5.022315e-03
440           	1.075065e-02	-2.663348e-03	1.341400e-02	1.367960e-02	6.228581e-03	7.451017e-03	-6.112177e-04	-8.038674e-03	5.464508e-03	8.843914e-04	5.906704e-03	-5.022312e-03
441           	1.075066e-02	-2.663369e-03	1.341403e-02	1.367964e-02	6.228589e-03	7.451056e-03	-6.112333e-04	-8.038697e-03	5.464507e-03	8.843914e-04	5.906702e-03	-5.022311e-03
442           	1.075066e-02	-2.663390e-03	1.341405e-02	1.367969e-02	6.228597e-03	7.451095e-03	-6.112492e-04	-8.038721e-03	5.464505e-03	8.843914e-04	5.906701e-03	-5.022310e-03
443           	1.075067e-02	-2.663411e-03	1.341408e-02	1.367974e-02	6.228604e-03	7.451135e-03	-6.112651e-04	-8.038745e-03	5.464504e-03	8.843914e-04	5.906700e-03	-5.022309e-03
444           	1.075068e-02	-2.663432e-03	1.341411e-02	1.367979e-02	6.228612e-03	7.451175e-03	-6.112813e-04	-8.038770e-03	5.464504e-03	8.843914e-04	5.906700e-03	-5.022308e-03
445           	1.075068e-02	-2.663453e-03	1.341414e-02	1.367984e-02	6.228620e-03	7.451215e-03	-6.112977e-04	-8.038795e-03	5.464503e-03	8.843914e-04	5.906699e-03	-5.022308e-03
446           	1.075069e-02	-2.663475e-03	1.341417e-02	1.367988e-02	6.228628e-03	7.451256e-03	-6.113143e-04	-8.038821e-03	5.464503e-03	8.843914e-04	5.906699e-03	-5.022308e-03
447           	1.075070e-02	-2.663496e-03	1.341420e-02	1.367993e-02	6.228636e-03	7.451298e-03	-6.113310e-04	-8.038846e-03	5.464504e-03	8.843913e-04	5.906699e-03	-5.022308e-03
448           	1.075071e-02	-2.663518e-03	1.341423e-02	1.367998e-02	6.228644e-03	7.451339e-03	-6.113479e-04	-8.038872e-03	5.464504e-03	8.843913e-04	5.906700e-03	-5.022308e-03
449           	1.075072e-02	-2.663540e-03	1.341426e-02	1.368003e-02	6.228652e-03	7.451381e-03	-6.113649e-04	-8.038899e-03	5.464504e-03	8.843912e-04	5.906700e-03	-5.022309e-03
450           	1.075073e-02	-2.663561e-03	1.341429e-02	1.368008e-02	6.228660e-03	7.451424e-03	-6.113821e-04	-8.038925e-03	5.464505e-03	8.843912e-04	5.906701e-03	-5.022310e-03
451           	1.075074e-02	-2.663583e-03	1.341432e-02	1.368013e-02	6.228668e-03	7.451466e-03	-6.113995e-04	-8.038952e-03	5.464506e-03	8.843911e-04	5.906702e-03	-5.022311e-03
452           	1.075075e-02	-2.663605e-03	1.341435e-02	1.368019e-02	6.228676e-03	7.451509e-03	-6.114170e-04	-8.038979e-03	5.464508e-03	8.843910e-04	5.906703e-03	-5.022312e-03
453           	1.075076e-02	-2.663627e-03	1.341439e-02	1.368024e-02	6.228684e-03	7.451553e-03	-6.114346e-04	-8.039007e-03	5.464509e-03	8.843909e-04	5.906705e-03	-5.022314e-03
454           	1.075077e-02	-2.663649e-03	1.341442e-02	1.368029e-02	6.228691e-03	7.451596e-03	-6.114525e-04	-8.039034e-03	5.464511e-03	8.843908e-04	5.906706e-03	-5.022316e-03
455           	1.075078e-02	-2.663671e-03	1.341445e-02	1.368034e-02	6.228699e-03	7.451640e-03	-6.114704e-04	-8.039062e-03	5.464513e-03	8.843907e-04	5.906708e-03	-5.022318e-03
456           	1.075079e-02	-2.663693e-03	1.341449e-02	1.368039e-02	6.228707e-03	7.451684e-03	-6.114886e-04	-8.039090e-03	5.464515e-03	8.843905e-04	5.906710e-03	-5.022320e-03
457           	1.075081e-02	-2.663715e-03	1.341452e-02	1.368044e-02	6.228715e-03	7.451729e-03	-6.115068e-04	-8.039118e-03	5.464517e-03	8.843904e-04	5.906713e-03	-5.022322e-03
458           	1.075082e-02	-2.663737e-03	1.341456e-02	1.368050e-02	6.228723e-03	7.451773e-03	-6.115252e-04	-8.039146e-03	5.464520e-03	8.843902e-04	5.906715e-03	-5.022325e-03
459           	1.075083e-02	-2.663759e-03	1.341459e-02	1.368055e-02	6.228730e-03	7.451818e-03	-6.115437e-04	-8.039175e-03	5.464523e-03	8.843901e-04	5.906718e-03	-5.022328e-03
460           	1.075084e-02	-2.663781e-03	1.341463e-02	1.368060e-02	6.228738e-03	7.451863e-03	-6.115622e-04	-8.039203e-03	5.464526e-03	8.843899e-04	5.906720e-03	-5.022331e-03
461           	1.075086e-02	-2.663803e-03	1.341466e-02	1.368065e-02	6.228746e-03	7.451908e-03	-6.115809e-04	-8.039232e-03	5.464529e-03	8.843897e-04	5.906723e-03	-5.022334e-03
462           	1.075087e-02	-2.663825e-03	1.341470e-02	1.368071e-02	6.228754e-03	7.451953e-03	-6.115996e-04	-8.039261e-03	5.464532e-03	8.843894e-04	5.906727e-03	-5.022337e-03
463           	1.075089e-02	-2.663846e-03	1.341473e-02	1.368076e-02	6.228761e-03	7.451998e-03	-6.116183e-04	-8.039290e-03	5.464535e-03	8.843892e-04	5.906730e-03	-5.022341e-03
464           	1.075090e-02	-2.663868e-03	1.341477e-02	1.368081e-02	6.228769e-03	7.452043e-03	-6.116371e-04	-8.039319e-03	5.464539e-03	8.843890e-04	5.906733e-03	-5.022344e-03
465           	1.075092e-02	-2.663890e-03	1.341481e-02	1.368086e-02	6.228777e-03	7.452088e-03	-6.116559e-04	-8.039348e-03	5.464543e-03	8.843888e-04	5.906737e-03	-5.022348e-03
