# Force and moment coefficients
# dragDir     : (1.000000e+00 0.000000e+00 0.000000e+00)
# sideDir     : (0.000000e+00 1.000000e+00 0.000000e+00)
# liftDir     : (0.000000e+00 0.000000e+00 1.000000e+00)
# rollAxis    : (1.000000e+00 0.000000e+00 0.000000e+00)
# pitchAxis   : (0.000000e+00 1.000000e+00 0.000000e+00)
# yawAxis     : (0.000000e+00 0.000000e+00 1.000000e+00)
# magUInf     : 6.661800e+00
# lRef        : 1.499270e-01
# Aref        : 5.000000e-02
# CofR        : (0.000000e+00 0.000000e+00 0.000000e+00)
#
# Time        	Cd            	Cd(f)         	Cd(r)         	Cl            	Cl(f)         	Cl(r)         	CmPitch       	CmRoll        	CmYaw         	Cs            	Cs(f)         	Cs(r)         
1             	6.361921e-01	3.183372e-01	3.178549e-01	-3.289077e-02	7.783884e-01	-8.112792e-01	7.948338e-01	2.411733e-04	-5.475700e-04	-5.812189e-04	-8.381795e-04	2.569605e-04
2             	4.781613e-01	2.393297e-01	2.388315e-01	-3.978025e-02	5.825862e-01	-6.223664e-01	6.024763e-01	2.491007e-04	-5.703911e-04	-5.651697e-04	-8.529760e-04	2.878063e-04
3             	3.708159e-01	1.855539e-01	1.852621e-01	-3.822144e-02	4.489825e-01	-4.872039e-01	4.680932e-01	1.458960e-04	-4.819178e-04	-4.220282e-04	-6.929319e-04	2.709038e-04
4             	2.876764e-01	1.438047e-01	1.438718e-01	-3.095190e-02	3.454118e-01	-3.763637e-01	3.608878e-01	-3.356067e-05	-3.241088e-04	-2.066272e-04	-4.274224e-04	2.207952e-04
5             	2.193124e-01	1.094300e-01	1.098824e-01	-2.086574e-02	2.605474e-01	-2.814132e-01	2.709803e-01	-2.262376e-04	-1.464044e-04	1.827541e-05	-1.372667e-04	1.555421e-04
6             	1.638927e-01	8.156244e-02	8.233021e-02	-1.059789e-02	1.922587e-01	-2.028565e-01	1.975576e-01	-3.838815e-04	1.509157e-05	2.053025e-04	1.177428e-04	8.755966e-05
7             	1.217028e-01	6.038490e-02	6.131794e-02	-2.058743e-03	1.408622e-01	-1.429210e-01	1.418916e-01	-4.665195e-04	1.286633e-04	3.179104e-04	2.876185e-04	3.029189e-05
8             	9.267790e-02	4.588621e-02	4.679169e-02	3.719190e-03	1.061324e-01	-1.024132e-01	1.042728e-01	-4.527408e-04	1.730735e-04	3.366036e-04	3.413753e-04	-4.771707e-06
9             	7.552537e-02	3.742565e-02	3.809972e-02	6.533072e-03	8.626742e-02	-7.973434e-02	8.300088e-02	-3.370358e-04	1.363967e-04	2.572108e-04	2.650021e-04	-7.791268e-06
10            	6.785805e-02	3.379565e-02	3.406240e-02	6.793108e-03	7.810696e-02	-7.131385e-02	7.471041e-02	-1.333735e-04	2.067215e-05	9.232855e-05	6.683642e-05	2.549213e-05
11            	6.668027e-02	3.346925e-02	3.321102e-02	5.264896e-03	7.777036e-02	-7.250547e-02	7.513792e-02	1.291141e-04	-1.594849e-04	-1.332790e-04	-2.261244e-04	9.284547e-05
12            	6.899790e-02	3.490761e-02	3.409029e-02	2.811599e-03	8.143672e-02	-7.862512e-02	8.003092e-02	4.086629e-04	-3.756585e-04	-3.837406e-04	-5.675288e-04	1.837882e-04
13            	7.230545e-02	3.681553e-02	3.548992e-02	1.970355e-04	8.595974e-02	-8.576270e-02	8.586122e-02	6.628019e-04	-5.943737e-04	-6.215624e-04	-9.051549e-04	2.835925e-04
14            	7.486840e-02	3.829042e-02	3.657798e-02	-2.031952e-03	8.921250e-02	-9.124445e-02	9.022847e-02	8.562200e-04	-7.830351e-04	-8.139190e-04	-1.189995e-03	3.760755e-04
15            	7.579091e-02	3.886325e-02	3.692766e-02	-3.585510e-03	9.015682e-02	-9.374233e-02	9.194958e-02	9.677957e-04	-9.172266e-04	-9.390419e-04	-1.386748e-03	4.477056e-04
16            	7.491020e-02	3.844891e-02	3.646128e-02	-4.408130e-03	8.869430e-02	-9.310243e-02	9.089837e-02	9.938128e-04	-9.851029e-04	-9.895036e-04	-1.479855e-03	4.903512e-04
17            	7.257103e-02	3.723424e-02	3.533679e-02	-4.612224e-03	8.536083e-02	-8.997306e-02	8.766694e-02	9.487277e-04	-9.899893e-04	-9.732730e-04	-1.476626e-03	5.033529e-04
18            	6.938208e-02	3.554911e-02	3.383297e-02	-4.401644e-03	8.100657e-02	-8.540821e-02	8.320739e-02	8.580694e-04	-9.465445e-04	-9.090925e-04	-1.401091e-03	4.919982e-04
19            	6.598600e-02	3.374709e-02	3.223892e-02	-3.997694e-03	7.649723e-02	-8.049493e-02	7.849608e-02	7.540863e-04	-8.781124e-04	-8.231097e-04	-1.289667e-03	4.665576e-04
20            	6.289044e-02	3.211183e-02	3.077862e-02	-3.583334e-03	7.249705e-02	-7.608039e-02	7.428872e-02	6.666049e-04	-8.093100e-04	-7.413559e-04	-1.179988e-03	4.386321e-04
21            	6.039085e-02	3.081312e-02	2.957772e-02	-3.275731e-03	6.937490e-02	-7.265063e-02	7.101276e-02	6.176999e-04	-7.609807e-04	-6.848358e-04	-1.103399e-03	4.185628e-04
22            	5.855916e-02	2.989763e-02	2.866152e-02	-3.120049e-03	6.719661e-02	-7.031665e-02	6.875663e-02	6.180548e-04	-7.461309e-04	-6.657938e-04	-1.079028e-03	4.132340e-04
23            	5.729402e-02	2.931367e-02	2.798035e-02	-3.103321e-03	6.579746e-02	-6.890078e-02	6.734912e-02	6.666642e-04	-7.687162e-04	-6.870286e-04	-1.112231e-03	4.252020e-04
24            	5.638889e-02	2.894777e-02	2.744112e-02	-3.175006e-03	6.487682e-02	-6.805182e-02	6.646432e-02	7.533288e-04	-8.241681e-04	-7.428248e-04	-1.195581e-03	4.527557e-04
25            	5.561822e-02	2.867066e-02	2.694757e-02	-3.273641e-03	6.411499e-02	-6.738864e-02	6.575182e-02	8.615448e-04	-9.014783e-04	-8.212649e-04	-1.312111e-03	4.908458e-04
26            	5.480163e-02	2.837428e-02	2.642735e-02	-3.347422e-03	6.325909e-02	-6.660651e-02	6.493280e-02	9.734625e-04	-9.871777e-04	-9.083549e-04	-1.441355e-03	5.330002e-04
27            	5.383311e-02	2.799017e-02	2.584293e-02	-3.364434e-03	6.216192e-02	-6.552636e-02	6.384414e-02	1.073618e-03	-1.068267e-03	-9.909506e-04	-1.563742e-03	5.727913e-04
28            	5.269182e-02	2.749753e-02	2.519430e-02	-3.317157e-03	6.079553e-02	-6.411269e-02	6.245411e-02	1.151616e-03	-1.134815e-03	-1.059213e-03	-1.664421e-03	6.052084e-04
29            	5.142890e-02	2.691787e-02	2.451103e-02	-3.219428e-03	5.923215e-02	-6.245158e-02	6.084187e-02	1.203420e-03	-1.181760e-03	-1.108236e-03	-1.735878e-03	6.276419e-04
30            	5.014035e-02	2.630120e-02	2.383915e-02	-3.098897e-03	5.760647e-02	-6.070536e-02	5.915591e-02	1.231024e-03	-1.209092e-03	-1.138095e-03	-1.778139e-03	6.400443e-04
31            	4.893088e-02	2.570610e-02	2.322478e-02	-2.986493e-03	5.606578e-02	-5.905228e-02	5.755903e-02	1.240663e-03	-1.220704e-03	-1.152618e-03	-1.797013e-03	6.443948e-04
32            	4.788444e-02	2.518286e-02	2.270158e-02	-2.907645e-03	5.472976e-02	-5.763740e-02	5.618358e-02	1.240640e-03	-1.222684e-03	-1.157750e-03	-1.801559e-03	6.438087e-04
33            	4.704860e-02	2.476366e-02	2.228494e-02	-2.877431e-03	5.366868e-02	-5.654611e-02	5.510739e-02	1.239364e-03	-1.221767e-03	-1.159958e-03	-1.801746e-03	6.417879e-04
34            	4.642799e-02	2.445755e-02	2.197045e-02	-2.898419e-03	5.289395e-02	-5.579237e-02	5.434316e-02	1.243550e-03	-1.223731e-03	-1.164734e-03	-1.806098e-03	6.413638e-04
35            	4.598914e-02	2.425159e-02	2.173755e-02	-2.961896e-03	5.236430e-02	-5.532619e-02	5.384525e-02	1.257024e-03	-1.232248e-03	-1.175528e-03	-1.820012e-03	6.444833e-04
36            	4.567284e-02	2.411699e-02	2.155585e-02	-3.051437e-03	5.200230e-02	-5.505373e-02	5.352802e-02	1.280570e-03	-1.248516e-03	-1.193438e-03	-1.845235e-03	6.517970e-04
37            	4.541010e-02	2.401731e-02	2.139279e-02	-3.147535e-03	5.171591e-02	-5.486345e-02	5.328968e-02	1.312258e-03	-1.271351e-03	-1.217321e-03	-1.880011e-03	6.626908e-04
38            	4.513775e-02	2.391731e-02	2.122044e-02	-3.232219e-03	5.141966e-02	-5.465188e-02	5.303577e-02	1.348437e-03	-1.297979e-03	-1.244579e-03	-1.920269e-03	6.756899e-04
39            	4.481021e-02	2.378991e-02	2.102030e-02	-3.292564e-03	5.105082e-02	-5.434338e-02	5.269710e-02	1.384803e-03	-1.324916e-03	-1.271979e-03	-1.960905e-03	6.889269e-04
40            	4.440562e-02	2.362024e-02	2.078538e-02	-3.322563e-03	5.057806e-02	-5.390062e-02	5.223934e-02	1.417430e-03	-1.348884e-03	-1.296512e-03	-1.997140e-03	7.006279e-04
41            	4.392544e-02	2.340624e-02	2.051920e-02	-3.323054e-03	5.000136e-02	-5.332441e-02	5.166288e-02	1.443518e-03	-1.367471e-03	-1.315993e-03	-2.025468e-03	7.094744e-04
42            	4.338972e-02	2.315666e-02	2.023305e-02	-3.300368e-03	4.934602e-02	-5.264639e-02	5.099620e-02	1.461805e-03	-1.379513e-03	-1.329395e-03	-2.044211e-03	7.148155e-04
43            	4.282950e-02	2.288729e-02	1.994221e-02	-3.264106e-03	4.865272e-02	-5.191682e-02	5.028477e-02	1.472542e-03	-1.385175e-03	-1.336920e-03	-2.053635e-03	7.167146e-04
44            	4.227844e-02	2.261639e-02	1.966205e-02	-3.224664e-03	4.796631e-02	-5.119097e-02	4.957864e-02	1.477171e-03	-1.385683e-03	-1.339738e-03	-2.055552e-03	7.158140e-04
45            	4.176517e-02	2.236046e-02	1.940471e-02	-3.190977e-03	4.732562e-02	-5.051660e-02	4.892111e-02	1.477878e-03	-1.382938e-03	-1.339613e-03	-2.052745e-03	7.131315e-04
46            	4.130856e-02	2.213135e-02	1.917722e-02	-3.169095e-03	4.675687e-02	-4.992597e-02	4.834142e-02	1.477066e-03	-1.379052e-03	-1.338482e-03	-2.048293e-03	7.098112e-04
47            	4.091556e-02	2.193461e-02	1.898095e-02	-3.161527e-03	4.627054e-02	-4.943207e-02	4.785130e-02	1.476829e-03	-1.375887e-03	-1.338031e-03	-2.044902e-03	7.068711e-04
48            	4.058188e-02	2.176959e-02	1.881229e-02	-3.167432e-03	4.586210e-02	-4.902954e-02	4.744582e-02	1.478649e-03	-1.374774e-03	-1.339452e-03	-2.044501e-03	7.050485e-04
49            	4.029481e-02	2.163061e-02	1.866421e-02	-3.183434e-03	4.551558e-02	-4.869902e-02	4.710730e-02	1.483198e-03	-1.376328e-03	-1.343271e-03	-2.047964e-03	7.046927e-04
50            	4.003719e-02	2.150898e-02	1.852821e-02	-3.204769e-03	4.520866e-02	-4.841343e-02	4.681104e-02	1.490384e-03	-1.380454e-03	-1.349362e-03	-2.055135e-03	7.057725e-04
51            	3.979145e-02	2.139526e-02	1.839620e-02	-3.226510e-03	4.491813e-02	-4.814464e-02	4.653139e-02	1.499530e-03	-1.386509e-03	-1.357101e-03	-2.065059e-03	7.079585e-04
52            	3.954309e-02	2.128117e-02	1.826192e-02	-3.244565e-03	4.462449e-02	-4.786906e-02	4.624677e-02	1.509624e-03	-1.393544e-03	-1.365592e-03	-2.076340e-03	7.107482e-04
53            	3.928282e-02	2.116098e-02	1.812184e-02	-3.256335e-03	4.431492e-02	-4.757125e-02	4.594308e-02	1.519570e-03	-1.400536e-03	-1.373883e-03	-2.087477e-03	7.135942e-04
54            	3.900734e-02	2.103210e-02	1.797524e-02	-3.260944e-03	4.398441e-02	-4.724536e-02	4.561489e-02	1.528432e-03	-1.406607e-03	-1.381165e-03	-2.097190e-03	7.160251e-04
55            	3.871876e-02	2.089495e-02	1.782381e-02	-3.259094e-03	4.363520e-02	-4.689430e-02	4.526475e-02	1.535573e-03	-1.411167e-03	-1.386894e-03	-2.104614e-03	7.177202e-04
56            	3.842314e-02	2.075232e-02	1.767082e-02	-3.252628e-03	4.327484e-02	-4.652747e-02	4.490115e-02	1.540749e-03	-1.413988e-03	-1.390867e-03	-2.109421e-03	7.185543e-04
57            	3.812847e-02	2.060831e-02	1.752016e-02	-3.243965e-03	4.291367e-02	-4.615763e-02	4.453565e-02	1.544078e-03	-1.415182e-03	-1.393193e-03	-2.111778e-03	7.185851e-04
58            	3.784276e-02	2.046733e-02	1.737543e-02	-3.235530e-03	4.256228e-02	-4.579781e-02	4.418004e-02	1.545949e-03	-1.415125e-03	-1.394229e-03	-2.112239e-03	7.180107e-04
59            	3.757238e-02	2.033309e-02	1.723929e-02	-3.229276e-03	4.222929e-02	-4.545857e-02	4.384393e-02	1.546902e-03	-1.414329e-03	-1.394456e-03	-2.111557e-03	7.171016e-04
60            	3.732112e-02	2.020806e-02	1.711306e-02	-3.226404e-03	4.192007e-02	-4.514648e-02	4.353327e-02	1.547503e-03	-1.413332e-03	-1.394384e-03	-2.110523e-03	7.161398e-04
61            	3.708985e-02	2.009315e-02	1.699670e-02	-3.227271e-03	4.163624e-02	-4.486351e-02	4.324987e-02	1.548228e-03	-1.412580e-03	-1.394444e-03	-2.109802e-03	7.153577e-04
62            	3.687686e-02	1.998782e-02	1.688904e-02	-3.231482e-03	4.137599e-02	-4.460747e-02	4.299173e-02	1.549391e-03	-1.412368e-03	-1.394931e-03	-2.109833e-03	7.149022e-04
63            	3.667859e-02	1.989043e-02	1.678817e-02	-3.238093e-03	4.113501e-02	-4.437310e-02	4.275406e-02	1.551129e-03	-1.412815e-03	-1.395980e-03	-2.110805e-03	7.148244e-04
64            	3.649055e-02	1.979866e-02	1.669189e-02	-3.245893e-03	4.090766e-02	-4.415355e-02	4.253060e-02	1.553384e-03	-1.413854e-03	-1.397556e-03	-2.112632e-03	7.150764e-04
65            	3.630825e-02	1.971009e-02	1.659816e-02	-3.253672e-03	4.068817e-02	-4.394184e-02	4.231500e-02	1.555963e-03	-1.415288e-03	-1.399495e-03	-2.115036e-03	7.155407e-04
66            	3.612801e-02	1.962261e-02	1.650540e-02	-3.260438e-03	4.047167e-02	-4.373210e-02	4.210189e-02	1.558601e-03	-1.416849e-03	-1.401567e-03	-2.117633e-03	7.160651e-04
67            	3.594737e-02	1.953470e-02	1.641266e-02	-3.265558e-03	4.025480e-02	-4.352036e-02	4.188758e-02	1.561020e-03	-1.418259e-03	-1.403525e-03	-2.120021e-03	7.164963e-04
68            	3.576527e-02	1.944563e-02	1.631964e-02	-3.268804e-03	4.003597e-02	-4.330478e-02	4.167038e-02	1.562994e-03	-1.419294e-03	-1.405161e-03	-2.121874e-03	7.167135e-04
69            	3.558194e-02	1.935535e-02	1.622660e-02	-3.270305e-03	3.981522e-02	-4.308552e-02	4.145037e-02	1.564376e-03	-1.419808e-03	-1.406332e-03	-2.122974e-03	7.166423e-04
70            	3.539853e-02	1.926439e-02	1.613415e-02	-3.270457e-03	3.959380e-02	-4.286425e-02	4.122902e-02	1.565119e-03	-1.419752e-03	-1.406978e-03	-2.123241e-03	7.162633e-04
71            	3.521672e-02	1.917361e-02	1.604310e-02	-3.269799e-03	3.937369e-02	-4.264349e-02	4.100859e-02	1.565255e-03	-1.419157e-03	-1.407109e-03	-2.122712e-03	7.156029e-04
72            	3.503824e-02	1.908401e-02	1.595422e-02	-3.268884e-03	3.915706e-02	-4.242594e-02	4.079150e-02	1.564896e-03	-1.418131e-03	-1.406805e-03	-2.121533e-03	7.147286e-04
73            	3.486456e-02	1.899646e-02	1.586810e-02	-3.268181e-03	3.894576e-02	-4.221395e-02	4.057986e-02	1.564181e-03	-1.416811e-03	-1.406176e-03	-2.119899e-03	7.137234e-04
74            	3.469667e-02	1.891161e-02	1.578506e-02	-3.268009e-03	3.874111e-02	-4.200912e-02	4.037512e-02	1.563272e-03	-1.415355e-03	-1.405355e-03	-2.118032e-03	7.126771e-04
75            	3.453495e-02	1.882979e-02	1.570517e-02	-3.268514e-03	3.854372e-02	-4.181223e-02	4.017797e-02	1.562312e-03	-1.413898e-03	-1.404464e-03	-2.116130e-03	7.116666e-04
76            	3.437926e-02	1.875104e-02	1.562822e-02	-3.269679e-03	3.835352e-02	-4.162320e-02	3.998836e-02	1.561411e-03	-1.412542e-03	-1.403594e-03	-2.114339e-03	7.107450e-04
77            	3.422903e-02	1.867513e-02	1.555390e-02	-3.271373e-03	3.816999e-02	-4.144137e-02	3.980568e-02	1.560616e-03	-1.411337e-03	-1.402803e-03	-2.112739e-03	7.099357e-04
78            	3.408347e-02	1.860167e-02	1.548180e-02	-3.273392e-03	3.799227e-02	-4.126566e-02	3.962897e-02	1.559938e-03	-1.410287e-03	-1.402104e-03	-2.111339e-03	7.092348e-04
79            	3.394177e-02	1.853024e-02	1.541153e-02	-3.275521e-03	3.781944e-02	-4.109496e-02	3.945720e-02	1.559354e-03	-1.409362e-03	-1.401484e-03	-2.110104e-03	7.086201e-04
80            	3.380319e-02	1.846041e-02	1.534278e-02	-3.277578e-03	3.765067e-02	-4.092825e-02	3.928946e-02	1.558817e-03	-1.408512e-03	-1.400909e-03	-2.108967e-03	7.080572e-04
81            	3.366720e-02	1.839187e-02	1.527533e-02	-3.279435e-03	3.748537e-02	-4.076480e-02	3.912509e-02	1.558267e-03	-1.407674e-03	-1.400334e-03	-2.107841e-03	7.075072e-04
82            	3.353353e-02	1.832442e-02	1.520912e-02	-3.281038e-03	3.732318e-02	-4.060422e-02	3.896370e-02	1.557652e-03	-1.406793e-03	-1.399715e-03	-2.106651e-03	7.069359e-04
83            	3.340213e-02	1.825799e-02	1.514413e-02	-3.282397e-03	3.716403e-02	-4.044643e-02	3.880523e-02	1.556931e-03	-1.405830e-03	-1.399020e-03	-2.105339e-03	7.063196e-04
84            	3.327308e-02	1.819263e-02	1.508045e-02	-3.283568e-03	3.700799e-02	-4.029156e-02	3.864977e-02	1.556087e-03	-1.404762e-03	-1.398231e-03	-2.103877e-03	7.056461e-04
85            	3.314662e-02	1.812843e-02	1.501818e-02	-3.284637e-03	3.685526e-02	-4.013990e-02	3.849758e-02	1.555124e-03	-1.403596e-03	-1.397353e-03	-2.102273e-03	7.049198e-04
86            	3.302294e-02	1.806553e-02	1.495741e-02	-3.285690e-03	3.670603e-02	-3.999172e-02	3.834888e-02	1.554057e-03	-1.402351e-03	-1.396399e-03	-2.100550e-03	7.041515e-04
87            	3.290222e-02	1.800403e-02	1.489819e-02	-3.286797e-03	3.656043e-02	-3.984722e-02	3.820382e-02	1.552917e-03	-1.401053e-03	-1.395390e-03	-2.098748e-03	7.033583e-04
88            	3.278452e-02	1.794400e-02	1.484053e-02	-3.287998e-03	3.641846e-02	-3.970646e-02	3.806246e-02	1.551735e-03	-1.399736e-03	-1.394354e-03	-2.096913e-03	7.025593e-04
89            	3.266981e-02	1.788545e-02	1.478437e-02	-3.289304e-03	3.628003e-02	-3.956933e-02	3.792468e-02	1.550542e-03	-1.398427e-03	-1.393313e-03	-2.095083e-03	7.017707e-04
90            	3.255796e-02	1.782834e-02	1.472963e-02	-3.290697e-03	3.614493e-02	-3.943563e-02	3.779028e-02	1.549355e-03	-1.397143e-03	-1.392282e-03	-2.093283e-03	7.010019e-04
91            	3.244877e-02	1.777257e-02	1.467621e-02	-3.292139e-03	3.601292e-02	-3.930506e-02	3.765899e-02	1.548181e-03	-1.395888e-03	-1.391265e-03	-2.091520e-03	7.002552e-04
92            	3.234202e-02	1.771802e-02	1.462400e-02	-3.293581e-03	3.588370e-02	-3.917728e-02	3.753049e-02	1.547009e-03	-1.394648e-03	-1.390253e-03	-2.089775e-03	6.995212e-04
93            	3.223749e-02	1.766456e-02	1.457292e-02	-3.294982e-03	3.575705e-02	-3.905203e-02	3.740454e-02	1.545820e-03	-1.393409e-03	-1.389236e-03	-2.088027e-03	6.987908e-04
94            	3.213501e-02	1.761209e-02	1.452292e-02	-3.296308e-03	3.563278e-02	-3.892909e-02	3.728093e-02	1.544584e-03	-1.392142e-03	-1.388192e-03	-2.086238e-03	6.980466e-04
95            	3.203447e-02	1.756050e-02	1.447397e-02	-3.297540e-03	3.551080e-02	-3.880834e-02	3.715957e-02	1.543265e-03	-1.390816e-03	-1.387094e-03	-2.084363e-03	6.972684e-04
96            	3.193580e-02	1.750974e-02	1.442607e-02	-3.298676e-03	3.539106e-02	-3.868973e-02	3.704040e-02	1.541836e-03	-1.389401e-03	-1.385922e-03	-2.082362e-03	6.964398e-04
97            	3.183900e-02	1.745977e-02	1.437923e-02	-3.299730e-03	3.527360e-02	-3.857333e-02	3.692346e-02	1.540273e-03	-1.387875e-03	-1.384656e-03	-2.080203e-03	6.955477e-04
98            	3.174409e-02	1.741061e-02	1.433348e-02	-3.300725e-03	3.515849e-02	-3.845921e-02	3.680885e-02	1.538561e-03	-1.386225e-03	-1.383283e-03	-2.077866e-03	6.945834e-04
99            	3.165113e-02	1.736226e-02	1.428887e-02	-3.301691e-03	3.504583e-02	-3.834752e-02	3.669667e-02	1.536692e-03	-1.384441e-03	-1.381796e-03	-2.075339e-03	6.935432e-04
100           	3.156018e-02	1.731476e-02	1.424543e-02	-3.302658e-03	3.493569e-02	-3.823835e-02	3.658702e-02	1.534665e-03	-1.382526e-03	-1.380195e-03	-2.072623e-03	6.924282e-04
101           	3.147128e-02	1.726813e-02	1.420315e-02	-3.303650e-03	3.482813e-02	-3.813178e-02	3.647996e-02	1.532488e-03	-1.380486e-03	-1.378485e-03	-2.069728e-03	6.912435e-04
102           	3.138445e-02	1.722240e-02	1.416205e-02	-3.304683e-03	3.472316e-02	-3.802785e-02	3.637550e-02	1.530172e-03	-1.378334e-03	-1.376676e-03	-2.066672e-03	6.899966e-04
103           	3.129967e-02	1.717757e-02	1.412210e-02	-3.305762e-03	3.462075e-02	-3.792651e-02	3.627363e-02	1.527732e-03	-1.376087e-03	-1.374779e-03	-2.063476e-03	6.886973e-04
104           	3.121690e-02	1.713364e-02	1.408326e-02	-3.306886e-03	3.452081e-02	-3.782769e-02	3.617425e-02	1.525191e-03	-1.373762e-03	-1.372810e-03	-2.060167e-03	6.873567e-04
105           	3.113605e-02	1.709059e-02	1.404547e-02	-3.308044e-03	3.442324e-02	-3.773128e-02	3.607726e-02	1.522562e-03	-1.371373e-03	-1.370779e-03	-2.056763e-03	6.859834e-04
106           	3.105706e-02	1.704839e-02	1.400867e-02	-3.309223e-03	3.432792e-02	-3.763714e-02	3.598253e-02	1.519860e-03	-1.368932e-03	-1.368696e-03	-2.053280e-03	6.845846e-04
107           	3.097983e-02	1.700701e-02	1.397282e-02	-3.310405e-03	3.423472e-02	-3.754512e-02	3.588992e-02	1.517095e-03	-1.366449e-03	-1.366567e-03	-2.049733e-03	6.831658e-04
108           	3.090426e-02	1.696641e-02	1.393785e-02	-3.311576e-03	3.414351e-02	-3.745509e-02	3.579930e-02	1.514278e-03	-1.363930e-03	-1.364399e-03	-2.046129e-03	6.817308e-04
109           	3.083029e-02	1.692656e-02	1.390373e-02	-3.312725e-03	3.405422e-02	-3.736694e-02	3.571058e-02	1.511415e-03	-1.361380e-03	-1.362195e-03	-2.042478e-03	6.802826e-04
110           	3.075786e-02	1.688744e-02	1.387042e-02	-3.313842e-03	3.396674e-02	-3.728058e-02	3.562366e-02	1.508511e-03	-1.358802e-03	-1.359959e-03	-2.038782e-03	6.788223e-04
111           	3.068691e-02	1.684902e-02	1.383789e-02	-3.314925e-03	3.388104e-02	-3.719596e-02	3.553850e-02	1.505568e-03	-1.356197e-03	-1.357693e-03	-2.035044e-03	6.773511e-04
112           	3.061742e-02	1.681130e-02	1.380612e-02	-3.315975e-03	3.379707e-02	-3.711305e-02	3.545506e-02	1.502589e-03	-1.353569e-03	-1.355398e-03	-2.031268e-03	6.758699e-04
113           	3.054936e-02	1.677426e-02	1.377510e-02	-3.316995e-03	3.371483e-02	-3.703183e-02	3.537333e-02	1.499576e-03	-1.350918e-03	-1.353076e-03	-2.027456e-03	6.743800e-04
114           	3.048272e-02	1.673790e-02	1.374483e-02	-3.317991e-03	3.363430e-02	-3.695229e-02	3.529330e-02	1.496533e-03	-1.348248e-03	-1.350730e-03	-2.023613e-03	6.728825e-04
115           	3.041751e-02	1.670221e-02	1.371529e-02	-3.318969e-03	3.355548e-02	-3.687445e-02	3.521497e-02	1.493461e-03	-1.345559e-03	-1.348361e-03	-2.019739e-03	6.713782e-04
116           	3.035369e-02	1.666721e-02	1.368648e-02	-3.319934e-03	3.347836e-02	-3.679830e-02	3.513833e-02	1.490366e-03	-1.342853e-03	-1.345970e-03	-2.015838e-03	6.698684e-04
117           	3.029126e-02	1.663288e-02	1.365839e-02	-3.320893e-03	3.340293e-02	-3.672383e-02	3.506338e-02	1.487245e-03	-1.340133e-03	-1.343559e-03	-2.011913e-03	6.683537e-04
118           	3.023021e-02	1.659921e-02	1.363100e-02	-3.321847e-03	3.332918e-02	-3.665102e-02	3.499010e-02	1.484102e-03	-1.337400e-03	-1.341129e-03	-2.007965e-03	6.668351e-04
119           	3.017052e-02	1.656620e-02	1.360432e-02	-3.322797e-03	3.325706e-02	-3.657986e-02	3.491846e-02	1.480937e-03	-1.334655e-03	-1.338684e-03	-2.003997e-03	6.653135e-04
120           	3.011214e-02	1.653383e-02	1.357832e-02	-3.323744e-03	3.318656e-02	-3.651031e-02	3.484844e-02	1.477755e-03	-1.331902e-03	-1.336224e-03	-2.000015e-03	6.637903e-04
121           	3.005508e-02	1.650210e-02	1.355298e-02	-3.324686e-03	3.311765e-02	-3.644233e-02	3.477999e-02	1.474557e-03	-1.329143e-03	-1.333754e-03	-1.996020e-03	6.622658e-04
122           	2.999928e-02	1.647099e-02	1.352829e-02	-3.325620e-03	3.305026e-02	-3.637588e-02	3.471307e-02	1.471352e-03	-1.326383e-03	-1.331278e-03	-1.992022e-03	6.607438e-04
123           	2.994471e-02	1.644050e-02	1.350420e-02	-3.326544e-03	3.298436e-02	-3.631091e-02	3.464763e-02	1.468149e-03	-1.323628e-03	-1.328801e-03	-1.988029e-03	6.592277e-04
124           	2.989133e-02	1.641062e-02	1.348071e-02	-3.327455e-03	3.291991e-02	-3.624736e-02	3.458363e-02	1.464951e-03	-1.320883e-03	-1.326326e-03	-1.984046e-03	6.577197e-04
125           	2.983913e-02	1.638133e-02	1.345780e-02	-3.328350e-03	3.285686e-02	-3.618521e-02	3.452103e-02	1.461764e-03	-1.318149e-03	-1.323855e-03	-1.980076e-03	6.562210e-04
126           	2.978806e-02	1.635262e-02	1.343545e-02	-3.329229e-03	3.279519e-02	-3.612441e-02	3.445980e-02	1.458585e-03	-1.315425e-03	-1.321387e-03	-1.976118e-03	6.547310e-04
127           	2.973812e-02	1.632448e-02	1.341364e-02	-3.330090e-03	3.273485e-02	-3.606494e-02	3.439990e-02	1.455417e-03	-1.312711e-03	-1.318924e-03	-1.972173e-03	6.532496e-04
128           	2.968926e-02	1.629689e-02	1.339237e-02	-3.330931e-03	3.267582e-02	-3.600675e-02	3.434128e-02	1.452260e-03	-1.310005e-03	-1.316460e-03	-1.968235e-03	6.517747e-04
129           	2.964147e-02	1.626985e-02	1.337162e-02	-3.331756e-03	3.261807e-02	-3.594983e-02	3.428395e-02	1.449119e-03	-1.307311e-03	-1.314003e-03	-1.964313e-03	6.503098e-04
130           	2.959473e-02	1.624336e-02	1.335137e-02	-3.332564e-03	3.256159e-02	-3.589416e-02	3.422788e-02	1.445996e-03	-1.304633e-03	-1.311554e-03	-1.960410e-03	6.488560e-04
131           	2.954904e-02	1.621741e-02	1.333162e-02	-3.333358e-03	3.250636e-02	-3.583972e-02	3.417304e-02	1.442895e-03	-1.301973e-03	-1.309117e-03	-1.956531e-03	6.474149e-04
132           	2.950435e-02	1.619198e-02	1.331237e-02	-3.334134e-03	3.245233e-02	-3.578647e-02	3.411940e-02	1.439808e-03	-1.299324e-03	-1.306685e-03	-1.952667e-03	6.459821e-04
133           	2.946065e-02	1.616705e-02	1.329360e-02	-3.334893e-03	3.239949e-02	-3.573439e-02	3.406694e-02	1.436728e-03	-1.296679e-03	-1.304253e-03	-1.948805e-03	6.445528e-04
134           	2.941792e-02	1.614261e-02	1.327532e-02	-3.335635e-03	3.234781e-02	-3.568345e-02	3.401563e-02	1.433646e-03	-1.294031e-03	-1.301816e-03	-1.944939e-03	6.431233e-04
135           	2.937614e-02	1.611863e-02	1.325751e-02	-3.336359e-03	3.229727e-02	-3.563363e-02	3.396545e-02	1.430561e-03	-1.291378e-03	-1.299373e-03	-1.941065e-03	6.416916e-04
136           	2.933529e-02	1.609512e-02	1.324017e-02	-3.337066e-03	3.224784e-02	-3.558491e-02	3.391637e-02	1.427472e-03	-1.288720e-03	-1.296924e-03	-1.937182e-03	6.402576e-04
137           	2.929536e-02	1.607206e-02	1.322330e-02	-3.337755e-03	3.219951e-02	-3.553726e-02	3.386838e-02	1.424380e-03	-1.286057e-03	-1.294471e-03	-1.933293e-03	6.388219e-04
138           	2.925631e-02	1.604944e-02	1.320687e-02	-3.338427e-03	3.215224e-02	-3.549067e-02	3.382146e-02	1.421287e-03	-1.283392e-03	-1.292013e-03	-1.929398e-03	6.373851e-04
139           	2.921815e-02	1.602727e-02	1.319088e-02	-3.339082e-03	3.210603e-02	-3.544511e-02	3.377557e-02	1.418196e-03	-1.280727e-03	-1.289554e-03	-1.925504e-03	6.359502e-04
140           	2.918084e-02	1.600554e-02	1.317530e-02	-3.339719e-03	3.206084e-02	-3.540056e-02	3.373070e-02	1.415116e-03	-1.278073e-03	-1.287101e-03	-1.921623e-03	6.345223e-04
141           	2.914437e-02	1.598424e-02	1.316013e-02	-3.340339e-03	3.201667e-02	-3.535700e-02	3.368684e-02	1.412057e-03	-1.275438e-03	-1.284661e-03	-1.917768e-03	6.331074e-04
142           	2.910873e-02	1.596339e-02	1.314534e-02	-3.340942e-03	3.197348e-02	-3.531442e-02	3.364395e-02	1.409029e-03	-1.272833e-03	-1.282242e-03	-1.913954e-03	6.317120e-04
143           	2.907389e-02	1.594299e-02	1.313090e-02	-3.341529e-03	3.193125e-02	-3.527278e-02	3.360201e-02	1.406043e-03	-1.270269e-03	-1.279853e-03	-1.910196e-03	6.303423e-04
144           	2.903984e-02	1.592303e-02	1.311681e-02	-3.342098e-03	3.188997e-02	-3.523207e-02	3.356102e-02	1.403111e-03	-1.267756e-03	-1.277503e-03	-1.906507e-03	6.290044e-04
145           	2.900656e-02	1.590352e-02	1.310304e-02	-3.342648e-03	3.184960e-02	-3.519225e-02	3.352093e-02	1.400242e-03	-1.265303e-03	-1.275199e-03	-1.902903e-03	6.277040e-04
146           	2.897403e-02	1.588446e-02	1.308957e-02	-3.343183e-03	3.181014e-02	-3.515332e-02	3.348173e-02	1.397444e-03	-1.262918e-03	-1.272947e-03	-1.899391e-03	6.264442e-04
147           	2.894224e-02	1.586584e-02	1.307640e-02	-3.343702e-03	3.177157e-02	-3.511527e-02	3.344342e-02	1.394722e-03	-1.260604e-03	-1.270752e-03	-1.895980e-03	6.252279e-04
148           	2.891118e-02	1.584767e-02	1.306351e-02	-3.344206e-03	3.173386e-02	-3.507807e-02	3.340596e-02	1.392081e-03	-1.258367e-03	-1.268620e-03	-1.892677e-03	6.240572e-04
149           	2.888083e-02	1.582994e-02	1.305089e-02	-3.344695e-03	3.169700e-02	-3.504170e-02	3.336935e-02	1.389527e-03	-1.256209e-03	-1.266552e-03	-1.889485e-03	6.229333e-04
150           	2.885116e-02	1.581264e-02	1.303852e-02	-3.345169e-03	3.166097e-02	-3.500614e-02	3.333355e-02	1.387063e-03	-1.254132e-03	-1.264550e-03	-1.886407e-03	6.218567e-04
151           	2.882217e-02	1.579578e-02	1.302640e-02	-3.345628e-03	3.162574e-02	-3.497137e-02	3.329856e-02	1.384691e-03	-1.252137e-03	-1.262618e-03	-1.883446e-03	6.208284e-04
152           	2.879384e-02	1.577934e-02	1.301451e-02	-3.346072e-03	3.159131e-02	-3.493738e-02	3.326434e-02	1.382415e-03	-1.250227e-03	-1.260756e-03	-1.880605e-03	6.198490e-04
153           	2.876616e-02	1.576332e-02	1.300284e-02	-3.346501e-03	3.155764e-02	-3.490415e-02	3.323089e-02	1.380237e-03	-1.248403e-03	-1.258968e-03	-1.877887e-03	6.189188e-04
154           	2.873911e-02	1.574771e-02	1.299140e-02	-3.346916e-03	3.152474e-02	-3.487165e-02	3.319819e-02	1.378155e-03	-1.246662e-03	-1.257252e-03	-1.875288e-03	6.180363e-04
155           	2.871267e-02	1.573250e-02	1.298017e-02	-3.347317e-03	3.149257e-02	-3.483988e-02	3.316622e-02	1.376166e-03	-1.245002e-03	-1.255606e-03	-1.872804e-03	6.171986e-04
156           	2.868684e-02	1.571768e-02	1.296916e-02	-3.347704e-03	3.146112e-02	-3.480882e-02	3.313497e-02	1.374264e-03	-1.243414e-03	-1.254024e-03	-1.870426e-03	6.164016e-04
157           	2.866160e-02	1.570324e-02	1.295836e-02	-3.348079e-03	3.143038e-02	-3.477846e-02	3.310442e-02	1.372443e-03	-1.241893e-03	-1.252503e-03	-1.868144e-03	6.156416e-04
158           	2.863694e-02	1.568917e-02	1.294777e-02	-3.348440e-03	3.140033e-02	-3.474877e-02	3.307455e-02	1.370698e-03	-1.240433e-03	-1.251037e-03	-1.865951e-03	6.149147e-04
159           	2.861284e-02	1.567544e-02	1.293740e-02	-3.348789e-03	3.137097e-02	-3.471976e-02	3.304536e-02	1.369023e-03	-1.239028e-03	-1.249621e-03	-1.863839e-03	6.142176e-04
160           	2.858930e-02	1.566206e-02	1.292724e-02	-3.349127e-03	3.134227e-02	-3.469139e-02	3.301683e-02	1.367412e-03	-1.237673e-03	-1.248252e-03	-1.861799e-03	6.135470e-04
161           	2.856630e-02	1.564901e-02	1.291729e-02	-3.349452e-03	3.131421e-02	-3.466367e-02	3.298894e-02	1.365861e-03	-1.236362e-03	-1.246924e-03	-1.859824e-03	6.128997e-04
162           	2.854384e-02	1.563628e-02	1.290756e-02	-3.349767e-03	3.128680e-02	-3.463657e-02	3.296169e-02	1.364362e-03	-1.235089e-03	-1.245633e-03	-1.857906e-03	6.122726e-04
163           	2.852189e-02	1.562386e-02	1.289804e-02	-3.350071e-03	3.126001e-02	-3.461008e-02	3.293505e-02	1.362911e-03	-1.233851e-03	-1.244376e-03	-1.856040e-03	6.116633e-04
164           	2.850046e-02	1.561173e-02	1.288873e-02	-3.350364e-03	3.123384e-02	-3.458420e-02	3.290902e-02	1.361504e-03	-1.232646e-03	-1.243151e-03	-1.854221e-03	6.110703e-04
165           	2.847952e-02	1.559990e-02	1.287962e-02	-3.350646e-03	3.120826e-02	-3.455891e-02	3.288358e-02	1.360138e-03	-1.231470e-03	-1.241955e-03	-1.852448e-03	6.104926e-04
166           	2.845908e-02	1.558835e-02	1.287073e-02	-3.350919e-03	3.118327e-02	-3.453419e-02	3.285873e-02	1.358810e-03	-1.230323e-03	-1.240788e-03	-1.850717e-03	6.099292e-04
167           	2.843911e-02	1.557707e-02	1.286204e-02	-3.351182e-03	3.115885e-02	-3.451003e-02	3.283444e-02	1.357515e-03	-1.229202e-03	-1.239648e-03	-1.849026e-03	6.093785e-04
168           	2.841961e-02	1.556605e-02	1.285355e-02	-3.351436e-03	3.113500e-02	-3.448643e-02	3.281072e-02	1.356250e-03	-1.228105e-03	-1.238532e-03	-1.847371e-03	6.088392e-04
169           	2.840056e-02	1.555530e-02	1.284527e-02	-3.351680e-03	3.111170e-02	-3.446338e-02	3.278754e-02	1.355014e-03	-1.227030e-03	-1.237438e-03	-1.845749e-03	6.083105e-04
170           	2.838197e-02	1.554479e-02	1.283718e-02	-3.351915e-03	3.108893e-02	-3.444085e-02	3.276489e-02	1.353805e-03	-1.225975e-03	-1.236366e-03	-1.844158e-03	6.077917e-04
171           	2.836381e-02	1.553453e-02	1.282929e-02	-3.352140e-03	3.106669e-02	-3.441883e-02	3.274276e-02	1.352620e-03	-1.224937e-03	-1.235311e-03	-1.842593e-03	6.072812e-04
172           	2.834609e-02	1.552451e-02	1.282158e-02	-3.352356e-03	3.104497e-02	-3.439733e-02	3.272115e-02	1.351467e-03	-1.223924e-03	-1.234281e-03	-1.841065e-03	6.067834e-04
173           	2.832879e-02	1.551474e-02	1.281405e-02	-3.352565e-03	3.102376e-02	-3.437632e-02	3.270004e-02	1.350346e-03	-1.222938e-03	-1.233277e-03	-1.839576e-03	6.062995e-04
174           	2.831190e-02	1.550521e-02	1.280669e-02	-3.352766e-03	3.100305e-02	-3.435581e-02	3.267943e-02	1.349258e-03	-1.221980e-03	-1.232299e-03	-1.838129e-03	6.058301e-04
175           	2.829541e-02	1.549591e-02	1.279950e-02	-3.352959e-03	3.098282e-02	-3.433578e-02	3.265930e-02	1.348204e-03	-1.221050e-03	-1.231348e-03	-1.836724e-03	6.053754e-04
176           	2.827932e-02	1.548684e-02	1.279248e-02	-3.353145e-03	3.096307e-02	-3.431621e-02	3.263964e-02	1.347181e-03	-1.220147e-03	-1.230424e-03	-1.835359e-03	6.049348e-04
177           	2.826362e-02	1.547800e-02	1.278562e-02	-3.353323e-03	3.094378e-02	-3.429711e-02	3.262045e-02	1.346187e-03	-1.219271e-03	-1.229527e-03	-1.834034e-03	6.045077e-04
178           	2.824830e-02	1.546937e-02	1.277893e-02	-3.353494e-03	3.092496e-02	-3.427845e-02	3.260170e-02	1.345223e-03	-1.218421e-03	-1.228655e-03	-1.832748e-03	6.040938e-04
179           	2.823335e-02	1.546096e-02	1.277239e-02	-3.353657e-03	3.090657e-02	-3.426023e-02	3.258340e-02	1.344286e-03	-1.217597e-03	-1.227808e-03	-1.831501e-03	6.036927e-04
180           	2.821875e-02	1.545275e-02	1.276600e-02	-3.353814e-03	3.088863e-02	-3.424244e-02	3.256553e-02	1.343378e-03	-1.216798e-03	-1.226987e-03	-1.830291e-03	6.033042e-04
181           	2.820451e-02	1.544476e-02	1.275976e-02	-3.353963e-03	3.087111e-02	-3.422507e-02	3.254809e-02	1.342498e-03	-1.216024e-03	-1.226191e-03	-1.829120e-03	6.029286e-04
182           	2.819062e-02	1.543696e-02	1.275367e-02	-3.354107e-03	3.085401e-02	-3.420811e-02	3.253106e-02	1.341647e-03	-1.215277e-03	-1.225421e-03	-1.827987e-03	6.025662e-04
183           	2.817707e-02	1.542936e-02	1.274771e-02	-3.354245e-03	3.083732e-02	-3.419156e-02	3.251444e-02	1.340826e-03	-1.214555e-03	-1.224676e-03	-1.826893e-03	6.022167e-04
184           	2.816386e-02	1.542196e-02	1.274189e-02	-3.354377e-03	3.082103e-02	-3.417541e-02	3.249822e-02	1.340034e-03	-1.213858e-03	-1.223956e-03	-1.825836e-03	6.018804e-04
185           	2.815096e-02	1.541475e-02	1.273621e-02	-3.354503e-03	3.080514e-02	-3.415965e-02	3.248239e-02	1.339272e-03	-1.213186e-03	-1.223259e-03	-1.824816e-03	6.015569e-04
186           	2.813839e-02	1.540774e-02	1.273065e-02	-3.354624e-03	3.078964e-02	-3.414426e-02	3.246695e-02	1.338541e-03	-1.212538e-03	-1.222584e-03	-1.823830e-03	6.012458e-04
187           	2.812613e-02	1.540090e-02	1.272523e-02	-3.354739e-03	3.077451e-02	-3.412924e-02	3.245187e-02	1.337838e-03	-1.211912e-03	-1.221931e-03	-1.822877e-03	6.009464e-04
188           	2.811417e-02	1.539425e-02	1.271992e-02	-3.354850e-03	3.075974e-02	-3.411459e-02	3.243717e-02	1.337163e-03	-1.211307e-03	-1.221297e-03	-1.821955e-03	6.006581e-04
189           	2.810251e-02	1.538777e-02	1.271474e-02	-3.354956e-03	3.074534e-02	-3.410030e-02	3.242282e-02	1.336513e-03	-1.210721e-03	-1.220682e-03	-1.821062e-03	6.003797e-04
190           	2.809114e-02	1.538145e-02	1.270968e-02	-3.355056e-03	3.073129e-02	-3.408635e-02	3.240882e-02	1.335885e-03	-1.210153e-03	-1.220085e-03	-1.820195e-03	6.001101e-04
191           	2.808006e-02	1.537530e-02	1.270475e-02	-3.355153e-03	3.071759e-02	-3.407274e-02	3.239517e-02	1.335277e-03	-1.209600e-03	-1.219504e-03	-1.819352e-03	5.998484e-04
192           	2.806925e-02	1.536931e-02	1.269994e-02	-3.355245e-03	3.070423e-02	-3.405947e-02	3.238185e-02	1.334687e-03	-1.209063e-03	-1.218939e-03	-1.818533e-03	5.995941e-04
193           	2.805872e-02	1.536347e-02	1.269524e-02	-3.355333e-03	3.069119e-02	-3.404653e-02	3.236886e-02	1.334114e-03	-1.208542e-03	-1.218389e-03	-1.817736e-03	5.993472e-04
194           	2.804845e-02	1.535778e-02	1.269067e-02	-3.355417e-03	3.067848e-02	-3.403390e-02	3.235619e-02	1.333559e-03	-1.208036e-03	-1.217855e-03	-1.816963e-03	5.991082e-04
195           	2.803844e-02	1.535223e-02	1.268620e-02	-3.355496e-03	3.066608e-02	-3.402158e-02	3.234383e-02	1.333016e-03	-1.207540e-03	-1.217332e-03	-1.816206e-03	5.988742e-04
196           	2.802868e-02	1.534684e-02	1.268184e-02	-3.355572e-03	3.065399e-02	-3.400957e-02	3.233178e-02	1.332498e-03	-1.207066e-03	-1.216829e-03	-1.815480e-03	5.986516e-04
197           	2.801918e-02	1.534160e-02	1.267758e-02	-3.355645e-03	3.064221e-02	-3.399786e-02	3.232004e-02	1.332007e-03	-1.206615e-03	-1.216347e-03	-1.814788e-03	5.984415e-04
198           	2.800992e-02	1.533651e-02	1.267342e-02	-3.355716e-03	3.063073e-02	-3.398645e-02	3.230859e-02	1.331544e-03	-1.206188e-03	-1.215887e-03	-1.814132e-03	5.982445e-04
199           	2.800091e-02	1.533156e-02	1.266934e-02	-3.355783e-03	3.061954e-02	-3.397533e-02	3.229744e-02	1.331109e-03	-1.205786e-03	-1.215450e-03	-1.813511e-03	5.980609e-04
200           	2.799212e-02	1.532676e-02	1.266536e-02	-3.355849e-03	3.060864e-02	-3.396449e-02	3.228657e-02	1.330702e-03	-1.205408e-03	-1.215035e-03	-1.812925e-03	5.978901e-04
201           	2.798357e-02	1.532210e-02	1.266146e-02	-3.355911e-03	3.059802e-02	-3.395393e-02	3.227597e-02	1.330320e-03	-1.205052e-03	-1.214642e-03	-1.812373e-03	5.977314e-04
202           	2.797524e-02	1.531758e-02	1.265766e-02	-3.355971e-03	3.058766e-02	-3.394363e-02	3.226565e-02	1.329963e-03	-1.204718e-03	-1.214269e-03	-1.811853e-03	5.975837e-04
203           	2.796712e-02	1.531319e-02	1.265393e-02	-3.356027e-03	3.057757e-02	-3.393360e-02	3.225558e-02	1.329628e-03	-1.204404e-03	-1.213915e-03	-1.811361e-03	5.974460e-04
204           	2.795922e-02	1.530892e-02	1.265030e-02	-3.356082e-03	3.056774e-02	-3.392382e-02	3.224578e-02	1.329312e-03	-1.204107e-03	-1.213580e-03	-1.810897e-03	5.973173e-04
205           	2.795152e-02	1.530478e-02	1.264675e-02	-3.356134e-03	3.055816e-02	-3.391429e-02	3.223623e-02	1.329016e-03	-1.203827e-03	-1.213261e-03	-1.810458e-03	5.971969e-04
206           	2.794403e-02	1.530075e-02	1.264328e-02	-3.356183e-03	3.054883e-02	-3.390501e-02	3.222692e-02	1.328737e-03	-1.203563e-03	-1.212958e-03	-1.810042e-03	5.970843e-04
207           	2.793673e-02	1.529684e-02	1.263989e-02	-3.356231e-03	3.053974e-02	-3.389597e-02	3.221786e-02	1.328476e-03	-1.203314e-03	-1.212670e-03	-1.809649e-03	5.969790e-04
208           	2.792963e-02	1.529305e-02	1.263659e-02	-3.356277e-03	3.053089e-02	-3.388717e-02	3.220903e-02	1.328230e-03	-1.203079e-03	-1.212397e-03	-1.809278e-03	5.968807e-04
209           	2.792272e-02	1.528936e-02	1.263336e-02	-3.356321e-03	3.052227e-02	-3.387859e-02	3.220043e-02	1.328001e-03	-1.202859e-03	-1.212139e-03	-1.808928e-03	5.967891e-04
210           	2.791600e-02	1.528579e-02	1.263021e-02	-3.356363e-03	3.051388e-02	-3.387024e-02	3.219206e-02	1.327787e-03	-1.202651e-03	-1.211894e-03	-1.808598e-03	5.967041e-04
211           	2.790945e-02	1.528230e-02	1.262714e-02	-3.356402e-03	3.050570e-02	-3.386210e-02	3.218390e-02	1.327578e-03	-1.202448e-03	-1.211656e-03	-1.808276e-03	5.966203e-04
212           	2.790307e-02	1.527892e-02	1.262415e-02	-3.356441e-03	3.049774e-02	-3.385418e-02	3.217596e-02	1.327386e-03	-1.202261e-03	-1.211433e-03	-1.807977e-03	5.965442e-04
213           	2.789688e-02	1.527565e-02	1.262123e-02	-3.356479e-03	3.048999e-02	-3.384647e-02	3.216823e-02	1.327211e-03	-1.202088e-03	-1.211225e-03	-1.807700e-03	5.964753e-04
214           	2.789085e-02	1.527248e-02	1.261837e-02	-3.356516e-03	3.048246e-02	-3.383897e-02	3.216072e-02	1.327051e-03	-1.201928e-03	-1.211030e-03	-1.807443e-03	5.964129e-04
215           	2.788499e-02	1.526940e-02	1.261559e-02	-3.356552e-03	3.047513e-02	-3.383168e-02	3.215340e-02	1.326904e-03	-1.201780e-03	-1.210848e-03	-1.807204e-03	5.963559e-04
216           	2.787930e-02	1.526642e-02	1.261288e-02	-3.356588e-03	3.046800e-02	-3.382458e-02	3.214629e-02	1.326768e-03	-1.201642e-03	-1.210676e-03	-1.806980e-03	5.963035e-04
217           	2.787376e-02	1.526352e-02	1.261024e-02	-3.356622e-03	3.046106e-02	-3.381768e-02	3.213937e-02	1.326642e-03	-1.201512e-03	-1.210514e-03	-1.806769e-03	5.962548e-04
218           	2.786837e-02	1.526071e-02	1.260766e-02	-3.356655e-03	3.045430e-02	-3.381096e-02	3.213263e-02	1.326523e-03	-1.201389e-03	-1.210361e-03	-1.806570e-03	5.962092e-04
219           	2.786313e-02	1.525798e-02	1.260515e-02	-3.356688e-03	3.044773e-02	-3.380442e-02	3.212608e-02	1.326411e-03	-1.201274e-03	-1.210215e-03	-1.806382e-03	5.961663e-04
220           	2.785803e-02	1.525532e-02	1.260271e-02	-3.356718e-03	3.044134e-02	-3.379806e-02	3.211970e-02	1.326305e-03	-1.201165e-03	-1.210078e-03	-1.806204e-03	5.961260e-04
221           	2.785308e-02	1.525275e-02	1.260033e-02	-3.356748e-03	3.043512e-02	-3.379187e-02	3.211349e-02	1.326206e-03	-1.201062e-03	-1.209948e-03	-1.806036e-03	5.960880e-04
222           	2.784827e-02	1.525024e-02	1.259803e-02	-3.356777e-03	3.042907e-02	-3.378584e-02	3.210745e-02	1.326107e-03	-1.200960e-03	-1.209821e-03	-1.805870e-03	5.960497e-04
223           	2.784359e-02	1.524781e-02	1.259578e-02	-3.356805e-03	3.042318e-02	-3.377999e-02	3.210158e-02	1.326017e-03	-1.200866e-03	-1.209702e-03	-1.805717e-03	5.960148e-04
224           	2.783904e-02	1.524545e-02	1.259358e-02	-3.356832e-03	3.041746e-02	-3.377429e-02	3.209588e-02	1.325934e-03	-1.200779e-03	-1.209591e-03	-1.805574e-03	5.959831e-04
225           	2.783462e-02	1.524317e-02	1.259145e-02	-3.356859e-03	3.041190e-02	-3.376876e-02	3.209033e-02	1.325860e-03	-1.200699e-03	-1.209488e-03	-1.805443e-03	5.959546e-04
226           	2.783033e-02	1.524096e-02	1.258937e-02	-3.356885e-03	3.040649e-02	-3.376338e-02	3.208493e-02	1.325792e-03	-1.200625e-03	-1.209392e-03	-1.805321e-03	5.959289e-04
227           	2.782616e-02	1.523881e-02	1.258735e-02	-3.356911e-03	3.040123e-02	-3.375815e-02	3.207969e-02	1.325731e-03	-1.200556e-03	-1.209302e-03	-1.805207e-03	5.959056e-04
228           	2.782211e-02	1.523673e-02	1.258538e-02	-3.356936e-03	3.039613e-02	-3.375306e-02	3.207460e-02	1.325675e-03	-1.200493e-03	-1.209217e-03	-1.805102e-03	5.958847e-04
229           	2.781818e-02	1.523472e-02	1.258347e-02	-3.356961e-03	3.039116e-02	-3.374812e-02	3.206964e-02	1.325625e-03	-1.200435e-03	-1.209139e-03	-1.805005e-03	5.958658e-04
230           	2.781436e-02	1.523276e-02	1.258160e-02	-3.356985e-03	3.038634e-02	-3.374333e-02	3.206483e-02	1.325580e-03	-1.200382e-03	-1.209065e-03	-1.804914e-03	5.958489e-04
231           	2.781066e-02	1.523087e-02	1.257979e-02	-3.357009e-03	3.038165e-02	-3.373866e-02	3.206016e-02	1.325540e-03	-1.200332e-03	-1.208997e-03	-1.804831e-03	5.958339e-04
232           	2.780706e-02	1.522903e-02	1.257803e-02	-3.357033e-03	3.037710e-02	-3.373413e-02	3.205562e-02	1.325504e-03	-1.200287e-03	-1.208933e-03	-1.804754e-03	5.958206e-04
233           	2.780357e-02	1.522726e-02	1.257631e-02	-3.357056e-03	3.037268e-02	-3.372973e-02	3.205121e-02	1.325473e-03	-1.200246e-03	-1.208874e-03	-1.804683e-03	5.958091e-04
234           	2.780018e-02	1.522553e-02	1.257464e-02	-3.357079e-03	3.036838e-02	-3.372546e-02	3.204692e-02	1.325446e-03	-1.200209e-03	-1.208819e-03	-1.804619e-03	5.957993e-04
235           	2.779880e-02	1.522480e-02	1.257400e-02	-3.357187e-03	3.036667e-02	-3.372386e-02	3.204527e-02	1.325398e-03	-1.200151e-03	-1.208756e-03	-1.804529e-03	5.957735e-04
236           	2.779765e-02	1.522417e-02	1.257348e-02	-3.357347e-03	3.036526e-02	-3.372261e-02	3.204394e-02	1.325345e-03	-1.200091e-03	-1.208696e-03	-1.804438e-03	5.957427e-04
237           	2.779658e-02	1.522358e-02	1.257300e-02	-3.357522e-03	3.036396e-02	-3.372148e-02	3.204272e-02	1.325288e-03	-1.200028e-03	-1.208638e-03	-1.804347e-03	5.957089e-04
238           	2.779546e-02	1.522296e-02	1.257250e-02	-3.357678e-03	3.036258e-02	-3.372025e-02	3.204142e-02	1.325227e-03	-1.199965e-03	-1.208581e-03	-1.804255e-03	5.956739e-04
239           	2.779421e-02	1.522227e-02	1.257194e-02	-3.357789e-03	3.036101e-02	-3.371880e-02	3.203990e-02	1.325163e-03	-1.199901e-03	-1.208525e-03	-1.804164e-03	5.956391e-04
240           	2.779277e-02	1.522148e-02	1.257129e-02	-3.357847e-03	3.035920e-02	-3.371704e-02	3.203812e-02	1.325097e-03	-1.199838e-03	-1.208467e-03	-1.804072e-03	5.956050e-04
241           	2.779116e-02	1.522060e-02	1.257056e-02	-3.357849e-03	3.035714e-02	-3.371498e-02	3.203606e-02	1.325022e-03	-1.199768e-03	-1.208401e-03	-1.803969e-03	5.955676e-04
242           	2.778943e-02	1.521967e-02	1.256976e-02	-3.357812e-03	3.035490e-02	-3.371271e-02	3.203381e-02	1.324954e-03	-1.199706e-03	-1.208341e-03	-1.803877e-03	5.955357e-04
243           	2.778761e-02	1.521870e-02	1.256891e-02	-3.357746e-03	3.035256e-02	-3.371030e-02	3.203143e-02	1.324892e-03	-1.199648e-03	-1.208282e-03	-1.803789e-03	5.955068e-04
244           	2.778577e-02	1.521771e-02	1.256806e-02	-3.357670e-03	3.035018e-02	-3.370785e-02	3.202902e-02	1.324826e-03	-1.199585e-03	-1.208219e-03	-1.803695e-03	5.954761e-04
245           	2.778397e-02	1.521675e-02	1.256721e-02	-3.357597e-03	3.034786e-02	-3.370545e-02	3.202665e-02	1.324772e-03	-1.199527e-03	-1.208157e-03	-1.803605e-03	5.954486e-04
246           	2.778224e-02	1.521584e-02	1.256639e-02	-3.357539e-03	3.034563e-02	-3.370317e-02	3.202440e-02	1.324726e-03	-1.199472e-03	-1.208097e-03	-1.803520e-03	5.954236e-04
247           	2.778060e-02	1.521499e-02	1.256561e-02	-3.357503e-03	3.034354e-02	-3.370104e-02	3.202229e-02	1.324691e-03	-1.199421e-03	-1.208039e-03	-1.803441e-03	5.954015e-04
248           	2.777907e-02	1.521419e-02	1.256488e-02	-3.357490e-03	3.034160e-02	-3.369909e-02	3.202034e-02	1.324658e-03	-1.199372e-03	-1.207984e-03	-1.803364e-03	5.953798e-04
249           	2.777764e-02	1.521344e-02	1.256420e-02	-3.357498e-03	3.033978e-02	-3.369728e-02	3.201853e-02	1.324622e-03	-1.199323e-03	-1.207930e-03	-1.803289e-03	5.953583e-04
250           	2.777629e-02	1.521273e-02	1.256356e-02	-3.357521e-03	3.033807e-02	-3.369559e-02	3.201683e-02	1.324583e-03	-1.199277e-03	-1.207880e-03	-1.803217e-03	5.953372e-04
251           	2.777499e-02	1.521204e-02	1.256295e-02	-3.357553e-03	3.033642e-02	-3.369397e-02	3.201519e-02	1.324542e-03	-1.199233e-03	-1.207832e-03	-1.803149e-03	5.953169e-04
252           	2.777372e-02	1.521136e-02	1.256236e-02	-3.357586e-03	3.033481e-02	-3.369239e-02	3.201360e-02	1.324500e-03	-1.199193e-03	-1.207789e-03	-1.803088e-03	5.952983e-04
253           	2.777245e-02	1.521069e-02	1.256177e-02	-3.357614e-03	3.033320e-02	-3.369082e-02	3.201201e-02	1.324459e-03	-1.199158e-03	-1.207751e-03	-1.803033e-03	5.952822e-04
254           	2.777119e-02	1.521002e-02	1.256117e-02	-3.357636e-03	3.033159e-02	-3.368923e-02	3.201041e-02	1.324423e-03	-1.199128e-03	-1.207718e-03	-1.802987e-03	5.952694e-04
255           	2.776991e-02	1.520935e-02	1.256056e-02	-3.357649e-03	3.032996e-02	-3.368761e-02	3.200879e-02	1.324392e-03	-1.199106e-03	-1.207691e-03	-1.802951e-03	5.952606e-04
256           	2.776863e-02	1.520869e-02	1.255995e-02	-3.357654e-03	3.032832e-02	-3.368598e-02	3.200715e-02	1.324371e-03	-1.199091e-03	-1.207669e-03	-1.802925e-03	5.952561e-04
257           	2.776735e-02	1.520803e-02	1.255932e-02	-3.357653e-03	3.032668e-02	-3.368433e-02	3.200551e-02	1.324358e-03	-1.199082e-03	-1.207653e-03	-1.802909e-03	5.952560e-04
258           	2.776608e-02	1.520740e-02	1.255869e-02	-3.357648e-03	3.032504e-02	-3.368269e-02	3.200387e-02	1.324355e-03	-1.199081e-03	-1.207642e-03	-1.802902e-03	5.952601e-04
259           	2.776482e-02	1.520676e-02	1.255806e-02	-3.357639e-03	3.032342e-02	-3.368106e-02	3.200224e-02	1.324350e-03	-1.199077e-03	-1.207630e-03	-1.802892e-03	5.952625e-04
260           	2.776359e-02	1.520615e-02	1.255744e-02	-3.357632e-03	3.032183e-02	-3.367946e-02	3.200064e-02	1.324356e-03	-1.199082e-03	-1.207624e-03	-1.802894e-03	5.952699e-04
261           	2.776239e-02	1.520557e-02	1.255682e-02	-3.357630e-03	3.032029e-02	-3.367792e-02	3.199910e-02	1.324378e-03	-1.199099e-03	-1.207628e-03	-1.802913e-03	5.952850e-04
262           	2.776122e-02	1.520502e-02	1.255621e-02	-3.357630e-03	3.031879e-02	-3.367642e-02	3.199760e-02	1.324406e-03	-1.199120e-03	-1.207636e-03	-1.802938e-03	5.953022e-04
263           	2.776008e-02	1.520448e-02	1.255561e-02	-3.357632e-03	3.031732e-02	-3.367495e-02	3.199614e-02	1.324436e-03	-1.199144e-03	-1.207647e-03	-1.802967e-03	5.953204e-04
264           	2.775897e-02	1.520395e-02	1.255502e-02	-3.357636e-03	3.031589e-02	-3.367352e-02	3.199470e-02	1.324467e-03	-1.199168e-03	-1.207659e-03	-1.802998e-03	5.953390e-04
265           	2.775788e-02	1.520344e-02	1.255444e-02	-3.357641e-03	3.031448e-02	-3.367212e-02	3.199330e-02	1.324498e-03	-1.199193e-03	-1.207672e-03	-1.803029e-03	5.953573e-04
266           	2.775681e-02	1.520293e-02	1.255388e-02	-3.357646e-03	3.031310e-02	-3.367075e-02	3.199192e-02	1.324529e-03	-1.199218e-03	-1.207685e-03	-1.803061e-03	5.953753e-04
267           	2.775576e-02	1.520244e-02	1.255332e-02	-3.357650e-03	3.031174e-02	-3.366939e-02	3.199057e-02	1.324558e-03	-1.199243e-03	-1.207700e-03	-1.803092e-03	5.953928e-04
268           	2.775472e-02	1.520195e-02	1.255277e-02	-3.357654e-03	3.031040e-02	-3.366806e-02	3.198923e-02	1.324587e-03	-1.199267e-03	-1.207714e-03	-1.803124e-03	5.954099e-04
269           	2.775369e-02	1.520145e-02	1.255224e-02	-3.357655e-03	3.030907e-02	-3.366673e-02	3.198790e-02	1.324603e-03	-1.199281e-03	-1.207721e-03	-1.803142e-03	5.954204e-04
270           	2.775268e-02	1.520097e-02	1.255172e-02	-3.357655e-03	3.030777e-02	-3.366542e-02	3.198660e-02	1.324624e-03	-1.199299e-03	-1.207731e-03	-1.803164e-03	5.954330e-04
271           	2.775169e-02	1.520050e-02	1.255120e-02	-3.357656e-03	3.030648e-02	-3.366414e-02	3.198531e-02	1.324650e-03	-1.199320e-03	-1.207745e-03	-1.803193e-03	5.954478e-04
272           	2.775072e-02	1.520004e-02	1.255068e-02	-3.357657e-03	3.030522e-02	-3.366288e-02	3.198405e-02	1.324679e-03	-1.199345e-03	-1.207761e-03	-1.803225e-03	5.954643e-04
273           	2.774976e-02	1.519959e-02	1.255017e-02	-3.357658e-03	3.030398e-02	-3.366164e-02	3.198281e-02	1.324712e-03	-1.199372e-03	-1.207779e-03	-1.803261e-03	5.954822e-04
274           	2.774883e-02	1.519916e-02	1.254967e-02	-3.357659e-03	3.030277e-02	-3.366043e-02	3.198160e-02	1.324748e-03	-1.199400e-03	-1.207798e-03	-1.803299e-03	5.955008e-04
275           	2.774791e-02	1.519874e-02	1.254917e-02	-3.357660e-03	3.030157e-02	-3.365924e-02	3.198041e-02	1.324784e-03	-1.199429e-03	-1.207818e-03	-1.803338e-03	5.955198e-04
276           	2.774701e-02	1.519832e-02	1.254868e-02	-3.357662e-03	3.030040e-02	-3.365806e-02	3.197923e-02	1.324821e-03	-1.199458e-03	-1.207838e-03	-1.803377e-03	5.955388e-04
277           	2.774612e-02	1.519792e-02	1.254820e-02	-3.357663e-03	3.029925e-02	-3.365691e-02	3.197808e-02	1.324857e-03	-1.199487e-03	-1.207859e-03	-1.803416e-03	5.955575e-04
278           	2.774525e-02	1.519752e-02	1.254773e-02	-3.357664e-03	3.029812e-02	-3.365578e-02	3.197695e-02	1.324894e-03	-1.199516e-03	-1.207879e-03	-1.803455e-03	5.955759e-04
279           	2.774439e-02	1.519713e-02	1.254727e-02	-3.357665e-03	3.029700e-02	-3.365467e-02	3.197584e-02	1.324929e-03	-1.199544e-03	-1.207900e-03	-1.803494e-03	5.955940e-04
280           	2.774355e-02	1.519674e-02	1.254681e-02	-3.357666e-03	3.029591e-02	-3.365357e-02	3.197474e-02	1.324965e-03	-1.199572e-03	-1.207921e-03	-1.803533e-03	5.956119e-04
281           	2.774273e-02	1.519636e-02	1.254636e-02	-3.357666e-03	3.029483e-02	-3.365250e-02	3.197366e-02	1.325000e-03	-1.199600e-03	-1.207941e-03	-1.803571e-03	5.956295e-04
282           	2.774192e-02	1.519599e-02	1.254592e-02	-3.357667e-03	3.029377e-02	-3.365143e-02	3.197260e-02	1.325035e-03	-1.199628e-03	-1.207962e-03	-1.803609e-03	5.956471e-04
283           	2.774112e-02	1.519563e-02	1.254549e-02	-3.357667e-03	3.029272e-02	-3.365039e-02	3.197156e-02	1.325070e-03	-1.199656e-03	-1.207984e-03	-1.803648e-03	5.956646e-04
284           	2.774033e-02	1.519527e-02	1.254506e-02	-3.357666e-03	3.029170e-02	-3.364936e-02	3.197053e-02	1.325105e-03	-1.199685e-03	-1.208005e-03	-1.803687e-03	5.956822e-04
285           	2.773957e-02	1.519492e-02	1.254464e-02	-3.357666e-03	3.029069e-02	-3.364835e-02	3.196952e-02	1.325141e-03	-1.199713e-03	-1.208026e-03	-1.803726e-03	5.956997e-04
286           	2.773881e-02	1.519458e-02	1.254423e-02	-3.357666e-03	3.028970e-02	-3.364736e-02	3.196853e-02	1.325177e-03	-1.199741e-03	-1.208048e-03	-1.803765e-03	5.957173e-04
287           	2.773807e-02	1.519425e-02	1.254382e-02	-3.357666e-03	3.028872e-02	-3.364639e-02	3.196756e-02	1.325213e-03	-1.199770e-03	-1.208070e-03	-1.803805e-03	5.957349e-04
288           	2.773734e-02	1.519392e-02	1.254342e-02	-3.357665e-03	3.028777e-02	-3.364543e-02	3.196660e-02	1.325250e-03	-1.199798e-03	-1.208092e-03	-1.803844e-03	5.957525e-04
289           	2.773663e-02	1.519360e-02	1.254303e-02	-3.357665e-03	3.028683e-02	-3.364450e-02	3.196566e-02	1.325287e-03	-1.199827e-03	-1.208114e-03	-1.803884e-03	5.957700e-04
290           	2.773593e-02	1.519329e-02	1.254264e-02	-3.357665e-03	3.028591e-02	-3.364358e-02	3.196474e-02	1.325324e-03	-1.199855e-03	-1.208136e-03	-1.803923e-03	5.957874e-04
291           	2.773524e-02	1.519298e-02	1.254226e-02	-3.357665e-03	3.028501e-02	-3.364267e-02	3.196384e-02	1.325360e-03	-1.199884e-03	-1.208158e-03	-1.803962e-03	5.958048e-04
292           	2.773457e-02	1.519268e-02	1.254189e-02	-3.357665e-03	3.028412e-02	-3.364178e-02	3.196295e-02	1.325397e-03	-1.199912e-03	-1.208179e-03	-1.804002e-03	5.958221e-04
293           	2.773391e-02	1.519239e-02	1.254152e-02	-3.357665e-03	3.028325e-02	-3.364091e-02	3.196208e-02	1.325434e-03	-1.199940e-03	-1.208201e-03	-1.804041e-03	5.958393e-04
294           	2.773326e-02	1.519210e-02	1.254116e-02	-3.357666e-03	3.028239e-02	-3.364006e-02	3.196122e-02	1.325470e-03	-1.199968e-03	-1.208223e-03	-1.804080e-03	5.958563e-04
295           	2.773263e-02	1.519182e-02	1.254081e-02	-3.357666e-03	3.028155e-02	-3.363922e-02	3.196038e-02	1.325507e-03	-1.199996e-03	-1.208245e-03	-1.804118e-03	5.958731e-04
296           	2.773200e-02	1.519154e-02	1.254046e-02	-3.357666e-03	3.028072e-02	-3.363839e-02	3.195956e-02	1.325543e-03	-1.200023e-03	-1.208267e-03	-1.804157e-03	5.958898e-04
297           	2.773139e-02	1.519127e-02	1.254012e-02	-3.357666e-03	3.027991e-02	-3.363758e-02	3.195875e-02	1.325578e-03	-1.200051e-03	-1.208288e-03	-1.804195e-03	5.959064e-04
298           	2.773079e-02	1.519101e-02	1.253978e-02	-3.357666e-03	3.027912e-02	-3.363678e-02	3.195795e-02	1.325614e-03	-1.200078e-03	-1.208310e-03	-1.804233e-03	5.959228e-04
299           	2.773021e-02	1.519075e-02	1.253945e-02	-3.357666e-03	3.027834e-02	-3.363600e-02	3.195717e-02	1.325650e-03	-1.200105e-03	-1.208331e-03	-1.804271e-03	5.959392e-04
300           	2.772963e-02	1.519050e-02	1.253913e-02	-3.357667e-03	3.027757e-02	-3.363524e-02	3.195640e-02	1.325685e-03	-1.200132e-03	-1.208353e-03	-1.804308e-03	5.959553e-04
301           	2.772906e-02	1.519025e-02	1.253881e-02	-3.357667e-03	3.027682e-02	-3.363449e-02	3.195565e-02	1.325720e-03	-1.200158e-03	-1.208374e-03	-1.804345e-03	5.959713e-04
302           	2.772851e-02	1.519001e-02	1.253850e-02	-3.357667e-03	3.027608e-02	-3.363375e-02	3.195491e-02	1.325755e-03	-1.200185e-03	-1.208395e-03	-1.804382e-03	5.959872e-04
303           	2.772797e-02	1.518977e-02	1.253819e-02	-3.357667e-03	3.027536e-02	-3.363302e-02	3.195419e-02	1.325789e-03	-1.200211e-03	-1.208416e-03	-1.804419e-03	5.960029e-04
304           	2.772743e-02	1.518954e-02	1.253789e-02	-3.357668e-03	3.027464e-02	-3.363231e-02	3.195348e-02	1.325824e-03	-1.200237e-03	-1.208437e-03	-1.804455e-03	5.960184e-04
305           	2.772691e-02	1.518931e-02	1.253760e-02	-3.357668e-03	3.027395e-02	-3.363161e-02	3.195278e-02	1.325858e-03	-1.200262e-03	-1.208457e-03	-1.804491e-03	5.960336e-04
306           	2.772640e-02	1.518909e-02	1.253731e-02	-3.357669e-03	3.027326e-02	-3.363093e-02	3.195210e-02	1.325891e-03	-1.200287e-03	-1.208478e-03	-1.804526e-03	5.960487e-04
307           	2.772590e-02	1.518887e-02	1.253703e-02	-3.357669e-03	3.027259e-02	-3.363026e-02	3.195142e-02	1.325924e-03	-1.200312e-03	-1.208498e-03	-1.804561e-03	5.960635e-04
308           	2.772541e-02	1.518866e-02	1.253675e-02	-3.357669e-03	3.027193e-02	-3.362960e-02	3.195077e-02	1.325957e-03	-1.200337e-03	-1.208517e-03	-1.804595e-03	5.960781e-04
309           	2.772493e-02	1.518845e-02	1.253648e-02	-3.357671e-03	3.027129e-02	-3.362896e-02	3.195012e-02	1.325986e-03	-1.200358e-03	-1.208535e-03	-1.804626e-03	5.960909e-04
310           	2.772446e-02	1.518825e-02	1.253621e-02	-3.357671e-03	3.027065e-02	-3.362832e-02	3.194949e-02	1.326019e-03	-1.200383e-03	-1.208555e-03	-1.804660e-03	5.961054e-04
311           	2.772400e-02	1.518805e-02	1.253595e-02	-3.357672e-03	3.027003e-02	-3.362771e-02	3.194887e-02	1.326049e-03	-1.200405e-03	-1.208573e-03	-1.804691e-03	5.961184e-04
312           	2.772355e-02	1.518785e-02	1.253569e-02	-3.357673e-03	3.026942e-02	-3.362710e-02	3.194826e-02	1.326079e-03	-1.200427e-03	-1.208591e-03	-1.804722e-03	5.961315e-04
313           	2.772310e-02	1.518766e-02	1.253544e-02	-3.357673e-03	3.026882e-02	-3.362650e-02	3.194766e-02	1.326111e-03	-1.200450e-03	-1.208609e-03	-1.804755e-03	5.961455e-04
314           	2.772267e-02	1.518747e-02	1.253519e-02	-3.357674e-03	3.026824e-02	-3.362591e-02	3.194708e-02	1.326140e-03	-1.200471e-03	-1.208627e-03	-1.804785e-03	5.961581e-04
315           	2.772224e-02	1.518729e-02	1.253495e-02	-3.357675e-03	3.026766e-02	-3.362534e-02	3.194650e-02	1.326169e-03	-1.200492e-03	-1.208643e-03	-1.804814e-03	5.961704e-04
316           	2.772183e-02	1.518711e-02	1.253472e-02	-3.357676e-03	3.026710e-02	-3.362478e-02	3.194594e-02	1.326197e-03	-1.200512e-03	-1.208660e-03	-1.804842e-03	5.961824e-04
317           	2.772142e-02	1.518694e-02	1.253449e-02	-3.357677e-03	3.026655e-02	-3.362423e-02	3.194539e-02	1.326224e-03	-1.200532e-03	-1.208676e-03	-1.804870e-03	5.961942e-04
318           	2.772102e-02	1.518676e-02	1.253426e-02	-3.357678e-03	3.026601e-02	-3.362369e-02	3.194485e-02	1.326251e-03	-1.200551e-03	-1.208691e-03	-1.804897e-03	5.962055e-04
319           	2.772063e-02	1.518659e-02	1.253404e-02	-3.357679e-03	3.026548e-02	-3.362316e-02	3.194432e-02	1.326277e-03	-1.200570e-03	-1.208707e-03	-1.804923e-03	5.962166e-04
320           	2.772025e-02	1.518643e-02	1.253382e-02	-3.357680e-03	3.026496e-02	-3.362264e-02	3.194380e-02	1.326303e-03	-1.200588e-03	-1.208721e-03	-1.804949e-03	5.962274e-04
321           	2.771988e-02	1.518627e-02	1.253361e-02	-3.357681e-03	3.026445e-02	-3.362213e-02	3.194329e-02	1.326328e-03	-1.200606e-03	-1.208736e-03	-1.804973e-03	5.962378e-04
322           	2.771951e-02	1.518611e-02	1.253341e-02	-3.357682e-03	3.026395e-02	-3.362163e-02	3.194279e-02	1.326352e-03	-1.200623e-03	-1.208750e-03	-1.804998e-03	5.962479e-04
323           	2.771916e-02	1.518595e-02	1.253320e-02	-3.357683e-03	3.026346e-02	-3.362115e-02	3.194231e-02	1.326375e-03	-1.200639e-03	-1.208763e-03	-1.805021e-03	5.962577e-04
324           	2.771881e-02	1.518580e-02	1.253301e-02	-3.357685e-03	3.026299e-02	-3.362067e-02	3.194183e-02	1.326398e-03	-1.200655e-03	-1.208776e-03	-1.805044e-03	5.962672e-04
325           	2.771847e-02	1.518565e-02	1.253281e-02	-3.357686e-03	3.026252e-02	-3.362020e-02	3.194136e-02	1.326420e-03	-1.200671e-03	-1.208789e-03	-1.805066e-03	5.962764e-04
326           	2.771813e-02	1.518551e-02	1.253263e-02	-3.357688e-03	3.026206e-02	-3.361975e-02	3.194090e-02	1.326441e-03	-1.200686e-03	-1.208802e-03	-1.805087e-03	5.962853e-04
327           	2.771781e-02	1.518537e-02	1.253244e-02	-3.357689e-03	3.026161e-02	-3.361930e-02	3.194046e-02	1.326462e-03	-1.200701e-03	-1.208814e-03	-1.805108e-03	5.962940e-04
328           	2.771749e-02	1.518523e-02	1.253226e-02	-3.357691e-03	3.026117e-02	-3.361886e-02	3.194002e-02	1.326483e-03	-1.200715e-03	-1.208826e-03	-1.805128e-03	5.963024e-04
329           	2.771718e-02	1.518509e-02	1.253209e-02	-3.357693e-03	3.026074e-02	-3.361843e-02	3.193959e-02	1.326503e-03	-1.200729e-03	-1.208837e-03	-1.805148e-03	5.963105e-04
330           	2.771687e-02	1.518496e-02	1.253192e-02	-3.357694e-03	3.026032e-02	-3.361802e-02	3.193917e-02	1.326522e-03	-1.200742e-03	-1.208848e-03	-1.805167e-03	5.963183e-04
331           	2.771658e-02	1.518483e-02	1.253175e-02	-3.357696e-03	3.025991e-02	-3.361760e-02	3.193876e-02	1.326541e-03	-1.200755e-03	-1.208859e-03	-1.805185e-03	5.963258e-04
332           	2.771629e-02	1.518470e-02	1.253158e-02	-3.357698e-03	3.025950e-02	-3.361720e-02	3.193835e-02	1.326558e-03	-1.200767e-03	-1.208869e-03	-1.805202e-03	5.963330e-04
333           	2.771600e-02	1.518458e-02	1.253143e-02	-3.357699e-03	3.025911e-02	-3.361681e-02	3.193796e-02	1.326576e-03	-1.200779e-03	-1.208878e-03	-1.805218e-03	5.963398e-04
334           	2.771572e-02	1.518445e-02	1.253127e-02	-3.357701e-03	3.025872e-02	-3.361642e-02	3.193757e-02	1.326592e-03	-1.200790e-03	-1.208887e-03	-1.805234e-03	5.963463e-04
335           	2.771545e-02	1.518434e-02	1.253112e-02	-3.357703e-03	3.025835e-02	-3.361605e-02	3.193720e-02	1.326608e-03	-1.200801e-03	-1.208896e-03	-1.805249e-03	5.963525e-04
336           	2.771519e-02	1.518422e-02	1.253097e-02	-3.357704e-03	3.025798e-02	-3.361568e-02	3.193683e-02	1.326623e-03	-1.200811e-03	-1.208904e-03	-1.805263e-03	5.963583e-04
337           	2.771493e-02	1.518410e-02	1.253083e-02	-3.357706e-03	3.025761e-02	-3.361532e-02	3.193647e-02	1.326638e-03	-1.200820e-03	-1.208912e-03	-1.805276e-03	5.963639e-04
338           	2.771468e-02	1.518399e-02	1.253069e-02	-3.357708e-03	3.025726e-02	-3.361497e-02	3.193611e-02	1.326652e-03	-1.200829e-03	-1.208920e-03	-1.805289e-03	5.963692e-04
339           	2.771443e-02	1.518388e-02	1.253055e-02	-3.357710e-03	3.025691e-02	-3.361462e-02	3.193577e-02	1.326665e-03	-1.200838e-03	-1.208927e-03	-1.805301e-03	5.963742e-04
340           	2.771419e-02	1.518378e-02	1.253042e-02	-3.357712e-03	3.025658e-02	-3.361429e-02	3.193543e-02	1.326678e-03	-1.200846e-03	-1.208933e-03	-1.805313e-03	5.963790e-04
341           	2.771396e-02	1.518367e-02	1.253029e-02	-3.357714e-03	3.025625e-02	-3.361396e-02	3.193510e-02	1.326691e-03	-1.200854e-03	-1.208940e-03	-1.805324e-03	5.963836e-04
342           	2.771373e-02	1.518357e-02	1.253016e-02	-3.357715e-03	3.025592e-02	-3.361364e-02	3.193478e-02	1.326703e-03	-1.200861e-03	-1.208946e-03	-1.805334e-03	5.963880e-04
343           	2.771351e-02	1.518347e-02	1.253004e-02	-3.357717e-03	3.025561e-02	-3.361333e-02	3.193447e-02	1.326714e-03	-1.200868e-03	-1.208952e-03	-1.805344e-03	5.963923e-04
344           	2.771329e-02	1.518337e-02	1.252992e-02	-3.357719e-03	3.025530e-02	-3.361302e-02	3.193416e-02	1.326725e-03	-1.200875e-03	-1.208957e-03	-1.805354e-03	5.963963e-04
345           	2.771308e-02	1.518328e-02	1.252980e-02	-3.357721e-03	3.025500e-02	-3.361272e-02	3.193386e-02	1.326736e-03	-1.200881e-03	-1.208963e-03	-1.805363e-03	5.964002e-04
346           	2.771288e-02	1.518318e-02	1.252969e-02	-3.357723e-03	3.025470e-02	-3.361243e-02	3.193357e-02	1.326746e-03	-1.200888e-03	-1.208967e-03	-1.805371e-03	5.964039e-04
347           	2.771267e-02	1.518309e-02	1.252958e-02	-3.357725e-03	3.025442e-02	-3.361214e-02	3.193328e-02	1.326756e-03	-1.200893e-03	-1.208972e-03	-1.805379e-03	5.964073e-04
348           	2.771248e-02	1.518300e-02	1.252947e-02	-3.357727e-03	3.025414e-02	-3.361186e-02	3.193300e-02	1.326765e-03	-1.200899e-03	-1.208976e-03	-1.805387e-03	5.964106e-04
349           	2.771229e-02	1.518292e-02	1.252937e-02	-3.357729e-03	3.025386e-02	-3.361159e-02	3.193273e-02	1.326774e-03	-1.200904e-03	-1.208980e-03	-1.805394e-03	5.964137e-04
350           	2.771210e-02	1.518283e-02	1.252927e-02	-3.357731e-03	3.025360e-02	-3.361133e-02	3.193246e-02	1.326782e-03	-1.200909e-03	-1.208984e-03	-1.805401e-03	5.964166e-04
351           	2.771192e-02	1.518275e-02	1.252917e-02	-3.357733e-03	3.025333e-02	-3.361107e-02	3.193220e-02	1.326790e-03	-1.200913e-03	-1.208988e-03	-1.805407e-03	5.964195e-04
352           	2.771175e-02	1.518267e-02	1.252908e-02	-3.357735e-03	3.025308e-02	-3.361081e-02	3.193195e-02	1.326798e-03	-1.200918e-03	-1.208991e-03	-1.805413e-03	5.964222e-04
353           	2.771158e-02	1.518259e-02	1.252898e-02	-3.357737e-03	3.025283e-02	-3.361057e-02	3.193170e-02	1.326806e-03	-1.200922e-03	-1.208994e-03	-1.805419e-03	5.964249e-04
354           	2.771141e-02	1.518252e-02	1.252889e-02	-3.357739e-03	3.025259e-02	-3.361033e-02	3.193146e-02	1.326814e-03	-1.200926e-03	-1.208997e-03	-1.805425e-03	5.964275e-04
355           	2.771125e-02	1.518245e-02	1.252880e-02	-3.357741e-03	3.025235e-02	-3.361009e-02	3.193122e-02	1.326821e-03	-1.200930e-03	-1.209000e-03	-1.805430e-03	5.964300e-04
356           	2.771109e-02	1.518237e-02	1.252872e-02	-3.357743e-03	3.025212e-02	-3.360986e-02	3.193099e-02	1.326828e-03	-1.200934e-03	-1.209003e-03	-1.805435e-03	5.964324e-04
357           	2.771094e-02	1.518230e-02	1.252863e-02	-3.357745e-03	3.025190e-02	-3.360964e-02	3.193077e-02	1.326835e-03	-1.200937e-03	-1.209006e-03	-1.805440e-03	5.964346e-04
358           	2.771079e-02	1.518224e-02	1.252855e-02	-3.357747e-03	3.025168e-02	-3.360942e-02	3.193055e-02	1.326841e-03	-1.200941e-03	-1.209008e-03	-1.805445e-03	5.964368e-04
359           	2.771065e-02	1.518217e-02	1.252848e-02	-3.357749e-03	3.025146e-02	-3.360921e-02	3.193034e-02	1.326848e-03	-1.200944e-03	-1.209010e-03	-1.805449e-03	5.964388e-04
360           	2.771051e-02	1.518211e-02	1.252840e-02	-3.357751e-03	3.025126e-02	-3.360901e-02	3.193013e-02	1.326853e-03	-1.200947e-03	-1.209012e-03	-1.805453e-03	5.964406e-04
361           	2.771037e-02	1.518204e-02	1.252833e-02	-3.357753e-03	3.025105e-02	-3.360881e-02	3.192993e-02	1.326859e-03	-1.200949e-03	-1.209014e-03	-1.805456e-03	5.964423e-04
362           	2.771024e-02	1.518198e-02	1.252826e-02	-3.357755e-03	3.025086e-02	-3.360861e-02	3.192973e-02	1.326864e-03	-1.200952e-03	-1.209015e-03	-1.805459e-03	5.964439e-04
363           	2.771011e-02	1.518192e-02	1.252819e-02	-3.357757e-03	3.025066e-02	-3.360842e-02	3.192954e-02	1.326869e-03	-1.200954e-03	-1.209017e-03	-1.805462e-03	5.964454e-04
364           	2.770999e-02	1.518187e-02	1.252812e-02	-3.357759e-03	3.025048e-02	-3.360824e-02	3.192936e-02	1.326874e-03	-1.200956e-03	-1.209018e-03	-1.805465e-03	5.964468e-04
365           	2.770987e-02	1.518181e-02	1.252806e-02	-3.357761e-03	3.025029e-02	-3.360806e-02	3.192917e-02	1.326878e-03	-1.200958e-03	-1.209019e-03	-1.805467e-03	5.964480e-04
366           	2.770975e-02	1.518176e-02	1.252799e-02	-3.357763e-03	3.025012e-02	-3.360788e-02	3.192900e-02	1.326882e-03	-1.200959e-03	-1.209020e-03	-1.805469e-03	5.964491e-04
367           	2.770964e-02	1.518170e-02	1.252793e-02	-3.357765e-03	3.024995e-02	-3.360771e-02	3.192883e-02	1.326886e-03	-1.200960e-03	-1.209021e-03	-1.805471e-03	5.964501e-04
368           	2.770953e-02	1.518165e-02	1.252788e-02	-3.357767e-03	3.024978e-02	-3.360754e-02	3.192866e-02	1.326889e-03	-1.200961e-03	-1.209021e-03	-1.805472e-03	5.964509e-04
369           	2.770942e-02	1.518160e-02	1.252782e-02	-3.357769e-03	3.024962e-02	-3.360738e-02	3.192850e-02	1.326892e-03	-1.200962e-03	-1.209021e-03	-1.805473e-03	5.964516e-04
370           	2.770932e-02	1.518156e-02	1.252777e-02	-3.357771e-03	3.024946e-02	-3.360723e-02	3.192834e-02	1.326895e-03	-1.200963e-03	-1.209021e-03	-1.805473e-03	5.964521e-04
371           	2.770922e-02	1.518151e-02	1.252771e-02	-3.357772e-03	3.024930e-02	-3.360708e-02	3.192819e-02	1.326897e-03	-1.200963e-03	-1.209021e-03	-1.805473e-03	5.964525e-04
372           	2.770913e-02	1.518146e-02	1.252767e-02	-3.357774e-03	3.024915e-02	-3.360693e-02	3.192804e-02	1.326899e-03	-1.200963e-03	-1.209021e-03	-1.805473e-03	5.964528e-04
373           	2.770904e-02	1.518142e-02	1.252762e-02	-3.357776e-03	3.024901e-02	-3.360679e-02	3.192790e-02	1.326901e-03	-1.200963e-03	-1.209020e-03	-1.805473e-03	5.964530e-04
374           	2.770895e-02	1.518138e-02	1.252757e-02	-3.357778e-03	3.024887e-02	-3.360665e-02	3.192776e-02	1.326903e-03	-1.200963e-03	-1.209020e-03	-1.805473e-03	5.964532e-04
375           	2.770886e-02	1.518134e-02	1.252753e-02	-3.357780e-03	3.024873e-02	-3.360651e-02	3.192762e-02	1.326904e-03	-1.200963e-03	-1.209019e-03	-1.805472e-03	5.964532e-04
376           	2.770878e-02	1.518130e-02	1.252748e-02	-3.357782e-03	3.024860e-02	-3.360638e-02	3.192749e-02	1.326906e-03	-1.200962e-03	-1.209018e-03	-1.805471e-03	5.964532e-04
377           	2.770870e-02	1.518126e-02	1.252744e-02	-3.357783e-03	3.024847e-02	-3.360626e-02	3.192736e-02	1.326907e-03	-1.200962e-03	-1.209017e-03	-1.805470e-03	5.964531e-04
378           	2.770862e-02	1.518122e-02	1.252740e-02	-3.357785e-03	3.024835e-02	-3.360613e-02	3.192724e-02	1.326908e-03	-1.200961e-03	-1.209016e-03	-1.805469e-03	5.964529e-04
379           	2.770855e-02	1.518118e-02	1.252737e-02	-3.357787e-03	3.024823e-02	-3.360601e-02	3.192712e-02	1.326909e-03	-1.200960e-03	-1.209014e-03	-1.805467e-03	5.964527e-04
380           	2.770848e-02	1.518115e-02	1.252733e-02	-3.357789e-03	3.024811e-02	-3.360590e-02	3.192701e-02	1.326909e-03	-1.200959e-03	-1.209013e-03	-1.805465e-03	5.964523e-04
381           	2.770841e-02	1.518112e-02	1.252730e-02	-3.357790e-03	3.024800e-02	-3.360579e-02	3.192689e-02	1.326910e-03	-1.200958e-03	-1.209011e-03	-1.805463e-03	5.964518e-04
382           	2.770835e-02	1.518108e-02	1.252726e-02	-3.357792e-03	3.024789e-02	-3.360568e-02	3.192679e-02	1.326910e-03	-1.200956e-03	-1.209010e-03	-1.805461e-03	5.964513e-04
383           	2.770828e-02	1.518105e-02	1.252723e-02	-3.357794e-03	3.024779e-02	-3.360558e-02	3.192668e-02	1.326910e-03	-1.200955e-03	-1.209008e-03	-1.805458e-03	5.964506e-04
384           	2.770823e-02	1.518102e-02	1.252720e-02	-3.357796e-03	3.024768e-02	-3.360548e-02	3.192658e-02	1.326910e-03	-1.200953e-03	-1.209006e-03	-1.805456e-03	5.964499e-04
385           	2.770817e-02	1.518099e-02	1.252717e-02	-3.357797e-03	3.024759e-02	-3.360538e-02	3.192648e-02	1.326909e-03	-1.200951e-03	-1.209004e-03	-1.805453e-03	5.964492e-04
386           	2.770811e-02	1.518097e-02	1.252715e-02	-3.357799e-03	3.024749e-02	-3.360529e-02	3.192639e-02	1.326909e-03	-1.200949e-03	-1.209002e-03	-1.805450e-03	5.964483e-04
387           	2.770806e-02	1.518094e-02	1.252712e-02	-3.357801e-03	3.024740e-02	-3.360520e-02	3.192630e-02	1.326908e-03	-1.200947e-03	-1.208999e-03	-1.805447e-03	5.964474e-04
388           	2.770801e-02	1.518091e-02	1.252710e-02	-3.357802e-03	3.024731e-02	-3.360511e-02	3.192621e-02	1.326908e-03	-1.200945e-03	-1.208997e-03	-1.805443e-03	5.964465e-04
389           	2.770796e-02	1.518089e-02	1.252708e-02	-3.357804e-03	3.024723e-02	-3.360503e-02	3.192613e-02	1.326907e-03	-1.200943e-03	-1.208994e-03	-1.805440e-03	5.964456e-04
390           	2.770792e-02	1.518087e-02	1.252705e-02	-3.357805e-03	3.024715e-02	-3.360495e-02	3.192605e-02	1.326906e-03	-1.200940e-03	-1.208992e-03	-1.805436e-03	5.964446e-04
391           	2.770788e-02	1.518084e-02	1.252703e-02	-3.357807e-03	3.024707e-02	-3.360487e-02	3.192597e-02	1.326905e-03	-1.200938e-03	-1.208989e-03	-1.805433e-03	5.964435e-04
392           	2.770784e-02	1.518082e-02	1.252702e-02	-3.357808e-03	3.024699e-02	-3.360480e-02	3.192590e-02	1.326904e-03	-1.200936e-03	-1.208986e-03	-1.805429e-03	5.964424e-04
393           	2.770780e-02	1.518080e-02	1.252700e-02	-3.357810e-03	3.024692e-02	-3.360473e-02	3.192582e-02	1.326902e-03	-1.200933e-03	-1.208984e-03	-1.805425e-03	5.964412e-04
394           	2.770776e-02	1.518078e-02	1.252698e-02	-3.357812e-03	3.024685e-02	-3.360466e-02	3.192576e-02	1.326901e-03	-1.200930e-03	-1.208980e-03	-1.805420e-03	5.964399e-04
395           	2.770773e-02	1.518076e-02	1.252697e-02	-3.357813e-03	3.024678e-02	-3.360460e-02	3.192569e-02	1.326899e-03	-1.200927e-03	-1.208977e-03	-1.805416e-03	5.964385e-04
396           	2.770770e-02	1.518075e-02	1.252695e-02	-3.357815e-03	3.024672e-02	-3.360453e-02	3.192563e-02	1.326897e-03	-1.200924e-03	-1.208974e-03	-1.805411e-03	5.964371e-04
397           	2.770767e-02	1.518073e-02	1.252694e-02	-3.357816e-03	3.024666e-02	-3.360448e-02	3.192557e-02	1.326895e-03	-1.200921e-03	-1.208971e-03	-1.805406e-03	5.964357e-04
398           	2.770764e-02	1.518071e-02	1.252693e-02	-3.357817e-03	3.024660e-02	-3.360442e-02	3.192551e-02	1.326893e-03	-1.200918e-03	-1.208967e-03	-1.805401e-03	5.964341e-04
399           	2.770762e-02	1.518070e-02	1.252692e-02	-3.357819e-03	3.024655e-02	-3.360437e-02	3.192546e-02	1.326891e-03	-1.200914e-03	-1.208964e-03	-1.805396e-03	5.964325e-04
400           	2.770759e-02	1.518068e-02	1.252691e-02	-3.357820e-03	3.024649e-02	-3.360431e-02	3.192540e-02	1.326889e-03	-1.200911e-03	-1.208960e-03	-1.805391e-03	5.964308e-04
401           	2.770757e-02	1.518067e-02	1.252690e-02	-3.357822e-03	3.024644e-02	-3.360427e-02	3.192535e-02	1.326886e-03	-1.200907e-03	-1.208956e-03	-1.805385e-03	5.964290e-04
402           	2.770755e-02	1.518067e-02	1.252688e-02	-3.357824e-03	3.024640e-02	-3.360422e-02	3.192531e-02	1.326892e-03	-1.200910e-03	-1.208958e-03	-1.805389e-03	5.964312e-04
403           	2.770753e-02	1.518065e-02	1.252688e-02	-3.357825e-03	3.024635e-02	-3.360418e-02	3.192527e-02	1.326887e-03	-1.200904e-03	-1.208952e-03	-1.805380e-03	5.964282e-04
404           	2.770752e-02	1.518065e-02	1.252687e-02	-3.357827e-03	3.024631e-02	-3.360414e-02	3.192523e-02	1.326891e-03	-1.200905e-03	-1.208952e-03	-1.805381e-03	5.964291e-04
405           	2.770750e-02	1.518063e-02	1.252687e-02	-3.357828e-03	3.024627e-02	-3.360410e-02	3.192518e-02	1.326883e-03	-1.200897e-03	-1.208945e-03	-1.805369e-03	5.964247e-04
406           	2.770749e-02	1.518063e-02	1.252686e-02	-3.357829e-03	3.024623e-02	-3.360406e-02	3.192515e-02	1.326884e-03	-1.200896e-03	-1.208943e-03	-1.805368e-03	5.964246e-04
407           	2.770748e-02	1.518061e-02	1.252686e-02	-3.357830e-03	3.024620e-02	-3.360403e-02	3.192511e-02	1.326874e-03	-1.200886e-03	-1.208934e-03	-1.805353e-03	5.964191e-04
408           	2.770747e-02	1.518061e-02	1.252686e-02	-3.357831e-03	3.024616e-02	-3.360399e-02	3.192508e-02	1.326874e-03	-1.200884e-03	-1.208931e-03	-1.805350e-03	5.964183e-04
409           	2.770746e-02	1.518060e-02	1.252686e-02	-3.357833e-03	3.024613e-02	-3.360397e-02	3.192505e-02	1.326872e-03	-1.200881e-03	-1.208928e-03	-1.805345e-03	5.964168e-04
410           	2.770745e-02	1.518058e-02	1.252687e-02	-3.357833e-03	3.024610e-02	-3.360393e-02	3.192502e-02	1.326859e-03	-1.200868e-03	-1.208917e-03	-1.805327e-03	5.964101e-04
411           	2.770745e-02	1.518058e-02	1.252687e-02	-3.357835e-03	3.024607e-02	-3.360391e-02	3.192499e-02	1.326857e-03	-1.200865e-03	-1.208913e-03	-1.805321e-03	5.964085e-04
