# Force and moment coefficients
# dragDir     : (1.000000e+00 0.000000e+00 0.000000e+00)
# sideDir     : (0.000000e+00 1.000000e+00 0.000000e+00)
# liftDir     : (0.000000e+00 0.000000e+00 1.000000e+00)
# rollAxis    : (1.000000e+00 0.000000e+00 0.000000e+00)
# pitchAxis   : (0.000000e+00 1.000000e+00 0.000000e+00)
# yawAxis     : (0.000000e+00 0.000000e+00 1.000000e+00)
# magUInf     : 6.661800e+00
# lRef        : 1.499270e-01
# Aref        : 5.000000e-02
# CofR        : (0.000000e+00 0.000000e+00 0.000000e+00)
#
# Time        	Cd            	Cd(f)         	Cd(r)         	Cl            	Cl(f)         	Cl(r)         	CmPitch       	CmRoll        	CmYaw         	Cs            	Cs(f)         	Cs(r)         
1             	2.683770e-01	1.405366e-01	1.278404e-01	-1.061510e-02	1.472878e-01	-1.579029e-01	1.525954e-01	6.348121e-03	-5.530871e-03	-6.641652e-03	-8.851697e-03	2.210045e-03
2             	2.008760e-01	1.055002e-01	9.537581e-02	-1.425936e-02	1.088571e-01	-1.231164e-01	1.159867e-01	5.062207e-03	-4.480975e-03	-5.291694e-03	-7.126822e-03	1.835128e-03
3             	1.554287e-01	8.082613e-02	7.460255e-02	-1.472937e-02	8.333021e-02	-9.805958e-02	9.069490e-02	3.111788e-03	-2.753975e-03	-3.254508e-03	-4.381229e-03	1.126721e-03
4             	1.207534e-01	6.137010e-02	5.938334e-02	-1.288253e-02	6.426384e-02	-7.714637e-02	7.070510e-02	9.933770e-04	-8.176825e-04	-1.037497e-03	-1.336431e-03	2.989343e-04
5             	9.263024e-02	4.538330e-02	4.724694e-02	-9.701311e-03	4.912825e-02	-5.882956e-02	5.397891e-02	-9.318174e-04	9.795658e-04	9.981207e-04	1.478626e-03	-4.805054e-04
6             	7.003049e-02	3.264758e-02	3.738292e-02	-6.113147e-03	3.717981e-02	-4.329296e-02	4.023638e-02	-2.367670e-03	2.347069e-03	2.547989e-03	3.621063e-03	-1.073074e-03
7             	5.287937e-02	2.326941e-02	2.960996e-02	-2.841715e-03	2.823915e-02	-3.108086e-02	2.966001e-02	-3.170273e-03	3.135000e-03	3.460111e-03	4.865056e-03	-1.404945e-03
8             	4.103939e-02	1.718984e-02	2.384955e-02	-3.382791e-04	2.213942e-02	-2.247770e-02	2.230856e-02	-3.329853e-03	3.318607e-03	3.712715e-03	5.174965e-03	-1.462250e-03
9             	3.393898e-02	1.401038e-02	1.992860e-02	1.216358e-03	1.852089e-02	-1.730453e-02	1.791271e-02	-2.959110e-03	2.993178e-03	3.408112e-03	4.697234e-03	-1.289121e-03
10            	3.060915e-02	1.306626e-02	1.754289e-02	1.858873e-03	1.684105e-02	-1.498218e-02	1.591162e-02	-2.238316e-03	2.323581e-03	2.718617e-03	3.682890e-03	-9.642731e-04
11            	2.986115e-02	1.355505e-02	1.630610e-02	1.769042e-03	1.646217e-02	-1.469313e-02	1.557765e-02	-1.375530e-03	1.506274e-03	1.849996e-03	2.431272e-03	-5.812760e-04
12            	3.051991e-02	1.470093e-02	1.581898e-02	1.192979e-03	1.676865e-02	-1.557568e-02	1.617216e-02	-5.590281e-04	7.238976e-04	9.947036e-04	1.221249e-03	-2.265458e-04
13            	3.160423e-02	1.587454e-02	1.572969e-02	3.791431e-04	1.725707e-02	-1.687793e-02	1.706750e-02	7.242069e-05	1.139870e-04	3.007122e-04	2.643432e-04	3.636905e-05
14            	3.243769e-02	1.666438e-02	1.577331e-02	-4.657000e-04	1.758914e-02	-1.805484e-02	1.782199e-02	4.455316e-04	-2.477441e-04	-1.459696e-04	-3.207289e-04	1.747593e-04
15            	3.266755e-02	1.688068e-02	1.578687e-02	-1.198464e-03	1.759640e-02	-1.879486e-02	1.819563e-02	5.469068e-04	-3.445036e-04	-3.176978e-04	-5.033525e-04	1.856548e-04
16            	3.222550e-02	1.653313e-02	1.569237e-02	-1.743608e-03	1.725844e-02	-1.900205e-02	1.813025e-02	4.203757e-04	-2.165491e-04	-2.464476e-04	-3.397729e-04	9.332527e-05
17            	3.123744e-02	1.575696e-02	1.548047e-02	-2.082673e-03	1.665212e-02	-1.873479e-02	1.769345e-02	1.382437e-04	6.544667e-05	3.261711e-06	6.707752e-05	-6.381581e-05
18            	2.993216e-02	1.475356e-02	1.517860e-02	-2.237878e-03	1.590311e-02	-1.814098e-02	1.702205e-02	-2.125179e-04	4.151516e-04	3.475014e-04	5.889023e-04	-2.414009e-04
19            	2.855353e-02	1.372731e-02	1.482622e-02	-2.253690e-03	1.513978e-02	-1.739347e-02	1.626662e-02	-5.494534e-04	7.488859e-04	7.009032e-04	1.099338e-03	-3.984343e-04
20            	2.729318e-02	1.283246e-02	1.446072e-02	-2.180818e-03	1.445897e-02	-1.663979e-02	1.554938e-02	-8.141275e-04	1.006669e-03	9.988276e-04	1.506083e-03	-5.072550e-04
21            	2.626250e-02	1.215785e-02	1.410464e-02	-2.065048e-03	1.391297e-02	-1.597801e-02	1.494549e-02	-9.733969e-04	1.154066e-03	1.199430e-03	1.753781e-03	-5.543513e-04
22            	2.548898e-02	1.172396e-02	1.376502e-02	-1.941015e-03	1.350905e-02	-1.545007e-02	1.447956e-02	-1.020527e-03	1.184048e-03	1.286815e-03	1.827455e-03	-5.406405e-04
23            	2.493417e-02	1.149642e-02	1.343775e-02	-1.830540e-03	1.322087e-02	-1.505141e-02	1.413614e-02	-9.706629e-04	1.112846e-03	1.268341e-03	1.747016e-03	-4.786756e-04
24            	2.452039e-02	1.140628e-02	1.311410e-02	-1.743881e-03	1.300320e-02	-1.474709e-02	1.387515e-02	-8.539108e-04	9.723753e-04	1.168787e-03	1.556769e-03	-3.879817e-04
25            	2.416254e-02	1.137484e-02	1.278770e-02	-1.682911e-03	1.280899e-02	-1.449190e-02	1.365044e-02	-7.064334e-04	8.017428e-04	1.022768e-03	1.313127e-03	-2.903590e-04
26            	2.379257e-02	1.133546e-02	1.245711e-02	-1.644579e-03	1.260203e-02	-1.424661e-02	1.342432e-02	-5.608278e-04	6.363002e-04	8.640071e-04	1.068304e-03	-2.042967e-04
27            	2.337078e-02	1.124357e-02	1.212721e-02	-1.623796e-03	1.236265e-02	-1.398645e-02	1.317455e-02	-4.418184e-04	5.027471e-04	7.205122e-04	8.630032e-04	-1.424910e-04
28            	2.288967e-02	1.108166e-02	1.180801e-02	-1.615516e-03	1.208907e-02	-1.370459e-02	1.289683e-02	-3.631746e-04	4.158545e-04	6.107394e-04	7.212242e-04	-1.104848e-04
29            	2.236835e-02	1.085648e-02	1.151186e-02	-1.615770e-03	1.179383e-02	-1.340960e-02	1.260172e-02	-3.276901e-04	3.782209e-04	5.424388e-04	6.494403e-04	-1.070015e-04
30            	2.184220e-02	1.059214e-02	1.125005e-02	-1.621925e-03	1.149770e-02	-1.311962e-02	1.230866e-02	-3.289552e-04	3.824127e-04	5.137583e-04	6.392919e-04	-1.255336e-04
31            	2.134974e-02	1.031991e-02	1.102983e-02	-1.632340e-03	1.122247e-02	-1.285481e-02	1.203864e-02	-3.549599e-04	4.145047e-04	5.157701e-04	6.723897e-04	-1.566196e-04
32            	2.092185e-02	1.006932e-02	1.085253e-02	-1.645870e-03	1.098517e-02	-1.263104e-02	1.180810e-02	-3.916049e-04	4.581638e-04	5.357938e-04	7.260607e-04	-1.902669e-04
33            	2.057538e-02	9.861753e-03	1.071362e-02	-1.661458e-03	1.079468e-02	-1.245614e-02	1.162541e-02	-4.259358e-04	4.984121e-04	5.607757e-04	7.788000e-04	-2.180243e-04
34            	2.031123e-02	9.707151e-03	1.060408e-02	-1.677914e-03	1.065084e-02	-1.232875e-02	1.148979e-02	-4.484628e-04	5.243084e-04	5.799734e-04	8.142950e-04	-2.343217e-04
35            	2.011611e-02	9.603710e-03	1.051240e-02	-1.693893e-03	1.054557e-02	-1.223947e-02	1.139252e-02	-4.543427e-04	5.303330e-04	5.866066e-04	8.236363e-04	-2.370296e-04
36            	1.996734e-02	9.540297e-03	1.042704e-02	-1.708038e-03	1.046578e-02	-1.217381e-02	1.131979e-02	-4.433717e-04	5.164117e-04	5.783919e-04	8.056076e-04	-2.272158e-04
37            	1.983886e-02	9.500362e-03	1.033850e-02	-1.719215e-03	1.039663e-02	-1.211584e-02	1.125624e-02	-4.190705e-04	4.868358e-04	5.569830e-04	7.653273e-04	-2.083443e-04
38            	1.970703e-02	9.466344e-03	1.024069e-02	-1.726718e-03	1.032483e-02	-1.205155e-02	1.118819e-02	-3.871712e-04	4.485028e-04	5.267893e-04	7.118974e-04	-1.851082e-04
39            	1.955489e-02	9.423467e-03	1.013142e-02	-1.730396e-03	1.024097e-02	-1.197136e-02	1.110617e-02	-3.539755e-04	4.090040e-04	4.934679e-04	6.557379e-04	-1.622700e-04
40            	1.937444e-02	9.362295e-03	1.001215e-02	-1.730664e-03	1.014065e-02	-1.187132e-02	1.100599e-02	-3.249258e-04	3.749113e-04	4.624489e-04	6.061357e-04	-1.436868e-04
41            	1.916649e-02	9.279624e-03	9.886871e-03	-1.728379e-03	1.002443e-02	-1.175281e-02	1.088862e-02	-3.036236e-04	3.505705e-04	4.377553e-04	5.694481e-04	-1.316928e-04
42            	1.893879e-02	9.177978e-03	9.760815e-03	-1.724649e-03	9.896703e-03	-1.162135e-02	1.075903e-02	-2.914188e-04	3.375829e-04	4.213557e-04	5.482608e-04	-1.269051e-04
43            	1.870316e-02	9.064039e-03	9.639119e-03	-1.720607e-03	9.764162e-03	-1.148477e-02	1.062446e-02	-2.875399e-04	3.349639e-04	4.131313e-04	5.415295e-04	-1.283982e-04
44            	1.847229e-02	8.946562e-03	9.525724e-03	-1.717207e-03	9.633975e-03	-1.135118e-02	1.049258e-02	-2.895810e-04	3.397168e-04	4.111609e-04	5.452973e-04	-1.341363e-04
45            	1.825699e-02	8.834264e-03	9.422725e-03	-1.715081e-03	9.512285e-03	-1.122737e-02	1.036983e-02	-2.942302e-04	3.477269e-04	4.123699e-04	5.539118e-04	-1.415419e-04
46            	1.806432e-02	8.734102e-03	9.330217e-03	-1.714483e-03	9.403155e-03	-1.111764e-02	1.026040e-02	-2.980574e-04	3.547335e-04	4.132964e-04	5.613817e-04	-1.480853e-04
47            	1.789680e-02	8.650211e-03	9.246588e-03	-1.715308e-03	9.308142e-03	-1.102345e-02	1.016580e-02	-2.981888e-04	3.571690e-04	4.108236e-04	5.625809e-04	-1.517572e-04
48            	1.775271e-02	8.583587e-03	9.169122e-03	-1.717186e-03	9.226437e-03	-1.094362e-02	1.008503e-02	-2.927672e-04	3.527518e-04	4.027573e-04	5.541305e-04	-1.513732e-04
49            	1.762715e-02	8.532441e-03	9.094713e-03	-1.719601e-03	9.155439e-03	-1.087504e-02	1.001524e-02	-2.811361e-04	3.407065e-04	3.881037e-04	5.347584e-04	-1.466547e-04
50            	1.751353e-02	8.492967e-03	9.020565e-03	-1.722024e-03	9.091551e-03	-1.081357e-02	9.952563e-03	-2.637993e-04	3.217200e-04	3.671312e-04	5.052856e-04	-1.381544e-04
51            	1.740511e-02	8.460387e-03	8.944720e-03	-1.724022e-03	9.031035e-03	-1.075506e-02	9.893045e-03	-2.421663e-04	2.976103e-04	3.411653e-04	4.681930e-04	-1.270277e-04
52            	1.729628e-02	8.429944e-03	8.866339e-03	-1.725326e-03	8.970722e-03	-1.069605e-02	9.833385e-03	-2.181973e-04	2.708733e-04	3.122582e-04	4.270024e-04	-1.147442e-04
53            	1.718345e-02	8.397721e-03	8.785725e-03	-1.725864e-03	8.908480e-03	-1.063434e-02	9.771412e-03	-1.940020e-04	2.441670e-04	2.827684e-04	3.855512e-04	-1.027828e-04
54            	1.706524e-02	8.361143e-03	8.704098e-03	-1.725736e-03	8.843395e-03	-1.056913e-02	9.706263e-03	-1.714779e-04	2.198454e-04	2.549344e-04	3.473125e-04	-9.237819e-05
55            	1.694237e-02	8.319134e-03	8.623238e-03	-1.725165e-03	8.775675e-03	-1.050084e-02	9.638257e-03	-1.520519e-04	1.996297e-04	2.305462e-04	3.149028e-04	-8.435663e-05
56            	1.681705e-02	8.271992e-03	8.545056e-03	-1.724435e-03	8.706382e-03	-1.043082e-02	9.568600e-03	-1.365321e-04	1.844190e-04	2.107235e-04	2.897808e-04	-7.905732e-05
57            	1.669225e-02	8.221038e-03	8.471215e-03	-1.723820e-03	8.637047e-03	-1.036087e-02	9.498957e-03	-1.250885e-04	1.742783e-04	1.958417e-04	2.721992e-04	-7.635746e-05
58            	1.657100e-02	8.168178e-03	8.402826e-03	-1.723532e-03	8.569278e-03	-1.029281e-02	9.431044e-03	-1.173240e-04	1.685448e-04	1.855687e-04	2.613292e-04	-7.576044e-05
59            	1.645574e-02	8.115447e-03	8.340295e-03	-1.723690e-03	8.504430e-03	-1.022812e-02	9.366275e-03	-1.124243e-04	1.660382e-04	1.790079e-04	2.555421e-04	-7.653420e-05
60            	1.634795e-02	8.064632e-03	8.283322e-03	-1.724307e-03	8.443390e-03	-1.016770e-02	9.305543e-03	-1.093451e-04	1.653143e-04	1.749030e-04	2.527658e-04	-7.786279e-05
61            	1.624805e-02	8.017029e-03	8.231023e-03	-1.725307e-03	8.386494e-03	-1.011180e-02	9.249148e-03	-1.069973e-04	1.649205e-04	1.718704e-04	2.508557e-04	-7.898532e-05
62            	1.615547e-02	7.973327e-03	8.182139e-03	-1.726549e-03	8.333564e-03	-1.006011e-02	9.196839e-03	-1.044060e-04	1.636089e-04	1.686129e-04	2.479153e-04	-7.930239e-05
63            	1.606893e-02	7.933639e-03	8.135289e-03	-1.727866e-03	8.284035e-03	-1.001190e-02	9.147968e-03	-1.008247e-04	1.604831e-04	1.640881e-04	2.425272e-04	-7.843909e-05
64            	1.598678e-02	7.897595e-03	8.089182e-03	-1.729096e-03	8.237106e-03	-9.966202e-03	9.101654e-03	-9.579367e-05	1.550638e-04	1.576057e-04	2.338666e-04	-7.626096e-05
65            	1.590735e-02	7.864530e-03	8.042820e-03	-1.730111e-03	8.191939e-03	-9.922050e-03	9.056994e-03	-8.914483e-05	1.472808e-04	1.488626e-04	2.217120e-04	-7.284948e-05
66            	1.582925e-02	7.833638e-03	7.995609e-03	-1.730836e-03	8.147797e-03	-9.878633e-03	9.013215e-03	-8.098528e-05	1.374328e-04	1.379452e-04	2.064054e-04	-6.846021e-05
67            	1.575151e-02	7.804115e-03	7.947392e-03	-1.731251e-03	8.104146e-03	-9.835397e-03	8.969772e-03	-7.163833e-05	1.260921e-04	1.252669e-04	1.887255e-04	-6.345859e-05
68            	1.567369e-02	7.775301e-03	7.898393e-03	-1.731388e-03	8.060700e-03	-9.792089e-03	8.926394e-03	-6.154575e-05	1.139563e-04	1.114338e-04	1.696732e-04	-5.823942e-05
69            	1.559583e-02	7.746712e-03	7.849121e-03	-1.731318e-03	8.017406e-03	-9.748724e-03	8.883065e-03	-5.120426e-05	1.017593e-04	9.716407e-05	1.503413e-04	-5.317727e-05
70            	1.551831e-02	7.718066e-03	7.800239e-03	-1.731127e-03	7.974395e-03	-9.705521e-03	8.839958e-03	-4.108699e-05	9.015880e-05	8.316713e-05	1.317424e-04	-4.857524e-05
71            	1.544169e-02	7.689254e-03	7.752432e-03	-1.730904e-03	7.931908e-03	-9.662813e-03	8.797361e-03	-3.158877e-05	7.966425e-05	7.005401e-05	1.146913e-04	-4.463725e-05
72            	1.536659e-02	7.660297e-03	7.706292e-03	-1.730724e-03	7.890223e-03	-9.620947e-03	8.755585e-03	-2.299754e-05	7.060643e-05	5.828616e-05	9.974951e-05	-4.146335e-05
73            	1.529354e-02	7.631310e-03	7.662233e-03	-1.730637e-03	7.849589e-03	-9.580226e-03	8.714908e-03	-1.546150e-05	6.309831e-05	4.811039e-05	8.715351e-05	-3.904312e-05
74            	1.522289e-02	7.602430e-03	7.620461e-03	-1.730665e-03	7.810181e-03	-9.540846e-03	8.675513e-03	-9.015253e-06	5.708761e-05	3.959579e-05	7.688550e-05	-3.728971e-05
75            	1.515477e-02	7.573796e-03	7.580972e-03	-1.730804e-03	7.772077e-03	-9.502881e-03	8.637479e-03	-3.587965e-06	5.237798e-05	3.263767e-05	6.869681e-05	-3.605914e-05
76            	1.508911e-02	7.545527e-03	7.543584e-03	-1.731029e-03	7.735266e-03	-9.466296e-03	8.600781e-03	9.715301e-07	4.867460e-05	2.699421e-05	6.217171e-05	-3.517750e-05
77            	1.502570e-02	7.517717e-03	7.507986e-03	-1.731305e-03	7.699663e-03	-9.430967e-03	8.565315e-03	4.865155e-06	4.563371e-05	2.233366e-05	5.680054e-05	-3.446688e-05
78            	1.496423e-02	7.490430e-03	7.473804e-03	-1.731589e-03	7.665133e-03	-9.396721e-03	8.530927e-03	8.312985e-06	4.291669e-05	1.829230e-05	5.206284e-05	-3.377054e-05
79            	1.490440e-02	7.463728e-03	7.440668e-03	-1.731848e-03	7.631540e-03	-9.363388e-03	8.497464e-03	1.153001e-05	4.021125e-05	1.450747e-05	4.746499e-05	-3.295752e-05
80            	1.484591e-02	7.437653e-03	7.408255e-03	-1.732057e-03	7.598756e-03	-9.330813e-03	8.464785e-03	1.469894e-05	3.727870e-05	1.067332e-05	4.261536e-05	-3.194205e-05
81            	1.478857e-02	7.412242e-03	7.376327e-03	-1.732202e-03	7.566685e-03	-9.298887e-03	8.432786e-03	1.795775e-05	3.396163e-05	6.560748e-06	3.724201e-05	-3.068126e-05
82            	1.473227e-02	7.387526e-03	7.344742e-03	-1.732283e-03	7.535270e-03	-9.267552e-03	8.401411e-03	2.139227e-05	3.018738e-05	2.030715e-06	3.120273e-05	-2.917202e-05
83            	1.467698e-02	7.363528e-03	7.313454e-03	-1.732309e-03	7.504491e-03	-9.236800e-03	8.370645e-03	2.503735e-05	2.596015e-05	-2.966379e-06	2.447696e-05	-2.744334e-05
84            	1.462275e-02	7.340261e-03	7.282492e-03	-1.732297e-03	7.474359e-03	-9.206656e-03	8.340508e-03	2.888418e-05	2.134483e-05	-8.402775e-06	1.714344e-05	-2.554622e-05
85            	1.456966e-02	7.317719e-03	7.251939e-03	-1.732267e-03	7.444902e-03	-9.177168e-03	8.311035e-03	3.289010e-05	1.644863e-05	-1.419063e-05	9.353318e-06	-2.354394e-05
86            	1.451779e-02	7.295883e-03	7.221903e-03	-1.732235e-03	7.416150e-03	-9.148384e-03	8.282267e-03	3.699035e-05	1.140110e-05	-2.020267e-05	1.299762e-06	-2.150243e-05
87            	1.446721e-02	7.274715e-03	7.192496e-03	-1.732216e-03	7.388132e-03	-9.120349e-03	8.254240e-03	4.110948e-05	6.336905e-06	-2.629255e-05	-6.809372e-06	-1.948318e-05
88            	1.441796e-02	7.254151e-03	7.163805e-03	-1.732220e-03	7.360851e-03	-9.093071e-03	8.226961e-03	4.517320e-05	1.377088e-06	-3.231873e-05	-1.478228e-05	-1.753645e-05
89            	1.437001e-02	7.234121e-03	7.135891e-03	-1.732247e-03	7.334295e-03	-9.066542e-03	8.200418e-03	4.911507e-05	-3.380136e-06	-3.815718e-05	-2.245873e-05	-1.569845e-05
90            	1.432333e-02	7.214547e-03	7.108781e-03	-1.732296e-03	7.308434e-03	-9.040730e-03	8.174582e-03	5.288298e-05	-7.865701e-06	-4.371223e-05	-2.972182e-05	-1.399042e-05
91            	1.427783e-02	7.195356e-03	7.082470e-03	-1.732359e-03	7.283230e-03	-9.015589e-03	8.149409e-03	5.644286e-05	-1.204220e-05	-4.892250e-05	-3.650345e-05	-1.241905e-05
92            	1.423341e-02	7.176485e-03	7.056928e-03	-1.732427e-03	7.258634e-03	-8.991062e-03	8.124848e-03	5.977859e-05	-1.590230e-05	-5.376207e-05	-4.278333e-05	-1.097874e-05
93            	1.419000e-02	7.157893e-03	7.032105e-03	-1.732494e-03	7.234603e-03	-8.967097e-03	8.100850e-03	6.289429e-05	-1.946552e-05	-5.823724e-05	-4.858414e-05	-9.653104e-06
94            	1.414750e-02	7.139555e-03	7.007943e-03	-1.732552e-03	7.211094e-03	-8.943646e-03	8.077370e-03	6.580624e-05	-2.276948e-05	-6.237958e-05	-5.395927e-05	-8.420311e-06
95            	1.410585e-02	7.121465e-03	6.984385e-03	-1.732596e-03	7.188077e-03	-8.920673e-03	8.054375e-03	6.853985e-05	-2.586231e-05	-6.623704e-05	-5.898083e-05	-7.256212e-06
96            	1.406502e-02	7.103633e-03	6.961383e-03	-1.732625e-03	7.165533e-03	-8.898158e-03	8.031846e-03	7.112495e-05	-2.879525e-05	-6.986493e-05	-6.372771e-05	-6.137214e-06
97            	1.402498e-02	7.086082e-03	6.938898e-03	-1.732640e-03	7.143452e-03	-8.876092e-03	8.009772e-03	7.359161e-05	-3.161612e-05	-7.331835e-05	-6.827530e-05	-5.043051e-06
98            	1.398574e-02	7.068839e-03	6.916905e-03	-1.732644e-03	7.121832e-03	-8.854476e-03	7.988154e-03	7.596709e-05	-3.436501e-05	-7.664681e-05	-7.268842e-05	-3.958394e-06
99            	1.394732e-02	7.051933e-03	6.895387e-03	-1.732641e-03	7.100679e-03	-8.833320e-03	7.966999e-03	7.827326e-05	-3.707124e-05	-7.988969e-05	-7.701609e-05	-2.873605e-06
100           	1.390973e-02	7.035389e-03	6.874338e-03	-1.732634e-03	7.079998e-03	-8.812632e-03	7.946315e-03	8.052577e-05	-3.975329e-05	-8.307595e-05	-8.129126e-05	-1.784687e-06
101           	1.387298e-02	7.019225e-03	6.853755e-03	-1.732630e-03	7.059795e-03	-8.792425e-03	7.926110e-03	8.273512e-05	-4.241773e-05	-8.621895e-05	-8.552720e-05	-6.917463e-07
102           	1.383709e-02	7.003450e-03	6.833638e-03	-1.732631e-03	7.040072e-03	-8.772703e-03	7.906387e-03	8.490581e-05	-4.506290e-05	-8.932311e-05	-8.972446e-05	4.013473e-07
103           	1.380205e-02	6.988061e-03	6.813989e-03	-1.732639e-03	7.020825e-03	-8.753464e-03	7.887145e-03	8.703590e-05	-4.767856e-05	-9.238158e-05	-9.386934e-05	1.487768e-06
104           	1.376785e-02	6.973047e-03	6.794802e-03	-1.732656e-03	7.002047e-03	-8.734703e-03	7.868375e-03	8.912228e-05	-5.025271e-05	-9.538455e-05	-9.794499e-05	2.560439e-06
105           	1.373447e-02	6.958390e-03	6.776075e-03	-1.732681e-03	6.983724e-03	-8.716405e-03	7.850064e-03	9.115761e-05	-5.276886e-05	-9.831567e-05	-1.019267e-04	3.611026e-06
106           	1.370187e-02	6.944068e-03	6.757799e-03	-1.732714e-03	6.965840e-03	-8.698554e-03	7.832197e-03	9.313440e-05	-5.521117e-05	-1.011584e-04	-1.057904e-04	4.631975e-06
107           	1.367002e-02	6.930056e-03	6.739964e-03	-1.732752e-03	6.948378e-03	-8.681130e-03	7.814754e-03	9.504604e-05	-5.756641e-05	-1.038978e-04	-1.095153e-04	5.617487e-06
108           	1.363889e-02	6.916333e-03	6.722558e-03	-1.732794e-03	6.931318e-03	-8.664113e-03	7.797716e-03	9.688758e-05	-5.982456e-05	-1.065219e-04	-1.130855e-04	6.563591e-06
109           	1.360844e-02	6.902871e-03	6.705569e-03	-1.732839e-03	6.914640e-03	-8.647479e-03	7.781060e-03	9.865120e-05	-6.196860e-05	-1.090120e-04	-1.164746e-04	7.462580e-06
110           	1.357866e-02	6.889676e-03	6.688980e-03	-1.732886e-03	6.898339e-03	-8.631225e-03	7.764782e-03	1.003480e-04	-6.402205e-05	-1.113903e-04	-1.197172e-04	8.326918e-06
111           	1.354951e-02	6.876727e-03	6.672784e-03	-1.732934e-03	6.882396e-03	-8.615330e-03	7.748863e-03	1.019718e-04	-6.597181e-05	-1.136415e-04	-1.227926e-04	9.151050e-06
112           	1.352099e-02	6.864017e-03	6.656968e-03	-1.732983e-03	6.866802e-03	-8.599785e-03	7.733293e-03	1.035246e-04	-6.782155e-05	-1.157691e-04	-1.257061e-04	9.936990e-06
113           	1.349307e-02	6.851544e-03	6.641524e-03	-1.733032e-03	6.851549e-03	-8.584582e-03	7.718065e-03	1.050097e-04	-6.957756e-05	-1.177794e-04	-1.284672e-04	1.068788e-05
114           	1.346575e-02	6.839306e-03	6.626443e-03	-1.733083e-03	6.836632e-03	-8.569714e-03	7.703173e-03	1.064312e-04	-7.124725e-05	-1.196799e-04	-1.310872e-04	1.140732e-05
115           	1.343902e-02	6.827304e-03	6.611717e-03	-1.733135e-03	6.822044e-03	-8.555179e-03	7.688611e-03	1.077935e-04	-7.283852e-05	-1.214790e-04	-1.335780e-04	1.209902e-05
116           	1.341287e-02	6.815531e-03	6.597339e-03	-1.733189e-03	6.807777e-03	-8.540966e-03	7.674371e-03	1.090960e-04	-7.434923e-05	-1.231760e-04	-1.359372e-04	1.276122e-05
117           	1.338730e-02	6.803996e-03	6.583306e-03	-1.733246e-03	6.793833e-03	-8.527079e-03	7.660456e-03	1.103451e-04	-7.579461e-05	-1.247854e-04	-1.381873e-04	1.340188e-05
118           	1.336231e-02	6.792698e-03	6.569611e-03	-1.733307e-03	6.780208e-03	-8.513515e-03	7.646861e-03	1.115433e-04	-7.717943e-05	-1.263129e-04	-1.403359e-04	1.402300e-05
119           	1.333788e-02	6.781633e-03	6.556247e-03	-1.733372e-03	6.766895e-03	-8.500267e-03	7.633581e-03	1.126928e-04	-7.850728e-05	-1.277628e-04	-1.423887e-04	1.462586e-05
120           	1.331401e-02	6.770799e-03	6.543208e-03	-1.733440e-03	6.753890e-03	-8.487330e-03	7.620610e-03	1.137953e-04	-7.978086e-05	-1.291393e-04	-1.443505e-04	1.521121e-05
121           	1.329067e-02	6.760190e-03	6.530485e-03	-1.733513e-03	6.741185e-03	-8.474698e-03	7.607941e-03	1.148527e-04	-8.100237e-05	-1.304459e-04	-1.462253e-04	1.577943e-05
122           	1.326787e-02	6.749802e-03	6.518071e-03	-1.733589e-03	6.728773e-03	-8.462362e-03	7.595567e-03	1.158657e-04	-8.217266e-05	-1.316848e-04	-1.480150e-04	1.633028e-05
123           	1.324559e-02	6.739628e-03	6.505959e-03	-1.733668e-03	6.716647e-03	-8.450314e-03	7.583481e-03	1.168344e-04	-8.329143e-05	-1.328569e-04	-1.497199e-04	1.686298e-05
124           	1.322380e-02	6.729660e-03	6.494144e-03	-1.733749e-03	6.704799e-03	-8.438549e-03	7.571674e-03	1.177581e-04	-8.435791e-05	-1.339625e-04	-1.513392e-04	1.737667e-05
125           	1.320252e-02	6.719898e-03	6.482619e-03	-1.733833e-03	6.693227e-03	-8.427060e-03	7.560143e-03	1.186398e-04	-8.537976e-05	-1.350101e-04	-1.528848e-04	1.787471e-05
126           	1.318170e-02	6.710323e-03	6.471376e-03	-1.733919e-03	6.681913e-03	-8.415832e-03	7.548872e-03	1.194736e-04	-8.634204e-05	-1.359868e-04	-1.543354e-04	1.834864e-05
127           	1.316135e-02	6.700934e-03	6.460416e-03	-1.734006e-03	6.670859e-03	-8.404865e-03	7.537862e-03	1.202587e-04	-8.724865e-05	-1.368948e-04	-1.556961e-04	1.880125e-05
128           	1.314146e-02	6.691724e-03	6.449736e-03	-1.734094e-03	6.660059e-03	-8.394153e-03	7.527106e-03	1.209939e-04	-8.809900e-05	-1.377337e-04	-1.569658e-04	1.923216e-05
129           	1.312202e-02	6.682689e-03	6.439332e-03	-1.734185e-03	6.649506e-03	-8.383691e-03	7.516598e-03	1.216785e-04	-8.889325e-05	-1.385039e-04	-1.581452e-04	1.964129e-05
130           	1.310302e-02	6.673822e-03	6.429197e-03	-1.734276e-03	6.639196e-03	-8.373472e-03	7.506334e-03	1.223124e-04	-8.963203e-05	-1.392065e-04	-1.592353e-04	2.002880e-05
131           	1.308445e-02	6.665120e-03	6.419328e-03	-1.734369e-03	6.629122e-03	-8.363491e-03	7.496307e-03	1.228960e-04	-9.031664e-05	-1.398431e-04	-1.602382e-04	2.039508e-05
132           	1.306630e-02	6.656578e-03	6.409718e-03	-1.734463e-03	6.619280e-03	-8.353742e-03	7.486511e-03	1.234299e-04	-9.094869e-05	-1.404162e-04	-1.611568e-04	2.074058e-05
133           	1.304856e-02	6.648193e-03	6.400363e-03	-1.734557e-03	6.609663e-03	-8.344220e-03	7.476941e-03	1.239152e-04	-9.153009e-05	-1.409282e-04	-1.619942e-04	2.106601e-05
134           	1.303122e-02	6.639962e-03	6.391256e-03	-1.734652e-03	6.600267e-03	-8.334919e-03	7.467593e-03	1.243527e-04	-9.206273e-05	-1.413812e-04	-1.627533e-04	2.137212e-05
135           	1.301427e-02	6.631880e-03	6.382393e-03	-1.734748e-03	6.591086e-03	-8.325835e-03	7.458460e-03	1.247435e-04	-9.254856e-05	-1.417775e-04	-1.634373e-04	2.165980e-05
136           	1.299771e-02	6.623945e-03	6.373769e-03	-1.734844e-03	6.582117e-03	-8.316961e-03	7.449539e-03	1.250885e-04	-9.298941e-05	-1.421191e-04	-1.640490e-04	2.192983e-05
137           	1.298153e-02	6.616154e-03	6.365377e-03	-1.734940e-03	6.573355e-03	-8.308295e-03	7.440825e-03	1.253886e-04	-9.338706e-05	-1.424082e-04	-1.645912e-04	2.218294e-05
138           	1.296572e-02	6.608503e-03	6.357214e-03	-1.735036e-03	6.564794e-03	-8.299831e-03	7.432312e-03	1.256446e-04	-9.374284e-05	-1.426464e-04	-1.650660e-04	2.241966e-05
139           	1.295026e-02	6.600989e-03	6.349275e-03	-1.735132e-03	6.556431e-03	-8.291564e-03	7.423997e-03	1.258574e-04	-9.405803e-05	-1.428353e-04	-1.654757e-04	2.264040e-05
140           	1.293516e-02	6.593610e-03	6.341554e-03	-1.735228e-03	6.548262e-03	-8.283490e-03	7.415876e-03	1.260280e-04	-9.433362e-05	-1.429765e-04	-1.658219e-04	2.284536e-05
141           	1.292041e-02	6.586362e-03	6.334047e-03	-1.735323e-03	6.540282e-03	-8.275604e-03	7.407943e-03	1.261576e-04	-9.457078e-05	-1.430718e-04	-1.661067e-04	2.303486e-05
142           	1.290599e-02	6.579244e-03	6.326749e-03	-1.735417e-03	6.532486e-03	-8.267903e-03	7.400195e-03	1.262474e-04	-9.477067e-05	-1.431228e-04	-1.663321e-04	2.320927e-05
143           	1.289191e-02	6.572253e-03	6.319654e-03	-1.735510e-03	6.524872e-03	-8.260382e-03	7.392627e-03	1.262996e-04	-9.493518e-05	-1.431320e-04	-1.665012e-04	2.336919e-05
144           	1.287814e-02	6.565391e-03	6.312749e-03	-1.735603e-03	6.517432e-03	-8.253035e-03	7.385233e-03	1.263210e-04	-9.507178e-05	-1.431092e-04	-1.666264e-04	2.351720e-05
145           	1.286469e-02	6.558654e-03	6.306039e-03	-1.735694e-03	6.510166e-03	-8.245860e-03	7.378013e-03	1.263077e-04	-9.517547e-05	-1.430476e-04	-1.666993e-04	2.365168e-05
146           	1.285156e-02	6.552040e-03	6.299515e-03	-1.735784e-03	6.503070e-03	-8.238854e-03	7.370962e-03	1.262622e-04	-9.524844e-05	-1.429500e-04	-1.667234e-04	2.377344e-05
147           	1.283872e-02	6.545548e-03	6.293174e-03	-1.735873e-03	6.496140e-03	-8.232014e-03	7.364077e-03	1.261867e-04	-9.529276e-05	-1.428189e-04	-1.667022e-04	2.388333e-05
148           	1.282619e-02	6.539176e-03	6.287010e-03	-1.735962e-03	6.489373e-03	-8.225334e-03	7.357353e-03	1.260829e-04	-9.530978e-05	-1.426558e-04	-1.666377e-04	2.398185e-05
149           	1.281394e-02	6.532923e-03	6.281019e-03	-1.736048e-03	6.482763e-03	-8.218812e-03	7.350788e-03	1.259520e-04	-9.530065e-05	-1.424625e-04	-1.665319e-04	2.406940e-05
150           	1.280198e-02	6.526785e-03	6.275194e-03	-1.736134e-03	6.476309e-03	-8.212443e-03	7.344376e-03	1.257952e-04	-9.526676e-05	-1.422406e-04	-1.663871e-04	2.414644e-05
151           	1.279029e-02	6.520761e-03	6.269533e-03	-1.736218e-03	6.470005e-03	-8.206223e-03	7.338114e-03	1.256140e-04	-9.520946e-05	-1.419920e-04	-1.662054e-04	2.421348e-05
152           	1.277888e-02	6.514849e-03	6.264030e-03	-1.736300e-03	6.463849e-03	-8.200149e-03	7.331999e-03	1.254096e-04	-9.513035e-05	-1.417183e-04	-1.659895e-04	2.427120e-05
153           	1.276773e-02	6.509048e-03	6.258681e-03	-1.736381e-03	6.457837e-03	-8.194218e-03	7.326028e-03	1.251839e-04	-9.503109e-05	-1.414216e-04	-1.657419e-04	2.432028e-05
154           	1.275684e-02	6.503358e-03	6.253481e-03	-1.736461e-03	6.451966e-03	-8.188427e-03	7.320197e-03	1.249385e-04	-9.491369e-05	-1.411044e-04	-1.654659e-04	2.436150e-05
155           	1.274620e-02	6.497776e-03	6.248425e-03	-1.736538e-03	6.446234e-03	-8.182772e-03	7.314503e-03	1.246754e-04	-9.478037e-05	-1.407691e-04	-1.651649e-04	2.439580e-05
156           	1.273581e-02	6.492302e-03	6.243509e-03	-1.736614e-03	6.440636e-03	-8.177251e-03	7.308943e-03	1.243962e-04	-9.463287e-05	-1.404180e-04	-1.648419e-04	2.442387e-05
157           	1.272566e-02	6.486935e-03	6.238730e-03	-1.736689e-03	6.435171e-03	-8.171860e-03	7.303516e-03	1.241025e-04	-9.447304e-05	-1.400531e-04	-1.644996e-04	2.444652e-05
158           	1.271576e-02	6.481674e-03	6.234082e-03	-1.736761e-03	6.429836e-03	-8.166598e-03	7.298217e-03	1.237957e-04	-9.430241e-05	-1.396761e-04	-1.641405e-04	2.446437e-05
159           	1.270609e-02	6.476519e-03	6.229571e-03	-1.736833e-03	6.424635e-03	-8.161468e-03	7.293051e-03	1.234739e-04	-9.411909e-05	-1.392844e-04	-1.637613e-04	2.447687e-05
160           	1.269665e-02	6.471467e-03	6.225184e-03	-1.736903e-03	6.419557e-03	-8.156461e-03	7.288009e-03	1.231413e-04	-9.392722e-05	-1.388831e-04	-1.633688e-04	2.448569e-05
161           	1.268743e-02	6.466516e-03	6.220916e-03	-1.736972e-03	6.414601e-03	-8.151573e-03	7.283087e-03	1.228000e-04	-9.372914e-05	-1.384749e-04	-1.629666e-04	2.449169e-05
162           	1.267843e-02	6.461667e-03	6.216764e-03	-1.737039e-03	6.409762e-03	-8.146800e-03	7.278281e-03	1.224511e-04	-9.352583e-05	-1.380615e-04	-1.625566e-04	2.449510e-05
163           	1.266964e-02	6.456915e-03	6.212726e-03	-1.737104e-03	6.405038e-03	-8.142141e-03	7.273589e-03	1.220949e-04	-9.331758e-05	-1.376434e-04	-1.621393e-04	2.449587e-05
164           	1.266106e-02	6.452261e-03	6.208797e-03	-1.737166e-03	6.400426e-03	-8.137593e-03	7.269010e-03	1.217321e-04	-9.310477e-05	-1.372215e-04	-1.617155e-04	2.449400e-05
165           	1.265268e-02	6.447703e-03	6.204977e-03	-1.737227e-03	6.395926e-03	-8.133153e-03	7.264539e-03	1.213633e-04	-9.288798e-05	-1.367968e-04	-1.612864e-04	2.448961e-05
166           	1.264450e-02	6.443240e-03	6.201261e-03	-1.737286e-03	6.391533e-03	-8.128820e-03	7.260177e-03	1.209897e-04	-9.266794e-05	-1.363700e-04	-1.608529e-04	2.448294e-05
167           	1.263652e-02	6.438871e-03	6.197646e-03	-1.737344e-03	6.387247e-03	-8.124591e-03	7.255919e-03	1.206124e-04	-9.244564e-05	-1.359423e-04	-1.604168e-04	2.447447e-05
168           	1.262872e-02	6.434595e-03	6.194129e-03	-1.737400e-03	6.383065e-03	-8.120465e-03	7.251765e-03	1.202327e-04	-9.222204e-05	-1.355147e-04	-1.599794e-04	2.446472e-05
169           	1.262112e-02	6.430410e-03	6.190707e-03	-1.737455e-03	6.378984e-03	-8.116439e-03	7.247712e-03	1.198513e-04	-9.199768e-05	-1.350874e-04	-1.595414e-04	2.445396e-05
170           	1.261369e-02	6.426315e-03	6.187377e-03	-1.737509e-03	6.375003e-03	-8.112512e-03	7.243757e-03	1.194690e-04	-9.177272e-05	-1.346609e-04	-1.591032e-04	2.444227e-05
171           	1.260645e-02	6.422310e-03	6.184137e-03	-1.737562e-03	6.371118e-03	-8.108680e-03	7.239899e-03	1.190864e-04	-9.154718e-05	-1.342350e-04	-1.586647e-04	2.442966e-05
172           	1.259937e-02	6.418394e-03	6.180977e-03	-1.737613e-03	6.367326e-03	-8.104940e-03	7.236133e-03	1.187087e-04	-9.132602e-05	-1.338161e-04	-1.582341e-04	2.441799e-05
173           	1.259247e-02	6.414564e-03	6.177903e-03	-1.737664e-03	6.363629e-03	-8.101292e-03	7.232460e-03	1.183304e-04	-9.110312e-05	-1.333963e-04	-1.578013e-04	2.440498e-05
174           	1.258573e-02	6.410817e-03	6.174914e-03	-1.737713e-03	6.360023e-03	-8.097735e-03	7.228879e-03	1.179517e-04	-9.087854e-05	-1.329757e-04	-1.573664e-04	2.439070e-05
175           	1.257916e-02	6.407154e-03	6.172007e-03	-1.737761e-03	6.356506e-03	-8.094267e-03	7.225387e-03	1.175733e-04	-9.065280e-05	-1.325549e-04	-1.569302e-04	2.437536e-05
176           	1.257275e-02	6.403572e-03	6.169180e-03	-1.737808e-03	6.353078e-03	-8.090885e-03	7.221982e-03	1.171960e-04	-9.042665e-05	-1.321348e-04	-1.564941e-04	2.435923e-05
177           	1.256650e-02	6.400070e-03	6.166429e-03	-1.737853e-03	6.349735e-03	-8.087588e-03	7.218661e-03	1.168206e-04	-9.020059e-05	-1.317163e-04	-1.560587e-04	2.434245e-05
178           	1.256040e-02	6.396647e-03	6.163752e-03	-1.737897e-03	6.346475e-03	-8.084372e-03	7.215424e-03	1.164475e-04	-8.997501e-05	-1.312998e-04	-1.556249e-04	2.432512e-05
179           	1.255445e-02	6.393301e-03	6.161147e-03	-1.737940e-03	6.343296e-03	-8.081236e-03	7.212266e-03	1.160768e-04	-8.974993e-05	-1.308855e-04	-1.551927e-04	2.430719e-05
180           	1.254864e-02	6.390030e-03	6.158613e-03	-1.737982e-03	6.340197e-03	-8.078178e-03	7.209188e-03	1.157086e-04	-8.952518e-05	-1.304733e-04	-1.547619e-04	2.428851e-05
181           	1.254298e-02	6.386833e-03	6.156148e-03	-1.738022e-03	6.337174e-03	-8.075197e-03	7.206186e-03	1.153428e-04	-8.930056e-05	-1.300633e-04	-1.543322e-04	2.426892e-05
182           	1.253746e-02	6.383708e-03	6.153749e-03	-1.738062e-03	6.334228e-03	-8.072289e-03	7.203259e-03	1.149793e-04	-8.907579e-05	-1.296551e-04	-1.539033e-04	2.424826e-05
183           	1.253207e-02	6.380653e-03	6.151417e-03	-1.738100e-03	6.331355e-03	-8.069455e-03	7.200405e-03	1.146180e-04	-8.885062e-05	-1.292484e-04	-1.534748e-04	2.422644e-05
184           	1.252682e-02	6.377666e-03	6.149149e-03	-1.738137e-03	6.328555e-03	-8.066692e-03	7.197623e-03	1.142586e-04	-8.862482e-05	-1.288428e-04	-1.530462e-04	2.420343e-05
185           	1.252169e-02	6.374746e-03	6.146945e-03	-1.738173e-03	6.325825e-03	-8.063998e-03	7.194912e-03	1.139009e-04	-8.839808e-05	-1.284379e-04	-1.526170e-04	2.417915e-05
186           	1.251669e-02	6.371892e-03	6.144802e-03	-1.738209e-03	6.323164e-03	-8.061373e-03	7.192269e-03	1.135447e-04	-8.817019e-05	-1.280333e-04	-1.521868e-04	2.415357e-05
187           	1.251182e-02	6.369101e-03	6.142720e-03	-1.738243e-03	6.320571e-03	-8.058814e-03	7.189693e-03	1.131900e-04	-8.794126e-05	-1.276291e-04	-1.517558e-04	2.412673e-05
188           	1.250707e-02	6.366372e-03	6.140698e-03	-1.738276e-03	6.318044e-03	-8.056321e-03	7.187183e-03	1.128369e-04	-8.771153e-05	-1.272256e-04	-1.513243e-04	2.409875e-05
189           	1.250244e-02	6.363704e-03	6.138733e-03	-1.738309e-03	6.315582e-03	-8.053891e-03	7.184736e-03	1.124854e-04	-8.748134e-05	-1.268232e-04	-1.508929e-04	2.406974e-05
190           	1.249792e-02	6.361096e-03	6.136825e-03	-1.738341e-03	6.313183e-03	-8.051523e-03	7.182353e-03	1.121357e-04	-8.725089e-05	-1.264222e-04	-1.504620e-04	2.403978e-05
191           	1.249352e-02	6.358547e-03	6.134971e-03	-1.738372e-03	6.310845e-03	-8.049216e-03	7.180031e-03	1.117878e-04	-8.702027e-05	-1.260228e-04	-1.500317e-04	2.400889e-05
192           	1.248923e-02	6.356055e-03	6.133172e-03	-1.738402e-03	6.308567e-03	-8.046969e-03	7.177768e-03	1.114414e-04	-8.678930e-05	-1.256247e-04	-1.496016e-04	2.397695e-05
193           	1.248504e-02	6.353618e-03	6.131425e-03	-1.738431e-03	6.306348e-03	-8.044779e-03	7.175564e-03	1.110965e-04	-8.655770e-05	-1.252277e-04	-1.491716e-04	2.394384e-05
194           	1.248096e-02	6.351235e-03	6.129729e-03	-1.738460e-03	6.304186e-03	-8.042646e-03	7.173416e-03	1.107528e-04	-8.632534e-05	-1.248317e-04	-1.487412e-04	2.390950e-05
195           	1.247699e-02	6.348905e-03	6.128084e-03	-1.738487e-03	6.302080e-03	-8.040568e-03	7.171324e-03	1.104105e-04	-8.609220e-05	-1.244366e-04	-1.483105e-04	2.387390e-05
196           	1.247312e-02	6.346627e-03	6.126488e-03	-1.738515e-03	6.300029e-03	-8.038544e-03	7.169286e-03	1.100694e-04	-8.585818e-05	-1.240422e-04	-1.478793e-04	2.383706e-05
197           	1.246934e-02	6.344399e-03	6.124940e-03	-1.738541e-03	6.298031e-03	-8.036572e-03	7.167302e-03	1.097295e-04	-8.562313e-05	-1.236484e-04	-1.474473e-04	2.379894e-05
198           	1.246566e-02	6.342221e-03	6.123439e-03	-1.738567e-03	6.296085e-03	-8.034652e-03	7.165368e-03	1.093910e-04	-8.538691e-05	-1.232547e-04	-1.470143e-04	2.375955e-05
199           	1.246207e-02	6.340090e-03	6.121983e-03	-1.738592e-03	6.294190e-03	-8.032782e-03	7.163486e-03	1.090539e-04	-8.514970e-05	-1.228614e-04	-1.465804e-04	2.371901e-05
200           	1.246055e-02	6.339367e-03	6.121186e-03	-1.738599e-03	6.293381e-03	-8.031980e-03	7.162680e-03	1.090903e-04	-8.521874e-05	-1.228735e-04	-1.466555e-04	2.378199e-05
201           	1.245920e-02	6.338960e-03	6.120236e-03	-1.738594e-03	6.292653e-03	-8.031247e-03	7.161950e-03	1.093616e-04	-8.547782e-05	-1.231382e-04	-1.470469e-04	2.390870e-05
202           	1.245788e-02	6.338666e-03	6.119217e-03	-1.738581e-03	6.291946e-03	-8.030527e-03	7.161237e-03	1.097246e-04	-8.580701e-05	-1.235004e-04	-1.475572e-04	2.405681e-05
203           	1.245651e-02	6.338312e-03	6.118202e-03	-1.738562e-03	6.291209e-03	-8.029771e-03	7.160490e-03	1.100549e-04	-8.610211e-05	-1.238256e-04	-1.480149e-04	2.418930e-05
204           	1.245502e-02	6.337775e-03	6.117245e-03	-1.738540e-03	6.290406e-03	-8.028947e-03	7.159676e-03	1.102649e-04	-8.629033e-05	-1.240201e-04	-1.483004e-04	2.428030e-05
205           	1.245337e-02	6.336998e-03	6.116374e-03	-1.738517e-03	6.289524e-03	-8.028041e-03	7.158782e-03	1.103118e-04	-8.633667e-05	-1.240382e-04	-1.483558e-04	2.431757e-05
206           	1.245158e-02	6.335989e-03	6.115590e-03	-1.738492e-03	6.288567e-03	-8.027059e-03	7.157813e-03	1.101991e-04	-8.624761e-05	-1.238871e-04	-1.481911e-04	2.430406e-05
207           	1.244968e-02	6.334793e-03	6.114890e-03	-1.738469e-03	6.287558e-03	-8.026027e-03	7.156792e-03	1.099514e-04	-8.604061e-05	-1.235874e-04	-1.478343e-04	2.424691e-05
208           	1.244773e-02	6.333475e-03	6.114259e-03	-1.738448e-03	6.286522e-03	-8.024971e-03	7.155746e-03	1.096079e-04	-8.575046e-05	-1.231826e-04	-1.473417e-04	2.415916e-05
209           	1.244578e-02	6.332111e-03	6.113673e-03	-1.738431e-03	6.285489e-03	-8.023919e-03	7.154704e-03	1.092189e-04	-8.542247e-05	-1.227296e-04	-1.467873e-04	2.405768e-05
210           	1.244388e-02	6.330774e-03	6.113109e-03	-1.738418e-03	6.284482e-03	-8.022900e-03	7.153691e-03	1.088326e-04	-8.509967e-05	-1.222822e-04	-1.462408e-04	2.395858e-05
211           	1.244207e-02	6.329518e-03	6.112548e-03	-1.738409e-03	6.283522e-03	-8.021931e-03	7.152726e-03	1.084852e-04	-8.481381e-05	-1.218799e-04	-1.457538e-04	2.387385e-05
212           	1.244035e-02	6.328372e-03	6.111978e-03	-1.738405e-03	6.282615e-03	-8.021020e-03	7.151818e-03	1.081970e-04	-8.458206e-05	-1.215440e-04	-1.453541e-04	2.381004e-05
213           	1.243873e-02	6.327341e-03	6.111391e-03	-1.738405e-03	6.281762e-03	-8.020166e-03	7.150964e-03	1.079749e-04	-8.440893e-05	-1.212798e-04	-1.450488e-04	2.376904e-05
214           	1.243720e-02	6.326412e-03	6.110793e-03	-1.738408e-03	6.280957e-03	-8.019364e-03	7.150161e-03	1.078093e-04	-8.428585e-05	-1.210769e-04	-1.448243e-04	2.374740e-05
215           	1.243574e-02	6.325558e-03	6.110187e-03	-1.738413e-03	6.280188e-03	-8.018601e-03	7.149395e-03	1.076855e-04	-8.419882e-05	-1.209183e-04	-1.446580e-04	2.373968e-05
216           	1.243433e-02	6.324750e-03	6.109579e-03	-1.738419e-03	6.279443e-03	-8.017862e-03	7.148652e-03	1.075853e-04	-8.413128e-05	-1.207838e-04	-1.445232e-04	2.373938e-05
217           	1.243293e-02	6.323958e-03	6.108975e-03	-1.738424e-03	6.278709e-03	-8.017133e-03	7.147921e-03	1.074914e-04	-8.406764e-05	-1.206545e-04	-1.443949e-04	2.374037e-05
218           	1.243154e-02	6.323161e-03	6.108380e-03	-1.738429e-03	6.277976e-03	-8.016405e-03	7.147190e-03	1.073901e-04	-8.399603e-05	-1.205161e-04	-1.442541e-04	2.373798e-05
219           	1.243014e-02	6.322343e-03	6.107797e-03	-1.738433e-03	6.277238e-03	-8.015671e-03	7.146455e-03	1.072732e-04	-8.390966e-05	-1.203602e-04	-1.440898e-04	2.372954e-05
220           	1.242873e-02	6.321502e-03	6.107226e-03	-1.738435e-03	6.276495e-03	-8.014930e-03	7.145713e-03	1.071380e-04	-8.380691e-05	-1.201849e-04	-1.438994e-04	2.371446e-05
221           	1.242731e-02	6.320641e-03	6.106667e-03	-1.738436e-03	6.275748e-03	-8.014184e-03	7.144966e-03	1.069866e-04	-8.369048e-05	-1.199931e-04	-1.436870e-04	2.369392e-05
222           	1.242589e-02	6.319768e-03	6.106119e-03	-1.738437e-03	6.275000e-03	-8.013437e-03	7.144218e-03	1.068243e-04	-8.356589e-05	-1.197913e-04	-1.434615e-04	2.367023e-05
223           	1.242447e-02	6.318895e-03	6.105579e-03	-1.738438e-03	6.274256e-03	-8.012694e-03	7.143475e-03	1.066579e-04	-8.343992e-05	-1.195874e-04	-1.432336e-04	2.364620e-05
224           	1.242308e-02	6.318034e-03	6.105045e-03	-1.738439e-03	6.273522e-03	-8.011960e-03	7.142741e-03	1.064944e-04	-8.331909e-05	-1.193891e-04	-1.430136e-04	2.362455e-05
225           	1.242171e-02	6.317193e-03	6.104514e-03	-1.738440e-03	6.272801e-03	-8.011241e-03	7.142021e-03	1.063393e-04	-8.320856e-05	-1.192023e-04	-1.428097e-04	2.360740e-05
226           	1.242036e-02	6.316378e-03	6.103986e-03	-1.738443e-03	6.272095e-03	-8.010539e-03	7.141317e-03	1.061964e-04	-8.311149e-05	-1.190310e-04	-1.426270e-04	2.359601e-05
227           	1.241905e-02	6.315593e-03	6.103459e-03	-1.738447e-03	6.271407e-03	-8.009854e-03	7.140630e-03	1.060669e-04	-8.302879e-05	-1.188762e-04	-1.424669e-04	2.359068e-05
228           	1.241777e-02	6.314835e-03	6.102934e-03	-1.738452e-03	6.270734e-03	-8.009186e-03	7.139960e-03	1.059504e-04	-8.295944e-05	-1.187371e-04	-1.423280e-04	2.359090e-05
229           	1.241651e-02	6.314101e-03	6.102412e-03	-1.738458e-03	6.270076e-03	-8.008535e-03	7.139306e-03	1.058445e-04	-8.290093e-05	-1.186109e-04	-1.422064e-04	2.359550e-05
230           	1.241528e-02	6.313387e-03	6.101894e-03	-1.738465e-03	6.269432e-03	-8.007897e-03	7.138664e-03	1.057463e-04	-8.284995e-05	-1.184939e-04	-1.420969e-04	2.360298e-05
231           	1.241407e-02	6.312687e-03	6.101382e-03	-1.738471e-03	6.268799e-03	-8.007270e-03	7.138034e-03	1.056524e-04	-8.280302e-05	-1.183825e-04	-1.419943e-04	2.361176e-05
232           	1.241287e-02	6.311997e-03	6.100878e-03	-1.738478e-03	6.268175e-03	-8.006653e-03	7.137414e-03	1.055597e-04	-8.275702e-05	-1.182731e-04	-1.418936e-04	2.362046e-05
233           	1.241169e-02	6.311316e-03	6.100374e-03	-1.738485e-03	6.267556e-03	-8.006041e-03	7.136799e-03	1.054712e-04	-8.271287e-05	-1.181676e-04	-1.417967e-04	2.362908e-05
234           	1.241052e-02	6.310639e-03	6.099882e-03	-1.738492e-03	6.266947e-03	-8.005438e-03	7.136192e-03	1.053789e-04	-8.266519e-05	-1.180589e-04	-1.416947e-04	2.363573e-05
235           	1.240937e-02	6.309965e-03	6.099402e-03	-1.738499e-03	6.266345e-03	-8.004843e-03	7.135594e-03	1.052817e-04	-8.261291e-05	-1.179460e-04	-1.415859e-04	2.363994e-05
236           	1.240823e-02	6.309294e-03	6.098934e-03	-1.738505e-03	6.265751e-03	-8.004257e-03	7.135004e-03	1.051796e-04	-8.255600e-05	-1.178286e-04	-1.414703e-04	2.364170e-05
237           	1.240710e-02	6.308626e-03	6.098479e-03	-1.738512e-03	6.265166e-03	-8.003678e-03	7.134422e-03	1.050737e-04	-8.249530e-05	-1.177078e-04	-1.413492e-04	2.364141e-05
238           	1.240600e-02	6.307964e-03	6.098033e-03	-1.738519e-03	6.264589e-03	-8.003108e-03	7.133849e-03	1.049653e-04	-8.243221e-05	-1.175850e-04	-1.412247e-04	2.363971e-05
239           	1.240491e-02	6.307309e-03	6.097597e-03	-1.738527e-03	6.264021e-03	-8.002547e-03	7.133284e-03	1.048561e-04	-8.236825e-05	-1.174619e-04	-1.410992e-04	2.363729e-05
240           	1.240383e-02	6.306663e-03	6.097168e-03	-1.738534e-03	6.263462e-03	-8.001996e-03	7.132729e-03	1.047474e-04	-8.230476e-05	-1.173399e-04	-1.409747e-04	2.363480e-05
241           	1.240277e-02	6.306027e-03	6.096746e-03	-1.738542e-03	6.262911e-03	-8.001453e-03	7.132182e-03	1.046403e-04	-8.224273e-05	-1.172201e-04	-1.408528e-04	2.363270e-05
242           	1.240173e-02	6.305402e-03	6.096333e-03	-1.738549e-03	6.262371e-03	-8.000920e-03	7.131646e-03	1.045344e-04	-8.218425e-05	-1.171041e-04	-1.407363e-04	2.363218e-05
243           	1.240071e-02	6.304786e-03	6.095924e-03	-1.738557e-03	6.261839e-03	-8.000396e-03	7.131118e-03	1.044309e-04	-8.212727e-05	-1.169904e-04	-1.406225e-04	2.363205e-05
244           	1.239970e-02	6.304180e-03	6.095520e-03	-1.738565e-03	6.261314e-03	-7.999880e-03	7.130597e-03	1.043301e-04	-8.207196e-05	-1.168791e-04	-1.405115e-04	2.363239e-05
245           	1.239870e-02	6.303583e-03	6.095119e-03	-1.738574e-03	6.260797e-03	-7.999371e-03	7.130084e-03	1.042316e-04	-8.201822e-05	-1.167701e-04	-1.404033e-04	2.363316e-05
246           	1.239772e-02	6.302994e-03	6.094724e-03	-1.738582e-03	6.260288e-03	-7.998870e-03	7.129579e-03	1.041351e-04	-8.196570e-05	-1.166630e-04	-1.402972e-04	2.363420e-05
247           	1.239675e-02	6.302414e-03	6.094334e-03	-1.738591e-03	6.259785e-03	-7.998376e-03	7.129080e-03	1.040399e-04	-8.191391e-05	-1.165572e-04	-1.401925e-04	2.363529e-05
248           	1.239579e-02	6.301841e-03	6.093951e-03	-1.738599e-03	6.259290e-03	-7.997889e-03	7.128590e-03	1.039455e-04	-8.186239e-05	-1.164523e-04	-1.400886e-04	2.363622e-05
249           	1.239485e-02	6.301276e-03	6.093573e-03	-1.738608e-03	6.258803e-03	-7.997411e-03	7.128107e-03	1.038514e-04	-8.181085e-05	-1.163480e-04	-1.399848e-04	2.363686e-05
250           	1.239392e-02	6.300718e-03	6.093203e-03	-1.738616e-03	6.258323e-03	-7.996939e-03	7.127631e-03	1.037575e-04	-8.175913e-05	-1.162440e-04	-1.398811e-04	2.363714e-05
251           	1.239301e-02	6.300168e-03	6.092840e-03	-1.738625e-03	6.257851e-03	-7.996476e-03	7.127164e-03	1.036637e-04	-8.170724e-05	-1.161404e-04	-1.397774e-04	2.363704e-05
252           	1.239211e-02	6.299624e-03	6.092484e-03	-1.738634e-03	6.257387e-03	-7.996020e-03	7.126703e-03	1.035700e-04	-8.165534e-05	-1.160373e-04	-1.396740e-04	2.363666e-05
253           	1.239122e-02	6.299088e-03	6.092135e-03	-1.738643e-03	6.256930e-03	-7.995572e-03	7.126251e-03	1.034766e-04	-8.160362e-05	-1.159351e-04	-1.395712e-04	2.363608e-05
254           	1.239035e-02	6.298559e-03	6.091792e-03	-1.738651e-03	6.256480e-03	-7.995131e-03	7.125806e-03	1.033838e-04	-8.155231e-05	-1.158338e-04	-1.394692e-04	2.363542e-05
255           	1.238949e-02	6.298043e-03	6.091446e-03	-1.738660e-03	6.256036e-03	-7.994696e-03	7.125366e-03	1.032982e-04	-8.150665e-05	-1.157402e-04	-1.393768e-04	2.363653e-05
256           	1.238864e-02	6.297532e-03	6.091109e-03	-1.738669e-03	6.255599e-03	-7.994269e-03	7.124934e-03	1.032114e-04	-8.146021e-05	-1.156461e-04	-1.392833e-04	2.363716e-05
257           	1.238781e-02	6.297027e-03	6.090781e-03	-1.738678e-03	6.255170e-03	-7.993849e-03	7.124509e-03	1.031231e-04	-8.141254e-05	-1.155508e-04	-1.391880e-04	2.363713e-05
258           	1.238699e-02	6.296528e-03	6.090461e-03	-1.738687e-03	6.254749e-03	-7.993436e-03	7.124092e-03	1.030334e-04	-8.136358e-05	-1.154544e-04	-1.390908e-04	2.363637e-05
259           	1.238618e-02	6.296034e-03	6.090148e-03	-1.738696e-03	6.254334e-03	-7.993030e-03	7.123682e-03	1.029427e-04	-8.131368e-05	-1.153573e-04	-1.389923e-04	2.363501e-05
260           	1.238539e-02	6.295546e-03	6.089842e-03	-1.738706e-03	6.253926e-03	-7.992631e-03	7.123278e-03	1.028519e-04	-8.126353e-05	-1.152604e-04	-1.388937e-04	2.363334e-05
261           	1.238461e-02	6.295064e-03	6.089541e-03	-1.738715e-03	6.253524e-03	-7.992239e-03	7.122882e-03	1.027617e-04	-8.121393e-05	-1.151645e-04	-1.387962e-04	2.363167e-05
262           	1.238383e-02	6.294590e-03	6.089245e-03	-1.738724e-03	6.253129e-03	-7.991853e-03	7.122491e-03	1.026729e-04	-8.116556e-05	-1.150705e-04	-1.387008e-04	2.363031e-05
263           	1.238308e-02	6.294124e-03	6.088952e-03	-1.738734e-03	6.252739e-03	-7.991473e-03	7.122106e-03	1.025860e-04	-8.111894e-05	-1.149789e-04	-1.386084e-04	2.362948e-05
264           	1.238233e-02	6.293665e-03	6.088663e-03	-1.738743e-03	6.252356e-03	-7.991099e-03	7.121728e-03	1.025013e-04	-8.107432e-05	-1.148900e-04	-1.385193e-04	2.362931e-05
265           	1.238159e-02	6.293215e-03	6.088377e-03	-1.738752e-03	6.251979e-03	-7.990731e-03	7.121355e-03	1.024189e-04	-8.103171e-05	-1.148038e-04	-1.384336e-04	2.362979e-05
266           	1.238087e-02	6.292772e-03	6.088094e-03	-1.738762e-03	6.251608e-03	-7.990369e-03	7.120989e-03	1.023385e-04	-8.099091e-05	-1.147201e-04	-1.383510e-04	2.363086e-05
267           	1.238015e-02	6.292336e-03	6.087816e-03	-1.738771e-03	6.251242e-03	-7.990013e-03	7.120628e-03	1.022600e-04	-8.095166e-05	-1.146385e-04	-1.382709e-04	2.363239e-05
268           	1.237945e-02	6.291907e-03	6.087541e-03	-1.738781e-03	6.250883e-03	-7.989663e-03	7.120273e-03	1.021831e-04	-8.091362e-05	-1.145588e-04	-1.381930e-04	2.363424e-05
269           	1.237875e-02	6.291485e-03	6.087270e-03	-1.738790e-03	6.250529e-03	-7.989319e-03	7.119924e-03	1.021074e-04	-8.087649e-05	-1.144804e-04	-1.381167e-04	2.363627e-05
270           	1.237807e-02	6.291069e-03	6.087004e-03	-1.738799e-03	6.250181e-03	-7.988980e-03	7.119580e-03	1.020328e-04	-8.084006e-05	-1.144033e-04	-1.380417e-04	2.363838e-05
271           	1.237740e-02	6.290660e-03	6.086741e-03	-1.738809e-03	6.249838e-03	-7.988647e-03	7.119242e-03	1.019592e-04	-8.080417e-05	-1.143273e-04	-1.379678e-04	2.364050e-05
272           	1.237674e-02	6.290257e-03	6.086484e-03	-1.738818e-03	6.249501e-03	-7.988319e-03	7.118910e-03	1.018864e-04	-8.076874e-05	-1.142523e-04	-1.378949e-04	2.364257e-05
273           	1.237609e-02	6.289859e-03	6.086231e-03	-1.738827e-03	6.249170e-03	-7.987997e-03	7.118583e-03	1.018144e-04	-8.073375e-05	-1.141783e-04	-1.378229e-04	2.364460e-05
274           	1.237545e-02	6.289468e-03	6.085982e-03	-1.738837e-03	6.248844e-03	-7.987681e-03	7.118262e-03	1.017433e-04	-8.069920e-05	-1.141053e-04	-1.377518e-04	2.364657e-05
275           	1.237482e-02	6.289083e-03	6.085737e-03	-1.738846e-03	6.248523e-03	-7.987369e-03	7.117946e-03	1.016730e-04	-8.066511e-05	-1.140332e-04	-1.376817e-04	2.364850e-05
276           	1.237420e-02	6.288703e-03	6.085496e-03	-1.738855e-03	6.248208e-03	-7.987063e-03	7.117636e-03	1.016036e-04	-8.063155e-05	-1.139623e-04	-1.376127e-04	2.365042e-05
277           	1.237359e-02	6.288329e-03	6.085259e-03	-1.738865e-03	6.247898e-03	-7.986762e-03	7.117330e-03	1.015351e-04	-8.059856e-05	-1.138924e-04	-1.375448e-04	2.365235e-05
278           	1.237299e-02	6.287961e-03	6.085026e-03	-1.738874e-03	6.247593e-03	-7.986467e-03	7.117030e-03	1.014676e-04	-8.056619e-05	-1.138238e-04	-1.374781e-04	2.365431e-05
279           	1.237240e-02	6.287599e-03	6.084797e-03	-1.738883e-03	6.247292e-03	-7.986176e-03	7.116734e-03	1.014011e-04	-8.053446e-05	-1.137563e-04	-1.374126e-04	2.365634e-05
280           	1.237181e-02	6.287242e-03	6.084571e-03	-1.738893e-03	6.246997e-03	-7.985890e-03	7.116444e-03	1.013356e-04	-8.050339e-05	-1.136899e-04	-1.373483e-04	2.365842e-05
281           	1.237124e-02	6.286891e-03	6.084349e-03	-1.738902e-03	6.246707e-03	-7.985609e-03	7.116158e-03	1.012710e-04	-8.047295e-05	-1.136248e-04	-1.372853e-04	2.366057e-05
282           	1.237068e-02	6.286545e-03	6.084131e-03	-1.738911e-03	6.246422e-03	-7.985333e-03	7.115877e-03	1.012075e-04	-8.044314e-05	-1.135607e-04	-1.372235e-04	2.366278e-05
283           	1.237012e-02	6.286205e-03	6.083916e-03	-1.738920e-03	6.246141e-03	-7.985061e-03	7.115601e-03	1.011449e-04	-8.041392e-05	-1.134978e-04	-1.371628e-04	2.366503e-05
284           	1.236957e-02	6.285871e-03	6.083704e-03	-1.738929e-03	6.245865e-03	-7.984794e-03	7.115329e-03	1.010832e-04	-8.038527e-05	-1.134359e-04	-1.371032e-04	2.366732e-05
285           	1.236904e-02	6.285541e-03	6.083496e-03	-1.738938e-03	6.245593e-03	-7.984532e-03	7.115063e-03	1.010224e-04	-8.035717e-05	-1.133751e-04	-1.370447e-04	2.366965e-05
286           	1.236851e-02	6.285217e-03	6.083292e-03	-1.738947e-03	6.245327e-03	-7.984274e-03	7.114800e-03	1.009626e-04	-8.032964e-05	-1.133153e-04	-1.369873e-04	2.367202e-05
287           	1.236799e-02	6.284898e-03	6.083091e-03	-1.738956e-03	6.245064e-03	-7.984020e-03	7.114542e-03	1.009037e-04	-8.030267e-05	-1.132565e-04	-1.369309e-04	2.367443e-05
288           	1.236748e-02	6.284584e-03	6.082893e-03	-1.738965e-03	6.244806e-03	-7.983771e-03	7.114289e-03	1.008457e-04	-8.027626e-05	-1.131987e-04	-1.368756e-04	2.367690e-05
289           	1.236697e-02	6.284275e-03	6.082698e-03	-1.738974e-03	6.244552e-03	-7.983526e-03	7.114039e-03	1.007885e-04	-8.025042e-05	-1.131420e-04	-1.368214e-04	2.367942e-05
290           	1.236648e-02	6.283971e-03	6.082506e-03	-1.738983e-03	6.244303e-03	-7.983286e-03	7.113794e-03	1.007323e-04	-8.022516e-05	-1.130863e-04	-1.367683e-04	2.368199e-05
291           	1.236599e-02	6.283671e-03	6.082318e-03	-1.738992e-03	6.244057e-03	-7.983049e-03	7.113553e-03	1.006769e-04	-8.020049e-05	-1.130317e-04	-1.367164e-04	2.368463e-05
292           	1.236551e-02	6.283377e-03	6.082132e-03	-1.739001e-03	6.243816e-03	-7.982817e-03	7.113317e-03	1.006224e-04	-8.017640e-05	-1.129782e-04	-1.366655e-04	2.368732e-05
293           	1.236504e-02	6.283087e-03	6.081950e-03	-1.739009e-03	6.243579e-03	-7.982588e-03	7.113084e-03	1.005688e-04	-8.015286e-05	-1.129256e-04	-1.366157e-04	2.369007e-05
294           	1.236457e-02	6.282802e-03	6.081770e-03	-1.739018e-03	6.243346e-03	-7.982364e-03	7.112855e-03	1.005159e-04	-8.012983e-05	-1.128740e-04	-1.365668e-04	2.369284e-05
295           	1.236412e-02	6.282521e-03	6.081594e-03	-1.739027e-03	6.243117e-03	-7.982143e-03	7.112630e-03	1.004638e-04	-8.010725e-05	-1.128233e-04	-1.365189e-04	2.369562e-05
296           	1.236367e-02	6.282245e-03	6.081420e-03	-1.739035e-03	6.242891e-03	-7.981927e-03	7.112409e-03	1.004124e-04	-8.008509e-05	-1.127734e-04	-1.364718e-04	2.369839e-05
297           	1.236322e-02	6.281973e-03	6.081250e-03	-1.739044e-03	6.242670e-03	-7.981714e-03	7.112192e-03	1.003617e-04	-8.006330e-05	-1.127244e-04	-1.364255e-04	2.370112e-05
298           	1.236279e-02	6.281706e-03	6.081083e-03	-1.739052e-03	6.242452e-03	-7.981504e-03	7.111978e-03	1.003116e-04	-8.004179e-05	-1.126760e-04	-1.363798e-04	2.370379e-05
299           	1.236236e-02	6.281442e-03	6.080918e-03	-1.739061e-03	6.242238e-03	-7.981299e-03	7.111768e-03	1.002621e-04	-8.002054e-05	-1.126283e-04	-1.363347e-04	2.370639e-05
300           	1.236194e-02	6.281183e-03	6.080757e-03	-1.739069e-03	6.242028e-03	-7.981097e-03	7.111562e-03	1.002132e-04	-7.999954e-05	-1.125813e-04	-1.362902e-04	2.370890e-05
301           	1.236153e-02	6.280928e-03	6.080598e-03	-1.739077e-03	6.241821e-03	-7.980898e-03	7.111360e-03	1.001649e-04	-7.997880e-05	-1.125349e-04	-1.362463e-04	2.371135e-05
302           	1.236112e-02	6.280681e-03	6.080437e-03	-1.739085e-03	6.241618e-03	-7.980703e-03	7.111161e-03	1.001220e-04	-7.996400e-05	-1.124960e-04	-1.362120e-04	2.371601e-05
303           	1.236072e-02	6.280432e-03	6.080286e-03	-1.739093e-03	6.241419e-03	-7.980512e-03	7.110965e-03	1.000732e-04	-7.994199e-05	-1.124488e-04	-1.361664e-04	2.371759e-05
304           	1.236032e-02	6.280192e-03	6.080133e-03	-1.739101e-03	6.241222e-03	-7.980324e-03	7.110773e-03	1.000295e-04	-7.992563e-05	-1.124087e-04	-1.361300e-04	2.372128e-05
305           	1.235994e-02	6.279953e-03	6.079983e-03	-1.739109e-03	6.241030e-03	-7.980139e-03	7.110584e-03	9.998494e-05	-7.990792e-05	-1.123674e-04	-1.360916e-04	2.372424e-05
306           	1.235956e-02	6.279712e-03	6.079843e-03	-1.739117e-03	6.240840e-03	-7.979957e-03	7.110399e-03	9.993480e-05	-7.988340e-05	-1.123182e-04	-1.360425e-04	2.372427e-05
307           	1.235918e-02	6.279481e-03	6.079700e-03	-1.739125e-03	6.240654e-03	-7.979779e-03	7.110216e-03	9.989029e-05	-7.986511e-05	-1.122769e-04	-1.360036e-04	2.372667e-05
308           	1.235881e-02	6.279252e-03	6.079560e-03	-1.739133e-03	6.240471e-03	-7.979604e-03	7.110037e-03	9.984577e-05	-7.984651e-05	-1.122355e-04	-1.359642e-04	2.372877e-05
309           	1.235845e-02	6.279026e-03	6.079423e-03	-1.739140e-03	6.240291e-03	-7.979432e-03	7.109861e-03	9.980137e-05	-7.982770e-05	-1.121941e-04	-1.359248e-04	2.373063e-05
310           	1.235809e-02	6.278804e-03	6.079289e-03	-1.739148e-03	6.240115e-03	-7.979263e-03	7.109689e-03	9.975724e-05	-7.980886e-05	-1.121530e-04	-1.358854e-04	2.373234e-05
311           	1.235774e-02	6.278585e-03	6.079158e-03	-1.739156e-03	6.239941e-03	-7.979097e-03	7.109519e-03	9.971356e-05	-7.979017e-05	-1.121124e-04	-1.358464e-04	2.373396e-05
312           	1.235740e-02	6.278370e-03	6.079029e-03	-1.739163e-03	6.239771e-03	-7.978934e-03	7.109352e-03	9.967046e-05	-7.977179e-05	-1.120724e-04	-1.358080e-04	2.373557e-05
313           	1.235706e-02	6.278158e-03	6.078902e-03	-1.739171e-03	6.239604e-03	-7.978774e-03	7.109189e-03	9.962805e-05	-7.975383e-05	-1.120332e-04	-1.357704e-04	2.373721e-05
314           	1.235673e-02	6.277950e-03	6.078777e-03	-1.739178e-03	6.239439e-03	-7.978617e-03	7.109028e-03	9.958640e-05	-7.973637e-05	-1.119949e-04	-1.357338e-04	2.373893e-05
315           	1.235640e-02	6.277745e-03	6.078654e-03	-1.739186e-03	6.239278e-03	-7.978463e-03	7.108871e-03	9.954552e-05	-7.971941e-05	-1.119574e-04	-1.356981e-04	2.374073e-05
316           	1.235608e-02	6.277544e-03	6.078534e-03	-1.739193e-03	6.239119e-03	-7.978312e-03	7.108716e-03	9.950537e-05	-7.970293e-05	-1.119207e-04	-1.356633e-04	2.374259e-05
317           	1.235576e-02	6.277347e-03	6.078415e-03	-1.739200e-03	6.238964e-03	-7.978164e-03	7.108564e-03	9.946588e-05	-7.968684e-05	-1.118847e-04	-1.356292e-04	2.374449e-05
318           	1.235545e-02	6.277153e-03	6.078299e-03	-1.739207e-03	6.238811e-03	-7.978018e-03	7.108414e-03	9.942698e-05	-7.967107e-05	-1.118494e-04	-1.355958e-04	2.374639e-05
319           	1.235515e-02	6.276961e-03	6.078184e-03	-1.739214e-03	6.238661e-03	-7.977875e-03	7.108268e-03	9.938859e-05	-7.965553e-05	-1.118146e-04	-1.355628e-04	2.374826e-05
320           	1.235485e-02	6.276773e-03	6.078072e-03	-1.739221e-03	6.238513e-03	-7.977734e-03	7.108124e-03	9.935061e-05	-7.964013e-05	-1.117802e-04	-1.355302e-04	2.375004e-05
321           	1.235455e-02	6.276588e-03	6.077962e-03	-1.739228e-03	6.238368e-03	-7.977596e-03	7.107982e-03	9.931297e-05	-7.962476e-05	-1.117461e-04	-1.354978e-04	2.375170e-05
322           	1.235426e-02	6.276406e-03	6.077854e-03	-1.739235e-03	6.238226e-03	-7.977461e-03	7.107844e-03	9.927562e-05	-7.960937e-05	-1.117123e-04	-1.354655e-04	2.375321e-05
323           	1.235397e-02	6.276226e-03	6.077749e-03	-1.739242e-03	6.238086e-03	-7.977328e-03	7.107707e-03	9.923852e-05	-7.959389e-05	-1.116787e-04	-1.354332e-04	2.375455e-05
324           	1.235369e-02	6.276049e-03	6.077645e-03	-1.739248e-03	6.237949e-03	-7.977197e-03	7.107573e-03	9.920165e-05	-7.957829e-05	-1.116452e-04	-1.354009e-04	2.375568e-05
325           	1.235342e-02	6.275874e-03	6.077544e-03	-1.739255e-03	6.237814e-03	-7.977069e-03	7.107442e-03	9.916500e-05	-7.956252e-05	-1.116118e-04	-1.353684e-04	2.375661e-05
326           	1.235315e-02	6.275702e-03	6.077445e-03	-1.739262e-03	6.237682e-03	-7.976944e-03	7.107313e-03	9.912858e-05	-7.954657e-05	-1.115785e-04	-1.353358e-04	2.375732e-05
327           	1.235288e-02	6.275533e-03	6.077348e-03	-1.739268e-03	6.237552e-03	-7.976820e-03	7.107186e-03	9.909239e-05	-7.953044e-05	-1.115453e-04	-1.353031e-04	2.375781e-05
328           	1.235262e-02	6.275366e-03	6.077253e-03	-1.739274e-03	6.237425e-03	-7.976699e-03	7.107062e-03	9.905642e-05	-7.951410e-05	-1.115120e-04	-1.352701e-04	2.375809e-05
329           	1.235236e-02	6.275202e-03	6.077160e-03	-1.739281e-03	6.237300e-03	-7.976580e-03	7.106940e-03	9.902067e-05	-7.949754e-05	-1.114788e-04	-1.352369e-04	2.375814e-05
330           	1.235211e-02	6.275040e-03	6.077070e-03	-1.739287e-03	6.237177e-03	-7.976464e-03	7.106820e-03	9.898513e-05	-7.948076e-05	-1.114456e-04	-1.352035e-04	2.375797e-05
331           	1.235186e-02	6.274880e-03	6.076981e-03	-1.739293e-03	6.237056e-03	-7.976349e-03	7.106703e-03	9.894980e-05	-7.946378e-05	-1.114123e-04	-1.351699e-04	2.375761e-05
332           	1.235162e-02	6.274723e-03	6.076894e-03	-1.739299e-03	6.236938e-03	-7.976237e-03	7.106587e-03	9.891469e-05	-7.944660e-05	-1.113791e-04	-1.351362e-04	2.375705e-05
333           	1.235138e-02	6.274569e-03	6.076809e-03	-1.739305e-03	6.236822e-03	-7.976127e-03	7.106474e-03	9.887979e-05	-7.942925e-05	-1.113459e-04	-1.351022e-04	2.375631e-05
334           	1.235114e-02	6.274416e-03	6.076726e-03	-1.739311e-03	6.236708e-03	-7.976019e-03	7.106363e-03	9.884509e-05	-7.941173e-05	-1.113127e-04	-1.350681e-04	2.375539e-05
335           	1.235091e-02	6.274266e-03	6.076645e-03	-1.739317e-03	6.236596e-03	-7.975913e-03	7.106254e-03	9.881057e-05	-7.939405e-05	-1.112795e-04	-1.350338e-04	2.375430e-05
336           	1.235068e-02	6.274118e-03	6.076565e-03	-1.739323e-03	6.236486e-03	-7.975809e-03	7.106148e-03	9.877627e-05	-7.937626e-05	-1.112464e-04	-1.349995e-04	2.375306e-05
337           	1.235046e-02	6.273972e-03	6.076488e-03	-1.739329e-03	6.236378e-03	-7.975707e-03	7.106043e-03	9.874221e-05	-7.935842e-05	-1.112134e-04	-1.349651e-04	2.375171e-05
338           	1.235024e-02	6.273829e-03	6.076412e-03	-1.739334e-03	6.236273e-03	-7.975607e-03	7.105940e-03	9.870843e-05	-7.934058e-05	-1.111806e-04	-1.349309e-04	2.375027e-05
339           	1.235003e-02	6.273688e-03	6.076338e-03	-1.739340e-03	6.236169e-03	-7.975509e-03	7.105839e-03	9.867495e-05	-7.932280e-05	-1.111481e-04	-1.348968e-04	2.374876e-05
340           	1.234981e-02	6.273549e-03	6.076265e-03	-1.739346e-03	6.236067e-03	-7.975413e-03	7.105740e-03	9.864179e-05	-7.930509e-05	-1.111158e-04	-1.348630e-04	2.374720e-05
341           	1.234961e-02	6.273412e-03	6.076194e-03	-1.739351e-03	6.235968e-03	-7.975319e-03	7.105643e-03	9.860897e-05	-7.928750e-05	-1.110838e-04	-1.348294e-04	2.374559e-05
342           	1.234940e-02	6.273277e-03	6.076124e-03	-1.739357e-03	6.235870e-03	-7.975226e-03	7.105548e-03	9.857650e-05	-7.927007e-05	-1.110522e-04	-1.347962e-04	2.374397e-05
343           	1.234920e-02	6.273145e-03	6.076056e-03	-1.739362e-03	6.235774e-03	-7.975135e-03	7.105454e-03	9.854444e-05	-7.925287e-05	-1.110210e-04	-1.347634e-04	2.374237e-05
344           	1.234900e-02	6.273015e-03	6.075989e-03	-1.739367e-03	6.235679e-03	-7.975046e-03	7.105363e-03	9.851279e-05	-7.923594e-05	-1.109903e-04	-1.347311e-04	2.374079e-05
345           	1.234881e-02	6.272887e-03	6.075924e-03	-1.739372e-03	6.235587e-03	-7.974959e-03	7.105273e-03	9.848158e-05	-7.921931e-05	-1.109601e-04	-1.346993e-04	2.373927e-05
346           	1.234862e-02	6.272761e-03	6.075860e-03	-1.739378e-03	6.235496e-03	-7.974874e-03	7.105185e-03	9.845080e-05	-7.920300e-05	-1.109304e-04	-1.346682e-04	2.373781e-05
347           	1.234843e-02	6.272638e-03	6.075797e-03	-1.739383e-03	6.235407e-03	-7.974790e-03	7.105099e-03	9.842044e-05	-7.918699e-05	-1.109012e-04	-1.346376e-04	2.373641e-05
348           	1.234825e-02	6.272516e-03	6.075735e-03	-1.739388e-03	6.235320e-03	-7.974708e-03	7.105014e-03	9.839051e-05	-7.917129e-05	-1.108725e-04	-1.346075e-04	2.373506e-05
349           	1.234807e-02	6.272397e-03	6.075675e-03	-1.739393e-03	6.235235e-03	-7.974627e-03	7.104931e-03	9.836097e-05	-7.915587e-05	-1.108443e-04	-1.345780e-04	2.373374e-05
350           	1.234790e-02	6.272279e-03	6.075616e-03	-1.739398e-03	6.235151e-03	-7.974548e-03	7.104849e-03	9.833181e-05	-7.914070e-05	-1.108165e-04	-1.345489e-04	2.373245e-05
351           	1.234772e-02	6.272164e-03	6.075558e-03	-1.739402e-03	6.235068e-03	-7.974471e-03	7.104770e-03	9.830300e-05	-7.912572e-05	-1.107891e-04	-1.345203e-04	2.373117e-05
352           	1.234755e-02	6.272050e-03	6.075501e-03	-1.739407e-03	6.234988e-03	-7.974395e-03	7.104691e-03	9.827451e-05	-7.911089e-05	-1.107621e-04	-1.344919e-04	2.372985e-05
353           	1.234738e-02	6.271938e-03	6.075446e-03	-1.739412e-03	6.234909e-03	-7.974321e-03	7.104615e-03	9.824630e-05	-7.909612e-05	-1.107353e-04	-1.344638e-04	2.372848e-05
354           	1.234722e-02	6.271829e-03	6.075392e-03	-1.739416e-03	6.234831e-03	-7.974248e-03	7.104539e-03	9.821834e-05	-7.908136e-05	-1.107087e-04	-1.344357e-04	2.372703e-05
355           	1.234706e-02	6.271720e-03	6.075339e-03	-1.739421e-03	6.234755e-03	-7.974176e-03	7.104466e-03	9.819061e-05	-7.906657e-05	-1.106822e-04	-1.344077e-04	2.372548e-05
356           	1.234690e-02	6.271614e-03	6.075287e-03	-1.739426e-03	6.234681e-03	-7.974106e-03	7.104393e-03	9.816309e-05	-7.905170e-05	-1.106558e-04	-1.343796e-04	2.372381e-05
357           	1.234675e-02	6.271509e-03	6.075237e-03	-1.739430e-03	6.234608e-03	-7.974038e-03	7.104323e-03	9.813575e-05	-7.903672e-05	-1.106294e-04	-1.343514e-04	2.372201e-05
358           	1.234659e-02	6.271405e-03	6.075188e-03	-1.739434e-03	6.234536e-03	-7.973971e-03	7.104253e-03	9.810857e-05	-7.902161e-05	-1.106031e-04	-1.343231e-04	2.372008e-05
359           	1.234644e-02	6.271304e-03	6.075141e-03	-1.739439e-03	6.234466e-03	-7.973905e-03	7.104185e-03	9.808151e-05	-7.900631e-05	-1.105767e-04	-1.342946e-04	2.371798e-05
360           	1.234630e-02	6.271203e-03	6.075094e-03	-1.739443e-03	6.234397e-03	-7.973840e-03	7.104119e-03	9.805456e-05	-7.899081e-05	-1.105502e-04	-1.342659e-04	2.371572e-05
361           	1.234615e-02	6.271104e-03	6.075049e-03	-1.739447e-03	6.234330e-03	-7.973777e-03	7.104053e-03	9.802769e-05	-7.897508e-05	-1.105236e-04	-1.342369e-04	2.371329e-05
362           	1.234601e-02	6.271007e-03	6.075005e-03	-1.739451e-03	6.234264e-03	-7.973715e-03	7.103990e-03	9.800090e-05	-7.895910e-05	-1.104968e-04	-1.342075e-04	2.371068e-05
363           	1.234587e-02	6.270911e-03	6.074963e-03	-1.739456e-03	6.234199e-03	-7.973655e-03	7.103927e-03	9.797416e-05	-7.894286e-05	-1.104699e-04	-1.341778e-04	2.370790e-05
364           	1.234574e-02	6.270816e-03	6.074921e-03	-1.739460e-03	6.234136e-03	-7.973595e-03	7.103866e-03	9.794748e-05	-7.892634e-05	-1.104428e-04	-1.341478e-04	2.370492e-05
365           	1.234560e-02	6.270723e-03	6.074881e-03	-1.739464e-03	6.234074e-03	-7.973537e-03	7.103805e-03	9.792083e-05	-7.890954e-05	-1.104156e-04	-1.341173e-04	2.370176e-05
366           	1.234547e-02	6.270631e-03	6.074842e-03	-1.739467e-03	6.234013e-03	-7.973480e-03	7.103747e-03	9.789423e-05	-7.889244e-05	-1.103881e-04	-1.340865e-04	2.369842e-05
367           	1.234534e-02	6.270540e-03	6.074805e-03	-1.739471e-03	6.233953e-03	-7.973425e-03	7.103689e-03	9.786766e-05	-7.887506e-05	-1.103603e-04	-1.340552e-04	2.369489e-05
368           	1.234522e-02	6.270450e-03	6.074768e-03	-1.739475e-03	6.233895e-03	-7.973370e-03	7.103633e-03	9.784114e-05	-7.885741e-05	-1.103324e-04	-1.340236e-04	2.369119e-05
369           	1.234510e-02	6.270365e-03	6.074731e-03	-1.739479e-03	6.233838e-03	-7.973317e-03	7.103578e-03	9.781669e-05	-7.884226e-05	-1.103077e-04	-1.339961e-04	2.368840e-05
370           	1.234497e-02	6.270279e-03	6.074696e-03	-1.739483e-03	6.233782e-03	-7.973265e-03	7.103524e-03	9.779160e-05	-7.882607e-05	-1.102819e-04	-1.339670e-04	2.368515e-05
371           	1.234486e-02	6.270191e-03	6.074664e-03	-1.739486e-03	6.233727e-03	-7.973214e-03	7.103471e-03	9.776378e-05	-7.880594e-05	-1.102513e-04	-1.339316e-04	2.368030e-05
372           	1.234474e-02	6.270107e-03	6.074631e-03	-1.739490e-03	6.233674e-03	-7.973164e-03	7.103419e-03	9.773801e-05	-7.878837e-05	-1.102239e-04	-1.339003e-04	2.367640e-05
373           	1.234462e-02	6.270024e-03	6.074600e-03	-1.739493e-03	6.233621e-03	-7.973115e-03	7.103368e-03	9.771189e-05	-7.877011e-05	-1.101959e-04	-1.338680e-04	2.367217e-05
374           	1.234451e-02	6.269942e-03	6.074571e-03	-1.739497e-03	6.233570e-03	-7.973067e-03	7.103318e-03	9.768551e-05	-7.875125e-05	-1.101672e-04	-1.338348e-04	2.366766e-05
375           	1.234440e-02	6.269860e-03	6.074542e-03	-1.739500e-03	6.233519e-03	-7.973020e-03	7.103269e-03	9.765903e-05	-7.873198e-05	-1.101381e-04	-1.338010e-04	2.366294e-05
376           	1.234429e-02	6.269779e-03	6.074514e-03	-1.739504e-03	6.233470e-03	-7.972973e-03	7.103222e-03	9.763262e-05	-7.871250e-05	-1.101088e-04	-1.337669e-04	2.365809e-05
377           	1.234419e-02	6.269700e-03	6.074487e-03	-1.739507e-03	6.233422e-03	-7.972928e-03	7.103175e-03	9.760643e-05	-7.869299e-05	-1.100796e-04	-1.337328e-04	2.365319e-05
378           	1.234408e-02	6.269622e-03	6.074461e-03	-1.739510e-03	6.233374e-03	-7.972884e-03	7.103129e-03	9.758059e-05	-7.867361e-05	-1.100506e-04	-1.336989e-04	2.364831e-05
379           	1.234398e-02	6.269546e-03	6.074436e-03	-1.739513e-03	6.233328e-03	-7.972841e-03	7.103085e-03	9.755517e-05	-7.865446e-05	-1.100219e-04	-1.336654e-04	2.364349e-05
380           	1.234388e-02	6.269471e-03	6.074411e-03	-1.739517e-03	6.233283e-03	-7.972799e-03	7.103041e-03	9.753022e-05	-7.863559e-05	-1.099937e-04	-1.336324e-04	2.363875e-05
381           	1.234378e-02	6.269398e-03	6.074386e-03	-1.739520e-03	6.233239e-03	-7.972758e-03	7.102998e-03	9.750572e-05	-7.861703e-05	-1.099658e-04	-1.335999e-04	2.363411e-05
382           	1.234369e-02	6.269326e-03	6.074363e-03	-1.739523e-03	6.233195e-03	-7.972718e-03	7.102957e-03	9.748165e-05	-7.859876e-05	-1.099384e-04	-1.335679e-04	2.362957e-05
383           	1.234360e-02	6.269256e-03	6.074340e-03	-1.739526e-03	6.233153e-03	-7.972679e-03	7.102916e-03	9.745798e-05	-7.858076e-05	-1.099113e-04	-1.335364e-04	2.362512e-05
384           	1.234350e-02	6.269186e-03	6.074317e-03	-1.739529e-03	6.233112e-03	-7.972641e-03	7.102877e-03	9.743465e-05	-7.856301e-05	-1.098845e-04	-1.335053e-04	2.362075e-05
385           	1.234341e-02	6.269119e-03	6.074295e-03	-1.739532e-03	6.233072e-03	-7.972604e-03	7.102838e-03	9.741162e-05	-7.854547e-05	-1.098581e-04	-1.334745e-04	2.361644e-05
386           	1.234333e-02	6.269052e-03	6.074274e-03	-1.739535e-03	6.233032e-03	-7.972567e-03	7.102800e-03	9.738887e-05	-7.852815e-05	-1.098319e-04	-1.334441e-04	2.361220e-05
387           	1.234324e-02	6.268986e-03	6.074254e-03	-1.739538e-03	6.232994e-03	-7.972532e-03	7.102763e-03	9.736637e-05	-7.851103e-05	-1.098060e-04	-1.334140e-04	2.360802e-05
388           	1.234316e-02	6.268922e-03	6.074234e-03	-1.739541e-03	6.232956e-03	-7.972497e-03	7.102726e-03	9.734414e-05	-7.849415e-05	-1.097805e-04	-1.333844e-04	2.360390e-05
389           	1.234307e-02	6.268858e-03	6.074214e-03	-1.739543e-03	6.232919e-03	-7.972463e-03	7.102691e-03	9.732217e-05	-7.847752e-05	-1.097553e-04	-1.333552e-04	2.359986e-05
390           	1.234299e-02	6.268796e-03	6.074195e-03	-1.739546e-03	6.232883e-03	-7.972429e-03	7.102656e-03	9.730049e-05	-7.846119e-05	-1.097305e-04	-1.333265e-04	2.359592e-05
391           	1.234291e-02	6.268735e-03	6.074177e-03	-1.739549e-03	6.232848e-03	-7.972397e-03	7.102622e-03	9.727911e-05	-7.844517e-05	-1.097062e-04	-1.332983e-04	2.359207e-05
392           	1.234283e-02	6.268675e-03	6.074159e-03	-1.739551e-03	6.232813e-03	-7.972365e-03	7.102589e-03	9.725805e-05	-7.842949e-05	-1.096823e-04	-1.332707e-04	2.358833e-05
393           	1.234276e-02	6.268616e-03	6.074141e-03	-1.739554e-03	6.232780e-03	-7.972334e-03	7.102557e-03	9.723733e-05	-7.841417e-05	-1.096589e-04	-1.332436e-04	2.358470e-05
394           	1.234268e-02	6.268558e-03	6.074124e-03	-1.739557e-03	6.232747e-03	-7.972303e-03	7.102525e-03	9.721696e-05	-7.839922e-05	-1.096361e-04	-1.332172e-04	2.358119e-05
395           	1.234261e-02	6.268502e-03	6.074108e-03	-1.739559e-03	6.232715e-03	-7.972274e-03	7.102494e-03	9.719693e-05	-7.838465e-05	-1.096137e-04	-1.331915e-04	2.357780e-05
396           	1.234254e-02	6.268443e-03	6.074095e-03	-1.739562e-03	6.232683e-03	-7.972244e-03	7.102463e-03	9.717423e-05	-7.836774e-05	-1.095883e-04	-1.331619e-04	2.357359e-05
397           	1.234247e-02	6.268387e-03	6.074081e-03	-1.739564e-03	6.232652e-03	-7.972216e-03	7.102434e-03	9.715303e-05	-7.835229e-05	-1.095649e-04	-1.331347e-04	2.356986e-05
398           	1.234240e-02	6.268332e-03	6.074066e-03	-1.739566e-03	6.232622e-03	-7.972188e-03	7.102405e-03	9.713322e-05	-7.833821e-05	-1.095432e-04	-1.331098e-04	2.356658e-05
399           	1.234233e-02	6.268280e-03	6.074051e-03	-1.739569e-03	6.232593e-03	-7.972161e-03	7.102377e-03	9.711459e-05	-7.832525e-05	-1.095231e-04	-1.330868e-04	2.356368e-05
400           	1.234227e-02	6.268230e-03	6.074036e-03	-1.739571e-03	6.232564e-03	-7.972135e-03	7.102350e-03	9.709684e-05	-7.831313e-05	-1.095042e-04	-1.330652e-04	2.356105e-05
401           	1.234220e-02	6.268181e-03	6.074022e-03	-1.739573e-03	6.232537e-03	-7.972110e-03	7.102323e-03	9.707969e-05	-7.830158e-05	-1.094860e-04	-1.330446e-04	2.355860e-05
402           	1.234214e-02	6.268130e-03	6.074010e-03	-1.739575e-03	6.232509e-03	-7.972085e-03	7.102297e-03	9.706005e-05	-7.828779e-05	-1.094649e-04	-1.330202e-04	2.355535e-05
403           	1.234208e-02	6.268078e-03	6.074000e-03	-1.739578e-03	6.232483e-03	-7.972060e-03	7.102271e-03	9.703872e-05	-7.827251e-05	-1.094419e-04	-1.329935e-04	2.355156e-05
404           	1.234202e-02	6.268029e-03	6.073989e-03	-1.739580e-03	6.232457e-03	-7.972037e-03	7.102247e-03	9.701960e-05	-7.825931e-05	-1.094217e-04	-1.329701e-04	2.354848e-05
405           	1.234196e-02	6.267982e-03	6.073977e-03	-1.739582e-03	6.232432e-03	-7.972014e-03	7.102223e-03	9.700232e-05	-7.824785e-05	-1.094038e-04	-1.329497e-04	2.354597e-05
406           	1.234190e-02	6.267938e-03	6.073965e-03	-1.739584e-03	6.232407e-03	-7.971991e-03	7.102199e-03	9.698644e-05	-7.823767e-05	-1.093876e-04	-1.329315e-04	2.354388e-05
407           	1.234185e-02	6.267895e-03	6.073952e-03	-1.739586e-03	6.232384e-03	-7.971970e-03	7.102177e-03	9.697145e-05	-7.822830e-05	-1.093725e-04	-1.329145e-04	2.354206e-05
408           	1.234179e-02	6.267851e-03	6.073942e-03	-1.739588e-03	6.232361e-03	-7.971948e-03	7.102154e-03	9.695424e-05	-7.821689e-05	-1.093548e-04	-1.328943e-04	2.353951e-05
409           	1.234174e-02	6.267805e-03	6.073934e-03	-1.739590e-03	6.232338e-03	-7.971927e-03	7.102133e-03	9.693545e-05	-7.820408e-05	-1.093352e-04	-1.328717e-04	2.353646e-05
410           	1.234169e-02	6.267762e-03	6.073925e-03	-1.739592e-03	6.232316e-03	-7.971907e-03	7.102112e-03	9.691868e-05	-7.819315e-05	-1.093182e-04	-1.328522e-04	2.353406e-05
411           	1.234164e-02	6.267722e-03	6.073915e-03	-1.739594e-03	6.232294e-03	-7.971888e-03	7.102091e-03	9.690355e-05	-7.818374e-05	-1.093032e-04	-1.328353e-04	2.353216e-05
412           	1.234159e-02	6.267680e-03	6.073907e-03	-1.739595e-03	6.232273e-03	-7.971869e-03	7.102071e-03	9.688689e-05	-7.817295e-05	-1.092864e-04	-1.328161e-04	2.352977e-05
413           	1.234154e-02	6.267638e-03	6.073900e-03	-1.739597e-03	6.232253e-03	-7.971850e-03	7.102051e-03	9.686921e-05	-7.816129e-05	-1.092685e-04	-1.327955e-04	2.352705e-05
414           	1.234149e-02	6.267599e-03	6.073892e-03	-1.739599e-03	6.232233e-03	-7.971832e-03	7.102033e-03	9.685391e-05	-7.815181e-05	-1.092535e-04	-1.327785e-04	2.352506e-05
415           	1.234145e-02	6.267563e-03	6.073882e-03	-1.739601e-03	6.232214e-03	-7.971815e-03	7.102014e-03	9.684045e-05	-7.814398e-05	-1.092407e-04	-1.327643e-04	2.352363e-05
416           	1.234140e-02	6.267526e-03	6.073875e-03	-1.739602e-03	6.232195e-03	-7.971798e-03	7.101996e-03	9.682558e-05	-7.813485e-05	-1.092262e-04	-1.327480e-04	2.352173e-05
417           	1.234136e-02	6.267488e-03	6.073869e-03	-1.739604e-03	6.232177e-03	-7.971781e-03	7.101979e-03	9.680972e-05	-7.812480e-05	-1.092106e-04	-1.327301e-04	2.351949e-05
418           	1.234131e-02	6.267453e-03	6.073861e-03	-1.739605e-03	6.232160e-03	-7.971765e-03	7.101962e-03	9.679604e-05	-7.811670e-05	-1.091976e-04	-1.327155e-04	2.351792e-05
419           	1.234127e-02	6.267417e-03	6.073855e-03	-1.739607e-03	6.232142e-03	-7.971749e-03	7.101946e-03	9.678133e-05	-7.810765e-05	-1.091833e-04	-1.326993e-04	2.351598e-05
420           	1.234123e-02	6.267385e-03	6.073847e-03	-1.739608e-03	6.232126e-03	-7.971734e-03	7.101930e-03	9.676865e-05	-7.810037e-05	-1.091714e-04	-1.326861e-04	2.351465e-05
421           	1.234119e-02	6.267351e-03	6.073841e-03	-1.739610e-03	6.232110e-03	-7.971720e-03	7.101915e-03	9.675481e-05	-7.809203e-05	-1.091582e-04	-1.326711e-04	2.351292e-05
422           	1.234115e-02	6.267317e-03	6.073837e-03	-1.739611e-03	6.232094e-03	-7.971706e-03	7.101900e-03	9.674017e-05	-7.808295e-05	-1.091441e-04	-1.326550e-04	2.351092e-05
423           	1.234112e-02	6.267283e-03	6.073833e-03	-1.739613e-03	6.232079e-03	-7.971692e-03	7.101885e-03	9.672511e-05	-7.807351e-05	-1.091295e-04	-1.326383e-04	2.350877e-05
424           	1.234108e-02	6.267253e-03	6.073827e-03	-1.739614e-03	6.232064e-03	-7.971678e-03	7.101871e-03	9.671265e-05	-7.806642e-05	-1.091180e-04	-1.326254e-04	2.350741e-05
425           	1.234104e-02	6.267225e-03	6.073820e-03	-1.739616e-03	6.232050e-03	-7.971666e-03	7.101858e-03	9.670207e-05	-7.806100e-05	-1.091088e-04	-1.326154e-04	2.350662e-05
426           	1.234101e-02	6.267196e-03	6.073815e-03	-1.739617e-03	6.232037e-03	-7.971654e-03	7.101845e-03	9.669025e-05	-7.805442e-05	-1.090980e-04	-1.326034e-04	2.350540e-05
427           	1.234098e-02	6.267166e-03	6.073811e-03	-1.739618e-03	6.232023e-03	-7.971641e-03	7.101832e-03	9.667745e-05	-7.804694e-05	-1.090862e-04	-1.325900e-04	2.350386e-05
428           	1.234094e-02	6.267136e-03	6.073808e-03	-1.739620e-03	6.232010e-03	-7.971630e-03	7.101820e-03	9.666402e-05	-7.803890e-05	-1.090736e-04	-1.325757e-04	2.350211e-05
429           	1.234091e-02	6.267106e-03	6.073806e-03	-1.739621e-03	6.231997e-03	-7.971618e-03	7.101808e-03	9.665030e-05	-7.803063e-05	-1.090607e-04	-1.325610e-04	2.350026e-05
430           	1.234088e-02	6.267077e-03	6.073804e-03	-1.739622e-03	6.231985e-03	-7.971607e-03	7.101796e-03	9.663658e-05	-7.802239e-05	-1.090480e-04	-1.325464e-04	2.349840e-05
431           	1.234085e-02	6.267051e-03	6.073800e-03	-1.739624e-03	6.231974e-03	-7.971597e-03	7.101785e-03	9.662563e-05	-7.801665e-05	-1.090385e-04	-1.325359e-04	2.349737e-05
432           	1.234082e-02	6.267025e-03	6.073797e-03	-1.739625e-03	6.231962e-03	-7.971587e-03	7.101775e-03	9.661421e-05	-7.801047e-05	-1.090286e-04	-1.325248e-04	2.349617e-05
433           	1.234079e-02	6.266999e-03	6.073795e-03	-1.739626e-03	6.231952e-03	-7.971577e-03	7.101764e-03	9.660243e-05	-7.800394e-05	-1.090182e-04	-1.325131e-04	2.349482e-05
