# Force and moment coefficients
# dragDir     : (1.000000e+00 0.000000e+00 0.000000e+00)
# sideDir     : (0.000000e+00 1.000000e+00 0.000000e+00)
# liftDir     : (0.000000e+00 0.000000e+00 1.000000e+00)
# rollAxis    : (1.000000e+00 0.000000e+00 0.000000e+00)
# pitchAxis   : (0.000000e+00 1.000000e+00 0.000000e+00)
# yawAxis     : (0.000000e+00 0.000000e+00 1.000000e+00)
# magUInf     : 6.661800e+00
# lRef        : 1.499270e-01
# Aref        : 5.000000e-02
# CofR        : (0.000000e+00 0.000000e+00 0.000000e+00)
#
# Time        	Cd            	Cd(f)         	Cd(r)         	Cl            	Cl(f)         	Cl(r)         	CmPitch       	CmRoll        	CmYaw         	Cs            	Cs(f)         	Cs(r)         
1             	4.924305e-01	2.338789e-01	2.585516e-01	-9.582497e-03	4.117359e-01	-4.213184e-01	4.165272e-01	-1.233633e-02	4.563943e-03	1.198561e-02	1.055675e-02	1.428861e-03
2             	3.607183e-01	1.696790e-01	1.910393e-01	-1.241690e-02	2.980145e-01	-3.104314e-01	3.042230e-01	-1.068013e-02	4.017283e-03	1.040912e-02	9.221843e-03	1.187276e-03
3             	2.741755e-01	1.296526e-01	1.445229e-01	-1.253190e-02	2.243765e-01	-2.369084e-01	2.306424e-01	-7.435120e-03	3.011325e-03	7.306512e-03	6.664581e-03	6.419315e-04
4             	2.100776e-01	1.013901e-01	1.086875e-01	-1.072325e-02	1.709541e-01	-1.816773e-01	1.763157e-01	-3.648713e-03	1.882585e-03	3.690984e-03	3.728077e-03	-3.709304e-05
5             	1.595051e-01	7.949120e-02	8.001393e-02	-7.874799e-03	1.296503e-01	-1.375251e-01	1.335877e-01	-2.613650e-04	9.326065e-04	4.730957e-04	1.169154e-03	-6.960587e-04
6             	1.197860e-01	6.197508e-02	5.781091e-02	-4.791103e-03	9.772608e-02	-1.025172e-01	1.001216e-01	2.082085e-03	3.537042e-04	-1.719699e-03	-5.061451e-04	-1.213554e-03
7             	9.021619e-02	4.820042e-02	4.201576e-02	-2.072969e-03	7.422454e-02	-7.629751e-02	7.526102e-02	3.092329e-03	2.203874e-04	-2.606374e-03	-1.082799e-03	-1.523574e-03
8             	7.015422e-02	3.790740e-02	3.224681e-02	-6.889038e-05	5.838444e-02	-5.845333e-02	5.841888e-02	2.830294e-03	4.853651e-04	-2.255664e-03	-6.424669e-04	-1.613197e-03
9             	5.833222e-02	3.077841e-02	2.755381e-02	1.109320e-03	4.905328e-02	-4.794396e-02	4.849862e-02	1.612296e-03	1.022923e-03	-9.870783e-04	5.293835e-04	-1.516462e-03
10            	5.289741e-02	2.634720e-02	2.655022e-02	1.530763e-03	4.469195e-02	-4.316119e-02	4.392657e-02	-1.015100e-04	1.667714e-03	7.412899e-04	2.038359e-03	-1.297069e-03
11            	5.170501e-02	2.401222e-02	2.769280e-02	1.374030e-03	4.358453e-02	-4.221050e-02	4.289751e-02	-1.840291e-03	2.260307e-03	2.462686e-03	3.491650e-03	-1.028964e-03
12            	5.270506e-02	2.312028e-02	2.958478e-02	8.593438e-04	4.412444e-02	-4.326510e-02	4.369477e-02	-3.232254e-03	2.687219e-03	3.811977e-03	4.593207e-03	-7.812307e-04
13            	5.423871e-02	2.306398e-02	3.117473e-02	1.947741e-04	4.503329e-02	-4.483851e-02	4.493590e-02	-4.055376e-03	2.891039e-03	4.576437e-03	5.179258e-03	-6.028208e-04
14            	5.520011e-02	2.334302e-02	3.185708e-02	-4.575029e-04	4.547479e-02	-4.593229e-02	4.570354e-02	-4.257032e-03	2.875608e-03	4.714799e-03	5.233007e-03	-5.182082e-04
15            	5.505839e-02	2.359495e-02	3.146344e-02	-9.952669e-04	4.506191e-02	-4.605718e-02	4.555954e-02	-3.934248e-03	2.694459e-03	4.334499e-03	4.861709e-03	-5.272096e-04
16            	5.376662e-02	2.360220e-02	3.016442e-02	-1.373984e-03	4.378147e-02	-4.515546e-02	4.446846e-02	-3.281112e-03	2.428479e-03	3.637439e-03	4.247199e-03	-6.097594e-04
17            	5.160027e-02	2.327530e-02	2.832497e-02	-1.594375e-03	4.186357e-02	-4.345795e-02	4.266076e-02	-2.524832e-03	2.162166e-03	2.855629e-03	3.589980e-03	-7.343519e-04
18            	4.899290e-02	2.262551e-02	2.636739e-02	-1.685687e-03	3.965274e-02	-4.133843e-02	4.049558e-02	-1.870938e-03	1.965104e-03	2.195912e-03	3.063060e-03	-8.671484e-04
19            	4.638029e-02	2.173320e-02	2.464709e-02	-1.689121e-03	3.748680e-02	-3.917592e-02	3.833136e-02	-1.456941e-03	1.874591e-03	1.793133e-03	2.771157e-03	-9.780241e-04
20            	4.409073e-02	2.070612e-02	2.338461e-02	-1.645058e-03	3.561364e-02	-3.725870e-02	3.643617e-02	-1.339242e-03	1.896353e-03	1.698305e-03	2.745505e-03	-1.047201e-03
21            	4.229881e-02	1.965570e-02	2.264311e-02	-1.585036e-03	3.415813e-02	-3.574317e-02	3.495065e-02	-1.493703e-03	2.006757e-03	1.880574e-03	2.947044e-03	-1.066470e-03
22            	4.102378e-02	1.867600e-02	2.234777e-02	-1.528583e-03	3.312373e-02	-3.465231e-02	3.388802e-02	-1.835885e-03	2.162920e-03	2.248679e-03	3.287259e-03	-1.038580e-03
23            	4.016685e-02	1.783069e-02	2.233617e-02	-1.484113e-03	3.242341e-02	-3.390753e-02	3.316547e-02	-2.252742e-03	2.317497e-03	2.684367e-03	3.659680e-03	-9.753134e-04
24            	3.956243e-02	1.714946e-02	2.241297e-02	-1.451909e-03	3.192061e-02	-3.337252e-02	3.264657e-02	-2.631757e-03	2.428194e-03	3.071661e-03	3.964025e-03	-8.923636e-04
25            	3.903681e-02	1.663038e-02	2.240643e-02	-1.427925e-03	3.147563e-02	-3.290356e-02	3.218959e-02	-2.888023e-03	2.469329e-03	3.325027e-03	4.131843e-03	-8.068157e-04
26            	3.845348e-02	1.624970e-02	2.220378e-02	-1.407222e-03	3.097993e-02	-3.238715e-02	3.168354e-02	-2.977040e-03	2.433376e-03	3.401316e-03	4.134034e-03	-7.327178e-04
27            	3.773425e-02	1.596923e-02	2.176503e-02	-1.386290e-03	3.037268e-02	-3.175897e-02	3.106583e-02	-2.897901e-03	2.330214e-03	3.302496e-03	3.981462e-03	-6.789658e-04
28            	3.686451e-02	1.574478e-02	2.111973e-02	-1.364075e-03	2.964401e-02	-3.100808e-02	3.032604e-02	-2.687471e-03	2.183236e-03	3.068832e-03	3.717653e-03	-6.488202e-04
29            	3.588339e-02	1.553543e-02	2.034796e-02	-1.341857e-03	2.882660e-02	-3.016845e-02	2.949752e-02	-2.406264e-03	2.022413e-03	2.763886e-03	3.404355e-03	-6.404697e-04
30            	3.486368e-02	1.531050e-02	1.955318e-02	-1.322408e-03	2.797921e-02	-2.930162e-02	2.864041e-02	-2.121341e-03	1.877140e-03	2.457316e-03	3.105798e-03	-6.484817e-04
31            	3.388618e-02	1.505324e-02	1.883294e-02	-1.308755e-03	2.716664e-02	-2.847540e-02	2.782102e-02	-1.889854e-03	1.769358e-03	2.207995e-03	2.873356e-03	-6.653605e-04
32            	3.301889e-02	1.476062e-02	1.825827e-02	-1.303172e-03	2.644333e-02	-2.774651e-02	2.709492e-02	-1.748828e-03	1.710050e-03	2.053419e-03	2.736759e-03	-6.833406e-04
33            	3.230402e-02	1.444144e-02	1.786259e-02	-1.306490e-03	2.584308e-02	-2.714957e-02	2.649633e-02	-1.710573e-03	1.698904e-03	2.005584e-03	2.701697e-03	-6.961122e-04
34            	3.175260e-02	1.411209e-02	1.764051e-02	-1.317908e-03	2.537482e-02	-2.669272e-02	2.603377e-02	-1.764213e-03	1.726119e-03	2.052642e-03	2.752440e-03	-6.997977e-04
35            	3.134660e-02	1.379149e-02	1.755512e-02	-1.335243e-03	2.502437e-02	-2.635961e-02	2.569199e-02	-1.881813e-03	1.775998e-03	2.165476e-03	2.858736e-03	-6.932603e-04
36            	3.104731e-02	1.349672e-02	1.755060e-02	-1.355476e-03	2.476109e-02	-2.611656e-02	2.543882e-02	-2.026941e-03	1.831105e-03	2.306544e-03	2.984377e-03	-6.778329e-04
37            	3.080622e-02	1.323944e-02	1.756678e-02	-1.375432e-03	2.454648e-02	-2.592191e-02	2.523419e-02	-2.163667e-03	1.876125e-03	2.439038e-03	3.095644e-03	-6.566060e-04
38            	3.057614e-02	1.302415e-02	1.755199e-02	-1.392401e-03	2.434296e-02	-2.573536e-02	2.503916e-02	-2.263918e-03	1.900652e-03	2.534327e-03	3.167815e-03	-6.334881e-04
39            	3.032018e-02	1.284819e-02	1.747199e-02	-1.404572e-03	2.412092e-02	-2.552550e-02	2.482321e-02	-2.311902e-03	1.900558e-03	2.576501e-03	3.188809e-03	-6.123076e-04
40            	3.001676e-02	1.270320e-02	1.731356e-02	-1.411235e-03	2.386275e-02	-2.527399e-02	2.456837e-02	-2.305180e-03	1.877697e-03	2.563335e-03	3.159364e-03	-5.960289e-04
41            	2.966088e-02	1.257756e-02	1.708332e-02	-1.412722e-03	2.356387e-02	-2.497659e-02	2.427023e-02	-2.252878e-03	1.838407e-03	2.504325e-03	3.090570e-03	-5.862446e-04
42            	2.926162e-02	1.245915e-02	1.680247e-02	-1.410167e-03	2.323087e-02	-2.464104e-02	2.393595e-02	-2.171663e-03	1.791325e-03	2.416566e-03	2.999608e-03	-5.830422e-04
43            	2.883758e-02	1.233780e-02	1.649977e-02	-1.405155e-03	2.287802e-02	-2.428317e-02	2.358060e-02	-2.080986e-03	1.745109e-03	2.319855e-03	2.905037e-03	-5.851812e-04
44            	2.841128e-02	1.220704e-02	1.620423e-02	-1.399351e-03	2.252288e-02	-2.392223e-02	2.322256e-02	-1.998597e-03	1.706571e-03	2.232142e-03	2.822642e-03	-5.905002e-04
45            	2.800389e-02	1.206479e-02	1.593910e-02	-1.394185e-03	2.218221e-02	-2.357639e-02	2.287930e-02	-1.937155e-03	1.679518e-03	2.166123e-03	2.762580e-03	-5.964568e-04
46            	2.763128e-02	1.191307e-02	1.571821e-02	-1.390637e-03	2.186876e-02	-2.325940e-02	2.256408e-02	-1.902574e-03	1.664471e-03	2.127589e-03	2.728265e-03	-6.006761e-04
47            	2.730186e-02	1.175690e-02	1.554496e-02	-1.389163e-03	2.158958e-02	-2.297874e-02	2.228416e-02	-1.894032e-03	1.659156e-03	2.115509e-03	2.716911e-03	-6.014017e-04
48            	2.701625e-02	1.160273e-02	1.541352e-02	-1.389713e-03	2.134562e-02	-2.273533e-02	2.204047e-02	-1.905396e-03	1.659550e-03	2.123524e-03	2.721311e-03	-5.977878e-04
49            	2.676858e-02	1.145677e-02	1.531181e-02	-1.391858e-03	2.113267e-02	-2.252453e-02	2.182860e-02	-1.927520e-03	1.661102e-03	2.142267e-03	2.732236e-03	-5.899687e-04
50            	2.654874e-02	1.132360e-02	1.522514e-02	-1.394956e-03	2.094307e-02	-2.233802e-02	2.164054e-02	-1.950770e-03	1.659925e-03	2.161952e-03	2.740901e-03	-5.789495e-04
51            	2.634498e-02	1.120527e-02	1.513971e-02	-1.398317e-03	2.076767e-02	-2.216599e-02	2.146683e-02	-1.967218e-03	1.653636e-03	2.174589e-03	2.740930e-03	-5.663410e-04
52            	2.614638e-02	1.110114e-02	1.504523e-02	-1.401352e-03	2.059779e-02	-2.199915e-02	2.129847e-02	-1.972045e-03	1.641678e-03	2.175359e-03	2.729358e-03	-5.539991e-04
53            	2.594464e-02	1.100825e-02	1.493639e-02	-1.403662e-03	2.042664e-02	-2.183030e-02	2.112847e-02	-1.964069e-03	1.625220e-03	2.163132e-03	2.706786e-03	-5.436545e-04
54            	2.573507e-02	1.092215e-02	1.481292e-02	-1.405077e-03	2.025013e-02	-2.165521e-02	2.095267e-02	-1.945386e-03	1.606636e-03	2.140074e-03	2.676673e-03	-5.365995e-04
55            	2.551671e-02	1.083801e-02	1.467871e-02	-1.405639e-03	2.006707e-02	-2.147271e-02	2.076989e-02	-1.920350e-03	1.588783e-03	2.110610e-03	2.644088e-03	-5.334778e-04
56            	2.529172e-02	1.075161e-02	1.454011e-02	-1.405550e-03	1.987876e-02	-2.128431e-02	2.058153e-02	-1.894248e-03	1.574250e-03	2.080080e-03	2.614290e-03	-5.342096e-04
57            	2.506434e-02	1.066021e-02	1.440413e-02	-1.405103e-03	1.968823e-02	-2.109334e-02	2.039079e-02	-1.871961e-03	1.564741e-03	2.053388e-03	2.591435e-03	-5.380474e-04
58            	2.483971e-02	1.056299e-02	1.427673e-02	-1.404600e-03	1.949937e-02	-2.090397e-02	2.020167e-02	-1.856870e-03	1.560699e-03	2.033906e-03	2.577652e-03	-5.437461e-04
59            	2.462269e-02	1.046104e-02	1.416165e-02	-1.404290e-03	1.931598e-02	-2.072027e-02	2.001812e-02	-1.850305e-03	1.561279e-03	2.022940e-03	2.572749e-03	-5.498095e-04
60            	2.441700e-02	1.035702e-02	1.405998e-02	-1.404338e-03	1.914113e-02	-2.054546e-02	1.984330e-02	-1.851478e-03	1.564594e-03	2.019674e-03	2.574431e-03	-5.547575e-04
61            	2.422473e-02	1.025449e-02	1.397025e-02	-1.404801e-03	1.897670e-02	-2.038151e-02	1.967911e-02	-1.857879e-03	1.568169e-03	2.021590e-03	2.578964e-03	-5.573739e-04
62            	2.404627e-02	1.015712e-02	1.388915e-02	-1.405642e-03	1.882330e-02	-2.022894e-02	1.952612e-02	-1.866016e-03	1.569488e-03	2.025204e-03	2.582089e-03	-5.568859e-04
63            	2.388047e-02	1.006801e-02	1.381247e-02	-1.406750e-03	1.868030e-02	-2.008705e-02	1.938367e-02	-1.872231e-03	1.566513e-03	2.026899e-03	2.579963e-03	-5.530633e-04
64            	2.372514e-02	9.989082e-03	1.373606e-02	-1.407979e-03	1.854620e-02	-1.995418e-02	1.925019e-02	-1.873487e-03	1.558058e-03	2.023699e-03	2.569908e-03	-5.462084e-04
65            	2.357753e-02	9.920836e-03	1.365669e-02	-1.409178e-03	1.841902e-02	-1.982820e-02	1.912361e-02	-1.867927e-03	1.543993e-03	2.013833e-03	2.550909e-03	-5.370767e-04
66            	2.343490e-02	9.862294e-03	1.357260e-02	-1.410220e-03	1.829664e-02	-1.970686e-02	1.900175e-02	-1.855154e-03	1.525221e-03	1.996996e-03	2.523720e-03	-5.267232e-04
67            	2.329492e-02	9.811302e-03	1.348362e-02	-1.411022e-03	1.817717e-02	-1.958820e-02	1.888269e-02	-1.836161e-03	1.503437e-03	1.974263e-03	2.490568e-03	-5.163054e-04
68            	2.315597e-02	9.764943e-03	1.339103e-02	-1.411551e-03	1.805920e-02	-1.947075e-02	1.876498e-02	-1.813041e-03	1.480801e-03	1.947785e-03	2.454693e-03	-5.069080e-04
69            	2.301716e-02	9.720072e-03	1.329709e-02	-1.411821e-03	1.794185e-02	-1.935368e-02	1.864776e-02	-1.788509e-03	1.459543e-03	1.920314e-03	2.419699e-03	-4.993856e-04
70            	2.287838e-02	9.673880e-03	1.320450e-02	-1.411886e-03	1.782483e-02	-1.923672e-02	1.853078e-02	-1.765310e-03	1.441534e-03	1.894580e-03	2.388825e-03	-4.942441e-04
71            	2.274007e-02	9.624255e-03	1.311581e-02	-1.411816e-03	1.770829e-02	-1.912011e-02	1.841420e-02	-1.745778e-03	1.428054e-03	1.872878e-03	2.364493e-03	-4.916151e-04
72            	2.260301e-02	9.570040e-03	1.303297e-02	-1.411688e-03	1.759271e-02	-1.900440e-02	1.829856e-02	-1.731463e-03	1.419618e-03	1.856692e-03	2.347964e-03	-4.912722e-04
73            	2.246814e-02	9.511139e-03	1.295700e-02	-1.411570e-03	1.747874e-02	-1.889031e-02	1.818452e-02	-1.722931e-03	1.415940e-03	1.846494e-03	2.339187e-03	-4.926935e-04
74            	2.233633e-02	9.448379e-03	1.288796e-02	-1.411511e-03	1.736703e-02	-1.877854e-02	1.807279e-02	-1.719788e-03	1.416074e-03	1.841794e-03	2.336971e-03	-4.951769e-04
75            	2.220827e-02	9.383283e-03	1.282498e-02	-1.411538e-03	1.725815e-02	-1.866969e-02	1.796392e-02	-1.720850e-03	1.418615e-03	1.841312e-03	2.339271e-03	-4.979583e-04
76            	2.208434e-02	9.317745e-03	1.276659e-02	-1.411657e-03	1.715248e-02	-1.856413e-02	1.785831e-02	-1.724423e-03	1.421965e-03	1.843274e-03	2.343602e-03	-5.003279e-04
77            	2.196466e-02	9.253689e-03	1.271097e-02	-1.411854e-03	1.705021e-02	-1.846206e-02	1.775613e-02	-1.728642e-03	1.424601e-03	1.845755e-03	2.347479e-03	-5.017237e-04
78            	2.184911e-02	9.192750e-03	1.265636e-02	-1.412103e-03	1.695133e-02	-1.836343e-02	1.765738e-02	-1.731805e-03	1.425317e-03	1.847028e-03	2.348831e-03	-5.018032e-04
79            	2.173739e-02	9.136117e-03	1.260127e-02	-1.412374e-03	1.685570e-02	-1.826807e-02	1.756188e-02	-1.732576e-03	1.423299e-03	1.845734e-03	2.346166e-03	-5.004321e-04
80            	2.162909e-02	9.084363e-03	1.254473e-02	-1.412638e-03	1.676306e-02	-1.817570e-02	1.746938e-02	-1.730183e-03	1.418261e-03	1.841115e-03	2.338819e-03	-4.977036e-04
81            	2.152380e-02	9.037455e-03	1.248635e-02	-1.412872e-03	1.667312e-02	-1.808599e-02	1.737956e-02	-1.724447e-03	1.410400e-03	1.833028e-03	2.326914e-03	-4.938855e-04
82            	2.142114e-02	8.994843e-03	1.242629e-02	-1.413060e-03	1.658558e-02	-1.799864e-02	1.729211e-02	-1.715726e-03	1.400296e-03	1.821876e-03	2.311235e-03	-4.893581e-04
83            	2.132078e-02	8.955616e-03	1.236517e-02	-1.413197e-03	1.650016e-02	-1.791335e-02	1.720675e-02	-1.704775e-03	1.388779e-03	1.808468e-03	2.293013e-03	-4.845452e-04
84            	2.122253e-02	8.918684e-03	1.230384e-02	-1.413288e-03	1.641665e-02	-1.782994e-02	1.712329e-02	-1.692578e-03	1.376766e-03	1.793836e-03	2.273685e-03	-4.798483e-04
85            	2.112624e-02	8.882957e-03	1.224328e-02	-1.413340e-03	1.633491e-02	-1.774825e-02	1.704158e-02	-1.680161e-03	1.365123e-03	1.779053e-03	2.254649e-03	-4.755963e-04
86            	2.103186e-02	8.847495e-03	1.218437e-02	-1.413367e-03	1.625483e-02	-1.766820e-02	1.696151e-02	-1.668435e-03	1.354543e-03	1.765064e-03	2.237075e-03	-4.720111e-04
87            	2.093939e-02	8.811617e-03	1.212777e-02	-1.413382e-03	1.617637e-02	-1.758975e-02	1.688306e-02	-1.658077e-03	1.345480e-03	1.752571e-03	2.221766e-03	-4.691950e-04
88            	2.084884e-02	8.774954e-03	1.207389e-02	-1.413398e-03	1.609952e-02	-1.751291e-02	1.680622e-02	-1.649469e-03	1.338118e-03	1.741965e-03	2.209100e-03	-4.671353e-04
89            	2.076024e-02	8.737424e-03	1.202282e-02	-1.413422e-03	1.602426e-02	-1.743768e-02	1.673097e-02	-1.642696e-03	1.332393e-03	1.733331e-03	2.199059e-03	-4.657281e-04
90            	2.067358e-02	8.699197e-03	1.197438e-02	-1.413459e-03	1.595059e-02	-1.736405e-02	1.665732e-02	-1.637593e-03	1.328054e-03	1.726491e-03	2.191299e-03	-4.648084e-04
91            	2.058885e-02	8.660630e-03	1.192822e-02	-1.413509e-03	1.587850e-02	-1.729201e-02	1.658526e-02	-1.633796e-03	1.324707e-03	1.721057e-03	2.185236e-03	-4.641782e-04
92            	2.050603e-02	8.622162e-03	1.188386e-02	-1.413568e-03	1.580800e-02	-1.722157e-02	1.651478e-02	-1.630852e-03	1.321923e-03	1.716554e-03	2.180200e-03	-4.636457e-04
93            	2.042505e-02	8.584229e-03	1.184083e-02	-1.413634e-03	1.573904e-02	-1.715268e-02	1.644586e-02	-1.628299e-03	1.319296e-03	1.712494e-03	2.175543e-03	-4.630487e-04
94            	2.034588e-02	8.547203e-03	1.179868e-02	-1.413701e-03	1.567161e-02	-1.708531e-02	1.637846e-02	-1.625736e-03	1.316499e-03	1.708454e-03	2.170726e-03	-4.622716e-04
95            	2.026844e-02	8.511348e-03	1.175709e-02	-1.413767e-03	1.560566e-02	-1.701942e-02	1.631254e-02	-1.622871e-03	1.313311e-03	1.704119e-03	2.165371e-03	-4.612517e-04
96            	2.019267e-02	8.476792e-03	1.171588e-02	-1.413830e-03	1.554115e-02	-1.695498e-02	1.624806e-02	-1.619545e-03	1.309639e-03	1.699319e-03	2.159299e-03	-4.599797e-04
97            	2.011853e-02	8.443530e-03	1.167500e-02	-1.413887e-03	1.547804e-02	-1.689193e-02	1.618498e-02	-1.615734e-03	1.305503e-03	1.694022e-03	2.152514e-03	-4.584920e-04
98            	2.004596e-02	8.411478e-03	1.163448e-02	-1.413939e-03	1.541629e-02	-1.683023e-02	1.612326e-02	-1.611502e-03	1.300991e-03	1.688286e-03	2.145134e-03	-4.568485e-04
99            	1.997493e-02	8.380471e-03	1.159446e-02	-1.413989e-03	1.535587e-02	-1.676986e-02	1.606287e-02	-1.606994e-03	1.296257e-03	1.682258e-03	2.137387e-03	-4.551282e-04
100           	1.990541e-02	8.350311e-03	1.155510e-02	-1.414037e-03	1.529675e-02	-1.671079e-02	1.600377e-02	-1.602394e-03	1.291475e-03	1.676128e-03	2.129539e-03	-4.534112e-04
101           	1.983738e-02	8.320801e-03	1.151657e-02	-1.414088e-03	1.523889e-02	-1.665298e-02	1.594594e-02	-1.597887e-03	1.286811e-03	1.670087e-03	2.121854e-03	-4.517673e-04
102           	1.977080e-02	8.291770e-03	1.147903e-02	-1.414141e-03	1.518228e-02	-1.659642e-02	1.588935e-02	-1.593628e-03	1.282399e-03	1.664302e-03	2.114550e-03	-4.502484e-04
103           	1.970565e-02	8.263092e-03	1.144256e-02	-1.414201e-03	1.512687e-02	-1.654107e-02	1.583397e-02	-1.589732e-03	1.278333e-03	1.658897e-03	2.107781e-03	-4.488843e-04
104           	1.964190e-02	8.234693e-03	1.140721e-02	-1.414267e-03	1.507265e-02	-1.648692e-02	1.577978e-02	-1.586257e-03	1.274654e-03	1.653941e-03	2.101624e-03	-4.476836e-04
105           	1.957952e-02	8.206550e-03	1.137297e-02	-1.414339e-03	1.501959e-02	-1.643393e-02	1.572676e-02	-1.583212e-03	1.271362e-03	1.649452e-03	2.096088e-03	-4.466363e-04
106           	1.951848e-02	8.178667e-03	1.133981e-02	-1.414419e-03	1.496767e-02	-1.638208e-02	1.567488e-02	-1.580573e-03	1.268429e-03	1.645414e-03	2.091136e-03	-4.457222e-04
107           	1.945874e-02	8.151102e-03	1.130764e-02	-1.414504e-03	1.491685e-02	-1.633135e-02	1.562410e-02	-1.578267e-03	1.265785e-03	1.641756e-03	2.086663e-03	-4.449069e-04
108           	1.940026e-02	8.123911e-03	1.127635e-02	-1.414595e-03	1.486710e-02	-1.628170e-02	1.557440e-02	-1.576219e-03	1.263361e-03	1.638406e-03	2.082564e-03	-4.441585e-04
109           	1.934301e-02	8.097151e-03	1.124586e-02	-1.414691e-03	1.481841e-02	-1.623311e-02	1.552576e-02	-1.574355e-03	1.261093e-03	1.635289e-03	2.078738e-03	-4.434486e-04
110           	1.928696e-02	8.070867e-03	1.121609e-02	-1.414791e-03	1.477075e-02	-1.618554e-02	1.547814e-02	-1.572613e-03	1.258926e-03	1.632343e-03	2.075097e-03	-4.427546e-04
111           	1.923207e-02	8.045090e-03	1.118698e-02	-1.414895e-03	1.472408e-02	-1.613898e-02	1.543153e-02	-1.570944e-03	1.256820e-03	1.629517e-03	2.071579e-03	-4.420616e-04
112           	1.917831e-02	8.019831e-03	1.115848e-02	-1.415001e-03	1.467839e-02	-1.609339e-02	1.538589e-02	-1.569324e-03	1.254754e-03	1.626783e-03	2.068146e-03	-4.413627e-04
113           	1.912566e-02	7.995089e-03	1.113057e-02	-1.415111e-03	1.463365e-02	-1.604876e-02	1.534121e-02	-1.567741e-03	1.252721e-03	1.624128e-03	2.064785e-03	-4.406573e-04
114           	1.907409e-02	7.970846e-03	1.110325e-02	-1.415223e-03	1.458984e-02	-1.600506e-02	1.529745e-02	-1.566201e-03	1.250725e-03	1.621550e-03	2.061500e-03	-4.399498e-04
115           	1.902359e-02	7.947078e-03	1.107651e-02	-1.415339e-03	1.454694e-02	-1.596227e-02	1.525460e-02	-1.564717e-03	1.248777e-03	1.619059e-03	2.058306e-03	-4.392472e-04
116           	1.897412e-02	7.923730e-03	1.105039e-02	-1.415459e-03	1.450491e-02	-1.592037e-02	1.521264e-02	-1.563329e-03	1.246921e-03	1.616702e-03	2.055272e-03	-4.385698e-04
117           	1.892567e-02	7.900812e-03	1.102486e-02	-1.415582e-03	1.446377e-02	-1.587935e-02	1.517156e-02	-1.562025e-03	1.245135e-03	1.614449e-03	2.052359e-03	-4.379101e-04
118           	1.887824e-02	7.878302e-03	1.099994e-02	-1.415709e-03	1.442349e-02	-1.583920e-02	1.513134e-02	-1.560818e-03	1.243431e-03	1.612313e-03	2.049587e-03	-4.372740e-04
119           	1.883180e-02	7.856181e-03	1.097562e-02	-1.415840e-03	1.438405e-02	-1.579989e-02	1.509197e-02	-1.559718e-03	1.241816e-03	1.610301e-03	2.046967e-03	-4.366655e-04
120           	1.878635e-02	7.834459e-03	1.095189e-02	-1.415978e-03	1.434546e-02	-1.576144e-02	1.505345e-02	-1.558714e-03	1.240275e-03	1.608396e-03	2.044473e-03	-4.360773e-04
121           	1.874185e-02	7.813102e-03	1.092874e-02	-1.416120e-03	1.430768e-02	-1.572380e-02	1.501574e-02	-1.557820e-03	1.238829e-03	1.606620e-03	2.042139e-03	-4.355194e-04
122           	1.869827e-02	7.792105e-03	1.090617e-02	-1.416266e-03	1.427069e-02	-1.568695e-02	1.497882e-02	-1.557032e-03	1.237473e-03	1.604967e-03	2.039957e-03	-4.349900e-04
123           	1.865561e-02	7.771466e-03	1.088415e-02	-1.416415e-03	1.423447e-02	-1.565089e-02	1.494268e-02	-1.556341e-03	1.236200e-03	1.603428e-03	2.037914e-03	-4.344860e-04
124           	1.861384e-02	7.751186e-03	1.086266e-02	-1.416564e-03	1.419902e-02	-1.561558e-02	1.490730e-02	-1.555736e-03	1.235001e-03	1.601994e-03	2.035998e-03	-4.340040e-04
125           	1.857295e-02	7.731268e-03	1.084168e-02	-1.416714e-03	1.416431e-02	-1.558102e-02	1.487267e-02	-1.555207e-03	1.233867e-03	1.600654e-03	2.034194e-03	-4.335405e-04
126           	1.853290e-02	7.711687e-03	1.082121e-02	-1.416864e-03	1.413032e-02	-1.554719e-02	1.483876e-02	-1.554763e-03	1.232818e-03	1.599428e-03	2.032532e-03	-4.331037e-04
127           	1.849370e-02	7.692477e-03	1.080122e-02	-1.417014e-03	1.409706e-02	-1.551407e-02	1.480556e-02	-1.554371e-03	1.231815e-03	1.598274e-03	2.030952e-03	-4.326777e-04
128           	1.845532e-02	7.673635e-03	1.078169e-02	-1.417165e-03	1.406450e-02	-1.548166e-02	1.477308e-02	-1.554025e-03	1.230854e-03	1.597187e-03	2.029448e-03	-4.322610e-04
129           	1.841776e-02	7.655158e-03	1.076260e-02	-1.417317e-03	1.403263e-02	-1.544995e-02	1.474129e-02	-1.553720e-03	1.229933e-03	1.596161e-03	2.028014e-03	-4.318526e-04
130           	1.838098e-02	7.637040e-03	1.074394e-02	-1.417469e-03	1.400144e-02	-1.541890e-02	1.471017e-02	-1.553452e-03	1.229050e-03	1.595196e-03	2.026648e-03	-4.314524e-04
131           	1.834499e-02	7.619275e-03	1.072571e-02	-1.417621e-03	1.397090e-02	-1.538852e-02	1.467971e-02	-1.553219e-03	1.228205e-03	1.594288e-03	2.025348e-03	-4.310606e-04
132           	1.830975e-02	7.601856e-03	1.070789e-02	-1.417775e-03	1.394101e-02	-1.535879e-02	1.464990e-02	-1.553019e-03	1.227395e-03	1.593436e-03	2.024113e-03	-4.306775e-04
133           	1.827525e-02	7.584775e-03	1.069048e-02	-1.417928e-03	1.391176e-02	-1.532968e-02	1.462072e-02	-1.552851e-03	1.226621e-03	1.592636e-03	2.022939e-03	-4.303032e-04
134           	1.824148e-02	7.568028e-03	1.067345e-02	-1.418082e-03	1.388311e-02	-1.530120e-02	1.459216e-02	-1.552713e-03	1.225880e-03	1.591884e-03	2.021822e-03	-4.299375e-04
135           	1.820842e-02	7.551608e-03	1.065681e-02	-1.418235e-03	1.385508e-02	-1.527331e-02	1.456420e-02	-1.552602e-03	1.225169e-03	1.591178e-03	2.020758e-03	-4.295795e-04
136           	1.817606e-02	7.535513e-03	1.064055e-02	-1.418387e-03	1.382763e-02	-1.524602e-02	1.453683e-02	-1.552516e-03	1.224485e-03	1.590512e-03	2.019741e-03	-4.292285e-04
137           	1.814438e-02	7.519739e-03	1.062464e-02	-1.418538e-03	1.380077e-02	-1.521931e-02	1.451004e-02	-1.552451e-03	1.223824e-03	1.589881e-03	2.018764e-03	-4.288832e-04
138           	1.811337e-02	7.504283e-03	1.060909e-02	-1.418688e-03	1.377447e-02	-1.519316e-02	1.448382e-02	-1.552403e-03	1.223182e-03	1.589280e-03	2.017822e-03	-4.285421e-04
139           	1.808302e-02	7.489134e-03	1.059388e-02	-1.418836e-03	1.374873e-02	-1.516757e-02	1.445815e-02	-1.552374e-03	1.222563e-03	1.588711e-03	2.016919e-03	-4.282071e-04
140           	1.805331e-02	7.474303e-03	1.057901e-02	-1.418982e-03	1.372354e-02	-1.514252e-02	1.443303e-02	-1.552352e-03	1.221953e-03	1.588161e-03	2.016033e-03	-4.278726e-04
141           	1.802424e-02	7.459787e-03	1.056445e-02	-1.419125e-03	1.369889e-02	-1.511802e-02	1.440845e-02	-1.552331e-03	1.221349e-03	1.587622e-03	2.015160e-03	-4.275374e-04
142           	1.799579e-02	7.445585e-03	1.055020e-02	-1.419267e-03	1.367477e-02	-1.509403e-02	1.438440e-02	-1.552308e-03	1.220747e-03	1.587093e-03	2.014294e-03	-4.272006e-04
143           	1.796795e-02	7.431692e-03	1.053625e-02	-1.419406e-03	1.365116e-02	-1.507057e-02	1.436087e-02	-1.552281e-03	1.220147e-03	1.586571e-03	2.013432e-03	-4.268618e-04
144           	1.794070e-02	7.418105e-03	1.052260e-02	-1.419543e-03	1.362807e-02	-1.504761e-02	1.433784e-02	-1.552246e-03	1.219548e-03	1.586053e-03	2.012574e-03	-4.265214e-04
145           	1.791404e-02	7.404818e-03	1.050923e-02	-1.419678e-03	1.360546e-02	-1.502514e-02	1.431530e-02	-1.552204e-03	1.218949e-03	1.585539e-03	2.011719e-03	-4.261800e-04
146           	1.788796e-02	7.391823e-03	1.049614e-02	-1.419810e-03	1.358335e-02	-1.500316e-02	1.429325e-02	-1.552156e-03	1.218354e-03	1.585031e-03	2.010869e-03	-4.258386e-04
147           	1.786243e-02	7.379113e-03	1.048332e-02	-1.419939e-03	1.356171e-02	-1.498165e-02	1.427168e-02	-1.552103e-03	1.217764e-03	1.584530e-03	2.010029e-03	-4.254986e-04
148           	1.783746e-02	7.366679e-03	1.047078e-02	-1.420066e-03	1.354054e-02	-1.496060e-02	1.425057e-02	-1.552048e-03	1.217180e-03	1.584038e-03	2.009199e-03	-4.251614e-04
149           	1.781302e-02	7.354513e-03	1.045850e-02	-1.420190e-03	1.351982e-02	-1.494001e-02	1.422992e-02	-1.551995e-03	1.216606e-03	1.583556e-03	2.008384e-03	-4.248281e-04
150           	1.778910e-02	7.342607e-03	1.044650e-02	-1.420311e-03	1.349955e-02	-1.491987e-02	1.420971e-02	-1.551944e-03	1.216043e-03	1.583087e-03	2.007587e-03	-4.244997e-04
151           	1.776571e-02	7.330953e-03	1.043475e-02	-1.420430e-03	1.347973e-02	-1.490016e-02	1.418994e-02	-1.551901e-03	1.215494e-03	1.582633e-03	2.006810e-03	-4.241775e-04
152           	1.774282e-02	7.319542e-03	1.042328e-02	-1.420545e-03	1.346033e-02	-1.488087e-02	1.417060e-02	-1.551867e-03	1.214960e-03	1.582195e-03	2.006057e-03	-4.238622e-04
153           	1.772043e-02	7.308368e-03	1.041206e-02	-1.420658e-03	1.344135e-02	-1.486201e-02	1.415168e-02	-1.551847e-03	1.214443e-03	1.581778e-03	2.005332e-03	-4.235547e-04
154           	1.769852e-02	7.297421e-03	1.040110e-02	-1.420768e-03	1.342279e-02	-1.484356e-02	1.413317e-02	-1.551841e-03	1.213947e-03	1.581382e-03	2.004638e-03	-4.232557e-04
155           	1.767710e-02	7.286697e-03	1.039040e-02	-1.420875e-03	1.340463e-02	-1.482551e-02	1.411507e-02	-1.551852e-03	1.213471e-03	1.581011e-03	2.003976e-03	-4.229656e-04
156           	1.765614e-02	7.276189e-03	1.037995e-02	-1.420979e-03	1.338688e-02	-1.480785e-02	1.409736e-02	-1.551881e-03	1.213017e-03	1.580664e-03	2.003348e-03	-4.226847e-04
157           	1.763564e-02	7.265894e-03	1.036975e-02	-1.421081e-03	1.336951e-02	-1.479059e-02	1.408005e-02	-1.551927e-03	1.212583e-03	1.580340e-03	2.002753e-03	-4.224128e-04
158           	1.761559e-02	7.255808e-03	1.035979e-02	-1.421180e-03	1.335252e-02	-1.477370e-02	1.406311e-02	-1.551989e-03	1.212170e-03	1.580040e-03	2.002190e-03	-4.221500e-04
159           	1.759599e-02	7.245926e-03	1.035006e-02	-1.421275e-03	1.333591e-02	-1.475719e-02	1.404655e-02	-1.552068e-03	1.211777e-03	1.579763e-03	2.001659e-03	-4.218959e-04
160           	1.757681e-02	7.236245e-03	1.034057e-02	-1.421368e-03	1.331967e-02	-1.474104e-02	1.403035e-02	-1.552162e-03	1.211403e-03	1.579506e-03	2.001157e-03	-4.216501e-04
161           	1.755807e-02	7.226763e-03	1.033130e-02	-1.421459e-03	1.330379e-02	-1.472525e-02	1.401452e-02	-1.552270e-03	1.211047e-03	1.579269e-03	2.000681e-03	-4.214119e-04
162           	1.753973e-02	7.217476e-03	1.032226e-02	-1.421547e-03	1.328826e-02	-1.470980e-02	1.399903e-02	-1.552389e-03	1.210705e-03	1.579049e-03	2.000230e-03	-4.211802e-04
163           	1.752181e-02	7.208384e-03	1.031342e-02	-1.421632e-03	1.327307e-02	-1.469471e-02	1.398389e-02	-1.552519e-03	1.210376e-03	1.578844e-03	1.999798e-03	-4.209539e-04
164           	1.750428e-02	7.199484e-03	1.030479e-02	-1.421715e-03	1.325823e-02	-1.467994e-02	1.396909e-02	-1.552655e-03	1.210057e-03	1.578650e-03	1.999381e-03	-4.207317e-04
165           	1.748714e-02	7.190775e-03	1.029637e-02	-1.421795e-03	1.324372e-02	-1.466551e-02	1.395462e-02	-1.552796e-03	1.209745e-03	1.578465e-03	1.998977e-03	-4.205125e-04
166           	1.747039e-02	7.182249e-03	1.028814e-02	-1.421873e-03	1.322953e-02	-1.465140e-02	1.394046e-02	-1.552944e-03	1.209443e-03	1.578291e-03	1.998589e-03	-4.202978e-04
167           	1.745401e-02	7.173912e-03	1.028010e-02	-1.421948e-03	1.321566e-02	-1.463761e-02	1.392663e-02	-1.553091e-03	1.209143e-03	1.578120e-03	1.998203e-03	-4.200830e-04
168           	1.743800e-02	7.165763e-03	1.027224e-02	-1.422021e-03	1.320210e-02	-1.462412e-02	1.391311e-02	-1.553237e-03	1.208842e-03	1.577949e-03	1.997817e-03	-4.198676e-04
169           	1.742236e-02	7.157799e-03	1.026456e-02	-1.422092e-03	1.318886e-02	-1.461095e-02	1.389990e-02	-1.553378e-03	1.208540e-03	1.577778e-03	1.997430e-03	-4.196512e-04
170           	1.740707e-02	7.150018e-03	1.025705e-02	-1.422160e-03	1.317591e-02	-1.459807e-02	1.388699e-02	-1.553515e-03	1.208237e-03	1.577606e-03	1.997040e-03	-4.194340e-04
171           	1.739212e-02	7.142416e-03	1.024971e-02	-1.422227e-03	1.316326e-02	-1.458549e-02	1.387438e-02	-1.553646e-03	1.207932e-03	1.577432e-03	1.996648e-03	-4.192160e-04
172           	1.737752e-02	7.134990e-03	1.024253e-02	-1.422291e-03	1.315090e-02	-1.457319e-02	1.386205e-02	-1.553771e-03	1.207625e-03	1.577254e-03	1.996252e-03	-4.189976e-04
173           	1.736325e-02	7.127737e-03	1.023551e-02	-1.422353e-03	1.313882e-02	-1.456118e-02	1.385000e-02	-1.553889e-03	1.207316e-03	1.577073e-03	1.995852e-03	-4.187788e-04
174           	1.734931e-02	7.120655e-03	1.022865e-02	-1.422413e-03	1.312702e-02	-1.454944e-02	1.383823e-02	-1.553999e-03	1.207004e-03	1.576889e-03	1.995448e-03	-4.185600e-04
175           	1.733568e-02	7.113740e-03	1.022194e-02	-1.422471e-03	1.311549e-02	-1.453796e-02	1.382673e-02	-1.554102e-03	1.206691e-03	1.576700e-03	1.995041e-03	-4.183412e-04
176           	1.732237e-02	7.106988e-03	1.021538e-02	-1.422527e-03	1.310423e-02	-1.452675e-02	1.381549e-02	-1.554197e-03	1.206377e-03	1.576507e-03	1.994630e-03	-4.181230e-04
177           	1.730936e-02	7.100396e-03	1.020897e-02	-1.422581e-03	1.309322e-02	-1.451580e-02	1.380451e-02	-1.554285e-03	1.206062e-03	1.576312e-03	1.994218e-03	-4.179057e-04
178           	1.729666e-02	7.093960e-03	1.020270e-02	-1.422633e-03	1.308247e-02	-1.450510e-02	1.379379e-02	-1.554368e-03	1.205747e-03	1.576115e-03	1.993804e-03	-4.176895e-04
179           	1.728424e-02	7.087676e-03	1.019657e-02	-1.422684e-03	1.307197e-02	-1.449465e-02	1.378331e-02	-1.554445e-03	1.205433e-03	1.575915e-03	1.993390e-03	-4.174749e-04
180           	1.727212e-02	7.081541e-03	1.019058e-02	-1.422733e-03	1.306171e-02	-1.448444e-02	1.377308e-02	-1.554517e-03	1.205120e-03	1.575715e-03	1.992977e-03	-4.172623e-04
181           	1.726027e-02	7.075552e-03	1.018472e-02	-1.422780e-03	1.305169e-02	-1.447447e-02	1.376308e-02	-1.554585e-03	1.204809e-03	1.575515e-03	1.992567e-03	-4.170520e-04
182           	1.724871e-02	7.069705e-03	1.017900e-02	-1.422825e-03	1.304191e-02	-1.446474e-02	1.375332e-02	-1.554649e-03	1.204502e-03	1.575315e-03	1.992159e-03	-4.168443e-04
183           	1.723741e-02	7.063996e-03	1.017342e-02	-1.422869e-03	1.303236e-02	-1.445523e-02	1.374379e-02	-1.554710e-03	1.204198e-03	1.575117e-03	1.991756e-03	-4.166395e-04
184           	1.722638e-02	7.058422e-03	1.016796e-02	-1.422911e-03	1.302303e-02	-1.444594e-02	1.373449e-02	-1.554769e-03	1.203899e-03	1.574922e-03	1.991360e-03	-4.164380e-04
185           	1.721561e-02	7.052978e-03	1.016263e-02	-1.422952e-03	1.301393e-02	-1.443688e-02	1.372540e-02	-1.554827e-03	1.203605e-03	1.574731e-03	1.990971e-03	-4.162401e-04
186           	1.720509e-02	7.047661e-03	1.015743e-02	-1.422991e-03	1.300503e-02	-1.442803e-02	1.371653e-02	-1.554886e-03	1.203319e-03	1.574545e-03	1.990591e-03	-4.160460e-04
187           	1.719483e-02	7.042468e-03	1.015236e-02	-1.423029e-03	1.299636e-02	-1.441938e-02	1.370787e-02	-1.554946e-03	1.203039e-03	1.574366e-03	1.990223e-03	-4.158562e-04
188           	1.718480e-02	7.037394e-03	1.014741e-02	-1.423065e-03	1.298788e-02	-1.441095e-02	1.369942e-02	-1.555007e-03	1.202768e-03	1.574195e-03	1.989866e-03	-4.156709e-04
189           	1.717502e-02	7.032437e-03	1.014258e-02	-1.423100e-03	1.297961e-02	-1.440271e-02	1.369116e-02	-1.555071e-03	1.202506e-03	1.574032e-03	1.989522e-03	-4.154902e-04
190           	1.716546e-02	7.027594e-03	1.013787e-02	-1.423134e-03	1.297154e-02	-1.439468e-02	1.368311e-02	-1.555137e-03	1.202253e-03	1.573877e-03	1.989192e-03	-4.153146e-04
191           	1.715614e-02	7.022862e-03	1.013328e-02	-1.423166e-03	1.296366e-02	-1.438683e-02	1.367525e-02	-1.555207e-03	1.202010e-03	1.573731e-03	1.988875e-03	-4.151441e-04
192           	1.714704e-02	7.018237e-03	1.012880e-02	-1.423198e-03	1.295598e-02	-1.437918e-02	1.366758e-02	-1.555282e-03	1.201776e-03	1.573594e-03	1.988573e-03	-4.149789e-04
193           	1.713816e-02	7.013718e-03	1.012444e-02	-1.423228e-03	1.294848e-02	-1.437170e-02	1.366009e-02	-1.555360e-03	1.201552e-03	1.573466e-03	1.988285e-03	-4.148191e-04
194           	1.712949e-02	7.009300e-03	1.012019e-02	-1.423257e-03	1.294116e-02	-1.436441e-02	1.365278e-02	-1.555444e-03	1.201338e-03	1.573347e-03	1.988012e-03	-4.146646e-04
195           	1.712103e-02	7.004982e-03	1.011605e-02	-1.423285e-03	1.293402e-02	-1.435730e-02	1.364566e-02	-1.555533e-03	1.201134e-03	1.573238e-03	1.987753e-03	-4.145156e-04
196           	1.711278e-02	7.000761e-03	1.011202e-02	-1.423312e-03	1.292705e-02	-1.435036e-02	1.363870e-02	-1.555628e-03	1.200941e-03	1.573138e-03	1.987510e-03	-4.143719e-04
197           	1.710473e-02	6.996635e-03	1.010809e-02	-1.423338e-03	1.292025e-02	-1.434359e-02	1.363192e-02	-1.555728e-03	1.200757e-03	1.573048e-03	1.987281e-03	-4.142335e-04
198           	1.709687e-02	6.992595e-03	1.010427e-02	-1.423363e-03	1.291362e-02	-1.433698e-02	1.362530e-02	-1.555838e-03	1.200589e-03	1.572972e-03	1.987075e-03	-4.141027e-04
199           	1.708920e-02	6.988648e-03	1.010055e-02	-1.423386e-03	1.290715e-02	-1.433054e-02	1.361884e-02	-1.555953e-03	1.200428e-03	1.572905e-03	1.986881e-03	-4.139758e-04
200           	1.708173e-02	6.984791e-03	1.009693e-02	-1.423409e-03	1.290085e-02	-1.432425e-02	1.361255e-02	-1.556071e-03	1.200275e-03	1.572845e-03	1.986697e-03	-4.138524e-04
201           	1.707444e-02	6.981024e-03	1.009341e-02	-1.423432e-03	1.289470e-02	-1.431813e-02	1.360641e-02	-1.556194e-03	1.200128e-03	1.572792e-03	1.986524e-03	-4.137322e-04
202           	1.706733e-02	6.977344e-03	1.008999e-02	-1.423453e-03	1.288870e-02	-1.431216e-02	1.360043e-02	-1.556321e-03	1.199988e-03	1.572746e-03	1.986361e-03	-4.136153e-04
203           	1.706040e-02	6.973749e-03	1.008665e-02	-1.423474e-03	1.288286e-02	-1.430634e-02	1.359460e-02	-1.556451e-03	1.199855e-03	1.572707e-03	1.986208e-03	-4.135017e-04
204           	1.705364e-02	6.970235e-03	1.008341e-02	-1.423494e-03	1.287717e-02	-1.430066e-02	1.358891e-02	-1.556587e-03	1.199728e-03	1.572673e-03	1.986065e-03	-4.133914e-04
205           	1.704705e-02	6.966801e-03	1.008025e-02	-1.423513e-03	1.287161e-02	-1.429513e-02	1.358337e-02	-1.556726e-03	1.199608e-03	1.572646e-03	1.985931e-03	-4.132845e-04
206           	1.704063e-02	6.963446e-03	1.007719e-02	-1.423531e-03	1.286620e-02	-1.428973e-02	1.357797e-02	-1.556870e-03	1.199494e-03	1.572625e-03	1.985806e-03	-4.131809e-04
207           	1.703437e-02	6.960166e-03	1.007420e-02	-1.423548e-03	1.286093e-02	-1.428447e-02	1.357270e-02	-1.557018e-03	1.199386e-03	1.572610e-03	1.985690e-03	-4.130806e-04
208           	1.702826e-02	6.956961e-03	1.007130e-02	-1.423565e-03	1.285578e-02	-1.427935e-02	1.356757e-02	-1.557170e-03	1.199283e-03	1.572600e-03	1.985583e-03	-4.129834e-04
209           	1.702231e-02	6.953830e-03	1.006848e-02	-1.423581e-03	1.285077e-02	-1.427435e-02	1.356256e-02	-1.557326e-03	1.199186e-03	1.572594e-03	1.985483e-03	-4.128891e-04
210           	1.701651e-02	6.950771e-03	1.006574e-02	-1.423597e-03	1.284589e-02	-1.426949e-02	1.355769e-02	-1.557486e-03	1.199095e-03	1.572594e-03	1.985391e-03	-4.127977e-04
211           	1.701086e-02	6.947782e-03	1.006308e-02	-1.423611e-03	1.284113e-02	-1.426474e-02	1.355294e-02	-1.557648e-03	1.199008e-03	1.572597e-03	1.985306e-03	-4.127091e-04
212           	1.700535e-02	6.944862e-03	1.006049e-02	-1.423626e-03	1.283650e-02	-1.426012e-02	1.354831e-02	-1.557814e-03	1.198926e-03	1.572605e-03	1.985228e-03	-4.126231e-04
213           	1.699999e-02	6.942010e-03	1.005798e-02	-1.423639e-03	1.283199e-02	-1.425562e-02	1.354380e-02	-1.557984e-03	1.198849e-03	1.572618e-03	1.985158e-03	-4.125398e-04
214           	1.699476e-02	6.939224e-03	1.005554e-02	-1.423652e-03	1.282759e-02	-1.425124e-02	1.353942e-02	-1.558157e-03	1.198777e-03	1.572636e-03	1.985095e-03	-4.124592e-04
215           	1.698967e-02	6.936502e-03	1.005317e-02	-1.423665e-03	1.282331e-02	-1.424697e-02	1.353514e-02	-1.558334e-03	1.198711e-03	1.572659e-03	1.985040e-03	-4.123813e-04
216           	1.698471e-02	6.933843e-03	1.005087e-02	-1.423677e-03	1.281914e-02	-1.424282e-02	1.353098e-02	-1.558514e-03	1.198650e-03	1.572687e-03	1.984993e-03	-4.123062e-04
217           	1.697988e-02	6.931245e-03	1.004864e-02	-1.423688e-03	1.281508e-02	-1.423877e-02	1.352693e-02	-1.558697e-03	1.198594e-03	1.572720e-03	1.984954e-03	-4.122339e-04
218           	1.697518e-02	6.928708e-03	1.004648e-02	-1.423699e-03	1.281113e-02	-1.423483e-02	1.352298e-02	-1.558884e-03	1.198543e-03	1.572758e-03	1.984922e-03	-4.121644e-04
219           	1.697061e-02	6.926230e-03	1.004438e-02	-1.423710e-03	1.280729e-02	-1.423100e-02	1.351914e-02	-1.559073e-03	1.198498e-03	1.572801e-03	1.984898e-03	-4.120975e-04
220           	1.696615e-02	6.923808e-03	1.004234e-02	-1.423720e-03	1.280354e-02	-1.422726e-02	1.351540e-02	-1.559266e-03	1.198458e-03	1.572849e-03	1.984882e-03	-4.120334e-04
221           	1.696181e-02	6.921443e-03	1.004037e-02	-1.423730e-03	1.279990e-02	-1.422363e-02	1.351176e-02	-1.559462e-03	1.198423e-03	1.572902e-03	1.984874e-03	-4.119720e-04
222           	1.695759e-02	6.919132e-03	1.003846e-02	-1.423739e-03	1.279635e-02	-1.422009e-02	1.350822e-02	-1.559662e-03	1.198394e-03	1.572961e-03	1.984874e-03	-4.119134e-04
223           	1.695348e-02	6.916873e-03	1.003660e-02	-1.423748e-03	1.279290e-02	-1.421665e-02	1.350478e-02	-1.559865e-03	1.198370e-03	1.573025e-03	1.984883e-03	-4.118576e-04
224           	1.694948e-02	6.914666e-03	1.003481e-02	-1.423756e-03	1.278955e-02	-1.421331e-02	1.350143e-02	-1.560072e-03	1.198353e-03	1.573096e-03	1.984901e-03	-4.118048e-04
225           	1.694559e-02	6.912509e-03	1.003308e-02	-1.423764e-03	1.278628e-02	-1.421005e-02	1.349817e-02	-1.560284e-03	1.198341e-03	1.573173e-03	1.984928e-03	-4.117550e-04
226           	1.694180e-02	6.910401e-03	1.003140e-02	-1.423772e-03	1.278311e-02	-1.420688e-02	1.349500e-02	-1.560499e-03	1.198336e-03	1.573255e-03	1.984964e-03	-4.117083e-04
227           	1.693812e-02	6.908340e-03	1.002978e-02	-1.423779e-03	1.278002e-02	-1.420380e-02	1.349191e-02	-1.560718e-03	1.198337e-03	1.573344e-03	1.985009e-03	-4.116645e-04
228           	1.693657e-02	6.907679e-03	1.002889e-02	-1.423757e-03	1.277872e-02	-1.420247e-02	1.349060e-02	-1.560608e-03	1.198197e-03	1.573220e-03	1.984806e-03	-4.115869e-04
229           	1.693520e-02	6.907309e-03	1.002789e-02	-1.423716e-03	1.277755e-02	-1.420126e-02	1.348941e-02	-1.560292e-03	1.197973e-03	1.572965e-03	1.984456e-03	-4.114909e-04
230           	1.693389e-02	6.907066e-03	1.002682e-02	-1.423665e-03	1.277642e-02	-1.420009e-02	1.348826e-02	-1.559877e-03	1.197709e-03	1.572644e-03	1.984031e-03	-4.113870e-04
231           	1.693252e-02	6.906786e-03	1.002573e-02	-1.423613e-03	1.277526e-02	-1.419887e-02	1.348707e-02	-1.559473e-03	1.197457e-03	1.572334e-03	1.983624e-03	-4.112896e-04
232           	1.693102e-02	6.906346e-03	1.002468e-02	-1.423566e-03	1.277399e-02	-1.419756e-02	1.348578e-02	-1.559166e-03	1.197256e-03	1.572092e-03	1.983303e-03	-4.112102e-04
233           	1.692937e-02	6.905681e-03	1.002369e-02	-1.423526e-03	1.277260e-02	-1.419612e-02	1.348436e-02	-1.559004e-03	1.197133e-03	1.571954e-03	1.983110e-03	-4.111556e-04
234           	1.692756e-02	6.904784e-03	1.002278e-02	-1.423496e-03	1.277108e-02	-1.419457e-02	1.348283e-02	-1.558998e-03	1.197091e-03	1.571928e-03	1.983055e-03	-4.111272e-04
235           	1.692564e-02	6.903695e-03	1.002194e-02	-1.423473e-03	1.276946e-02	-1.419294e-02	1.348120e-02	-1.559124e-03	1.197121e-03	1.571997e-03	1.983119e-03	-4.111225e-04
236           	1.692365e-02	6.902464e-03	1.002119e-02	-1.423457e-03	1.276780e-02	-1.419126e-02	1.347953e-02	-1.559361e-03	1.197212e-03	1.572150e-03	1.983287e-03	-4.111371e-04
237           	1.692166e-02	6.901150e-03	1.002051e-02	-1.423445e-03	1.276614e-02	-1.418958e-02	1.347786e-02	-1.559679e-03	1.197352e-03	1.572370e-03	1.983537e-03	-4.111668e-04
238           	1.691971e-02	6.899815e-03	1.001989e-02	-1.423437e-03	1.276451e-02	-1.418794e-02	1.347623e-02	-1.560038e-03	1.197521e-03	1.572631e-03	1.983836e-03	-4.112054e-04
239           	1.691783e-02	6.898512e-03	1.001932e-02	-1.423431e-03	1.276294e-02	-1.418637e-02	1.347466e-02	-1.560404e-03	1.197701e-03	1.572906e-03	1.984154e-03	-4.112479e-04
240           	1.691606e-02	6.897290e-03	1.001877e-02	-1.423424e-03	1.276146e-02	-1.418489e-02	1.347318e-02	-1.560742e-03	1.197870e-03	1.573167e-03	1.984453e-03	-4.112867e-04
241           	1.691440e-02	6.896168e-03	1.001824e-02	-1.423417e-03	1.276007e-02	-1.418349e-02	1.347178e-02	-1.561034e-03	1.198017e-03	1.573397e-03	1.984715e-03	-4.113180e-04
242           	1.691284e-02	6.895148e-03	1.001769e-02	-1.423410e-03	1.275877e-02	-1.418218e-02	1.347047e-02	-1.561272e-03	1.198135e-03	1.573589e-03	1.984929e-03	-4.113400e-04
243           	1.691135e-02	6.894217e-03	1.001714e-02	-1.423401e-03	1.275752e-02	-1.418092e-02	1.346922e-02	-1.561460e-03	1.198225e-03	1.573744e-03	1.985096e-03	-4.113527e-04
244           	1.690992e-02	6.893351e-03	1.001657e-02	-1.423392e-03	1.275632e-02	-1.417971e-02	1.346801e-02	-1.561608e-03	1.198291e-03	1.573866e-03	1.985224e-03	-4.113576e-04
245           	1.690851e-02	6.892522e-03	1.001599e-02	-1.423383e-03	1.275514e-02	-1.417852e-02	1.346683e-02	-1.561732e-03	1.198341e-03	1.573968e-03	1.985326e-03	-4.113574e-04
246           	1.690711e-02	6.891707e-03	1.001540e-02	-1.423373e-03	1.275396e-02	-1.417734e-02	1.346565e-02	-1.561847e-03	1.198385e-03	1.574061e-03	1.985416e-03	-4.113547e-04
247           	1.690570e-02	6.890885e-03	1.001482e-02	-1.423364e-03	1.275279e-02	-1.417615e-02	1.346447e-02	-1.561967e-03	1.198431e-03	1.574156e-03	1.985509e-03	-4.113524e-04
248           	1.690429e-02	6.890044e-03	1.001425e-02	-1.423355e-03	1.275161e-02	-1.417496e-02	1.346328e-02	-1.562101e-03	1.198483e-03	1.574262e-03	1.985614e-03	-4.113524e-04
249           	1.690287e-02	6.889181e-03	1.001369e-02	-1.423347e-03	1.275042e-02	-1.417377e-02	1.346209e-02	-1.562255e-03	1.198547e-03	1.574382e-03	1.985738e-03	-4.113559e-04
250           	1.690145e-02	6.888297e-03	1.001315e-02	-1.423339e-03	1.274923e-02	-1.417257e-02	1.346090e-02	-1.562428e-03	1.198622e-03	1.574519e-03	1.985882e-03	-4.113630e-04
251           	1.690004e-02	6.887400e-03	1.001264e-02	-1.423332e-03	1.274805e-02	-1.417138e-02	1.345972e-02	-1.562619e-03	1.198709e-03	1.574670e-03	1.986043e-03	-4.113736e-04
252           	1.689864e-02	6.886500e-03	1.001214e-02	-1.423325e-03	1.274688e-02	-1.417021e-02	1.345855e-02	-1.562822e-03	1.198802e-03	1.574832e-03	1.986218e-03	-4.113865e-04
253           	1.689727e-02	6.885605e-03	1.001167e-02	-1.423320e-03	1.274574e-02	-1.416906e-02	1.345740e-02	-1.563031e-03	1.198900e-03	1.574999e-03	1.986400e-03	-4.114007e-04
254           	1.689593e-02	6.884723e-03	1.001121e-02	-1.423314e-03	1.274462e-02	-1.416793e-02	1.345628e-02	-1.563242e-03	1.198999e-03	1.575168e-03	1.986583e-03	-4.114151e-04
255           	1.689462e-02	6.883861e-03	1.001076e-02	-1.423309e-03	1.274352e-02	-1.416683e-02	1.345518e-02	-1.563448e-03	1.199096e-03	1.575334e-03	1.986763e-03	-4.114289e-04
256           	1.689334e-02	6.883021e-03	1.001032e-02	-1.423305e-03	1.274245e-02	-1.416576e-02	1.345411e-02	-1.563649e-03	1.199189e-03	1.575495e-03	1.986936e-03	-4.114413e-04
257           	1.689209e-02	6.882202e-03	1.000989e-02	-1.423301e-03	1.274141e-02	-1.416471e-02	1.345306e-02	-1.563843e-03	1.199277e-03	1.575649e-03	1.987102e-03	-4.114523e-04
258           	1.689087e-02	6.881403e-03	1.000946e-02	-1.423297e-03	1.274039e-02	-1.416369e-02	1.345204e-02	-1.564030e-03	1.199361e-03	1.575798e-03	1.987260e-03	-4.114619e-04
259           	1.688966e-02	6.880620e-03	1.000904e-02	-1.423294e-03	1.273939e-02	-1.416268e-02	1.345103e-02	-1.564212e-03	1.199442e-03	1.575942e-03	1.987413e-03	-4.114705e-04
260           	1.688848e-02	6.879849e-03	1.000863e-02	-1.423290e-03	1.273840e-02	-1.416169e-02	1.345004e-02	-1.564392e-03	1.199520e-03	1.576084e-03	1.987562e-03	-4.114787e-04
261           	1.688732e-02	6.879088e-03	1.000823e-02	-1.423287e-03	1.273743e-02	-1.416072e-02	1.344907e-02	-1.564570e-03	1.199599e-03	1.576224e-03	1.987711e-03	-4.114869e-04
262           	1.688617e-02	6.878334e-03	1.000783e-02	-1.423285e-03	1.273647e-02	-1.415975e-02	1.344811e-02	-1.564750e-03	1.199679e-03	1.576366e-03	1.987862e-03	-4.114956e-04
263           	1.688503e-02	6.877584e-03	1.000745e-02	-1.423282e-03	1.273552e-02	-1.415881e-02	1.344717e-02	-1.564932e-03	1.199760e-03	1.576510e-03	1.988015e-03	-4.115051e-04
264           	1.688391e-02	6.876839e-03	1.000708e-02	-1.423280e-03	1.273459e-02	-1.415787e-02	1.344623e-02	-1.565118e-03	1.199844e-03	1.576657e-03	1.988173e-03	-4.115156e-04
265           	1.688281e-02	6.876099e-03	1.000671e-02	-1.423278e-03	1.273367e-02	-1.415695e-02	1.344531e-02	-1.565307e-03	1.199931e-03	1.576807e-03	1.988334e-03	-4.115270e-04
266           	1.688173e-02	6.875365e-03	1.000636e-02	-1.423276e-03	1.273277e-02	-1.415605e-02	1.344441e-02	-1.565498e-03	1.200019e-03	1.576960e-03	1.988500e-03	-4.115393e-04
267           	1.688066e-02	6.874637e-03	1.000602e-02	-1.423274e-03	1.273188e-02	-1.415515e-02	1.344352e-02	-1.565692e-03	1.200110e-03	1.577115e-03	1.988668e-03	-4.115522e-04
268           	1.687961e-02	6.873917e-03	1.000569e-02	-1.423273e-03	1.273101e-02	-1.415428e-02	1.344264e-02	-1.565886e-03	1.200201e-03	1.577272e-03	1.988837e-03	-4.115657e-04
269           	1.687857e-02	6.873205e-03	1.000536e-02	-1.423272e-03	1.273014e-02	-1.415341e-02	1.344178e-02	-1.566078e-03	1.200294e-03	1.577426e-03	1.989007e-03	-4.115811e-04
270           	1.687755e-02	6.872503e-03	1.000505e-02	-1.423271e-03	1.272930e-02	-1.415257e-02	1.344093e-02	-1.566274e-03	1.200387e-03	1.577585e-03	1.989179e-03	-4.115948e-04
271           	1.687655e-02	6.871808e-03	1.000474e-02	-1.423271e-03	1.272846e-02	-1.415173e-02	1.344010e-02	-1.566468e-03	1.200481e-03	1.577741e-03	1.989352e-03	-4.116105e-04
272           	1.687557e-02	6.871122e-03	1.000445e-02	-1.423270e-03	1.272765e-02	-1.415092e-02	1.343928e-02	-1.566663e-03	1.200576e-03	1.577899e-03	1.989526e-03	-4.116263e-04
273           	1.687461e-02	6.870443e-03	1.000416e-02	-1.423270e-03	1.272685e-02	-1.415012e-02	1.343848e-02	-1.566860e-03	1.200672e-03	1.578059e-03	1.989702e-03	-4.116424e-04
274           	1.687366e-02	6.869771e-03	1.000389e-02	-1.423270e-03	1.272606e-02	-1.414933e-02	1.343769e-02	-1.567059e-03	1.200769e-03	1.578221e-03	1.989879e-03	-4.116587e-04
275           	1.687273e-02	6.869106e-03	1.000363e-02	-1.423270e-03	1.272529e-02	-1.414856e-02	1.343692e-02	-1.567260e-03	1.200867e-03	1.578384e-03	1.990059e-03	-4.116754e-04
276           	1.687182e-02	6.868448e-03	1.000337e-02	-1.423270e-03	1.272453e-02	-1.414780e-02	1.343616e-02	-1.567461e-03	1.200966e-03	1.578547e-03	1.990239e-03	-4.116924e-04
277           	1.687092e-02	6.867796e-03	1.000312e-02	-1.423271e-03	1.272378e-02	-1.414705e-02	1.343541e-02	-1.567663e-03	1.201065e-03	1.578711e-03	1.990420e-03	-4.117094e-04
278           	1.687003e-02	6.867151e-03	1.000288e-02	-1.423272e-03	1.272304e-02	-1.414631e-02	1.343468e-02	-1.567865e-03	1.201163e-03	1.578874e-03	1.990600e-03	-4.117265e-04
279           	1.686916e-02	6.866513e-03	1.000265e-02	-1.423272e-03	1.272232e-02	-1.414559e-02	1.343395e-02	-1.568067e-03	1.201261e-03	1.579036e-03	1.990779e-03	-4.117435e-04
280           	1.686830e-02	6.865882e-03	1.000242e-02	-1.423273e-03	1.272160e-02	-1.414488e-02	1.343324e-02	-1.568268e-03	1.201358e-03	1.579196e-03	1.990957e-03	-4.117602e-04
281           	1.686746e-02	6.865259e-03	1.000220e-02	-1.423274e-03	1.272090e-02	-1.414418e-02	1.343254e-02	-1.568469e-03	1.201455e-03	1.579356e-03	1.991133e-03	-4.117767e-04
282           	1.686662e-02	6.864644e-03	1.000198e-02	-1.423276e-03	1.272021e-02	-1.414349e-02	1.343185e-02	-1.568668e-03	1.201550e-03	1.579514e-03	1.991307e-03	-4.117929e-04
283           	1.686581e-02	6.864036e-03	1.000177e-02	-1.423277e-03	1.271953e-02	-1.414281e-02	1.343117e-02	-1.568867e-03	1.201644e-03	1.579671e-03	1.991480e-03	-4.118088e-04
284           	1.686500e-02	6.863436e-03	1.000157e-02	-1.423279e-03	1.271887e-02	-1.414215e-02	1.343051e-02	-1.569065e-03	1.201738e-03	1.579827e-03	1.991651e-03	-4.118244e-04
285           	1.686421e-02	6.862844e-03	1.000137e-02	-1.423280e-03	1.271821e-02	-1.414149e-02	1.342985e-02	-1.569263e-03	1.201831e-03	1.579982e-03	1.991822e-03	-4.118398e-04
286           	1.686344e-02	6.862260e-03	1.000118e-02	-1.423282e-03	1.271757e-02	-1.414085e-02	1.342921e-02	-1.569460e-03	1.201923e-03	1.580135e-03	1.991990e-03	-4.118551e-04
287           	1.686268e-02	6.861683e-03	1.000100e-02	-1.423284e-03	1.271694e-02	-1.414022e-02	1.342858e-02	-1.569656e-03	1.202014e-03	1.580288e-03	1.992158e-03	-4.118701e-04
288           	1.686193e-02	6.861114e-03	1.000082e-02	-1.423286e-03	1.271632e-02	-1.413960e-02	1.342796e-02	-1.569852e-03	1.202105e-03	1.580440e-03	1.992325e-03	-4.118851e-04
289           	1.686120e-02	6.860552e-03	1.000065e-02	-1.423288e-03	1.271571e-02	-1.413900e-02	1.342735e-02	-1.570047e-03	1.202195e-03	1.580590e-03	1.992490e-03	-4.118999e-04
290           	1.686048e-02	6.859997e-03	1.000048e-02	-1.423290e-03	1.271511e-02	-1.413840e-02	1.342676e-02	-1.570241e-03	1.202285e-03	1.580740e-03	1.992655e-03	-4.119146e-04
291           	1.685977e-02	6.859450e-03	1.000032e-02	-1.423293e-03	1.271452e-02	-1.413782e-02	1.342617e-02	-1.570434e-03	1.202373e-03	1.580888e-03	1.992817e-03	-4.119291e-04
292           	1.685907e-02	6.858909e-03	1.000016e-02	-1.423295e-03	1.271395e-02	-1.413724e-02	1.342559e-02	-1.570627e-03	1.202461e-03	1.581035e-03	1.992979e-03	-4.119434e-04
293           	1.685839e-02	6.858375e-03	1.000001e-02	-1.423298e-03	1.271338e-02	-1.413668e-02	1.342503e-02	-1.570818e-03	1.202548e-03	1.581181e-03	1.993138e-03	-4.119576e-04
294           	1.685771e-02	6.857848e-03	9.999866e-03	-1.423300e-03	1.271282e-02	-1.413612e-02	1.342447e-02	-1.571009e-03	1.202634e-03	1.581325e-03	1.993297e-03	-4.119716e-04
295           	1.685706e-02	6.857335e-03	9.999725e-03	-1.423303e-03	1.271228e-02	-1.413558e-02	1.342393e-02	-1.571195e-03	1.202716e-03	1.581465e-03	1.993448e-03	-4.119831e-04
296           	1.685642e-02	6.856827e-03	9.999589e-03	-1.423305e-03	1.271175e-02	-1.413505e-02	1.342340e-02	-1.571381e-03	1.202797e-03	1.581604e-03	1.993599e-03	-4.119949e-04
297           	1.685578e-02	6.856324e-03	9.999455e-03	-1.423308e-03	1.271122e-02	-1.413453e-02	1.342287e-02	-1.571566e-03	1.202877e-03	1.581741e-03	1.993748e-03	-4.120069e-04
298           	1.685515e-02	6.855827e-03	9.999325e-03	-1.423311e-03	1.271070e-02	-1.413401e-02	1.342236e-02	-1.571749e-03	1.202957e-03	1.581876e-03	1.993895e-03	-4.120189e-04
299           	1.685453e-02	6.855336e-03	9.999198e-03	-1.423314e-03	1.271019e-02	-1.413350e-02	1.342185e-02	-1.571931e-03	1.203036e-03	1.582010e-03	1.994041e-03	-4.120308e-04
300           	1.685393e-02	6.854852e-03	9.999075e-03	-1.423317e-03	1.270969e-02	-1.413300e-02	1.342135e-02	-1.572112e-03	1.203114e-03	1.582143e-03	1.994185e-03	-4.120426e-04
301           	1.685333e-02	6.854374e-03	9.998956e-03	-1.423321e-03	1.270919e-02	-1.413251e-02	1.342085e-02	-1.572291e-03	1.203191e-03	1.582274e-03	1.994328e-03	-4.120542e-04
302           	1.685275e-02	6.853904e-03	9.998842e-03	-1.423324e-03	1.270871e-02	-1.413203e-02	1.342037e-02	-1.572469e-03	1.203268e-03	1.582404e-03	1.994470e-03	-4.120658e-04
303           	1.685217e-02	6.853440e-03	9.998731e-03	-1.423327e-03	1.270824e-02	-1.413156e-02	1.341990e-02	-1.572645e-03	1.203344e-03	1.582534e-03	1.994611e-03	-4.120774e-04
304           	1.685160e-02	6.852990e-03	9.998613e-03	-1.423330e-03	1.270777e-02	-1.413110e-02	1.341943e-02	-1.572811e-03	1.203416e-03	1.582655e-03	1.994744e-03	-4.120889e-04
305           	1.685105e-02	6.852546e-03	9.998504e-03	-1.423333e-03	1.270731e-02	-1.413064e-02	1.341897e-02	-1.572979e-03	1.203489e-03	1.582778e-03	1.994878e-03	-4.121004e-04
306           	1.685051e-02	6.852106e-03	9.998402e-03	-1.423337e-03	1.270686e-02	-1.413020e-02	1.341853e-02	-1.573148e-03	1.203564e-03	1.582903e-03	1.995015e-03	-4.121121e-04
307           	1.684998e-02	6.851663e-03	9.998322e-03	-1.423340e-03	1.270643e-02	-1.412977e-02	1.341810e-02	-1.573329e-03	1.203643e-03	1.583038e-03	1.995162e-03	-4.121243e-04
308           	1.684947e-02	6.851234e-03	9.998231e-03	-1.423344e-03	1.270600e-02	-1.412934e-02	1.341767e-02	-1.573498e-03	1.203718e-03	1.583164e-03	1.995300e-03	-4.121364e-04
309           	1.684896e-02	6.850811e-03	9.998145e-03	-1.423347e-03	1.270558e-02	-1.412892e-02	1.341725e-02	-1.573667e-03	1.203793e-03	1.583289e-03	1.995437e-03	-4.121483e-04
310           	1.684846e-02	6.850394e-03	9.998063e-03	-1.423351e-03	1.270516e-02	-1.412851e-02	1.341684e-02	-1.573834e-03	1.203867e-03	1.583413e-03	1.995573e-03	-4.121600e-04
311           	1.684797e-02	6.849982e-03	9.997984e-03	-1.423355e-03	1.270476e-02	-1.412811e-02	1.341644e-02	-1.574001e-03	1.203940e-03	1.583537e-03	1.995708e-03	-4.121714e-04
312           	1.684748e-02	6.849577e-03	9.997908e-03	-1.423358e-03	1.270436e-02	-1.412772e-02	1.341604e-02	-1.574165e-03	1.204012e-03	1.583659e-03	1.995842e-03	-4.121825e-04
313           	1.684701e-02	6.849178e-03	9.997834e-03	-1.423362e-03	1.270397e-02	-1.412733e-02	1.341565e-02	-1.574328e-03	1.204083e-03	1.583780e-03	1.995973e-03	-4.121934e-04
314           	1.684655e-02	6.848785e-03	9.997763e-03	-1.423366e-03	1.270359e-02	-1.412695e-02	1.341527e-02	-1.574489e-03	1.204153e-03	1.583898e-03	1.996102e-03	-4.122039e-04
315           	1.684609e-02	6.848399e-03	9.997693e-03	-1.423370e-03	1.270321e-02	-1.412658e-02	1.341490e-02	-1.574647e-03	1.204222e-03	1.584015e-03	1.996230e-03	-4.122140e-04
316           	1.684565e-02	6.848020e-03	9.997626e-03	-1.423373e-03	1.270284e-02	-1.412622e-02	1.341453e-02	-1.574803e-03	1.204289e-03	1.584131e-03	1.996355e-03	-4.122239e-04
317           	1.684521e-02	6.847647e-03	9.997560e-03	-1.423377e-03	1.270248e-02	-1.412586e-02	1.341417e-02	-1.574957e-03	1.204356e-03	1.584244e-03	1.996478e-03	-4.122335e-04
318           	1.684478e-02	6.847280e-03	9.997497e-03	-1.423381e-03	1.270213e-02	-1.412551e-02	1.341382e-02	-1.575109e-03	1.204421e-03	1.584356e-03	1.996599e-03	-4.122429e-04
319           	1.684435e-02	6.846919e-03	9.997436e-03	-1.423385e-03	1.270178e-02	-1.412516e-02	1.341347e-02	-1.575259e-03	1.204486e-03	1.584467e-03	1.996719e-03	-4.122523e-04
320           	1.684394e-02	6.846563e-03	9.997377e-03	-1.423389e-03	1.270144e-02	-1.412482e-02	1.341313e-02	-1.575407e-03	1.204550e-03	1.584577e-03	1.996838e-03	-4.122616e-04
321           	1.684353e-02	6.846213e-03	9.997322e-03	-1.423393e-03	1.270110e-02	-1.412449e-02	1.341280e-02	-1.575554e-03	1.204614e-03	1.584686e-03	1.996957e-03	-4.122709e-04
322           	1.684314e-02	6.845868e-03	9.997269e-03	-1.423396e-03	1.270077e-02	-1.412417e-02	1.341247e-02	-1.575701e-03	1.204678e-03	1.584795e-03	1.997075e-03	-4.122803e-04
323           	1.684275e-02	6.845528e-03	9.997219e-03	-1.423400e-03	1.270045e-02	-1.412385e-02	1.341215e-02	-1.575846e-03	1.204741e-03	1.584903e-03	1.997192e-03	-4.122899e-04
324           	1.684236e-02	6.845193e-03	9.997172e-03	-1.423404e-03	1.270014e-02	-1.412354e-02	1.341184e-02	-1.575990e-03	1.204805e-03	1.585010e-03	1.997310e-03	-4.122996e-04
325           	1.684199e-02	6.844862e-03	9.997127e-03	-1.423408e-03	1.269983e-02	-1.412323e-02	1.341153e-02	-1.576133e-03	1.204868e-03	1.585117e-03	1.997427e-03	-4.123094e-04
326           	1.684162e-02	6.844536e-03	9.997086e-03	-1.423412e-03	1.269952e-02	-1.412293e-02	1.341123e-02	-1.576275e-03	1.204931e-03	1.585224e-03	1.997543e-03	-4.123192e-04
327           	1.684126e-02	6.844215e-03	9.997046e-03	-1.423416e-03	1.269923e-02	-1.412264e-02	1.341093e-02	-1.576416e-03	1.204994e-03	1.585330e-03	1.997659e-03	-4.123291e-04
328           	1.684091e-02	6.843899e-03	9.997009e-03	-1.423420e-03	1.269893e-02	-1.412235e-02	1.341064e-02	-1.576555e-03	1.205057e-03	1.585436e-03	1.997775e-03	-4.123390e-04
329           	1.684056e-02	6.843588e-03	9.996974e-03	-1.423424e-03	1.269865e-02	-1.412207e-02	1.341036e-02	-1.576693e-03	1.205119e-03	1.585540e-03	1.997889e-03	-4.123489e-04
330           	1.684022e-02	6.843282e-03	9.996942e-03	-1.423427e-03	1.269837e-02	-1.412180e-02	1.341008e-02	-1.576830e-03	1.205181e-03	1.585644e-03	1.998002e-03	-4.123586e-04
331           	1.683989e-02	6.842981e-03	9.996911e-03	-1.423431e-03	1.269810e-02	-1.412153e-02	1.340981e-02	-1.576965e-03	1.205242e-03	1.585747e-03	1.998115e-03	-4.123683e-04
332           	1.683957e-02	6.842685e-03	9.996882e-03	-1.423435e-03	1.269783e-02	-1.412126e-02	1.340954e-02	-1.577098e-03	1.205302e-03	1.585848e-03	1.998226e-03	-4.123779e-04
333           	1.683925e-02	6.842394e-03	9.996854e-03	-1.423439e-03	1.269756e-02	-1.412100e-02	1.340928e-02	-1.577230e-03	1.205362e-03	1.585950e-03	1.998337e-03	-4.123874e-04
334           	1.683894e-02	6.842107e-03	9.996829e-03	-1.423443e-03	1.269731e-02	-1.412075e-02	1.340903e-02	-1.577361e-03	1.205422e-03	1.586050e-03	1.998447e-03	-4.123968e-04
335           	1.683863e-02	6.841826e-03	9.996805e-03	-1.423447e-03	1.269706e-02	-1.412050e-02	1.340878e-02	-1.577490e-03	1.205481e-03	1.586149e-03	1.998555e-03	-4.124062e-04
336           	1.683833e-02	6.841548e-03	9.996784e-03	-1.423450e-03	1.269681e-02	-1.412026e-02	1.340853e-02	-1.577618e-03	1.205540e-03	1.586248e-03	1.998664e-03	-4.124156e-04
337           	1.683804e-02	6.841276e-03	9.996764e-03	-1.423454e-03	1.269657e-02	-1.412002e-02	1.340829e-02	-1.577744e-03	1.205598e-03	1.586347e-03	1.998772e-03	-4.124250e-04
338           	1.683775e-02	6.841007e-03	9.996746e-03	-1.423458e-03	1.269633e-02	-1.411979e-02	1.340806e-02	-1.577869e-03	1.205657e-03	1.586445e-03	1.998879e-03	-4.124345e-04
339           	1.683747e-02	6.840743e-03	9.996730e-03	-1.423462e-03	1.269610e-02	-1.411956e-02	1.340783e-02	-1.577994e-03	1.205715e-03	1.586542e-03	1.998987e-03	-4.124442e-04
340           	1.683720e-02	6.840482e-03	9.996716e-03	-1.423466e-03	1.269587e-02	-1.411934e-02	1.340761e-02	-1.578117e-03	1.205774e-03	1.586640e-03	1.999094e-03	-4.124541e-04
341           	1.683693e-02	6.840226e-03	9.996704e-03	-1.423469e-03	1.269565e-02	-1.411912e-02	1.340739e-02	-1.578239e-03	1.205833e-03	1.586738e-03	1.999202e-03	-4.124641e-04
342           	1.683667e-02	6.839973e-03	9.996694e-03	-1.423473e-03	1.269543e-02	-1.411891e-02	1.340717e-02	-1.578361e-03	1.205892e-03	1.586835e-03	1.999310e-03	-4.124744e-04
343           	1.683641e-02	6.839724e-03	9.996686e-03	-1.423477e-03	1.269522e-02	-1.411870e-02	1.340696e-02	-1.578481e-03	1.205951e-03	1.586933e-03	1.999418e-03	-4.124848e-04
344           	1.683616e-02	6.839479e-03	9.996680e-03	-1.423480e-03	1.269501e-02	-1.411849e-02	1.340675e-02	-1.578601e-03	1.206011e-03	1.587030e-03	1.999526e-03	-4.124954e-04
345           	1.683591e-02	6.839238e-03	9.996676e-03	-1.423484e-03	1.269481e-02	-1.411829e-02	1.340655e-02	-1.578719e-03	1.206070e-03	1.587127e-03	1.999634e-03	-4.125062e-04
346           	1.683567e-02	6.839000e-03	9.996673e-03	-1.423488e-03	1.269461e-02	-1.411810e-02	1.340636e-02	-1.578836e-03	1.206129e-03	1.587224e-03	1.999741e-03	-4.125170e-04
347           	1.683544e-02	6.838766e-03	9.996672e-03	-1.423491e-03	1.269442e-02	-1.411791e-02	1.340616e-02	-1.578953e-03	1.206188e-03	1.587321e-03	1.999849e-03	-4.125278e-04
348           	1.683521e-02	6.838537e-03	9.996672e-03	-1.423495e-03	1.269423e-02	-1.411772e-02	1.340598e-02	-1.579068e-03	1.206247e-03	1.587417e-03	1.999956e-03	-4.125387e-04
349           	1.683498e-02	6.838310e-03	9.996674e-03	-1.423498e-03	1.269404e-02	-1.411754e-02	1.340579e-02	-1.579182e-03	1.206306e-03	1.587513e-03	2.000062e-03	-4.125495e-04
350           	1.683476e-02	6.838088e-03	9.996677e-03	-1.423502e-03	1.269386e-02	-1.411736e-02	1.340561e-02	-1.579294e-03	1.206364e-03	1.587608e-03	2.000168e-03	-4.125603e-04
351           	1.683455e-02	6.837870e-03	9.996681e-03	-1.423505e-03	1.269368e-02	-1.411719e-02	1.340544e-02	-1.579406e-03	1.206422e-03	1.587703e-03	2.000274e-03	-4.125710e-04
352           	1.683434e-02	6.837655e-03	9.996686e-03	-1.423509e-03	1.269351e-02	-1.411702e-02	1.340526e-02	-1.579516e-03	1.206480e-03	1.587797e-03	2.000378e-03	-4.125816e-04
353           	1.683414e-02	6.837444e-03	9.996693e-03	-1.423512e-03	1.269334e-02	-1.411685e-02	1.340510e-02	-1.579624e-03	1.206537e-03	1.587890e-03	2.000482e-03	-4.125921e-04
354           	1.683394e-02	6.837237e-03	9.996700e-03	-1.423516e-03	1.269317e-02	-1.411669e-02	1.340493e-02	-1.579732e-03	1.206594e-03	1.587983e-03	2.000585e-03	-4.126025e-04
355           	1.683374e-02	6.837034e-03	9.996709e-03	-1.423519e-03	1.269301e-02	-1.411653e-02	1.340477e-02	-1.579838e-03	1.206650e-03	1.588075e-03	2.000687e-03	-4.126127e-04
356           	1.683355e-02	6.836834e-03	9.996719e-03	-1.423523e-03	1.269286e-02	-1.411638e-02	1.340462e-02	-1.579942e-03	1.206706e-03	1.588166e-03	2.000789e-03	-4.126229e-04
357           	1.683337e-02	6.836638e-03	9.996729e-03	-1.423526e-03	1.269270e-02	-1.411623e-02	1.340446e-02	-1.580045e-03	1.206761e-03	1.588256e-03	2.000889e-03	-4.126330e-04
358           	1.683319e-02	6.836446e-03	9.996740e-03	-1.423529e-03	1.269255e-02	-1.411608e-02	1.340432e-02	-1.580147e-03	1.206816e-03	1.588346e-03	2.000989e-03	-4.126430e-04
359           	1.683301e-02	6.836257e-03	9.996752e-03	-1.423533e-03	1.269240e-02	-1.411594e-02	1.340417e-02	-1.580248e-03	1.206870e-03	1.588435e-03	2.001088e-03	-4.126528e-04
360           	1.683284e-02	6.836073e-03	9.996765e-03	-1.423536e-03	1.269226e-02	-1.411580e-02	1.340403e-02	-1.580346e-03	1.206924e-03	1.588523e-03	2.001186e-03	-4.126626e-04
361           	1.683267e-02	6.835891e-03	9.996779e-03	-1.423539e-03	1.269212e-02	-1.411566e-02	1.340389e-02	-1.580444e-03	1.206978e-03	1.588611e-03	2.001283e-03	-4.126722e-04
362           	1.683251e-02	6.835714e-03	9.996793e-03	-1.423542e-03	1.269199e-02	-1.411553e-02	1.340376e-02	-1.580539e-03	1.207030e-03	1.588697e-03	2.001379e-03	-4.126817e-04
363           	1.683235e-02	6.835540e-03	9.996807e-03	-1.423546e-03	1.269185e-02	-1.411540e-02	1.340363e-02	-1.580634e-03	1.207083e-03	1.588783e-03	2.001474e-03	-4.126911e-04
364           	1.683219e-02	6.835369e-03	9.996823e-03	-1.423549e-03	1.269172e-02	-1.411527e-02	1.340350e-02	-1.580727e-03	1.207135e-03	1.588868e-03	2.001569e-03	-4.127004e-04
365           	1.683204e-02	6.835202e-03	9.996839e-03	-1.423552e-03	1.269160e-02	-1.411515e-02	1.340337e-02	-1.580818e-03	1.207186e-03	1.588953e-03	2.001663e-03	-4.127096e-04
366           	1.683189e-02	6.835050e-03	9.996844e-03	-1.423555e-03	1.269147e-02	-1.411503e-02	1.340325e-02	-1.580897e-03	1.207230e-03	1.589027e-03	2.001743e-03	-4.127163e-04
367           	1.683175e-02	6.834886e-03	9.996864e-03	-1.423558e-03	1.269135e-02	-1.411491e-02	1.340313e-02	-1.580989e-03	1.207283e-03	1.589113e-03	2.001839e-03	-4.127262e-04
368           	1.683161e-02	6.834736e-03	9.996875e-03	-1.423561e-03	1.269124e-02	-1.411480e-02	1.340302e-02	-1.581069e-03	1.207328e-03	1.589189e-03	2.001923e-03	-4.127336e-04
369           	1.683147e-02	6.834574e-03	9.996901e-03	-1.423564e-03	1.269112e-02	-1.411469e-02	1.340291e-02	-1.581164e-03	1.207383e-03	1.589277e-03	2.002022e-03	-4.127444e-04
370           	1.683134e-02	6.834427e-03	9.996916e-03	-1.423567e-03	1.269101e-02	-1.411458e-02	1.340280e-02	-1.581245e-03	1.207430e-03	1.589355e-03	2.002108e-03	-4.127526e-04
371           	1.683121e-02	6.834280e-03	9.996934e-03	-1.423570e-03	1.269090e-02	-1.411447e-02	1.340269e-02	-1.581327e-03	1.207478e-03	1.589434e-03	2.002196e-03	-4.127613e-04
372           	1.683109e-02	6.834134e-03	9.996955e-03	-1.423573e-03	1.269080e-02	-1.411437e-02	1.340259e-02	-1.581410e-03	1.207528e-03	1.589515e-03	2.002285e-03	-4.127705e-04
373           	1.683097e-02	6.833977e-03	9.996989e-03	-1.423576e-03	1.269070e-02	-1.411427e-02	1.340248e-02	-1.581506e-03	1.207586e-03	1.589606e-03	2.002389e-03	-4.127828e-04
374           	1.683085e-02	6.833836e-03	9.997012e-03	-1.423578e-03	1.269060e-02	-1.411418e-02	1.340239e-02	-1.581588e-03	1.207635e-03	1.589686e-03	2.002478e-03	-4.127920e-04
375           	1.683073e-02	6.833698e-03	9.997035e-03	-1.423581e-03	1.269050e-02	-1.411408e-02	1.340229e-02	-1.581669e-03	1.207684e-03	1.589766e-03	2.002567e-03	-4.128014e-04
376           	1.683062e-02	6.833563e-03	9.997060e-03	-1.423584e-03	1.269041e-02	-1.411399e-02	1.340220e-02	-1.581749e-03	1.207734e-03	1.589845e-03	2.002656e-03	-4.128108e-04
377           	1.683052e-02	6.833429e-03	9.997086e-03	-1.423587e-03	1.269032e-02	-1.411390e-02	1.340211e-02	-1.581828e-03	1.207783e-03	1.589925e-03	2.002745e-03	-4.128203e-04
378           	1.683041e-02	6.833298e-03	9.997113e-03	-1.423589e-03	1.269023e-02	-1.411382e-02	1.340202e-02	-1.581907e-03	1.207832e-03	1.590005e-03	2.002835e-03	-4.128299e-04
379           	1.683031e-02	6.833169e-03	9.997140e-03	-1.423592e-03	1.269014e-02	-1.411374e-02	1.340194e-02	-1.581986e-03	1.207882e-03	1.590084e-03	2.002924e-03	-4.128396e-04
380           	1.683021e-02	6.833043e-03	9.997169e-03	-1.423595e-03	1.269006e-02	-1.411366e-02	1.340186e-02	-1.582063e-03	1.207931e-03	1.590164e-03	2.003013e-03	-4.128494e-04
381           	1.683012e-02	6.832919e-03	9.997198e-03	-1.423597e-03	1.268998e-02	-1.411358e-02	1.340178e-02	-1.582140e-03	1.207981e-03	1.590243e-03	2.003102e-03	-4.128592e-04
382           	1.683003e-02	6.832797e-03	9.997228e-03	-1.423600e-03	1.268990e-02	-1.411350e-02	1.340170e-02	-1.582216e-03	1.208030e-03	1.590322e-03	2.003191e-03	-4.128690e-04
383           	1.682994e-02	6.832678e-03	9.997259e-03	-1.423602e-03	1.268983e-02	-1.411343e-02	1.340163e-02	-1.582291e-03	1.208079e-03	1.590401e-03	2.003279e-03	-4.128787e-04
384           	1.682985e-02	6.832561e-03	9.997290e-03	-1.423605e-03	1.268975e-02	-1.411336e-02	1.340156e-02	-1.582365e-03	1.208128e-03	1.590479e-03	2.003367e-03	-4.128884e-04
385           	1.682977e-02	6.832446e-03	9.997321e-03	-1.423607e-03	1.268968e-02	-1.411329e-02	1.340149e-02	-1.582437e-03	1.208176e-03	1.590557e-03	2.003455e-03	-4.128981e-04
386           	1.682969e-02	6.832334e-03	9.997353e-03	-1.423610e-03	1.268961e-02	-1.411322e-02	1.340142e-02	-1.582509e-03	1.208225e-03	1.590634e-03	2.003542e-03	-4.129078e-04
387           	1.682961e-02	6.832225e-03	9.997385e-03	-1.423612e-03	1.268955e-02	-1.411316e-02	1.340135e-02	-1.582580e-03	1.208273e-03	1.590711e-03	2.003628e-03	-4.129173e-04
388           	1.682953e-02	6.832118e-03	9.997417e-03	-1.423615e-03	1.268948e-02	-1.411310e-02	1.340129e-02	-1.582650e-03	1.208320e-03	1.590787e-03	2.003714e-03	-4.129268e-04
389           	1.682946e-02	6.832013e-03	9.997449e-03	-1.423617e-03	1.268942e-02	-1.411304e-02	1.340123e-02	-1.582718e-03	1.208368e-03	1.590863e-03	2.003799e-03	-4.129362e-04
390           	1.682939e-02	6.831911e-03	9.997482e-03	-1.423619e-03	1.268936e-02	-1.411298e-02	1.340117e-02	-1.582786e-03	1.208414e-03	1.590938e-03	2.003883e-03	-4.129455e-04
391           	1.682933e-02	6.831811e-03	9.997515e-03	-1.423622e-03	1.268930e-02	-1.411292e-02	1.340111e-02	-1.582852e-03	1.208461e-03	1.591012e-03	2.003967e-03	-4.129547e-04
392           	1.682926e-02	6.831714e-03	9.997548e-03	-1.423624e-03	1.268925e-02	-1.411287e-02	1.340106e-02	-1.582917e-03	1.208507e-03	1.591086e-03	2.004050e-03	-4.129638e-04
393           	1.682920e-02	6.831619e-03	9.997581e-03	-1.423626e-03	1.268919e-02	-1.411282e-02	1.340100e-02	-1.582981e-03	1.208553e-03	1.591159e-03	2.004132e-03	-4.129728e-04
394           	1.682914e-02	6.831526e-03	9.997614e-03	-1.423628e-03	1.268914e-02	-1.411277e-02	1.340095e-02	-1.583044e-03	1.208598e-03	1.591232e-03	2.004214e-03	-4.129816e-04
395           	1.682908e-02	6.831435e-03	9.997648e-03	-1.423630e-03	1.268909e-02	-1.411272e-02	1.340090e-02	-1.583106e-03	1.208642e-03	1.591304e-03	2.004294e-03	-4.129904e-04
396           	1.682903e-02	6.831347e-03	9.997681e-03	-1.423633e-03	1.268904e-02	-1.411267e-02	1.340086e-02	-1.583167e-03	1.208687e-03	1.591375e-03	2.004374e-03	-4.129990e-04
397           	1.682898e-02	6.831260e-03	9.997715e-03	-1.423635e-03	1.268899e-02	-1.411263e-02	1.340081e-02	-1.583227e-03	1.208731e-03	1.591446e-03	2.004454e-03	-4.130076e-04
398           	1.682893e-02	6.831176e-03	9.997749e-03	-1.423637e-03	1.268895e-02	-1.411259e-02	1.340077e-02	-1.583287e-03	1.208774e-03	1.591516e-03	2.004532e-03	-4.130160e-04
399           	1.682888e-02	6.831094e-03	9.997783e-03	-1.423639e-03	1.268891e-02	-1.411255e-02	1.340073e-02	-1.583345e-03	1.208817e-03	1.591585e-03	2.004610e-03	-4.130243e-04
400           	1.682883e-02	6.831014e-03	9.997818e-03	-1.423641e-03	1.268887e-02	-1.411251e-02	1.340069e-02	-1.583402e-03	1.208859e-03	1.591654e-03	2.004686e-03	-4.130325e-04
401           	1.682879e-02	6.830936e-03	9.997852e-03	-1.423643e-03	1.268883e-02	-1.411247e-02	1.340065e-02	-1.583458e-03	1.208902e-03	1.591722e-03	2.004762e-03	-4.130405e-04
402           	1.682875e-02	6.830860e-03	9.997887e-03	-1.423645e-03	1.268879e-02	-1.411243e-02	1.340061e-02	-1.583514e-03	1.208943e-03	1.591789e-03	2.004838e-03	-4.130485e-04
403           	1.682871e-02	6.830785e-03	9.997921e-03	-1.423647e-03	1.268875e-02	-1.411240e-02	1.340058e-02	-1.583568e-03	1.208984e-03	1.591856e-03	2.004912e-03	-4.130563e-04
404           	1.682867e-02	6.830713e-03	9.997956e-03	-1.423648e-03	1.268872e-02	-1.411237e-02	1.340054e-02	-1.583621e-03	1.209025e-03	1.591921e-03	2.004985e-03	-4.130640e-04
405           	1.682863e-02	6.830643e-03	9.997991e-03	-1.423650e-03	1.268869e-02	-1.411234e-02	1.340051e-02	-1.583674e-03	1.209065e-03	1.591986e-03	2.005058e-03	-4.130715e-04
406           	1.682860e-02	6.830575e-03	9.998025e-03	-1.423652e-03	1.268865e-02	-1.411231e-02	1.340048e-02	-1.583725e-03	1.209104e-03	1.592050e-03	2.005129e-03	-4.130788e-04
407           	1.682857e-02	6.830509e-03	9.998060e-03	-1.423654e-03	1.268862e-02	-1.411228e-02	1.340045e-02	-1.583775e-03	1.209143e-03	1.592114e-03	2.005200e-03	-4.130860e-04
408           	1.682854e-02	6.830445e-03	9.998094e-03	-1.423656e-03	1.268860e-02	-1.411225e-02	1.340042e-02	-1.583824e-03	1.209181e-03	1.592176e-03	2.005269e-03	-4.130929e-04
409           	1.682851e-02	6.830383e-03	9.998128e-03	-1.423657e-03	1.268857e-02	-1.411223e-02	1.340040e-02	-1.583872e-03	1.209218e-03	1.592238e-03	2.005337e-03	-4.130997e-04
410           	1.682848e-02	6.830323e-03	9.998161e-03	-1.423659e-03	1.268854e-02	-1.411220e-02	1.340037e-02	-1.583919e-03	1.209255e-03	1.592298e-03	2.005404e-03	-4.131062e-04
411           	1.682846e-02	6.830265e-03	9.998195e-03	-1.423661e-03	1.268852e-02	-1.411218e-02	1.340035e-02	-1.583965e-03	1.209292e-03	1.592358e-03	2.005471e-03	-4.131126e-04
412           	1.682844e-02	6.830209e-03	9.998228e-03	-1.423662e-03	1.268850e-02	-1.411216e-02	1.340033e-02	-1.584009e-03	1.209327e-03	1.592417e-03	2.005536e-03	-4.131189e-04
413           	1.682842e-02	6.830155e-03	9.998261e-03	-1.423664e-03	1.268848e-02	-1.411214e-02	1.340031e-02	-1.584053e-03	1.209363e-03	1.592475e-03	2.005600e-03	-4.131250e-04
414           	1.682840e-02	6.830103e-03	9.998294e-03	-1.423666e-03	1.268845e-02	-1.411212e-02	1.340029e-02	-1.584096e-03	1.209397e-03	1.592532e-03	2.005663e-03	-4.131309e-04
415           	1.682838e-02	6.830052e-03	9.998327e-03	-1.423667e-03	1.268844e-02	-1.411210e-02	1.340027e-02	-1.584137e-03	1.209431e-03	1.592589e-03	2.005726e-03	-4.131368e-04
