# Force and moment coefficients
# dragDir     : (1.000000e+00 0.000000e+00 0.000000e+00)
# sideDir     : (0.000000e+00 1.000000e+00 0.000000e+00)
# liftDir     : (0.000000e+00 0.000000e+00 1.000000e+00)
# rollAxis    : (1.000000e+00 0.000000e+00 0.000000e+00)
# pitchAxis   : (0.000000e+00 1.000000e+00 0.000000e+00)
# yawAxis     : (0.000000e+00 0.000000e+00 1.000000e+00)
# magUInf     : 6.661800e+00
# lRef        : 1.499270e-01
# Aref        : 5.000000e-02
# CofR        : (0.000000e+00 0.000000e+00 0.000000e+00)
#
# Time        	Cd            	Cd(f)         	Cd(r)         	Cl            	Cl(f)         	Cl(r)         	CmPitch       	CmRoll        	CmYaw         	Cs            	Cs(f)         	Cs(r)         
1             	3.718348e-01	1.869683e-01	1.848666e-01	-2.312361e-02	2.946686e-01	-3.177922e-01	3.062304e-01	1.050836e-03	-1.112716e-03	-1.922669e-03	-2.074050e-03	1.513815e-04
2             	2.781251e-01	1.401515e-01	1.379736e-01	-2.897402e-02	2.195672e-01	-2.485413e-01	2.340543e-01	1.088965e-03	-1.110032e-03	-1.871082e-03	-2.045573e-03	1.744908e-04
3             	2.151377e-01	1.084419e-01	1.066958e-01	-2.858032e-02	1.690057e-01	-1.975860e-01	1.832959e-01	8.730362e-04	-8.643260e-04	-1.443113e-03	-1.585883e-03	1.427694e-04
4             	1.671001e-01	8.403116e-02	8.306899e-02	-2.384777e-02	1.304604e-01	-1.543082e-01	1.423843e-01	4.810856e-04	-4.621430e-04	-7.888856e-04	-8.565858e-04	6.770017e-05
5             	1.281427e-01	6.408836e-02	6.405434e-02	-1.684286e-02	9.928164e-02	-1.161245e-01	1.077031e-01	1.700825e-05	-1.475006e-06	-6.964652e-05	-3.629827e-05	-3.334826e-05
6             	9.683429e-02	4.800400e-02	4.883029e-02	-9.460319e-03	7.434284e-02	-8.380316e-02	7.907300e-02	-4.131485e-04	4.208366e-04	5.644258e-04	7.030495e-04	-1.386237e-04
7             	7.307260e-02	3.581059e-02	3.726201e-02	-3.108732e-03	5.555187e-02	-5.866060e-02	5.710623e-02	-7.257100e-04	7.296993e-04	1.004446e-03	1.231922e-03	-2.274762e-04
8             	5.667066e-02	2.746190e-02	2.920876e-02	1.406488e-03	4.273063e-02	-4.132414e-02	4.202738e-02	-8.734322e-04	8.824060e-04	1.196670e-03	1.480741e-03	-2.840709e-04
9             	4.683996e-02	2.256969e-02	2.427028e-02	3.859073e-03	3.520467e-02	-3.134560e-02	3.327513e-02	-8.502960e-04	8.728715e-04	1.144798e-03	1.445271e-03	-3.004725e-04
10            	4.223949e-02	2.043124e-02	2.180826e-02	4.462721e-03	3.185151e-02	-2.738879e-02	2.962015e-02	-6.885105e-04	7.289729e-04	9.021432e-04	1.180045e-03	-2.779013e-04
11            	4.122550e-02	2.016713e-02	2.105837e-02	3.698260e-03	3.131239e-02	-2.761413e-02	2.946326e-02	-4.456183e-04	5.019369e-04	5.526195e-04	7.782466e-04	-2.256271e-04
12            	4.216749e-02	2.089590e-02	2.127159e-02	2.141182e-03	3.225318e-02	-3.011200e-02	3.118259e-02	-1.878488e-04	2.529251e-04	1.885808e-04	3.472155e-04	-1.586347e-04
13            	4.370576e-02	2.187998e-02	2.182579e-02	3.241834e-04	3.357616e-02	-3.325198e-02	3.341407e-02	2.709537e-05	3.658702e-05	-1.121178e-04	-1.947187e-05	-9.264591e-05
14            	4.489819e-02	2.260794e-02	2.229025e-02	-1.348306e-03	3.453599e-02	-3.588429e-02	3.521014e-02	1.588475e-04	-1.071762e-04	-2.969667e-04	-2.556595e-04	-4.130712e-05
15            	4.525408e-02	2.281806e-02	2.243601e-02	-2.635087e-03	3.476258e-02	-3.739767e-02	3.608013e-02	1.910252e-04	-1.600520e-04	-3.461677e-04	-3.331358e-04	-1.303185e-05
16            	4.467472e-02	2.246863e-02	2.220609e-02	-3.450523e-03	3.420829e-02	-3.765881e-02	3.593355e-02	1.312733e-04	-1.263102e-04	-2.719700e-04	-2.622952e-04	-9.674726e-06
17            	4.333185e-02	2.167304e-02	2.165881e-02	-3.827105e-03	3.304048e-02	-3.686759e-02	3.495404e-02	7.112380e-06	-2.905306e-05	-1.115898e-04	-8.484798e-05	-2.674186e-05
18            	4.154099e-02	2.062678e-02	2.091421e-02	-3.869897e-03	3.153596e-02	-3.540586e-02	3.347091e-02	-1.437125e-04	9.784889e-05	8.480392e-05	1.402509e-04	-5.544693e-05
19            	3.963652e-02	1.953599e-02	2.010053e-02	-3.709300e-03	2.997632e-02	-3.368562e-02	3.183097e-02	-2.822735e-04	2.178679e-04	2.657576e-04	3.507467e-04	-8.498911e-05
20            	3.788447e-02	1.856405e-02	1.932042e-02	-3.464959e-03	2.857743e-02	-3.204239e-02	3.030991e-02	-3.781815e-04	3.016680e-04	3.913049e-04	4.973204e-04	-1.060156e-04
21            	3.643998e-02	1.780557e-02	1.863441e-02	-3.224850e-03	2.745706e-02	-3.068191e-02	2.906949e-02	-4.144227e-04	3.318491e-04	4.390884e-04	5.513932e-04	-1.123049e-04
22            	3.534309e-02	1.728249e-02	1.806060e-02	-3.037988e-03	2.663513e-02	-2.967312e-02	2.815412e-02	-3.890533e-04	3.052546e-04	4.066274e-04	5.085683e-04	-1.019410e-04
23            	3.454364e-02	1.695853e-02	1.758511e-02	-2.918697e-03	2.605707e-02	-2.897577e-02	2.751642e-02	-3.132899e-04	2.311558e-04	3.083088e-04	3.853102e-04	-7.700143e-05
24            	3.393783e-02	1.676191e-02	1.717591e-02	-2.856419e-03	2.562651e-02	-2.848293e-02	2.705472e-02	-2.069993e-04	1.277779e-04	1.700785e-04	2.128172e-04	-4.273867e-05
25            	3.341210e-02	1.661251e-02	1.679958e-02	-2.829140e-03	2.524339e-02	-2.807253e-02	2.665796e-02	-9.353595e-05	1.716607e-05	2.232639e-05	2.832927e-05	-6.002876e-06
26            	3.287533e-02	1.644344e-02	1.643189e-02	-2.814392e-03	2.483021e-02	-2.764460e-02	2.623741e-02	5.773993e-06	-8.017035e-05	-1.072453e-04	-1.337930e-04	2.654767e-05
27            	3.227504e-02	1.621319e-02	1.606185e-02	-2.795999e-03	2.434569e-02	-2.714169e-02	2.574369e-02	7.567029e-05	-1.493033e-04	-1.987590e-04	-2.486828e-04	4.992380e-05
28            	3.160173e-02	1.590987e-02	1.569186e-02	-2.767242e-03	2.378702e-02	-2.655426e-02	2.517064e-02	1.090036e-04	-1.830210e-04	-2.428194e-04	-3.044307e-04	6.161126e-05
29            	3.088175e-02	1.554764e-02	1.533411e-02	-2.730383e-03	2.318247e-02	-2.591286e-02	2.454767e-02	1.067671e-04	-1.821356e-04	-2.407030e-04	-3.024871e-04	6.178411e-05
30            	3.016292e-02	1.515808e-02	1.500484e-02	-2.693733e-03	2.257799e-02	-2.527172e-02	2.392485e-02	7.661931e-05	-1.540371e-04	-2.022871e-04	-2.551807e-04	5.289359e-05
31            	2.949623e-02	1.477851e-02	1.471772e-02	-2.667150e-03	2.202093e-02	-2.468808e-02	2.335450e-02	3.039421e-05	-1.104697e-04	-1.429471e-04	-1.819433e-04	3.899619e-05
32            	2.892170e-02	1.444186e-02	1.447984e-02	-2.658435e-03	2.154781e-02	-2.420624e-02	2.287703e-02	-1.899128e-05	-6.430846e-05	-7.943422e-05	-1.040256e-04	2.459135e-05
33            	2.846009e-02	1.416986e-02	1.429024e-02	-2.671126e-03	2.117705e-02	-2.384818e-02	2.251262e-02	-6.018852e-05	-2.690302e-05	-2.646156e-05	-4.013380e-05	1.367225e-05
34            	2.811026e-02	1.396989e-02	1.414037e-02	-2.703738e-03	2.090700e-02	-2.361074e-02	2.225887e-02	-8.523734e-05	-6.187975e-06	5.673600e-06	-3.351175e-06	9.024774e-06
35            	2.785208e-02	1.383557e-02	1.401651e-02	-2.750447e-03	2.071878e-02	-2.346923e-02	2.209400e-02	-9.046682e-05	-5.719370e-06	1.226823e-05	4.147433e-07	1.185348e-05
36            	2.765315e-02	1.375017e-02	1.390298e-02	-2.802814e-03	2.058257e-02	-2.338539e-02	2.198398e-02	-7.640573e-05	-2.474770e-05	-5.920748e-06	-2.770808e-05	2.178733e-05
37            	2.747722e-02	1.369166e-02	1.378555e-02	-2.851903e-03	2.046524e-02	-2.331714e-02	2.189119e-02	-4.694475e-05	-5.905982e-05	-4.377909e-05	-8.094937e-05	3.717028e-05
38            	2.729204e-02	1.363799e-02	1.365405e-02	-2.890261e-03	2.033744e-02	-2.322770e-02	2.178257e-02	-8.029637e-06	-1.023283e-04	-9.353681e-05	-1.490967e-04	5.555986e-05
39            	2.707527e-02	1.357142e-02	1.350385e-02	-2.913342e-03	2.017879e-02	-2.309213e-02	2.163546e-02	3.378300e-05	-1.476295e-04	-1.466705e-04	-2.209647e-04	7.429423e-05
40            	2.681719e-02	1.348120e-02	1.333599e-02	-2.920049e-03	1.998034e-02	-2.290038e-02	2.144036e-02	7.260601e-05	-1.887886e-04	-1.955665e-04	-2.865718e-04	9.100531e-05
41            	2.652029e-02	1.336426e-02	1.315603e-02	-2.912468e-03	1.974418e-02	-2.265664e-02	2.120041e-02	1.041144e-04	-2.213382e-04	-2.346942e-04	-3.386853e-04	1.039911e-04
42            	2.619653e-02	1.322426e-02	1.297227e-02	-2.894989e-03	1.948105e-02	-2.237603e-02	2.092854e-02	1.259929e-04	-2.429767e-04	-2.611571e-04	-3.735553e-04	1.123982e-04
43            	2.586319e-02	1.306949e-02	1.279371e-02	-2.873095e-03	1.920659e-02	-2.207969e-02	2.064314e-02	1.378892e-04	-2.535195e-04	-2.746385e-04	-3.908387e-04	1.162002e-04
44            	2.553838e-02	1.291026e-02	1.262811e-02	-2.852127e-03	1.893739e-02	-2.178951e-02	2.036345e-02	1.410757e-04	-2.545217e-04	-2.769283e-04	-3.929858e-04	1.160575e-04
45            	2.523719e-02	1.275649e-02	1.248070e-02	-2.836280e-03	1.868748e-02	-2.152376e-02	2.010562e-02	1.378948e-04	-2.486695e-04	-2.711742e-04	-3.842566e-04	1.130824e-04
46            	2.496921e-02	1.261571e-02	1.235349e-02	-2.827997e-03	1.846605e-02	-2.129405e-02	1.988005e-02	1.311108e-04	-2.390721e-04	-2.610269e-04	-3.695856e-04	1.085586e-04
47            	2.473752e-02	1.249211e-02	1.224540e-02	-2.827810e-03	1.827655e-02	-2.110436e-02	1.969046e-02	1.233551e-04	-2.286594e-04	-2.499148e-04	-3.536168e-04	1.037020e-04
48            	2.453922e-02	1.238632e-02	1.215289e-02	-2.834591e-03	1.811697e-02	-2.095157e-02	1.953427e-02	1.167161e-04	-2.197391e-04	-2.405073e-04	-3.399927e-04	9.948543e-05
49            	2.436700e-02	1.229602e-02	1.207097e-02	-2.846072e-03	1.798126e-02	-2.082733e-02	1.940429e-02	1.125255e-04	-2.137663e-04	-2.344523e-04	-3.309924e-04	9.654017e-05
50            	2.421129e-02	1.221698e-02	1.199430e-02	-2.859491e-03	1.786109e-02	-2.072058e-02	1.929084e-02	1.113402e-04	-2.113310e-04	-2.323655e-04	-3.275137e-04	9.514827e-05
51            	2.406243e-02	1.214427e-02	1.191816e-02	-2.872218e-03	1.774787e-02	-2.062009e-02	1.918398e-02	1.130544e-04	-2.122910e-04	-2.339977e-04	-3.292898e-04	9.529215e-05
52            	2.391250e-02	1.207337e-02	1.183913e-02	-2.882240e-03	1.763430e-02	-2.051654e-02	1.907542e-02	1.171190e-04	-2.160175e-04	-2.385366e-04	-3.352858e-04	9.674924e-05
53            	2.375645e-02	1.200100e-02	1.175544e-02	-2.888435e-03	1.751547e-02	-2.040391e-02	1.895969e-02	1.227789e-04	-2.216627e-04	-2.449344e-04	-3.441299e-04	9.919545e-05
54            	2.359243e-02	1.192550e-02	1.166693e-02	-2.890619e-03	1.738925e-02	-2.027987e-02	1.883456e-02	1.292859e-04	-2.283905e-04	-2.521902e-04	-3.544856e-04	1.022955e-04
55            	2.342153e-02	1.184681e-02	1.157472e-02	-2.889411e-03	1.725608e-02	-2.014549e-02	1.870078e-02	1.360457e-04	-2.355346e-04	-2.595409e-04	-3.653051e-04	1.057642e-04
56            	2.324694e-02	1.176615e-02	1.148078e-02	-2.885959e-03	1.711836e-02	-2.000432e-02	1.856134e-02	1.426862e-04	-2.426674e-04	-2.665454e-04	-3.759401e-04	1.093947e-04
57            	2.307288e-02	1.168549e-02	1.138739e-02	-2.881625e-03	1.697957e-02	-1.986119e-02	1.842038e-02	1.490507e-04	-2.495916e-04	-2.730708e-04	-3.861270e-04	1.130562e-04
58            	2.290361e-02	1.160695e-02	1.129667e-02	-2.877688e-03	1.684339e-02	-1.972108e-02	1.828223e-02	1.551397e-04	-2.562717e-04	-2.792039e-04	-3.958737e-04	1.166698e-04
59            	2.274256e-02	1.153232e-02	1.121024e-02	-2.875113e-03	1.671295e-02	-1.958806e-02	1.815051e-02	1.610413e-04	-2.627541e-04	-2.851428e-04	-4.053255e-04	1.201827e-04
60            	2.259179e-02	1.146274e-02	1.112904e-02	-2.874428e-03	1.659033e-02	-1.946476e-02	1.802755e-02	1.668486e-04	-2.690803e-04	-2.910765e-04	-4.146185e-04	1.235421e-04
61            	2.245184e-02	1.139851e-02	1.105334e-02	-2.875710e-03	1.647639e-02	-1.935210e-02	1.791424e-02	1.725870e-04	-2.752151e-04	-2.970879e-04	-4.237591e-04	1.266712e-04
62            	2.232193e-02	1.133917e-02	1.098276e-02	-2.878653e-03	1.637082e-02	-1.924947e-02	1.781014e-02	1.782040e-04	-2.810440e-04	-3.031319e-04	-4.326100e-04	1.294781e-04
63            	2.220026e-02	1.128370e-02	1.091656e-02	-2.882697e-03	1.627243e-02	-1.915513e-02	1.771378e-02	1.835727e-04	-2.863865e-04	-3.090400e-04	-4.409065e-04	1.318665e-04
64            	2.208457e-02	1.123079e-02	1.085377e-02	-2.887183e-03	1.617954e-02	-1.906672e-02	1.762313e-02	1.885095e-04	-2.910227e-04	-3.145501e-04	-4.482977e-04	1.337477e-04
65            	2.197255e-02	1.117910e-02	1.079345e-02	-2.891488e-03	1.609031e-02	-1.898180e-02	1.753606e-02	1.928261e-04	-2.947567e-04	-3.193799e-04	-4.544466e-04	1.350667e-04
66            	2.186233e-02	1.112756e-02	1.073477e-02	-2.895139e-03	1.600316e-02	-1.889830e-02	1.745073e-02	1.963972e-04	-2.974935e-04	-3.233203e-04	-4.591537e-04	1.358334e-04
67            	2.175261e-02	1.107549e-02	1.067713e-02	-2.897867e-03	1.591692e-02	-1.881479e-02	1.736586e-02	1.991807e-04	-2.992578e-04	-3.262744e-04	-4.623950e-04	1.361207e-04
68            	2.164284e-02	1.102266e-02	1.062018e-02	-2.899618e-03	1.583096e-02	-1.873058e-02	1.728077e-02	2.012419e-04	-3.002122e-04	-3.282934e-04	-4.643589e-04	1.360655e-04
69            	2.153309e-02	1.096930e-02	1.056379e-02	-2.900519e-03	1.574514e-02	-1.864566e-02	1.719540e-02	2.027523e-04	-3.006420e-04	-3.295762e-04	-4.654302e-04	1.358539e-04
70            	2.142389e-02	1.091591e-02	1.050798e-02	-2.900817e-03	1.565973e-02	-1.856055e-02	1.711014e-02	2.039616e-04	-3.009117e-04	-3.304355e-04	-4.661294e-04	1.356939e-04
71            	2.131604e-02	1.086318e-02	1.045287e-02	-2.900811e-03	1.557524e-02	-1.847605e-02	1.702564e-02	2.051552e-04	-3.014056e-04	-3.312421e-04	-4.670267e-04	1.357846e-04
72            	2.121039e-02	1.081180e-02	1.039859e-02	-2.900788e-03	1.549223e-02	-1.839302e-02	1.694263e-02	2.066072e-04	-3.024674e-04	-3.323623e-04	-4.686485e-04	1.362863e-04
73            	2.110762e-02	1.076236e-02	1.034526e-02	-2.900969e-03	1.541125e-02	-1.831222e-02	1.686173e-02	2.085495e-04	-3.043631e-04	-3.341158e-04	-4.714210e-04	1.373052e-04
74            	2.100817e-02	1.071521e-02	1.029296e-02	-2.901485e-03	1.533264e-02	-1.823412e-02	1.678338e-02	2.111225e-04	-3.072244e-04	-3.367073e-04	-4.755780e-04	1.388707e-04
75            	2.091219e-02	1.067046e-02	1.024173e-02	-2.902369e-03	1.525656e-02	-1.815893e-02	1.670775e-02	2.143614e-04	-3.110391e-04	-3.402068e-04	-4.811425e-04	1.409357e-04
76            	2.081955e-02	1.062797e-02	1.019158e-02	-2.903573e-03	1.518299e-02	-1.808656e-02	1.663477e-02	2.181939e-04	-3.156542e-04	-3.445416e-04	-4.879249e-04	1.433834e-04
77            	2.072993e-02	1.058743e-02	1.014250e-02	-2.904994e-03	1.511174e-02	-1.801673e-02	1.656424e-02	2.224685e-04	-3.208226e-04	-3.495328e-04	-4.955890e-04	1.460562e-04
78            	2.064291e-02	1.054842e-02	1.009448e-02	-2.906504e-03	1.504256e-02	-1.794906e-02	1.649581e-02	2.269703e-04	-3.262251e-04	-3.549110e-04	-5.036806e-04	1.487696e-04
79            	2.055804e-02	1.051048e-02	1.004756e-02	-2.907981e-03	1.497517e-02	-1.788315e-02	1.642916e-02	2.314588e-04	-3.315244e-04	-3.603665e-04	-5.117077e-04	1.513412e-04
80            	2.047496e-02	1.047318e-02	1.000178e-02	-2.909331e-03	1.490931e-02	-1.781864e-02	1.636398e-02	2.357039e-04	-3.364136e-04	-3.655967e-04	-5.192120e-04	1.536153e-04
81            	2.039342e-02	1.043622e-02	9.957192e-03	-2.910500e-03	1.484482e-02	-1.775532e-02	1.630007e-02	2.395154e-04	-3.406529e-04	-3.703444e-04	-5.258251e-04	1.554807e-04
82            	2.031328e-02	1.039940e-02	9.913878e-03	-2.911481e-03	1.478160e-02	-1.769308e-02	1.623734e-02	2.427601e-04	-3.440915e-04	-3.744244e-04	-5.313038e-04	1.568793e-04
83            	2.023454e-02	1.036265e-02	9.871894e-03	-2.912300e-03	1.471965e-02	-1.763195e-02	1.617580e-02	2.453761e-04	-3.466793e-04	-3.777430e-04	-5.355509e-04	1.578078e-04
84            	2.015729e-02	1.032601e-02	9.831280e-03	-2.913011e-03	1.465900e-02	-1.757201e-02	1.611550e-02	2.473630e-04	-3.484508e-04	-3.802876e-04	-5.385946e-04	1.583070e-04
85            	2.008165e-02	1.028963e-02	9.792021e-03	-2.913680e-03	1.459973e-02	-1.751341e-02	1.605657e-02	2.488051e-04	-3.495484e-04	-3.821568e-04	-5.406268e-04	1.584701e-04
86            	2.000777e-02	1.025371e-02	9.754064e-03	-2.914367e-03	1.454192e-02	-1.745629e-02	1.599910e-02	2.498207e-04	-3.501551e-04	-3.834962e-04	-5.419032e-04	1.584070e-04
87            	1.993574e-02	1.021842e-02	9.717316e-03	-2.915118e-03	1.448562e-02	-1.740074e-02	1.594318e-02	2.505527e-04	-3.504777e-04	-3.844844e-04	-5.427199e-04	1.582355e-04
88            	1.986559e-02	1.018394e-02	9.681651e-03	-2.915958e-03	1.443083e-02	-1.734679e-02	1.588881e-02	2.511463e-04	-3.507176e-04	-3.853052e-04	-5.433701e-04	1.580650e-04
89            	1.979732e-02	1.015039e-02	9.646929e-03	-2.916889e-03	1.437752e-02	-1.729441e-02	1.583596e-02	2.517314e-04	-3.510471e-04	-3.861253e-04	-5.441097e-04	1.579844e-04
90            	1.973084e-02	1.011783e-02	9.613008e-03	-2.917895e-03	1.432562e-02	-1.724351e-02	1.578456e-02	2.524106e-04	-3.515947e-04	-3.870782e-04	-5.451338e-04	1.580556e-04
91            	1.966602e-02	1.008626e-02	9.579760e-03	-2.918946e-03	1.427502e-02	-1.719397e-02	1.573449e-02	2.532523e-04	-3.524372e-04	-3.882541e-04	-5.465642e-04	1.583101e-04
92            	1.960274e-02	1.005566e-02	9.547083e-03	-2.920005e-03	1.422563e-02	-1.714563e-02	1.568563e-02	2.542891e-04	-3.536002e-04	-3.896975e-04	-5.484489e-04	1.587514e-04
93            	1.954086e-02	1.002595e-02	9.514910e-03	-2.921038e-03	1.417732e-02	-1.709836e-02	1.563784e-02	2.555187e-04	-3.550609e-04	-3.914065e-04	-5.507641e-04	1.593577e-04
94            	1.948025e-02	9.997039e-03	9.483215e-03	-2.922017e-03	1.413004e-02	-1.705205e-02	1.559104e-02	2.569119e-04	-3.567611e-04	-3.933433e-04	-5.534327e-04	1.600895e-04
95            	1.942084e-02	9.968837e-03	9.451998e-03	-2.922924e-03	1.408369e-02	-1.700662e-02	1.554515e-02	2.584191e-04	-3.586190e-04	-3.954438e-04	-5.563409e-04	1.608971e-04
96            	1.936255e-02	9.941249e-03	9.421299e-03	-2.923753e-03	1.403825e-02	-1.696201e-02	1.550013e-02	2.599751e-04	-3.605367e-04	-3.976245e-04	-5.593490e-04	1.617245e-04
97            	1.930537e-02	9.914210e-03	9.391164e-03	-2.924511e-03	1.399371e-02	-1.691822e-02	1.545597e-02	2.615231e-04	-3.624299e-04	-3.998117e-04	-5.623358e-04	1.625240e-04
98            	1.924932e-02	9.887668e-03	9.361655e-03	-2.925212e-03	1.395008e-02	-1.687529e-02	1.541268e-02	2.630065e-04	-3.642205e-04	-4.019329e-04	-5.651869e-04	1.632540e-04
99            	1.919442e-02	9.861591e-03	9.332829e-03	-2.925874e-03	1.390737e-02	-1.683324e-02	1.537031e-02	2.643808e-04	-3.658500e-04	-4.039298e-04	-5.678149e-04	1.638851e-04
100           	1.914070e-02	9.835964e-03	9.304733e-03	-2.926518e-03	1.386561e-02	-1.679213e-02	1.532887e-02	2.656157e-04	-3.672819e-04	-4.057609e-04	-5.701624e-04	1.644015e-04
101           	1.908818e-02	9.810786e-03	9.277394e-03	-2.927163e-03	1.382483e-02	-1.675199e-02	1.528841e-02	2.666960e-04	-3.685016e-04	-4.074035e-04	-5.722034e-04	1.647999e-04
102           	1.903688e-02	9.786059e-03	9.250823e-03	-2.927820e-03	1.378502e-02	-1.671284e-02	1.524893e-02	2.676181e-04	-3.695117e-04	-4.088510e-04	-5.739372e-04	1.650862e-04
103           	1.898681e-02	9.761793e-03	9.225014e-03	-2.928500e-03	1.374619e-02	-1.667469e-02	1.521044e-02	2.683896e-04	-3.703295e-04	-4.101109e-04	-5.753849e-04	1.652741e-04
104           	1.893794e-02	9.737987e-03	9.199948e-03	-2.929203e-03	1.370832e-02	-1.663752e-02	1.517292e-02	2.690196e-04	-3.709747e-04	-4.111931e-04	-5.765712e-04	1.653781e-04
105           	1.889024e-02	9.714652e-03	9.175585e-03	-2.929928e-03	1.367138e-02	-1.660131e-02	1.513635e-02	2.695337e-04	-3.714845e-04	-4.121291e-04	-5.775490e-04	1.654199e-04
106           	1.884367e-02	9.691789e-03	9.151882e-03	-2.930667e-03	1.363535e-02	-1.656602e-02	1.510069e-02	2.699533e-04	-3.718901e-04	-4.129455e-04	-5.783628e-04	1.654173e-04
107           	1.879819e-02	9.669392e-03	9.128797e-03	-2.931413e-03	1.360018e-02	-1.653159e-02	1.506589e-02	2.702978e-04	-3.722179e-04	-4.136663e-04	-5.790511e-04	1.653847e-04
108           	1.875374e-02	9.647455e-03	9.106289e-03	-2.932156e-03	1.356583e-02	-1.649799e-02	1.503191e-02	2.705827e-04	-3.724886e-04	-4.143119e-04	-5.796446e-04	1.653327e-04
109           	1.871029e-02	9.625966e-03	9.084322e-03	-2.932888e-03	1.353227e-02	-1.646516e-02	1.499872e-02	2.708224e-04	-3.727189e-04	-4.148998e-04	-5.801688e-04	1.652690e-04
110           	1.866778e-02	9.604919e-03	9.062863e-03	-2.933604e-03	1.349946e-02	-1.643306e-02	1.496626e-02	2.710283e-04	-3.729207e-04	-4.154434e-04	-5.806423e-04	1.651990e-04
111           	1.862619e-02	9.584306e-03	9.041888e-03	-2.934299e-03	1.346737e-02	-1.640167e-02	1.493452e-02	2.712090e-04	-3.731015e-04	-4.159520e-04	-5.810775e-04	1.651255e-04
112           	1.858550e-02	9.564118e-03	9.021379e-03	-2.934972e-03	1.343599e-02	-1.637096e-02	1.490347e-02	2.713693e-04	-3.732640e-04	-4.164305e-04	-5.814792e-04	1.650487e-04
113           	1.854567e-02	9.544348e-03	9.001326e-03	-2.935624e-03	1.340529e-02	-1.634091e-02	1.487310e-02	2.715109e-04	-3.734071e-04	-4.168794e-04	-5.818469e-04	1.649674e-04
114           	1.850671e-02	9.524988e-03	8.981723e-03	-2.936256e-03	1.337527e-02	-1.631152e-02	1.484340e-02	2.716324e-04	-3.735268e-04	-4.172961e-04	-5.821748e-04	1.648788e-04
115           	1.846860e-02	9.506030e-03	8.962567e-03	-2.936871e-03	1.334591e-02	-1.628278e-02	1.481435e-02	2.717315e-04	-3.736177e-04	-4.176764e-04	-5.824559e-04	1.647795e-04
116           	1.843131e-02	9.487457e-03	8.943856e-03	-2.937471e-03	1.331720e-02	-1.625468e-02	1.478594e-02	2.718004e-04	-3.736664e-04	-4.180073e-04	-5.826700e-04	1.646627e-04
117           	1.839486e-02	9.469274e-03	8.925588e-03	-2.938061e-03	1.328915e-02	-1.622721e-02	1.475818e-02	2.718428e-04	-3.736796e-04	-4.182965e-04	-5.828278e-04	1.645314e-04
118           	1.835923e-02	9.451471e-03	8.907763e-03	-2.938644e-03	1.326174e-02	-1.620038e-02	1.473106e-02	2.718538e-04	-3.736521e-04	-4.185392e-04	-5.829218e-04	1.643825e-04
119           	1.832442e-02	9.434039e-03	8.890381e-03	-2.939223e-03	1.323496e-02	-1.617419e-02	1.470458e-02	2.718294e-04	-3.735824e-04	-4.187348e-04	-5.829498e-04	1.642151e-04
120           	1.829040e-02	9.416963e-03	8.873435e-03	-2.939796e-03	1.320881e-02	-1.614861e-02	1.467871e-02	2.717643e-04	-3.734629e-04	-4.188759e-04	-5.829008e-04	1.640250e-04
121           	1.825715e-02	9.400234e-03	8.856917e-03	-2.940362e-03	1.318326e-02	-1.612362e-02	1.465344e-02	2.716584e-04	-3.732938e-04	-4.189624e-04	-5.827750e-04	1.638126e-04
122           	1.822466e-02	9.383844e-03	8.840815e-03	-2.940922e-03	1.315830e-02	-1.609922e-02	1.462876e-02	2.715147e-04	-3.730786e-04	-4.189969e-04	-5.825771e-04	1.635801e-04
123           	1.819291e-02	9.367790e-03	8.825117e-03	-2.941473e-03	1.313392e-02	-1.607539e-02	1.460465e-02	2.713368e-04	-3.728214e-04	-4.189828e-04	-5.823129e-04	1.633300e-04
124           	1.816188e-02	9.352064e-03	8.809811e-03	-2.942014e-03	1.311010e-02	-1.605211e-02	1.458110e-02	2.711267e-04	-3.725253e-04	-4.189223e-04	-5.819865e-04	1.630641e-04
125           	1.813155e-02	9.336663e-03	8.794884e-03	-2.942547e-03	1.308682e-02	-1.602937e-02	1.455809e-02	2.708898e-04	-3.721967e-04	-4.188209e-04	-5.816072e-04	1.627863e-04
126           	1.810190e-02	9.321579e-03	8.780320e-03	-2.943066e-03	1.306407e-02	-1.600714e-02	1.453561e-02	2.706295e-04	-3.718374e-04	-4.186783e-04	-5.811765e-04	1.624983e-04
127           	1.807292e-02	9.306820e-03	8.766105e-03	-2.943575e-03	1.304185e-02	-1.598543e-02	1.451364e-02	2.703571e-04	-3.714631e-04	-4.185106e-04	-5.807184e-04	1.622078e-04
128           	1.804461e-02	9.292384e-03	8.752226e-03	-2.944074e-03	1.302014e-02	-1.596421e-02	1.449218e-02	2.700790e-04	-3.710811e-04	-4.183248e-04	-5.802435e-04	1.619187e-04
129           	1.801694e-02	9.278273e-03	8.738668e-03	-2.944562e-03	1.299893e-02	-1.594349e-02	1.447121e-02	2.698026e-04	-3.706992e-04	-4.181280e-04	-5.797632e-04	1.616352e-04
130           	1.798990e-02	9.264486e-03	8.725417e-03	-2.945040e-03	1.297821e-02	-1.592325e-02	1.445073e-02	2.695347e-04	-3.703243e-04	-4.179261e-04	-5.792873e-04	1.613613e-04
131           	1.796348e-02	9.251020e-03	8.712462e-03	-2.945506e-03	1.295797e-02	-1.590348e-02	1.443072e-02	2.692791e-04	-3.699587e-04	-4.177208e-04	-5.788191e-04	1.610983e-04
132           	1.793767e-02	9.237871e-03	8.699794e-03	-2.945962e-03	1.293820e-02	-1.588416e-02	1.441118e-02	2.690381e-04	-3.696045e-04	-4.175141e-04	-5.783615e-04	1.608474e-04
133           	1.791244e-02	9.225031e-03	8.687408e-03	-2.946406e-03	1.291888e-02	-1.586529e-02	1.439208e-02	2.688119e-04	-3.692618e-04	-4.173070e-04	-5.779153e-04	1.606082e-04
134           	1.788779e-02	9.212494e-03	8.675297e-03	-2.946839e-03	1.290001e-02	-1.584685e-02	1.437343e-02	2.685983e-04	-3.689281e-04	-4.170982e-04	-5.774772e-04	1.603790e-04
135           	1.786371e-02	9.200249e-03	8.663460e-03	-2.947261e-03	1.288157e-02	-1.582884e-02	1.435520e-02	2.683943e-04	-3.686004e-04	-4.168863e-04	-5.770435e-04	1.601572e-04
136           	1.784018e-02	9.188288e-03	8.651893e-03	-2.947672e-03	1.286357e-02	-1.581124e-02	1.433740e-02	2.681975e-04	-3.682772e-04	-4.166715e-04	-5.766130e-04	1.599415e-04
137           	1.781720e-02	9.176603e-03	8.640593e-03	-2.948072e-03	1.284598e-02	-1.579405e-02	1.432001e-02	2.680052e-04	-3.679572e-04	-4.164539e-04	-5.761841e-04	1.597302e-04
138           	1.779474e-02	9.165186e-03	8.629556e-03	-2.948460e-03	1.282880e-02	-1.577726e-02	1.430303e-02	2.678147e-04	-3.676383e-04	-4.162326e-04	-5.757546e-04	1.595220e-04
139           	1.777281e-02	9.154028e-03	8.618780e-03	-2.948838e-03	1.281202e-02	-1.576086e-02	1.428644e-02	2.676241e-04	-3.673193e-04	-4.160068e-04	-5.753227e-04	1.593159e-04
140           	1.775138e-02	9.143124e-03	8.608260e-03	-2.949205e-03	1.279564e-02	-1.574484e-02	1.427024e-02	2.674316e-04	-3.669988e-04	-4.157757e-04	-5.748867e-04	1.591109e-04
141           	1.773047e-02	9.132472e-03	8.598000e-03	-2.949561e-03	1.277965e-02	-1.572921e-02	1.425443e-02	2.672362e-04	-3.666755e-04	-4.155395e-04	-5.744452e-04	1.589058e-04
142           	1.771005e-02	9.122062e-03	8.587984e-03	-2.949907e-03	1.276404e-02	-1.571395e-02	1.423900e-02	2.670388e-04	-3.663506e-04	-4.152989e-04	-5.740000e-04	1.587011e-04
143           	1.769010e-02	9.111890e-03	8.578206e-03	-2.950242e-03	1.274880e-02	-1.569904e-02	1.422392e-02	2.668420e-04	-3.660268e-04	-4.150562e-04	-5.735549e-04	1.584987e-04
144           	1.767061e-02	9.101953e-03	8.568657e-03	-2.950566e-03	1.273391e-02	-1.568448e-02	1.420920e-02	2.666477e-04	-3.657062e-04	-4.148126e-04	-5.731125e-04	1.582999e-04
145           	1.765158e-02	9.092247e-03	8.559333e-03	-2.950880e-03	1.271938e-02	-1.567026e-02	1.419482e-02	2.664569e-04	-3.653900e-04	-4.145693e-04	-5.726746e-04	1.581054e-04
146           	1.763300e-02	9.082768e-03	8.550228e-03	-2.951183e-03	1.270519e-02	-1.565637e-02	1.418078e-02	2.662704e-04	-3.650794e-04	-4.143270e-04	-5.722429e-04	1.579159e-04
147           	1.761485e-02	9.073515e-03	8.541334e-03	-2.951478e-03	1.269133e-02	-1.564281e-02	1.416707e-02	2.660903e-04	-3.647771e-04	-4.140882e-04	-5.718212e-04	1.577330e-04
148           	1.759713e-02	9.064479e-03	8.532646e-03	-2.951762e-03	1.267780e-02	-1.562956e-02	1.415368e-02	2.659166e-04	-3.644818e-04	-4.138507e-04	-5.714071e-04	1.575564e-04
149           	1.757982e-02	9.055668e-03	8.524154e-03	-2.952038e-03	1.266460e-02	-1.561663e-02	1.414062e-02	2.657571e-04	-3.642033e-04	-4.136257e-04	-5.710161e-04	1.573904e-04
150           	1.756293e-02	9.047078e-03	8.515849e-03	-2.952306e-03	1.265171e-02	-1.560401e-02	1.412786e-02	2.656145e-04	-3.639441e-04	-4.134158e-04	-5.706520e-04	1.572362e-04
151           	1.754643e-02	9.038707e-03	8.507728e-03	-2.952566e-03	1.263913e-02	-1.559169e-02	1.411541e-02	2.654897e-04	-3.637057e-04	-4.132224e-04	-5.703169e-04	1.570945e-04
152           	1.753033e-02	9.030550e-03	8.499784e-03	-2.952816e-03	1.262685e-02	-1.557967e-02	1.410326e-02	2.653830e-04	-3.634885e-04	-4.130462e-04	-5.700116e-04	1.569654e-04
153           	1.751461e-02	9.022600e-03	8.492013e-03	-2.953059e-03	1.261487e-02	-1.556793e-02	1.409140e-02	2.652934e-04	-3.632918e-04	-4.128868e-04	-5.697353e-04	1.568484e-04
154           	1.749927e-02	9.014854e-03	8.484413e-03	-2.953293e-03	1.260317e-02	-1.555646e-02	1.407982e-02	2.652204e-04	-3.631155e-04	-4.127445e-04	-5.694877e-04	1.567432e-04
155           	1.748428e-02	9.007305e-03	8.476979e-03	-2.953518e-03	1.259176e-02	-1.554528e-02	1.406852e-02	2.651634e-04	-3.629591e-04	-4.126192e-04	-5.692687e-04	1.566495e-04
156           	1.746966e-02	8.999947e-03	8.469709e-03	-2.953734e-03	1.258062e-02	-1.553435e-02	1.405748e-02	2.651190e-04	-3.628198e-04	-4.125094e-04	-5.690745e-04	1.565651e-04
157           	1.745538e-02	8.992777e-03	8.462600e-03	-2.953943e-03	1.256974e-02	-1.552369e-02	1.404671e-02	2.650884e-04	-3.626973e-04	-4.124146e-04	-5.689046e-04	1.564900e-04
158           	1.744144e-02	8.985790e-03	8.455649e-03	-2.954144e-03	1.255913e-02	-1.551328e-02	1.403621e-02	2.650703e-04	-3.625899e-04	-4.123336e-04	-5.687567e-04	1.564231e-04
159           	1.742784e-02	8.978981e-03	8.448854e-03	-2.954337e-03	1.254878e-02	-1.550312e-02	1.402595e-02	2.650635e-04	-3.624957e-04	-4.122650e-04	-5.686282e-04	1.563632e-04
160           	1.741456e-02	8.972346e-03	8.442212e-03	-2.954524e-03	1.253868e-02	-1.549321e-02	1.401594e-02	2.650670e-04	-3.624135e-04	-4.122077e-04	-5.685173e-04	1.563096e-04
161           	1.740160e-02	8.965881e-03	8.435720e-03	-2.954703e-03	1.252883e-02	-1.548353e-02	1.400618e-02	2.650808e-04	-3.623424e-04	-4.121609e-04	-5.684229e-04	1.562620e-04
162           	1.738896e-02	8.959583e-03	8.429372e-03	-2.954876e-03	1.251922e-02	-1.547409e-02	1.399665e-02	2.651055e-04	-3.622825e-04	-4.121245e-04	-5.683447e-04	1.562203e-04
163           	1.737662e-02	8.953450e-03	8.423167e-03	-2.955042e-03	1.250984e-02	-1.546488e-02	1.398736e-02	2.651414e-04	-3.622334e-04	-4.120981e-04	-5.682825e-04	1.561844e-04
164           	1.736458e-02	8.947476e-03	8.417100e-03	-2.955202e-03	1.250069e-02	-1.545590e-02	1.397829e-02	2.651879e-04	-3.621944e-04	-4.120808e-04	-5.682348e-04	1.561540e-04
165           	1.735283e-02	8.941658e-03	8.411170e-03	-2.955356e-03	1.249177e-02	-1.544713e-02	1.396945e-02	2.652440e-04	-3.621643e-04	-4.120714e-04	-5.682000e-04	1.561286e-04
166           	1.734136e-02	8.935991e-03	8.405373e-03	-2.955503e-03	1.248307e-02	-1.543858e-02	1.396082e-02	2.653090e-04	-3.621420e-04	-4.120688e-04	-5.681764e-04	1.561076e-04
167           	1.733018e-02	8.930473e-03	8.399708e-03	-2.955645e-03	1.247459e-02	-1.543023e-02	1.395241e-02	2.653823e-04	-3.621273e-04	-4.120726e-04	-5.681635e-04	1.560910e-04
168           	1.731927e-02	8.925099e-03	8.394172e-03	-2.955781e-03	1.246631e-02	-1.542209e-02	1.394420e-02	2.654634e-04	-3.621198e-04	-4.120823e-04	-5.681610e-04	1.560787e-04
169           	1.730863e-02	8.919866e-03	8.388761e-03	-2.955912e-03	1.245824e-02	-1.541415e-02	1.393620e-02	2.655527e-04	-3.621206e-04	-4.120987e-04	-5.681699e-04	1.560713e-04
170           	1.729825e-02	8.914774e-03	8.383472e-03	-2.956037e-03	1.245038e-02	-1.540641e-02	1.392839e-02	2.656511e-04	-3.621312e-04	-4.121232e-04	-5.681928e-04	1.560696e-04
171           	1.728812e-02	8.909820e-03	8.378300e-03	-2.956157e-03	1.244270e-02	-1.539886e-02	1.392078e-02	2.657600e-04	-3.621539e-04	-4.121581e-04	-5.682329e-04	1.560748e-04
172           	1.727824e-02	8.905002e-03	8.373241e-03	-2.956272e-03	1.243523e-02	-1.539150e-02	1.391336e-02	2.658807e-04	-3.621907e-04	-4.122054e-04	-5.682934e-04	1.560880e-04
173           	1.726861e-02	8.900320e-03	8.368291e-03	-2.956383e-03	1.242794e-02	-1.538432e-02	1.390613e-02	2.660144e-04	-3.622429e-04	-4.122666e-04	-5.683762e-04	1.561096e-04
174           	1.725922e-02	8.895770e-03	8.363447e-03	-2.956488e-03	1.242083e-02	-1.537732e-02	1.389907e-02	2.661616e-04	-3.623119e-04	-4.123430e-04	-5.684834e-04	1.561403e-04
175           	1.725006e-02	8.891352e-03	8.358707e-03	-2.956589e-03	1.241390e-02	-1.537049e-02	1.389220e-02	2.663225e-04	-3.623981e-04	-4.124354e-04	-5.686158e-04	1.561803e-04
176           	1.724113e-02	8.887061e-03	8.354066e-03	-2.956686e-03	1.240715e-02	-1.536384e-02	1.388549e-02	2.664973e-04	-3.625020e-04	-4.125444e-04	-5.687742e-04	1.562297e-04
177           	1.723242e-02	8.882895e-03	8.349523e-03	-2.956779e-03	1.240057e-02	-1.535735e-02	1.387896e-02	2.666863e-04	-3.626238e-04	-4.126704e-04	-5.689590e-04	1.562886e-04
178           	1.722393e-02	8.878853e-03	8.345074e-03	-2.956868e-03	1.239415e-02	-1.535102e-02	1.387259e-02	2.668900e-04	-3.627644e-04	-4.128141e-04	-5.691714e-04	1.563573e-04
179           	1.721565e-02	8.874933e-03	8.340715e-03	-2.956953e-03	1.238790e-02	-1.534486e-02	1.386638e-02	2.671089e-04	-3.629243e-04	-4.129765e-04	-5.694126e-04	1.564361e-04
180           	1.720758e-02	8.871133e-03	8.336446e-03	-2.957034e-03	1.238181e-02	-1.533885e-02	1.386033e-02	2.673432e-04	-3.631039e-04	-4.131578e-04	-5.696828e-04	1.565250e-04
181           	1.719971e-02	8.867440e-03	8.332267e-03	-2.957110e-03	1.237587e-02	-1.533298e-02	1.385443e-02	2.675868e-04	-3.632955e-04	-4.133503e-04	-5.699706e-04	1.566204e-04
182           	1.719204e-02	8.863865e-03	8.328171e-03	-2.957184e-03	1.237009e-02	-1.532727e-02	1.384868e-02	2.678468e-04	-3.635090e-04	-4.135641e-04	-5.702910e-04	1.567269e-04
183           	1.718456e-02	8.860403e-03	8.324157e-03	-2.957254e-03	1.236445e-02	-1.532170e-02	1.384308e-02	2.681229e-04	-3.637439e-04	-4.137990e-04	-5.706433e-04	1.568444e-04
184           	1.717728e-02	8.857051e-03	8.320224e-03	-2.957322e-03	1.235896e-02	-1.531628e-02	1.383762e-02	2.684138e-04	-3.639988e-04	-4.140536e-04	-5.710256e-04	1.569720e-04
185           	1.717018e-02	8.853807e-03	8.316370e-03	-2.957387e-03	1.235362e-02	-1.531100e-02	1.383231e-02	2.687183e-04	-3.642719e-04	-4.143263e-04	-5.714351e-04	1.571088e-04
186           	1.716326e-02	8.850665e-03	8.312595e-03	-2.957450e-03	1.234841e-02	-1.530586e-02	1.382713e-02	2.690350e-04	-3.645615e-04	-4.146155e-04	-5.718693e-04	1.572538e-04
187           	1.715652e-02	8.847623e-03	8.308897e-03	-2.957509e-03	1.234334e-02	-1.530085e-02	1.382209e-02	2.693627e-04	-3.648658e-04	-4.149195e-04	-5.723255e-04	1.574060e-04
188           	1.714995e-02	8.844676e-03	8.305276e-03	-2.957566e-03	1.233840e-02	-1.529596e-02	1.381718e-02	2.697003e-04	-3.651830e-04	-4.152368e-04	-5.728014e-04	1.575646e-04
189           	1.714355e-02	8.841823e-03	8.301730e-03	-2.957620e-03	1.233359e-02	-1.529121e-02	1.381240e-02	2.700464e-04	-3.655114e-04	-4.155657e-04	-5.732943e-04	1.577286e-04
190           	1.713732e-02	8.839058e-03	8.298259e-03	-2.957672e-03	1.232890e-02	-1.528657e-02	1.380773e-02	2.703997e-04	-3.658495e-04	-4.159047e-04	-5.738018e-04	1.578971e-04
191           	1.713124e-02	8.836380e-03	8.294862e-03	-2.957721e-03	1.232433e-02	-1.528206e-02	1.380320e-02	2.707591e-04	-3.661956e-04	-4.162523e-04	-5.743217e-04	1.580695e-04
192           	1.712532e-02	8.833785e-03	8.291538e-03	-2.957768e-03	1.231989e-02	-1.527766e-02	1.379877e-02	2.711234e-04	-3.665486e-04	-4.166071e-04	-5.748522e-04	1.582450e-04
193           	1.711956e-02	8.831271e-03	8.288287e-03	-2.957812e-03	1.231556e-02	-1.527338e-02	1.379447e-02	2.714920e-04	-3.669075e-04	-4.169684e-04	-5.753918e-04	1.584233e-04
194           	1.711394e-02	8.828836e-03	8.285108e-03	-2.957854e-03	1.231135e-02	-1.526920e-02	1.379028e-02	2.718641e-04	-3.672715e-04	-4.173352e-04	-5.759391e-04	1.586039e-04
195           	1.710847e-02	8.826476e-03	8.281998e-03	-2.957895e-03	1.230725e-02	-1.526514e-02	1.378620e-02	2.722390e-04	-3.676394e-04	-4.177063e-04	-5.764925e-04	1.587862e-04
196           	1.710315e-02	8.824191e-03	8.278959e-03	-2.957934e-03	1.230326e-02	-1.526119e-02	1.378222e-02	2.726160e-04	-3.680101e-04	-4.180809e-04	-5.770505e-04	1.589697e-04
197           	1.709796e-02	8.821977e-03	8.275987e-03	-2.957970e-03	1.229937e-02	-1.525734e-02	1.377836e-02	2.729948e-04	-3.683827e-04	-4.184577e-04	-5.776115e-04	1.591539e-04
198           	1.709292e-02	8.819832e-03	8.273083e-03	-2.958006e-03	1.229559e-02	-1.525360e-02	1.377460e-02	2.733745e-04	-3.687560e-04	-4.188354e-04	-5.781737e-04	1.593383e-04
199           	1.708800e-02	8.817755e-03	8.270246e-03	-2.958040e-03	1.229191e-02	-1.524995e-02	1.377093e-02	2.737546e-04	-3.691289e-04	-4.192129e-04	-5.787354e-04	1.595225e-04
200           	1.708322e-02	8.815743e-03	8.267474e-03	-2.958072e-03	1.228833e-02	-1.524641e-02	1.376737e-02	2.741344e-04	-3.695006e-04	-4.195892e-04	-5.792951e-04	1.597060e-04
201           	1.707855e-02	8.813784e-03	8.264771e-03	-2.958102e-03	1.228485e-02	-1.524295e-02	1.376390e-02	2.745068e-04	-3.698619e-04	-4.199550e-04	-5.798394e-04	1.598844e-04
202           	1.707402e-02	8.811889e-03	8.262130e-03	-2.958131e-03	1.228146e-02	-1.523959e-02	1.376052e-02	2.748796e-04	-3.702231e-04	-4.203203e-04	-5.803832e-04	1.600629e-04
203           	1.706961e-02	8.810055e-03	8.259552e-03	-2.958159e-03	1.227816e-02	-1.523632e-02	1.375724e-02	2.752519e-04	-3.705834e-04	-4.206846e-04	-5.809257e-04	1.602411e-04
204           	1.706531e-02	8.808280e-03	8.257035e-03	-2.958187e-03	1.227496e-02	-1.523314e-02	1.375405e-02	2.756223e-04	-3.709415e-04	-4.210464e-04	-5.814647e-04	1.604183e-04
205           	1.706114e-02	8.806559e-03	8.254581e-03	-2.958214e-03	1.227184e-02	-1.523005e-02	1.375095e-02	2.759891e-04	-3.712958e-04	-4.214041e-04	-5.819978e-04	1.605937e-04
206           	1.705708e-02	8.804889e-03	8.252188e-03	-2.958240e-03	1.226881e-02	-1.522705e-02	1.374793e-02	2.763504e-04	-3.716444e-04	-4.217562e-04	-5.825225e-04	1.607663e-04
207           	1.705313e-02	8.803267e-03	8.249858e-03	-2.958265e-03	1.226586e-02	-1.522413e-02	1.374500e-02	2.767047e-04	-3.719859e-04	-4.221011e-04	-5.830364e-04	1.609354e-04
208           	1.704928e-02	8.801691e-03	8.247589e-03	-2.958289e-03	1.226300e-02	-1.522129e-02	1.374214e-02	2.770510e-04	-3.723192e-04	-4.224379e-04	-5.835382e-04	1.611003e-04
209           	1.704554e-02	8.800159e-03	8.245381e-03	-2.958312e-03	1.226021e-02	-1.521853e-02	1.373937e-02	2.773887e-04	-3.726440e-04	-4.227664e-04	-5.840271e-04	1.612608e-04
210           	1.704190e-02	8.798668e-03	8.243233e-03	-2.958334e-03	1.225750e-02	-1.521584e-02	1.373667e-02	2.777176e-04	-3.729600e-04	-4.230863e-04	-5.845032e-04	1.614169e-04
211           	1.703836e-02	8.797218e-03	8.241143e-03	-2.958355e-03	1.225487e-02	-1.521322e-02	1.373405e-02	2.780376e-04	-3.732677e-04	-4.233978e-04	-5.849666e-04	1.615688e-04
212           	1.703492e-02	8.795808e-03	8.239110e-03	-2.958376e-03	1.225231e-02	-1.521068e-02	1.373150e-02	2.783492e-04	-3.735673e-04	-4.237012e-04	-5.854179e-04	1.617167e-04
213           	1.703348e-02	8.795340e-03	8.238136e-03	-2.958445e-03	1.225125e-02	-1.520970e-02	1.373047e-02	2.786020e-04	-3.737861e-04	-4.239405e-04	-5.857563e-04	1.618158e-04
214           	1.703221e-02	8.794920e-03	8.237290e-03	-2.958541e-03	1.225033e-02	-1.520887e-02	1.372960e-02	2.788150e-04	-3.739527e-04	-4.241364e-04	-5.860209e-04	1.618845e-04
215           	1.703099e-02	8.794492e-03	8.236498e-03	-2.958638e-03	1.224945e-02	-1.520809e-02	1.372877e-02	2.789973e-04	-3.740835e-04	-4.242988e-04	-5.862328e-04	1.619341e-04
216           	1.702972e-02	8.794030e-03	8.235694e-03	-2.958717e-03	1.224852e-02	-1.520724e-02	1.372788e-02	2.791681e-04	-3.742049e-04	-4.244478e-04	-5.864288e-04	1.619810e-04
217           	1.702834e-02	8.793503e-03	8.234836e-03	-2.958762e-03	1.224750e-02	-1.520626e-02	1.372688e-02	2.793339e-04	-3.743280e-04	-4.245907e-04	-5.866233e-04	1.620326e-04
218           	1.702681e-02	8.792900e-03	8.233905e-03	-2.958767e-03	1.224635e-02	-1.520512e-02	1.372573e-02	2.794971e-04	-3.744572e-04	-4.247305e-04	-5.868225e-04	1.620920e-04
219           	1.702513e-02	8.792217e-03	8.232910e-03	-2.958735e-03	1.224508e-02	-1.520382e-02	1.372445e-02	2.796535e-04	-3.745887e-04	-4.248633e-04	-5.870203e-04	1.621570e-04
220           	1.702335e-02	8.791483e-03	8.231864e-03	-2.958674e-03	1.224373e-02	-1.520240e-02	1.372307e-02	2.798095e-04	-3.747279e-04	-4.249969e-04	-5.872264e-04	1.622295e-04
221           	1.702151e-02	8.790719e-03	8.230790e-03	-2.958598e-03	1.224233e-02	-1.520093e-02	1.372163e-02	2.799645e-04	-3.748723e-04	-4.251312e-04	-5.874379e-04	1.623067e-04
222           	1.701967e-02	8.789950e-03	8.229719e-03	-2.958520e-03	1.224093e-02	-1.519945e-02	1.372019e-02	2.801151e-04	-3.750162e-04	-4.252634e-04	-5.876479e-04	1.623845e-04
223           	1.701787e-02	8.789196e-03	8.228678e-03	-2.958451e-03	1.223957e-02	-1.519803e-02	1.371880e-02	2.802588e-04	-3.751553e-04	-4.253916e-04	-5.878510e-04	1.624595e-04
224           	1.701616e-02	8.788475e-03	8.227685e-03	-2.958400e-03	1.223828e-02	-1.519668e-02	1.371748e-02	2.803949e-04	-3.752878e-04	-4.255155e-04	-5.880455e-04	1.625300e-04
225           	1.701454e-02	8.787796e-03	8.226746e-03	-2.958371e-03	1.223708e-02	-1.519545e-02	1.371626e-02	2.805247e-04	-3.754141e-04	-4.256365e-04	-5.882324e-04	1.625959e-04
226           	1.701302e-02	8.787162e-03	8.225862e-03	-2.958363e-03	1.223595e-02	-1.519432e-02	1.371513e-02	2.806503e-04	-3.755363e-04	-4.257562e-04	-5.884144e-04	1.626582e-04
227           	1.701159e-02	8.786570e-03	8.225023e-03	-2.958374e-03	1.223490e-02	-1.519327e-02	1.371409e-02	2.807737e-04	-3.756562e-04	-4.258761e-04	-5.885943e-04	1.627182e-04
228           	1.701023e-02	8.786010e-03	8.224217e-03	-2.958396e-03	1.223390e-02	-1.519230e-02	1.371310e-02	2.808963e-04	-3.757754e-04	-4.259967e-04	-5.887737e-04	1.627770e-04
229           	1.700890e-02	8.785469e-03	8.223433e-03	-2.958424e-03	1.223294e-02	-1.519136e-02	1.371215e-02	2.810182e-04	-3.758941e-04	-4.261173e-04	-5.889528e-04	1.628355e-04
230           	1.700760e-02	8.784938e-03	8.222659e-03	-2.958452e-03	1.223198e-02	-1.519044e-02	1.371121e-02	2.811391e-04	-3.760122e-04	-4.262366e-04	-5.891305e-04	1.628939e-04
231           	1.700629e-02	8.784405e-03	8.221889e-03	-2.958475e-03	1.223103e-02	-1.518950e-02	1.371027e-02	2.812582e-04	-3.761288e-04	-4.263534e-04	-5.893055e-04	1.629521e-04
232           	1.700498e-02	8.783866e-03	8.221116e-03	-2.958490e-03	1.223006e-02	-1.518855e-02	1.370931e-02	2.813746e-04	-3.762433e-04	-4.264667e-04	-5.894766e-04	1.630099e-04
233           	1.700366e-02	8.783318e-03	8.220342e-03	-2.958496e-03	1.222909e-02	-1.518758e-02	1.370834e-02	2.814876e-04	-3.763549e-04	-4.265758e-04	-5.896427e-04	1.630670e-04
234           	1.700233e-02	8.782762e-03	8.219568e-03	-2.958496e-03	1.222810e-02	-1.518660e-02	1.370735e-02	2.815969e-04	-3.764633e-04	-4.266807e-04	-5.898036e-04	1.631230e-04
235           	1.700100e-02	8.782203e-03	8.218798e-03	-2.958490e-03	1.222711e-02	-1.518560e-02	1.370636e-02	2.817023e-04	-3.765686e-04	-4.267816e-04	-5.899594e-04	1.631778e-04
236           	1.699968e-02	8.781645e-03	8.218036e-03	-2.958482e-03	1.222613e-02	-1.518461e-02	1.370537e-02	2.818042e-04	-3.766712e-04	-4.268793e-04	-5.901108e-04	1.632315e-04
237           	1.699838e-02	8.781092e-03	8.217286e-03	-2.958474e-03	1.222516e-02	-1.518363e-02	1.370439e-02	2.819031e-04	-3.767715e-04	-4.269746e-04	-5.902588e-04	1.632842e-04
238           	1.699710e-02	8.780549e-03	8.216550e-03	-2.958468e-03	1.222421e-02	-1.518267e-02	1.370344e-02	2.819995e-04	-3.768702e-04	-4.270684e-04	-5.904044e-04	1.633360e-04
239           	1.699585e-02	8.780019e-03	8.215831e-03	-2.958465e-03	1.222328e-02	-1.518174e-02	1.370251e-02	2.820942e-04	-3.769680e-04	-4.271613e-04	-5.905487e-04	1.633874e-04
240           	1.699463e-02	8.779497e-03	8.215132e-03	-2.958465e-03	1.222237e-02	-1.518084e-02	1.370160e-02	2.821826e-04	-3.770597e-04	-4.272484e-04	-5.906839e-04	1.634355e-04
241           	1.699344e-02	8.778990e-03	8.214448e-03	-2.958469e-03	1.222149e-02	-1.517996e-02	1.370073e-02	2.822713e-04	-3.771525e-04	-4.273367e-04	-5.908209e-04	1.634842e-04
242           	1.699228e-02	8.778498e-03	8.213778e-03	-2.958475e-03	1.222063e-02	-1.517911e-02	1.369987e-02	2.823603e-04	-3.772464e-04	-4.274259e-04	-5.909594e-04	1.635334e-04
243           	1.699114e-02	8.778018e-03	8.213120e-03	-2.958484e-03	1.221980e-02	-1.517828e-02	1.369904e-02	2.824492e-04	-3.773406e-04	-4.275155e-04	-5.910984e-04	1.635829e-04
244           	1.699002e-02	8.777548e-03	8.212474e-03	-2.958494e-03	1.221898e-02	-1.517747e-02	1.369822e-02	2.825371e-04	-3.774343e-04	-4.276044e-04	-5.912365e-04	1.636321e-04
245           	1.698892e-02	8.777084e-03	8.211838e-03	-2.958504e-03	1.221817e-02	-1.517667e-02	1.369742e-02	2.826233e-04	-3.775264e-04	-4.276915e-04	-5.913722e-04	1.636806e-04
246           	1.698784e-02	8.776626e-03	8.211212e-03	-2.958513e-03	1.221737e-02	-1.517589e-02	1.369663e-02	2.827068e-04	-3.776159e-04	-4.277760e-04	-5.915039e-04	1.637279e-04
247           	1.698677e-02	8.776171e-03	8.210596e-03	-2.958522e-03	1.221658e-02	-1.517511e-02	1.369585e-02	2.827872e-04	-3.777021e-04	-4.278571e-04	-5.916306e-04	1.637736e-04
248           	1.698571e-02	8.775719e-03	8.209991e-03	-2.958529e-03	1.221581e-02	-1.517434e-02	1.369507e-02	2.828641e-04	-3.777846e-04	-4.279344e-04	-5.917518e-04	1.638174e-04
249           	1.698466e-02	8.775270e-03	8.209395e-03	-2.958535e-03	1.221504e-02	-1.517357e-02	1.369431e-02	2.829374e-04	-3.778634e-04	-4.280079e-04	-5.918673e-04	1.638595e-04
250           	1.698363e-02	8.774824e-03	8.208810e-03	-2.958541e-03	1.221428e-02	-1.517282e-02	1.369355e-02	2.830073e-04	-3.779386e-04	-4.280777e-04	-5.919774e-04	1.638997e-04
251           	1.698262e-02	8.774383e-03	8.208235e-03	-2.958546e-03	1.221353e-02	-1.517208e-02	1.369280e-02	2.830741e-04	-3.780105e-04	-4.281442e-04	-5.920826e-04	1.639384e-04
252           	1.698162e-02	8.773947e-03	8.207671e-03	-2.958552e-03	1.221279e-02	-1.517135e-02	1.369207e-02	2.831383e-04	-3.780796e-04	-4.282078e-04	-5.921836e-04	1.639757e-04
253           	1.698063e-02	8.773517e-03	8.207117e-03	-2.958557e-03	1.221207e-02	-1.517063e-02	1.369135e-02	2.832002e-04	-3.781465e-04	-4.282690e-04	-5.922810e-04	1.640120e-04
254           	1.697967e-02	8.773094e-03	8.206573e-03	-2.958563e-03	1.221136e-02	-1.516992e-02	1.369064e-02	2.832602e-04	-3.782115e-04	-4.283281e-04	-5.923755e-04	1.640474e-04
255           	1.697871e-02	8.772672e-03	8.206042e-03	-2.958569e-03	1.221065e-02	-1.516922e-02	1.368994e-02	2.833151e-04	-3.782712e-04	-4.283819e-04	-5.924621e-04	1.640802e-04
256           	1.697778e-02	8.772258e-03	8.205519e-03	-2.958575e-03	1.220997e-02	-1.516854e-02	1.368925e-02	2.833694e-04	-3.783304e-04	-4.284350e-04	-5.925479e-04	1.641129e-04
257           	1.697686e-02	8.771852e-03	8.205005e-03	-2.958582e-03	1.220929e-02	-1.516787e-02	1.368858e-02	2.834231e-04	-3.783891e-04	-4.284873e-04	-5.926327e-04	1.641454e-04
258           	1.697595e-02	8.771453e-03	8.204501e-03	-2.958589e-03	1.220863e-02	-1.516721e-02	1.368792e-02	2.834761e-04	-3.784469e-04	-4.285384e-04	-5.927161e-04	1.641777e-04
259           	1.697507e-02	8.771061e-03	8.204005e-03	-2.958597e-03	1.220797e-02	-1.516657e-02	1.368727e-02	2.835279e-04	-3.785035e-04	-4.285882e-04	-5.927976e-04	1.642095e-04
260           	1.697419e-02	8.770674e-03	8.203518e-03	-2.958604e-03	1.220733e-02	-1.516594e-02	1.368663e-02	2.835784e-04	-3.785588e-04	-4.286363e-04	-5.928769e-04	1.642406e-04
261           	1.697334e-02	8.770293e-03	8.203042e-03	-2.958612e-03	1.220670e-02	-1.516531e-02	1.368601e-02	2.836254e-04	-3.786100e-04	-4.286797e-04	-5.929499e-04	1.642702e-04
262           	1.697249e-02	8.769917e-03	8.202574e-03	-2.958620e-03	1.220608e-02	-1.516470e-02	1.368539e-02	2.836714e-04	-3.786606e-04	-4.287223e-04	-5.930217e-04	1.642994e-04
263           	1.697166e-02	8.769546e-03	8.202113e-03	-2.958627e-03	1.220547e-02	-1.516410e-02	1.368479e-02	2.837165e-04	-3.787105e-04	-4.287641e-04	-5.930925e-04	1.643284e-04
264           	1.697084e-02	8.769179e-03	8.201658e-03	-2.958634e-03	1.220487e-02	-1.516350e-02	1.368419e-02	2.837606e-04	-3.787596e-04	-4.288050e-04	-5.931621e-04	1.643570e-04
265           	1.697003e-02	8.768818e-03	8.201211e-03	-2.958641e-03	1.220428e-02	-1.516292e-02	1.368360e-02	2.838031e-04	-3.788073e-04	-4.288445e-04	-5.932296e-04	1.643851e-04
266           	1.696923e-02	8.768460e-03	8.200773e-03	-2.958648e-03	1.220369e-02	-1.516234e-02	1.368302e-02	2.838437e-04	-3.788530e-04	-4.288819e-04	-5.932939e-04	1.644120e-04
267           	1.696845e-02	8.768107e-03	8.200343e-03	-2.958654e-03	1.220312e-02	-1.516177e-02	1.368245e-02	2.838818e-04	-3.788958e-04	-4.289164e-04	-5.933540e-04	1.644376e-04
268           	1.696768e-02	8.767752e-03	8.199925e-03	-2.958660e-03	1.220255e-02	-1.516121e-02	1.368188e-02	2.839130e-04	-3.789314e-04	-4.289441e-04	-5.934035e-04	1.644593e-04
269           	1.696692e-02	8.767402e-03	8.199517e-03	-2.958667e-03	1.220200e-02	-1.516067e-02	1.368133e-02	2.839421e-04	-3.789641e-04	-4.289690e-04	-5.934486e-04	1.644796e-04
270           	1.696618e-02	8.767056e-03	8.199119e-03	-2.958673e-03	1.220145e-02	-1.516013e-02	1.368079e-02	2.839689e-04	-3.789936e-04	-4.289906e-04	-5.934890e-04	1.644983e-04
271           	1.696545e-02	8.766716e-03	8.198730e-03	-2.958681e-03	1.220092e-02	-1.515960e-02	1.368026e-02	2.839932e-04	-3.790198e-04	-4.290090e-04	-5.935243e-04	1.645153e-04
272           	1.696473e-02	8.766380e-03	8.198350e-03	-2.958688e-03	1.220040e-02	-1.515909e-02	1.367974e-02	2.840150e-04	-3.790428e-04	-4.290241e-04	-5.935549e-04	1.645308e-04
273           	1.696403e-02	8.766047e-03	8.197979e-03	-2.958696e-03	1.219988e-02	-1.515858e-02	1.367923e-02	2.840344e-04	-3.790629e-04	-4.290363e-04	-5.935811e-04	1.645447e-04
274           	1.696333e-02	8.765719e-03	8.197616e-03	-2.958704e-03	1.219938e-02	-1.515808e-02	1.367873e-02	2.840516e-04	-3.790804e-04	-4.290458e-04	-5.936033e-04	1.645575e-04
275           	1.696266e-02	8.765394e-03	8.197261e-03	-2.958712e-03	1.219888e-02	-1.515759e-02	1.367824e-02	2.840666e-04	-3.790957e-04	-4.290530e-04	-5.936222e-04	1.645692e-04
276           	1.696199e-02	8.765073e-03	8.196914e-03	-2.958720e-03	1.219840e-02	-1.515711e-02	1.367775e-02	2.840796e-04	-3.791090e-04	-4.290580e-04	-5.936380e-04	1.645799e-04
277           	1.696133e-02	8.764755e-03	8.196574e-03	-2.958727e-03	1.219792e-02	-1.515664e-02	1.367728e-02	2.840906e-04	-3.791204e-04	-4.290610e-04	-5.936509e-04	1.645899e-04
278           	1.696068e-02	8.764441e-03	8.196241e-03	-2.958735e-03	1.219744e-02	-1.515618e-02	1.367681e-02	2.840998e-04	-3.791299e-04	-4.290619e-04	-5.936608e-04	1.645989e-04
279           	1.696005e-02	8.764130e-03	8.195916e-03	-2.958742e-03	1.219698e-02	-1.515572e-02	1.367635e-02	2.841069e-04	-3.791373e-04	-4.290607e-04	-5.936676e-04	1.646070e-04
280           	1.695942e-02	8.763821e-03	8.195598e-03	-2.958750e-03	1.219652e-02	-1.515527e-02	1.367590e-02	2.841119e-04	-3.791425e-04	-4.290571e-04	-5.936711e-04	1.646140e-04
281           	1.695880e-02	8.763517e-03	8.195287e-03	-2.958757e-03	1.219607e-02	-1.515483e-02	1.367545e-02	2.841147e-04	-3.791453e-04	-4.290510e-04	-5.936709e-04	1.646198e-04
282           	1.695820e-02	8.763215e-03	8.194984e-03	-2.958764e-03	1.219563e-02	-1.515440e-02	1.367502e-02	2.841153e-04	-3.791456e-04	-4.290424e-04	-5.936668e-04	1.646244e-04
283           	1.695760e-02	8.762916e-03	8.194689e-03	-2.958772e-03	1.219520e-02	-1.515397e-02	1.367459e-02	2.841136e-04	-3.791433e-04	-4.290312e-04	-5.936589e-04	1.646276e-04
284           	1.695702e-02	8.762620e-03	8.194401e-03	-2.958779e-03	1.219478e-02	-1.515356e-02	1.367417e-02	2.841097e-04	-3.791383e-04	-4.290174e-04	-5.936470e-04	1.646296e-04
285           	1.695645e-02	8.762327e-03	8.194120e-03	-2.958786e-03	1.219436e-02	-1.515315e-02	1.367375e-02	2.841036e-04	-3.791307e-04	-4.290011e-04	-5.936313e-04	1.646302e-04
286           	1.695588e-02	8.762038e-03	8.193847e-03	-2.958794e-03	1.219395e-02	-1.515274e-02	1.367335e-02	2.840954e-04	-3.791208e-04	-4.289824e-04	-5.936120e-04	1.646296e-04
287           	1.695533e-02	8.761751e-03	8.193581e-03	-2.958802e-03	1.219355e-02	-1.515235e-02	1.367295e-02	2.840852e-04	-3.791085e-04	-4.289615e-04	-5.935893e-04	1.646278e-04
288           	1.695479e-02	8.761467e-03	8.193321e-03	-2.958809e-03	1.219316e-02	-1.515196e-02	1.367256e-02	2.840732e-04	-3.790941e-04	-4.289384e-04	-5.935633e-04	1.646249e-04
289           	1.695426e-02	8.761187e-03	8.193068e-03	-2.958817e-03	1.219277e-02	-1.515159e-02	1.367218e-02	2.840594e-04	-3.790777e-04	-4.289133e-04	-5.935344e-04	1.646211e-04
290           	1.695373e-02	8.760909e-03	8.192822e-03	-2.958825e-03	1.219239e-02	-1.515121e-02	1.367180e-02	2.840438e-04	-3.790595e-04	-4.288863e-04	-5.935026e-04	1.646163e-04
291           	1.695322e-02	8.760635e-03	8.192582e-03	-2.958832e-03	1.219202e-02	-1.515085e-02	1.367143e-02	2.840267e-04	-3.790394e-04	-4.288574e-04	-5.934681e-04	1.646107e-04
292           	1.695271e-02	8.760363e-03	8.192348e-03	-2.958840e-03	1.219165e-02	-1.515049e-02	1.367107e-02	2.840079e-04	-3.790175e-04	-4.288267e-04	-5.934309e-04	1.646042e-04
293           	1.695221e-02	8.760095e-03	8.192120e-03	-2.958847e-03	1.219129e-02	-1.515014e-02	1.367071e-02	2.839875e-04	-3.789939e-04	-4.287943e-04	-5.933911e-04	1.645968e-04
294           	1.695173e-02	8.759829e-03	8.191898e-03	-2.958855e-03	1.219094e-02	-1.514979e-02	1.367037e-02	2.839655e-04	-3.789685e-04	-4.287600e-04	-5.933486e-04	1.645885e-04
295           	1.695125e-02	8.759566e-03	8.191682e-03	-2.958863e-03	1.219059e-02	-1.514945e-02	1.367002e-02	2.839419e-04	-3.789414e-04	-4.287240e-04	-5.933034e-04	1.645794e-04
296           	1.695078e-02	8.759306e-03	8.191472e-03	-2.958870e-03	1.219025e-02	-1.514912e-02	1.366969e-02	2.839168e-04	-3.789125e-04	-4.286863e-04	-5.932557e-04	1.645694e-04
297           	1.695032e-02	8.759043e-03	8.191273e-03	-2.958878e-03	1.218992e-02	-1.514880e-02	1.366936e-02	2.838851e-04	-3.788771e-04	-4.286422e-04	-5.931982e-04	1.645560e-04
298           	1.694986e-02	8.758785e-03	8.191078e-03	-2.958885e-03	1.218959e-02	-1.514848e-02	1.366904e-02	2.838534e-04	-3.788415e-04	-4.285978e-04	-5.931404e-04	1.645426e-04
299           	1.694942e-02	8.758532e-03	8.190887e-03	-2.958893e-03	1.218927e-02	-1.514816e-02	1.366872e-02	2.838221e-04	-3.788060e-04	-4.285535e-04	-5.930827e-04	1.645292e-04
300           	1.694898e-02	8.758282e-03	8.190700e-03	-2.958900e-03	1.218896e-02	-1.514786e-02	1.366841e-02	2.837910e-04	-3.787704e-04	-4.285091e-04	-5.930250e-04	1.645159e-04
301           	1.694855e-02	8.758036e-03	8.190517e-03	-2.958908e-03	1.218865e-02	-1.514756e-02	1.366810e-02	2.837598e-04	-3.787347e-04	-4.284645e-04	-5.929670e-04	1.645025e-04
302           	1.694813e-02	8.757794e-03	8.190337e-03	-2.958915e-03	1.218834e-02	-1.514726e-02	1.366780e-02	2.837284e-04	-3.786985e-04	-4.284194e-04	-5.929082e-04	1.644888e-04
303           	1.694772e-02	8.757555e-03	8.190163e-03	-2.958922e-03	1.218805e-02	-1.514697e-02	1.366751e-02	2.836962e-04	-3.786616e-04	-4.283735e-04	-5.928483e-04	1.644748e-04
304           	1.694731e-02	8.757319e-03	8.189993e-03	-2.958930e-03	1.218776e-02	-1.514669e-02	1.366722e-02	2.836631e-04	-3.786236e-04	-4.283266e-04	-5.927869e-04	1.644603e-04
305           	1.694691e-02	8.757086e-03	8.189828e-03	-2.958937e-03	1.218747e-02	-1.514641e-02	1.366694e-02	2.836289e-04	-3.785844e-04	-4.282786e-04	-5.927237e-04	1.644452e-04
306           	1.694652e-02	8.756855e-03	8.189668e-03	-2.958944e-03	1.218719e-02	-1.514613e-02	1.366666e-02	2.835935e-04	-3.785440e-04	-4.282293e-04	-5.926587e-04	1.644294e-04
307           	1.694614e-02	8.756627e-03	8.189513e-03	-2.958952e-03	1.218691e-02	-1.514587e-02	1.366639e-02	2.835570e-04	-3.785024e-04	-4.281788e-04	-5.925918e-04	1.644130e-04
308           	1.694576e-02	8.756402e-03	8.189363e-03	-2.958959e-03	1.218665e-02	-1.514560e-02	1.366612e-02	2.835195e-04	-3.784597e-04	-4.281271e-04	-5.925232e-04	1.643961e-04
309           	1.694540e-02	8.756179e-03	8.189217e-03	-2.958967e-03	1.218638e-02	-1.514535e-02	1.366586e-02	2.834812e-04	-3.784160e-04	-4.280746e-04	-5.924533e-04	1.643787e-04
310           	1.694503e-02	8.755960e-03	8.189075e-03	-2.958974e-03	1.218612e-02	-1.514510e-02	1.366561e-02	2.834423e-04	-3.783716e-04	-4.280212e-04	-5.923823e-04	1.643610e-04
311           	1.694468e-02	8.755743e-03	8.188937e-03	-2.958981e-03	1.218587e-02	-1.514485e-02	1.366536e-02	2.834030e-04	-3.783267e-04	-4.279673e-04	-5.923104e-04	1.643431e-04
312           	1.694433e-02	8.755530e-03	8.188803e-03	-2.958989e-03	1.218562e-02	-1.514461e-02	1.366512e-02	2.833635e-04	-3.782815e-04	-4.279131e-04	-5.922380e-04	1.643250e-04
313           	1.694399e-02	8.755319e-03	8.188672e-03	-2.958996e-03	1.218538e-02	-1.514437e-02	1.366488e-02	2.833240e-04	-3.782361e-04	-4.278585e-04	-5.921654e-04	1.643068e-04
314           	1.694366e-02	8.755112e-03	8.188544e-03	-2.959003e-03	1.218514e-02	-1.514414e-02	1.366464e-02	2.832844e-04	-3.781906e-04	-4.278039e-04	-5.920926e-04	1.642887e-04
315           	1.694333e-02	8.754909e-03	8.188419e-03	-2.959010e-03	1.218490e-02	-1.514391e-02	1.366441e-02	2.832450e-04	-3.781452e-04	-4.277493e-04	-5.920198e-04	1.642705e-04
316           	1.694301e-02	8.754708e-03	8.188297e-03	-2.959017e-03	1.218467e-02	-1.514369e-02	1.366418e-02	2.832057e-04	-3.780998e-04	-4.276946e-04	-5.919471e-04	1.642525e-04
317           	1.694269e-02	8.754511e-03	8.188178e-03	-2.959024e-03	1.218445e-02	-1.514347e-02	1.366396e-02	2.831665e-04	-3.780545e-04	-4.276401e-04	-5.918746e-04	1.642345e-04
318           	1.694238e-02	8.754317e-03	8.188062e-03	-2.959031e-03	1.218423e-02	-1.514326e-02	1.366374e-02	2.831275e-04	-3.780094e-04	-4.275856e-04	-5.918022e-04	1.642165e-04
319           	1.694207e-02	8.754126e-03	8.187949e-03	-2.959038e-03	1.218401e-02	-1.514305e-02	1.366353e-02	2.830886e-04	-3.779644e-04	-4.275313e-04	-5.917300e-04	1.641987e-04
320           	1.694178e-02	8.753938e-03	8.187838e-03	-2.959045e-03	1.218380e-02	-1.514284e-02	1.366332e-02	2.830499e-04	-3.779195e-04	-4.274771e-04	-5.916580e-04	1.641809e-04
321           	1.694148e-02	8.753753e-03	8.187731e-03	-2.959052e-03	1.218359e-02	-1.514264e-02	1.366312e-02	2.830113e-04	-3.778748e-04	-4.274231e-04	-5.915863e-04	1.641632e-04
322           	1.694120e-02	8.753572e-03	8.187626e-03	-2.959059e-03	1.218339e-02	-1.514245e-02	1.366292e-02	2.829730e-04	-3.778302e-04	-4.273693e-04	-5.915149e-04	1.641456e-04
323           	1.694092e-02	8.753393e-03	8.187524e-03	-2.959065e-03	1.218319e-02	-1.514226e-02	1.366272e-02	2.829347e-04	-3.777859e-04	-4.273156e-04	-5.914437e-04	1.641280e-04
324           	1.694064e-02	8.753218e-03	8.187424e-03	-2.959072e-03	1.218300e-02	-1.514207e-02	1.366253e-02	2.828967e-04	-3.777417e-04	-4.272622e-04	-5.913728e-04	1.641106e-04
325           	1.694037e-02	8.753045e-03	8.187327e-03	-2.959079e-03	1.218280e-02	-1.514188e-02	1.366234e-02	2.828590e-04	-3.776978e-04	-4.272091e-04	-5.913023e-04	1.640932e-04
326           	1.694011e-02	8.752875e-03	8.187233e-03	-2.959085e-03	1.218262e-02	-1.514170e-02	1.366216e-02	2.828215e-04	-3.776541e-04	-4.271562e-04	-5.912322e-04	1.640760e-04
327           	1.693985e-02	8.752709e-03	8.187140e-03	-2.959092e-03	1.218243e-02	-1.514153e-02	1.366198e-02	2.827843e-04	-3.776108e-04	-4.271038e-04	-5.911627e-04	1.640589e-04
328           	1.693960e-02	8.752545e-03	8.187050e-03	-2.959098e-03	1.218226e-02	-1.514135e-02	1.366180e-02	2.827474e-04	-3.775679e-04	-4.270517e-04	-5.910938e-04	1.640420e-04
329           	1.693935e-02	8.752384e-03	8.186962e-03	-2.959105e-03	1.218208e-02	-1.514118e-02	1.366163e-02	2.827110e-04	-3.775254e-04	-4.270002e-04	-5.910255e-04	1.640253e-04
330           	1.693910e-02	8.752226e-03	8.186876e-03	-2.959111e-03	1.218191e-02	-1.514102e-02	1.366146e-02	2.826750e-04	-3.774835e-04	-4.269491e-04	-5.909580e-04	1.640089e-04
331           	1.693886e-02	8.752072e-03	8.186793e-03	-2.959117e-03	1.218174e-02	-1.514086e-02	1.366130e-02	2.826395e-04	-3.774421e-04	-4.268987e-04	-5.908915e-04	1.639927e-04
332           	1.693863e-02	8.751920e-03	8.186711e-03	-2.959123e-03	1.218158e-02	-1.514070e-02	1.366114e-02	2.826047e-04	-3.774014e-04	-4.268490e-04	-5.908259e-04	1.639768e-04
333           	1.693840e-02	8.751771e-03	8.186630e-03	-2.959130e-03	1.218141e-02	-1.514054e-02	1.366098e-02	2.825704e-04	-3.773613e-04	-4.268000e-04	-5.907613e-04	1.639613e-04
334           	1.693818e-02	8.751625e-03	8.186552e-03	-2.959136e-03	1.218126e-02	-1.514039e-02	1.366083e-02	2.825368e-04	-3.773219e-04	-4.267517e-04	-5.906978e-04	1.639461e-04
335           	1.693796e-02	8.751482e-03	8.186475e-03	-2.959142e-03	1.218110e-02	-1.514024e-02	1.366067e-02	2.825038e-04	-3.772833e-04	-4.267042e-04	-5.906354e-04	1.639312e-04
336           	1.693774e-02	8.751343e-03	8.186400e-03	-2.959148e-03	1.218095e-02	-1.514010e-02	1.366053e-02	2.824715e-04	-3.772454e-04	-4.266575e-04	-5.905741e-04	1.639167e-04
337           	1.693753e-02	8.751206e-03	8.186326e-03	-2.959154e-03	1.218080e-02	-1.513996e-02	1.366038e-02	2.824400e-04	-3.772083e-04	-4.266116e-04	-5.905141e-04	1.639025e-04
338           	1.693733e-02	8.751072e-03	8.186253e-03	-2.959159e-03	1.218066e-02	-1.513982e-02	1.366024e-02	2.824091e-04	-3.771719e-04	-4.265665e-04	-5.904552e-04	1.638887e-04
339           	1.693712e-02	8.750941e-03	8.186183e-03	-2.959165e-03	1.218052e-02	-1.513968e-02	1.366010e-02	2.823791e-04	-3.771364e-04	-4.265222e-04	-5.903975e-04	1.638753e-04
340           	1.693693e-02	8.750812e-03	8.186113e-03	-2.959171e-03	1.218038e-02	-1.513955e-02	1.365997e-02	2.823497e-04	-3.771017e-04	-4.264788e-04	-5.903411e-04	1.638623e-04
341           	1.693673e-02	8.750687e-03	8.186045e-03	-2.959176e-03	1.218025e-02	-1.513942e-02	1.365983e-02	2.823212e-04	-3.770678e-04	-4.264363e-04	-5.902859e-04	1.638496e-04
342           	1.693654e-02	8.750565e-03	8.185978e-03	-2.959182e-03	1.218011e-02	-1.513930e-02	1.365971e-02	2.822933e-04	-3.770347e-04	-4.263946e-04	-5.902320e-04	1.638374e-04
343           	1.693636e-02	8.750445e-03	8.185912e-03	-2.959188e-03	1.217999e-02	-1.513917e-02	1.365958e-02	2.822663e-04	-3.770025e-04	-4.263539e-04	-5.901794e-04	1.638255e-04
344           	1.693618e-02	8.750328e-03	8.185848e-03	-2.959193e-03	1.217986e-02	-1.513905e-02	1.365946e-02	2.822401e-04	-3.769712e-04	-4.263141e-04	-5.901282e-04	1.638141e-04
345           	1.693600e-02	8.750214e-03	8.185785e-03	-2.959198e-03	1.217974e-02	-1.513893e-02	1.365934e-02	2.822148e-04	-3.769408e-04	-4.262753e-04	-5.900784e-04	1.638031e-04
346           	1.693583e-02	8.750103e-03	8.185722e-03	-2.959204e-03	1.217962e-02	-1.513882e-02	1.365922e-02	2.821903e-04	-3.769113e-04	-4.262375e-04	-5.900301e-04	1.637926e-04
347           	1.693566e-02	8.749994e-03	8.185661e-03	-2.959209e-03	1.217950e-02	-1.513871e-02	1.365910e-02	2.821667e-04	-3.768828e-04	-4.262008e-04	-5.899832e-04	1.637825e-04
348           	1.693549e-02	8.749889e-03	8.185601e-03	-2.959214e-03	1.217938e-02	-1.513860e-02	1.365899e-02	2.821440e-04	-3.768553e-04	-4.261650e-04	-5.899378e-04	1.637728e-04
349           	1.693533e-02	8.749786e-03	8.185541e-03	-2.959219e-03	1.217927e-02	-1.513849e-02	1.365888e-02	2.821221e-04	-3.768287e-04	-4.261302e-04	-5.898938e-04	1.637636e-04
350           	1.693517e-02	8.749685e-03	8.185483e-03	-2.959225e-03	1.217916e-02	-1.513839e-02	1.365877e-02	2.821011e-04	-3.768031e-04	-4.260965e-04	-5.898513e-04	1.637548e-04
351           	1.693501e-02	8.749587e-03	8.185426e-03	-2.959230e-03	1.217905e-02	-1.513828e-02	1.365867e-02	2.820810e-04	-3.767784e-04	-4.260638e-04	-5.898103e-04	1.637465e-04
352           	1.693486e-02	8.749492e-03	8.185369e-03	-2.959234e-03	1.217895e-02	-1.513818e-02	1.365857e-02	2.820618e-04	-3.767547e-04	-4.260322e-04	-5.897708e-04	1.637386e-04
353           	1.693471e-02	8.749400e-03	8.185313e-03	-2.959239e-03	1.217885e-02	-1.513809e-02	1.365847e-02	2.820434e-04	-3.767320e-04	-4.260015e-04	-5.897327e-04	1.637312e-04
354           	1.693457e-02	8.749310e-03	8.185258e-03	-2.959244e-03	1.217875e-02	-1.513799e-02	1.365837e-02	2.820259e-04	-3.767102e-04	-4.259720e-04	-5.896962e-04	1.637242e-04
355           	1.693443e-02	8.749222e-03	8.185204e-03	-2.959249e-03	1.217865e-02	-1.513790e-02	1.365828e-02	2.820093e-04	-3.766894e-04	-4.259434e-04	-5.896611e-04	1.637176e-04
356           	1.693429e-02	8.749137e-03	8.185150e-03	-2.959254e-03	1.217856e-02	-1.513781e-02	1.365818e-02	2.819936e-04	-3.766695e-04	-4.259159e-04	-5.896275e-04	1.637115e-04
357           	1.693415e-02	8.749051e-03	8.185103e-03	-2.959259e-03	1.217846e-02	-1.513772e-02	1.365809e-02	2.819739e-04	-3.766472e-04	-4.258869e-04	-5.895906e-04	1.637038e-04
358           	1.693402e-02	8.748972e-03	8.185049e-03	-2.959263e-03	1.217837e-02	-1.513764e-02	1.365801e-02	2.819613e-04	-3.766301e-04	-4.258621e-04	-5.895612e-04	1.636991e-04
359           	1.693389e-02	8.748891e-03	8.185002e-03	-2.959268e-03	1.217829e-02	-1.513755e-02	1.365792e-02	2.819447e-04	-3.766106e-04	-4.258357e-04	-5.895285e-04	1.636928e-04
360           	1.693377e-02	8.748818e-03	8.184947e-03	-2.959272e-03	1.217820e-02	-1.513747e-02	1.365784e-02	2.819353e-04	-3.765966e-04	-4.258139e-04	-5.895035e-04	1.636897e-04
361           	1.693364e-02	8.748743e-03	8.184900e-03	-2.959276e-03	1.217812e-02	-1.513739e-02	1.365775e-02	2.819215e-04	-3.765797e-04	-4.257901e-04	-5.894748e-04	1.636847e-04
362           	1.693352e-02	8.748671e-03	8.184852e-03	-2.959281e-03	1.217803e-02	-1.513732e-02	1.365767e-02	2.819094e-04	-3.765643e-04	-4.257677e-04	-5.894482e-04	1.636805e-04
363           	1.693340e-02	8.748606e-03	8.184797e-03	-2.959285e-03	1.217795e-02	-1.513724e-02	1.365760e-02	2.819043e-04	-3.765545e-04	-4.257501e-04	-5.894296e-04	1.636795e-04
364           	1.693329e-02	8.748538e-03	8.184750e-03	-2.959289e-03	1.217788e-02	-1.513716e-02	1.365752e-02	2.818940e-04	-3.765411e-04	-4.257300e-04	-5.894061e-04	1.636761e-04
365           	1.693318e-02	8.748473e-03	8.184704e-03	-2.959293e-03	1.217780e-02	-1.513709e-02	1.365745e-02	2.818848e-04	-3.765288e-04	-4.257110e-04	-5.893843e-04	1.636734e-04
366           	1.693307e-02	8.748411e-03	8.184657e-03	-2.959297e-03	1.217773e-02	-1.513702e-02	1.365737e-02	2.818767e-04	-3.765177e-04	-4.256932e-04	-5.893643e-04	1.636711e-04
367           	1.693296e-02	8.748350e-03	8.184611e-03	-2.959301e-03	1.217765e-02	-1.513696e-02	1.365730e-02	2.818698e-04	-3.765077e-04	-4.256766e-04	-5.893461e-04	1.636694e-04
368           	1.693286e-02	8.748293e-03	8.184565e-03	-2.959305e-03	1.217758e-02	-1.513689e-02	1.365724e-02	2.818640e-04	-3.764989e-04	-4.256612e-04	-5.893295e-04	1.636683e-04
369           	1.693276e-02	8.748237e-03	8.184519e-03	-2.959309e-03	1.217752e-02	-1.513682e-02	1.365717e-02	2.818591e-04	-3.764911e-04	-4.256470e-04	-5.893146e-04	1.636676e-04
370           	1.693266e-02	8.748184e-03	8.184473e-03	-2.959313e-03	1.217745e-02	-1.513676e-02	1.365711e-02	2.818551e-04	-3.764842e-04	-4.256338e-04	-5.893011e-04	1.636674e-04
371           	1.693256e-02	8.748132e-03	8.184428e-03	-2.959316e-03	1.217738e-02	-1.513670e-02	1.365704e-02	2.818519e-04	-3.764782e-04	-4.256215e-04	-5.892890e-04	1.636675e-04
372           	1.693247e-02	8.748082e-03	8.184384e-03	-2.959320e-03	1.217732e-02	-1.513664e-02	1.365698e-02	2.818493e-04	-3.764730e-04	-4.256101e-04	-5.892780e-04	1.636679e-04
373           	1.693237e-02	8.748035e-03	8.184340e-03	-2.959324e-03	1.217726e-02	-1.513658e-02	1.365692e-02	2.818472e-04	-3.764684e-04	-4.255995e-04	-5.892681e-04	1.636686e-04
374           	1.693229e-02	8.747988e-03	8.184297e-03	-2.959327e-03	1.217720e-02	-1.513653e-02	1.365687e-02	2.818457e-04	-3.764645e-04	-4.255898e-04	-5.892593e-04	1.636696e-04
375           	1.693220e-02	8.747944e-03	8.184255e-03	-2.959331e-03	1.217714e-02	-1.513647e-02	1.365681e-02	2.818448e-04	-3.764612e-04	-4.255808e-04	-5.892516e-04	1.636708e-04
376           	1.693211e-02	8.747901e-03	8.184213e-03	-2.959335e-03	1.217709e-02	-1.513642e-02	1.365675e-02	2.818443e-04	-3.764586e-04	-4.255726e-04	-5.892449e-04	1.636723e-04
377           	1.693203e-02	8.747860e-03	8.184171e-03	-2.959338e-03	1.217703e-02	-1.513637e-02	1.365670e-02	2.818445e-04	-3.764568e-04	-4.255652e-04	-5.892394e-04	1.636742e-04
378           	1.693195e-02	8.747821e-03	8.184131e-03	-2.959341e-03	1.217698e-02	-1.513632e-02	1.365665e-02	2.818453e-04	-3.764557e-04	-4.255587e-04	-5.892350e-04	1.636763e-04
379           	1.693187e-02	8.747784e-03	8.184090e-03	-2.959345e-03	1.217693e-02	-1.513627e-02	1.365660e-02	2.818468e-04	-3.764554e-04	-4.255531e-04	-5.892319e-04	1.636788e-04
380           	1.693180e-02	8.747748e-03	8.184050e-03	-2.959348e-03	1.217688e-02	-1.513623e-02	1.365655e-02	2.818490e-04	-3.764559e-04	-4.255485e-04	-5.892301e-04	1.636816e-04
381           	1.693172e-02	8.747714e-03	8.184010e-03	-2.959351e-03	1.217683e-02	-1.513618e-02	1.365651e-02	2.818519e-04	-3.764572e-04	-4.255447e-04	-5.892296e-04	1.636848e-04
382           	1.693165e-02	8.747682e-03	8.183970e-03	-2.959354e-03	1.217678e-02	-1.513614e-02	1.365646e-02	2.818561e-04	-3.764594e-04	-4.255413e-04	-5.892301e-04	1.636888e-04
383           	1.693158e-02	8.747651e-03	8.183930e-03	-2.959357e-03	1.217674e-02	-1.513609e-02	1.365642e-02	2.818607e-04	-3.764623e-04	-4.255390e-04	-5.892319e-04	1.636928e-04
384           	1.693151e-02	8.747622e-03	8.183890e-03	-2.959360e-03	1.217669e-02	-1.513605e-02	1.365637e-02	2.818657e-04	-3.764659e-04	-4.255377e-04	-5.892348e-04	1.636971e-04
385           	1.693145e-02	8.747594e-03	8.183852e-03	-2.959363e-03	1.217665e-02	-1.513601e-02	1.365633e-02	2.818710e-04	-3.764701e-04	-4.255373e-04	-5.892388e-04	1.637014e-04
386           	1.693138e-02	8.747568e-03	8.183814e-03	-2.959366e-03	1.217661e-02	-1.513597e-02	1.365629e-02	2.818767e-04	-3.764750e-04	-4.255379e-04	-5.892439e-04	1.637061e-04
387           	1.693132e-02	8.747544e-03	8.183776e-03	-2.959368e-03	1.217657e-02	-1.513594e-02	1.365625e-02	2.818838e-04	-3.764809e-04	-4.255390e-04	-5.892503e-04	1.637114e-04
388           	1.693126e-02	8.747521e-03	8.183738e-03	-2.959371e-03	1.217653e-02	-1.513590e-02	1.365621e-02	2.818912e-04	-3.764873e-04	-4.255410e-04	-5.892578e-04	1.637168e-04
389           	1.693120e-02	8.747499e-03	8.183701e-03	-2.959374e-03	1.217649e-02	-1.513587e-02	1.365618e-02	2.818988e-04	-3.764943e-04	-4.255438e-04	-5.892663e-04	1.637224e-04
390           	1.693114e-02	8.747479e-03	8.183664e-03	-2.959376e-03	1.217645e-02	-1.513583e-02	1.365614e-02	2.819077e-04	-3.765022e-04	-4.255472e-04	-5.892758e-04	1.637286e-04
391           	1.693109e-02	8.747460e-03	8.183627e-03	-2.959379e-03	1.217642e-02	-1.513580e-02	1.365611e-02	2.819166e-04	-3.765105e-04	-4.255514e-04	-5.892862e-04	1.637348e-04
392           	1.693103e-02	8.747443e-03	8.183591e-03	-2.959382e-03	1.217638e-02	-1.513577e-02	1.365608e-02	2.819255e-04	-3.765191e-04	-4.255563e-04	-5.892972e-04	1.637410e-04
393           	1.693098e-02	8.747427e-03	8.183555e-03	-2.959385e-03	1.217635e-02	-1.513574e-02	1.365604e-02	2.819357e-04	-3.765286e-04	-4.255617e-04	-5.893094e-04	1.637477e-04
394           	1.693093e-02	8.747412e-03	8.183520e-03	-2.959388e-03	1.217632e-02	-1.513571e-02	1.365601e-02	2.819458e-04	-3.765383e-04	-4.255678e-04	-5.893222e-04	1.637545e-04
395           	1.693088e-02	8.747398e-03	8.183484e-03	-2.959389e-03	1.217629e-02	-1.513568e-02	1.365598e-02	2.819570e-04	-3.765489e-04	-4.255744e-04	-5.893361e-04	1.637617e-04
396           	1.693084e-02	8.747386e-03	8.183450e-03	-2.959392e-03	1.217626e-02	-1.513565e-02	1.365596e-02	2.819680e-04	-3.765596e-04	-4.255816e-04	-5.893504e-04	1.637688e-04
397           	1.693079e-02	8.747374e-03	8.183416e-03	-2.959395e-03	1.217623e-02	-1.513563e-02	1.365593e-02	2.819790e-04	-3.765705e-04	-4.255894e-04	-5.893652e-04	1.637759e-04
398           	1.693075e-02	8.747364e-03	8.183382e-03	-2.959397e-03	1.217620e-02	-1.513560e-02	1.365590e-02	2.819911e-04	-3.765824e-04	-4.255978e-04	-5.893813e-04	1.637835e-04
399           	1.693070e-02	8.747355e-03	8.183347e-03	-2.959399e-03	1.217618e-02	-1.513558e-02	1.365588e-02	2.820043e-04	-3.765952e-04	-4.256070e-04	-5.893987e-04	1.637917e-04
400           	1.693066e-02	8.747348e-03	8.183313e-03	-2.959402e-03	1.217615e-02	-1.513555e-02	1.365585e-02	2.820171e-04	-3.766079e-04	-4.256165e-04	-5.894162e-04	1.637997e-04
401           	1.693062e-02	8.747341e-03	8.183280e-03	-2.959404e-03	1.217613e-02	-1.513553e-02	1.365583e-02	2.820308e-04	-3.766214e-04	-4.256268e-04	-5.894348e-04	1.638080e-04
402           	1.693058e-02	8.747335e-03	8.183247e-03	-2.959407e-03	1.217610e-02	-1.513551e-02	1.365581e-02	2.820441e-04	-3.766348e-04	-4.256373e-04	-5.894534e-04	1.638161e-04
403           	1.693055e-02	8.747331e-03	8.183214e-03	-2.959409e-03	1.217608e-02	-1.513549e-02	1.365579e-02	2.820583e-04	-3.766490e-04	-4.256485e-04	-5.894732e-04	1.638247e-04
404           	1.693051e-02	8.747327e-03	8.183183e-03	-2.959412e-03	1.217606e-02	-1.513547e-02	1.365577e-02	2.820722e-04	-3.766630e-04	-4.256599e-04	-5.894930e-04	1.638331e-04
405           	1.693048e-02	8.747325e-03	8.183151e-03	-2.959414e-03	1.217604e-02	-1.513545e-02	1.365575e-02	2.820871e-04	-3.766780e-04	-4.256722e-04	-5.895141e-04	1.638420e-04
406           	1.693044e-02	8.747324e-03	8.183118e-03	-2.959415e-03	1.217602e-02	-1.513544e-02	1.365573e-02	2.821028e-04	-3.766938e-04	-4.256851e-04	-5.895364e-04	1.638513e-04
407           	1.693041e-02	8.747324e-03	8.183085e-03	-2.959417e-03	1.217600e-02	-1.513542e-02	1.365571e-02	2.821192e-04	-3.767102e-04	-4.256986e-04	-5.895595e-04	1.638609e-04
408           	1.693038e-02	8.747324e-03	8.183055e-03	-2.959420e-03	1.217598e-02	-1.513540e-02	1.365569e-02	2.821346e-04	-3.767259e-04	-4.257119e-04	-5.895819e-04	1.638700e-04
409           	1.693035e-02	8.747325e-03	8.183025e-03	-2.959423e-03	1.217597e-02	-1.513539e-02	1.365568e-02	2.821495e-04	-3.767412e-04	-4.257252e-04	-5.896038e-04	1.638786e-04
410           	1.693032e-02	8.747327e-03	8.182996e-03	-2.959425e-03	1.217595e-02	-1.513538e-02	1.365566e-02	2.821655e-04	-3.767575e-04	-4.257392e-04	-5.896271e-04	1.638879e-04
411           	1.693029e-02	8.747330e-03	8.182965e-03	-2.959427e-03	1.217594e-02	-1.513536e-02	1.365565e-02	2.821824e-04	-3.767747e-04	-4.257541e-04	-5.896517e-04	1.638976e-04
412           	1.693027e-02	8.747334e-03	8.182934e-03	-2.959428e-03	1.217592e-02	-1.513535e-02	1.365564e-02	2.822001e-04	-3.767925e-04	-4.257695e-04	-5.896773e-04	1.639078e-04
413           	1.693024e-02	8.747340e-03	8.182903e-03	-2.959430e-03	1.217591e-02	-1.513534e-02	1.365562e-02	2.822181e-04	-3.768108e-04	-4.257854e-04	-5.897035e-04	1.639181e-04
414           	1.693022e-02	8.747346e-03	8.182873e-03	-2.959432e-03	1.217589e-02	-1.513533e-02	1.365561e-02	2.822364e-04	-3.768293e-04	-4.258016e-04	-5.897301e-04	1.639285e-04
415           	1.693020e-02	8.747351e-03	8.182845e-03	-2.959435e-03	1.217588e-02	-1.513532e-02	1.365560e-02	2.822533e-04	-3.768465e-04	-4.258171e-04	-5.897551e-04	1.639380e-04
416           	1.693017e-02	8.747358e-03	8.182817e-03	-2.959436e-03	1.217587e-02	-1.513531e-02	1.365559e-02	2.822707e-04	-3.768643e-04	-4.258331e-04	-5.897809e-04	1.639478e-04
417           	1.693015e-02	8.747366e-03	8.182788e-03	-2.959438e-03	1.217586e-02	-1.513530e-02	1.365558e-02	2.822886e-04	-3.768826e-04	-4.258496e-04	-5.898074e-04	1.639578e-04
418           	1.693013e-02	8.747373e-03	8.182762e-03	-2.959441e-03	1.217585e-02	-1.513529e-02	1.365557e-02	2.823055e-04	-3.769000e-04	-4.258655e-04	-5.898327e-04	1.639672e-04
419           	1.693012e-02	8.747382e-03	8.182735e-03	-2.959443e-03	1.217584e-02	-1.513529e-02	1.365556e-02	2.823233e-04	-3.769182e-04	-4.258822e-04	-5.898593e-04	1.639771e-04
420           	1.693010e-02	8.747391e-03	8.182708e-03	-2.959445e-03	1.217583e-02	-1.513528e-02	1.365556e-02	2.823417e-04	-3.769371e-04	-4.258995e-04	-5.898869e-04	1.639874e-04
421           	1.693008e-02	8.747402e-03	8.182680e-03	-2.959447e-03	1.217583e-02	-1.513527e-02	1.365555e-02	2.823607e-04	-3.769567e-04	-4.259174e-04	-5.899154e-04	1.639979e-04
422           	1.693007e-02	8.747413e-03	8.182653e-03	-2.959448e-03	1.217582e-02	-1.513527e-02	1.365554e-02	2.823800e-04	-3.769765e-04	-4.259357e-04	-5.899443e-04	1.640086e-04
423           	1.693005e-02	8.747425e-03	8.182626e-03	-2.959450e-03	1.217581e-02	-1.513526e-02	1.365554e-02	2.823995e-04	-3.769965e-04	-4.259542e-04	-5.899736e-04	1.640194e-04
424           	1.693004e-02	8.747437e-03	8.182599e-03	-2.959451e-03	1.217580e-02	-1.513526e-02	1.365553e-02	2.824188e-04	-3.770165e-04	-4.259728e-04	-5.900028e-04	1.640301e-04
425           	1.693002e-02	8.747450e-03	8.182573e-03	-2.959453e-03	1.217580e-02	-1.513525e-02	1.365553e-02	2.824381e-04	-3.770364e-04	-4.259914e-04	-5.900321e-04	1.640407e-04
