# Force and moment coefficients
# dragDir     : (1.000000e+00 0.000000e+00 0.000000e+00)
# sideDir     : (0.000000e+00 1.000000e+00 0.000000e+00)
# liftDir     : (0.000000e+00 0.000000e+00 1.000000e+00)
# rollAxis    : (1.000000e+00 0.000000e+00 0.000000e+00)
# pitchAxis   : (0.000000e+00 1.000000e+00 0.000000e+00)
# yawAxis     : (0.000000e+00 0.000000e+00 1.000000e+00)
# magUInf     : 1.000000e+01
# lRef        : 1.499270e-01
# Aref        : 5.000000e-02
# CofR        : (3.750000e-02 0.000000e+00 0.000000e+00)
#
# Time        	Cd            	Cd(f)         	Cd(r)         	Cl            	Cl(f)         	Cl(r)         	CmPitch       	CmRoll        	CmYaw         	Cs            	Cs(f)         	Cs(r)         
1             	1.568555e-01	1.090370e+00	-9.335144e-01	-5.410820e-03	6.682612e-02	-7.223694e-02	6.953153e-02	1.011942e+00	-3.313336e-01	-2.202660e+00	-1.432664e+00	-7.699966e-01
2             	1.258377e-01	9.788098e-01	-8.529721e-01	-6.347192e-03	5.221681e-02	-5.856400e-02	5.539040e-02	9.158909e-01	-2.974796e-01	-1.989571e+00	-1.292265e+00	-6.973058e-01
3             	9.334137e-02	7.108554e-01	-6.175140e-01	-6.042920e-03	3.790970e-02	-4.395262e-02	4.093116e-02	6.641847e-01	-2.102614e-01	-1.438301e+00	-9.294119e-01	-5.088891e-01
4             	6.076627e-02	3.697673e-01	-3.090010e-01	-4.999117e-03	2.407464e-02	-2.907376e-02	2.657420e-02	3.393842e-01	-9.684273e-02	-7.288842e-01	-4.612848e-01	-2.675994e-01
5             	3.120335e-02	3.561819e-02	-4.414846e-03	-3.603726e-03	1.178143e-02	-1.538515e-02	1.358329e-02	2.001652e-02	1.520642e-02	-3.254856e-02	-1.067857e-03	-3.148070e-02
6             	8.470867e-03	-2.253167e-01	2.337876e-01	-2.228615e-03	2.520066e-03	-4.748681e-03	3.634374e-03	-2.295521e-01	1.020900e-01	5.112658e-01	3.577229e-01	1.535429e-01
7             	-5.476582e-03	-3.771174e-01	3.716408e-01	-1.158418e-03	-3.048060e-03	1.889642e-03	-2.468851e-03	-3.743791e-01	1.511113e-01	8.245685e-01	5.633956e-01	2.611730e-01
8             	-9.879765e-03	-4.083175e-01	3.984377e-01	-5.002866e-04	-4.629960e-03	4.129673e-03	-4.379817e-03	-4.033776e-01	1.577075e-01	8.841298e-01	5.997724e-01	2.843574e-01
9             	-7.087209e-03	-3.469822e-01	3.398950e-01	-2.155015e-04	-3.243654e-03	3.028153e-03	-3.135904e-03	-3.434386e-01	1.313987e-01	7.491649e-01	5.059812e-01	2.431838e-01
10            	1.973384e-04	-2.303415e-01	2.305389e-01	-1.856048e-04	-1.059643e-05	-1.750084e-04	8.220597e-05	-2.304402e-01	8.500190e-02	4.991132e-01	3.345585e-01	1.645547e-01
11            	9.388448e-03	-9.472788e-02	1.041163e-01	-3.108804e-04	3.985409e-03	-4.296290e-03	4.140849e-03	-9.942210e-02	3.166621e-02	2.113553e-01	1.373439e-01	7.401145e-02
12            	1.796991e-02	2.702395e-02	-9.054041e-03	-5.226821e-04	7.664341e-03	-8.187023e-03	7.925682e-03	1.803900e-02	-1.614476e-02	-4.560314e-02	-3.894633e-02	-6.656813e-03
13            	2.393798e-02	1.102569e-01	-8.631890e-02	-7.389515e-04	1.017987e-02	-1.091883e-02	1.054935e-02	9.828789e-02	-4.900346e-02	-2.201200e-01	-1.590635e-01	-6.105655e-02
14            	2.619922e-02	1.430931e-01	-1.168938e-01	-9.223582e-04	1.107725e-02	-1.199961e-02	1.153843e-02	1.299934e-01	-6.213546e-02	-2.873125e-01	-2.057917e-01	-8.152077e-02
15            	2.498785e-02	1.295921e-01	-1.046042e-01	-1.059220e-03	1.046324e-02	-1.152246e-02	1.099285e-02	1.170982e-01	-5.703573e-02	-2.567069e-01	-1.853892e-01	-7.131771e-02
16            	2.148422e-02	8.483430e-02	-6.335008e-02	-1.144016e-03	8.864386e-03	-1.000840e-02	9.436394e-03	7.409219e-02	-3.954163e-02	-1.606238e-01	-1.198535e-01	-4.077026e-02
17            	1.699757e-02	2.621707e-02	-9.219499e-03	-1.185486e-03	6.856761e-03	-8.042247e-03	7.449504e-03	1.771828e-02	-1.648522e-02	-3.610312e-02	-3.453678e-02	-1.566338e-03
18            	1.262379e-02	-3.099166e-02	4.361545e-02	-1.201953e-03	4.917393e-03	-6.119346e-03	5.518369e-03	-3.730355e-02	6.099196e-03	8.443873e-02	4.831856e-02	3.612017e-02
19            	9.296865e-03	-7.452929e-02	8.382615e-02	-1.204451e-03	3.446540e-03	-4.650992e-03	4.048766e-03	-7.917772e-02	2.324375e-02	1.750004e-01	1.107439e-01	6.425644e-02
20            	7.532258e-03	-9.744571e-02	1.049780e-01	-1.198248e-03	2.674797e-03	-3.873044e-03	3.273920e-03	-1.012118e-01	3.213915e-02	2.213485e-01	1.428134e-01	7.853509e-02
21            	7.325637e-03	-9.931554e-02	1.066412e-01	-1.184999e-03	2.595520e-03	-3.780519e-03	3.188020e-03	-1.029784e-01	3.257458e-02	2.228756e-01	1.440124e-01	7.886323e-02
22            	8.267939e-03	-8.470847e-02	9.297640e-02	-1.163310e-03	3.027114e-03	-4.190423e-03	3.608769e-03	-8.884244e-02	2.641054e-02	1.896431e-01	1.212321e-01	6.841103e-02
23            	9.807904e-03	-6.056896e-02	7.037687e-02	-1.129281e-03	3.725457e-03	-4.854738e-03	4.290098e-03	-6.547292e-02	1.646240e-02	1.366767e-01	8.480073e-02	5.187593e-02
24            	1.139918e-02	-3.419158e-02	4.559076e-02	-1.080410e-03	4.448609e-03	-5.529018e-03	4.988813e-03	-3.989117e-02	5.692484e-03	7.964427e-02	4.551462e-02	3.412965e-02
25            	1.260435e-02	-1.167138e-02	2.427573e-02	-1.017464e-03	5.002473e-03	-6.019938e-03	5.511205e-03	-1.797356e-02	-3.414412e-03	3.151712e-02	1.234415e-02	1.917297e-02
26            	1.315041e-02	3.001945e-03	1.014847e-02	-9.448254e-04	5.264320e-03	-6.209146e-03	5.736733e-03	-3.573262e-03	-9.225818e-03	6.198479e-04	-8.915894e-03	9.535742e-03
27            	1.296129e-02	8.411002e-03	4.550287e-03	-8.695345e-04	5.198553e-03	-6.068088e-03	5.633321e-03	1.930357e-03	-1.115905e-02	-1.025890e-02	-1.628850e-02	6.029602e-03
28            	1.214948e-02	5.572615e-03	6.576861e-03	-7.998093e-04	4.852581e-03	-5.652390e-03	5.252485e-03	-5.021230e-04	-9.635428e-03	-3.530076e-03	-1.140047e-02	7.870390e-03
29            	1.095870e-02	-2.778342e-03	1.373704e-02	-7.430079e-04	4.332514e-03	-5.075522e-03	4.704018e-03	-8.257691e-03	-5.791034e-03	1.476653e-02	1.592231e-03	1.317430e-02
30            	9.683942e-03	-1.315500e-02	2.283894e-02	-7.045137e-04	3.768407e-03	-4.472921e-03	4.120664e-03	-1.799697e-02	-1.071583e-03	3.706610e-02	1.746147e-02	1.960463e-02
31            	8.596502e-03	-2.224546e-02	3.084197e-02	-6.870959e-04	3.280823e-03	-3.967918e-03	3.624370e-03	-2.654372e-02	3.157959e-03	5.626689e-02	3.129141e-02	2.497549e-02
32            	7.887554e-03	-2.762828e-02	3.551583e-02	-6.908024e-04	2.955651e-03	-3.646453e-03	3.301052e-03	-3.157206e-02	5.917583e-03	6.725293e-02	3.954405e-02	2.770888e-02
33            	7.644107e-03	-2.810559e-02	3.574970e-02	-7.131900e-04	2.833302e-03	-3.546492e-03	3.189897e-03	-3.192764e-02	6.747862e-03	6.758915e-02	4.054244e-02	2.704671e-02
34            	7.847388e-03	-2.373672e-02	3.158411e-02	-7.498973e-04	2.907755e-03	-3.657652e-03	3.282703e-03	-2.766041e-02	5.716103e-03	5.756385e-02	3.449803e-02	2.306582e-02
35            	8.395532e-03	-1.559453e-02	2.399006e-02	-7.956057e-04	3.136149e-03	-3.931755e-03	3.533952e-03	-1.979230e-02	3.303686e-03	3.963573e-02	2.312155e-02	1.651418e-02
36            	9.136494e-03	-5.371892e-03	1.450839e-02	-8.448236e-04	3.452917e-03	-4.297741e-03	3.875329e-03	-9.940139e-03	2.296045e-04	1.755464e-02	9.006926e-03	8.547717e-03
37            	9.906738e-03	5.083415e-03	4.823323e-03	-8.925078e-04	3.786691e-03	-4.679199e-03	4.232945e-03	1.300462e-04	-2.751449e-03	-4.659964e-03	-5.081431e-03	4.214668e-04
38            	1.056502e-02	1.417054e-02	-3.605519e-03	-9.346820e-04	4.075178e-03	-5.009860e-03	4.542519e-03	8.888028e-03	-5.019125e-03	-2.358414e-02	-1.681120e-02	-6.772947e-03
39            	1.101521e-02	2.081807e-02	-9.802862e-03	-9.686852e-04	4.275349e-03	-5.244034e-03	4.759691e-03	1.531047e-02	-6.202301e-03	-3.699284e-02	-2.469872e-02	-1.229412e-02
40            	1.121552e-02	2.459897e-02	-1.338345e-02	-9.934370e-04	4.367508e-03	-5.360945e-03	4.864226e-03	1.899121e-02	-6.216271e-03	-4.408762e-02	-2.826008e-02	-1.582754e-02
41            	1.117615e-02	2.569764e-02	-1.452149e-02	-1.009271e-03	4.354816e-03	-5.364087e-03	4.859451e-03	2.010956e-02	-5.235013e-03	-4.540263e-02	-2.793633e-02	-1.746630e-02
42            	1.094822e-02	2.476118e-02	-1.381296e-02	-1.017603e-03	4.258505e-03	-5.276107e-03	4.767306e-03	1.928707e-02	-3.613542e-03	-4.245889e-02	-2.484299e-02	-1.761590e-02
43            	1.060761e-02	2.269247e-02	-1.208487e-02	-1.020747e-03	4.111392e-03	-5.132139e-03	4.621766e-03	1.738867e-02	-1.787099e-03	-3.729617e-02	-2.043518e-02	-1.686099e-02
44            	1.023533e-02	2.042502e-02	-1.018969e-02	-1.020994e-03	3.949497e-03	-4.970490e-03	4.459994e-03	1.530735e-02	-1.686661e-04	-3.197620e-02	-1.615676e-02	-1.581943e-02
45            	9.899426e-03	1.873467e-02	-8.835241e-03	-1.019821e-03	3.803512e-03	-4.823333e-03	4.313423e-03	1.378495e-02	9.319631e-04	-2.817587e-02	-1.315597e-02	-1.501990e-02
46            	9.644521e-03	1.811834e-02	-8.473815e-03	-1.017685e-03	3.693778e-03	-4.711464e-03	4.202621e-03	1.329608e-02	1.355847e-03	-2.692892e-02	-1.210861e-02	-1.482031e-02
47            	9.487958e-03	1.874857e-02	-9.260614e-03	-1.014194e-03	3.628451e-03	-4.642645e-03	4.135548e-03	1.400459e-02	1.103999e-03	-2.853734e-02	-1.316467e-02	-1.537267e-02
48            	9.424000e-03	2.050416e-02	-1.108016e-02	-1.008611e-03	3.605034e-03	-4.613646e-03	4.109340e-03	1.579216e-02	3.117146e-04	-3.265132e-02	-1.601394e-02	-1.663737e-02
49            	9.429248e-03	2.304380e-02	-1.361455e-02	-1.000303e-03	3.612831e-03	-4.613134e-03	4.112983e-03	1.832918e-02	-7.975134e-04	-3.844630e-02	-2.002066e-02	-1.842563e-02
50            	9.471048e-03	2.591121e-02	-1.644016e-02	-9.889993e-04	3.636803e-03	-4.625802e-03	4.131302e-03	2.117569e-02	-1.968907e-03	-4.486478e-02	-2.440130e-02	-2.046348e-02
51            	9.515784e-03	2.864289e-02	-1.912710e-02	-9.748772e-04	3.661419e-03	-4.636296e-03	4.148857e-03	2.388499e-02	-2.970289e-03	-5.085957e-02	-2.840008e-02	-2.245950e-02
52            	9.535558e-03	3.085747e-02	-2.132191e-02	-9.585523e-04	3.673805e-03	-4.632357e-03	4.153081e-03	2.608969e-02	-3.632979e-03	-5.559200e-02	-3.142898e-02	-2.416302e-02
53            	9.512073e-03	3.231234e-02	-2.280026e-02	-9.408974e-04	3.665573e-03	-4.606471e-03	4.136022e-03	2.755630e-02	-3.873929e-03	-5.855351e-02	-3.315068e-02	-2.540283e-02
54            	9.439160e-03	3.292830e-02	-2.348914e-02	-9.229864e-04	3.633904e-03	-4.556891e-03	4.095397e-03	2.820872e-02	-3.698841e-03	-5.961190e-02	-3.350479e-02	-2.610711e-02
55            	9.321567e-03	3.277587e-02	-2.345430e-02	-9.059133e-04	3.580999e-03	-4.486912e-03	4.033955e-03	2.811509e-02	-3.187434e-03	-5.897204e-02	-3.267346e-02	-2.629859e-02
56            	9.171940e-03	3.203728e-02	-2.286534e-02	-8.905870e-04	3.512707e-03	-4.403294e-03	3.958000e-03	2.745131e-02	-2.467589e-03	-5.708311e-02	-3.100914e-02	-2.607397e-02
57            	9.007084e-03	3.095531e-02	-2.194823e-02	-8.776898e-04	3.436782e-03	-4.314472e-03	3.875627e-03	2.645177e-02	-1.684761e-03	-5.451790e-02	-2.894371e-02	-2.557419e-02
58            	8.844270e-03	2.978090e-02	-2.093663e-02	-8.676120e-04	3.361173e-03	-4.228786e-03	3.794979e-03	2.535876e-02	-9.732668e-04	-5.185192e-02	-2.689923e-02	-2.495269e-02
59            	8.698025e-03	2.872876e-02	-2.003073e-02	-8.604731e-04	3.292523e-03	-4.152996e-03	3.722759e-03	2.437974e-02	-4.342802e-04	-4.956344e-02	-2.521600e-02	-2.434744e-02
60            	8.577728e-03	2.794574e-02	-1.936802e-02	-8.561273e-04	3.235151e-03	-4.091278e-03	3.663215e-03	2.365688e-02	-1.228987e-04	-4.796516e-02	-2.410548e-02	-2.385968e-02
61            	8.487959e-03	2.750378e-02	-1.901582e-02	-8.543256e-04	3.191128e-03	-4.045453e-03	3.618290e-03	2.325980e-02	-4.747678e-05	-4.719093e-02	-2.364294e-02	-2.354799e-02
62            	8.428256e-03	2.740022e-02	-1.897197e-02	-8.547138e-04	3.160226e-03	-4.014939e-03	3.587582e-03	2.318610e-02	-1.753341e-04	-4.720246e-02	-2.377657e-02	-2.342590e-02
63            	8.394112e-03	2.757341e-02	-1.917930e-02	-8.569344e-04	3.140360e-03	-3.997294e-03	3.568827e-03	2.337636e-02	-4.453699e-04	-4.782969e-02	-2.436021e-02	-2.346947e-02
64            	8.378502e-03	2.792522e-02	-1.954672e-02	-8.606418e-04	3.128363e-03	-3.989004e-03	3.558684e-03	2.373597e-02	-7.833498e-04	-4.882610e-02	-2.519640e-02	-2.362970e-02
65            	8.373591e-03	2.834533e-02	-1.997174e-02	-8.655243e-04	3.120759e-03	-3.986283e-03	3.553521e-03	2.415853e-02	-1.116739e-03	-4.992657e-02	-2.608003e-02	-2.384655e-02
66            	8.372143e-03	2.873273e-02	-2.036058e-02	-8.712985e-04	3.114414e-03	-3.985712e-03	3.550063e-03	2.454665e-02	-1.386559e-03	-5.089711e-02	-2.683511e-02	-2.406200e-02
67            	8.368567e-03	2.901109e-02	-2.064253e-02	-8.777105e-04	3.106958e-03	-3.984668e-03	3.545813e-03	2.482681e-02	-1.554727e-03	-5.156897e-02	-2.733921e-02	-2.422976e-02
68            	8.359114e-03	2.913543e-02	-2.077632e-02	-8.845211e-04	3.096884e-03	-3.981405e-03	3.539144e-03	2.495588e-02	-1.606187e-03	-5.185219e-02	-2.753228e-02	-2.431991e-02
69            	8.342558e-03	2.909648e-02	-2.075392e-02	-8.915384e-04	3.083822e-03	-3.975361e-03	3.529592e-03	2.492520e-02	-1.547921e-03	-5.174181e-02	-2.741883e-02	-2.432299e-02
70            	8.319600e-03	2.891344e-02	-2.059384e-02	-8.985939e-04	3.068232e-03	-3.966826e-03	3.517529e-03	2.475364e-02	-1.403116e-03	-5.129874e-02	-2.705249e-02	-2.424625e-02
71            	8.292189e-03	2.862484e-02	-2.033265e-02	-9.055244e-04	3.051099e-03	-3.956623e-03	3.503861e-03	2.447875e-02	-1.204151e-03	-5.062612e-02	-2.651721e-02	-2.410891e-02
72            	8.262828e-03	2.827803e-02	-2.001520e-02	-9.121841e-04	3.033604e-03	-3.945788e-03	3.489696e-03	2.414662e-02	-9.854399e-04	-4.984337e-02	-2.590713e-02	-2.393625e-02
73            	8.233927e-03	2.791966e-02	-1.968574e-02	-9.184509e-04	3.016849e-03	-3.935300e-03	3.476075e-03	2.380270e-02	-7.774399e-04	-4.906332e-02	-2.530910e-02	-2.375422e-02
74            	8.207371e-03	2.758832e-02	-1.938095e-02	-9.242374e-04	3.001671e-03	-3.925909e-03	3.463790e-03	2.348464e-02	-6.025049e-04	-4.837504e-02	-2.479002e-02	-2.358502e-02
75            	8.184300e-03	2.730996e-02	-1.912566e-02	-9.295009e-04	2.988535e-03	-3.918036e-03	3.453286e-03	2.321781e-02	-4.728583e-04	-4.783401e-02	-2.438987e-02	-2.344415e-02
76            	8.165056e-03	2.709667e-02	-1.893161e-02	-9.342323e-04	2.977513e-03	-3.911745e-03	3.444629e-03	2.301414e-02	-3.908133e-04	-4.746063e-02	-2.412113e-02	-2.333950e-02
77            	8.149339e-03	2.694786e-02	-1.879852e-02	-9.384551e-04	2.968361e-03	-3.906816e-03	3.437588e-03	2.287319e-02	-3.504660e-04	-4.724428e-02	-2.397261e-02	-2.327167e-02
78            	8.136366e-03	2.685342e-02	-1.871705e-02	-9.422197e-04	2.960622e-03	-3.902842e-03	3.431732e-03	2.278524e-02	-3.405040e-04	-4.715229e-02	-2.391665e-02	-2.323564e-02
79            	8.125015e-03	2.679666e-02	-1.867165e-02	-9.455869e-04	2.953711e-03	-3.899298e-03	3.426504e-03	2.273416e-02	-3.469956e-04	-4.713836e-02	-2.391618e-02	-2.322219e-02
80            	8.114351e-03	2.676072e-02	-1.864637e-02	-9.486440e-04	2.947128e-03	-3.895772e-03	3.421450e-03	2.270354e-02	-3.568629e-04	-4.715739e-02	-2.393556e-02	-2.322183e-02
81            	8.103585e-03	2.673037e-02	-1.862678e-02	-9.514778e-04	2.940489e-03	-3.891967e-03	3.416228e-03	2.267857e-02	-3.596171e-04	-4.717086e-02	-2.394504e-02	-2.322581e-02
82            	8.092210e-03	2.669422e-02	-1.860201e-02	-9.541697e-04	2.933550e-03	-3.887720e-03	3.410635e-03	2.264811e-02	-3.485250e-04	-4.715165e-02	-2.392435e-02	-2.322730e-02
83            	8.079985e-03	2.664574e-02	-1.856576e-02	-9.567832e-04	2.926217e-03	-3.883001e-03	3.404609e-03	2.260575e-02	-3.209407e-04	-4.708613e-02	-2.386401e-02	-2.322212e-02
84            	8.066933e-03	2.658316e-02	-1.851622e-02	-9.593580e-04	2.918530e-03	-3.877888e-03	3.398209e-03	2.254969e-02	-2.778345e-04	-4.697328e-02	-2.376447e-02	-2.320880e-02
85            	8.053251e-03	2.650865e-02	-1.845540e-02	-9.619037e-04	2.910613e-03	-3.872517e-03	3.391565e-03	2.248203e-02	-2.228778e-04	-4.682209e-02	-2.363392e-02	-2.318817e-02
86            	8.039223e-03	2.642707e-02	-1.838784e-02	-9.644079e-04	2.902636e-03	-3.867044e-03	3.384840e-03	2.240746e-02	-1.612505e-04	-4.664775e-02	-2.348512e-02	-2.316262e-02
87            	8.025144e-03	2.634442e-02	-1.831928e-02	-9.668425e-04	2.894764e-03	-3.861607e-03	3.378185e-03	2.233185e-02	-9.846924e-05	-4.646771e-02	-2.333232e-02	-2.313538e-02
88            	8.011259e-03	2.626663e-02	-1.825537e-02	-9.691714e-04	2.887125e-03	-3.856296e-03	3.371711e-03	2.226100e-02	-3.941858e-05	-4.629823e-02	-2.318853e-02	-2.310970e-02
89            	7.997720e-03	2.619848e-02	-1.820076e-02	-9.713588e-04	2.879793e-03	-3.851152e-03	3.365472e-03	2.219962e-02	1.229747e-05	-4.615194e-02	-2.306367e-02	-2.308827e-02
90            	7.984583e-03	2.614312e-02	-1.815854e-02	-9.733748e-04	2.872785e-03	-3.846159e-03	3.359472e-03	2.215083e-02	5.464287e-05	-4.603653e-02	-2.296362e-02	-2.307291e-02
91            	7.971813e-03	2.610195e-02	-1.813014e-02	-9.751988e-04	2.866067e-03	-3.841265e-03	3.353666e-03	2.211605e-02	8.707647e-05	-4.595478e-02	-2.289031e-02	-2.306447e-02
92            	7.959323e-03	2.607464e-02	-1.811532e-02	-9.768229e-04	2.859577e-03	-3.836400e-03	3.347988e-03	2.209498e-02	1.103977e-04	-4.590483e-02	-2.284202e-02	-2.306281e-02
93            	7.946997e-03	2.605975e-02	-1.811276e-02	-9.782490e-04	2.853238e-03	-3.831487e-03	3.342363e-03	2.208625e-02	1.261762e-04	-4.588199e-02	-2.281482e-02	-2.306717e-02
94            	7.934726e-03	2.605517e-02	-1.812044e-02	-9.794885e-04	2.846979e-03	-3.826468e-03	3.336723e-03	2.208781e-02	1.363529e-04	-4.588000e-02	-2.280365e-02	-2.307635e-02
95            	7.922430e-03	2.605860e-02	-1.813617e-02	-9.805587e-04	2.840743e-03	-3.821302e-03	3.331023e-03	2.209739e-02	1.428285e-04	-4.589247e-02	-2.280341e-02	-2.308907e-02
96            	7.910037e-03	2.606762e-02	-1.815759e-02	-9.814774e-04	2.834488e-03	-3.815965e-03	3.325227e-03	2.211261e-02	1.472754e-04	-4.591319e-02	-2.280932e-02	-2.310387e-02
97            	7.897580e-03	2.608081e-02	-1.818323e-02	-9.822678e-04	2.828218e-03	-3.810485e-03	3.319352e-03	2.213202e-02	1.506896e-04	-4.593860e-02	-2.281861e-02	-2.311999e-02
98            	7.885122e-03	2.609729e-02	-1.821217e-02	-9.829498e-04	2.821958e-03	-3.804908e-03	3.313433e-03	2.215473e-02	1.535169e-04	-4.596694e-02	-2.282995e-02	-2.313699e-02
99            	7.872747e-03	2.611666e-02	-1.824391e-02	-9.835391e-04	2.815750e-03	-3.799289e-03	3.307520e-03	2.218029e-02	1.557442e-04	-4.599790e-02	-2.284320e-02	-2.315469e-02
100           	7.860542e-03	2.613890e-02	-1.827836e-02	-9.840469e-04	2.809639e-03	-3.793686e-03	3.301662e-03	2.220863e-02	1.570310e-04	-4.603230e-02	-2.285912e-02	-2.317318e-02
101           	7.848587e-03	2.616419e-02	-1.831560e-02	-9.844804e-04	2.803666e-03	-3.788146e-03	3.295906e-03	2.223990e-02	1.568701e-04	-4.607155e-02	-2.287891e-02	-2.319265e-02
102           	7.836941e-03	2.619279e-02	-1.835585e-02	-9.848433e-04	2.797866e-03	-3.782710e-03	3.290288e-03	2.227432e-02	1.547408e-04	-4.611720e-02	-2.290386e-02	-2.321334e-02
103           	7.825641e-03	2.622488e-02	-1.839924e-02	-9.851377e-04	2.792260e-03	-3.777398e-03	3.284829e-03	2.231206e-02	1.502274e-04	-4.617049e-02	-2.293502e-02	-2.323547e-02
104           	7.814694e-03	2.626050e-02	-1.844581e-02	-9.853647e-04	2.786853e-03	-3.772218e-03	3.279535e-03	2.235315e-02	1.430940e-04	-4.623216e-02	-2.297299e-02	-2.325918e-02
105           	7.804088e-03	2.629951e-02	-1.849542e-02	-9.855258e-04	2.781640e-03	-3.767166e-03	3.274403e-03	2.239746e-02	1.333099e-04	-4.630230e-02	-2.301784e-02	-2.328446e-02
106           	7.793790e-03	2.634150e-02	-1.854771e-02	-9.856228e-04	2.776602e-03	-3.762225e-03	3.269414e-03	2.244461e-02	1.210624e-04	-4.638030e-02	-2.306909e-02	-2.331121e-02
107           	7.783771e-03	2.638611e-02	-1.860234e-02	-9.856622e-04	2.771723e-03	-3.757385e-03	3.264554e-03	2.249422e-02	1.066357e-04	-4.646525e-02	-2.312599e-02	-2.333926e-02
108           	7.773996e-03	2.643279e-02	-1.865879e-02	-9.856500e-04	2.766980e-03	-3.752630e-03	3.259805e-03	2.254579e-02	9.042534e-05	-4.655585e-02	-2.318750e-02	-2.336835e-02
109           	7.764436e-03	2.648096e-02	-1.871652e-02	-9.855938e-04	2.762354e-03	-3.747948e-03	3.255151e-03	2.259874e-02	7.285688e-05	-4.665068e-02	-2.325248e-02	-2.339820e-02
110           	7.755070e-03	2.653009e-02	-1.877502e-02	-9.855022e-04	2.757831e-03	-3.743334e-03	3.250583e-03	2.265255e-02	5.432901e-05	-4.674839e-02	-2.331987e-02	-2.342852e-02
111           	7.745886e-03	2.657966e-02	-1.883378e-02	-9.853839e-04	2.753400e-03	-3.738784e-03	3.246092e-03	2.270672e-02	3.519946e-05	-4.684773e-02	-2.338867e-02	-2.345907e-02
112           	7.736878e-03	2.662924e-02	-1.889236e-02	-9.852476e-04	2.749055e-03	-3.734303e-03	3.241679e-03	2.276080e-02	1.574951e-05	-4.694768e-02	-2.345809e-02	-2.348959e-02
113           	7.728053e-03	2.667851e-02	-1.895045e-02	-9.851018e-04	2.744795e-03	-3.729897e-03	3.237346e-03	2.281448e-02	-3.833673e-06	-4.704753e-02	-2.352760e-02	-2.351993e-02
114           	7.719419e-03	2.672720e-02	-1.900778e-02	-9.849537e-04	2.740622e-03	-3.725576e-03	3.233099e-03	2.286749e-02	-2.342134e-05	-4.714674e-02	-2.359679e-02	-2.354995e-02
115           	7.710986e-03	2.677513e-02	-1.906414e-02	-9.848090e-04	2.736540e-03	-3.721349e-03	3.228944e-03	2.291964e-02	-4.293569e-05	-4.724497e-02	-2.366542e-02	-2.357955e-02
116           	7.702764e-03	2.682214e-02	-1.911937e-02	-9.846721e-04	2.732553e-03	-3.717225e-03	3.224889e-03	2.297075e-02	-6.233261e-05	-4.734197e-02	-2.373332e-02	-2.360865e-02
117           	7.694762e-03	2.686810e-02	-1.917334e-02	-9.845462e-04	2.728664e-03	-3.713210e-03	3.220937e-03	2.302072e-02	-8.158243e-05	-4.743755e-02	-2.380036e-02	-2.363719e-02
118           	7.686984e-03	2.691291e-02	-1.922593e-02	-9.844330e-04	2.724878e-03	-3.709311e-03	3.217095e-03	2.306942e-02	-1.006555e-04	-4.753155e-02	-2.386643e-02	-2.366512e-02
119           	7.679434e-03	2.695648e-02	-1.927704e-02	-9.843335e-04	2.721196e-03	-3.705530e-03	3.213363e-03	2.311676e-02	-1.195136e-04	-4.762379e-02	-2.393141e-02	-2.369238e-02
120           	7.672109e-03	2.699870e-02	-1.932659e-02	-9.842480e-04	2.717617e-03	-3.701865e-03	3.209741e-03	2.316264e-02	-1.381066e-04	-4.771405e-02	-2.399513e-02	-2.371892e-02
121           	7.665004e-03	2.703948e-02	-1.937448e-02	-9.841762e-04	2.714138e-03	-3.698315e-03	3.206227e-03	2.320698e-02	-1.563739e-04	-4.780208e-02	-2.405741e-02	-2.374467e-02
122           	7.658113e-03	2.707875e-02	-1.942063e-02	-9.841180e-04	2.710758e-03	-3.694876e-03	3.202817e-03	2.324969e-02	-1.742515e-04	-4.788765e-02	-2.411808e-02	-2.376957e-02
123           	7.651430e-03	2.711642e-02	-1.946499e-02	-9.840730e-04	2.707472e-03	-3.691545e-03	3.199508e-03	2.329070e-02	-1.916739e-04	-4.797051e-02	-2.417693e-02	-2.379358e-02
124           	7.644950e-03	2.715244e-02	-1.950749e-02	-9.840408e-04	2.704278e-03	-3.688318e-03	3.196298e-03	2.332996e-02	-2.085816e-04	-4.805043e-02	-2.423380e-02	-2.381664e-02
125           	7.638665e-03	2.718676e-02	-1.954810e-02	-9.840211e-04	2.701171e-03	-3.685193e-03	3.193182e-03	2.336743e-02	-2.249234e-04	-4.812724e-02	-2.428855e-02	-2.383870e-02
126           	7.632573e-03	2.721938e-02	-1.958681e-02	-9.840141e-04	2.698152e-03	-3.682166e-03	3.190159e-03	2.340309e-02	-2.406671e-04	-4.820082e-02	-2.434108e-02	-2.385974e-02
127           	7.626668e-03	2.725029e-02	-1.962362e-02	-9.840197e-04	2.695217e-03	-3.679237e-03	3.187227e-03	2.343695e-02	-2.557894e-04	-4.827107e-02	-2.439132e-02	-2.387974e-02
128           	7.620947e-03	2.727949e-02	-1.965854e-02	-9.840374e-04	2.692365e-03	-3.676402e-03	3.184383e-03	2.346901e-02	-2.702769e-04	-4.833795e-02	-2.443925e-02	-2.389870e-02
129           	7.615404e-03	2.730700e-02	-1.969160e-02	-9.840672e-04	2.689593e-03	-3.673660e-03	3.181626e-03	2.349930e-02	-2.841288e-04	-4.840147e-02	-2.448486e-02	-2.391661e-02
130           	7.610037e-03	2.733287e-02	-1.972284e-02	-9.841088e-04	2.686899e-03	-3.671008e-03	3.178953e-03	2.352785e-02	-2.973523e-04	-4.846165e-02	-2.452818e-02	-2.393347e-02
131           	7.604841e-03	2.735714e-02	-1.975230e-02	-9.841617e-04	2.684282e-03	-3.668444e-03	3.176363e-03	2.355472e-02	-3.099602e-04	-4.851856e-02	-2.456924e-02	-2.394932e-02
132           	7.599812e-03	2.737982e-02	-1.978001e-02	-9.842259e-04	2.681741e-03	-3.665967e-03	3.173854e-03	2.357992e-02	-3.219610e-04	-4.857223e-02	-2.460807e-02	-2.396415e-02
133           	7.594944e-03	2.740097e-02	-1.980603e-02	-9.843004e-04	2.679273e-03	-3.663573e-03	3.171423e-03	2.360350e-02	-3.333690e-04	-4.862272e-02	-2.464473e-02	-2.397799e-02
134           	7.590235e-03	2.742064e-02	-1.983040e-02	-9.843846e-04	2.676878e-03	-3.661262e-03	3.169070e-03	2.362552e-02	-3.442002e-04	-4.867013e-02	-2.467927e-02	-2.399087e-02
135           	7.585681e-03	2.743886e-02	-1.985318e-02	-9.844778e-04	2.674554e-03	-3.659032e-03	3.166793e-03	2.364602e-02	-3.544709e-04	-4.871453e-02	-2.471174e-02	-2.400279e-02
136           	7.581277e-03	2.745570e-02	-1.987442e-02	-9.845789e-04	2.672301e-03	-3.656880e-03	3.164590e-03	2.366506e-02	-3.641972e-04	-4.875600e-02	-2.474220e-02	-2.401380e-02
137           	7.577022e-03	2.747120e-02	-1.989418e-02	-9.846872e-04	2.670117e-03	-3.654804e-03	3.162461e-03	2.368269e-02	-3.733962e-04	-4.879462e-02	-2.477071e-02	-2.402392e-02
138           	7.572910e-03	2.748543e-02	-1.991252e-02	-9.848016e-04	2.668001e-03	-3.652802e-03	3.160401e-03	2.369897e-02	-3.820856e-04	-4.883050e-02	-2.479733e-02	-2.403316e-02
139           	7.568938e-03	2.749842e-02	-1.992948e-02	-9.849211e-04	2.665951e-03	-3.650872e-03	3.158411e-03	2.371395e-02	-3.902841e-04	-4.886371e-02	-2.482214e-02	-2.404157e-02
140           	7.565103e-03	2.751025e-02	-1.994515e-02	-9.850448e-04	2.663965e-03	-3.649010e-03	3.156488e-03	2.372770e-02	-3.980118e-04	-4.889437e-02	-2.484520e-02	-2.404917e-02
141           	7.561401e-03	2.752096e-02	-1.995956e-02	-9.851721e-04	2.662045e-03	-3.647217e-03	3.154631e-03	2.374026e-02	-4.052896e-04	-4.892258e-02	-2.486658e-02	-2.405600e-02
142           	7.557830e-03	2.753063e-02	-1.997280e-02	-9.853021e-04	2.660187e-03	-3.645489e-03	3.152838e-03	2.375171e-02	-4.121392e-04	-4.894845e-02	-2.488637e-02	-2.406209e-02
143           	7.554387e-03	2.753930e-02	-1.998491e-02	-9.854340e-04	2.658391e-03	-3.643825e-03	3.151108e-03	2.376211e-02	-4.185826e-04	-4.897210e-02	-2.490463e-02	-2.406747e-02
144           	7.551067e-03	2.754703e-02	-1.999597e-02	-9.855673e-04	2.656656e-03	-3.642224e-03	3.149440e-03	2.377150e-02	-4.246420e-04	-4.899362e-02	-2.492145e-02	-2.407217e-02
145           	7.547867e-03	2.755388e-02	-2.000602e-02	-9.857013e-04	2.654981e-03	-3.640682e-03	3.147831e-03	2.377995e-02	-4.303383e-04	-4.901315e-02	-2.493691e-02	-2.407623e-02
146           	7.544782e-03	2.755990e-02	-2.001512e-02	-9.858353e-04	2.653362e-03	-3.639197e-03	3.146280e-03	2.378751e-02	-4.356920e-04	-4.903077e-02	-2.495108e-02	-2.407969e-02
147           	7.541809e-03	2.756513e-02	-2.002333e-02	-9.859689e-04	2.651799e-03	-3.637767e-03	3.144783e-03	2.379423e-02	-4.407219e-04	-4.904660e-02	-2.496402e-02	-2.408258e-02
148           	7.538942e-03	2.756963e-02	-2.003069e-02	-9.861017e-04	2.650288e-03	-3.636390e-03	3.143339e-03	2.380016e-02	-4.454457e-04	-4.906072e-02	-2.497581e-02	-2.408491e-02
149           	7.536179e-03	2.757343e-02	-2.003725e-02	-9.862333e-04	2.648830e-03	-3.635063e-03	3.141946e-03	2.380534e-02	-4.498797e-04	-4.907324e-02	-2.498650e-02	-2.408674e-02
150           	7.533516e-03	2.757658e-02	-2.004306e-02	-9.863635e-04	2.647422e-03	-3.633785e-03	3.140603e-03	2.380982e-02	-4.540391e-04	-4.908424e-02	-2.499616e-02	-2.408808e-02
151           	7.530949e-03	2.757911e-02	-2.004816e-02	-9.864919e-04	2.646063e-03	-3.632555e-03	3.139309e-03	2.381364e-02	-4.579386e-04	-4.909381e-02	-2.500484e-02	-2.408897e-02
152           	7.528481e-03	2.758115e-02	-2.005267e-02	-9.866176e-04	2.644756e-03	-3.631373e-03	3.138064e-03	2.381691e-02	-4.616042e-04	-4.910217e-02	-2.501269e-02	-2.408948e-02
153           	7.526106e-03	2.758272e-02	-2.005661e-02	-9.867414e-04	2.643495e-03	-3.630237e-03	3.136866e-03	2.381967e-02	-4.650541e-04	-4.910943e-02	-2.501977e-02	-2.408966e-02
154           	7.523815e-03	2.758386e-02	-2.006004e-02	-9.868633e-04	2.642278e-03	-3.629142e-03	3.135710e-03	2.382195e-02	-4.683006e-04	-4.911566e-02	-2.502613e-02	-2.408953e-02
155           	7.521602e-03	2.758457e-02	-2.006297e-02	-9.869828e-04	2.641101e-03	-3.628084e-03	3.134593e-03	2.382377e-02	-4.713506e-04	-4.912089e-02	-2.503180e-02	-2.408910e-02
156           	7.519462e-03	2.758486e-02	-2.006540e-02	-9.870995e-04	2.639962e-03	-3.627061e-03	3.133512e-03	2.382513e-02	-4.742085e-04	-4.912516e-02	-2.503679e-02	-2.408837e-02
157           	7.517394e-03	2.758475e-02	-2.006735e-02	-9.872127e-04	2.638860e-03	-3.626073e-03	3.132467e-03	2.382605e-02	-4.768795e-04	-4.912848e-02	-2.504112e-02	-2.408736e-02
158           	7.515395e-03	2.758423e-02	-2.006884e-02	-9.873224e-04	2.637795e-03	-3.625117e-03	3.131456e-03	2.382654e-02	-4.793655e-04	-4.913087e-02	-2.504480e-02	-2.408607e-02
159           	7.513463e-03	2.758334e-02	-2.006988e-02	-9.874281e-04	2.636766e-03	-3.624194e-03	3.130480e-03	2.382661e-02	-4.816715e-04	-4.913238e-02	-2.504786e-02	-2.408452e-02
160           	7.511597e-03	2.758208e-02	-2.007049e-02	-9.875300e-04	2.635772e-03	-3.623302e-03	3.129537e-03	2.382629e-02	-4.838018e-04	-4.913303e-02	-2.505032e-02	-2.408271e-02
161           	7.509795e-03	2.758050e-02	-2.007071e-02	-9.876277e-04	2.634814e-03	-3.622441e-03	3.128627e-03	2.382560e-02	-4.857687e-04	-4.913291e-02	-2.505222e-02	-2.408069e-02
162           	7.508055e-03	2.757862e-02	-2.007056e-02	-9.877216e-04	2.633888e-03	-3.621610e-03	3.127749e-03	2.382459e-02	-4.875783e-04	-4.913206e-02	-2.505361e-02	-2.407845e-02
163           	7.506374e-03	2.757645e-02	-2.007008e-02	-9.878115e-04	2.632996e-03	-3.620807e-03	3.126901e-03	2.382327e-02	-4.892424e-04	-4.913054e-02	-2.505451e-02	-2.407603e-02
164           	7.504749e-03	2.757403e-02	-2.006928e-02	-9.878976e-04	2.632133e-03	-3.620031e-03	3.126082e-03	2.382165e-02	-4.907643e-04	-4.912839e-02	-2.505496e-02	-2.407343e-02
165           	7.503178e-03	2.757134e-02	-2.006816e-02	-9.879799e-04	2.631300e-03	-3.619280e-03	3.125290e-03	2.381975e-02	-4.921493e-04	-4.912563e-02	-2.505496e-02	-2.407067e-02
166           	7.501659e-03	2.756841e-02	-2.006675e-02	-9.880586e-04	2.630496e-03	-3.618555e-03	3.124526e-03	2.381758e-02	-4.934018e-04	-4.912228e-02	-2.505454e-02	-2.406774e-02
167           	7.500191e-03	2.756524e-02	-2.006505e-02	-9.881337e-04	2.629720e-03	-3.617854e-03	3.123787e-03	2.381515e-02	-4.945253e-04	-4.911837e-02	-2.505371e-02	-2.406466e-02
168           	7.498772e-03	2.756183e-02	-2.006306e-02	-9.882051e-04	2.628972e-03	-3.617177e-03	3.123075e-03	2.381244e-02	-4.955229e-04	-4.911389e-02	-2.505247e-02	-2.406142e-02
169           	7.497403e-03	2.755819e-02	-2.006078e-02	-9.882728e-04	2.628251e-03	-3.616524e-03	3.122388e-03	2.380948e-02	-4.963971e-04	-4.910887e-02	-2.505083e-02	-2.405804e-02
170           	7.496083e-03	2.755431e-02	-2.005823e-02	-9.883370e-04	2.627557e-03	-3.615894e-03	3.121726e-03	2.380627e-02	-4.971509e-04	-4.910331e-02	-2.504880e-02	-2.405450e-02
171           	7.494809e-03	2.755020e-02	-2.005539e-02	-9.883975e-04	2.626889e-03	-3.615287e-03	3.121088e-03	2.380280e-02	-4.977872e-04	-4.909722e-02	-2.504640e-02	-2.405082e-02
172           	7.493582e-03	2.754588e-02	-2.005229e-02	-9.884546e-04	2.626246e-03	-3.614701e-03	3.120473e-03	2.379908e-02	-4.983091e-04	-4.909062e-02	-2.504362e-02	-2.404700e-02
173           	7.492401e-03	2.754133e-02	-2.004893e-02	-9.885084e-04	2.625628e-03	-3.614136e-03	3.119882e-03	2.379513e-02	-4.987203e-04	-4.908352e-02	-2.504048e-02	-2.404304e-02
174           	7.491265e-03	2.753658e-02	-2.004532e-02	-9.885594e-04	2.625034e-03	-3.613594e-03	3.119314e-03	2.379095e-02	-4.990240e-04	-4.907595e-02	-2.503700e-02	-2.403895e-02
175           	7.490173e-03	2.753163e-02	-2.004146e-02	-9.886076e-04	2.624465e-03	-3.613073e-03	3.118769e-03	2.378655e-02	-4.992232e-04	-4.906791e-02	-2.503318e-02	-2.403473e-02
176           	7.489125e-03	2.752649e-02	-2.003737e-02	-9.886534e-04	2.623921e-03	-3.612574e-03	3.118247e-03	2.378193e-02	-4.993207e-04	-4.905942e-02	-2.502903e-02	-2.403039e-02
177           	7.488121e-03	2.752116e-02	-2.003304e-02	-9.886970e-04	2.623400e-03	-3.612097e-03	3.117749e-03	2.377710e-02	-4.993189e-04	-4.905050e-02	-2.502457e-02	-2.402593e-02
178           	7.487159e-03	2.751566e-02	-2.002850e-02	-9.887386e-04	2.622903e-03	-3.611641e-03	3.117272e-03	2.377208e-02	-4.992200e-04	-4.904115e-02	-2.501980e-02	-2.402136e-02
179           	7.486239e-03	2.750997e-02	-2.002373e-02	-9.887783e-04	2.622428e-03	-3.611206e-03	3.116817e-03	2.376685e-02	-4.990262e-04	-4.903140e-02	-2.501473e-02	-2.401668e-02
180           	7.485358e-03	2.750412e-02	-2.001876e-02	-9.888161e-04	2.621975e-03	-3.610791e-03	3.116383e-03	2.376144e-02	-4.987399e-04	-4.902126e-02	-2.500937e-02	-2.401189e-02
181           	7.484518e-03	2.749810e-02	-2.001358e-02	-9.888524e-04	2.621543e-03	-3.610395e-03	3.115969e-03	2.375584e-02	-4.983637e-04	-4.901074e-02	-2.500373e-02	-2.400701e-02
182           	7.483718e-03	2.749192e-02	-2.000821e-02	-9.888872e-04	2.621133e-03	-3.610020e-03	3.115576e-03	2.375007e-02	-4.979004e-04	-4.899985e-02	-2.499783e-02	-2.400203e-02
183           	7.482957e-03	2.748560e-02	-2.000264e-02	-9.889206e-04	2.620744e-03	-3.609665e-03	3.115204e-03	2.374412e-02	-4.973530e-04	-4.898862e-02	-2.499166e-02	-2.399696e-02
184           	7.482237e-03	2.747913e-02	-1.999690e-02	-9.889527e-04	2.620377e-03	-3.609330e-03	3.114853e-03	2.373802e-02	-4.967250e-04	-4.897705e-02	-2.498525e-02	-2.399180e-02
185           	7.481557e-03	2.747254e-02	-1.999098e-02	-9.889835e-04	2.620032e-03	-3.609016e-03	3.114524e-03	2.373176e-02	-4.960197e-04	-4.896517e-02	-2.497860e-02	-2.398657e-02
186           	7.480915e-03	2.746582e-02	-1.998490e-02	-9.890132e-04	2.619708e-03	-3.608722e-03	3.114215e-03	2.372536e-02	-4.952405e-04	-4.895299e-02	-2.497174e-02	-2.398126e-02
187           	7.480311e-03	2.745898e-02	-1.997867e-02	-9.890416e-04	2.619405e-03	-3.608447e-03	3.113926e-03	2.371882e-02	-4.943909e-04	-4.894054e-02	-2.496466e-02	-2.397588e-02
188           	7.479743e-03	2.745204e-02	-1.997230e-02	-9.890687e-04	2.619121e-03	-3.608190e-03	3.113655e-03	2.371217e-02	-4.934745e-04	-4.892782e-02	-2.495738e-02	-2.397043e-02
189           	7.479210e-03	2.744500e-02	-1.996579e-02	-9.890947e-04	2.618856e-03	-3.607950e-03	3.113403e-03	2.370539e-02	-4.924943e-04	-4.891485e-02	-2.494992e-02	-2.396493e-02
190           	7.478711e-03	2.743787e-02	-1.995915e-02	-9.891197e-04	2.618609e-03	-3.607729e-03	3.113169e-03	2.369851e-02	-4.914535e-04	-4.890166e-02	-2.494228e-02	-2.395938e-02
191           	7.478247e-03	2.743065e-02	-1.995241e-02	-9.891437e-04	2.618381e-03	-3.607525e-03	3.112953e-03	2.369153e-02	-4.903554e-04	-4.888825e-02	-2.493448e-02	-2.395377e-02
192           	7.477815e-03	2.742337e-02	-1.994555e-02	-9.891667e-04	2.618171e-03	-3.607338e-03	3.112755e-03	2.368446e-02	-4.892042e-04	-4.887466e-02	-2.492653e-02	-2.394813e-02
193           	7.477417e-03	2.741602e-02	-1.993861e-02	-9.891889e-04	2.617980e-03	-3.607169e-03	3.112574e-03	2.367731e-02	-4.880016e-04	-4.886089e-02	-2.491845e-02	-2.394244e-02
194           	7.477050e-03	2.740862e-02	-1.993157e-02	-9.892102e-04	2.617806e-03	-3.607016e-03	3.112411e-03	2.367009e-02	-4.867502e-04	-4.884696e-02	-2.491023e-02	-2.393673e-02
195           	7.476713e-03	2.740116e-02	-1.992445e-02	-9.892305e-04	2.617648e-03	-3.606878e-03	3.112263e-03	2.366280e-02	-4.854520e-04	-4.883288e-02	-2.490189e-02	-2.393099e-02
196           	7.476405e-03	2.739366e-02	-1.991725e-02	-9.892499e-04	2.617505e-03	-3.606755e-03	3.112130e-03	2.365546e-02	-4.841093e-04	-4.881866e-02	-2.489344e-02	-2.392522e-02
197           	7.476124e-03	2.738611e-02	-1.990999e-02	-9.892684e-04	2.617378e-03	-3.606646e-03	3.112012e-03	2.364805e-02	-4.827244e-04	-4.880433e-02	-2.488489e-02	-2.391944e-02
198           	7.475870e-03	2.737853e-02	-1.990266e-02	-9.892860e-04	2.617264e-03	-3.606550e-03	3.111907e-03	2.364060e-02	-4.812997e-04	-4.878989e-02	-2.487624e-02	-2.391364e-02
199           	7.475643e-03	2.737092e-02	-1.989528e-02	-9.893027e-04	2.617165e-03	-3.606468e-03	3.111817e-03	2.363310e-02	-4.798380e-04	-4.877535e-02	-2.486751e-02	-2.390784e-02
200           	7.475442e-03	2.736329e-02	-1.988785e-02	-9.893186e-04	2.617081e-03	-3.606399e-03	3.111740e-03	2.362557e-02	-4.783422e-04	-4.876073e-02	-2.485871e-02	-2.390202e-02
201           	7.475266e-03	2.735565e-02	-1.988038e-02	-9.893337e-04	2.617010e-03	-3.606344e-03	3.111677e-03	2.361801e-02	-4.768149e-04	-4.874604e-02	-2.484983e-02	-2.389620e-02
202           	7.475115e-03	2.734799e-02	-1.987288e-02	-9.893480e-04	2.616954e-03	-3.606302e-03	3.111628e-03	2.361043e-02	-4.752588e-04	-4.873129e-02	-2.484091e-02	-2.389039e-02
203           	7.474988e-03	2.734033e-02	-1.986535e-02	-9.893614e-04	2.616911e-03	-3.606272e-03	3.111591e-03	2.360284e-02	-4.736766e-04	-4.871650e-02	-2.483193e-02	-2.388457e-02
204           	7.474883e-03	2.733268e-02	-1.985780e-02	-9.893738e-04	2.616879e-03	-3.606253e-03	3.111566e-03	2.359524e-02	-4.720711e-04	-4.870168e-02	-2.482291e-02	-2.387877e-02
205           	7.474800e-03	2.732503e-02	-1.985023e-02	-9.893852e-04	2.616859e-03	-3.606245e-03	3.111552e-03	2.358763e-02	-4.704448e-04	-4.868684e-02	-2.481386e-02	-2.387297e-02
206           	7.474736e-03	2.731740e-02	-1.984266e-02	-9.893957e-04	2.616850e-03	-3.606246e-03	3.111548e-03	2.358003e-02	-4.687997e-04	-4.867199e-02	-2.480479e-02	-2.386719e-02
207           	7.474693e-03	2.730978e-02	-1.983509e-02	-9.894054e-04	2.616852e-03	-3.606258e-03	3.111555e-03	2.357243e-02	-4.671377e-04	-4.865714e-02	-2.479571e-02	-2.386143e-02
208           	7.474668e-03	2.730219e-02	-1.982752e-02	-9.894143e-04	2.616865e-03	-3.606279e-03	3.111572e-03	2.356485e-02	-4.654607e-04	-4.864230e-02	-2.478661e-02	-2.385569e-02
209           	7.474663e-03	2.729462e-02	-1.981996e-02	-9.894223e-04	2.616888e-03	-3.606311e-03	3.111599e-03	2.355729e-02	-4.637704e-04	-4.862748e-02	-2.477751e-02	-2.384997e-02
210           	7.474676e-03	2.728708e-02	-1.981241e-02	-9.894295e-04	2.616922e-03	-3.606351e-03	3.111637e-03	2.354974e-02	-4.620686e-04	-4.861269e-02	-2.476842e-02	-2.384428e-02
211           	7.474706e-03	2.727958e-02	-1.980487e-02	-9.894358e-04	2.616965e-03	-3.606401e-03	3.111683e-03	2.354223e-02	-4.603572e-04	-4.859795e-02	-2.475933e-02	-2.383862e-02
212           	7.474752e-03	2.727211e-02	-1.979736e-02	-9.894412e-04	2.617016e-03	-3.606457e-03	3.111737e-03	2.353474e-02	-4.586380e-04	-4.858325e-02	-2.475026e-02	-2.383298e-02
213           	7.474812e-03	2.726469e-02	-1.978988e-02	-9.894457e-04	2.617075e-03	-3.606521e-03	3.111798e-03	2.352728e-02	-4.569130e-04	-4.856860e-02	-2.474121e-02	-2.382739e-02
214           	7.474886e-03	2.725731e-02	-1.978243e-02	-9.894492e-04	2.617142e-03	-3.606591e-03	3.111866e-03	2.351987e-02	-4.551841e-04	-4.855402e-02	-2.473219e-02	-2.382182e-02
215           	7.474974e-03	2.724998e-02	-1.977501e-02	-9.894519e-04	2.617216e-03	-3.606668e-03	3.111942e-03	2.351249e-02	-4.534531e-04	-4.853950e-02	-2.472321e-02	-2.381630e-02
216           	7.475076e-03	2.724270e-02	-1.976763e-02	-9.894538e-04	2.617297e-03	-3.606751e-03	3.112024e-03	2.350517e-02	-4.517224e-04	-4.852507e-02	-2.471426e-02	-2.381081e-02
217           	7.475190e-03	2.723548e-02	-1.976029e-02	-9.894549e-04	2.617386e-03	-3.606841e-03	3.112113e-03	2.349789e-02	-4.499934e-04	-4.851073e-02	-2.470536e-02	-2.380537e-02
218           	7.475318e-03	2.722832e-02	-1.975300e-02	-9.894552e-04	2.617482e-03	-3.606937e-03	3.112210e-03	2.349066e-02	-4.482683e-04	-4.849649e-02	-2.469651e-02	-2.379997e-02
219           	7.475457e-03	2.722123e-02	-1.974577e-02	-9.894548e-04	2.617585e-03	-3.607040e-03	3.112312e-03	2.348350e-02	-4.465483e-04	-4.848234e-02	-2.468772e-02	-2.379462e-02
220           	7.475608e-03	2.721419e-02	-1.973859e-02	-9.894535e-04	2.617694e-03	-3.607147e-03	3.112420e-03	2.347639e-02	-4.448344e-04	-4.846830e-02	-2.467899e-02	-2.378932e-02
221           	7.475768e-03	2.720723e-02	-1.973146e-02	-9.894513e-04	2.617807e-03	-3.607259e-03	3.112533e-03	2.346934e-02	-4.431276e-04	-4.845438e-02	-2.467032e-02	-2.378406e-02
222           	7.475937e-03	2.720033e-02	-1.972439e-02	-9.894483e-04	2.617926e-03	-3.607374e-03	3.112650e-03	2.346236e-02	-4.414294e-04	-4.844057e-02	-2.466172e-02	-2.377886e-02
223           	7.476114e-03	2.719350e-02	-1.971738e-02	-9.894445e-04	2.618048e-03	-3.607493e-03	3.112771e-03	2.345544e-02	-4.397411e-04	-4.842689e-02	-2.465319e-02	-2.377370e-02
224           	7.476300e-03	2.718674e-02	-1.971044e-02	-9.894400e-04	2.618176e-03	-3.607616e-03	3.112896e-03	2.344859e-02	-4.380643e-04	-4.841334e-02	-2.464473e-02	-2.376860e-02
225           	7.476494e-03	2.718006e-02	-1.970357e-02	-9.894349e-04	2.618308e-03	-3.607742e-03	3.113025e-03	2.344182e-02	-4.364007e-04	-4.839992e-02	-2.463636e-02	-2.376356e-02
226           	7.476697e-03	2.717346e-02	-1.969677e-02	-9.894290e-04	2.618444e-03	-3.607873e-03	3.113159e-03	2.343511e-02	-4.347518e-04	-4.838664e-02	-2.462807e-02	-2.375857e-02
227           	7.476907e-03	2.716695e-02	-1.969004e-02	-9.894225e-04	2.618585e-03	-3.608008e-03	3.113297e-03	2.342849e-02	-4.331189e-04	-4.837351e-02	-2.461987e-02	-2.375363e-02
228           	7.477124e-03	2.716051e-02	-1.968339e-02	-9.894153e-04	2.618730e-03	-3.608145e-03	3.113438e-03	2.342195e-02	-4.315035e-04	-4.836052e-02	-2.461177e-02	-2.374876e-02
229           	7.477346e-03	2.715416e-02	-1.967682e-02	-9.894072e-04	2.618877e-03	-3.608285e-03	3.113581e-03	2.341549e-02	-4.299065e-04	-4.834769e-02	-2.460375e-02	-2.374394e-02
230           	7.477573e-03	2.714790e-02	-1.967033e-02	-9.893984e-04	2.619027e-03	-3.608425e-03	3.113726e-03	2.340912e-02	-4.283293e-04	-4.833502e-02	-2.459584e-02	-2.373918e-02
231           	7.477805e-03	2.714173e-02	-1.966393e-02	-9.893889e-04	2.619179e-03	-3.608568e-03	3.113873e-03	2.340283e-02	-4.267730e-04	-4.832251e-02	-2.458803e-02	-2.373448e-02
232           	7.478042e-03	2.713565e-02	-1.965761e-02	-9.893788e-04	2.619333e-03	-3.608712e-03	3.114023e-03	2.339663e-02	-4.252389e-04	-4.831017e-02	-2.458032e-02	-2.372984e-02
233           	7.478283e-03	2.712966e-02	-1.965138e-02	-9.893680e-04	2.619490e-03	-3.608858e-03	3.114174e-03	2.339052e-02	-4.237279e-04	-4.829799e-02	-2.457272e-02	-2.372527e-02
234           	7.478529e-03	2.712377e-02	-1.964524e-02	-9.893567e-04	2.619650e-03	-3.609007e-03	3.114329e-03	2.338450e-02	-4.222409e-04	-4.828599e-02	-2.456524e-02	-2.372075e-02
235           	7.478779e-03	2.711797e-02	-1.963919e-02	-9.893447e-04	2.619813e-03	-3.609157e-03	3.114485e-03	2.337858e-02	-4.207784e-04	-4.827416e-02	-2.455786e-02	-2.371630e-02
236           	7.479032e-03	2.711227e-02	-1.963324e-02	-9.893321e-04	2.619977e-03	-3.609309e-03	3.114643e-03	2.337275e-02	-4.193411e-04	-4.826251e-02	-2.455060e-02	-2.371191e-02
237           	7.479288e-03	2.710666e-02	-1.962737e-02	-9.893188e-04	2.620142e-03	-3.609460e-03	3.114801e-03	2.336702e-02	-4.179293e-04	-4.825103e-02	-2.454345e-02	-2.370759e-02
238           	7.479545e-03	2.710115e-02	-1.962161e-02	-9.893048e-04	2.620307e-03	-3.609612e-03	3.114959e-03	2.336138e-02	-4.165435e-04	-4.823974e-02	-2.453641e-02	-2.370333e-02
239           	7.479804e-03	2.709574e-02	-1.961593e-02	-9.892902e-04	2.620473e-03	-3.609763e-03	3.115118e-03	2.335583e-02	-4.151841e-04	-4.822862e-02	-2.452949e-02	-2.369913e-02
240           	7.480064e-03	2.709042e-02	-1.961035e-02	-9.892750e-04	2.620639e-03	-3.609914e-03	3.115277e-03	2.335039e-02	-4.138513e-04	-4.821768e-02	-2.452269e-02	-2.369499e-02
241           	7.480326e-03	2.708520e-02	-1.960487e-02	-9.892594e-04	2.620807e-03	-3.610066e-03	3.115436e-03	2.334503e-02	-4.125455e-04	-4.820693e-02	-2.451601e-02	-2.369092e-02
242           	7.480590e-03	2.708007e-02	-1.959948e-02	-9.892433e-04	2.620975e-03	-3.610218e-03	3.115597e-03	2.333978e-02	-4.112669e-04	-4.819635e-02	-2.450944e-02	-2.368691e-02
243           	7.480855e-03	2.707504e-02	-1.959419e-02	-9.892266e-04	2.621145e-03	-3.610371e-03	3.115758e-03	2.333462e-02	-4.100156e-04	-4.818596e-02	-2.450300e-02	-2.368296e-02
244           	7.481121e-03	2.707011e-02	-1.958899e-02	-9.892095e-04	2.621314e-03	-3.610524e-03	3.115919e-03	2.332955e-02	-4.087916e-04	-4.817575e-02	-2.449667e-02	-2.367908e-02
245           	7.481387e-03	2.706528e-02	-1.958389e-02	-9.891918e-04	2.621484e-03	-3.610675e-03	3.116080e-03	2.332458e-02	-4.075957e-04	-4.816572e-02	-2.449045e-02	-2.367526e-02
246           	7.481652e-03	2.706053e-02	-1.957888e-02	-9.891735e-04	2.621652e-03	-3.610826e-03	3.116239e-03	2.331971e-02	-4.064272e-04	-4.815587e-02	-2.448436e-02	-2.367151e-02
247           	7.481917e-03	2.705589e-02	-1.957397e-02	-9.891546e-04	2.621820e-03	-3.610975e-03	3.116397e-03	2.331493e-02	-4.052862e-04	-4.814619e-02	-2.447838e-02	-2.366781e-02
248           	7.482180e-03	2.705133e-02	-1.956915e-02	-9.891354e-04	2.621987e-03	-3.611122e-03	3.116555e-03	2.331024e-02	-4.041728e-04	-4.813670e-02	-2.447252e-02	-2.366418e-02
249           	7.482444e-03	2.704687e-02	-1.956443e-02	-9.891158e-04	2.622154e-03	-3.611269e-03	3.116712e-03	2.330565e-02	-4.030872e-04	-4.812739e-02	-2.446678e-02	-2.366061e-02
250           	7.482707e-03	2.704250e-02	-1.955979e-02	-9.890958e-04	2.622320e-03	-3.611416e-03	3.116868e-03	2.330115e-02	-4.020293e-04	-4.811825e-02	-2.446115e-02	-2.365709e-02
251           	7.482970e-03	2.703823e-02	-1.955526e-02	-9.890755e-04	2.622487e-03	-3.611562e-03	3.117025e-03	2.329674e-02	-4.009992e-04	-4.810929e-02	-2.445564e-02	-2.365364e-02
252           	7.483232e-03	2.703404e-02	-1.955081e-02	-9.890549e-04	2.622653e-03	-3.611708e-03	3.117181e-03	2.329243e-02	-3.999972e-04	-4.810050e-02	-2.445025e-02	-2.365026e-02
253           	7.483492e-03	2.702995e-02	-1.954646e-02	-9.890338e-04	2.622818e-03	-3.611852e-03	3.117335e-03	2.328820e-02	-3.990224e-04	-4.809189e-02	-2.444497e-02	-2.364692e-02
254           	7.483751e-03	2.702595e-02	-1.954219e-02	-9.890123e-04	2.622982e-03	-3.611994e-03	3.117488e-03	2.328407e-02	-3.980747e-04	-4.808346e-02	-2.443980e-02	-2.364365e-02
255           	7.484007e-03	2.702203e-02	-1.953802e-02	-9.889904e-04	2.623143e-03	-3.612134e-03	3.117639e-03	2.328003e-02	-3.971539e-04	-4.807519e-02	-2.443475e-02	-2.364044e-02
256           	7.484261e-03	2.701820e-02	-1.953394e-02	-9.889683e-04	2.623304e-03	-3.612272e-03	3.117788e-03	2.327607e-02	-3.962600e-04	-4.806709e-02	-2.442981e-02	-2.363729e-02
257           	7.484513e-03	2.701446e-02	-1.952995e-02	-9.889459e-04	2.623463e-03	-3.612408e-03	3.117936e-03	2.327220e-02	-3.953925e-04	-4.805916e-02	-2.442497e-02	-2.363419e-02
258           	7.484763e-03	2.701080e-02	-1.952604e-02	-9.889233e-04	2.623621e-03	-3.612544e-03	3.118082e-03	2.326842e-02	-3.945512e-04	-4.805140e-02	-2.442025e-02	-2.363115e-02
259           	7.485012e-03	2.700723e-02	-1.952222e-02	-9.889006e-04	2.623778e-03	-3.612679e-03	3.118228e-03	2.326472e-02	-3.937359e-04	-4.804380e-02	-2.441564e-02	-2.362816e-02
260           	7.485260e-03	2.700374e-02	-1.951848e-02	-9.888776e-04	2.623935e-03	-3.612812e-03	3.118373e-03	2.326111e-02	-3.929463e-04	-4.803636e-02	-2.441113e-02	-2.362523e-02
261           	7.485505e-03	2.700033e-02	-1.951483e-02	-9.888544e-04	2.624089e-03	-3.612944e-03	3.118517e-03	2.325758e-02	-3.921821e-04	-4.802908e-02	-2.440672e-02	-2.362236e-02
262           	7.485746e-03	2.699701e-02	-1.951126e-02	-9.888310e-04	2.624242e-03	-3.613073e-03	3.118658e-03	2.325413e-02	-3.914430e-04	-4.802197e-02	-2.440243e-02	-2.361954e-02
263           	7.485985e-03	2.699376e-02	-1.950777e-02	-9.888073e-04	2.624393e-03	-3.613200e-03	3.118796e-03	2.325077e-02	-3.907289e-04	-4.801500e-02	-2.439823e-02	-2.361677e-02
264           	7.486221e-03	2.699059e-02	-1.950437e-02	-9.887834e-04	2.624541e-03	-3.613324e-03	3.118933e-03	2.324748e-02	-3.900395e-04	-4.800820e-02	-2.439414e-02	-2.361406e-02
265           	7.486454e-03	2.698750e-02	-1.950104e-02	-9.887595e-04	2.624688e-03	-3.613447e-03	3.119067e-03	2.324427e-02	-3.893749e-04	-4.800154e-02	-2.439015e-02	-2.361140e-02
266           	7.486684e-03	2.698448e-02	-1.949780e-02	-9.887355e-04	2.624833e-03	-3.613568e-03	3.119201e-03	2.324114e-02	-3.887346e-04	-4.799504e-02	-2.438626e-02	-2.360879e-02
267           	7.486913e-03	2.698155e-02	-1.949464e-02	-9.887114e-04	2.624977e-03	-3.613689e-03	3.119333e-03	2.323809e-02	-3.881186e-04	-4.798870e-02	-2.438247e-02	-2.360623e-02
268           	7.487139e-03	2.697869e-02	-1.949155e-02	-9.886873e-04	2.625120e-03	-3.613808e-03	3.119464e-03	2.323512e-02	-3.875265e-04	-4.798250e-02	-2.437877e-02	-2.360372e-02
269           	7.487362e-03	2.697590e-02	-1.948854e-02	-9.886631e-04	2.625262e-03	-3.613925e-03	3.119593e-03	2.323222e-02	-3.869579e-04	-4.797645e-02	-2.437518e-02	-2.360126e-02
270           	7.487582e-03	2.697319e-02	-1.948561e-02	-9.886387e-04	2.625401e-03	-3.614039e-03	3.119720e-03	2.322940e-02	-3.864125e-04	-4.797054e-02	-2.437168e-02	-2.359886e-02
271           	7.487799e-03	2.697055e-02	-1.948275e-02	-9.886142e-04	2.625537e-03	-3.614151e-03	3.119844e-03	2.322665e-02	-3.858898e-04	-4.796478e-02	-2.436828e-02	-2.359650e-02
272           	7.488011e-03	2.696798e-02	-1.947997e-02	-9.885897e-04	2.625671e-03	-3.614261e-03	3.119966e-03	2.322397e-02	-3.853896e-04	-4.795915e-02	-2.436497e-02	-2.359419e-02
273           	7.488220e-03	2.696548e-02	-1.947726e-02	-9.885651e-04	2.625803e-03	-3.614368e-03	3.120085e-03	2.322137e-02	-3.849116e-04	-4.795367e-02	-2.436175e-02	-2.359192e-02
274           	7.488427e-03	2.696305e-02	-1.947462e-02	-9.885406e-04	2.625933e-03	-3.614473e-03	3.120203e-03	2.321883e-02	-3.844555e-04	-4.794832e-02	-2.435862e-02	-2.358971e-02
275           	7.488631e-03	2.696068e-02	-1.947205e-02	-9.885162e-04	2.626062e-03	-3.614578e-03	3.120320e-03	2.321637e-02	-3.840211e-04	-4.794311e-02	-2.435558e-02	-2.358753e-02
276           	7.488832e-03	2.695839e-02	-1.946956e-02	-9.884918e-04	2.626189e-03	-3.614681e-03	3.120435e-03	2.321397e-02	-3.836082e-04	-4.793803e-02	-2.435263e-02	-2.358541e-02
277           	7.489030e-03	2.695616e-02	-1.946713e-02	-9.884674e-04	2.626315e-03	-3.614783e-03	3.120549e-03	2.321164e-02	-3.832169e-04	-4.793309e-02	-2.434976e-02	-2.358333e-02
278           	7.489225e-03	2.695400e-02	-1.946477e-02	-9.884430e-04	2.626439e-03	-3.614882e-03	3.120660e-03	2.320938e-02	-3.828462e-04	-4.792828e-02	-2.434699e-02	-2.358129e-02
279           	7.489416e-03	2.695190e-02	-1.946248e-02	-9.884185e-04	2.626559e-03	-3.614978e-03	3.120769e-03	2.320719e-02	-3.824956e-04	-4.792359e-02	-2.434429e-02	-2.357930e-02
280           	7.489603e-03	2.694986e-02	-1.946026e-02	-9.883940e-04	2.626677e-03	-3.615071e-03	3.120874e-03	2.320506e-02	-3.821649e-04	-4.791903e-02	-2.434168e-02	-2.357735e-02
281           	7.489786e-03	2.694788e-02	-1.945810e-02	-9.883696e-04	2.626793e-03	-3.615163e-03	3.120978e-03	2.320299e-02	-3.818539e-04	-4.791460e-02	-2.433915e-02	-2.357545e-02
282           	7.489966e-03	2.694597e-02	-1.945600e-02	-9.883453e-04	2.626907e-03	-3.615253e-03	3.121080e-03	2.320098e-02	-3.815626e-04	-4.791028e-02	-2.433670e-02	-2.357358e-02
283           	7.490144e-03	2.694411e-02	-1.945397e-02	-9.883211e-04	2.627020e-03	-3.615341e-03	3.121180e-03	2.319904e-02	-3.812906e-04	-4.790609e-02	-2.433434e-02	-2.357176e-02
284           	7.490318e-03	2.694232e-02	-1.945200e-02	-9.882971e-04	2.627131e-03	-3.615428e-03	3.121279e-03	2.319716e-02	-3.810377e-04	-4.790202e-02	-2.433205e-02	-2.356997e-02
285           	7.490490e-03	2.694058e-02	-1.945009e-02	-9.882732e-04	2.627240e-03	-3.615514e-03	3.121377e-03	2.319534e-02	-3.808037e-04	-4.789807e-02	-2.432984e-02	-2.356823e-02
286           	7.490659e-03	2.693891e-02	-1.944825e-02	-9.882492e-04	2.627348e-03	-3.615597e-03	3.121472e-03	2.319358e-02	-3.805881e-04	-4.789423e-02	-2.432770e-02	-2.356653e-02
287           	7.490823e-03	2.693728e-02	-1.944646e-02	-9.882254e-04	2.627452e-03	-3.615677e-03	3.121565e-03	2.319187e-02	-3.803892e-04	-4.789050e-02	-2.432564e-02	-2.356486e-02
288           	7.490983e-03	2.693571e-02	-1.944473e-02	-9.882015e-04	2.627554e-03	-3.615755e-03	3.121655e-03	2.319022e-02	-3.802084e-04	-4.788689e-02	-2.432365e-02	-2.356323e-02
289           	7.491139e-03	2.693420e-02	-1.944306e-02	-9.881778e-04	2.627653e-03	-3.615831e-03	3.121742e-03	2.318863e-02	-3.800455e-04	-4.788338e-02	-2.432174e-02	-2.356165e-02
290           	7.491293e-03	2.693275e-02	-1.944146e-02	-9.881542e-04	2.627751e-03	-3.615905e-03	3.121828e-03	2.318710e-02	-3.799033e-04	-4.788001e-02	-2.431991e-02	-2.356010e-02
291           	7.491444e-03	2.693135e-02	-1.943991e-02	-9.881308e-04	2.627847e-03	-3.615978e-03	3.121912e-03	2.318563e-02	-3.797766e-04	-4.787673e-02	-2.431814e-02	-2.355859e-02
292           	7.491594e-03	2.692999e-02	-1.943840e-02	-9.881078e-04	2.627942e-03	-3.616050e-03	3.121996e-03	2.318420e-02	-3.796638e-04	-4.787355e-02	-2.431644e-02	-2.355711e-02
293           	7.491740e-03	2.692869e-02	-1.943695e-02	-9.880850e-04	2.628036e-03	-3.616121e-03	3.122078e-03	2.318282e-02	-3.795679e-04	-4.787047e-02	-2.431480e-02	-2.355567e-02
294           	7.491883e-03	2.692745e-02	-1.943557e-02	-9.880620e-04	2.628127e-03	-3.616189e-03	3.122158e-03	2.318151e-02	-3.794931e-04	-4.786752e-02	-2.431325e-02	-2.355427e-02
295           	7.492022e-03	2.692626e-02	-1.943424e-02	-9.880391e-04	2.628216e-03	-3.616255e-03	3.122236e-03	2.318025e-02	-3.794317e-04	-4.786466e-02	-2.431176e-02	-2.355290e-02
296           	7.492156e-03	2.692509e-02	-1.943294e-02	-9.880164e-04	2.628302e-03	-3.616319e-03	3.122310e-03	2.317901e-02	-3.793778e-04	-4.786186e-02	-2.431031e-02	-2.355155e-02
297           	7.492285e-03	2.692398e-02	-1.943169e-02	-9.879936e-04	2.628385e-03	-3.616379e-03	3.122382e-03	2.317783e-02	-3.793390e-04	-4.785917e-02	-2.430892e-02	-2.355025e-02
298           	7.492411e-03	2.692290e-02	-1.943049e-02	-9.879711e-04	2.628466e-03	-3.616437e-03	3.122452e-03	2.317670e-02	-3.793145e-04	-4.785657e-02	-2.430760e-02	-2.354897e-02
299           	7.492535e-03	2.692187e-02	-1.942934e-02	-9.879490e-04	2.628546e-03	-3.616495e-03	3.122520e-03	2.317560e-02	-3.793018e-04	-4.785405e-02	-2.430633e-02	-2.354772e-02
300           	7.492656e-03	2.692089e-02	-1.942823e-02	-9.879270e-04	2.628624e-03	-3.616551e-03	3.122588e-03	2.317456e-02	-3.793054e-04	-4.785162e-02	-2.430512e-02	-2.354651e-02
301           	7.492775e-03	2.691995e-02	-1.942718e-02	-9.879052e-04	2.628701e-03	-3.616607e-03	3.122654e-03	2.317357e-02	-3.793247e-04	-4.784930e-02	-2.430397e-02	-2.354533e-02
302           	7.492891e-03	2.691907e-02	-1.942618e-02	-9.878835e-04	2.628777e-03	-3.616660e-03	3.122719e-03	2.317262e-02	-3.793590e-04	-4.784707e-02	-2.430289e-02	-2.354418e-02
303           	7.493004e-03	2.691823e-02	-1.942522e-02	-9.878619e-04	2.628850e-03	-3.616712e-03	3.122781e-03	2.317172e-02	-3.794073e-04	-4.784494e-02	-2.430188e-02	-2.354306e-02
304           	7.493115e-03	2.691744e-02	-1.942433e-02	-9.878404e-04	2.628922e-03	-3.616762e-03	3.122842e-03	2.317088e-02	-3.794749e-04	-4.784292e-02	-2.430093e-02	-2.354198e-02
305           	7.493222e-03	2.691669e-02	-1.942347e-02	-9.878192e-04	2.628990e-03	-3.616810e-03	3.122900e-03	2.317008e-02	-3.795519e-04	-4.784097e-02	-2.430004e-02	-2.354093e-02
306           	7.493326e-03	2.691597e-02	-1.942265e-02	-9.877982e-04	2.629057e-03	-3.616855e-03	3.122956e-03	2.316931e-02	-3.796379e-04	-4.783909e-02	-2.429918e-02	-2.353991e-02
307           	7.493426e-03	2.691529e-02	-1.942186e-02	-9.877776e-04	2.629122e-03	-3.616899e-03	3.123011e-03	2.316857e-02	-3.797328e-04	-4.783728e-02	-2.429837e-02	-2.353891e-02
308           	7.493523e-03	2.691463e-02	-1.942111e-02	-9.877571e-04	2.629185e-03	-3.616942e-03	3.123064e-03	2.316787e-02	-3.798368e-04	-4.783553e-02	-2.429760e-02	-2.353793e-02
309           	7.493618e-03	2.691401e-02	-1.942039e-02	-9.877368e-04	2.629247e-03	-3.616984e-03	3.123116e-03	2.316720e-02	-3.799508e-04	-4.783386e-02	-2.429688e-02	-2.353698e-02
310           	7.493709e-03	2.691343e-02	-1.941972e-02	-9.877166e-04	2.629308e-03	-3.617024e-03	3.123166e-03	2.316657e-02	-3.800753e-04	-4.783225e-02	-2.429620e-02	-2.353605e-02
311           	7.493798e-03	2.691288e-02	-1.941908e-02	-9.876965e-04	2.629366e-03	-3.617063e-03	3.123214e-03	2.316598e-02	-3.802107e-04	-4.783072e-02	-2.429557e-02	-2.353515e-02
312           	7.493883e-03	2.691236e-02	-1.941848e-02	-9.876765e-04	2.629422e-03	-3.617099e-03	3.123261e-03	2.316542e-02	-3.803572e-04	-4.782927e-02	-2.429499e-02	-2.353428e-02
313           	7.493965e-03	2.691188e-02	-1.941792e-02	-9.876567e-04	2.629477e-03	-3.617133e-03	3.123305e-03	2.316490e-02	-3.805149e-04	-4.782788e-02	-2.429446e-02	-2.353343e-02
314           	7.494045e-03	2.691144e-02	-1.941739e-02	-9.876371e-04	2.629529e-03	-3.617166e-03	3.123348e-03	2.316442e-02	-3.806834e-04	-4.782657e-02	-2.429397e-02	-2.353260e-02
315           	7.494122e-03	2.691103e-02	-1.941691e-02	-9.876177e-04	2.629581e-03	-3.617198e-03	3.123389e-03	2.316397e-02	-3.808621e-04	-4.782534e-02	-2.429353e-02	-2.353181e-02
316           	7.494198e-03	2.691066e-02	-1.941646e-02	-9.875987e-04	2.629631e-03	-3.617229e-03	3.123430e-03	2.316356e-02	-3.810506e-04	-4.782417e-02	-2.429313e-02	-2.353103e-02
317           	7.494272e-03	2.691031e-02	-1.941604e-02	-9.875798e-04	2.629680e-03	-3.617260e-03	3.123470e-03	2.316318e-02	-3.812480e-04	-4.782306e-02	-2.429278e-02	-2.353028e-02
318           	7.494343e-03	2.691000e-02	-1.941566e-02	-9.875612e-04	2.629728e-03	-3.617289e-03	3.123508e-03	2.316283e-02	-3.814537e-04	-4.782202e-02	-2.429246e-02	-2.352956e-02
319           	7.494411e-03	2.690971e-02	-1.941530e-02	-9.875428e-04	2.629773e-03	-3.617316e-03	3.123545e-03	2.316251e-02	-3.816673e-04	-4.782104e-02	-2.429219e-02	-2.352885e-02
320           	7.494477e-03	2.690945e-02	-1.941498e-02	-9.875246e-04	2.629817e-03	-3.617342e-03	3.123580e-03	2.316222e-02	-3.818884e-04	-4.782011e-02	-2.429194e-02	-2.352817e-02
321           	7.494540e-03	2.690922e-02	-1.941468e-02	-9.875067e-04	2.629859e-03	-3.617366e-03	3.123612e-03	2.316195e-02	-3.821168e-04	-4.781924e-02	-2.429174e-02	-2.352751e-02
322           	7.494600e-03	2.690902e-02	-1.941442e-02	-9.874890e-04	2.629899e-03	-3.617388e-03	3.123644e-03	2.316172e-02	-3.823524e-04	-4.781843e-02	-2.429157e-02	-2.352686e-02
323           	7.494658e-03	2.690884e-02	-1.941418e-02	-9.874717e-04	2.629938e-03	-3.617410e-03	3.123674e-03	2.316151e-02	-3.825953e-04	-4.781767e-02	-2.429143e-02	-2.352624e-02
324           	7.494715e-03	2.690868e-02	-1.941397e-02	-9.874546e-04	2.629976e-03	-3.617431e-03	3.123703e-03	2.316133e-02	-3.828456e-04	-4.781697e-02	-2.429133e-02	-2.352564e-02
325           	7.494769e-03	2.690856e-02	-1.941379e-02	-9.874379e-04	2.630013e-03	-3.617451e-03	3.123732e-03	2.316117e-02	-3.831032e-04	-4.781632e-02	-2.429127e-02	-2.352506e-02
326           	7.494823e-03	2.690846e-02	-1.941363e-02	-9.874213e-04	2.630048e-03	-3.617470e-03	3.123759e-03	2.316105e-02	-3.833681e-04	-4.781573e-02	-2.429123e-02	-2.352450e-02
327           	7.494875e-03	2.690839e-02	-1.941351e-02	-9.874051e-04	2.630083e-03	-3.617488e-03	3.123785e-03	2.316095e-02	-3.836423e-04	-4.781519e-02	-2.429124e-02	-2.352396e-02
328           	7.494923e-03	2.690834e-02	-1.941341e-02	-9.873887e-04	2.630116e-03	-3.617505e-03	3.123810e-03	2.316088e-02	-3.839234e-04	-4.781471e-02	-2.429128e-02	-2.352343e-02
329           	7.494968e-03	2.690832e-02	-1.941335e-02	-9.873722e-04	2.630148e-03	-3.617520e-03	3.123834e-03	2.316083e-02	-3.842114e-04	-4.781428e-02	-2.429135e-02	-2.352293e-02
330           	7.495011e-03	2.690832e-02	-1.941331e-02	-9.873560e-04	2.630177e-03	-3.617533e-03	3.123855e-03	2.316081e-02	-3.845061e-04	-4.781390e-02	-2.429145e-02	-2.352244e-02
331           	7.495052e-03	2.690834e-02	-1.941329e-02	-9.873399e-04	2.630206e-03	-3.617546e-03	3.123876e-03	2.316082e-02	-3.848075e-04	-4.781356e-02	-2.429159e-02	-2.352197e-02
332           	7.495091e-03	2.690839e-02	-1.941330e-02	-9.873242e-04	2.630234e-03	-3.617558e-03	3.123896e-03	2.316085e-02	-3.851154e-04	-4.781328e-02	-2.429176e-02	-2.352153e-02
333           	7.495129e-03	2.690846e-02	-1.941333e-02	-9.873086e-04	2.630261e-03	-3.617569e-03	3.123915e-03	2.316090e-02	-3.854298e-04	-4.781305e-02	-2.429196e-02	-2.352110e-02
334           	7.495166e-03	2.690857e-02	-1.941340e-02	-9.872934e-04	2.630287e-03	-3.617581e-03	3.123934e-03	2.316098e-02	-3.857529e-04	-4.781288e-02	-2.429219e-02	-2.352069e-02
335           	7.495201e-03	2.690869e-02	-1.941349e-02	-9.872784e-04	2.630312e-03	-3.617590e-03	3.123951e-03	2.316109e-02	-3.860806e-04	-4.781275e-02	-2.429245e-02	-2.352029e-02
336           	7.495234e-03	2.690883e-02	-1.941359e-02	-9.872635e-04	2.630336e-03	-3.617599e-03	3.123967e-03	2.316121e-02	-3.864129e-04	-4.781265e-02	-2.429274e-02	-2.351991e-02
337           	7.495264e-03	2.690898e-02	-1.941372e-02	-9.872488e-04	2.630358e-03	-3.617607e-03	3.123982e-03	2.316135e-02	-3.867497e-04	-4.781260e-02	-2.429305e-02	-2.351955e-02
338           	7.495292e-03	2.690916e-02	-1.941387e-02	-9.872342e-04	2.630378e-03	-3.617613e-03	3.123996e-03	2.316151e-02	-3.870914e-04	-4.781258e-02	-2.429338e-02	-2.351920e-02
339           	7.495319e-03	2.690935e-02	-1.941404e-02	-9.872198e-04	2.630398e-03	-3.617618e-03	3.124008e-03	2.316170e-02	-3.874385e-04	-4.781261e-02	-2.429374e-02	-2.351887e-02
340           	7.495343e-03	2.690957e-02	-1.941423e-02	-9.872056e-04	2.630417e-03	-3.617622e-03	3.124020e-03	2.316190e-02	-3.877915e-04	-4.781267e-02	-2.429413e-02	-2.351855e-02
341           	7.495367e-03	2.690981e-02	-1.941444e-02	-9.871916e-04	2.630435e-03	-3.617627e-03	3.124031e-03	2.316212e-02	-3.881504e-04	-4.781279e-02	-2.429454e-02	-2.351824e-02
342           	7.495389e-03	2.691007e-02	-1.941468e-02	-9.871779e-04	2.630452e-03	-3.617630e-03	3.124041e-03	2.316237e-02	-3.885153e-04	-4.781294e-02	-2.429499e-02	-2.351796e-02
343           	7.495409e-03	2.691035e-02	-1.941494e-02	-9.871643e-04	2.630469e-03	-3.617633e-03	3.124051e-03	2.316264e-02	-3.888861e-04	-4.781314e-02	-2.429546e-02	-2.351768e-02
344           	7.495428e-03	2.691065e-02	-1.941522e-02	-9.871510e-04	2.630484e-03	-3.617635e-03	3.124060e-03	2.316293e-02	-3.892622e-04	-4.781338e-02	-2.429595e-02	-2.351743e-02
345           	7.495446e-03	2.691097e-02	-1.941552e-02	-9.871379e-04	2.630498e-03	-3.617636e-03	3.124067e-03	2.316324e-02	-3.896433e-04	-4.781366e-02	-2.429647e-02	-2.351719e-02
346           	7.495462e-03	2.691130e-02	-1.941584e-02	-9.871250e-04	2.630511e-03	-3.617636e-03	3.124073e-03	2.316357e-02	-3.900289e-04	-4.781398e-02	-2.429702e-02	-2.351696e-02
347           	7.495477e-03	2.691166e-02	-1.941618e-02	-9.871124e-04	2.630523e-03	-3.617635e-03	3.124079e-03	2.316392e-02	-3.904182e-04	-4.781433e-02	-2.429758e-02	-2.351675e-02
348           	7.495490e-03	2.691203e-02	-1.941654e-02	-9.871002e-04	2.630533e-03	-3.617634e-03	3.124083e-03	2.316428e-02	-3.908110e-04	-4.781472e-02	-2.429817e-02	-2.351655e-02
349           	7.495503e-03	2.691241e-02	-1.941691e-02	-9.870884e-04	2.630543e-03	-3.617632e-03	3.124087e-03	2.316466e-02	-3.912068e-04	-4.781514e-02	-2.429878e-02	-2.351636e-02
350           	7.495515e-03	2.691281e-02	-1.941730e-02	-9.870771e-04	2.630552e-03	-3.617629e-03	3.124091e-03	2.316506e-02	-3.916052e-04	-4.781559e-02	-2.429940e-02	-2.351619e-02
351           	7.495526e-03	2.691323e-02	-1.941770e-02	-9.870661e-04	2.630560e-03	-3.617626e-03	3.124093e-03	2.316546e-02	-3.920062e-04	-4.781607e-02	-2.430004e-02	-2.351603e-02
352           	7.495536e-03	2.691366e-02	-1.941812e-02	-9.870554e-04	2.630567e-03	-3.617622e-03	3.124095e-03	2.316589e-02	-3.924094e-04	-4.781658e-02	-2.430070e-02	-2.351588e-02
353           	7.495545e-03	2.691410e-02	-1.941855e-02	-9.870451e-04	2.630572e-03	-3.617617e-03	3.124095e-03	2.316632e-02	-3.928149e-04	-4.781711e-02	-2.430137e-02	-2.351574e-02
354           	7.495553e-03	2.691455e-02	-1.941900e-02	-9.870352e-04	2.630577e-03	-3.617612e-03	3.124094e-03	2.316677e-02	-3.932223e-04	-4.781768e-02	-2.430206e-02	-2.351562e-02
355           	7.495560e-03	2.691501e-02	-1.941945e-02	-9.870255e-04	2.630580e-03	-3.617605e-03	3.124092e-03	2.316723e-02	-3.936315e-04	-4.781827e-02	-2.430276e-02	-2.351550e-02
356           	7.495566e-03	2.691549e-02	-1.941993e-02	-9.870162e-04	2.630582e-03	-3.617598e-03	3.124090e-03	2.316771e-02	-3.940421e-04	-4.781888e-02	-2.430348e-02	-2.351540e-02
357           	7.495571e-03	2.691598e-02	-1.942041e-02	-9.870071e-04	2.630584e-03	-3.617591e-03	3.124087e-03	2.316819e-02	-3.944538e-04	-4.781952e-02	-2.430421e-02	-2.351531e-02
358           	7.495575e-03	2.691648e-02	-1.942090e-02	-9.869981e-04	2.630585e-03	-3.617583e-03	3.124084e-03	2.316869e-02	-3.948660e-04	-4.782018e-02	-2.430496e-02	-2.351522e-02
359           	7.495578e-03	2.691698e-02	-1.942140e-02	-9.869890e-04	2.630585e-03	-3.617574e-03	3.124080e-03	2.316919e-02	-3.952783e-04	-4.782086e-02	-2.430571e-02	-2.351515e-02
360           	7.495578e-03	2.691749e-02	-1.942192e-02	-9.869798e-04	2.630585e-03	-3.617565e-03	3.124075e-03	2.316970e-02	-3.956903e-04	-4.782155e-02	-2.430647e-02	-2.351509e-02
361           	7.495576e-03	2.691801e-02	-1.942243e-02	-9.869701e-04	2.630584e-03	-3.617554e-03	3.124069e-03	2.317022e-02	-3.961015e-04	-4.782226e-02	-2.430723e-02	-2.351503e-02
362           	7.495570e-03	2.691853e-02	-1.942296e-02	-9.869598e-04	2.630582e-03	-3.617542e-03	3.124062e-03	2.317075e-02	-3.965115e-04	-4.782298e-02	-2.430800e-02	-2.351498e-02
363           	7.495561e-03	2.691905e-02	-1.942349e-02	-9.869487e-04	2.630580e-03	-3.617529e-03	3.124055e-03	2.317127e-02	-3.969201e-04	-4.782371e-02	-2.430877e-02	-2.351493e-02
364           	7.495547e-03	2.691958e-02	-1.942403e-02	-9.869366e-04	2.630579e-03	-3.617515e-03	3.124047e-03	2.317181e-02	-3.973268e-04	-4.782445e-02	-2.430955e-02	-2.351490e-02
365           	7.495528e-03	2.692010e-02	-1.942458e-02	-9.869231e-04	2.630577e-03	-3.617501e-03	3.124039e-03	2.317234e-02	-3.977312e-04	-4.782519e-02	-2.431033e-02	-2.351486e-02
366           	7.495504e-03	2.692063e-02	-1.942512e-02	-9.869083e-04	2.630577e-03	-3.617485e-03	3.124031e-03	2.317288e-02	-3.981328e-04	-4.782594e-02	-2.431110e-02	-2.351484e-02
367           	7.495475e-03	2.692115e-02	-1.942567e-02	-9.868918e-04	2.630577e-03	-3.617468e-03	3.124022e-03	2.317341e-02	-3.985310e-04	-4.782668e-02	-2.431187e-02	-2.351481e-02
368           	7.495438e-03	2.692166e-02	-1.942623e-02	-9.868735e-04	2.630577e-03	-3.617450e-03	3.124014e-03	2.317395e-02	-3.989254e-04	-4.782743e-02	-2.431264e-02	-2.351479e-02
369           	7.495395e-03	2.692217e-02	-1.942678e-02	-9.868535e-04	2.630578e-03	-3.617431e-03	3.124004e-03	2.317448e-02	-3.993152e-04	-4.782816e-02	-2.431340e-02	-2.351477e-02
370           	7.495344e-03	2.692267e-02	-1.942733e-02	-9.868317e-04	2.630579e-03	-3.617411e-03	3.123995e-03	2.317500e-02	-3.996999e-04	-4.782889e-02	-2.431415e-02	-2.351475e-02
371           	7.495286e-03	2.692316e-02	-1.942788e-02	-9.868083e-04	2.630581e-03	-3.617389e-03	3.123985e-03	2.317552e-02	-4.000792e-04	-4.782961e-02	-2.431488e-02	-2.351472e-02
372           	7.495223e-03	2.692364e-02	-1.942842e-02	-9.867837e-04	2.630583e-03	-3.617366e-03	3.123974e-03	2.317603e-02	-4.004527e-04	-4.783031e-02	-2.431561e-02	-2.351470e-02
373           	7.495155e-03	2.692411e-02	-1.942896e-02	-9.867584e-04	2.630585e-03	-3.617343e-03	3.123964e-03	2.317654e-02	-4.008199e-04	-4.783101e-02	-2.431632e-02	-2.351468e-02
374           	7.495085e-03	2.692458e-02	-1.942949e-02	-9.867333e-04	2.630586e-03	-3.617320e-03	3.123953e-03	2.317703e-02	-4.011802e-04	-4.783169e-02	-2.431703e-02	-2.351467e-02
375           	7.495016e-03	2.692503e-02	-1.943001e-02	-9.867094e-04	2.630587e-03	-3.617296e-03	3.123942e-03	2.317752e-02	-4.015328e-04	-4.783237e-02	-2.431772e-02	-2.351465e-02
376           	7.494950e-03	2.692548e-02	-1.943053e-02	-9.866880e-04	2.630585e-03	-3.617273e-03	3.123929e-03	2.317800e-02	-4.018766e-04	-4.783303e-02	-2.431839e-02	-2.351464e-02
377           	7.494892e-03	2.692591e-02	-1.943102e-02	-9.866709e-04	2.630580e-03	-3.617251e-03	3.123915e-03	2.317847e-02	-4.022105e-04	-4.783368e-02	-2.431905e-02	-2.351463e-02
378           	7.494847e-03	2.692635e-02	-1.943150e-02	-9.866601e-04	2.630570e-03	-3.617230e-03	3.123900e-03	2.317892e-02	-4.025330e-04	-4.783433e-02	-2.431970e-02	-2.351463e-02
379           	7.494822e-03	2.692678e-02	-1.943195e-02	-9.866578e-04	2.630553e-03	-3.617211e-03	3.123882e-03	2.317937e-02	-4.028425e-04	-4.783496e-02	-2.432032e-02	-2.351464e-02
380           	7.494825e-03	2.692720e-02	-1.943238e-02	-9.866667e-04	2.630527e-03	-3.617194e-03	3.123861e-03	2.317979e-02	-4.031373e-04	-4.783560e-02	-2.432093e-02	-2.351466e-02
381           	7.494863e-03	2.692763e-02	-1.943277e-02	-9.866897e-04	2.630491e-03	-3.617181e-03	3.123836e-03	2.318020e-02	-4.034162e-04	-4.783623e-02	-2.432153e-02	-2.351470e-02
382           	7.494943e-03	2.692806e-02	-1.943312e-02	-9.867290e-04	2.630444e-03	-3.617173e-03	3.123808e-03	2.318059e-02	-4.036778e-04	-4.783686e-02	-2.432211e-02	-2.351475e-02
383           	7.495071e-03	2.692850e-02	-1.943343e-02	-9.867866e-04	2.630383e-03	-3.617169e-03	3.123776e-03	2.318097e-02	-4.039208e-04	-4.783749e-02	-2.432267e-02	-2.351483e-02
384           	7.495252e-03	2.692895e-02	-1.943370e-02	-9.868637e-04	2.630307e-03	-3.617171e-03	3.123739e-03	2.318133e-02	-4.041445e-04	-4.783813e-02	-2.432321e-02	-2.351492e-02
385           	7.495631e-03	2.692948e-02	-1.943385e-02	-9.869901e-04	2.630196e-03	-3.617186e-03	3.123691e-03	2.318166e-02	-4.043231e-04	-4.783887e-02	-2.432376e-02	-2.351511e-02
386           	7.495576e-03	2.692977e-02	-1.943419e-02	-9.870085e-04	2.630161e-03	-3.617170e-03	3.123666e-03	2.318198e-02	-4.045570e-04	-4.783931e-02	-2.432421e-02	-2.351510e-02
387           	7.495586e-03	2.693007e-02	-1.943449e-02	-9.870477e-04	2.630111e-03	-3.617159e-03	3.123635e-03	2.318228e-02	-4.047745e-04	-4.783974e-02	-2.432465e-02	-2.351510e-02
388           	7.495599e-03	2.693036e-02	-1.943476e-02	-9.870786e-04	2.630067e-03	-3.617145e-03	3.123606e-03	2.318256e-02	-4.049800e-04	-4.784014e-02	-2.432505e-02	-2.351509e-02
389           	7.495608e-03	2.693062e-02	-1.943502e-02	-9.870937e-04	2.630033e-03	-3.617127e-03	3.123580e-03	2.318282e-02	-4.051745e-04	-4.784050e-02	-2.432543e-02	-2.351508e-02
390           	7.495606e-03	2.693086e-02	-1.943526e-02	-9.870891e-04	2.630013e-03	-3.617103e-03	3.123558e-03	2.318306e-02	-4.053594e-04	-4.784082e-02	-2.432577e-02	-2.351505e-02
391           	7.495582e-03	2.693107e-02	-1.943549e-02	-9.870628e-04	2.630009e-03	-3.617072e-03	3.123540e-03	2.318328e-02	-4.055364e-04	-4.784109e-02	-2.432608e-02	-2.351501e-02
392           	7.495525e-03	2.693124e-02	-1.943572e-02	-9.870150e-04	2.630020e-03	-3.617035e-03	3.123528e-03	2.318348e-02	-4.057072e-04	-4.784131e-02	-2.432636e-02	-2.351495e-02
393           	7.495424e-03	2.693138e-02	-1.943595e-02	-9.869462e-04	2.630047e-03	-3.616993e-03	3.123520e-03	2.318366e-02	-4.058739e-04	-4.784148e-02	-2.432661e-02	-2.351486e-02
394           	7.495270e-03	2.693146e-02	-1.943619e-02	-9.868573e-04	2.630088e-03	-3.616945e-03	3.123517e-03	2.318383e-02	-4.060387e-04	-4.784158e-02	-2.432683e-02	-2.351475e-02
395           	7.495051e-03	2.693150e-02	-1.943645e-02	-9.867483e-04	2.630145e-03	-3.616893e-03	3.123519e-03	2.318397e-02	-4.062036e-04	-4.784161e-02	-2.432701e-02	-2.351460e-02
396           	7.494756e-03	2.693148e-02	-1.943672e-02	-9.866176e-04	2.630218e-03	-3.616835e-03	3.123527e-03	2.318410e-02	-4.063708e-04	-4.784157e-02	-2.432715e-02	-2.351441e-02
397           	7.494179e-03	2.693130e-02	-1.943712e-02	-9.864219e-04	2.630338e-03	-3.616760e-03	3.123549e-03	2.318421e-02	-4.065740e-04	-4.784130e-02	-2.432723e-02	-2.351408e-02
398           	7.494147e-03	2.693138e-02	-1.943723e-02	-9.863674e-04	2.630359e-03	-3.616727e-03	3.123543e-03	2.318430e-02	-4.066917e-04	-4.784135e-02	-2.432737e-02	-2.351398e-02
399           	7.493999e-03	2.693138e-02	-1.943738e-02	-9.862794e-04	2.630406e-03	-3.616686e-03	3.123546e-03	2.318438e-02	-4.068130e-04	-4.784133e-02	-2.432748e-02	-2.351385e-02
400           	7.493800e-03	2.693135e-02	-1.943755e-02	-9.861889e-04	2.630456e-03	-3.616645e-03	3.123550e-03	2.318445e-02	-4.069355e-04	-4.784126e-02	-2.432756e-02	-2.351369e-02
401           	7.493363e-03	2.693119e-02	-1.943782e-02	-9.860621e-04	2.630532e-03	-3.616595e-03	3.123564e-03	2.318451e-02	-4.070966e-04	-4.784098e-02	-2.432758e-02	-2.351339e-02
402           	7.493508e-03	2.693130e-02	-1.943780e-02	-9.861033e-04	2.630490e-03	-3.616593e-03	3.123541e-03	2.318455e-02	-4.071508e-04	-4.784110e-02	-2.432770e-02	-2.351340e-02
403           	7.493624e-03	2.693140e-02	-1.943777e-02	-9.861497e-04	2.630444e-03	-3.616594e-03	3.123519e-03	2.318458e-02	-4.071983e-04	-4.784121e-02	-2.432780e-02	-2.351341e-02
404           	7.493796e-03	2.693151e-02	-1.943771e-02	-9.862349e-04	2.630371e-03	-3.616606e-03	3.123489e-03	2.318461e-02	-4.072334e-04	-4.784134e-02	-2.432790e-02	-2.351344e-02
405           	7.494043e-03	2.693165e-02	-1.943761e-02	-9.863645e-04	2.630267e-03	-3.616631e-03	3.123449e-03	2.318463e-02	-4.072531e-04	-4.784150e-02	-2.432800e-02	-2.351350e-02
406           	7.494377e-03	2.693183e-02	-1.943745e-02	-9.865394e-04	2.630130e-03	-3.616669e-03	3.123400e-03	2.318464e-02	-4.072555e-04	-4.784169e-02	-2.432810e-02	-2.351359e-02
407           	7.495032e-03	2.693215e-02	-1.943712e-02	-9.868029e-04	2.629929e-03	-3.616732e-03	3.123331e-03	2.318464e-02	-4.072039e-04	-4.784206e-02	-2.432823e-02	-2.351382e-02
408           	7.495054e-03	2.693216e-02	-1.943710e-02	-9.869125e-04	2.629838e-03	-3.616751e-03	3.123294e-03	2.318463e-02	-4.072352e-04	-4.784206e-02	-2.432826e-02	-2.351379e-02
409           	7.495354e-03	2.693229e-02	-1.943694e-02	-9.870906e-04	2.629697e-03	-3.616788e-03	3.123242e-03	2.318461e-02	-4.072234e-04	-4.784220e-02	-2.432832e-02	-2.351387e-02
410           	7.495215e-03	2.693220e-02	-1.943698e-02	-9.871361e-04	2.629650e-03	-3.616786e-03	3.123218e-03	2.318459e-02	-4.072784e-04	-4.784202e-02	-2.432829e-02	-2.351373e-02
411           	7.495133e-03	2.693213e-02	-1.943699e-02	-9.871695e-04	2.629609e-03	-3.616779e-03	3.123194e-03	2.318456e-02	-4.073257e-04	-4.784185e-02	-2.432825e-02	-2.351360e-02
412           	7.495048e-03	2.693205e-02	-1.943700e-02	-9.871611e-04	2.629598e-03	-3.616759e-03	3.123178e-03	2.318452e-02	-4.073696e-04	-4.784165e-02	-2.432820e-02	-2.351346e-02
413           	7.494954e-03	2.693196e-02	-1.943700e-02	-9.871089e-04	2.629617e-03	-3.616726e-03	3.123172e-03	2.318448e-02	-4.074114e-04	-4.784145e-02	-2.432813e-02	-2.351331e-02
414           	7.494841e-03	2.693186e-02	-1.943702e-02	-9.870177e-04	2.629664e-03	-3.616682e-03	3.123173e-03	2.318444e-02	-4.074527e-04	-4.784122e-02	-2.432806e-02	-2.351316e-02
415           	7.494701e-03	2.693174e-02	-1.943703e-02	-9.868967e-04	2.629733e-03	-3.616630e-03	3.123181e-03	2.318439e-02	-4.074954e-04	-4.784097e-02	-2.432798e-02	-2.351299e-02
416           	7.494526e-03	2.693159e-02	-1.943707e-02	-9.867564e-04	2.629817e-03	-3.616573e-03	3.123195e-03	2.318433e-02	-4.075414e-04	-4.784070e-02	-2.432789e-02	-2.351281e-02
417           	7.494307e-03	2.693143e-02	-1.943712e-02	-9.866057e-04	2.629910e-03	-3.616516e-03	3.123213e-03	2.318427e-02	-4.075924e-04	-4.784040e-02	-2.432779e-02	-2.351261e-02
418           	7.494035e-03	2.693123e-02	-1.943719e-02	-9.864505e-04	2.630008e-03	-3.616459e-03	3.123234e-03	2.318421e-02	-4.076504e-04	-4.784006e-02	-2.432768e-02	-2.351238e-02
419           	7.493513e-03	2.693090e-02	-1.943738e-02	-9.862530e-04	2.630139e-03	-3.616392e-03	3.123266e-03	2.318414e-02	-4.077445e-04	-4.783956e-02	-2.432752e-02	-2.351204e-02
420           	7.493549e-03	2.693085e-02	-1.943730e-02	-9.862164e-04	2.630157e-03	-3.616373e-03	3.123265e-03	2.318407e-02	-4.077658e-04	-4.783937e-02	-2.432745e-02	-2.351192e-02
421           	7.493503e-03	2.693075e-02	-1.943725e-02	-9.861700e-04	2.630183e-03	-3.616353e-03	3.123268e-03	2.318400e-02	-4.077924e-04	-4.783915e-02	-2.432737e-02	-2.351178e-02
422           	7.493441e-03	2.693065e-02	-1.943721e-02	-9.861421e-04	2.630198e-03	-3.616340e-03	3.123269e-03	2.318393e-02	-4.078206e-04	-4.783891e-02	-2.432728e-02	-2.351164e-02
423           	7.493363e-03	2.693054e-02	-1.943717e-02	-9.861333e-04	2.630200e-03	-3.616334e-03	3.123267e-03	2.318385e-02	-4.078496e-04	-4.783866e-02	-2.432718e-02	-2.351148e-02
