# Force and moment coefficients
# dragDir     : (1.000000e+00 0.000000e+00 0.000000e+00)
# sideDir     : (0.000000e+00 0.000000e+00 -1.000000e+00)
# liftDir     : (0.000000e+00 1.000000e+00 0.000000e+00)
# rollAxis    : (1.000000e+00 0.000000e+00 0.000000e+00)
# pitchAxis   : (0.000000e+00 0.000000e+00 -1.000000e+00)
# yawAxis     : (0.000000e+00 1.000000e+00 0.000000e+00)
# magUInf     : 1.000000e+01
# lRef        : 1.499270e-01
# Aref        : 5.000000e-02
# CofR        : (3.750000e-02 0.000000e+00 0.000000e+00)
#
# Time        	Cd            	Cd(f)         	Cd(r)         	Cl            	Cl(f)         	Cl(r)         	CmPitch       	CmRoll        	CmYaw         	Cs            	Cs(f)         	Cs(r)         
1             	1.152922e-01	-1.271956e-01	2.424878e-01	4.003042e-01	1.500539e-01	2.502504e-01	-5.009826e-02	-1.848417e-01	5.110121e-02	5.771729e-03	5.398707e-02	-4.821535e-02
2             	9.477654e-02	-1.293486e-01	2.241252e-01	3.819673e-01	1.422748e-01	2.396925e-01	-4.870881e-02	-1.767369e-01	4.165118e-02	7.135747e-03	4.521906e-02	-3.808331e-02
3             	7.762949e-02	-9.773331e-02	1.753628e-01	2.942056e-01	1.094692e-01	1.847365e-01	-3.763364e-02	-1.365481e-01	3.405538e-02	7.007810e-03	3.755929e-02	-3.055148e-02
4             	6.162279e-02	-4.901781e-02	1.106406e-01	1.707357e-01	6.418120e-02	1.065544e-01	-2.118662e-02	-7.982920e-02	2.712011e-02	5.891258e-03	3.006574e-02	-2.417448e-02
5             	4.686191e-02	1.512347e-03	4.534957e-02	4.494126e-02	1.855215e-02	2.638911e-02	-3.918478e-03	-2.191861e-02	2.076978e-02	4.286308e-03	2.291294e-02	-1.862663e-02
6             	3.416767e-02	4.251786e-02	-8.350194e-03	-5.760379e-02	-1.831717e-02	-3.928662e-02	1.048473e-02	2.543403e-02	1.529938e-02	2.622881e-03	1.661082e-02	-1.398794e-02
7             	2.427750e-02	6.762457e-02	-4.334708e-02	-1.222455e-01	-4.140932e-02	-8.083619e-02	1.971344e-02	5.548583e-02	1.100414e-02	1.206867e-03	1.160758e-02	-1.040071e-02
8             	1.744277e-02	7.557154e-02	-5.812877e-02	-1.460660e-01	-4.993044e-02	-9.613556e-02	2.310256e-02	6.685016e-02	7.994477e-03	1.985052e-04	8.093730e-03	-7.895224e-03
9             	1.343449e-02	6.900822e-02	-5.557373e-02	-1.352347e-01	-4.629249e-02	-8.894223e-02	2.132487e-02	6.229097e-02	6.184558e-03	-3.677202e-04	6.000698e-03	-6.368418e-03
10            	1.168864e-02	5.292785e-02	-4.123921e-02	-1.013832e-01	-3.474501e-02	-6.663820e-02	1.594660e-02	4.708353e-02	5.345873e-03	-5.453310e-04	5.073208e-03	-5.618539e-03
11            	1.149525e-02	3.307149e-02	-2.157624e-02	-5.787889e-02	-2.003497e-02	-3.784392e-02	8.904476e-03	2.732387e-02	5.183885e-03	-4.366742e-04	4.965548e-03	-5.402222e-03
12            	1.215509e-02	1.456723e-02	-2.412135e-03	-1.669540e-02	-6.316189e-03	-1.037921e-02	2.031510e-03	8.489680e-03	5.404820e-03	-1.581368e-04	5.325752e-03	-5.483889e-03
13            	1.310150e-02	1.002312e-03	1.209919e-02	1.373694e-02	3.561424e-03	1.017552e-02	-3.307046e-03	-5.548437e-03	5.768690e-03	1.856305e-04	5.861505e-03	-5.675875e-03
14            	1.395844e-02	-5.953228e-03	1.991167e-02	2.942859e-02	8.329848e-03	2.109874e-02	-6.384448e-03	-1.293245e-02	6.114420e-03	5.167218e-04	6.372781e-03	-5.856059e-03
15            	1.453741e-02	-6.447242e-03	2.098465e-02	3.059790e-02	8.180056e-03	2.241784e-02	-7.118891e-03	-1.371594e-02	6.358720e-03	7.883878e-04	6.752914e-03	-5.964527e-03
16            	1.479679e-02	-1.963218e-03	1.676001e-02	2.055757e-02	4.342316e-03	1.621525e-02	-5.936468e-03	-9.361612e-03	6.479239e-03	9.820186e-04	6.970248e-03	-5.988229e-03
17            	1.479015e-02	5.323049e-03	9.467099e-03	4.227427e-03	-1.445277e-03	5.672704e-03	-3.558990e-03	-2.072025e-03	6.493496e-03	1.099605e-03	7.043298e-03	-5.943693e-03
18            	1.461086e-02	1.316249e-02	1.448370e-03	-1.330493e-02	-7.437823e-03	-5.867112e-03	-7.853556e-04	5.857062e-03	6.436055e-03	1.155357e-03	7.013734e-03	-5.858377e-03
19            	1.435341e-02	1.971773e-02	-5.364321e-03	-2.789394e-02	-1.225629e-02	-1.563765e-02	1.690682e-03	1.254103e-02	6.342638e-03	1.168038e-03	6.926657e-03	-5.758619e-03
20            	1.408707e-02	2.386212e-02	-9.775058e-03	-3.701616e-02	-1.510418e-02	-2.191198e-02	3.403902e-03	1.681859e-02	6.239405e-03	1.155436e-03	6.817123e-03	-5.661687e-03
21            	1.384657e-02	2.525074e-02	-1.140418e-02	-3.993101e-02	-1.580272e-02	-2.412829e-02	4.162784e-03	1.832746e-02	6.139540e-03	1.131254e-03	6.705167e-03	-5.573913e-03
22            	1.363662e-02	2.420423e-02	-1.056761e-02	-3.740934e-02	-1.467982e-02	-2.272952e-02	4.024852e-03	1.738592e-02	6.044886e-03	1.104090e-03	6.596931e-03	-5.492841e-03
23            	1.344247e-02	2.148876e-02	-8.046292e-03	-3.122421e-02	-1.238510e-02	-1.883910e-02	3.226999e-03	1.476753e-02	5.950310e-03	1.078051e-03	6.489336e-03	-5.411284e-03
24            	1.324343e-02	1.803883e-02	-4.795401e-03	-2.351598e-02	-9.667057e-03	-1.384892e-02	2.090934e-03	1.141712e-02	5.849123e-03	1.054144e-03	6.376195e-03	-5.322051e-03
25            	1.302218e-02	1.470572e-02	-1.683538e-03	-1.621719e-02	-7.179164e-03	-9.038025e-03	9.294306e-04	8.194630e-03	5.736360e-03	1.031802e-03	6.252261e-03	-5.220460e-03
26            	1.277108e-02	1.209992e-02	6.711641e-04	-1.069299e-02	-5.362613e-03	-5.330380e-03	-1.611639e-05	5.714378e-03	5.611144e-03	1.010155e-03	6.116221e-03	-5.106066e-03
27            	1.249407e-02	1.050892e-02	1.985144e-03	-7.560081e-03	-4.392600e-03	-3.167481e-03	-6.125592e-04	4.261889e-03	5.477075e-03	9.889063e-04	5.971529e-03	-4.982622e-03
28            	1.220423e-02	9.905365e-03	2.298863e-03	-6.712871e-03	-4.196132e-03	-2.516739e-03	-8.396963e-04	3.803251e-03	5.340958e-03	9.685806e-04	5.825248e-03	-4.856668e-03
29            	1.191981e-02	1.002326e-02	1.896550e-03	-7.503966e-03	-4.520182e-03	-2.983784e-03	-7.681990e-04	4.063354e-03	5.211021e-03	9.503700e-04	5.686206e-03	-4.735836e-03
30            	1.165933e-02	1.047056e-02	1.188770e-03	-9.007058e-03	-5.025644e-03	-3.981415e-03	-5.221144e-04	4.640895e-03	5.094914e-03	9.357279e-04	5.562778e-03	-4.627050e-03
31            	1.143734e-02	1.084967e-02	5.876733e-04	-1.029536e-02	-5.383951e-03	-4.911408e-03	-2.362712e-04	5.130998e-03	4.998125e-03	9.259151e-04	5.461083e-03	-4.535167e-03
32            	1.126228e-02	1.085210e-02	4.101888e-04	-1.065804e-02	-5.350278e-03	-5.307763e-03	-2.125751e-05	5.220953e-03	4.923303e-03	9.216247e-04	5.384115e-03	-4.462490e-03
33            	1.113584e-02	1.031354e-02	8.223009e-04	-9.724044e-03	-4.803894e-03	-4.920150e-03	5.812822e-05	4.745620e-03	4.870202e-03	9.228164e-04	5.331610e-03	-4.408794e-03
34            	1.105349e-02	9.226826e-03	1.826662e-03	-7.489372e-03	-3.755229e-03	-3.734143e-03	-1.054317e-05	3.700082e-03	4.836110e-03	9.287253e-04	5.300472e-03	-4.371747e-03
35            	1.100606e-02	7.716923e-03	3.289136e-03	-4.256879e-03	-2.323177e-03	-1.933703e-03	-1.947372e-04	2.213894e-03	4.816563e-03	9.380312e-04	5.285578e-03	-4.347547e-03
36            	1.098197e-02	5.991662e-03	4.990307e-03	-5.198527e-04	-6.934145e-04	1.735618e-04	-4.334881e-04	5.006771e-04	4.806354e-03	9.491246e-04	5.280916e-03	-4.331792e-03
37            	1.096944e-02	4.283792e-03	6.685645e-03	3.174760e-03	9.294633e-04	2.245296e-03	-6.579165e-04	-1.200927e-03	4.800365e-03	9.603919e-04	5.280561e-03	-4.320169e-03
38            	1.095821e-02	2.795371e-03	8.162835e-03	6.356088e-03	2.367446e-03	3.988642e-03	-8.105975e-04	-2.683732e-03	4.794265e-03	9.704619e-04	5.279496e-03	-4.309034e-03
39            	1.094046e-02	1.662222e-03	9.278233e-03	8.710608e-03	3.497553e-03	5.213055e-03	-8.577511e-04	-3.808006e-03	4.784825e-03	9.783933e-04	5.274022e-03	-4.295629e-03
40            	1.091143e-02	9.355875e-04	9.975846e-03	1.012388e-02	4.267161e-03	5.856718e-03	-7.947784e-04	-4.520129e-03	4.770232e-03	9.838017e-04	5.262132e-03	-4.278331e-03
41            	1.086931e-02	5.854844e-04	1.028382e-02	1.067145e-02	4.691877e-03	5.979571e-03	-6.438468e-04	-4.849168e-03	4.749960e-03	9.867877e-04	5.243354e-03	-4.256566e-03
42            	1.081501e-02	5.201423e-04	1.029487e-02	1.057280e-02	4.840732e-03	5.732067e-03	-4.456675e-04	-4.887363e-03	4.724647e-03	9.878856e-04	5.218590e-03	-4.230704e-03
43            	1.075102e-02	6.147220e-04	1.013629e-02	1.012278e-02	4.813448e-03	5.309335e-03	-2.479436e-04	-4.760786e-03	4.695480e-03	9.877850e-04	5.189372e-03	-4.201587e-03
44            	1.068030e-02	7.413956e-04	9.938901e-03	9.620437e-03	4.716309e-03	4.904128e-03	-9.390940e-05	-4.598753e-03	4.663739e-03	9.870945e-04	5.157287e-03	-4.170192e-03
45            	1.060587e-02	7.954361e-04	9.810432e-03	9.308345e-03	4.640978e-03	4.667367e-03	-1.319444e-05	-4.507498e-03	4.630619e-03	9.862417e-04	5.123740e-03	-4.137498e-03
46            	1.053063e-02	7.114999e-04	9.819133e-03	9.335696e-03	4.650651e-03	4.685045e-03	-1.719732e-05	-4.553817e-03	4.597196e-03	9.854640e-04	5.089928e-03	-4.104464e-03
47            	1.045715e-02	4.700807e-04	9.987065e-03	9.744010e-03	4.773618e-03	4.970392e-03	-9.838710e-05	-4.758492e-03	4.564409e-03	9.848447e-04	5.056832e-03	-4.071987e-03
48            	1.038754e-02	9.357993e-05	1.029396e-02	1.047723e-02	5.004761e-03	5.472469e-03	-2.338537e-04	-5.100190e-03	4.533056e-03	9.843701e-04	5.025241e-03	-4.040871e-03
49            	1.032337e-02	-3.652439e-04	1.068861e-02	1.140931e-02	5.313092e-03	6.096222e-03	-3.915650e-04	-5.526929e-03	4.503758e-03	9.839802e-04	4.995748e-03	-4.011768e-03
50            	1.026551e-02	-8.388534e-04	1.110436e-02	1.238100e-02	5.652764e-03	6.728234e-03	-5.377348e-04	-5.971608e-03	4.476912e-03	9.836081e-04	4.968717e-03	-3.985108e-03
51            	1.021409e-02	-1.260713e-03	1.147481e-02	1.323679e-02	5.974778e-03	7.262012e-03	-6.436171e-04	-6.367759e-03	4.452656e-03	9.832044e-04	4.944259e-03	-3.961054e-03
52            	1.016853e-02	-1.578689e-03	1.174722e-02	1.385591e-02	6.237330e-03	7.618580e-03	-6.906250e-04	-6.662954e-03	4.430847e-03	9.827501e-04	4.922222e-03	-3.939472e-03
53            	1.012761e-02	-1.762614e-03	1.189022e-02	1.416972e-02	6.412375e-03	7.757349e-03	-6.724870e-04	-6.826417e-03	4.411078e-03	9.822455e-04	4.902201e-03	-3.919955e-03
54            	1.008966e-02	-1.807315e-03	1.189697e-02	1.416828e-02	6.488994e-03	7.679285e-03	-5.951457e-04	-6.852145e-03	4.392734e-03	9.817108e-04	4.883589e-03	-3.901879e-03
55            	1.005292e-02	-1.729880e-03	1.178280e-02	1.389350e-02	6.472591e-03	7.420909e-03	-4.741591e-04	-6.756338e-03	4.375108e-03	9.811678e-04	4.865691e-03	-3.884524e-03
56            	1.001576e-02	-1.563455e-03	1.157921e-02	1.342433e-02	6.381431e-03	7.042901e-03	-3.307353e-04	-6.571335e-03	4.357507e-03	9.806299e-04	4.847822e-03	-3.867192e-03
57            	9.976993e-03	-1.349106e-03	1.132610e-02	1.285744e-02	6.241451e-03	6.615993e-03	-1.872711e-04	-6.337603e-03	4.339384e-03	9.800982e-04	4.829433e-03	-3.849334e-03
58            	9.936020e-03	-1.127506e-03	1.106353e-02	1.228770e-02	6.080610e-03	6.207094e-03	-6.324221e-05	-6.095516e-03	4.320425e-03	9.795669e-04	4.810208e-03	-3.830642e-03
59            	9.892888e-03	-9.322376e-04	1.082513e-02	1.179252e-02	5.923984e-03	5.868538e-03	2.772292e-05	-5.878682e-03	4.300586e-03	9.790286e-04	4.790100e-03	-3.811071e-03
60            	9.848268e-03	-7.853372e-04	1.063361e-02	1.142162e-02	5.790211e-03	5.631413e-03	7.939891e-05	-5.709471e-03	4.280089e-03	9.784774e-04	4.769328e-03	-3.790850e-03
61            	9.803272e-03	-6.958432e-04	1.049912e-02	1.119383e-02	5.689813e-03	5.504018e-03	9.289740e-05	-5.597479e-03	4.259369e-03	9.779181e-04	4.748329e-03	-3.770410e-03
62            	9.759246e-03	-6.606291e-04	1.041988e-02	1.109935e-02	5.625113e-03	5.474235e-03	7.543857e-05	-5.540252e-03	4.238988e-03	9.773673e-04	4.727672e-03	-3.750304e-03
63            	9.717526e-03	-6.672960e-04	1.038482e-02	1.110681e-02	5.591606e-03	5.515204e-03	3.820119e-05	-5.526059e-03	4.219530e-03	9.768509e-04	4.707956e-03	-3.731105e-03
64            	9.679217e-03	-6.981445e-04	1.037736e-02	1.117281e-02	5.580251e-03	5.592560e-03	-6.154374e-06	-5.537753e-03	4.201503e-03	9.764000e-04	4.689703e-03	-3.713303e-03
65            	9.644994e-03	-7.342731e-04	1.037927e-02	1.125164e-02	5.579992e-03	5.671646e-03	-4.582673e-05	-5.556770e-03	4.185245e-03	9.760435e-04	4.673267e-03	-3.697223e-03
66            	9.615055e-03	-7.590750e-04	1.037413e-02	1.130356e-02	5.580131e-03	5.723427e-03	-7.164783e-05	-5.566602e-03	4.170891e-03	9.758030e-04	4.658792e-03	-3.682989e-03
67            	9.589090e-03	-7.606846e-04	1.034977e-02	1.130051e-02	5.572111e-03	5.728403e-03	-7.814600e-05	-5.555230e-03	4.158359e-03	9.756888e-04	4.646204e-03	-3.670515e-03
68            	9.566388e-03	-7.331216e-04	1.029951e-02	1.122874e-02	5.550582e-03	5.678159e-03	-6.378872e-05	-5.516316e-03	4.147386e-03	9.757009e-04	4.635236e-03	-3.659535e-03
69            	9.545975e-03	-6.762159e-04	1.022219e-02	1.108844e-02	5.513659e-03	5.574777e-03	-3.055890e-05	-5.449203e-03	4.137577e-03	9.758283e-04	4.625491e-03	-3.649663e-03
70            	9.526778e-03	-5.945128e-04	1.012129e-02	1.089102e-02	5.462527e-03	5.428492e-03	1.701739e-05	-5.357902e-03	4.128477e-03	9.760472e-04	4.616500e-03	-3.640453e-03
71            	9.507800e-03	-4.956537e-04	1.000345e-02	1.065517e-02	5.400634e-03	5.254540e-03	7.304697e-05	-5.249554e-03	4.119644e-03	9.763261e-04	4.607807e-03	-3.631481e-03
72            	9.488255e-03	-3.884523e-04	9.876707e-03	1.040218e-02	5.332600e-03	5.069582e-03	1.315088e-04	-5.132580e-03	4.110716e-03	9.766291e-04	4.599031e-03	-3.622401e-03
73            	9.467661e-03	-2.813051e-04	9.748966e-03	1.015210e-02	5.263251e-03	4.888848e-03	1.872019e-04	-5.015135e-03	4.101451e-03	9.769210e-04	4.589912e-03	-3.612991e-03
74            	9.445867e-03	-1.808989e-04	9.626766e-03	9.920665e-03	5.196766e-03	4.723899e-03	2.364332e-04	-4.903832e-03	4.091744e-03	9.771702e-04	4.580329e-03	-3.603159e-03
75            	9.423000e-03	-9.152883e-05	9.514529e-03	9.717652e-03	5.136131e-03	4.581521e-03	2.773052e-04	-4.803029e-03	4.081616e-03	9.773562e-04	4.570294e-03	-3.592937e-03
76            	9.399440e-03	-1.483314e-05	9.414273e-03	9.546371e-03	5.082873e-03	4.463498e-03	3.096875e-04	-4.714553e-03	4.071193e-03	9.774664e-04	4.559926e-03	-3.582459e-03
77            	9.375695e-03	4.977413e-05	9.325921e-03	9.404710e-03	5.037182e-03	4.367528e-03	3.348273e-04	-4.638073e-03	4.060666e-03	9.774980e-04	4.549415e-03	-3.571917e-03
78            	9.352312e-03	1.044716e-04	9.247840e-03	9.286704e-03	4.998202e-03	4.288502e-03	3.548498e-04	-4.571684e-03	4.050254e-03	9.774575e-04	4.538983e-03	-3.561525e-03
79            	9.329788e-03	1.524161e-04	9.177372e-03	9.184164e-03	4.964338e-03	4.219826e-03	3.722564e-04	-4.512478e-03	4.040166e-03	9.773598e-04	4.528846e-03	-3.551486e-03
80            	9.308495e-03	1.968280e-04	9.111667e-03	9.088796e-03	4.933779e-03	4.155017e-03	3.893807e-04	-4.457420e-03	4.030565e-03	9.772235e-04	4.519176e-03	-3.541953e-03
81            	9.288652e-03	2.404631e-04	9.048189e-03	8.993565e-03	4.904818e-03	4.088747e-03	4.080357e-04	-4.403863e-03	4.021553e-03	9.770681e-04	4.510087e-03	-3.533019e-03
82            	9.270329e-03	2.853094e-04	8.985020e-03	8.893493e-03	4.876093e-03	4.017400e-03	4.293463e-04	-4.349855e-03	4.013179e-03	9.769138e-04	4.501636e-03	-3.524722e-03
83            	9.253430e-03	3.323370e-04	8.921093e-03	8.786150e-03	4.846754e-03	3.939396e-03	4.536790e-04	-4.294378e-03	4.005416e-03	9.767774e-04	4.493804e-03	-3.517027e-03
84            	9.237741e-03	3.814502e-04	8.856291e-03	8.671737e-03	4.816535e-03	3.855202e-03	4.806665e-04	-4.237420e-03	3.998187e-03	9.766702e-04	4.486522e-03	-3.509852e-03
85            	9.223003e-03	4.319283e-04	8.791074e-03	8.552104e-03	4.785576e-03	3.766528e-03	5.095243e-04	-4.179573e-03	3.991392e-03	9.765999e-04	4.479692e-03	-3.503092e-03
86            	9.208933e-03	4.825404e-04	8.726393e-03	8.430356e-03	4.754359e-03	3.675997e-03	5.391814e-04	-4.121926e-03	3.984919e-03	9.765689e-04	4.473204e-03	-3.496635e-03
87            	9.195277e-03	5.318880e-04	8.663389e-03	8.310021e-03	4.723534e-03	3.586487e-03	5.685233e-04	-4.065751e-03	3.978664e-03	9.765761e-04	4.466952e-03	-3.490376e-03
88            	9.181838e-03	5.786690e-04	8.603169e-03	8.194390e-03	4.693769e-03	3.500621e-03	5.965741e-04	-4.012250e-03	3.972543e-03	9.766167e-04	4.460851e-03	-3.484235e-03
89            	9.168492e-03	6.218674e-04	8.546624e-03	8.086041e-03	4.665637e-03	3.420404e-03	6.226168e-04	-3.962378e-03	3.966502e-03	9.766843e-04	4.454844e-03	-3.478160e-03
90            	9.155187e-03	6.608544e-04	8.494332e-03	7.986585e-03	4.639538e-03	3.347046e-03	6.462459e-04	-3.916739e-03	3.960515e-03	9.767716e-04	4.448900e-03	-3.472129e-03
91            	9.141933e-03	6.954026e-04	8.446531e-03	7.896632e-03	4.615675e-03	3.280956e-03	6.673594e-04	-3.875564e-03	3.954578e-03	9.768714e-04	4.443014e-03	-3.466142e-03
92            	9.128786e-03	7.256311e-04	8.403155e-03	7.815924e-03	4.594064e-03	3.221860e-03	6.861021e-04	-3.838762e-03	3.948708e-03	9.769780e-04	4.437197e-03	-3.460219e-03
93            	9.115822e-03	7.519112e-04	8.363911e-03	7.743582e-03	4.574576e-03	3.169006e-03	7.027850e-04	-3.806000e-03	3.942930e-03	9.770869e-04	4.431474e-03	-3.454387e-03
94            	9.103128e-03	7.747527e-04	8.328376e-03	7.678394e-03	4.556993e-03	3.121400e-03	7.177965e-04	-3.776811e-03	3.937274e-03	9.771956e-04	4.425872e-03	-3.448676e-03
95            	9.090780e-03	7.946977e-04	8.296082e-03	7.619079e-03	4.541062e-03	3.078018e-03	7.315220e-04	-3.750692e-03	3.931768e-03	9.773031e-04	4.420419e-03	-3.443116e-03
96            	9.078831e-03	8.122181e-04	8.266613e-03	7.564552e-03	4.526551e-03	3.038001e-03	7.442746e-04	-3.727197e-03	3.926433e-03	9.774098e-04	4.415138e-03	-3.437728e-03
97            	9.067315e-03	8.277283e-04	8.239587e-03	7.513895e-03	4.513244e-03	3.000651e-03	7.562964e-04	-3.705929e-03	3.921285e-03	9.775166e-04	4.410043e-03	-3.432526e-03
98            	9.056234e-03	8.414901e-04	8.214744e-03	7.466580e-03	4.501002e-03	2.965578e-03	7.677118e-04	-3.686627e-03	3.916326e-03	9.776252e-04	4.405138e-03	-3.427513e-03
99            	9.045564e-03	8.536481e-04	8.191916e-03	7.422388e-03	4.489746e-03	2.932642e-03	7.785524e-04	-3.669134e-03	3.911549e-03	9.777372e-04	4.400417e-03	-3.422680e-03
100           	9.035260e-03	8.642206e-04	8.171039e-03	7.381429e-03	4.479467e-03	2.901962e-03	7.887523e-04	-3.653409e-03	3.906935e-03	9.778542e-04	4.395862e-03	-3.418008e-03
101           	9.025297e-03	8.732858e-04	8.152011e-03	7.343641e-03	4.470127e-03	2.873514e-03	7.983062e-04	-3.639363e-03	3.902475e-03	9.779775e-04	4.391463e-03	-3.413486e-03
102           	9.015621e-03	8.807762e-04	8.134845e-03	7.309351e-03	4.461771e-03	2.847580e-03	8.070957e-04	-3.627034e-03	3.898145e-03	9.781077e-04	4.387199e-03	-3.409091e-03
103           	9.006193e-03	8.866875e-04	8.119506e-03	7.278715e-03	4.454416e-03	2.824299e-03	8.150589e-04	-3.616409e-03	3.893931e-03	9.782448e-04	4.383053e-03	-3.404808e-03
104           	8.996979e-03	8.910353e-04	8.105944e-03	7.251847e-03	4.448072e-03	2.803775e-03	8.221482e-04	-3.607454e-03	3.889818e-03	9.783879e-04	4.379012e-03	-3.400624e-03
105           	8.987973e-03	8.939287e-04	8.094044e-03	7.228580e-03	4.442698e-03	2.785882e-03	8.284076e-04	-3.600058e-03	3.885805e-03	9.785363e-04	4.375073e-03	-3.396537e-03
106           	8.979167e-03	8.954937e-04	8.083673e-03	7.208709e-03	4.438245e-03	2.770464e-03	8.338902e-04	-3.594090e-03	3.881889e-03	9.786885e-04	4.371234e-03	-3.392545e-03
107           	8.970559e-03	8.958899e-04	8.074669e-03	7.191930e-03	4.434644e-03	2.757286e-03	8.386791e-04	-3.589390e-03	3.878068e-03	9.788428e-04	4.367490e-03	-3.388647e-03
108           	8.962150e-03	8.953052e-04	8.066845e-03	7.177855e-03	4.431805e-03	2.746050e-03	8.428778e-04	-3.585770e-03	3.874339e-03	9.789975e-04	4.363838e-03	-3.384840e-03
109           	8.953944e-03	8.939129e-04	8.060031e-03	7.166109e-03	4.429646e-03	2.736463e-03	8.465916e-04	-3.583059e-03	3.870702e-03	9.791518e-04	4.360278e-03	-3.381126e-03
110           	8.945945e-03	8.918903e-04	8.054055e-03	7.156304e-03	4.428077e-03	2.728228e-03	8.499244e-04	-3.581082e-03	3.867157e-03	9.793046e-04	4.356809e-03	-3.377505e-03
111           	8.938158e-03	8.893999e-04	8.048758e-03	7.148083e-03	4.427010e-03	2.721073e-03	8.529689e-04	-3.579679e-03	3.863706e-03	9.794552e-04	4.353433e-03	-3.373978e-03
112           	8.930586e-03	8.865824e-04	8.044003e-03	7.141139e-03	4.426370e-03	2.714768e-03	8.558010e-04	-3.578710e-03	3.860351e-03	9.796031e-04	4.350153e-03	-3.370550e-03
113           	8.923225e-03	8.835679e-04	8.039657e-03	7.135192e-03	4.426078e-03	2.709113e-03	8.584825e-04	-3.578045e-03	3.857092e-03	9.797476e-04	4.346966e-03	-3.367219e-03
114           	8.916074e-03	8.804277e-04	8.035646e-03	7.130080e-03	4.426090e-03	2.703990e-03	8.610502e-04	-3.577609e-03	3.853929e-03	9.798887e-04	4.343873e-03	-3.363985e-03
115           	8.909122e-03	8.772305e-04	8.031892e-03	7.125654e-03	4.426360e-03	2.699294e-03	8.635326e-04	-3.577331e-03	3.850856e-03	9.800265e-04	4.340869e-03	-3.360843e-03
116           	8.902361e-03	8.740265e-04	8.028334e-03	7.121797e-03	4.426847e-03	2.694950e-03	8.659485e-04	-3.577154e-03	3.847869e-03	9.801612e-04	4.337950e-03	-3.357788e-03
117           	8.895777e-03	8.708552e-04	8.024922e-03	7.118416e-03	4.427519e-03	2.690896e-03	8.683115e-04	-3.577033e-03	3.844961e-03	9.802931e-04	4.335107e-03	-3.354814e-03
118           	8.889362e-03	8.677526e-04	8.021609e-03	7.115422e-03	4.428344e-03	2.687078e-03	8.706328e-04	-3.576928e-03	3.842128e-03	9.804224e-04	4.332339e-03	-3.351917e-03
119           	8.883110e-03	8.647539e-04	8.018357e-03	7.112728e-03	4.429288e-03	2.683440e-03	8.729236e-04	-3.576801e-03	3.839369e-03	9.805492e-04	4.329644e-03	-3.349095e-03
120           	8.877019e-03	8.618938e-04	8.015125e-03	7.110245e-03	4.430319e-03	2.679927e-03	8.751959e-04	-3.576616e-03	3.836684e-03	9.806732e-04	4.327021e-03	-3.346348e-03
121           	8.871083e-03	8.592043e-04	8.011879e-03	7.107884e-03	4.431405e-03	2.676479e-03	8.774629e-04	-3.576337e-03	3.834073e-03	9.807944e-04	4.324470e-03	-3.343676e-03
122           	8.865295e-03	8.567273e-04	8.008568e-03	7.105526e-03	4.432504e-03	2.673022e-03	8.797409e-04	-3.575920e-03	3.831530e-03	9.809121e-04	4.321986e-03	-3.341074e-03
123           	8.859664e-03	8.544631e-04	8.005201e-03	7.103141e-03	4.433611e-03	2.669531e-03	8.820398e-04	-3.575369e-03	3.829058e-03	9.810266e-04	4.319572e-03	-3.338545e-03
124           	8.854173e-03	8.524195e-04	8.001754e-03	7.100673e-03	4.434703e-03	2.665970e-03	8.843664e-04	-3.574667e-03	3.826650e-03	9.811382e-04	4.317219e-03	-3.336081e-03
125           	8.848817e-03	8.506071e-04	7.998210e-03	7.098064e-03	4.435761e-03	2.662303e-03	8.867287e-04	-3.573802e-03	3.824299e-03	9.812472e-04	4.314923e-03	-3.333676e-03
126           	8.843594e-03	8.490378e-04	7.994556e-03	7.095262e-03	4.436766e-03	2.658496e-03	8.891348e-04	-3.572759e-03	3.822006e-03	9.813535e-04	4.312683e-03	-3.331329e-03
127           	8.838505e-03	8.477211e-04	7.990784e-03	7.092225e-03	4.437703e-03	2.654522e-03	8.915909e-04	-3.571531e-03	3.819771e-03	9.814572e-04	4.310500e-03	-3.329043e-03
128           	8.833549e-03	8.466649e-04	7.986884e-03	7.088919e-03	4.438560e-03	2.650359e-03	8.941004e-04	-3.570110e-03	3.817597e-03	9.815581e-04	4.308376e-03	-3.326818e-03
129           	8.828726e-03	8.458638e-04	7.982862e-03	7.085330e-03	4.439328e-03	2.646002e-03	8.966633e-04	-3.568499e-03	3.815483e-03	9.816561e-04	4.306311e-03	-3.324655e-03
130           	8.824032e-03	8.453112e-04	7.978721e-03	7.081452e-03	4.440003e-03	2.641449e-03	8.992769e-04	-3.566705e-03	3.813428e-03	9.817513e-04	4.304304e-03	-3.322552e-03
131           	8.819462e-03	8.449970e-04	7.974465e-03	7.077287e-03	4.440580e-03	2.636707e-03	9.019364e-04	-3.564734e-03	3.811428e-03	9.818436e-04	4.302350e-03	-3.320506e-03
132           	8.815008e-03	8.449079e-04	7.970100e-03	7.072845e-03	4.441058e-03	2.631787e-03	9.046357e-04	-3.562596e-03	3.809478e-03	9.819334e-04	4.300445e-03	-3.318512e-03
133           	8.810666e-03	8.450301e-04	7.965636e-03	7.068138e-03	4.441437e-03	2.626701e-03	9.073678e-04	-3.560303e-03	3.807576e-03	9.820207e-04	4.298587e-03	-3.316566e-03
134           	8.806434e-03	8.453524e-04	7.961082e-03	7.063183e-03	4.441718e-03	2.621465e-03	9.101260e-04	-3.557865e-03	3.805723e-03	9.821059e-04	4.296776e-03	-3.314670e-03
135           	8.802307e-03	8.458706e-04	7.956436e-03	7.057983e-03	4.441894e-03	2.616089e-03	9.129023e-04	-3.555283e-03	3.803916e-03	9.821884e-04	4.295010e-03	-3.312822e-03
136           	8.798289e-03	8.465642e-04	7.951725e-03	7.052572e-03	4.441978e-03	2.610594e-03	9.156917e-04	-3.552580e-03	3.802161e-03	9.822688e-04	4.293295e-03	-3.311027e-03
137           	8.794378e-03	8.474219e-04	7.946956e-03	7.046968e-03	4.441972e-03	2.604995e-03	9.184884e-04	-3.549767e-03	3.800456e-03	9.823471e-04	4.291629e-03	-3.309282e-03
138           	8.790569e-03	8.484311e-04	7.942138e-03	7.041186e-03	4.441880e-03	2.599306e-03	9.212868e-04	-3.546853e-03	3.798796e-03	9.824232e-04	4.290008e-03	-3.307585e-03
139           	8.786855e-03	8.495794e-04	7.937276e-03	7.035243e-03	4.441703e-03	2.593540e-03	9.240817e-04	-3.543848e-03	3.797180e-03	9.824972e-04	4.288429e-03	-3.305932e-03
140           	8.783232e-03	8.508524e-04	7.932379e-03	7.029157e-03	4.441446e-03	2.587710e-03	9.268680e-04	-3.540763e-03	3.795601e-03	9.825692e-04	4.286886e-03	-3.304317e-03
141           	8.779695e-03	8.522382e-04	7.927457e-03	7.022946e-03	4.441114e-03	2.581833e-03	9.296407e-04	-3.537609e-03	3.794059e-03	9.826394e-04	4.285379e-03	-3.302739e-03
142           	8.776246e-03	8.537257e-04	7.922520e-03	7.016631e-03	4.440711e-03	2.575920e-03	9.323950e-04	-3.534397e-03	3.792555e-03	9.827079e-04	4.283909e-03	-3.301201e-03
143           	8.772885e-03	8.553055e-04	7.917580e-03	7.010229e-03	4.440241e-03	2.569988e-03	9.351266e-04	-3.531137e-03	3.791091e-03	9.827747e-04	4.282478e-03	-3.299703e-03
144           	8.769613e-03	8.569675e-04	7.912645e-03	7.003760e-03	4.439711e-03	2.564049e-03	9.378313e-04	-3.527839e-03	3.789668e-03	9.828397e-04	4.281087e-03	-3.298248e-03
145           	8.766426e-03	8.587013e-04	7.907725e-03	6.997241e-03	4.439126e-03	2.558115e-03	9.405053e-04	-3.524512e-03	3.788284e-03	9.829028e-04	4.279735e-03	-3.296832e-03
146           	8.763321e-03	8.604957e-04	7.902825e-03	6.990691e-03	4.438491e-03	2.552200e-03	9.431453e-04	-3.521165e-03	3.786936e-03	9.829641e-04	4.278418e-03	-3.295454e-03
147           	8.760293e-03	8.623393e-04	7.897954e-03	6.984129e-03	4.437812e-03	2.546316e-03	9.457480e-04	-3.517807e-03	3.785622e-03	9.830238e-04	4.277134e-03	-3.294110e-03
148           	8.757338e-03	8.642204e-04	7.893118e-03	6.977571e-03	4.437096e-03	2.540475e-03	9.483108e-04	-3.514449e-03	3.784336e-03	9.830820e-04	4.275877e-03	-3.292795e-03
149           	8.754456e-03	8.661310e-04	7.888325e-03	6.971035e-03	4.436348e-03	2.534686e-03	9.508310e-04	-3.511097e-03	3.783081e-03	9.831390e-04	4.274650e-03	-3.291511e-03
150           	8.751648e-03	8.680653e-04	7.883582e-03	6.964533e-03	4.435573e-03	2.528960e-03	9.533063e-04	-3.507758e-03	3.781858e-03	9.831949e-04	4.273455e-03	-3.290260e-03
151           	8.748913e-03	8.700131e-04	7.878900e-03	6.958104e-03	4.434783e-03	2.523321e-03	9.557310e-04	-3.504443e-03	3.780668e-03	9.832495e-04	4.272293e-03	-3.289044e-03
152           	8.746253e-03	8.719753e-04	7.874278e-03	6.951726e-03	4.433971e-03	2.517755e-03	9.581080e-04	-3.501151e-03	3.779514e-03	9.833027e-04	4.271165e-03	-3.287863e-03
153           	8.743665e-03	8.739447e-04	7.869720e-03	6.945412e-03	4.433141e-03	2.512271e-03	9.604351e-04	-3.497888e-03	3.778392e-03	9.833544e-04	4.270070e-03	-3.286715e-03
154           	8.741145e-03	8.759128e-04	7.865233e-03	6.939175e-03	4.432297e-03	2.506878e-03	9.627100e-04	-3.494660e-03	3.777301e-03	9.834047e-04	4.269003e-03	-3.285599e-03
155           	8.738689e-03	8.778692e-04	7.860819e-03	6.933032e-03	4.431446e-03	2.501586e-03	9.649298e-04	-3.491475e-03	3.776235e-03	9.834538e-04	4.267962e-03	-3.284508e-03
156           	8.736291e-03	8.798050e-04	7.856486e-03	6.926998e-03	4.430591e-03	2.496407e-03	9.670919e-04	-3.488341e-03	3.775193e-03	9.835017e-04	4.266944e-03	-3.283442e-03
157           	8.733955e-03	8.817142e-04	7.852241e-03	6.921089e-03	4.429738e-03	2.491351e-03	9.691937e-04	-3.485263e-03	3.774176e-03	9.835487e-04	4.265951e-03	-3.282402e-03
158           	8.731681e-03	8.835918e-04	7.848089e-03	6.915317e-03	4.428891e-03	2.486426e-03	9.712329e-04	-3.482249e-03	3.773187e-03	9.835947e-04	4.264985e-03	-3.281390e-03
159           	8.729470e-03	8.854337e-04	7.844036e-03	6.909693e-03	4.428054e-03	2.481639e-03	9.732078e-04	-3.479301e-03	3.772228e-03	9.836395e-04	4.264048e-03	-3.280408e-03
160           	8.727321e-03	8.872349e-04	7.840086e-03	6.904227e-03	4.427230e-03	2.476996e-03	9.751169e-04	-3.476426e-03	3.771298e-03	9.836831e-04	4.263140e-03	-3.279457e-03
161           	8.725231e-03	8.889896e-04	7.836241e-03	6.898925e-03	4.426422e-03	2.472503e-03	9.769595e-04	-3.473626e-03	3.770394e-03	9.837253e-04	4.262257e-03	-3.278532e-03
162           	8.723195e-03	8.906928e-04	7.832502e-03	6.893796e-03	4.425633e-03	2.468163e-03	9.787350e-04	-3.470905e-03	3.769514e-03	9.837663e-04	4.261397e-03	-3.277631e-03
163           	8.721209e-03	8.923383e-04	7.828871e-03	6.888844e-03	4.424866e-03	2.463979e-03	9.804435e-04	-3.468266e-03	3.768652e-03	9.838063e-04	4.260555e-03	-3.276749e-03
164           	8.719272e-03	8.939229e-04	7.825349e-03	6.884076e-03	4.424123e-03	2.459953e-03	9.820851e-04	-3.465713e-03	3.767810e-03	9.838453e-04	4.259732e-03	-3.275887e-03
165           	8.717380e-03	8.954375e-04	7.821942e-03	6.879520e-03	4.423413e-03	2.456107e-03	9.836530e-04	-3.463252e-03	3.766985e-03	9.838831e-04	4.258927e-03	-3.275044e-03
166           	8.715542e-03	8.968956e-04	7.818647e-03	6.875141e-03	4.422729e-03	2.452412e-03	9.851585e-04	-3.460875e-03	3.766186e-03	9.839201e-04	4.258147e-03	-3.274226e-03
167           	8.713760e-03	8.982983e-04	7.815461e-03	6.870938e-03	4.422072e-03	2.448866e-03	9.866029e-04	-3.458582e-03	3.765414e-03	9.839562e-04	4.257392e-03	-3.273436e-03
168           	8.712030e-03	8.996453e-04	7.812385e-03	6.866910e-03	4.421442e-03	2.445468e-03	9.879872e-04	-3.456370e-03	3.764666e-03	9.839912e-04	4.256661e-03	-3.272670e-03
169           	8.710349e-03	9.009352e-04	7.809414e-03	6.863060e-03	4.420842e-03	2.442218e-03	9.893119e-04	-3.454239e-03	3.763939e-03	9.840250e-04	4.255952e-03	-3.271927e-03
170           	8.708713e-03	9.021664e-04	7.806546e-03	6.859387e-03	4.420272e-03	2.439116e-03	9.905780e-04	-3.452190e-03	3.763231e-03	9.840579e-04	4.255260e-03	-3.271202e-03
171           	8.707116e-03	9.033370e-04	7.803779e-03	6.855894e-03	4.419733e-03	2.436161e-03	9.917861e-04	-3.450221e-03	3.762537e-03	9.840899e-04	4.254582e-03	-3.270492e-03
172           	8.705560e-03	9.044488e-04	7.801112e-03	6.852579e-03	4.419227e-03	2.433352e-03	9.929373e-04	-3.448331e-03	3.761859e-03	9.841212e-04	4.253919e-03	-3.269798e-03
173           	8.705005e-03	9.064674e-04	7.798538e-03	6.848301e-03	4.418363e-03	2.429938e-03	9.942127e-04	-3.446035e-03	3.761625e-03	9.841269e-04	4.253688e-03	-3.269562e-03
174           	8.704525e-03	9.087180e-04	7.795807e-03	6.843540e-03	4.417300e-03	2.426241e-03	9.955294e-04	-3.443545e-03	3.761424e-03	9.841150e-04	4.253481e-03	-3.269366e-03
175           	8.704041e-03	9.108764e-04	7.793164e-03	6.838940e-03	4.416226e-03	2.422714e-03	9.967557e-04	-3.441144e-03	3.761219e-03	9.840947e-04	4.253266e-03	-3.269171e-03
176           	8.703508e-03	9.127783e-04	7.790730e-03	6.834807e-03	4.415248e-03	2.419560e-03	9.978439e-04	-3.438976e-03	3.760991e-03	9.840732e-04	4.253027e-03	-3.268954e-03
177           	8.702881e-03	9.142407e-04	7.788641e-03	6.831484e-03	4.414467e-03	2.417017e-03	9.987247e-04	-3.437200e-03	3.760719e-03	9.840560e-04	4.252747e-03	-3.268691e-03
178           	8.702157e-03	9.152366e-04	7.786920e-03	6.829043e-03	4.413915e-03	2.415129e-03	9.993930e-04	-3.435842e-03	3.760401e-03	9.840458e-04	4.252424e-03	-3.268378e-03
179           	8.701342e-03	9.157966e-04	7.785545e-03	6.827433e-03	4.413583e-03	2.413850e-03	9.998662e-04	-3.434874e-03	3.760041e-03	9.840433e-04	4.252063e-03	-3.268020e-03
180           	8.700464e-03	9.160242e-04	7.784440e-03	6.826469e-03	4.413426e-03	2.413043e-03	1.000191e-03	-3.434208e-03	3.759652e-03	9.840479e-04	4.251676e-03	-3.267628e-03
181           	8.699554e-03	9.160364e-04	7.783518e-03	6.825944e-03	4.413393e-03	2.412551e-03	1.000421e-03	-3.433741e-03	3.759248e-03	9.840582e-04	4.251278e-03	-3.267219e-03
182           	8.698641e-03	9.159394e-04	7.782702e-03	6.825666e-03	4.413438e-03	2.412229e-03	1.000605e-03	-3.433381e-03	3.758844e-03	9.840727e-04	4.250880e-03	-3.266807e-03
183           	8.697753e-03	9.158350e-04	7.781918e-03	6.825440e-03	4.413508e-03	2.411933e-03	1.000788e-03	-3.433042e-03	3.758451e-03	9.840893e-04	4.250496e-03	-3.266406e-03
184           	8.696912e-03	9.158042e-04	7.781108e-03	6.825111e-03	4.413562e-03	2.411549e-03	1.001006e-03	-3.432652e-03	3.758080e-03	9.841063e-04	4.250133e-03	-3.266027e-03
185           	8.696130e-03	9.158946e-04	7.780236e-03	6.824585e-03	4.413574e-03	2.411011e-03	1.001282e-03	-3.432171e-03	3.757737e-03	9.841224e-04	4.249798e-03	-3.265676e-03
186           	8.695411e-03	9.161189e-04	7.779293e-03	6.823836e-03	4.413536e-03	2.410299e-03	1.001619e-03	-3.431587e-03	3.757423e-03	9.841370e-04	4.249491e-03	-3.265354e-03
187           	8.694750e-03	9.164609e-04	7.778289e-03	6.822889e-03	4.413452e-03	2.409437e-03	1.002008e-03	-3.430914e-03	3.757135e-03	9.841500e-04	4.249210e-03	-3.265060e-03
188           	8.694135e-03	9.168837e-04	7.777251e-03	6.821810e-03	4.413335e-03	2.408475e-03	1.002430e-03	-3.430184e-03	3.756869e-03	9.841616e-04	4.248950e-03	-3.264788e-03
189           	8.693551e-03	9.173395e-04	7.776211e-03	6.820683e-03	4.413203e-03	2.407480e-03	1.002862e-03	-3.429436e-03	3.756617e-03	9.841720e-04	4.248703e-03	-3.264531e-03
190           	8.692982e-03	9.177809e-04	7.775201e-03	6.819593e-03	4.413075e-03	2.406518e-03	1.003279e-03	-3.428710e-03	3.756372e-03	9.841817e-04	4.248463e-03	-3.264281e-03
191           	8.692415e-03	9.181694e-04	7.774246e-03	6.818608e-03	4.412967e-03	2.405641e-03	1.003663e-03	-3.428038e-03	3.756128e-03	9.841910e-04	4.248223e-03	-3.264032e-03
192           	8.691842e-03	9.184807e-04	7.773361e-03	6.817773e-03	4.412888e-03	2.404884e-03	1.004002e-03	-3.427440e-03	3.755880e-03	9.842004e-04	4.247980e-03	-3.263780e-03
193           	8.691252e-03	9.186981e-04	7.772553e-03	6.817102e-03	4.412838e-03	2.404264e-03	1.004287e-03	-3.426928e-03	3.755624e-03	9.842096e-04	4.247729e-03	-3.263519e-03
194           	8.690653e-03	9.188387e-04	7.771814e-03	6.816584e-03	4.412821e-03	2.403763e-03	1.004529e-03	-3.426488e-03	3.755364e-03	9.842193e-04	4.247473e-03	-3.263254e-03
195           	8.690050e-03	9.189146e-04	7.771135e-03	6.816197e-03	4.412833e-03	2.403364e-03	1.004735e-03	-3.426110e-03	3.755101e-03	9.842296e-04	4.247216e-03	-3.262986e-03
196           	8.689446e-03	9.189422e-04	7.770504e-03	6.815914e-03	4.412870e-03	2.403044e-03	1.004913e-03	-3.425781e-03	3.754837e-03	9.842404e-04	4.246957e-03	-3.262717e-03
197           	8.688848e-03	9.189381e-04	7.769909e-03	6.815704e-03	4.412923e-03	2.402780e-03	1.005071e-03	-3.425486e-03	3.754576e-03	9.842515e-04	4.246701e-03	-3.262450e-03
198           	8.688258e-03	9.189168e-04	7.769342e-03	6.815540e-03	4.412989e-03	2.402551e-03	1.005219e-03	-3.425212e-03	3.754318e-03	9.842628e-04	4.246449e-03	-3.262186e-03
199           	8.687682e-03	9.188886e-04	7.768794e-03	6.815402e-03	4.413061e-03	2.402341e-03	1.005360e-03	-3.424952e-03	3.754066e-03	9.842743e-04	4.246203e-03	-3.261929e-03
200           	8.687121e-03	9.188596e-04	7.768261e-03	6.815280e-03	4.413138e-03	2.402142e-03	1.005498e-03	-3.424701e-03	3.753820e-03	9.842856e-04	4.245963e-03	-3.261677e-03
201           	8.686574e-03	9.188311e-04	7.767743e-03	6.815168e-03	4.413217e-03	2.401951e-03	1.005633e-03	-3.424456e-03	3.753581e-03	9.842969e-04	4.245729e-03	-3.261433e-03
202           	8.686042e-03	9.188011e-04	7.767241e-03	6.815070e-03	4.413300e-03	2.401770e-03	1.005765e-03	-3.424220e-03	3.753349e-03	9.843080e-04	4.245503e-03	-3.261195e-03
203           	8.685523e-03	9.187651e-04	7.766758e-03	6.814994e-03	4.413387e-03	2.401607e-03	1.005890e-03	-3.423996e-03	3.753122e-03	9.843189e-04	4.245281e-03	-3.260962e-03
204           	8.685015e-03	9.187177e-04	7.766297e-03	6.814948e-03	4.413480e-03	2.401468e-03	1.006006e-03	-3.423790e-03	3.752900e-03	9.843297e-04	4.245065e-03	-3.260736e-03
205           	8.684516e-03	9.186537e-04	7.765862e-03	6.814943e-03	4.413582e-03	2.401361e-03	1.006110e-03	-3.423604e-03	3.752683e-03	9.843403e-04	4.244853e-03	-3.260513e-03
206           	8.684024e-03	9.185691e-04	7.765455e-03	6.814984e-03	4.413692e-03	2.401292e-03	1.006200e-03	-3.423443e-03	3.752469e-03	9.843507e-04	4.244644e-03	-3.260294e-03
207           	8.683538e-03	9.184612e-04	7.765076e-03	6.815078e-03	4.413813e-03	2.401266e-03	1.006273e-03	-3.423308e-03	3.752258e-03	9.843611e-04	4.244438e-03	-3.260077e-03
208           	8.683057e-03	9.183292e-04	7.764727e-03	6.815226e-03	4.413944e-03	2.401282e-03	1.006331e-03	-3.423199e-03	3.752049e-03	9.843715e-04	4.244234e-03	-3.259863e-03
209           	8.682581e-03	9.181736e-04	7.764407e-03	6.815426e-03	4.414086e-03	2.401340e-03	1.006373e-03	-3.423117e-03	3.751842e-03	9.843818e-04	4.244033e-03	-3.259651e-03
210           	8.682111e-03	9.179960e-04	7.764115e-03	6.815676e-03	4.414237e-03	2.401438e-03	1.006399e-03	-3.423059e-03	3.751638e-03	9.843921e-04	4.243834e-03	-3.259442e-03
211           	8.681646e-03	9.177986e-04	7.763848e-03	6.815971e-03	4.414398e-03	2.401573e-03	1.006413e-03	-3.423025e-03	3.751436e-03	9.844024e-04	4.243637e-03	-3.259235e-03
212           	8.681189e-03	9.175837e-04	7.763605e-03	6.816307e-03	4.414568e-03	2.401739e-03	1.006414e-03	-3.423011e-03	3.751237e-03	9.844128e-04	4.243444e-03	-3.259031e-03
213           	8.680738e-03	9.173537e-04	7.763384e-03	6.816679e-03	4.414745e-03	2.401934e-03	1.006405e-03	-3.423015e-03	3.751041e-03	9.844232e-04	4.243253e-03	-3.258830e-03
214           	8.680295e-03	9.171102e-04	7.763185e-03	6.817085e-03	4.414929e-03	2.402156e-03	1.006387e-03	-3.423038e-03	3.750849e-03	9.844336e-04	4.243065e-03	-3.258632e-03
215           	8.679861e-03	9.168545e-04	7.763006e-03	6.817520e-03	4.415120e-03	2.402401e-03	1.006359e-03	-3.423076e-03	3.750659e-03	9.844441e-04	4.242881e-03	-3.258437e-03
216           	8.679435e-03	9.165875e-04	7.762847e-03	6.817984e-03	4.415316e-03	2.402668e-03	1.006324e-03	-3.423130e-03	3.750473e-03	9.844546e-04	4.242701e-03	-3.258246e-03
217           	8.679017e-03	9.163095e-04	7.762707e-03	6.818476e-03	4.415519e-03	2.402957e-03	1.006281e-03	-3.423199e-03	3.750291e-03	9.844651e-04	4.242523e-03	-3.258058e-03
218           	8.678606e-03	9.160208e-04	7.762586e-03	6.818994e-03	4.415728e-03	2.403267e-03	1.006230e-03	-3.423282e-03	3.750111e-03	9.844756e-04	4.242349e-03	-3.257874e-03
219           	8.678204e-03	9.157213e-04	7.762482e-03	6.819539e-03	4.415942e-03	2.403597e-03	1.006172e-03	-3.423381e-03	3.749936e-03	9.844860e-04	4.242179e-03	-3.257693e-03
220           	8.677808e-03	9.154110e-04	7.762397e-03	6.820111e-03	4.416162e-03	2.403949e-03	1.006106e-03	-3.423493e-03	3.749763e-03	9.844964e-04	4.242011e-03	-3.257514e-03
221           	8.677420e-03	9.150898e-04	7.762330e-03	6.820708e-03	4.416387e-03	2.404321e-03	1.006033e-03	-3.423620e-03	3.749593e-03	9.845066e-04	4.241846e-03	-3.257339e-03
222           	8.677037e-03	9.147579e-04	7.762279e-03	6.821331e-03	4.416618e-03	2.404713e-03	1.005952e-03	-3.423761e-03	3.749426e-03	9.845167e-04	4.241684e-03	-3.257167e-03
223           	8.676661e-03	9.144154e-04	7.762245e-03	6.821978e-03	4.416854e-03	2.405125e-03	1.005864e-03	-3.423915e-03	3.749262e-03	9.845265e-04	4.241525e-03	-3.256998e-03
224           	8.676290e-03	9.140626e-04	7.762227e-03	6.822650e-03	4.417094e-03	2.405556e-03	1.005769e-03	-3.424082e-03	3.749100e-03	9.845361e-04	4.241368e-03	-3.256832e-03
225           	8.675925e-03	9.136997e-04	7.762225e-03	6.823345e-03	4.417340e-03	2.406005e-03	1.005667e-03	-3.424263e-03	3.748941e-03	9.845453e-04	4.241214e-03	-3.256669e-03
226           	8.675564e-03	9.133271e-04	7.762237e-03	6.824062e-03	4.417589e-03	2.406473e-03	1.005558e-03	-3.424455e-03	3.748785e-03	9.845542e-04	4.241062e-03	-3.256508e-03
227           	8.675209e-03	9.129450e-04	7.762264e-03	6.824801e-03	4.417843e-03	2.406957e-03	1.005443e-03	-3.424660e-03	3.748631e-03	9.845626e-04	4.240913e-03	-3.256350e-03
228           	8.674859e-03	9.125539e-04	7.762305e-03	6.825560e-03	4.418101e-03	2.407459e-03	1.005321e-03	-3.424875e-03	3.748480e-03	9.845707e-04	4.240766e-03	-3.256195e-03
229           	8.674513e-03	9.121540e-04	7.762359e-03	6.826339e-03	4.418362e-03	2.407976e-03	1.005193e-03	-3.425103e-03	3.748332e-03	9.845782e-04	4.240621e-03	-3.256043e-03
230           	8.674172e-03	9.117456e-04	7.762427e-03	6.827136e-03	4.418627e-03	2.408509e-03	1.005059e-03	-3.425341e-03	3.748186e-03	9.845854e-04	4.240479e-03	-3.255894e-03
231           	8.673837e-03	9.113291e-04	7.762508e-03	6.827952e-03	4.418895e-03	2.409057e-03	1.004919e-03	-3.425589e-03	3.748043e-03	9.845923e-04	4.240339e-03	-3.255747e-03
232           	8.673506e-03	9.109047e-04	7.762601e-03	6.828786e-03	4.419166e-03	2.409620e-03	1.004773e-03	-3.425848e-03	3.747903e-03	9.845988e-04	4.240202e-03	-3.255603e-03
233           	8.673180e-03	9.104726e-04	7.762708e-03	6.829638e-03	4.419440e-03	2.410197e-03	1.004621e-03	-3.426118e-03	3.747764e-03	9.846051e-04	4.240067e-03	-3.255462e-03
234           	8.672860e-03	9.100333e-04	7.762827e-03	6.830506e-03	4.419717e-03	2.410789e-03	1.004464e-03	-3.426397e-03	3.747629e-03	9.846114e-04	4.239934e-03	-3.255323e-03
235           	8.672546e-03	9.095869e-04	7.762959e-03	6.831392e-03	4.419997e-03	2.411394e-03	1.004301e-03	-3.426686e-03	3.747495e-03	9.846178e-04	4.239804e-03	-3.255186e-03
236           	8.672238e-03	9.091338e-04	7.763104e-03	6.832294e-03	4.420281e-03	2.412014e-03	1.004133e-03	-3.426985e-03	3.747364e-03	9.846244e-04	4.239677e-03	-3.255052e-03
237           	8.671936e-03	9.086744e-04	7.763262e-03	6.833214e-03	4.420567e-03	2.412647e-03	1.003960e-03	-3.427294e-03	3.747236e-03	9.846314e-04	4.239551e-03	-3.254920e-03
238           	8.671641e-03	9.082091e-04	7.763432e-03	6.834150e-03	4.420856e-03	2.413294e-03	1.003781e-03	-3.427612e-03	3.747109e-03	9.846390e-04	4.239429e-03	-3.254789e-03
239           	8.671354e-03	9.077382e-04	7.763615e-03	6.835102e-03	4.421149e-03	2.413953e-03	1.003598e-03	-3.427939e-03	3.746984e-03	9.846474e-04	4.239308e-03	-3.254661e-03
240           	8.671074e-03	9.072624e-04	7.763811e-03	6.836071e-03	4.421445e-03	2.414626e-03	1.003410e-03	-3.428275e-03	3.746862e-03	9.846565e-04	4.239190e-03	-3.254534e-03
241           	8.670802e-03	9.067822e-04	7.764020e-03	6.837055e-03	4.421744e-03	2.415310e-03	1.003217e-03	-3.428619e-03	3.746741e-03	9.846667e-04	4.239075e-03	-3.254408e-03
242           	8.670538e-03	9.062983e-04	7.764239e-03	6.838052e-03	4.422047e-03	2.416006e-03	1.003021e-03	-3.428971e-03	3.746623e-03	9.846778e-04	4.238962e-03	-3.254284e-03
243           	8.670282e-03	9.058114e-04	7.764470e-03	6.839063e-03	4.422352e-03	2.416711e-03	1.002820e-03	-3.429329e-03	3.746506e-03	9.846899e-04	4.238851e-03	-3.254161e-03
244           	8.670033e-03	9.053215e-04	7.764712e-03	6.840086e-03	4.422660e-03	2.417426e-03	1.002617e-03	-3.429695e-03	3.746391e-03	9.847027e-04	4.238742e-03	-3.254039e-03
245           	8.669792e-03	9.048285e-04	7.764963e-03	6.841121e-03	4.422971e-03	2.418151e-03	1.002410e-03	-3.430067e-03	3.746278e-03	9.847161e-04	4.238636e-03	-3.253919e-03
246           	8.669557e-03	9.043314e-04	7.765225e-03	6.842171e-03	4.423285e-03	2.418886e-03	1.002200e-03	-3.430447e-03	3.746166e-03	9.847299e-04	4.238531e-03	-3.253801e-03
247           	8.669328e-03	9.038295e-04	7.765498e-03	6.843235e-03	4.423603e-03	2.419632e-03	1.001985e-03	-3.430834e-03	3.746057e-03	9.847436e-04	4.238429e-03	-3.253685e-03
248           	8.669103e-03	9.033222e-04	7.765780e-03	6.844313e-03	4.423924e-03	2.420389e-03	1.001768e-03	-3.431229e-03	3.745949e-03	9.847570e-04	4.238328e-03	-3.253571e-03
249           	8.668881e-03	9.028087e-04	7.766072e-03	6.845405e-03	4.424249e-03	2.421157e-03	1.001546e-03	-3.431632e-03	3.745844e-03	9.847694e-04	4.238229e-03	-3.253459e-03
250           	8.668660e-03	9.022885e-04	7.766372e-03	6.846510e-03	4.424576e-03	2.421935e-03	1.001320e-03	-3.432042e-03	3.745741e-03	9.847805e-04	4.238131e-03	-3.253350e-03
251           	8.668439e-03	9.017611e-04	7.766678e-03	6.847627e-03	4.424904e-03	2.422723e-03	1.001091e-03	-3.432459e-03	3.745640e-03	9.847895e-04	4.238035e-03	-3.253245e-03
252           	8.668216e-03	9.012257e-04	7.766991e-03	6.848753e-03	4.425234e-03	2.423519e-03	1.000857e-03	-3.432882e-03	3.745541e-03	9.847958e-04	4.237939e-03	-3.253143e-03
253           	8.667990e-03	9.006821e-04	7.767308e-03	6.849887e-03	4.425563e-03	2.424324e-03	1.000619e-03	-3.433313e-03	3.745445e-03	9.847991e-04	4.237845e-03	-3.253046e-03
254           	8.667757e-03	9.001298e-04	7.767628e-03	6.851028e-03	4.425891e-03	2.425136e-03	1.000377e-03	-3.433749e-03	3.745352e-03	9.847988e-04	4.237751e-03	-3.252952e-03
255           	8.667519e-03	8.995697e-04	7.767949e-03	6.852170e-03	4.426217e-03	2.425953e-03	1.000132e-03	-3.434190e-03	3.745261e-03	9.847945e-04	4.237658e-03	-3.252863e-03
256           	8.667274e-03	8.990034e-04	7.768270e-03	6.853309e-03	4.426537e-03	2.426772e-03	9.998827e-04	-3.434633e-03	3.745172e-03	9.847865e-04	4.237565e-03	-3.252779e-03
257           	8.667021e-03	8.984307e-04	7.768591e-03	6.854446e-03	4.426853e-03	2.427593e-03	9.996304e-04	-3.435080e-03	3.745086e-03	9.847748e-04	4.237474e-03	-3.252699e-03
258           	8.666763e-03	8.978512e-04	7.768912e-03	6.855581e-03	4.427164e-03	2.428417e-03	9.993739e-04	-3.435531e-03	3.745003e-03	9.847601e-04	4.237383e-03	-3.252623e-03
259           	8.666501e-03	8.972645e-04	7.769237e-03	6.856717e-03	4.427472e-03	2.429246e-03	9.991130e-04	-3.435986e-03	3.744921e-03	9.847429e-04	4.237293e-03	-3.252550e-03
260           	8.666237e-03	8.966714e-04	7.769565e-03	6.857856e-03	4.427775e-03	2.430080e-03	9.988475e-04	-3.436447e-03	3.744842e-03	9.847244e-04	4.237204e-03	-3.252480e-03
261           	8.665973e-03	8.960732e-04	7.769900e-03	6.858997e-03	4.428076e-03	2.430921e-03	9.985775e-04	-3.436913e-03	3.744765e-03	9.847056e-04	4.237118e-03	-3.252412e-03
262           	8.665714e-03	8.954720e-04	7.770242e-03	6.860144e-03	4.428375e-03	2.431768e-03	9.983033e-04	-3.437385e-03	3.744689e-03	9.846881e-04	4.237033e-03	-3.252345e-03
263           	8.665464e-03	8.948701e-04	7.770594e-03	6.861296e-03	4.428673e-03	2.432622e-03	9.980256e-04	-3.437862e-03	3.744614e-03	9.846737e-04	4.236951e-03	-3.252278e-03
264           	8.665229e-03	8.942705e-04	7.770958e-03	6.862456e-03	4.428973e-03	2.433483e-03	9.977452e-04	-3.438344e-03	3.744541e-03	9.846640e-04	4.236873e-03	-3.252209e-03
265           	8.665013e-03	8.936760e-04	7.771338e-03	6.863628e-03	4.429277e-03	2.434351e-03	9.974629e-04	-3.438831e-03	3.744467e-03	9.846611e-04	4.236797e-03	-3.252136e-03
266           	8.664824e-03	8.930897e-04	7.771734e-03	6.864814e-03	4.429587e-03	2.435227e-03	9.971798e-04	-3.439322e-03	3.744393e-03	9.846670e-04	4.236726e-03	-3.252059e-03
267           	8.664666e-03	8.925148e-04	7.772151e-03	6.866021e-03	4.429908e-03	2.436113e-03	9.968972e-04	-3.439818e-03	3.744318e-03	9.846834e-04	4.236660e-03	-3.251977e-03
268           	8.664546e-03	8.919544e-04	7.772592e-03	6.867251e-03	4.430242e-03	2.437009e-03	9.966164e-04	-3.440319e-03	3.744242e-03	9.847121e-04	4.236598e-03	-3.251886e-03
269           	8.664468e-03	8.914118e-04	7.773056e-03	6.868508e-03	4.430594e-03	2.437915e-03	9.963394e-04	-3.440822e-03	3.744165e-03	9.847543e-04	4.236542e-03	-3.251788e-03
270           	8.664434e-03	8.908902e-04	7.773544e-03	6.869793e-03	4.430965e-03	2.438829e-03	9.960680e-04	-3.441327e-03	3.744085e-03	9.848105e-04	4.236490e-03	-3.251680e-03
271           	8.664446e-03	8.903899e-04	7.774056e-03	6.871108e-03	4.431357e-03	2.439751e-03	9.958031e-04	-3.441833e-03	3.744004e-03	9.848803e-04	4.236444e-03	-3.251564e-03
272           	8.664499e-03	8.899096e-04	7.774590e-03	6.872452e-03	4.431771e-03	2.440681e-03	9.955454e-04	-3.442340e-03	3.743920e-03	9.849620e-04	4.236401e-03	-3.251439e-03
273           	8.664726e-03	8.895049e-04	7.775222e-03	6.873909e-03	4.432258e-03	2.441651e-03	9.953037e-04	-3.442858e-03	3.743830e-03	9.850801e-04	4.236370e-03	-3.251290e-03
274           	8.664553e-03	8.889049e-04	7.775648e-03	6.875210e-03	4.432636e-03	2.442574e-03	9.950311e-04	-3.443371e-03	3.743762e-03	9.850962e-04	4.236311e-03	-3.251214e-03
275           	8.664424e-03	8.883262e-04	7.776098e-03	6.876527e-03	4.433025e-03	2.443501e-03	9.947621e-04	-3.443886e-03	3.743693e-03	9.851233e-04	4.236255e-03	-3.251131e-03
276           	8.664286e-03	8.877408e-04	7.776546e-03	6.877853e-03	4.433421e-03	2.444432e-03	9.944943e-04	-3.444402e-03	3.743627e-03	9.851404e-04	4.236197e-03	-3.251056e-03
277           	8.664134e-03	8.871455e-04	7.776988e-03	6.879185e-03	4.433819e-03	2.445366e-03	9.942265e-04	-3.444921e-03	3.743564e-03	9.851425e-04	4.236135e-03	-3.250993e-03
278           	8.663980e-03	8.865352e-04	7.777445e-03	6.880644e-03	4.434298e-03	2.446346e-03	9.939759e-04	-3.445455e-03	3.743506e-03	9.851292e-04	4.236070e-03	-3.250941e-03
279           	8.663739e-03	8.858887e-04	7.777850e-03	6.881817e-03	4.434573e-03	2.447244e-03	9.936649e-04	-3.445981e-03	3.743456e-03	9.850815e-04	4.235997e-03	-3.250915e-03
280           	8.663470e-03	8.852953e-04	7.778175e-03	6.882807e-03	4.434786e-03	2.448021e-03	9.933826e-04	-3.446440e-03	3.743411e-03	9.850162e-04	4.235919e-03	-3.250903e-03
281           	8.663168e-03	8.845978e-04	7.778570e-03	6.883983e-03	4.435042e-03	2.448941e-03	9.930507e-04	-3.446986e-03	3.743372e-03	9.849354e-04	4.235839e-03	-3.250904e-03
282           	8.662833e-03	8.838826e-04	7.778951e-03	6.885140e-03	4.435283e-03	2.449857e-03	9.927132e-04	-3.447534e-03	3.743337e-03	9.848422e-04	4.235758e-03	-3.250916e-03
283           	8.662332e-03	8.830758e-04	7.779256e-03	6.886243e-03	4.435474e-03	2.450769e-03	9.923524e-04	-3.448090e-03	3.743311e-03	9.847137e-04	4.235668e-03	-3.250954e-03
284           	8.662225e-03	8.825470e-04	7.779678e-03	6.887288e-03	4.435711e-03	2.451578e-03	9.920664e-04	-3.448565e-03	3.743266e-03	9.846881e-04	4.235610e-03	-3.250922e-03
285           	8.662079e-03	8.819124e-04	7.780166e-03	6.888537e-03	4.436003e-03	2.452534e-03	9.917347e-04	-3.449127e-03	3.743224e-03	9.846552e-04	4.235552e-03	-3.250897e-03
286           	8.661940e-03	8.812845e-04	7.780656e-03	6.889775e-03	4.436290e-03	2.453485e-03	9.914027e-04	-3.449686e-03	3.743182e-03	9.846350e-04	4.235500e-03	-3.250865e-03
287           	8.661811e-03	8.806660e-04	7.781145e-03	6.890998e-03	4.436570e-03	2.454427e-03	9.910716e-04	-3.450240e-03	3.743138e-03	9.846312e-04	4.235454e-03	-3.250823e-03
288           	8.661654e-03	8.800270e-04	7.781627e-03	6.892130e-03	4.436775e-03	2.455354e-03	9.907104e-04	-3.450800e-03	3.743093e-03	9.846380e-04	4.235412e-03	-3.250774e-03
289           	8.661653e-03	8.795444e-04	7.782109e-03	6.893348e-03	4.437131e-03	2.456218e-03	9.904566e-04	-3.451282e-03	3.743038e-03	9.846971e-04	4.235387e-03	-3.250690e-03
290           	8.661678e-03	8.790632e-04	7.782615e-03	6.894616e-03	4.437509e-03	2.457107e-03	9.902012e-04	-3.451776e-03	3.742981e-03	9.847710e-04	4.235366e-03	-3.250595e-03
291           	8.661748e-03	8.785912e-04	7.783157e-03	6.895941e-03	4.437916e-03	2.458025e-03	9.899455e-04	-3.452283e-03	3.742920e-03	9.848624e-04	4.235351e-03	-3.250488e-03
292           	8.661860e-03	8.780425e-04	7.783817e-03	6.897525e-03	4.438410e-03	2.459116e-03	9.896470e-04	-3.452887e-03	3.742856e-03	9.849687e-04	4.235340e-03	-3.250371e-03
293           	8.662142e-03	8.775716e-04	7.784571e-03	6.899195e-03	4.438960e-03	2.460234e-03	9.893630e-04	-3.453499e-03	3.742784e-03	9.851100e-04	4.235339e-03	-3.250229e-03
294           	8.662050e-03	8.770095e-04	7.785040e-03	6.900486e-03	4.439337e-03	2.461149e-03	9.890939e-04	-3.454015e-03	3.742734e-03	9.851503e-04	4.235309e-03	-3.250159e-03
295           	8.662067e-03	8.764702e-04	7.785597e-03	6.901915e-03	4.439782e-03	2.462133e-03	9.888245e-04	-3.454564e-03	3.742679e-03	9.852106e-04	4.235285e-03	-3.250074e-03
296           	8.661891e-03	8.758450e-04	7.786046e-03	6.903159e-03	4.440104e-03	2.463055e-03	9.885244e-04	-3.455101e-03	3.742638e-03	9.852098e-04	4.235243e-03	-3.250033e-03
297           	8.661722e-03	8.752199e-04	7.786502e-03	6.904407e-03	4.440426e-03	2.463980e-03	9.882228e-04	-3.455641e-03	3.742599e-03	9.851968e-04	4.235198e-03	-3.250001e-03
298           	8.661538e-03	8.745816e-04	7.786957e-03	6.905660e-03	4.440748e-03	2.464912e-03	9.879180e-04	-3.456188e-03	3.742565e-03	9.851633e-04	4.235147e-03	-3.249984e-03
299           	8.661341e-03	8.739306e-04	7.787410e-03	6.906923e-03	4.441072e-03	2.465851e-03	9.876105e-04	-3.456740e-03	3.742537e-03	9.851102e-04	4.235092e-03	-3.249981e-03
300           	8.661129e-03	8.731904e-04	7.787939e-03	6.908372e-03	4.441448e-03	2.466924e-03	9.872622e-04	-3.457374e-03	3.742512e-03	9.850408e-04	4.235033e-03	-3.249992e-03
301           	8.660907e-03	8.725448e-04	7.788362e-03	6.909583e-03	4.441755e-03	2.467828e-03	9.869636e-04	-3.457909e-03	3.742493e-03	9.849600e-04	4.234973e-03	-3.250013e-03
302           	8.660587e-03	8.718203e-04	7.788767e-03	6.910891e-03	4.442102e-03	2.468789e-03	9.866562e-04	-3.458473e-03	3.742479e-03	9.848559e-04	4.234907e-03	-3.250051e-03
303           	8.660526e-03	8.712314e-04	7.789294e-03	6.912081e-03	4.442368e-03	2.469714e-03	9.863268e-04	-3.459031e-03	3.742452e-03	9.848195e-04	4.234862e-03	-3.250043e-03
304           	8.660444e-03	8.706387e-04	7.789805e-03	6.913239e-03	4.442616e-03	2.470624e-03	9.859962e-04	-3.459583e-03	3.742428e-03	9.847842e-04	4.234820e-03	-3.250036e-03
305           	8.660372e-03	8.700542e-04	7.790318e-03	6.914373e-03	4.442849e-03	2.471524e-03	9.856624e-04	-3.460132e-03	3.742402e-03	9.847644e-04	4.234785e-03	-3.250020e-03
306           	8.660293e-03	8.694365e-04	7.790857e-03	6.915497e-03	4.443042e-03	2.472455e-03	9.852932e-04	-3.460710e-03	3.742374e-03	9.847601e-04	4.234754e-03	-3.249994e-03
307           	8.660287e-03	8.688762e-04	7.791411e-03	6.916731e-03	4.443339e-03	2.473392e-03	9.849735e-04	-3.461267e-03	3.742341e-03	9.847900e-04	4.234736e-03	-3.249946e-03
308           	8.660294e-03	8.683250e-04	7.791969e-03	6.917955e-03	4.443632e-03	2.474323e-03	9.846546e-04	-3.461822e-03	3.742305e-03	9.848352e-04	4.234722e-03	-3.249887e-03
309           	8.660319e-03	8.677850e-04	7.792534e-03	6.919175e-03	4.443925e-03	2.475250e-03	9.843374e-04	-3.462374e-03	3.742266e-03	9.848942e-04	4.234713e-03	-3.249819e-03
310           	8.660410e-03	8.672487e-04	7.793161e-03	6.920408e-03	4.444195e-03	2.476214e-03	9.839906e-04	-3.462956e-03	3.742223e-03	9.849738e-04	4.234710e-03	-3.249736e-03
311           	8.660364e-03	8.666513e-04	7.793713e-03	6.921782e-03	4.444578e-03	2.477204e-03	9.836869e-04	-3.463531e-03	3.742188e-03	9.850195e-04	4.234697e-03	-3.249678e-03
312           	8.660346e-03	8.660714e-04	7.794275e-03	6.923155e-03	4.444965e-03	2.478190e-03	9.833878e-04	-3.464102e-03	3.742151e-03	9.850683e-04	4.234686e-03	-3.249617e-03
313           	8.660336e-03	8.654991e-04	7.794837e-03	6.924528e-03	4.445358e-03	2.479171e-03	9.830936e-04	-3.464669e-03	3.742116e-03	9.851104e-04	4.234671e-03	-3.249561e-03
314           	8.660331e-03	8.649320e-04	7.795399e-03	6.925902e-03	4.445754e-03	2.480148e-03	9.828029e-04	-3.465234e-03	3.742083e-03	9.851428e-04	4.234654e-03	-3.249511e-03
315           	8.660329e-03	8.643668e-04	7.795962e-03	6.927276e-03	4.446152e-03	2.481124e-03	9.825143e-04	-3.465798e-03	3.742052e-03	9.851641e-04	4.234634e-03	-3.249470e-03
316           	8.660325e-03	8.638006e-04	7.796525e-03	6.928649e-03	4.446551e-03	2.482098e-03	9.822266e-04	-3.466362e-03	3.742023e-03	9.851740e-04	4.234610e-03	-3.249436e-03
317           	8.660356e-03	8.632196e-04	7.797137e-03	6.930156e-03	4.447016e-03	2.483140e-03	9.819378e-04	-3.466959e-03	3.741995e-03	9.851814e-04	4.234586e-03	-3.249404e-03
318           	8.660237e-03	8.625778e-04	7.797659e-03	6.931451e-03	4.447340e-03	2.484111e-03	9.816143e-04	-3.467540e-03	3.741977e-03	9.851446e-04	4.234549e-03	-3.249405e-03
319           	8.660108e-03	8.619372e-04	7.798170e-03	6.932719e-03	4.447651e-03	2.485068e-03	9.812918e-04	-3.468117e-03	3.741962e-03	9.851031e-04	4.234513e-03	-3.249410e-03
320           	8.659953e-03	8.612907e-04	7.798662e-03	6.933958e-03	4.447949e-03	2.486008e-03	9.809705e-04	-3.468686e-03	3.741949e-03	9.850535e-04	4.234476e-03	-3.249422e-03
321           	8.659774e-03	8.606385e-04	7.799136e-03	6.935169e-03	4.448235e-03	2.486934e-03	9.806505e-04	-3.469249e-03	3.741939e-03	9.849973e-04	4.234438e-03	-3.249441e-03
322           	8.659574e-03	8.599819e-04	7.799592e-03	6.936356e-03	4.448510e-03	2.487846e-03	9.803321e-04	-3.469805e-03	3.741932e-03	9.849358e-04	4.234400e-03	-3.249464e-03
323           	8.659256e-03	8.592375e-04	7.800018e-03	6.937606e-03	4.448800e-03	2.488806e-03	9.799968e-04	-3.470390e-03	3.741930e-03	9.848510e-04	4.234356e-03	-3.249505e-03
324           	8.659225e-03	8.586438e-04	7.800582e-03	6.938824e-03	4.449073e-03	2.489751e-03	9.796608e-04	-3.470969e-03	3.741914e-03	9.848406e-04	4.234334e-03	-3.249494e-03
325           	8.659168e-03	8.580431e-04	7.801125e-03	6.940015e-03	4.449333e-03	2.490682e-03	9.793253e-04	-3.471541e-03	3.741900e-03	9.848240e-04	4.234312e-03	-3.249488e-03
326           	8.659120e-03	8.574509e-04	7.801669e-03	6.941189e-03	4.449584e-03	2.491605e-03	9.789893e-04	-3.472109e-03	3.741886e-03	9.848151e-04	4.234294e-03	-3.249479e-03
327           	8.659083e-03	8.568659e-04	7.802217e-03	6.942351e-03	4.449828e-03	2.492523e-03	9.786522e-04	-3.472676e-03	3.741871e-03	9.848164e-04	4.234279e-03	-3.249462e-03
328           	8.659057e-03	8.562878e-04	7.802770e-03	6.943507e-03	4.450068e-03	2.493439e-03	9.783143e-04	-3.473241e-03	3.741853e-03	9.848289e-04	4.234268e-03	-3.249439e-03
329           	8.659037e-03	8.556813e-04	7.803356e-03	6.944656e-03	4.450268e-03	2.494388e-03	9.779398e-04	-3.473837e-03	3.741833e-03	9.848522e-04	4.234260e-03	-3.249407e-03
330           	8.659069e-03	8.551144e-04	7.803955e-03	6.945991e-03	4.450621e-03	2.495370e-03	9.776256e-04	-3.474420e-03	3.741810e-03	9.848953e-04	4.234258e-03	-3.249362e-03
331           	8.659126e-03	8.545674e-04	7.804558e-03	6.947324e-03	4.450981e-03	2.496343e-03	9.773192e-04	-3.474995e-03	3.741785e-03	9.849477e-04	4.234259e-03	-3.249311e-03
332           	8.659211e-03	8.540433e-04	7.805167e-03	6.948656e-03	4.451350e-03	2.497306e-03	9.770223e-04	-3.475562e-03	3.741759e-03	9.850087e-04	4.234263e-03	-3.249254e-03
333           	8.659323e-03	8.535408e-04	7.805782e-03	6.949985e-03	4.451727e-03	2.498258e-03	9.767343e-04	-3.476121e-03	3.741731e-03	9.850758e-04	4.234269e-03	-3.249193e-03
334           	8.659457e-03	8.530572e-04	7.806400e-03	6.951308e-03	4.452108e-03	2.499200e-03	9.764542e-04	-3.476671e-03	3.741702e-03	9.851459e-04	4.234275e-03	-3.249129e-03
335           	8.659715e-03	8.526030e-04	7.807112e-03	6.952761e-03	4.452551e-03	2.500210e-03	9.761704e-04	-3.477255e-03	3.741668e-03	9.852379e-04	4.234287e-03	-3.249049e-03
336           	8.659638e-03	8.519868e-04	7.807651e-03	6.954079e-03	4.452900e-03	2.501178e-03	9.758610e-04	-3.477832e-03	3.741654e-03	9.852395e-04	4.234273e-03	-3.249034e-03
337           	8.659583e-03	8.513856e-04	7.808198e-03	6.955388e-03	4.453249e-03	2.502140e-03	9.755544e-04	-3.478406e-03	3.741638e-03	9.852427e-04	4.234260e-03	-3.249017e-03
338           	8.659508e-03	8.507764e-04	7.808732e-03	6.956687e-03	4.453593e-03	2.503095e-03	9.752490e-04	-3.478978e-03	3.741626e-03	9.852318e-04	4.234242e-03	-3.249010e-03
339           	8.659411e-03	8.501578e-04	7.809254e-03	6.957977e-03	4.453933e-03	2.504044e-03	9.749442e-04	-3.479548e-03	3.741618e-03	9.852048e-04	4.234220e-03	-3.249016e-03
340           	8.659291e-03	8.495305e-04	7.809761e-03	6.959252e-03	4.454266e-03	2.504986e-03	9.746401e-04	-3.480115e-03	3.741614e-03	9.851613e-04	4.234194e-03	-3.249033e-03
341           	8.659147e-03	8.488966e-04	7.810251e-03	6.960505e-03	4.454590e-03	2.505915e-03	9.743372e-04	-3.480677e-03	3.741613e-03	9.851025e-04	4.234165e-03	-3.249062e-03
342           	8.658980e-03	8.482580e-04	7.810722e-03	6.961728e-03	4.454899e-03	2.506828e-03	9.740355e-04	-3.481232e-03	3.741617e-03	9.850310e-04	4.234132e-03	-3.249101e-03
343           	8.658791e-03	8.476159e-04	7.811175e-03	6.962916e-03	4.455192e-03	2.507725e-03	9.737336e-04	-3.481780e-03	3.741623e-03	9.849506e-04	4.234098e-03	-3.249148e-03
344           	8.658472e-03	8.468725e-04	7.811599e-03	6.964207e-03	4.455520e-03	2.508687e-03	9.734167e-04	-3.482363e-03	3.741635e-03	9.848429e-04	4.234057e-03	-3.249214e-03
345           	8.658476e-03	8.462966e-04	7.812180e-03	6.965351e-03	4.455745e-03	2.509606e-03	9.730697e-04	-3.482942e-03	3.741631e-03	9.848201e-04	4.234041e-03	-3.249221e-03
346           	8.658452e-03	8.457164e-04	7.812735e-03	6.966438e-03	4.455939e-03	2.510499e-03	9.727199e-04	-3.483509e-03	3.741628e-03	9.847947e-04	4.234026e-03	-3.249231e-03
347           	8.658437e-03	8.451508e-04	7.813287e-03	6.967473e-03	4.456104e-03	2.511370e-03	9.723670e-04	-3.484068e-03	3.741625e-03	9.847826e-04	4.234016e-03	-3.249233e-03
348           	8.658411e-03	8.445548e-04	7.813856e-03	6.968433e-03	4.456185e-03	2.512248e-03	9.719684e-04	-3.484651e-03	3.741618e-03	9.847829e-04	4.234010e-03	-3.249227e-03
349           	8.658476e-03	8.440294e-04	7.814446e-03	6.969597e-03	4.456444e-03	2.513153e-03	9.716458e-04	-3.485208e-03	3.741606e-03	9.848203e-04	4.234016e-03	-3.249195e-03
350           	8.658555e-03	8.435228e-04	7.815032e-03	6.970733e-03	4.456695e-03	2.514038e-03	9.713287e-04	-3.485755e-03	3.741591e-03	9.848710e-04	4.234026e-03	-3.249155e-03
351           	8.658654e-03	8.430381e-04	7.815616e-03	6.971848e-03	4.456943e-03	2.514905e-03	9.710191e-04	-3.486289e-03	3.741573e-03	9.849349e-04	4.234041e-03	-3.249106e-03
352           	8.658833e-03	8.425624e-04	7.816270e-03	6.972957e-03	4.457151e-03	2.515805e-03	9.706730e-04	-3.486854e-03	3.741550e-03	9.850224e-04	4.234061e-03	-3.249039e-03
353           	8.658843e-03	8.420105e-04	7.816833e-03	6.974282e-03	4.457529e-03	2.516753e-03	9.703879e-04	-3.487411e-03	3.741535e-03	9.850691e-04	4.234069e-03	-3.249000e-03
354           	8.658888e-03	8.414802e-04	7.817408e-03	6.975615e-03	4.457917e-03	2.517698e-03	9.701096e-04	-3.487964e-03	3.741518e-03	9.851214e-04	4.234079e-03	-3.248958e-03
355           	8.658943e-03	8.409594e-04	7.817984e-03	6.976955e-03	4.458316e-03	2.518639e-03	9.698383e-04	-3.488512e-03	3.741502e-03	9.851686e-04	4.234087e-03	-3.248918e-03
356           	8.659007e-03	8.404457e-04	7.818561e-03	6.978301e-03	4.458723e-03	2.519578e-03	9.695724e-04	-3.489058e-03	3.741488e-03	9.852073e-04	4.234091e-03	-3.248884e-03
357           	8.659075e-03	8.399385e-04	7.819136e-03	6.979642e-03	4.459132e-03	2.520510e-03	9.693114e-04	-3.489599e-03	3.741475e-03	9.852353e-04	4.234093e-03	-3.248857e-03
358           	8.659140e-03	8.394360e-04	7.819704e-03	6.980970e-03	4.459540e-03	2.521430e-03	9.690550e-04	-3.490134e-03	3.741464e-03	9.852518e-04	4.234090e-03	-3.248838e-03
359           	8.659253e-03	8.389237e-04	7.820329e-03	6.982469e-03	4.460041e-03	2.522428e-03	9.688064e-04	-3.490703e-03	3.741453e-03	9.852670e-04	4.234087e-03	-3.248820e-03
360           	8.659159e-03	8.383240e-04	7.820835e-03	6.983642e-03	4.460317e-03	2.523324e-03	9.684963e-04	-3.491256e-03	3.741455e-03	9.852229e-04	4.234067e-03	-3.248844e-03
361           	8.659053e-03	8.377249e-04	7.821328e-03	6.984777e-03	4.460575e-03	2.524202e-03	9.681866e-04	-3.491801e-03	3.741459e-03	9.851728e-04	4.234046e-03	-3.248873e-03
362           	8.658911e-03	8.371178e-04	7.821793e-03	6.985868e-03	4.460812e-03	2.525057e-03	9.678776e-04	-3.492338e-03	3.741467e-03	9.851111e-04	4.234023e-03	-3.248911e-03
363           	8.658735e-03	8.365047e-04	7.822230e-03	6.986917e-03	4.461030e-03	2.525887e-03	9.675711e-04	-3.492863e-03	3.741478e-03	9.850389e-04	4.233997e-03	-3.248958e-03
364           	8.658530e-03	8.358886e-04	7.822641e-03	6.987925e-03	4.461231e-03	2.526695e-03	9.672679e-04	-3.493376e-03	3.741492e-03	9.849580e-04	4.233971e-03	-3.249013e-03
365           	8.658169e-03	8.351642e-04	7.823005e-03	6.988985e-03	4.461436e-03	2.527549e-03	9.669432e-04	-3.493920e-03	3.741513e-03	9.848448e-04	4.233935e-03	-3.249091e-03
366           	8.658179e-03	8.346315e-04	7.823547e-03	6.990035e-03	4.461640e-03	2.528395e-03	9.666225e-04	-3.494458e-03	3.741515e-03	9.848266e-04	4.233928e-03	-3.249101e-03
367           	8.658151e-03	8.340910e-04	7.824060e-03	6.991049e-03	4.461828e-03	2.529221e-03	9.663038e-04	-3.494984e-03	3.741520e-03	9.847991e-04	4.233919e-03	-3.249120e-03
368           	8.658132e-03	8.335637e-04	7.824568e-03	6.992034e-03	4.462003e-03	2.530030e-03	9.659864e-04	-3.495502e-03	3.741524e-03	9.847804e-04	4.233914e-03	-3.249134e-03
369           	8.658123e-03	8.330481e-04	7.825074e-03	6.992996e-03	4.462168e-03	2.530828e-03	9.656696e-04	-3.496013e-03	3.741527e-03	9.847742e-04	4.233914e-03	-3.249140e-03
370           	8.658093e-03	8.324894e-04	7.825603e-03	6.993922e-03	4.462267e-03	2.531655e-03	9.653062e-04	-3.496557e-03	3.741527e-03	9.847772e-04	4.233915e-03	-3.249138e-03
371           	8.658187e-03	8.320093e-04	7.826178e-03	6.995099e-03	4.462571e-03	2.532529e-03	9.650209e-04	-3.497084e-03	3.741518e-03	9.848236e-04	4.233930e-03	-3.249106e-03
372           	8.658304e-03	8.315469e-04	7.826757e-03	6.996278e-03	4.462882e-03	2.533396e-03	9.647427e-04	-3.497605e-03	3.741507e-03	9.848831e-04	4.233949e-03	-3.249066e-03
373           	8.658455e-03	8.311119e-04	7.827343e-03	6.997456e-03	4.463203e-03	2.534253e-03	9.644749e-04	-3.498116e-03	3.741493e-03	9.849582e-04	4.233972e-03	-3.249014e-03
374           	8.658640e-03	8.307052e-04	7.827935e-03	6.998626e-03	4.463531e-03	2.535095e-03	9.642183e-04	-3.498615e-03	3.741476e-03	9.850457e-04	4.233998e-03	-3.248953e-03
375           	8.658853e-03	8.303237e-04	7.828529e-03	6.999788e-03	4.463866e-03	2.535922e-03	9.639723e-04	-3.499103e-03	3.741456e-03	9.851412e-04	4.234027e-03	-3.248886e-03
376           	8.659222e-03	8.299844e-04	7.829237e-03	7.001071e-03	4.464253e-03	2.536818e-03	9.637175e-04	-3.499626e-03	3.741429e-03	9.852676e-04	4.234062e-03	-3.248795e-03
377           	8.659180e-03	8.294462e-04	7.829734e-03	7.002273e-03	4.464587e-03	2.537686e-03	9.634505e-04	-3.500144e-03	3.741424e-03	9.852850e-04	4.234066e-03	-3.248781e-03
378           	8.659172e-03	8.289326e-04	7.830239e-03	7.003464e-03	4.464923e-03	2.538541e-03	9.631908e-04	-3.500653e-03	3.741418e-03	9.853055e-04	4.234071e-03	-3.248765e-03
379           	8.659145e-03	8.284150e-04	7.830730e-03	7.004644e-03	4.465258e-03	2.539386e-03	9.629361e-04	-3.501157e-03	3.741415e-03	9.853089e-04	4.234070e-03	-3.248761e-03
380           	8.659095e-03	8.278908e-04	7.831204e-03	7.005811e-03	4.465591e-03	2.540220e-03	9.626852e-04	-3.501657e-03	3.741417e-03	9.852915e-04	4.234062e-03	-3.248771e-03
381           	8.659020e-03	8.273601e-04	7.831660e-03	7.006960e-03	4.465918e-03	2.541042e-03	9.624377e-04	-3.502150e-03	3.741423e-03	9.852521e-04	4.234049e-03	-3.248797e-03
382           	8.658881e-03	8.267670e-04	7.832114e-03	7.008268e-03	4.466331e-03	2.541937e-03	9.621974e-04	-3.502674e-03	3.741434e-03	9.851837e-04	4.234026e-03	-3.248842e-03
383           	8.658801e-03	8.262217e-04	7.832579e-03	7.009247e-03	4.466521e-03	2.542726e-03	9.618978e-04	-3.503179e-03	3.741446e-03	9.851191e-04	4.234005e-03	-3.248886e-03
384           	8.658680e-03	8.256703e-04	7.833010e-03	7.010169e-03	4.466684e-03	2.543484e-03	9.615998e-04	-3.503670e-03	3.741462e-03	9.850385e-04	4.233981e-03	-3.248943e-03
385           	8.658531e-03	8.251202e-04	7.833410e-03	7.011028e-03	4.466818e-03	2.544210e-03	9.613039e-04	-3.504145e-03	3.741481e-03	9.849507e-04	4.233956e-03	-3.249006e-03
386           	8.658354e-03	8.245715e-04	7.833783e-03	7.011833e-03	4.466927e-03	2.544907e-03	9.610101e-04	-3.504606e-03	3.741502e-03	9.848608e-04	4.233933e-03	-3.249072e-03
387           	8.658155e-03	8.240230e-04	7.834132e-03	7.012595e-03	4.467015e-03	2.545580e-03	9.607174e-04	-3.505054e-03	3.741524e-03	9.847729e-04	4.233911e-03	-3.249138e-03
388           	8.657788e-03	8.233530e-04	7.834435e-03	7.013326e-03	4.467037e-03	2.546289e-03	9.603741e-04	-3.505541e-03	3.741552e-03	9.846617e-04	4.233882e-03	-3.249221e-03
389           	8.657880e-03	8.229201e-04	7.834960e-03	7.014301e-03	4.467248e-03	2.547053e-03	9.600974e-04	-3.506020e-03	3.741553e-03	9.846782e-04	4.233892e-03	-3.249213e-03
390           	8.657952e-03	8.224801e-04	7.835472e-03	7.015274e-03	4.467459e-03	2.547815e-03	9.598221e-04	-3.506496e-03	3.741554e-03	9.846964e-04	4.233903e-03	-3.249206e-03
391           	8.658059e-03	8.220600e-04	7.835999e-03	7.016255e-03	4.467677e-03	2.548578e-03	9.595496e-04	-3.506970e-03	3.741552e-03	9.847358e-04	4.233920e-03	-3.249184e-03
392           	8.658204e-03	8.216613e-04	7.836542e-03	7.017243e-03	4.467902e-03	2.549341e-03	9.592805e-04	-3.507441e-03	3.741546e-03	9.847978e-04	4.233944e-03	-3.249147e-03
393           	8.658384e-03	8.212864e-04	7.837098e-03	7.018233e-03	4.468134e-03	2.550099e-03	9.590177e-04	-3.507906e-03	3.741534e-03	9.848807e-04	4.233975e-03	-3.249094e-03
394           	8.658600e-03	8.209376e-04	7.837662e-03	7.019225e-03	4.468377e-03	2.550848e-03	9.587645e-04	-3.508362e-03	3.741519e-03	9.849811e-04	4.234009e-03	-3.249028e-03
395           	8.658845e-03	8.206131e-04	7.838232e-03	7.020224e-03	4.468635e-03	2.551589e-03	9.585228e-04	-3.508809e-03	3.741500e-03	9.850944e-04	4.234047e-03	-3.248953e-03
396           	8.659265e-03	8.203355e-04	7.838929e-03	7.021317e-03	4.468918e-03	2.552398e-03	9.582602e-04	-3.509297e-03	3.741471e-03	9.852461e-04	4.234094e-03	-3.248848e-03
397           	8.659245e-03	8.198500e-04	7.839395e-03	7.022485e-03	4.469272e-03	2.553213e-03	9.580295e-04	-3.509773e-03	3.741466e-03	9.852830e-04	4.234107e-03	-3.248824e-03
398           	8.659275e-03	8.194018e-04	7.839873e-03	7.023660e-03	4.469645e-03	2.554015e-03	9.578151e-04	-3.510236e-03	3.741458e-03	9.853265e-04	4.234122e-03	-3.248795e-03
399           	8.659297e-03	8.189609e-04	7.840336e-03	7.024837e-03	4.470034e-03	2.554803e-03	9.576154e-04	-3.510688e-03	3.741454e-03	9.853537e-04	4.234130e-03	-3.248777e-03
400           	8.659343e-03	8.185014e-04	7.840842e-03	7.026229e-03	4.470551e-03	2.555677e-03	9.574370e-04	-3.511170e-03	3.741450e-03	9.853654e-04	4.234133e-03	-3.248768e-03
401           	8.659239e-03	8.179959e-04	7.841243e-03	7.027225e-03	4.470808e-03	2.556418e-03	9.571950e-04	-3.511624e-03	3.741460e-03	9.853197e-04	4.234120e-03	-3.248800e-03
402           	8.659118e-03	8.174958e-04	7.841622e-03	7.028186e-03	4.471054e-03	2.557132e-03	9.569609e-04	-3.512063e-03	3.741474e-03	9.852536e-04	4.234101e-03	-3.248847e-03
403           	8.658964e-03	8.169941e-04	7.841970e-03	7.029101e-03	4.471284e-03	2.557817e-03	9.567332e-04	-3.512488e-03	3.741493e-03	9.851654e-04	4.234076e-03	-3.248911e-03
404           	8.658778e-03	8.164877e-04	7.842290e-03	7.029979e-03	4.471500e-03	2.558479e-03	9.565101e-04	-3.512901e-03	3.741518e-03	9.850598e-04	4.234048e-03	-3.248988e-03
