# Force and moment coefficients
# dragDir     : (1.000000e+00 0.000000e+00 0.000000e+00)
# sideDir     : (0.000000e+00 0.000000e+00 -1.000000e+00)
# liftDir     : (0.000000e+00 1.000000e+00 0.000000e+00)
# rollAxis    : (1.000000e+00 0.000000e+00 0.000000e+00)
# pitchAxis   : (0.000000e+00 0.000000e+00 -1.000000e+00)
# yawAxis     : (0.000000e+00 1.000000e+00 0.000000e+00)
# magUInf     : 6.661800e+00
# lRef        : 1.499270e-01
# Aref        : 5.000000e-02
# CofR        : (3.750000e-02 0.000000e+00 0.000000e+00)
#
# Time        	Cd            	Cd(f)         	Cd(r)         	Cl            	Cl(f)         	Cl(r)         	CmPitch       	CmRoll        	CmYaw         	Cs            	Cs(f)         	Cs(r)         
1             	2.056409e-01	1.004722e-01	1.051687e-01	3.953153e-03	-2.623874e-03	6.577028e-03	-4.600451e-03	-2.348231e-03	1.367455e-01	3.873994e-02	1.561155e-01	-1.173756e-01
2             	1.644028e-01	8.039590e-02	8.400693e-02	3.104041e-03	-2.114624e-03	5.218665e-03	-3.666645e-03	-1.805515e-03	1.179951e-01	4.856331e-02	1.422768e-01	-9.371348e-02
3             	1.329200e-01	6.540435e-02	6.751569e-02	1.890700e-03	-1.303619e-03	3.194320e-03	-2.248970e-03	-1.055667e-03	9.872341e-02	4.762437e-02	1.225356e-01	-7.491122e-02
4             	1.053650e-01	5.239348e-02	5.297155e-02	6.343629e-04	-4.134262e-04	1.047789e-03	-7.306076e-04	-2.890318e-04	7.749838e-02	3.886506e-02	9.693091e-02	-5.806586e-02
5             	8.043724e-02	4.057965e-02	3.985760e-02	-4.336347e-04	3.790433e-04	-8.126780e-04	5.958606e-04	3.610268e-04	5.566914e-02	2.581713e-02	6.857771e-02	-4.276057e-02
6             	5.882687e-02	3.022523e-02	2.860163e-02	-1.167219e-03	9.494039e-04	-2.116623e-03	1.533013e-03	8.118003e-04	3.557945e-02	1.190824e-02	4.153357e-02	-2.962533e-02
7             	4.162515e-02	2.185342e-02	1.977172e-02	-1.523440e-03	1.244973e-03	-2.768413e-03	2.006693e-03	1.040850e-03	1.933567e-02	-1.492103e-04	1.926106e-02	-1.941027e-02
8             	2.951000e-02	1.582304e-02	1.368695e-02	-1.534033e-03	1.273610e-03	-2.807643e-03	2.040627e-03	1.068045e-03	8.189291e-03	-8.676259e-03	3.851161e-03	-1.252742e-02
9             	2.243672e-02	1.216465e-02	1.027207e-02	-1.290093e-03	1.094622e-03	-2.384715e-03	1.739668e-03	9.462854e-04	2.342575e-03	-1.308145e-02	-4.198148e-03	-8.883298e-03
10            	1.969422e-02	1.058622e-02	9.107997e-03	-9.037172e-04	7.917626e-04	-1.695480e-03	1.243621e-03	7.391127e-04	1.108726e-03	-1.367539e-02	-5.728967e-03	-7.946418e-03
11            	2.012394e-02	1.057044e-02	9.553499e-03	-4.851478e-04	4.537794e-04	-9.389272e-04	6.963533e-04	5.084727e-04	3.217820e-03	-1.137611e-02	-2.470233e-03	-8.905874e-03
12            	2.240639e-02	1.150504e-02	1.090135e-02	-1.196192e-04	1.542037e-04	-2.738229e-04	2.140133e-04	3.018487e-04	7.182584e-03	-7.375510e-03	3.494829e-03	-1.087034e-02
13            	2.532272e-02	1.280870e-02	1.251402e-02	1.427750e-04	-5.928554e-05	2.020605e-04	-1.306730e-04	1.473428e-04	1.162183e-02	-2.843410e-03	1.020012e-02	-1.304353e-02
14            	2.792996e-02	1.401961e-02	1.391035e-02	2.864447e-04	-1.673833e-04	4.538279e-04	-3.106056e-04	5.462842e-05	1.547418e-02	1.277607e-03	1.611298e-02	-1.483538e-02
15            	2.964586e-02	1.484310e-02	1.480276e-02	3.206509e-04	-1.746696e-04	4.953205e-04	-3.349951e-04	2.016768e-05	1.810063e-02	4.381426e-03	2.029134e-02	-1.590992e-02
16            	3.024868e-02	1.515580e-02	1.509288e-02	2.722711e-04	-1.039522e-04	3.762233e-04	-2.400878e-04	3.145651e-05	1.928503e-02	6.216535e-03	2.239330e-02	-1.617676e-02
17            	2.980934e-02	1.497707e-02	1.483227e-02	1.747129e-04	1.255079e-05	1.621621e-04	-7.480565e-05	7.239870e-05	1.915238e-02	6.831741e-03	2.256825e-02	-1.573651e-02
18            	2.858940e-02	1.442158e-02	1.416782e-02	6.021048e-05	1.411921e-04	-8.098162e-05	1.110869e-04	1.268804e-04	1.804688e-02	6.481332e-03	2.128754e-02	-1.480621e-02
19            	2.693072e-02	1.364844e-02	1.328228e-02	-4.775892e-05	2.551142e-04	-3.028731e-04	2.789936e-04	1.830813e-04	1.639868e-02	5.517493e-03	1.915743e-02	-1.363993e-02
20            	2.516348e-02	1.281557e-02	1.234791e-02	-1.357954e-04	3.374633e-04	-4.732587e-04	4.053610e-04	2.338305e-04	1.461529e-02	4.296163e-03	1.676338e-02	-1.246721e-02
21            	2.354653e-02	1.204907e-02	1.149747e-02	-1.991836e-04	3.818473e-04	-5.810309e-04	4.814391e-04	2.757997e-04	1.301125e-02	3.111548e-03	1.456703e-02	-1.145548e-02
22            	2.223739e-02	1.142725e-02	1.081014e-02	-2.397869e-04	3.909945e-04	-6.307814e-04	5.108880e-04	3.085543e-04	1.177403e-02	2.160094e-03	1.285408e-02	-1.069398e-02
23            	2.129199e-02	1.097923e-02	1.031276e-02	-2.631518e-04	3.738534e-04	-6.370052e-04	5.054293e-04	3.332363e-04	1.096580e-02	1.534139e-03	1.173287e-02	-1.019873e-02
24            	2.068462e-02	1.069414e-02	9.990482e-03	-2.762039e-04	3.425031e-04	-6.187070e-04	4.806050e-04	3.518286e-04	1.054941e-02	1.237167e-03	1.116800e-02	-9.930830e-03
25            	2.033818e-02	1.053490e-02	9.803279e-03	-2.846465e-04	3.085922e-04	-5.932387e-04	4.509154e-04	3.658089e-04	1.042638e-02	1.211308e-03	1.103203e-02	-9.820724e-03
26            	2.015657e-02	1.045387e-02	9.702702e-03	-2.913217e-04	2.807936e-04	-5.721153e-04	4.264544e-04	3.755828e-04	1.047748e-02	1.368840e-03	1.116190e-02	-9.793057e-03
27            	2.004949e-02	1.040572e-02	9.643769e-03	-2.968739e-04	2.640482e-04	-5.609222e-04	4.124852e-04	3.809757e-04	1.059284e-02	1.618279e-03	1.140198e-02	-9.783696e-03
28            	1.994833e-02	1.035587e-02	9.592458e-03	-3.006068e-04	2.595820e-04	-5.601888e-04	4.098854e-04	3.817082e-04	1.069094e-02	1.882934e-03	1.163240e-02	-9.749471e-03
29            	1.981307e-02	1.028424e-02	9.528823e-03	-3.012321e-04	2.655572e-04	-5.667894e-04	4.161733e-04	3.777095e-04	1.072649e-02	2.110943e-03	1.178196e-02	-9.671022e-03
30            	1.963059e-02	1.018465e-02	9.445944e-03	-2.975986e-04	2.781600e-04	-5.757586e-04	4.269593e-04	3.693517e-04	1.068769e-02	2.276766e-03	1.182608e-02	-9.549310e-03
31            	1.940758e-02	1.006148e-02	9.346108e-03	-2.894989e-04	2.930200e-04	-5.825190e-04	4.377695e-04	3.576836e-04	1.058674e-02	2.376690e-03	1.177509e-02	-9.398398e-03
32            	1.916126e-02	9.925065e-03	9.236200e-03	-2.780359e-04	3.064108e-04	-5.844467e-04	4.454288e-04	3.444329e-04	1.044806e-02	2.421372e-03	1.165874e-02	-9.237369e-03
33            	1.891103e-02	9.787172e-03	9.123856e-03	-2.652822e-04	3.158801e-04	-5.811624e-04	4.485213e-04	3.316579e-04	1.029770e-02	2.428077e-03	1.151174e-02	-9.083660e-03
34            	1.867235e-02	9.657500e-03	9.014854e-03	-2.537178e-04	3.204646e-04	-5.741825e-04	4.473235e-04	3.213232e-04	1.015592e-02	2.414311e-03	1.136308e-02	-8.948765e-03
35            	1.845373e-02	9.541777e-03	8.911950e-03	-2.456175e-04	3.205298e-04	-5.661473e-04	4.433386e-04	3.149135e-04	1.003351e-02	2.393731e-03	1.123037e-02	-8.836642e-03
36            	1.825637e-02	9.441394e-03	8.814972e-03	-2.426064e-04	3.174036e-04	-5.600100e-04	4.387068e-04	3.132114e-04	9.931688e-03	2.374463e-03	1.111892e-02	-8.744457e-03
37            	1.807593e-02	9.354277e-03	8.721656e-03	-2.455021e-04	3.129604e-04	-5.584626e-04	4.357115e-04	3.163108e-04	9.844563e-03	2.359439e-03	1.102428e-02	-8.664844e-03
38            	1.790552e-02	9.276285e-03	8.629238e-03	-2.539976e-04	3.089822e-04	-5.629799e-04	4.359811e-04	3.235235e-04	9.763067e-03	2.348056e-03	1.093710e-02	-8.589039e-03
39            	1.773852e-02	9.202762e-03	8.535755e-03	-2.667118e-04	3.067127e-04	-5.734245e-04	4.400686e-04	3.335034e-04	9.678716e-03	2.338211e-03	1.084782e-02	-8.509610e-03
40            	1.757058e-02	9.129866e-03	8.440718e-03	-2.816136e-04	3.067112e-04	-5.883248e-04	4.475180e-04	3.445744e-04	9.586204e-03	2.327968e-03	1.075019e-02	-8.422220e-03
41            	1.740059e-02	9.055349e-03	8.345244e-03	-2.964558e-04	3.088586e-04	-6.053144e-04	4.570865e-04	3.550522e-04	9.484533e-03	2.316572e-03	1.064282e-02	-8.326246e-03
42            	1.723043e-02	8.978739e-03	8.251688e-03	-3.091951e-04	3.125046e-04	-6.216997e-04	4.671022e-04	3.635254e-04	9.376723e-03	2.304715e-03	1.052908e-02	-8.224366e-03
43            	1.706401e-02	8.901044e-03	8.162968e-03	-3.182945e-04	3.166890e-04	-6.349835e-04	4.758362e-04	3.690379e-04	9.268502e-03	2.294197e-03	1.041560e-02	-8.121403e-03
44            	1.690592e-02	8.824151e-03	8.081768e-03	-3.229384e-04	3.204103e-04	-6.433487e-04	4.818795e-04	3.711914e-04	9.166432e-03	2.287205e-03	1.031003e-02	-8.022829e-03
45            	1.676000e-02	8.750147e-03	8.009856e-03	-3.230968e-04	3.228643e-04	-6.459611e-04	4.844127e-04	3.701456e-04	9.076088e-03	2.285528e-03	1.021885e-02	-7.933324e-03
46            	1.662842e-02	8.680718e-03	7.947698e-03	-3.194229e-04	3.235841e-04	-6.430070e-04	4.832955e-04	3.665101e-04	9.000745e-03	2.289965e-03	1.014573e-02	-7.855762e-03
47            	1.651120e-02	8.616775e-03	7.894425e-03	-3.130408e-04	3.224864e-04	-6.355272e-04	4.790068e-04	3.611752e-04	8.940818e-03	2.300084e-03	1.009086e-02	-7.790776e-03
48            	1.640639e-02	8.558316e-03	7.848071e-03	-3.052874e-04	3.198309e-04	-6.251182e-04	4.724746e-04	3.551222e-04	8.894021e-03	2.314318e-03	1.005118e-02	-7.736862e-03
49            	1.631062e-02	8.504570e-03	7.806052e-03	-2.974718e-04	3.161275e-04	-6.135994e-04	4.648634e-04	3.492587e-04	8.856136e-03	2.330352e-03	1.002131e-02	-7.690961e-03
50            	1.621997e-02	8.454273e-03	7.765695e-03	-2.906719e-04	3.120048e-04	-6.026768e-04	4.573408e-04	3.442887e-04	8.822108e-03	2.345664e-03	9.994940e-03	-7.649276e-03
51            	1.613076e-02	8.406022e-03	7.724740e-03	-2.856051e-04	3.080770e-04	-5.936822e-04	4.508796e-04	3.406411e-04	8.787170e-03	2.358074e-03	9.966207e-03	-7.608133e-03
52            	1.604029e-02	8.358595e-03	7.681694e-03	-2.825751e-04	3.048318e-04	-5.874069e-04	4.461194e-04	3.384507e-04	8.747759e-03	2.366155e-03	9.930837e-03	-7.564682e-03
53            	1.594717e-02	8.311180e-03	7.635991e-03	-2.815042e-04	3.025632e-04	-5.840673e-04	4.433152e-04	3.375943e-04	8.702058e-03	2.369456e-03	9.886786e-03	-7.517330e-03
54            	1.585141e-02	8.263471e-03	7.587943e-03	-2.820216e-04	3.013513e-04	-5.833730e-04	4.423622e-04	3.377638e-04	8.650075e-03	2.368466e-03	9.834308e-03	-7.465842e-03
55            	1.575417e-02	8.215640e-03	7.538527e-03	-2.835887e-04	3.010877e-04	-5.846764e-04	4.428821e-04	3.385566e-04	8.593360e-03	2.364410e-03	9.775565e-03	-7.411155e-03
56            	1.565729e-02	8.168202e-03	7.489087e-03	-2.856146e-04	3.015230e-04	-5.871376e-04	4.443303e-04	3.395577e-04	8.534444e-03	2.358904e-03	9.713895e-03	-7.354992e-03
57            	1.556284e-02	8.121827e-03	7.441016e-03	-2.875582e-04	3.023306e-04	-5.898888e-04	4.461097e-04	3.404053e-04	8.476176e-03	2.353592e-03	9.652972e-03	-7.299380e-03
58            	1.547263e-02	8.077150e-03	7.395478e-03	-2.890024e-04	3.031726e-04	-5.921750e-04	4.476738e-04	3.408358e-04	8.421107e-03	2.349818e-03	9.596016e-03	-7.246198e-03
59            	1.538784e-02	8.034618e-03	7.353221e-03	-2.896870e-04	3.037543e-04	-5.934413e-04	4.485978e-04	3.406988e-04	8.371025e-03	2.348412e-03	9.545231e-03	-7.196820e-03
60            	1.530890e-02	7.994408e-03	7.314496e-03	-2.895167e-04	3.038645e-04	-5.933812e-04	4.486229e-04	3.399562e-04	8.326720e-03	2.349601e-03	9.501520e-03	-7.151920e-03
61            	1.523551e-02	7.956394e-03	7.279116e-03	-2.885048e-04	3.033754e-04	-5.918801e-04	4.476278e-04	3.386390e-04	8.287992e-03	2.353070e-03	9.464527e-03	-7.111457e-03
62            	1.516675e-02	7.920204e-03	7.246550e-03	-2.867497e-04	3.022489e-04	-5.889985e-04	4.456237e-04	3.368272e-04	8.253840e-03	2.358104e-03	9.432892e-03	-7.074787e-03
63            	1.510140e-02	7.885319e-03	7.216082e-03	-2.843891e-04	3.005212e-04	-5.849103e-04	4.427157e-04	3.346189e-04	8.222778e-03	2.363793e-03	9.404674e-03	-7.040881e-03
64            	1.503815e-02	7.851187e-03	7.186966e-03	-2.815717e-04	2.982847e-04	-5.798564e-04	4.390706e-04	3.321105e-04	8.193188e-03	2.369234e-03	9.377805e-03	-7.008571e-03
65            	1.497590e-02	7.817328e-03	7.158574e-03	-2.784208e-04	2.956589e-04	-5.740797e-04	4.348693e-04	3.293773e-04	8.163650e-03	2.373717e-03	9.350509e-03	-6.976792e-03
66            	1.491389e-02	7.783420e-03	7.130472e-03	-2.750311e-04	2.927728e-04	-5.678040e-04	4.302884e-04	3.264736e-04	8.133166e-03	2.376822e-03	9.321577e-03	-6.944755e-03
67            	1.485177e-02	7.749322e-03	7.102449e-03	-2.714697e-04	2.897501e-04	-5.612197e-04	4.254849e-04	3.234365e-04	8.101258e-03	2.378456e-03	9.290486e-03	-6.912030e-03
68            	1.478960e-02	7.715097e-03	7.074499e-03	-2.677894e-04	2.867018e-04	-5.544912e-04	4.205965e-04	3.202989e-04	8.067962e-03	2.378814e-03	9.257369e-03	-6.878555e-03
69            	1.472773e-02	7.680958e-03	7.046771e-03	-2.640367e-04	2.837175e-04	-5.477543e-04	4.157359e-04	3.170933e-04	8.033727e-03	2.378297e-03	9.222875e-03	-6.844578e-03
70            	1.466670e-02	7.647211e-03	7.019492e-03	-2.602615e-04	2.808655e-04	-5.411271e-04	4.109963e-04	3.138597e-04	7.999241e-03	2.377394e-03	9.187938e-03	-6.810544e-03
71            	1.460708e-02	7.614185e-03	6.992890e-03	-2.565212e-04	2.781927e-04	-5.347138e-04	4.064533e-04	3.106471e-04	7.965254e-03	2.376576e-03	9.153543e-03	-6.776966e-03
72            	1.454931e-02	7.582165e-03	6.967146e-03	-2.528773e-04	2.757252e-04	-5.286025e-04	4.021639e-04	3.075095e-04	7.932420e-03	2.376210e-03	9.120525e-03	-6.744315e-03
73            	1.449370e-02	7.551348e-03	6.942352e-03	-2.493881e-04	2.734689e-04	-5.228571e-04	3.981630e-04	3.044980e-04	7.901182e-03	2.376500e-03	9.089432e-03	-6.712932e-03
74            	1.444032e-02	7.521811e-03	6.918506e-03	-2.460991e-04	2.714112e-04	-5.175104e-04	3.944608e-04	3.016528e-04	7.871726e-03	2.377480e-03	9.060466e-03	-6.682986e-03
75            	1.438905e-02	7.493517e-03	6.895531e-03	-2.430302e-04	2.695200e-04	-5.125501e-04	3.910350e-04	2.989927e-04	7.843994e-03	2.379038e-03	9.033513e-03	-6.654474e-03
76            	1.433963e-02	7.466325e-03	6.873303e-03	-2.401701e-04	2.677479e-04	-5.079181e-04	3.878330e-04	2.965111e-04	7.817727e-03	2.380958e-03	9.008206e-03	-6.627248e-03
77            	1.429171e-02	7.440029e-03	6.851681e-03	-2.374758e-04	2.660361e-04	-5.035119e-04	3.847740e-04	2.941744e-04	7.792555e-03	2.382982e-03	8.984046e-03	-6.601064e-03
78            	1.424494e-02	7.414396e-03	6.830546e-03	-2.348758e-04	2.643187e-04	-4.991945e-04	3.817566e-04	2.919248e-04	7.768082e-03	2.384863e-03	8.960513e-03	-6.575650e-03
79            	1.419903e-02	7.389201e-03	6.809825e-03	-2.322787e-04	2.625292e-04	-4.948079e-04	3.786686e-04	2.896879e-04	7.743965e-03	2.386418e-03	8.937174e-03	-6.550756e-03
80            	1.415376e-02	7.364265e-03	6.789491e-03	-2.295925e-04	2.606113e-04	-4.902038e-04	3.754076e-04	2.873865e-04	7.719964e-03	2.387546e-03	8.913737e-03	-6.526191e-03
81            	1.410903e-02	7.339468e-03	6.769567e-03	-2.267338e-04	2.585225e-04	-4.852563e-04	3.718894e-04	2.849501e-04	7.695970e-03	2.388238e-03	8.890089e-03	-6.501851e-03
82            	1.406487e-02	7.314759e-03	6.750115e-03	-2.236375e-04	2.562367e-04	-4.798742e-04	3.680555e-04	2.823222e-04	7.672000e-03	2.388566e-03	8.866283e-03	-6.477717e-03
83            	1.402136e-02	7.290152e-03	6.731206e-03	-2.202713e-04	2.537518e-04	-4.740231e-04	3.638874e-04	2.794729e-04	7.648166e-03	2.388654e-03	8.842493e-03	-6.453839e-03
84            	1.397862e-02	7.265711e-03	6.712909e-03	-2.166385e-04	2.510871e-04	-4.677255e-04	3.594063e-04	2.764008e-04	7.624634e-03	2.388647e-03	8.818958e-03	-6.430311e-03
85            	1.393679e-02	7.241527e-03	6.695265e-03	-2.127748e-04	2.482801e-04	-4.610549e-04	3.546675e-04	2.731310e-04	7.601582e-03	2.388684e-03	8.795924e-03	-6.407240e-03
86            	1.389598e-02	7.217705e-03	6.678279e-03	-2.087448e-04	2.453829e-04	-4.541277e-04	3.497553e-04	2.697127e-04	7.579156e-03	2.388869e-03	8.773591e-03	-6.384722e-03
87            	1.385626e-02	7.194338e-03	6.661922e-03	-2.046265e-04	2.424524e-04	-4.470789e-04	3.447656e-04	2.662079e-04	7.557454e-03	2.389260e-03	8.752085e-03	-6.362824e-03
88            	1.381763e-02	7.171498e-03	6.646129e-03	-2.005037e-04	2.395446e-04	-4.400483e-04	3.397964e-04	2.626846e-04	7.536506e-03	2.389867e-03	8.731440e-03	-6.341573e-03
89            	1.378004e-02	7.149228e-03	6.630816e-03	-1.964521e-04	2.367071e-04	-4.331593e-04	3.349332e-04	2.592061e-04	7.516280e-03	2.390655e-03	8.711607e-03	-6.320952e-03
90            	1.374342e-02	7.127538e-03	6.615887e-03	-1.925339e-04	2.339763e-04	-4.265102e-04	3.302432e-04	2.558256e-04	7.496692e-03	2.391559e-03	8.692471e-03	-6.300913e-03
91            	1.370767e-02	7.106408e-03	6.601259e-03	-1.887814e-04	2.313683e-04	-4.201497e-04	3.257590e-04	2.525747e-04	7.477638e-03	2.392499e-03	8.673887e-03	-6.281388e-03
92            	1.367266e-02	7.085800e-03	6.586865e-03	-1.852056e-04	2.288852e-04	-4.140908e-04	3.214880e-04	2.494678e-04	7.459005e-03	2.393401e-03	8.655706e-03	-6.262305e-03
93            	1.363832e-02	7.065661e-03	6.572662e-03	-1.817935e-04	2.265137e-04	-4.083073e-04	3.174105e-04	2.464996e-04	7.440697e-03	2.394205e-03	8.637800e-03	-6.243595e-03
94            	1.360457e-02	7.045937e-03	6.558638e-03	-1.785133e-04	2.242293e-04	-4.027426e-04	3.134860e-04	2.436495e-04	7.422646e-03	2.394875e-03	8.620083e-03	-6.225209e-03
95            	1.357138e-02	7.026576e-03	6.544806e-03	-1.753201e-04	2.220001e-04	-3.973202e-04	3.096601e-04	2.408846e-04	7.404820e-03	2.395401e-03	8.602520e-03	-6.207119e-03
96            	1.353874e-02	7.007535e-03	6.531201e-03	-1.721640e-04	2.197917e-04	-3.919557e-04	3.058737e-04	2.381666e-04	7.387220e-03	2.395800e-03	8.585120e-03	-6.189320e-03
97            	1.350665e-02	6.988784e-03	6.517868e-03	-1.689982e-04	2.175734e-04	-3.865716e-04	3.020725e-04	2.354579e-04	7.369878e-03	2.396105e-03	8.567930e-03	-6.171825e-03
98            	1.347516e-02	6.970307e-03	6.504852e-03	-1.657859e-04	2.153213e-04	-3.811072e-04	2.982142e-04	2.327272e-04	7.352839e-03	2.396360e-03	8.551019e-03	-6.154658e-03
99            	1.344429e-02	6.952098e-03	6.492193e-03	-1.625037e-04	2.130207e-04	-3.755243e-04	2.942725e-04	2.299524e-04	7.336155e-03	2.396611e-03	8.534460e-03	-6.137850e-03
100           	1.341408e-02	6.934162e-03	6.479917e-03	-1.591428e-04	2.106668e-04	-3.698096e-04	2.902382e-04	2.271226e-04	7.319873e-03	2.396894e-03	8.518320e-03	-6.121426e-03
101           	1.338454e-02	6.916512e-03	6.468028e-03	-1.557146e-04	2.082673e-04	-3.639819e-04	2.861246e-04	2.242417e-04	7.304021e-03	2.397236e-03	8.502639e-03	-6.105403e-03
102           	1.335568e-02	6.899154e-03	6.456526e-03	-1.522279e-04	2.058296e-04	-3.580576e-04	2.819436e-04	2.213140e-04	7.288617e-03	2.397650e-03	8.487442e-03	-6.089792e-03
103           	1.332749e-02	6.882101e-03	6.445390e-03	-1.487066e-04	2.033701e-04	-3.520768e-04	2.777234e-04	2.183556e-04	7.273657e-03	2.398135e-03	8.472724e-03	-6.074589e-03
104           	1.329995e-02	6.865360e-03	6.434588e-03	-1.451779e-04	2.009071e-04	-3.460850e-04	2.734961e-04	2.153860e-04	7.259119e-03	2.398679e-03	8.458459e-03	-6.059779e-03
105           	1.327302e-02	6.848935e-03	6.424083e-03	-1.416687e-04	1.984585e-04	-3.401272e-04	2.692929e-04	2.124258e-04	7.244971e-03	2.399264e-03	8.444603e-03	-6.045340e-03
106           	1.324668e-02	6.832831e-03	6.413844e-03	-1.382022e-04	1.960392e-04	-3.342414e-04	2.651403e-04	2.094932e-04	7.231180e-03	2.399863e-03	8.431111e-03	-6.031248e-03
107           	1.322087e-02	6.817037e-03	6.403836e-03	-1.347909e-04	1.936587e-04	-3.284496e-04	2.610542e-04	2.066005e-04	7.217705e-03	2.400460e-03	8.417935e-03	-6.017475e-03
108           	1.319558e-02	6.801552e-03	6.394030e-03	-1.314499e-04	1.913272e-04	-3.227770e-04	2.570521e-04	2.037612e-04	7.204513e-03	2.401036e-03	8.405031e-03	-6.003995e-03
109           	1.317077e-02	6.786372e-03	6.384401e-03	-1.281895e-04	1.890514e-04	-3.172409e-04	2.531461e-04	2.009852e-04	7.191578e-03	2.401580e-03	8.392368e-03	-5.990787e-03
110           	1.314644e-02	6.771485e-03	6.374950e-03	-1.249983e-04	1.868252e-04	-3.118236e-04	2.493244e-04	1.982676e-04	7.178890e-03	2.402093e-03	8.379936e-03	-5.977844e-03
111           	1.312256e-02	6.756885e-03	6.365675e-03	-1.218686e-04	1.846440e-04	-3.065126e-04	2.455783e-04	1.956047e-04	7.166446e-03	2.402576e-03	8.367735e-03	-5.965158e-03
112           	1.309914e-02	6.742562e-03	6.356582e-03	-1.187900e-04	1.825010e-04	-3.012910e-04	2.418960e-04	1.929901e-04	7.154250e-03	2.403038e-03	8.355769e-03	-5.952731e-03
113           	1.307619e-02	6.728511e-03	6.347677e-03	-1.157527e-04	1.803894e-04	-2.961420e-04	2.382657e-04	1.904166e-04	7.142306e-03	2.403487e-03	8.344050e-03	-5.940563e-03
114           	1.305369e-02	6.714725e-03	6.338970e-03	-1.127477e-04	1.783031e-04	-2.910508e-04	2.346770e-04	1.878775e-04	7.130625e-03	2.403934e-03	8.332592e-03	-5.928659e-03
115           	1.303167e-02	6.701199e-03	6.330466e-03	-1.097685e-04	1.762374e-04	-2.860059e-04	2.311216e-04	1.853669e-04	7.119214e-03	2.404386e-03	8.321407e-03	-5.917021e-03
116           	1.301010e-02	6.687931e-03	6.322169e-03	-1.068113e-04	1.741891e-04	-2.810005e-04	2.275948e-04	1.828809e-04	7.108077e-03	2.404850e-03	8.310502e-03	-5.905651e-03
117           	1.298899e-02	6.674915e-03	6.314080e-03	-1.038749e-04	1.721571e-04	-2.760321e-04	2.240946e-04	1.804174e-04	7.097215e-03	2.405330e-03	8.299880e-03	-5.894550e-03
118           	1.296834e-02	6.662147e-03	6.306196e-03	-1.009605e-04	1.701417e-04	-2.711022e-04	2.206219e-04	1.779757e-04	7.086625e-03	2.405826e-03	8.289538e-03	-5.883712e-03
119           	1.294814e-02	6.649625e-03	6.298511e-03	-9.807113e-05	1.681443e-04	-2.662154e-04	2.171799e-04	1.755570e-04	7.076301e-03	2.406336e-03	8.279469e-03	-5.873133e-03
120           	1.292836e-02	6.637343e-03	6.291017e-03	-9.521062e-05	1.661674e-04	-2.613780e-04	2.137727e-04	1.731634e-04	7.066233e-03	2.406857e-03	8.269662e-03	-5.862805e-03
121           	1.290901e-02	6.625300e-03	6.283705e-03	-9.238332e-05	1.642136e-04	-2.565969e-04	2.104053e-04	1.707972e-04	7.056411e-03	2.407385e-03	8.260104e-03	-5.852719e-03
122           	1.289006e-02	6.613490e-03	6.276568e-03	-8.959294e-05	1.622853e-04	-2.518783e-04	2.070818e-04	1.684611e-04	7.046824e-03	2.407914e-03	8.250782e-03	-5.842867e-03
123           	1.287151e-02	6.601911e-03	6.269596e-03	-8.684252e-05	1.603846e-04	-2.472272e-04	2.038059e-04	1.661572e-04	7.037462e-03	2.408443e-03	8.241684e-03	-5.833240e-03
124           	1.285334e-02	6.590557e-03	6.262783e-03	-8.413399e-05	1.585129e-04	-2.426468e-04	2.005799e-04	1.638870e-04	7.028315e-03	2.408968e-03	8.232799e-03	-5.823831e-03
125           	1.283555e-02	6.579427e-03	6.256123e-03	-8.146816e-05	1.566707e-04	-2.381389e-04	1.974048e-04	1.616516e-04	7.019376e-03	2.409488e-03	8.224120e-03	-5.814633e-03
126           	1.281813e-02	6.568515e-03	6.249612e-03	-7.884518e-05	1.548585e-04	-2.337036e-04	1.942810e-04	1.594515e-04	7.010640e-03	2.410001e-03	8.215641e-03	-5.805639e-03
127           	1.280107e-02	6.557820e-03	6.243246e-03	-7.626465e-05	1.530758e-04	-2.293404e-04	1.912081e-04	1.572867e-04	7.002102e-03	2.410509e-03	8.207356e-03	-5.796847e-03
128           	1.278436e-02	6.547337e-03	6.237022e-03	-7.372606e-05	1.513223e-04	-2.250483e-04	1.881853e-04	1.551571e-04	6.993758e-03	2.411013e-03	8.199264e-03	-5.788251e-03
129           	1.276800e-02	6.537063e-03	6.230939e-03	-7.122843e-05	1.495974e-04	-2.208258e-04	1.852116e-04	1.530621e-04	6.985606e-03	2.411513e-03	8.191362e-03	-5.779849e-03
130           	1.275199e-02	6.526996e-03	6.224993e-03	-6.877048e-05	1.479003e-04	-2.166708e-04	1.822856e-04	1.510013e-04	6.977643e-03	2.412011e-03	8.183649e-03	-5.771637e-03
131           	1.273632e-02	6.517132e-03	6.219184e-03	-6.635145e-05	1.462303e-04	-2.125817e-04	1.794060e-04	1.489738e-04	6.969867e-03	2.412508e-03	8.176121e-03	-5.763613e-03
132           	1.272097e-02	6.507469e-03	6.213506e-03	-6.397428e-05	1.445888e-04	-2.085630e-04	1.765759e-04	1.469816e-04	6.962273e-03	2.413003e-03	8.168775e-03	-5.755772e-03
133           	1.270596e-02	6.498002e-03	6.207961e-03	-6.163356e-05	1.429724e-04	-2.046059e-04	1.737891e-04	1.450206e-04	6.954861e-03	2.413498e-03	8.161609e-03	-5.748112e-03
134           	1.269127e-02	6.488726e-03	6.202546e-03	-5.932835e-05	1.413804e-04	-2.007087e-04	1.710446e-04	1.430901e-04	6.947624e-03	2.413992e-03	8.154620e-03	-5.740629e-03
135           	1.267690e-02	6.479637e-03	6.197259e-03	-5.705821e-05	1.398124e-04	-1.968706e-04	1.683415e-04	1.411893e-04	6.940561e-03	2.414484e-03	8.147803e-03	-5.733319e-03
136           	1.266283e-02	6.470733e-03	6.192096e-03	-5.482315e-05	1.382684e-04	-1.930915e-04	1.656800e-04	1.393182e-04	6.933665e-03	2.414975e-03	8.141153e-03	-5.726178e-03
137           	1.264906e-02	6.462008e-03	6.187055e-03	-5.262328e-05	1.367483e-04	-1.893715e-04	1.630599e-04	1.374765e-04	6.926933e-03	2.415464e-03	8.134665e-03	-5.719201e-03
138           	1.263559e-02	6.453461e-03	6.182132e-03	-5.045910e-05	1.352524e-04	-1.857115e-04	1.604819e-04	1.356646e-04	6.920359e-03	2.415949e-03	8.128334e-03	-5.712385e-03
139           	1.262241e-02	6.445088e-03	6.177323e-03	-4.833097e-05	1.337809e-04	-1.821119e-04	1.579464e-04	1.338824e-04	6.913940e-03	2.416429e-03	8.122154e-03	-5.705725e-03
140           	1.260951e-02	6.436890e-03	6.172620e-03	-4.624813e-05	1.323386e-04	-1.785868e-04	1.554627e-04	1.321351e-04	6.907665e-03	2.416904e-03	8.116117e-03	-5.699213e-03
141           	1.259688e-02	6.428858e-03	6.168026e-03	-4.419851e-05	1.309191e-04	-1.751176e-04	1.530184e-04	1.304157e-04	6.901538e-03	2.417374e-03	8.110225e-03	-5.692851e-03
142           	1.258453e-02	6.420989e-03	6.163541e-03	-4.218199e-05	1.295222e-04	-1.717042e-04	1.506132e-04	1.287238e-04	6.895554e-03	2.417840e-03	8.104474e-03	-5.686634e-03
143           	1.257244e-02	6.413280e-03	6.159161e-03	-4.019901e-05	1.281480e-04	-1.683470e-04	1.482475e-04	1.270597e-04	6.889710e-03	2.418301e-03	8.098861e-03	-5.680560e-03
144           	1.256061e-02	6.405729e-03	6.154882e-03	-3.824978e-05	1.267966e-04	-1.650464e-04	1.459215e-04	1.254236e-04	6.884003e-03	2.418757e-03	8.093381e-03	-5.674624e-03
145           	1.254904e-02	6.398334e-03	6.150703e-03	-3.633464e-05	1.254682e-04	-1.618028e-04	1.436355e-04	1.238157e-04	6.878428e-03	2.419208e-03	8.088032e-03	-5.668824e-03
146           	1.253771e-02	6.391090e-03	6.146622e-03	-3.444954e-05	1.241608e-04	-1.586103e-04	1.413856e-04	1.222341e-04	6.872985e-03	2.419655e-03	8.082813e-03	-5.663157e-03
147           	1.252663e-02	6.383998e-03	6.142634e-03	-3.260013e-05	1.228771e-04	-1.554773e-04	1.391772e-04	1.206818e-04	6.867668e-03	2.420098e-03	8.077716e-03	-5.657619e-03
148           	1.251579e-02	6.377058e-03	6.138728e-03	-3.079664e-05	1.216226e-04	-1.524193e-04	1.370210e-04	1.191649e-04	6.862468e-03	2.420532e-03	8.072734e-03	-5.652202e-03
149           	1.250518e-02	6.370263e-03	6.134914e-03	-2.902437e-05	1.203894e-04	-1.494137e-04	1.349015e-04	1.176745e-04	6.857390e-03	2.420962e-03	8.067871e-03	-5.646909e-03
150           	1.249480e-02	6.363608e-03	6.131188e-03	-2.728245e-05	1.191767e-04	-1.464592e-04	1.328179e-04	1.162098e-04	6.852431e-03	2.421388e-03	8.063125e-03	-5.641737e-03
151           	1.248464e-02	6.357091e-03	6.127549e-03	-2.557066e-05	1.179846e-04	-1.435552e-04	1.307699e-04	1.147708e-04	6.847588e-03	2.421808e-03	8.058492e-03	-5.636683e-03
152           	1.247470e-02	6.350709e-03	6.123995e-03	-2.388920e-05	1.168129e-04	-1.407021e-04	1.287575e-04	1.133571e-04	6.842857e-03	2.422224e-03	8.053969e-03	-5.631745e-03
153           	1.246498e-02	6.344461e-03	6.120523e-03	-2.223849e-05	1.156620e-04	-1.379004e-04	1.267812e-04	1.119691e-04	6.838236e-03	2.422634e-03	8.049553e-03	-5.626919e-03
154           	1.245547e-02	6.338343e-03	6.117130e-03	-2.061898e-05	1.145319e-04	-1.351508e-04	1.248413e-04	1.106067e-04	6.833721e-03	2.423038e-03	8.045240e-03	-5.622202e-03
155           	1.244617e-02	6.332354e-03	6.113814e-03	-1.903090e-05	1.134226e-04	-1.324535e-04	1.229380e-04	1.092699e-04	6.829311e-03	2.423436e-03	8.041029e-03	-5.617593e-03
156           	1.243707e-02	6.326491e-03	6.110574e-03	-1.747412e-05	1.123339e-04	-1.298080e-04	1.210710e-04	1.079584e-04	6.825001e-03	2.423828e-03	8.036915e-03	-5.613087e-03
157           	1.242816e-02	6.320751e-03	6.107407e-03	-1.594823e-05	1.112654e-04	-1.272137e-04	1.192395e-04	1.066719e-04	6.820790e-03	2.424214e-03	8.032897e-03	-5.608683e-03
158           	1.241944e-02	6.315132e-03	6.104313e-03	-1.445243e-05	1.102165e-04	-1.246690e-04	1.174428e-04	1.054097e-04	6.816675e-03	2.424594e-03	8.028972e-03	-5.604378e-03
159           	1.241092e-02	6.309631e-03	6.101289e-03	-1.298556e-05	1.091864e-04	-1.221720e-04	1.156792e-04	1.041709e-04	6.812654e-03	2.424967e-03	8.025137e-03	-5.600170e-03
160           	1.240258e-02	6.304244e-03	6.098335e-03	-1.154641e-05	1.081742e-04	-1.197206e-04	1.139474e-04	1.029547e-04	6.808724e-03	2.425334e-03	8.021391e-03	-5.596057e-03
161           	1.239442e-02	6.298970e-03	6.095450e-03	-1.013391e-05	1.071793e-04	-1.173132e-04	1.122463e-04	1.017604e-04	6.804884e-03	2.425695e-03	8.017732e-03	-5.592037e-03
162           	1.238644e-02	6.293806e-03	6.092631e-03	-8.747287e-06	1.062012e-04	-1.149485e-04	1.105749e-04	1.005873e-04	6.801132e-03	2.426050e-03	8.014157e-03	-5.588107e-03
163           	1.237863e-02	6.288750e-03	6.089879e-03	-7.386282e-06	1.052398e-04	-1.126261e-04	1.089330e-04	9.943539e-05	6.797466e-03	2.426399e-03	8.010665e-03	-5.584267e-03
164           	1.237099e-02	6.283799e-03	6.087191e-03	-6.050399e-06	1.042949e-04	-1.103453e-04	1.073201e-04	9.830422e-05	6.793883e-03	2.426741e-03	8.007254e-03	-5.580512e-03
165           	1.236351e-02	6.278956e-03	6.084559e-03	-4.747136e-06	1.033706e-04	-1.081178e-04	1.057442e-04	9.719869e-05	6.790379e-03	2.427077e-03	8.003917e-03	-5.576841e-03
166           	1.235620e-02	6.274213e-03	6.081990e-03	-3.465236e-06	1.024609e-04	-1.059262e-04	1.041935e-04	9.611150e-05	6.786956e-03	2.427406e-03	8.000659e-03	-5.573253e-03
167           	1.234905e-02	6.269568e-03	6.079483e-03	-2.204989e-06	1.015659e-04	-1.037709e-04	1.026684e-04	9.504276e-05	6.783611e-03	2.427730e-03	7.997476e-03	-5.569746e-03
168           	1.234206e-02	6.265021e-03	6.077035e-03	-9.673541e-07	1.006861e-04	-1.016535e-04	1.011698e-04	9.399299e-05	6.780344e-03	2.428048e-03	7.994367e-03	-5.566320e-03
169           	1.233521e-02	6.260569e-03	6.074643e-03	2.463906e-07	9.982240e-05	-9.957601e-05	9.969921e-05	9.296293e-05	6.777151e-03	2.428360e-03	7.991331e-03	-5.562971e-03
170           	1.232852e-02	6.256213e-03	6.072306e-03	1.435072e-06	9.897539e-05	-9.754032e-05	9.825785e-05	9.195327e-05	6.774031e-03	2.428665e-03	7.988364e-03	-5.559698e-03
171           	1.232197e-02	6.251950e-03	6.070021e-03	2.597848e-06	9.814556e-05	-9.554771e-05	9.684664e-05	9.096445e-05	6.770982e-03	2.428965e-03	7.985464e-03	-5.556499e-03
172           	1.231557e-02	6.247779e-03	6.067786e-03	3.734213e-06	9.733321e-05	-9.359900e-05	9.546610e-05	8.999676e-05	6.768001e-03	2.429259e-03	7.982630e-03	-5.553371e-03
173           	1.230930e-02	6.243700e-03	6.065599e-03	4.844044e-06	9.653837e-05	-9.169433e-05	9.411635e-05	8.905026e-05	6.765087e-03	2.429546e-03	7.979860e-03	-5.550314e-03
174           	1.230317e-02	6.239710e-03	6.063460e-03	5.927466e-06	9.576095e-05	-8.983349e-05	9.279722e-05	8.812483e-05	6.762238e-03	2.429827e-03	7.977152e-03	-5.547325e-03
175           	1.229717e-02	6.235807e-03	6.061367e-03	6.984757e-06	9.500079e-05	-8.801603e-05	9.150841e-05	8.722028e-05	6.759454e-03	2.430102e-03	7.974505e-03	-5.544403e-03
176           	1.229131e-02	6.231990e-03	6.059318e-03	8.016296e-06	9.425761e-05	-8.624131e-05	9.024946e-05	8.633631e-05	6.756731e-03	2.430371e-03	7.971917e-03	-5.541546e-03
177           	1.228557e-02	6.228258e-03	6.057313e-03	9.022485e-06	9.353114e-05	-8.450865e-05	8.901990e-05	8.547262e-05	6.754070e-03	2.430634e-03	7.969387e-03	-5.538753e-03
178           	1.227996e-02	6.224608e-03	6.055350e-03	1.000381e-05	9.282106e-05	-8.281725e-05	8.781915e-05	8.462887e-05	6.751468e-03	2.430891e-03	7.966914e-03	-5.536023e-03
179           	1.227447e-02	6.221039e-03	6.053429e-03	1.096063e-05	9.212711e-05	-8.116649e-05	8.664680e-05	8.380476e-05	6.748925e-03	2.431143e-03	7.964496e-03	-5.533354e-03
180           	1.226910e-02	6.217549e-03	6.051549e-03	1.189325e-05	9.144912e-05	-7.955586e-05	8.550249e-05	8.300007e-05	6.746438e-03	2.431388e-03	7.962133e-03	-5.530744e-03
181           	1.226385e-02	6.214137e-03	6.049708e-03	1.280178e-05	9.078702e-05	-7.798524e-05	8.438613e-05	8.221470e-05	6.744008e-03	2.431628e-03	7.959822e-03	-5.528194e-03
182           	1.225871e-02	6.210802e-03	6.047905e-03	1.368631e-05	9.014077e-05	-7.645446e-05	8.329762e-05	8.144856e-05	6.741632e-03	2.431863e-03	7.957563e-03	-5.525700e-03
183           	1.225368e-02	6.207542e-03	6.046139e-03	1.454692e-05	8.951042e-05	-7.496350e-05	8.223696e-05	8.070166e-05	6.739309e-03	2.432092e-03	7.955354e-03	-5.523263e-03
184           	1.224877e-02	6.204357e-03	6.044409e-03	1.538369e-05	8.889603e-05	-7.351234e-05	8.120419e-05	7.997400e-05	6.737038e-03	2.432315e-03	7.953195e-03	-5.520880e-03
185           	1.224396e-02	6.201244e-03	6.042713e-03	1.619652e-05	8.829769e-05	-7.210117e-05	8.019943e-05	7.926564e-05	6.734817e-03	2.432533e-03	7.951084e-03	-5.518550e-03
186           	1.223925e-02	6.198207e-03	6.041044e-03	1.697718e-05	8.771988e-05	-7.074271e-05	7.923130e-05	7.858173e-05	6.732643e-03	2.432745e-03	7.949015e-03	-5.516270e-03
187           	1.223465e-02	6.195240e-03	6.039409e-03	1.773659e-05	8.715653e-05	-6.941994e-05	7.828823e-05	7.791525e-05	6.730518e-03	2.432952e-03	7.946994e-03	-5.514042e-03
188           	1.223015e-02	6.192340e-03	6.037808e-03	1.847482e-05	8.660752e-05	-6.813271e-05	7.737011e-05	7.726609e-05	6.728442e-03	2.433154e-03	7.945019e-03	-5.511865e-03
189           	1.222575e-02	6.189508e-03	6.036239e-03	1.919143e-05	8.607307e-05	-6.688164e-05	7.647735e-05	7.663447e-05	6.726413e-03	2.433352e-03	7.943089e-03	-5.509737e-03
190           	1.222144e-02	6.186742e-03	6.034700e-03	1.988583e-05	8.555347e-05	-6.566764e-05	7.561056e-05	7.602076e-05	6.724430e-03	2.433545e-03	7.941202e-03	-5.507657e-03
191           	1.221723e-02	6.184041e-03	6.033190e-03	2.055739e-05	8.504908e-05	-6.449169e-05	7.477039e-05	7.542535e-05	6.722491e-03	2.433734e-03	7.939358e-03	-5.505624e-03
192           	1.221311e-02	6.181405e-03	6.031708e-03	2.120551e-05	8.456024e-05	-6.335473e-05	7.395748e-05	7.484859e-05	6.720595e-03	2.433918e-03	7.937554e-03	-5.503636e-03
193           	1.220908e-02	6.178833e-03	6.030252e-03	2.183001e-05	8.408705e-05	-6.225705e-05	7.317205e-05	7.429061e-05	6.718741e-03	2.434097e-03	7.935790e-03	-5.501693e-03
194           	1.220514e-02	6.176324e-03	6.028821e-03	2.243099e-05	8.362950e-05	-6.119851e-05	7.241400e-05	7.375136e-05	6.716928e-03	2.434272e-03	7.934064e-03	-5.499792e-03
195           	1.220129e-02	6.173876e-03	6.027414e-03	2.300880e-05	8.318739e-05	-6.017859e-05	7.168299e-05	7.323065e-05	6.715155e-03	2.434442e-03	7.932376e-03	-5.497934e-03
196           	1.219752e-02	6.171488e-03	6.026032e-03	2.356406e-05	8.276037e-05	-5.919631e-05	7.097834e-05	7.272808e-05	6.713420e-03	2.434607e-03	7.930724e-03	-5.496116e-03
197           	1.219383e-02	6.169159e-03	6.024672e-03	2.409747e-05	8.234800e-05	-5.825053e-05	7.029926e-05	7.224318e-05	6.711723e-03	2.434768e-03	7.929108e-03	-5.494339e-03
198           	1.219022e-02	6.166887e-03	6.023336e-03	2.460970e-05	8.194980e-05	-5.734009e-05	6.964495e-05	7.177544e-05	6.710064e-03	2.434925e-03	7.927527e-03	-5.492601e-03
199           	1.218669e-02	6.164671e-03	6.022023e-03	2.510149e-05	8.156529e-05	-5.646379e-05	6.901454e-05	7.132432e-05	6.708441e-03	2.435078e-03	7.925980e-03	-5.490902e-03
200           	1.218324e-02	6.162510e-03	6.020732e-03	2.557354e-05	8.119397e-05	-5.562043e-05	6.840720e-05	7.088925e-05	6.706855e-03	2.435227e-03	7.924468e-03	-5.489241e-03
201           	1.217987e-02	6.160403e-03	6.019463e-03	2.602651e-05	8.083539e-05	-5.480887e-05	6.782213e-05	7.046966e-05	6.705303e-03	2.435371e-03	7.922988e-03	-5.487617e-03
202           	1.217656e-02	6.158347e-03	6.018217e-03	2.646090e-05	8.048918e-05	-5.402828e-05	6.725873e-05	7.006515e-05	6.703785e-03	2.435513e-03	7.921542e-03	-5.486029e-03
203           	1.217333e-02	6.156342e-03	6.016991e-03	2.687716e-05	8.015500e-05	-5.327783e-05	6.671642e-05	6.967527e-05	6.702302e-03	2.435650e-03	7.920127e-03	-5.484477e-03
204           	1.217017e-02	6.154386e-03	6.015787e-03	2.727571e-05	7.983247e-05	-5.255675e-05	6.619461e-05	6.929959e-05	6.700851e-03	2.435784e-03	7.918743e-03	-5.482959e-03
205           	1.216708e-02	6.152479e-03	6.014604e-03	2.765698e-05	7.952123e-05	-5.186425e-05	6.569274e-05	6.893768e-05	6.699432e-03	2.435914e-03	7.917389e-03	-5.481475e-03
206           	1.216406e-02	6.150619e-03	6.013441e-03	2.802136e-05	7.922094e-05	-5.119958e-05	6.521026e-05	6.858907e-05	6.698044e-03	2.436041e-03	7.916065e-03	-5.480023e-03
207           	1.216110e-02	6.148805e-03	6.012298e-03	2.836932e-05	7.893118e-05	-5.056185e-05	6.474652e-05	6.825331e-05	6.696687e-03	2.436165e-03	7.914770e-03	-5.478605e-03
208           	1.215821e-02	6.147036e-03	6.011176e-03	2.870140e-05	7.865155e-05	-4.995014e-05	6.430085e-05	6.792989e-05	6.695360e-03	2.436286e-03	7.913503e-03	-5.477217e-03
209           	1.215538e-02	6.145310e-03	6.010073e-03	2.901812e-05	7.838163e-05	-4.936351e-05	6.387257e-05	6.761833e-05	6.694062e-03	2.436403e-03	7.912264e-03	-5.475861e-03
210           	1.215262e-02	6.143626e-03	6.008989e-03	2.932005e-05	7.812096e-05	-4.880091e-05	6.346094e-05	6.731812e-05	6.692793e-03	2.436517e-03	7.911052e-03	-5.474534e-03
211           	1.214991e-02	6.141983e-03	6.007926e-03	2.960781e-05	7.786911e-05	-4.826130e-05	6.306521e-05	6.702875e-05	6.691551e-03	2.436629e-03	7.909866e-03	-5.473237e-03
212           	1.214726e-02	6.140383e-03	6.006875e-03	2.987562e-05	7.762952e-05	-4.775390e-05	6.269171e-05	6.675418e-05	6.690334e-03	2.436735e-03	7.908701e-03	-5.471966e-03
213           	1.214467e-02	6.138821e-03	6.005846e-03	3.013286e-05	7.739642e-05	-4.726355e-05	6.232998e-05	6.648782e-05	6.689144e-03	2.436839e-03	7.907564e-03	-5.470724e-03
214           	1.214213e-02	6.137296e-03	6.004838e-03	3.038024e-05	7.716934e-05	-4.678910e-05	6.197922e-05	6.622912e-05	6.687981e-03	2.436942e-03	7.906452e-03	-5.469511e-03
215           	1.213966e-02	6.135806e-03	6.003850e-03	3.061787e-05	7.694816e-05	-4.633030e-05	6.163923e-05	6.597793e-05	6.686846e-03	2.437042e-03	7.905367e-03	-5.468325e-03
216           	1.213723e-02	6.134351e-03	6.002882e-03	3.084545e-05	7.673305e-05	-4.588760e-05	6.131033e-05	6.573437e-05	6.685736e-03	2.437139e-03	7.904306e-03	-5.467166e-03
217           	1.213486e-02	6.132930e-03	6.001933e-03	3.106259e-05	7.652423e-05	-4.546164e-05	6.099294e-05	6.549864e-05	6.684651e-03	2.437235e-03	7.903268e-03	-5.466034e-03
218           	1.213254e-02	6.131543e-03	6.001001e-03	3.126901e-05	7.632192e-05	-4.505291e-05	6.068741e-05	6.527094e-05	6.683590e-03	2.437328e-03	7.902254e-03	-5.464926e-03
219           	1.213179e-02	6.130890e-03	6.000895e-03	3.156257e-05	7.607627e-05	-4.451370e-05	6.029498e-05	6.499737e-05	6.683646e-03	2.437792e-03	7.902542e-03	-5.464750e-03
220           	1.213129e-02	6.130349e-03	6.000941e-03	3.190106e-05	7.581147e-05	-4.391041e-05	5.986094e-05	6.470388e-05	6.684004e-03	2.438476e-03	7.903242e-03	-5.464766e-03
221           	1.213088e-02	6.129854e-03	6.001021e-03	3.224032e-05	7.555207e-05	-4.331175e-05	5.943191e-05	6.441658e-05	6.684438e-03	2.439217e-03	7.904046e-03	-5.464829e-03
222           	1.213038e-02	6.129348e-03	6.001035e-03	3.254366e-05	7.531810e-05	-4.277444e-05	5.904627e-05	6.415663e-05	6.684752e-03	2.439877e-03	7.904690e-03	-5.464814e-03
223           	1.212970e-02	6.128788e-03	6.000913e-03	3.278726e-05	7.512222e-05	-4.233496e-05	5.872859e-05	6.393731e-05	6.684814e-03	2.440358e-03	7.904993e-03	-5.464635e-03
224           	1.212878e-02	6.128156e-03	6.000624e-03	3.295671e-05	7.497132e-05	-4.201460e-05	5.849296e-05	6.376597e-05	6.684561e-03	2.440617e-03	7.904869e-03	-5.464252e-03
225           	1.212763e-02	6.127453e-03	6.000178e-03	3.306241e-05	7.486046e-05	-4.179805e-05	5.832926e-05	6.363752e-05	6.684008e-03	2.440663e-03	7.904340e-03	-5.463677e-03
226           	1.212631e-02	6.126690e-03	5.999618e-03	3.312726e-05	7.477495e-05	-4.164769e-05	5.821132e-05	6.353617e-05	6.683228e-03	2.440543e-03	7.903500e-03	-5.462957e-03
227           	1.212487e-02	6.125886e-03	5.998986e-03	3.316590e-05	7.470360e-05	-4.153770e-05	5.812065e-05	6.345024e-05	6.682298e-03	2.440311e-03	7.902453e-03	-5.462142e-03
228           	1.212340e-02	6.125072e-03	5.998327e-03	3.319223e-05	7.463886e-05	-4.144663e-05	5.804275e-05	6.337241e-05	6.681314e-03	2.440035e-03	7.901332e-03	-5.461296e-03
229           	1.212196e-02	6.124274e-03	5.997685e-03	3.322072e-05	7.457270e-05	-4.135198e-05	5.796234e-05	6.329460e-05	6.680365e-03	2.439775e-03	7.900253e-03	-5.460477e-03
230           	1.212060e-02	6.123512e-03	5.997090e-03	3.326178e-05	7.449947e-05	-4.123768e-05	5.786857e-05	6.321110e-05	6.679514e-03	2.439576e-03	7.899302e-03	-5.459726e-03
231           	1.211936e-02	6.122797e-03	5.996559e-03	3.332039e-05	7.441653e-05	-4.109614e-05	5.775634e-05	6.311917e-05	6.678795e-03	2.439459e-03	7.898524e-03	-5.459065e-03
232           	1.211822e-02	6.122129e-03	5.996092e-03	3.339715e-05	7.432360e-05	-4.092645e-05	5.762502e-05	6.301835e-05	6.678209e-03	2.439428e-03	7.897923e-03	-5.458495e-03
233           	1.211718e-02	6.121501e-03	5.995681e-03	3.349041e-05	7.422250e-05	-4.073209e-05	5.747729e-05	6.291019e-05	6.677737e-03	2.439468e-03	7.897470e-03	-5.458003e-03
234           	1.211622e-02	6.120905e-03	5.995311e-03	3.359435e-05	7.411602e-05	-4.052167e-05	5.731884e-05	6.279723e-05	6.677348e-03	2.439559e-03	7.897127e-03	-5.457568e-03
235           	1.211529e-02	6.120331e-03	5.994963e-03	3.370164e-05	7.400871e-05	-4.030707e-05	5.715789e-05	6.268383e-05	6.677004e-03	2.439675e-03	7.896842e-03	-5.457166e-03
236           	1.211439e-02	6.119768e-03	5.994620e-03	3.380507e-05	7.390481e-05	-4.009974e-05	5.700227e-05	6.257411e-05	6.676670e-03	2.439793e-03	7.896566e-03	-5.456773e-03
237           	1.211347e-02	6.119208e-03	5.994266e-03	3.389904e-05	7.380745e-05	-3.990841e-05	5.685793e-05	6.247108e-05	6.676316e-03	2.439894e-03	7.896263e-03	-5.456369e-03
238           	1.211254e-02	6.118647e-03	5.993894e-03	3.398033e-05	7.371831e-05	-3.973798e-05	5.672814e-05	6.237631e-05	6.675927e-03	2.439967e-03	7.895910e-03	-5.455943e-03
239           	1.211158e-02	6.118082e-03	5.993502e-03	3.404812e-05	7.363756e-05	-3.958944e-05	5.661350e-05	6.228996e-05	6.675496e-03	2.440008e-03	7.895500e-03	-5.455492e-03
240           	1.211061e-02	6.117514e-03	5.993092e-03	3.410360e-05	7.356422e-05	-3.946062e-05	5.651242e-05	6.221103e-05	6.675028e-03	2.440021e-03	7.895038e-03	-5.455017e-03
241           	1.210962e-02	6.116946e-03	5.992670e-03	3.414915e-05	7.349662e-05	-3.934747e-05	5.642204e-05	6.213791e-05	6.674533e-03	2.440013e-03	7.894540e-03	-5.454527e-03
242           	1.210862e-02	6.116380e-03	5.992242e-03	3.418751e-05	7.343295e-05	-3.924544e-05	5.633920e-05	6.206888e-05	6.674026e-03	2.439993e-03	7.894022e-03	-5.454029e-03
243           	1.210764e-02	6.115821e-03	5.991816e-03	3.422125e-05	7.337163e-05	-3.915038e-05	5.626101e-05	6.200248e-05	6.673518e-03	2.439969e-03	7.893503e-03	-5.453534e-03
244           	1.210667e-02	6.115271e-03	5.991396e-03	3.425251e-05	7.331145e-05	-3.905893e-05	5.618519e-05	6.193762e-05	6.673023e-03	2.439950e-03	7.892998e-03	-5.453048e-03
245           	1.210572e-02	6.114732e-03	5.990985e-03	3.428284e-05	7.325164e-05	-3.896880e-05	5.611022e-05	6.187365e-05	6.672545e-03	2.439940e-03	7.892515e-03	-5.452576e-03
246           	1.210479e-02	6.114206e-03	5.990586e-03	3.431311e-05	7.319189e-05	-3.887878e-05	5.603534e-05	6.181031e-05	6.672090e-03	2.439941e-03	7.892060e-03	-5.452120e-03
247           	1.210389e-02	6.113692e-03	5.990197e-03	3.434354e-05	7.313227e-05	-3.878873e-05	5.596050e-05	6.174769e-05	6.671656e-03	2.439952e-03	7.891632e-03	-5.451680e-03
248           	1.210301e-02	6.113190e-03	5.989818e-03	3.437385e-05	7.307309e-05	-3.869923e-05	5.588616e-05	6.168609e-05	6.671240e-03	2.439972e-03	7.891226e-03	-5.451255e-03
249           	1.210214e-02	6.112699e-03	5.989440e-03	3.440073e-05	7.301794e-05	-3.861721e-05	5.581758e-05	6.162929e-05	6.670834e-03	2.439994e-03	7.890831e-03	-5.450837e-03
250           	1.210128e-02	6.112215e-03	5.989069e-03	3.442700e-05	7.296311e-05	-3.853612e-05	5.574961e-05	6.157320e-05	6.670436e-03	2.440019e-03	7.890446e-03	-5.450427e-03
251           	1.210044e-02	6.111738e-03	5.988702e-03	3.445215e-05	7.290887e-05	-3.845672e-05	5.568279e-05	6.151805e-05	6.670044e-03	2.440044e-03	7.890065e-03	-5.450022e-03
252           	1.209960e-02	6.111265e-03	5.988337e-03	3.447571e-05	7.285548e-05	-3.837977e-05	5.561763e-05	6.146405e-05	6.669652e-03	2.440065e-03	7.889685e-03	-5.449620e-03
253           	1.209877e-02	6.110796e-03	5.987973e-03	3.449732e-05	7.280317e-05	-3.830585e-05	5.555451e-05	6.141136e-05	6.669261e-03	2.440083e-03	7.889302e-03	-5.449220e-03
254           	1.209794e-02	6.110331e-03	5.987611e-03	3.451678e-05	7.275206e-05	-3.823528e-05	5.549367e-05	6.136007e-05	6.668869e-03	2.440096e-03	7.888917e-03	-5.448821e-03
255           	1.209712e-02	6.109871e-03	5.987251e-03	3.453404e-05	7.270217e-05	-3.816812e-05	5.543515e-05	6.131020e-05	6.668477e-03	2.440107e-03	7.888530e-03	-5.448424e-03
256           	1.209631e-02	6.109416e-03	5.986892e-03	3.454922e-05	7.265346e-05	-3.810424e-05	5.537885e-05	6.126168e-05	6.668086e-03	2.440115e-03	7.888144e-03	-5.448029e-03
257           	1.209550e-02	6.108966e-03	5.986537e-03	3.456253e-05	7.260586e-05	-3.804333e-05	5.532459e-05	6.121444e-05	6.667699e-03	2.440122e-03	7.887760e-03	-5.447638e-03
258           	1.209471e-02	6.108522e-03	5.986186e-03	3.457423e-05	7.255923e-05	-3.798500e-05	5.527211e-05	6.116837e-05	6.667317e-03	2.440130e-03	7.887381e-03	-5.447252e-03
259           	1.209392e-02	6.108085e-03	5.985838e-03	3.458462e-05	7.251348e-05	-3.792886e-05	5.522117e-05	6.112339e-05	6.666940e-03	2.440138e-03	7.887009e-03	-5.446871e-03
260           	1.209315e-02	6.107654e-03	5.985495e-03	3.459396e-05	7.246850e-05	-3.787454e-05	5.517152e-05	6.107940e-05	6.666570e-03	2.440148e-03	7.886644e-03	-5.446496e-03
261           	1.209239e-02	6.107229e-03	5.985157e-03	3.460247e-05	7.242423e-05	-3.782175e-05	5.512299e-05	6.103633e-05	6.666207e-03	2.440159e-03	7.886286e-03	-5.446127e-03
262           	1.209163e-02	6.106811e-03	5.984822e-03	3.461033e-05	7.238060e-05	-3.777027e-05	5.507544e-05	6.099416e-05	6.665850e-03	2.440171e-03	7.885935e-03	-5.445764e-03
263           	1.209089e-02	6.106398e-03	5.984492e-03	3.461761e-05	7.233760e-05	-3.771998e-05	5.502879e-05	6.095282e-05	6.665498e-03	2.440184e-03	7.885590e-03	-5.445406e-03
264           	1.209016e-02	6.105991e-03	5.984166e-03	3.462437e-05	7.229520e-05	-3.767083e-05	5.498301e-05	6.091232e-05	6.665152e-03	2.440198e-03	7.885251e-03	-5.445053e-03
265           	1.208943e-02	6.105589e-03	5.983843e-03	3.463059e-05	7.225339e-05	-3.762280e-05	5.493810e-05	6.087261e-05	6.664809e-03	2.440211e-03	7.884915e-03	-5.444704e-03
266           	1.208872e-02	6.105191e-03	5.983524e-03	3.463625e-05	7.221217e-05	-3.757593e-05	5.489405e-05	6.083368e-05	6.664470e-03	2.440224e-03	7.884582e-03	-5.444359e-03
267           	1.208801e-02	6.104799e-03	5.983208e-03	3.464131e-05	7.217153e-05	-3.753023e-05	5.485088e-05	6.079550e-05	6.664135e-03	2.440236e-03	7.884252e-03	-5.444017e-03
268           	1.208731e-02	6.104411e-03	5.982895e-03	3.464574e-05	7.213146e-05	-3.748572e-05	5.480859e-05	6.075804e-05	6.663802e-03	2.440247e-03	7.883925e-03	-5.443678e-03
269           	1.208661e-02	6.104027e-03	5.982584e-03	3.464954e-05	7.209193e-05	-3.744239e-05	5.476716e-05	6.072127e-05	6.663472e-03	2.440257e-03	7.883600e-03	-5.443343e-03
270           	1.208593e-02	6.103648e-03	5.982277e-03	3.465272e-05	7.205294e-05	-3.740021e-05	5.472658e-05	6.068517e-05	6.663145e-03	2.440266e-03	7.883278e-03	-5.443012e-03
271           	1.208525e-02	6.103273e-03	5.981973e-03	3.465531e-05	7.201446e-05	-3.735915e-05	5.468681e-05	6.064971e-05	6.662821e-03	2.440275e-03	7.882959e-03	-5.442684e-03
272           	1.208458e-02	6.102903e-03	5.981673e-03	3.465733e-05	7.197648e-05	-3.731915e-05	5.464782e-05	6.061487e-05	6.662502e-03	2.440284e-03	7.882644e-03	-5.442359e-03
273           	1.208391e-02	6.102537e-03	5.981376e-03	3.465886e-05	7.193900e-05	-3.728014e-05	5.460957e-05	6.058064e-05	6.662185e-03	2.440293e-03	7.882332e-03	-5.442039e-03
274           	1.208326e-02	6.102181e-03	5.981075e-03	3.465177e-05	7.190737e-05	-3.725560e-05	5.458148e-05	6.055301e-05	6.661871e-03	2.440301e-03	7.882021e-03	-5.441720e-03
275           	1.208261e-02	6.101829e-03	5.980780e-03	3.464671e-05	7.187458e-05	-3.722787e-05	5.455122e-05	6.052416e-05	6.661561e-03	2.440310e-03	7.881716e-03	-5.441406e-03
276           	1.208197e-02	6.101479e-03	5.980491e-03	3.464393e-05	7.184048e-05	-3.719655e-05	5.451852e-05	6.049395e-05	6.661256e-03	2.440318e-03	7.881415e-03	-5.441097e-03
277           	1.208134e-02	6.101131e-03	5.980206e-03	3.464325e-05	7.180523e-05	-3.716198e-05	5.448360e-05	6.046253e-05	6.660955e-03	2.440326e-03	7.881118e-03	-5.440791e-03
278           	1.208071e-02	6.100787e-03	5.979926e-03	3.464418e-05	7.176917e-05	-3.712498e-05	5.444707e-05	6.043029e-05	6.660658e-03	2.440335e-03	7.880825e-03	-5.440490e-03
279           	1.208010e-02	6.100446e-03	5.979650e-03	3.464608e-05	7.173275e-05	-3.708667e-05	5.440971e-05	6.039771e-05	6.660365e-03	2.440343e-03	7.880536e-03	-5.440193e-03
280           	1.207949e-02	6.100109e-03	5.979378e-03	3.464828e-05	7.169646e-05	-3.704818e-05	5.437232e-05	6.036530e-05	6.660075e-03	2.440351e-03	7.880251e-03	-5.439900e-03
281           	1.207888e-02	6.099776e-03	5.979109e-03	3.465017e-05	7.166069e-05	-3.701051e-05	5.433560e-05	6.033347e-05	6.659789e-03	2.440359e-03	7.879969e-03	-5.439610e-03
282           	1.207829e-02	6.099448e-03	5.978842e-03	3.465132e-05	7.162573e-05	-3.697441e-05	5.430007e-05	6.030254e-05	6.659507e-03	2.440367e-03	7.879691e-03	-5.439323e-03
283           	1.207770e-02	6.099124e-03	5.978578e-03	3.465146e-05	7.159177e-05	-3.694030e-05	5.426603e-05	6.027268e-05	6.659228e-03	2.440376e-03	7.879416e-03	-5.439040e-03
284           	1.207712e-02	6.098805e-03	5.978317e-03	3.465050e-05	7.155884e-05	-3.690834e-05	5.423359e-05	6.024394e-05	6.658952e-03	2.440384e-03	7.879144e-03	-5.438760e-03
285           	1.207655e-02	6.098490e-03	5.978057e-03	3.464850e-05	7.152690e-05	-3.687840e-05	5.420265e-05	6.021627e-05	6.658679e-03	2.440392e-03	7.878875e-03	-5.438483e-03
286           	1.207598e-02	6.098180e-03	5.977801e-03	3.464561e-05	7.149583e-05	-3.685022e-05	5.417303e-05	6.018953e-05	6.658410e-03	2.440400e-03	7.878610e-03	-5.438210e-03
287           	1.207542e-02	6.097874e-03	5.977546e-03	3.464206e-05	7.146548e-05	-3.682343e-05	5.414445e-05	6.016359e-05	6.658144e-03	2.440408e-03	7.878348e-03	-5.437940e-03
288           	1.207487e-02	6.097571e-03	5.977295e-03	3.463806e-05	7.143569e-05	-3.679763e-05	5.411666e-05	6.013825e-05	6.657880e-03	2.440416e-03	7.878088e-03	-5.437673e-03
289           	1.207432e-02	6.097273e-03	5.977046e-03	3.463384e-05	7.140631e-05	-3.677247e-05	5.408939e-05	6.011340e-05	6.657620e-03	2.440423e-03	7.877832e-03	-5.437409e-03
290           	1.207378e-02	6.096977e-03	5.976800e-03	3.462956e-05	7.137725e-05	-3.674769e-05	5.406247e-05	6.008890e-05	6.657363e-03	2.440431e-03	7.877578e-03	-5.437148e-03
291           	1.207324e-02	6.096686e-03	5.976556e-03	3.462531e-05	7.134842e-05	-3.672311e-05	5.403576e-05	6.006468e-05	6.657109e-03	2.440438e-03	7.877328e-03	-5.436890e-03
292           	1.207271e-02	6.096397e-03	5.976316e-03	3.462115e-05	7.131980e-05	-3.669865e-05	5.400922e-05	6.004071e-05	6.656857e-03	2.440445e-03	7.877080e-03	-5.436635e-03
293           	1.207219e-02	6.096112e-03	5.976078e-03	3.461708e-05	7.129138e-05	-3.667430e-05	5.398284e-05	6.001698e-05	6.656609e-03	2.440452e-03	7.876835e-03	-5.436383e-03
294           	1.207167e-02	6.095831e-03	5.975844e-03	3.461309e-05	7.126318e-05	-3.665010e-05	5.395664e-05	5.999351e-05	6.656364e-03	2.440459e-03	7.876593e-03	-5.436134e-03
295           	1.207116e-02	6.095552e-03	5.975612e-03	3.460913e-05	7.123524e-05	-3.662612e-05	5.393068e-05	5.997032e-05	6.656121e-03	2.440466e-03	7.876354e-03	-5.435888e-03
296           	1.207066e-02	6.095277e-03	5.975382e-03	3.460514e-05	7.120759e-05	-3.660245e-05	5.390502e-05	5.994744e-05	6.655882e-03	2.440473e-03	7.876118e-03	-5.435646e-03
297           	1.207016e-02	6.095005e-03	5.975156e-03	3.460108e-05	7.118027e-05	-3.657920e-05	5.387974e-05	5.992492e-05	6.655646e-03	2.440480e-03	7.875886e-03	-5.435406e-03
298           	1.206967e-02	6.094737e-03	5.974932e-03	3.459689e-05	7.115331e-05	-3.655642e-05	5.385487e-05	5.990276e-05	6.655412e-03	2.440487e-03	7.875656e-03	-5.435169e-03
299           	1.206918e-02	6.094472e-03	5.974710e-03	3.459255e-05	7.112672e-05	-3.653417e-05	5.383044e-05	5.988100e-05	6.655182e-03	2.440494e-03	7.875429e-03	-5.434935e-03
300           	1.206870e-02	6.094210e-03	5.974491e-03	3.458806e-05	7.110051e-05	-3.651244e-05	5.380647e-05	5.985962e-05	6.654954e-03	2.440501e-03	7.875205e-03	-5.434704e-03
301           	1.206823e-02	6.093952e-03	5.974275e-03	3.458343e-05	7.107466e-05	-3.649123e-05	5.378294e-05	5.983862e-05	6.654730e-03	2.440507e-03	7.874983e-03	-5.434476e-03
302           	1.206776e-02	6.093697e-03	5.974061e-03	3.457866e-05	7.104916e-05	-3.647050e-05	5.375983e-05	5.981798e-05	6.654508e-03	2.440514e-03	7.874765e-03	-5.434250e-03
303           	1.206729e-02	6.093444e-03	5.973849e-03	3.457380e-05	7.102400e-05	-3.645020e-05	5.373710e-05	5.979769e-05	6.654288e-03	2.440521e-03	7.874549e-03	-5.434028e-03
304           	1.206684e-02	6.093195e-03	5.973640e-03	3.456886e-05	7.099914e-05	-3.643028e-05	5.371471e-05	5.977771e-05	6.654072e-03	2.440528e-03	7.874336e-03	-5.433808e-03
305           	1.206638e-02	6.092949e-03	5.973433e-03	3.456387e-05	7.097459e-05	-3.641072e-05	5.369265e-05	5.975803e-05	6.653858e-03	2.440535e-03	7.874125e-03	-5.433590e-03
306           	1.206593e-02	6.092706e-03	5.973229e-03	3.455884e-05	7.095032e-05	-3.639148e-05	5.367090e-05	5.973863e-05	6.653646e-03	2.440541e-03	7.873917e-03	-5.433375e-03
307           	1.206549e-02	6.092466e-03	5.973027e-03	3.455378e-05	7.092632e-05	-3.637254e-05	5.364943e-05	5.971951e-05	6.653437e-03	2.440548e-03	7.873711e-03	-5.433163e-03
308           	1.206506e-02	6.092228e-03	5.972827e-03	3.454870e-05	7.090259e-05	-3.635389e-05	5.362824e-05	5.970066e-05	6.653231e-03	2.440555e-03	7.873508e-03	-5.432954e-03
309           	1.206462e-02	6.091994e-03	5.972630e-03	3.454358e-05	7.087913e-05	-3.633554e-05	5.360733e-05	5.968208e-05	6.653027e-03	2.440561e-03	7.873307e-03	-5.432746e-03
310           	1.206420e-02	6.091762e-03	5.972434e-03	3.453843e-05	7.085593e-05	-3.631750e-05	5.358672e-05	5.966376e-05	6.652825e-03	2.440567e-03	7.873109e-03	-5.432542e-03
311           	1.206377e-02	6.091533e-03	5.972242e-03	3.453325e-05	7.083301e-05	-3.629977e-05	5.356639e-05	5.964572e-05	6.652626e-03	2.440574e-03	7.872913e-03	-5.432339e-03
312           	1.206336e-02	6.091307e-03	5.972051e-03	3.452801e-05	7.081037e-05	-3.628236e-05	5.354636e-05	5.962795e-05	6.652430e-03	2.440580e-03	7.872720e-03	-5.432140e-03
313           	1.206294e-02	6.091077e-03	5.971861e-03	3.452311e-05	7.078605e-05	-3.626294e-05	5.352450e-05	5.960830e-05	6.652228e-03	2.440578e-03	7.872517e-03	-5.431939e-03
314           	1.206253e-02	6.090853e-03	5.971673e-03	3.451779e-05	7.076284e-05	-3.624505e-05	5.350395e-05	5.958977e-05	6.652030e-03	2.440578e-03	7.872319e-03	-5.431741e-03
315           	1.206212e-02	6.090633e-03	5.971489e-03	3.451212e-05	7.074065e-05	-3.622854e-05	5.348460e-05	5.957234e-05	6.651838e-03	2.440581e-03	7.872128e-03	-5.431547e-03
316           	1.206172e-02	6.090418e-03	5.971307e-03	3.450628e-05	7.071932e-05	-3.621304e-05	5.346618e-05	5.955584e-05	6.651651e-03	2.440588e-03	7.871945e-03	-5.431356e-03
317           	1.206133e-02	6.090201e-03	5.971125e-03	3.450077e-05	7.069663e-05	-3.619586e-05	5.344624e-05	5.953785e-05	6.651459e-03	2.440589e-03	7.871754e-03	-5.431165e-03
318           	1.206094e-02	6.089989e-03	5.970947e-03	3.449503e-05	7.067523e-05	-3.618020e-05	5.342771e-05	5.952122e-05	6.651274e-03	2.440593e-03	7.871570e-03	-5.430978e-03
319           	1.206055e-02	6.089776e-03	5.970769e-03	3.448950e-05	7.065279e-05	-3.616329e-05	5.340804e-05	5.950344e-05	6.651086e-03	2.440592e-03	7.871382e-03	-5.430790e-03
320           	1.206016e-02	6.089570e-03	5.970595e-03	3.448370e-05	7.063202e-05	-3.614831e-05	5.339016e-05	5.948740e-05	6.650905e-03	2.440596e-03	7.871203e-03	-5.430607e-03
321           	1.205978e-02	6.089363e-03	5.970422e-03	3.447807e-05	7.061039e-05	-3.613232e-05	5.337135e-05	5.947043e-05	6.650722e-03	2.440597e-03	7.871021e-03	-5.430424e-03
322           	1.205941e-02	6.089163e-03	5.970252e-03	3.447221e-05	7.059053e-05	-3.611832e-05	5.335443e-05	5.945533e-05	6.650548e-03	2.440603e-03	7.870849e-03	-5.430246e-03
323           	1.205904e-02	6.088962e-03	5.970083e-03	3.446652e-05	7.056987e-05	-3.610335e-05	5.333661e-05	5.943934e-05	6.650371e-03	2.440606e-03	7.870674e-03	-5.430068e-03
324           	1.205869e-02	6.088768e-03	5.969917e-03	3.446070e-05	7.055092e-05	-3.609022e-05	5.332057e-05	5.942515e-05	6.650203e-03	2.440614e-03	7.870511e-03	-5.429896e-03
325           	1.205833e-02	6.088573e-03	5.969753e-03	3.445500e-05	7.053111e-05	-3.607611e-05	5.330361e-05	5.941003e-05	6.650033e-03	2.440619e-03	7.870342e-03	-5.429724e-03
326           	1.205797e-02	6.088378e-03	5.969589e-03	3.444928e-05	7.051075e-05	-3.606147e-05	5.328611e-05	5.939428e-05	6.649861e-03	2.440619e-03	7.870170e-03	-5.429551e-03
327           	1.205762e-02	6.088190e-03	5.969429e-03	3.444332e-05	7.049244e-05	-3.604912e-05	5.327078e-05	5.938064e-05	6.649698e-03	2.440626e-03	7.870012e-03	-5.429385e-03
328           	1.205727e-02	6.088003e-03	5.969270e-03	3.443731e-05	7.047347e-05	-3.603617e-05	5.325482e-05	5.936630e-05	6.649534e-03	2.440630e-03	7.869849e-03	-5.429219e-03
329           	1.205693e-02	6.087815e-03	5.969112e-03	3.443115e-05	7.045413e-05	-3.602298e-05	5.323855e-05	5.935152e-05	6.649369e-03	2.440631e-03	7.869684e-03	-5.429053e-03
330           	1.205659e-02	6.087636e-03	5.968958e-03	3.442484e-05	7.043692e-05	-3.601208e-05	5.322450e-05	5.933894e-05	6.649214e-03	2.440640e-03	7.869534e-03	-5.428894e-03
331           	1.205626e-02	6.087456e-03	5.968804e-03	3.441845e-05	7.041911e-05	-3.600066e-05	5.320989e-05	5.932574e-05	6.649057e-03	2.440646e-03	7.869380e-03	-5.428734e-03
332           	1.205593e-02	6.087276e-03	5.968652e-03	3.441192e-05	7.040092e-05	-3.598900e-05	5.319496e-05	5.931212e-05	6.648899e-03	2.440648e-03	7.869223e-03	-5.428575e-03
333           	1.205560e-02	6.087097e-03	5.968501e-03	3.440518e-05	7.038261e-05	-3.597743e-05	5.318002e-05	5.929834e-05	6.648740e-03	2.440647e-03	7.869064e-03	-5.428417e-03
334           	1.205528e-02	6.086927e-03	5.968353e-03	3.439843e-05	7.036663e-05	-3.596821e-05	5.316742e-05	5.928696e-05	6.648594e-03	2.440657e-03	7.868922e-03	-5.428265e-03
335           	1.205496e-02	6.086757e-03	5.968207e-03	3.439158e-05	7.035020e-05	-3.595862e-05	5.315441e-05	5.927511e-05	6.648446e-03	2.440663e-03	7.868777e-03	-5.428114e-03
336           	1.205465e-02	6.086587e-03	5.968061e-03	3.438461e-05	7.033346e-05	-3.594885e-05	5.314116e-05	5.926295e-05	6.648296e-03	2.440667e-03	7.868630e-03	-5.427963e-03
337           	1.205433e-02	6.086418e-03	5.967917e-03	3.437747e-05	7.031662e-05	-3.593915e-05	5.312789e-05	5.925066e-05	6.648147e-03	2.440668e-03	7.868481e-03	-5.427813e-03
338           	1.205402e-02	6.086250e-03	5.967774e-03	3.437012e-05	7.029987e-05	-3.592975e-05	5.311481e-05	5.923844e-05	6.647998e-03	2.440668e-03	7.868332e-03	-5.427663e-03
339           	1.205373e-02	6.086092e-03	5.967634e-03	3.436299e-05	7.028553e-05	-3.592254e-05	5.310404e-05	5.922869e-05	6.647862e-03	2.440679e-03	7.868201e-03	-5.427522e-03
340           	1.205343e-02	6.085933e-03	5.967496e-03	3.435574e-05	7.027082e-05	-3.591507e-05	5.309294e-05	5.921858e-05	6.647724e-03	2.440688e-03	7.868068e-03	-5.427381e-03
341           	1.205313e-02	6.085775e-03	5.967359e-03	3.434837e-05	7.025581e-05	-3.590744e-05	5.308162e-05	5.920818e-05	6.647586e-03	2.440693e-03	7.867932e-03	-5.427239e-03
342           	1.205284e-02	6.085618e-03	5.967222e-03	3.434083e-05	7.024066e-05	-3.589983e-05	5.307025e-05	5.919761e-05	6.647447e-03	2.440696e-03	7.867795e-03	-5.427099e-03
343           	1.205255e-02	6.085461e-03	5.967087e-03	3.433307e-05	7.022554e-05	-3.589246e-05	5.305900e-05	5.918703e-05	6.647308e-03	2.440698e-03	7.867657e-03	-5.426959e-03
344           	1.205226e-02	6.085306e-03	5.966953e-03	3.432509e-05	7.021057e-05	-3.588548e-05	5.304802e-05	5.917661e-05	6.647170e-03	2.440698e-03	7.867519e-03	-5.426821e-03
345           	1.205197e-02	6.085154e-03	5.966821e-03	3.431690e-05	7.019589e-05	-3.587899e-05	5.303744e-05	5.916645e-05	6.647034e-03	2.440699e-03	7.867384e-03	-5.426684e-03
346           	1.205169e-02	6.085003e-03	5.966690e-03	3.430854e-05	7.018157e-05	-3.587303e-05	5.302730e-05	5.915667e-05	6.646900e-03	2.440700e-03	7.867250e-03	-5.426550e-03
347           	1.205142e-02	6.084855e-03	5.966560e-03	3.430008e-05	7.016765e-05	-3.586758e-05	5.301762e-05	5.914729e-05	6.646768e-03	2.440703e-03	7.867119e-03	-5.426417e-03
348           	1.205115e-02	6.084716e-03	5.966435e-03	3.429240e-05	7.015620e-05	-3.586380e-05	5.301000e-05	5.914042e-05	6.646651e-03	2.440717e-03	7.867010e-03	-5.426293e-03
349           	1.205089e-02	6.084578e-03	5.966311e-03	3.428466e-05	7.014446e-05	-3.585980e-05	5.300213e-05	5.913330e-05	6.646533e-03	2.440730e-03	7.866898e-03	-5.426169e-03
350           	1.205063e-02	6.084439e-03	5.966188e-03	3.427683e-05	7.013243e-05	-3.585560e-05	5.299402e-05	5.912589e-05	6.646414e-03	2.440739e-03	7.866784e-03	-5.426045e-03
351           	1.205036e-02	6.084303e-03	5.966062e-03	3.426601e-05	7.012268e-05	-3.585667e-05	5.298968e-05	5.912088e-05	6.646292e-03	2.440745e-03	7.866664e-03	-5.425919e-03
352           	1.205010e-02	6.084168e-03	5.965937e-03	3.425568e-05	7.011219e-05	-3.585651e-05	5.298435e-05	5.911508e-05	6.646169e-03	2.440749e-03	7.866544e-03	-5.425794e-03
353           	1.204985e-02	6.084032e-03	5.965815e-03	3.424581e-05	7.010101e-05	-3.585520e-05	5.297810e-05	5.910854e-05	6.646047e-03	2.440752e-03	7.866423e-03	-5.425671e-03
354           	1.204959e-02	6.083897e-03	5.965694e-03	3.423632e-05	7.008928e-05	-3.585295e-05	5.297112e-05	5.910142e-05	6.645926e-03	2.440753e-03	7.866302e-03	-5.425549e-03
355           	1.204934e-02	6.083763e-03	5.965575e-03	3.422712e-05	7.007720e-05	-3.585008e-05	5.296364e-05	5.909394e-05	6.645806e-03	2.440754e-03	7.866182e-03	-5.425429e-03
356           	1.204909e-02	6.083630e-03	5.965458e-03	3.421809e-05	7.006500e-05	-3.584690e-05	5.295595e-05	5.908633e-05	6.645687e-03	2.440755e-03	7.866065e-03	-5.425310e-03
357           	1.204884e-02	6.083500e-03	5.965342e-03	3.420917e-05	7.005288e-05	-3.584370e-05	5.294829e-05	5.907881e-05	6.645571e-03	2.440757e-03	7.865949e-03	-5.425193e-03
358           	1.204860e-02	6.083371e-03	5.965228e-03	3.420029e-05	7.004102e-05	-3.584073e-05	5.294087e-05	5.907154e-05	6.645457e-03	2.440759e-03	7.865836e-03	-5.425077e-03
359           	1.204836e-02	6.083244e-03	5.965115e-03	3.419140e-05	7.002955e-05	-3.583815e-05	5.293385e-05	5.906466e-05	6.645345e-03	2.440762e-03	7.865726e-03	-5.424964e-03
360           	1.204812e-02	6.083120e-03	5.965004e-03	3.418247e-05	7.001855e-05	-3.583607e-05	5.292731e-05	5.905823e-05	6.645235e-03	2.440767e-03	7.865618e-03	-5.424852e-03
361           	1.204789e-02	6.082998e-03	5.964894e-03	3.417349e-05	7.000805e-05	-3.583456e-05	5.292130e-05	5.905230e-05	6.645128e-03	2.440772e-03	7.865513e-03	-5.424742e-03
362           	1.204766e-02	6.082878e-03	5.964785e-03	3.416442e-05	6.999804e-05	-3.583362e-05	5.291583e-05	5.904685e-05	6.645022e-03	2.440778e-03	7.865411e-03	-5.424633e-03
363           	1.204744e-02	6.082760e-03	5.964677e-03	3.415526e-05	6.998851e-05	-3.583325e-05	5.291088e-05	5.904185e-05	6.644918e-03	2.440784e-03	7.865310e-03	-5.424526e-03
364           	1.204721e-02	6.082644e-03	5.964570e-03	3.414597e-05	6.997938e-05	-3.583341e-05	5.290640e-05	5.903726e-05	6.644816e-03	2.440790e-03	7.865211e-03	-5.424421e-03
365           	1.204699e-02	6.082530e-03	5.964464e-03	3.413655e-05	6.997062e-05	-3.583407e-05	5.290234e-05	5.903301e-05	6.644715e-03	2.440796e-03	7.865113e-03	-5.424317e-03
366           	1.204678e-02	6.082417e-03	5.964359e-03	3.412696e-05	6.996215e-05	-3.583519e-05	5.289867e-05	5.902906e-05	6.644615e-03	2.440802e-03	7.865017e-03	-5.424214e-03
367           	1.204656e-02	6.082306e-03	5.964255e-03	3.411720e-05	6.995392e-05	-3.583672e-05	5.289532e-05	5.902534e-05	6.644517e-03	2.440808e-03	7.864921e-03	-5.424113e-03
368           	1.204635e-02	6.082196e-03	5.964153e-03	3.410726e-05	6.994590e-05	-3.583863e-05	5.289227e-05	5.902183e-05	6.644419e-03	2.440814e-03	7.864826e-03	-5.424012e-03
369           	1.204614e-02	6.082088e-03	5.964051e-03	3.409715e-05	6.993805e-05	-3.584090e-05	5.288947e-05	5.901848e-05	6.644322e-03	2.440819e-03	7.864732e-03	-5.423913e-03
370           	1.204593e-02	6.081980e-03	5.963950e-03	3.408686e-05	6.993035e-05	-3.584349e-05	5.288692e-05	5.901529e-05	6.644227e-03	2.440824e-03	7.864639e-03	-5.423815e-03
371           	1.204572e-02	6.081874e-03	5.963850e-03	3.407642e-05	6.992280e-05	-3.584637e-05	5.288458e-05	5.901224e-05	6.644132e-03	2.440829e-03	7.864546e-03	-5.423718e-03
372           	1.204552e-02	6.081770e-03	5.963751e-03	3.406586e-05	6.991539e-05	-3.584954e-05	5.288247e-05	5.900935e-05	6.644038e-03	2.440833e-03	7.864455e-03	-5.423621e-03
373           	1.204532e-02	6.081666e-03	5.963653e-03	3.405519e-05	6.990815e-05	-3.585296e-05	5.288056e-05	5.900660e-05	6.643945e-03	2.440837e-03	7.864364e-03	-5.423527e-03
374           	1.204512e-02	6.081564e-03	5.963556e-03	3.404443e-05	6.990107e-05	-3.585664e-05	5.287886e-05	5.900403e-05	6.643853e-03	2.440842e-03	7.864274e-03	-5.423433e-03
375           	1.204492e-02	6.081464e-03	5.963460e-03	3.403362e-05	6.989418e-05	-3.586056e-05	5.287737e-05	5.900164e-05	6.643763e-03	2.440846e-03	7.864186e-03	-5.423340e-03
376           	1.204473e-02	6.081364e-03	5.963366e-03	3.402276e-05	6.988747e-05	-3.586471e-05	5.287609e-05	5.899943e-05	6.643674e-03	2.440850e-03	7.864099e-03	-5.423248e-03
377           	1.204454e-02	6.081267e-03	5.963272e-03	3.401187e-05	6.988096e-05	-3.586909e-05	5.287503e-05	5.899743e-05	6.643585e-03	2.440855e-03	7.864013e-03	-5.423158e-03
378           	1.204435e-02	6.081170e-03	5.963179e-03	3.400096e-05	6.987465e-05	-3.587369e-05	5.287417e-05	5.899562e-05	6.643498e-03	2.440859e-03	7.863928e-03	-5.423069e-03
379           	1.204416e-02	6.081075e-03	5.963087e-03	3.399003e-05	6.986854e-05	-3.587851e-05	5.287353e-05	5.899401e-05	6.643413e-03	2.440864e-03	7.863844e-03	-5.422981e-03
380           	1.204398e-02	6.080981e-03	5.962996e-03	3.397907e-05	6.986263e-05	-3.588356e-05	5.287309e-05	5.899260e-05	6.643328e-03	2.440868e-03	7.863762e-03	-5.422894e-03
381           	1.204379e-02	6.080889e-03	5.962906e-03	3.396809e-05	6.985690e-05	-3.588882e-05	5.287286e-05	5.899137e-05	6.643244e-03	2.440873e-03	7.863681e-03	-5.422808e-03
382           	1.204361e-02	6.080798e-03	5.962817e-03	3.395706e-05	6.985136e-05	-3.589430e-05	5.287283e-05	5.899033e-05	6.643162e-03	2.440877e-03	7.863600e-03	-5.422723e-03
383           	1.204344e-02	6.080708e-03	5.962729e-03	3.394599e-05	6.984600e-05	-3.590001e-05	5.287300e-05	5.898945e-05	6.643080e-03	2.440882e-03	7.863521e-03	-5.422639e-03
384           	1.204326e-02	6.080619e-03	5.962641e-03	3.393487e-05	6.984081e-05	-3.590593e-05	5.287337e-05	5.898874e-05	6.643000e-03	2.440886e-03	7.863443e-03	-5.422557e-03
385           	1.204309e-02	6.080531e-03	5.962555e-03	3.392370e-05	6.983578e-05	-3.591208e-05	5.287393e-05	5.898818e-05	6.642920e-03	2.440891e-03	7.863366e-03	-5.422475e-03
386           	1.204291e-02	6.080445e-03	5.962469e-03	3.391246e-05	6.983091e-05	-3.591845e-05	5.287468e-05	5.898778e-05	6.642842e-03	2.440895e-03	7.863289e-03	-5.422394e-03
387           	1.204274e-02	6.080360e-03	5.962385e-03	3.390116e-05	6.982620e-05	-3.592504e-05	5.287562e-05	5.898752e-05	6.642764e-03	2.440899e-03	7.863214e-03	-5.422315e-03
388           	1.204258e-02	6.080276e-03	5.962301e-03	3.388980e-05	6.982165e-05	-3.593185e-05	5.287675e-05	5.898741e-05	6.642687e-03	2.440903e-03	7.863139e-03	-5.422236e-03
389           	1.204241e-02	6.080193e-03	5.962218e-03	3.387839e-05	6.981726e-05	-3.593887e-05	5.287806e-05	5.898745e-05	6.642612e-03	2.440908e-03	7.863065e-03	-5.422158e-03
390           	1.204225e-02	6.080111e-03	5.962136e-03	3.386693e-05	6.981302e-05	-3.594609e-05	5.287955e-05	5.898763e-05	6.642537e-03	2.440912e-03	7.862993e-03	-5.422081e-03
391           	1.204208e-02	6.080030e-03	5.962054e-03	3.385541e-05	6.980893e-05	-3.595352e-05	5.288122e-05	5.898796e-05	6.642463e-03	2.440916e-03	7.862921e-03	-5.422005e-03
392           	1.204192e-02	6.079951e-03	5.961974e-03	3.384386e-05	6.980500e-05	-3.596114e-05	5.288307e-05	5.898843e-05	6.642390e-03	2.440920e-03	7.862850e-03	-5.421930e-03
393           	1.204177e-02	6.079872e-03	5.961894e-03	3.383226e-05	6.980122e-05	-3.596896e-05	5.288509e-05	5.898905e-05	6.642318e-03	2.440924e-03	7.862780e-03	-5.421856e-03
394           	1.204161e-02	6.079795e-03	5.961815e-03	3.382063e-05	6.979759e-05	-3.597697e-05	5.288728e-05	5.898982e-05	6.642246e-03	2.440928e-03	7.862710e-03	-5.421783e-03
395           	1.204146e-02	6.079719e-03	5.961737e-03	3.380896e-05	6.979412e-05	-3.598516e-05	5.288964e-05	5.899072e-05	6.642176e-03	2.440932e-03	7.862642e-03	-5.421710e-03
396           	1.204130e-02	6.079643e-03	5.961660e-03	3.379726e-05	6.979079e-05	-3.599352e-05	5.289216e-05	5.899177e-05	6.642107e-03	2.440936e-03	7.862574e-03	-5.421639e-03
397           	1.204115e-02	6.079569e-03	5.961583e-03	3.378554e-05	6.978760e-05	-3.600206e-05	5.289483e-05	5.899295e-05	6.642038e-03	2.440940e-03	7.862508e-03	-5.421568e-03
398           	1.204100e-02	6.079496e-03	5.961507e-03	3.377378e-05	6.978456e-05	-3.601077e-05	5.289766e-05	5.899427e-05	6.641970e-03	2.440943e-03	7.862442e-03	-5.421498e-03
399           	1.204086e-02	6.079424e-03	5.961432e-03	3.376200e-05	6.978165e-05	-3.601965e-05	5.290065e-05	5.899571e-05	6.641903e-03	2.440947e-03	7.862377e-03	-5.421429e-03
400           	1.204071e-02	6.079352e-03	5.961358e-03	3.375018e-05	6.977888e-05	-3.602870e-05	5.290379e-05	5.899728e-05	6.641837e-03	2.440951e-03	7.862312e-03	-5.421361e-03
401           	1.204057e-02	6.079282e-03	5.961284e-03	3.373834e-05	6.977625e-05	-3.603791e-05	5.290708e-05	5.899898e-05	6.641772e-03	2.440955e-03	7.862249e-03	-5.421294e-03
402           	1.204042e-02	6.079213e-03	5.961211e-03	3.372646e-05	6.977375e-05	-3.604729e-05	5.291052e-05	5.900080e-05	6.641707e-03	2.440959e-03	7.862186e-03	-5.421228e-03
403           	1.204028e-02	6.079145e-03	5.961139e-03	3.371455e-05	6.977138e-05	-3.605683e-05	5.291411e-05	5.900274e-05	6.641643e-03	2.440962e-03	7.862124e-03	-5.421162e-03
404           	1.204015e-02	6.079077e-03	5.961068e-03	3.370261e-05	6.976914e-05	-3.606653e-05	5.291784e-05	5.900480e-05	6.641580e-03	2.440966e-03	7.862063e-03	-5.421097e-03
405           	1.204001e-02	6.079011e-03	5.960997e-03	3.369064e-05	6.976703e-05	-3.607640e-05	5.292171e-05	5.900698e-05	6.641518e-03	2.440970e-03	7.862003e-03	-5.421033e-03
406           	1.203987e-02	6.078945e-03	5.960927e-03	3.367864e-05	6.976505e-05	-3.608641e-05	5.292573e-05	5.900927e-05	6.641456e-03	2.440973e-03	7.861943e-03	-5.420970e-03
407           	1.203974e-02	6.078881e-03	5.960857e-03	3.366662e-05	6.976319e-05	-3.609657e-05	5.292988e-05	5.901168e-05	6.641396e-03	2.440977e-03	7.861884e-03	-5.420907e-03
408           	1.203961e-02	6.078817e-03	5.960789e-03	3.365458e-05	6.976146e-05	-3.610688e-05	5.293417e-05	5.901420e-05	6.641336e-03	2.440980e-03	7.861826e-03	-5.420845e-03
409           	1.203948e-02	6.078754e-03	5.960721e-03	3.364252e-05	6.975984e-05	-3.611733e-05	5.293858e-05	5.901683e-05	6.641276e-03	2.440984e-03	7.861768e-03	-5.420784e-03
410           	1.203935e-02	6.078692e-03	5.960653e-03	3.363043e-05	6.975835e-05	-3.612791e-05	5.294313e-05	5.901956e-05	6.641218e-03	2.440987e-03	7.861711e-03	-5.420724e-03
411           	1.203922e-02	6.078631e-03	5.960587e-03	3.361833e-05	6.975697e-05	-3.613864e-05	5.294781e-05	5.902241e-05	6.641160e-03	2.440991e-03	7.861655e-03	-5.420664e-03
412           	1.203909e-02	6.078571e-03	5.960520e-03	3.360622e-05	6.975572e-05	-3.614950e-05	5.295261e-05	5.902536e-05	6.641103e-03	2.440994e-03	7.861600e-03	-5.420606e-03
413           	1.203897e-02	6.078512e-03	5.960455e-03	3.359408e-05	6.975457e-05	-3.616049e-05	5.295753e-05	5.902841e-05	6.641046e-03	2.440998e-03	7.861545e-03	-5.420547e-03
414           	1.203884e-02	6.078453e-03	5.960390e-03	3.358193e-05	6.975354e-05	-3.617160e-05	5.296257e-05	5.903156e-05	6.640990e-03	2.441001e-03	7.861491e-03	-5.420490e-03
415           	1.203872e-02	6.078396e-03	5.960326e-03	3.356977e-05	6.975262e-05	-3.618284e-05	5.296773e-05	5.903481e-05	6.640935e-03	2.441004e-03	7.861437e-03	-5.420433e-03
416           	1.203860e-02	6.078339e-03	5.960262e-03	3.355760e-05	6.975180e-05	-3.619420e-05	5.297300e-05	5.903815e-05	6.640881e-03	2.441008e-03	7.861385e-03	-5.420377e-03
417           	1.203848e-02	6.078283e-03	5.960199e-03	3.354542e-05	6.975109e-05	-3.620567e-05	5.297838e-05	5.904159e-05	6.640827e-03	2.441011e-03	7.861332e-03	-5.420322e-03
418           	1.203836e-02	6.078227e-03	5.960137e-03	3.353323e-05	6.975048e-05	-3.621725e-05	5.298387e-05	5.904511e-05	6.640774e-03	2.441014e-03	7.861281e-03	-5.420267e-03
419           	1.203825e-02	6.078173e-03	5.960075e-03	3.352104e-05	6.974997e-05	-3.622893e-05	5.298945e-05	5.904872e-05	6.640721e-03	2.441017e-03	7.861230e-03	-5.420213e-03
420           	1.203813e-02	6.078119e-03	5.960014e-03	3.350884e-05	6.974956e-05	-3.624072e-05	5.299514e-05	5.905242e-05	6.640669e-03	2.441020e-03	7.861180e-03	-5.420159e-03
421           	1.203802e-02	6.078066e-03	5.959954e-03	3.349664e-05	6.974925e-05	-3.625261e-05	5.300093e-05	5.905620e-05	6.640618e-03	2.441024e-03	7.861130e-03	-5.420106e-03
422           	1.203791e-02	6.078014e-03	5.959894e-03	3.348444e-05	6.974903e-05	-3.626459e-05	5.300681e-05	5.906006e-05	6.640568e-03	2.441027e-03	7.861081e-03	-5.420054e-03
423           	1.203780e-02	6.077962e-03	5.959834e-03	3.347224e-05	6.974890e-05	-3.627666e-05	5.301278e-05	5.906399e-05	6.640518e-03	2.441030e-03	7.861032e-03	-5.420003e-03
424           	1.203769e-02	6.077911e-03	5.959775e-03	3.346005e-05	6.974886e-05	-3.628881e-05	5.301884e-05	5.906800e-05	6.640468e-03	2.441033e-03	7.860985e-03	-5.419952e-03
425           	1.203758e-02	6.077861e-03	5.959717e-03	3.344786e-05	6.974891e-05	-3.630105e-05	5.302498e-05	5.907209e-05	6.640419e-03	2.441036e-03	7.860937e-03	-5.419901e-03
426           	1.203747e-02	6.077812e-03	5.959659e-03	3.343568e-05	6.974904e-05	-3.631336e-05	5.303120e-05	5.907624e-05	6.640371e-03	2.441039e-03	7.860891e-03	-5.419852e-03
427           	1.203737e-02	6.077763e-03	5.959602e-03	3.342350e-05	6.974925e-05	-3.632575e-05	5.303750e-05	5.908046e-05	6.640323e-03	2.441042e-03	7.860844e-03	-5.419802e-03
428           	1.203726e-02	6.077715e-03	5.959546e-03	3.341134e-05	6.974954e-05	-3.633820e-05	5.304387e-05	5.908475e-05	6.640276e-03	2.441045e-03	7.860799e-03	-5.419754e-03
429           	1.203716e-02	6.077668e-03	5.959488e-03	3.339908e-05	6.975090e-05	-3.635182e-05	5.305136e-05	5.908972e-05	6.640227e-03	2.441047e-03	7.860751e-03	-5.419704e-03
430           	1.203705e-02	6.077621e-03	5.959433e-03	3.338674e-05	6.975117e-05	-3.636444e-05	5.305780e-05	5.909411e-05	6.640182e-03	2.441050e-03	7.860707e-03	-5.419657e-03
431           	1.203695e-02	6.077575e-03	5.959377e-03	3.337417e-05	6.975256e-05	-3.637838e-05	5.306547e-05	5.909924e-05	6.640135e-03	2.441053e-03	7.860661e-03	-5.419609e-03
432           	1.203685e-02	6.077530e-03	5.959323e-03	3.336178e-05	6.975275e-05	-3.639097e-05	5.307186e-05	5.910364e-05	6.640091e-03	2.441056e-03	7.860619e-03	-5.419563e-03
433           	1.203675e-02	6.077485e-03	5.959268e-03	3.334915e-05	6.975411e-05	-3.640496e-05	5.307953e-05	5.910882e-05	6.640045e-03	2.441058e-03	7.860574e-03	-5.419516e-03
434           	1.203665e-02	6.077441e-03	5.959213e-03	3.333646e-05	6.975540e-05	-3.641894e-05	5.308717e-05	5.911401e-05	6.640000e-03	2.441060e-03	7.860530e-03	-5.419470e-03
435           	1.203656e-02	6.077398e-03	5.959161e-03	3.332442e-05	6.975534e-05	-3.643093e-05	5.309314e-05	5.911824e-05	6.639958e-03	2.441063e-03	7.860490e-03	-5.419427e-03
436           	1.203646e-02	6.077355e-03	5.959108e-03	3.331208e-05	6.975657e-05	-3.644449e-05	5.310053e-05	5.912331e-05	6.639915e-03	2.441066e-03	7.860447e-03	-5.419382e-03
437           	1.203637e-02	6.077313e-03	5.959056e-03	3.329988e-05	6.975774e-05	-3.645786e-05	5.310780e-05	5.912833e-05	6.639872e-03	2.441068e-03	7.860405e-03	-5.419338e-03
438           	1.203627e-02	6.077271e-03	5.959004e-03	3.328779e-05	6.975885e-05	-3.647106e-05	5.311495e-05	5.913330e-05	6.639829e-03	2.441070e-03	7.860364e-03	-5.419294e-03
439           	1.203618e-02	6.077230e-03	5.958953e-03	3.327581e-05	6.975990e-05	-3.648410e-05	5.312200e-05	5.913823e-05	6.639788e-03	2.441073e-03	7.860324e-03	-5.419251e-03
440           	1.203609e-02	6.077189e-03	5.958903e-03	3.326394e-05	6.976092e-05	-3.649698e-05	5.312895e-05	5.914311e-05	6.639747e-03	2.441075e-03	7.860285e-03	-5.419209e-03
441           	1.203600e-02	6.077149e-03	5.958853e-03	3.325220e-05	6.976191e-05	-3.650971e-05	5.313581e-05	5.914796e-05	6.639707e-03	2.441078e-03	7.860246e-03	-5.419168e-03
442           	1.203591e-02	6.077109e-03	5.958804e-03	3.324059e-05	6.976290e-05	-3.652231e-05	5.314260e-05	5.915278e-05	6.639667e-03	2.441081e-03	7.860207e-03	-5.419127e-03
443           	1.203583e-02	6.077070e-03	5.958755e-03	3.322911e-05	6.976389e-05	-3.653478e-05	5.314933e-05	5.915758e-05	6.639628e-03	2.441083e-03	7.860170e-03	-5.419086e-03
444           	1.203574e-02	6.077032e-03	5.958707e-03	3.321774e-05	6.976490e-05	-3.654716e-05	5.315603e-05	5.916236e-05	6.639590e-03	2.441086e-03	7.860132e-03	-5.419047e-03
445           	1.203565e-02	6.076994e-03	5.958660e-03	3.320648e-05	6.976595e-05	-3.655947e-05	5.316271e-05	5.916715e-05	6.639551e-03	2.441089e-03	7.860096e-03	-5.419007e-03
