# Force and moment coefficients
# dragDir     : (1.000000e+00 0.000000e+00 0.000000e+00)
# sideDir     : (0.000000e+00 1.000000e+00 0.000000e+00)
# liftDir     : (0.000000e+00 0.000000e+00 1.000000e+00)
# rollAxis    : (1.000000e+00 0.000000e+00 0.000000e+00)
# pitchAxis   : (0.000000e+00 1.000000e+00 0.000000e+00)
# yawAxis     : (0.000000e+00 0.000000e+00 1.000000e+00)
# magUInf     : 6.661800e+00
# lRef        : 1.499270e-01
# Aref        : 5.000000e-02
# CofR        : (0.000000e+00 0.000000e+00 0.000000e+00)
#
# Time        	Cd            	Cd(f)         	Cd(r)         	Cl            	Cl(f)         	Cl(r)         	CmPitch       	CmRoll        	CmYaw         	Cs            	Cs(f)         	Cs(r)         
1             	5.661519e-01	2.626525e-01	3.034993e-01	-1.637223e-02	5.611042e-01	-5.774764e-01	5.692903e-01	-2.042342e-02	9.015978e-03	1.926305e-02	1.864750e-02	6.155461e-04
2             	4.153814e-01	1.906435e-01	2.247379e-01	-2.048358e-02	4.076250e-01	-4.281086e-01	4.178668e-01	-1.704719e-02	7.414406e-03	1.604336e-02	1.543609e-02	6.072743e-04
3             	3.164229e-01	1.472375e-01	1.691854e-01	-2.020092e-02	3.079293e-01	-3.281302e-01	3.180297e-01	-1.097393e-02	4.769736e-03	1.023886e-02	9.889168e-03	3.496957e-04
4             	2.430814e-01	1.174405e-01	1.256409e-01	-1.688218e-02	2.351975e-01	-2.520797e-01	2.436386e-01	-4.100165e-03	1.854138e-03	3.655743e-03	3.682010e-03	-2.626681e-05
5             	1.850910e-01	9.447074e-02	9.062024e-02	-1.199195e-02	1.786236e-01	-1.906155e-01	1.846195e-01	1.925250e-03	-6.474628e-04	-2.121351e-03	-1.708138e-03	-4.132125e-04
6             	1.393923e-01	7.568423e-02	6.370803e-02	-6.859364e-03	1.346578e-01	-1.415171e-01	1.380874e-01	5.988103e-03	-2.275338e-03	-6.007735e-03	-5.279206e-03	-7.285289e-04
7             	1.052150e-01	6.023842e-02	4.497654e-02	-2.459371e-03	1.021381e-01	-1.045975e-01	1.033678e-01	7.630941e-03	-2.851130e-03	-7.547567e-03	-6.624914e-03	-9.226539e-04
8             	8.187923e-02	4.795800e-02	3.392123e-02	6.628695e-04	8.012617e-02	-7.946330e-02	7.979473e-02	7.018386e-03	-2.466019e-03	-6.891921e-03	-5.911979e-03	-9.799420e-04
9             	6.798864e-02	3.876366e-02	2.922498e-02	2.364683e-03	6.710508e-02	-6.474040e-02	6.592274e-02	4.769340e-03	-1.405651e-03	-4.639042e-03	-3.725172e-03	-9.138704e-04
10            	6.146660e-02	3.247015e-02	2.899644e-02	2.804728e-03	6.099242e-02	-5.818769e-02	5.959005e-02	1.736857e-03	-5.243384e-05	-1.620866e-03	-8.628669e-04	-7.579992e-04
11            	5.988688e-02	2.871267e-02	3.117420e-02	2.319629e-03	5.943787e-02	-5.711824e-02	5.827805e-02	-1.230765e-03	1.219369e-03	1.326622e-03	1.882680e-03	-5.560576e-04
12            	6.091345e-02	2.697894e-02	3.393451e-02	1.303844e-03	6.022313e-02	-5.891929e-02	5.957121e-02	-3.477784e-03	2.129909e-03	3.552120e-03	3.905969e-03	-3.538490e-04
13            	6.264213e-02	2.668188e-02	3.596025e-02	1.171112e-04	6.157130e-02	-6.145419e-02	6.151274e-02	-4.639184e-03	2.533497e-03	4.689833e-03	4.878413e-03	-1.885802e-04
14            	6.378895e-02	2.723211e-02	3.655684e-02	-9.717327e-04	6.230944e-02	-6.328117e-02	6.279531e-02	-4.662367e-03	2.426647e-03	4.684635e-03	4.768964e-03	-8.432941e-05
15            	6.372069e-02	2.809780e-02	3.562289e-02	-1.805907e-03	6.188355e-02	-6.368946e-02	6.278651e-02	-3.762549e-03	1.925083e-03	3.748903e-03	3.799534e-03	-5.063109e-05
16            	6.235876e-02	2.885956e-02	3.349920e-02	-2.333570e-03	6.026070e-02	-6.259427e-02	6.142749e-02	-2.319820e-03	1.213476e-03	2.261950e-03	2.344451e-03	-8.250113e-05
17            	5.999508e-02	2.923128e-02	3.076381e-02	-2.580884e-03	5.774596e-02	-6.032685e-02	5.903641e-02	-7.662641e-04	4.932763e-04	6.581603e-04	8.223564e-04	-1.641961e-04
18            	5.710652e-02	2.907576e-02	2.803076e-02	-2.620037e-03	5.480517e-02	-5.742521e-02	5.611519e-02	5.225009e-04	-6.727532e-05	-6.809969e-04	-4.077738e-04	-2.732231e-04
19            	5.418060e-02	2.838784e-02	2.579276e-02	-2.537769e-03	5.190040e-02	-5.443817e-02	5.316929e-02	1.297542e-03	-3.644025e-04	-1.499664e-03	-1.114235e-03	-3.854298e-04
20            	5.158731e-02	2.726274e-02	2.432457e-02	-2.410989e-03	4.937171e-02	-5.178270e-02	5.057721e-02	1.469088e-03	-3.712163e-04	-1.701229e-03	-1.221831e-03	-4.793984e-04
21            	4.952854e-02	2.586345e-02	2.366510e-02	-2.293924e-03	4.739382e-02	-4.968774e-02	4.854078e-02	1.099175e-03	-1.319429e-04	-1.342356e-03	-8.031209e-04	-5.392351e-04
22            	4.803202e-02	2.437591e-02	2.365611e-02	-2.213790e-03	4.597462e-02	-4.818841e-02	4.708152e-02	3.598976e-04	2.603162e-04	-5.932833e-04	-3.632541e-05	-5.569579e-04
23            	4.699464e-02	2.297387e-02	2.402077e-02	-2.174837e-03	4.499968e-02	-4.717451e-02	4.608709e-02	-5.234463e-04	6.924918e-04	3.191546e-04	8.520691e-04	-5.329144e-04
24            	4.623742e-02	2.178727e-02	2.445014e-02	-2.165674e-03	4.428650e-02	-4.645218e-02	4.536934e-02	-1.331435e-03	1.059627e-03	1.170486e-03	1.644870e-03	-4.743834e-04
25            	4.557226e-02	2.088950e-02	2.468276e-02	-2.168645e-03	4.364895e-02	-4.581760e-02	4.473328e-02	-1.896633e-03	1.287005e-03	1.786181e-03	2.180095e-03	-3.939146e-04
26            	4.485128e-02	2.029479e-02	2.455649e-02	-2.167552e-03	4.294286e-02	-4.511041e-02	4.402663e-02	-2.130850e-03	1.341191e-03	2.069891e-03	2.376137e-03	-3.062460e-04
27            	4.399031e-02	1.996458e-02	2.402573e-02	-2.152124e-03	4.208867e-02	-4.424080e-02	4.316474e-02	-2.030576e-03	1.230522e-03	2.010328e-03	2.235686e-03	-2.253580e-04
28            	4.297492e-02	1.982264e-02	2.315229e-02	-2.119839e-03	4.107583e-02	-4.319567e-02	4.213575e-02	-1.664824e-03	9.976624e-04	1.670183e-03	1.832754e-03	-1.625707e-04
29            	4.184931e-02	1.977617e-02	2.207314e-02	-2.075168e-03	3.995085e-02	-4.202602e-02	4.098843e-02	-1.148482e-03	7.052460e-04	1.160605e-03	1.285549e-03	-1.249434e-04
30            	4.069364e-02	1.973744e-02	2.095620e-02	-2.027044e-03	3.879445e-02	-4.082150e-02	3.980798e-02	-6.093763e-04	4.190685e-04	6.092253e-04	7.236811e-04	-1.144559e-04
31            	3.959591e-02	1.963824e-02	1.995767e-02	-1.985469e-03	3.769440e-02	-3.967987e-02	3.868714e-02	-1.597168e-04	1.936436e-04	1.310739e-04	2.591806e-04	-1.281066e-04
32            	3.862883e-02	1.943969e-02	1.918914e-02	-1.958612e-03	3.672318e-02	-3.868179e-02	3.770248e-02	1.252753e-04	6.237830e-05	-1.933408e-04	-3.429207e-05	-1.590487e-04
33            	3.783587e-02	1.913456e-02	1.870131e-02	-1.951015e-03	3.592433e-02	-3.787534e-02	3.689983e-02	2.166263e-04	3.411721e-05	-3.284250e-04	-1.300953e-04	-1.983297e-04
34            	3.722545e-02	1.874263e-02	1.848282e-02	-1.962863e-03	3.530682e-02	-3.726969e-02	3.628826e-02	1.299092e-04	9.533595e-05	-2.829962e-04	-4.616214e-05	-2.368340e-04
35            	3.677442e-02	1.830127e-02	1.847315e-02	-1.990468e-03	3.484859e-02	-3.683905e-02	3.584382e-02	-8.594344e-05	2.167843e-04	-1.003468e-04	1.666108e-04	-2.669577e-04
36            	3.643740e-02	1.785438e-02	1.858302e-02	-2.027524e-03	3.450554e-02	-3.653306e-02	3.551930e-02	-3.643173e-04	3.621413e-04	1.566090e-04	4.404458e-04	-2.838368e-04
37            	3.615927e-02	1.744190e-02	1.871737e-02	-2.066749e-03	3.422379e-02	-3.629054e-02	3.525717e-02	-6.377340e-04	4.967754e-04	4.217002e-04	7.076255e-04	-2.859253e-04
38            	3.588751e-02	1.709198e-02	1.879552e-02	-2.101483e-03	3.395170e-02	-3.605318e-02	3.500244e-02	-8.517692e-04	5.945382e-04	6.394160e-04	9.142462e-04	-2.748303e-04
39            	3.558223e-02	1.681677e-02	1.876546e-02	-2.126938e-03	3.364945e-02	-3.577639e-02	3.471292e-02	-9.743447e-04	6.420715e-04	7.747728e-04	1.029458e-03	-2.546851e-04
40            	3.522132e-02	1.661288e-02	1.860844e-02	-2.140796e-03	3.329435e-02	-3.543514e-02	3.436474e-02	-9.977793e-04	6.389359e-04	8.160706e-04	1.046971e-03	-2.309006e-04
41            	3.480129e-02	1.646457e-02	1.833671e-02	-2.143240e-03	3.288173e-02	-3.502497e-02	3.395335e-02	-9.360710e-04	5.954696e-04	7.730598e-04	9.819995e-04	-2.089397e-04
42            	3.433428e-02	1.634913e-02	1.798515e-02	-2.136478e-03	3.242229e-02	-3.455877e-02	3.349053e-02	-8.180108e-04	5.286158e-04	6.708502e-04	8.640409e-04	-1.931907e-04
43            	3.384256e-02	1.624279e-02	1.759977e-02	-2.123967e-03	3.193690e-02	-3.406087e-02	3.299889e-02	-6.784869e-04	4.570824e-04	5.418060e-04	7.279854e-04	-1.861794e-04
44            	3.335212e-02	1.612587e-02	1.722625e-02	-2.109530e-03	3.145047e-02	-3.356000e-02	3.250523e-02	-5.501925e-04	3.970515e-04	4.175551e-04	6.058290e-04	-1.882740e-04
45            	3.288664e-02	1.598642e-02	1.690021e-02	-2.096556e-03	3.098616e-02	-3.308272e-02	3.203444e-02	-4.568953e-04	3.589256e-04	3.222396e-04	5.200454e-04	-1.978059e-04
46            	3.246328e-02	1.582127e-02	1.664201e-02	-2.087458e-03	3.056123e-02	-3.264868e-02	3.160495e-02	-4.103729e-04	3.462542e-04	2.691612e-04	4.808348e-04	-2.116736e-04
47            	3.209040e-02	1.563516e-02	1.645524e-02	-2.083417e-03	3.018465e-02	-3.226807e-02	3.122636e-02	-4.100441e-04	3.560965e-04	2.599342e-04	4.860636e-04	-2.261294e-04
48            	3.176750e-02	1.543838e-02	1.632912e-02	-2.084399e-03	2.985693e-02	-3.194133e-02	3.089913e-02	-4.453716e-04	3.808095e-04	2.863537e-04	5.239864e-04	-2.376327e-04
49            	3.148686e-02	1.524352e-02	1.624335e-02	-2.089411e-03	2.957146e-02	-3.166087e-02	3.061617e-02	-4.999156e-04	4.105504e-04	3.339566e-04	5.775287e-04	-2.435721e-04
50            	3.123627e-02	1.506215e-02	1.617412e-02	-2.096884e-03	2.931705e-02	-3.141394e-02	3.036550e-02	-5.559817e-04	4.359137e-04	3.863287e-04	6.290780e-04	-2.427493e-04
51            	3.100208e-02	1.490240e-02	1.609968e-02	-2.105085e-03	2.908078e-02	-3.118586e-02	3.013332e-02	-5.986415e-04	4.499783e-04	4.289456e-04	6.644511e-04	-2.355055e-04
52            	3.077196e-02	1.476733e-02	1.600464e-02	-2.112488e-03	2.885060e-02	-3.096309e-02	2.990685e-02	-6.186545e-04	4.496185e-04	4.521346e-04	6.756858e-04	-2.235512e-04
53            	3.053692e-02	1.465499e-02	1.588193e-02	-2.118017e-03	2.861739e-02	-3.073541e-02	2.967640e-02	-6.134724e-04	4.356366e-04	4.522668e-04	6.617700e-04	-2.095033e-04
54            	3.029223e-02	1.455935e-02	1.573288e-02	-2.121167e-03	2.837592e-02	-3.049709e-02	2.943651e-02	-5.867689e-04	4.120902e-04	4.315850e-04	6.278827e-04	-1.962977e-04
55            	3.003746e-02	1.447204e-02	1.556542e-02	-2.121987e-03	2.812503e-02	-3.024701e-02	2.918602e-02	-5.466937e-04	3.849747e-04	3.967903e-04	5.833699e-04	-1.865796e-04
56            	2.977567e-02	1.438442e-02	1.539126e-02	-2.120960e-03	2.786695e-02	-2.998791e-02	2.892743e-02	-5.034193e-04	3.606413e-04	3.568876e-04	5.390851e-04	-1.821975e-04
57            	2.951211e-02	1.428943e-02	1.522268e-02	-2.118830e-03	2.760622e-02	-2.972505e-02	2.866564e-02	-4.666249e-04	3.443304e-04	3.208804e-04	5.047706e-04	-1.838902e-04
58            	2.925281e-02	1.418300e-02	1.506981e-02	-2.116411e-03	2.734838e-02	-2.946479e-02	2.840658e-02	-4.434077e-04	3.390848e-04	2.957775e-04	4.869735e-04	-1.911960e-04
59            	2.900325e-02	1.406455e-02	1.493870e-02	-2.114422e-03	2.709869e-02	-2.921311e-02	2.815590e-02	-4.370725e-04	3.452884e-04	2.853475e-04	4.879622e-04	-2.026146e-04
60            	2.876745e-02	1.393686e-02	1.483059e-02	-2.113373e-03	2.686126e-02	-2.897464e-02	2.791795e-02	-4.468647e-04	3.608034e-04	2.897131e-04	5.056599e-04	-2.159468e-04
61            	2.854744e-02	1.380519e-02	1.474225e-02	-2.113505e-03	2.663847e-02	-2.875198e-02	2.769522e-02	-4.685280e-04	3.815809e-04	3.057227e-04	5.344423e-04	-2.287195e-04
62            	2.834327e-02	1.367603e-02	1.466724e-02	-2.114801e-03	2.643085e-02	-2.854565e-02	2.748825e-02	-4.956022e-04	4.026604e-04	3.280123e-04	5.666665e-04	-2.386542e-04
63            	2.815327e-02	1.355570e-02	1.459757e-02	-2.117039e-03	2.623731e-02	-2.835435e-02	2.729583e-02	-5.209383e-04	4.192087e-04	3.503321e-04	5.943748e-04	-2.440427e-04
64            	2.797467e-02	1.344916e-02	1.452552e-02	-2.119868e-03	2.605559e-02	-2.817546e-02	2.711553e-02	-5.381793e-04	4.274394e-04	3.668810e-04	6.108799e-04	-2.439989e-04
65            	2.780422e-02	1.335918e-02	1.444505e-02	-2.122893e-03	2.588285e-02	-2.800574e-02	2.694429e-02	-5.429354e-04	4.252657e-04	3.734186e-04	6.119750e-04	-2.385564e-04
66            	2.763880e-02	1.328599e-02	1.435281e-02	-2.125756e-03	2.571616e-02	-2.784192e-02	2.677904e-02	-5.334071e-04	4.125293e-04	3.678960e-04	5.964773e-04	-2.285813e-04
67            	2.747587e-02	1.322746e-02	1.424841e-02	-2.128190e-03	2.555303e-02	-2.768122e-02	2.661712e-02	-5.104789e-04	3.908910e-04	3.506313e-04	5.662066e-04	-2.155754e-04
68            	2.731376e-02	1.317962e-02	1.413414e-02	-2.130045e-03	2.539162e-02	-2.752167e-02	2.645665e-02	-4.772603e-04	3.633515e-04	3.239752e-04	5.253391e-04	-2.013639e-04
69            	2.715172e-02	1.313755e-02	1.401417e-02	-2.131291e-03	2.523094e-02	-2.736223e-02	2.629658e-02	-4.383092e-04	3.336283e-04	2.916788e-04	4.794677e-04	-1.877889e-04
70            	2.698981e-02	1.309623e-02	1.389357e-02	-2.131999e-03	2.507071e-02	-2.720271e-02	2.613671e-02	-3.986699e-04	3.054482e-04	2.580655e-04	4.344810e-04	-1.764155e-04
71            	2.682872e-02	1.305141e-02	1.377731e-02	-2.132307e-03	2.491128e-02	-2.704359e-02	2.597744e-02	-3.629495e-04	2.819242e-04	2.272105e-04	3.955294e-04	-1.683189e-04
72            	2.666946e-02	1.300014e-02	1.366932e-02	-2.132387e-03	2.475341e-02	-2.688580e-02	2.581960e-02	-3.345917e-04	2.651097e-04	2.022730e-04	3.662462e-04	-1.639732e-04
73            	2.651313e-02	1.294114e-02	1.357198e-02	-2.132403e-03	2.459798e-02	-2.673038e-02	2.566418e-02	-3.154197e-04	2.557715e-04	1.850616e-04	3.483023e-04	-1.632408e-04
74            	2.636067e-02	1.287476e-02	1.348590e-02	-2.132488e-03	2.444588e-02	-2.657837e-02	2.551212e-02	-3.055698e-04	2.534322e-04	1.759230e-04	3.413937e-04	-1.654707e-04
75            	2.621275e-02	1.280273e-02	1.341003e-02	-2.132732e-03	2.429778e-02	-2.643051e-02	2.536415e-02	-3.036521e-04	2.565745e-04	1.738496e-04	3.434993e-04	-1.696497e-04
76            	2.606972e-02	1.272763e-02	1.334209e-02	-2.133174e-03	2.415413e-02	-2.628730e-02	2.522072e-02	-3.072316e-04	2.630452e-04	1.768591e-04	3.514748e-04	-1.746157e-04
77            	2.593158e-02	1.265247e-02	1.327911e-02	-2.133810e-03	2.401508e-02	-2.614889e-02	2.508199e-02	-3.133240e-04	2.704457e-04	1.824227e-04	3.616570e-04	-1.792343e-04
78            	2.579806e-02	1.258007e-02	1.321800e-02	-2.134601e-03	2.388055e-02	-2.601515e-02	2.494785e-02	-3.189644e-04	2.765462e-04	1.879585e-04	3.705254e-04	-1.825669e-04
79            	2.566875e-02	1.251271e-02	1.315605e-02	-2.135493e-03	2.375027e-02	-2.588577e-02	2.481802e-02	-3.216705e-04	2.796033e-04	1.912452e-04	3.752259e-04	-1.839807e-04
80            	2.554314e-02	1.245181e-02	1.309133e-02	-2.136426e-03	2.362387e-02	-2.576030e-02	2.469208e-02	-3.197615e-04	2.785554e-04	1.907179e-04	3.739143e-04	-1.831965e-04
81            	2.542075e-02	1.239788e-02	1.302287e-02	-2.137347e-03	2.350094e-02	-2.563829e-02	2.456961e-02	-3.124957e-04	2.730826e-04	1.856088e-04	3.658870e-04	-1.802782e-04
82            	2.530117e-02	1.235055e-02	1.295062e-02	-2.138220e-03	2.338111e-02	-2.551932e-02	2.445021e-02	-3.000360e-04	2.635409e-04	1.759397e-04	3.515108e-04	-1.755711e-04
83            	2.518411e-02	1.230878e-02	1.287533e-02	-2.139023e-03	2.326406e-02	-2.540308e-02	2.433357e-02	-2.832789e-04	2.508039e-04	1.623905e-04	3.319992e-04	-1.696087e-04
84            	2.506940e-02	1.227111e-02	1.279829e-02	-2.139754e-03	2.314957e-02	-2.528932e-02	2.421944e-02	-2.635939e-04	2.360482e-04	1.460847e-04	3.090905e-04	-1.630058e-04
85            	2.495695e-02	1.223592e-02	1.272103e-02	-2.140421e-03	2.303748e-02	-2.517790e-02	2.410769e-02	-2.425544e-04	2.205479e-04	1.283626e-04	2.847292e-04	-1.563666e-04
86            	2.484677e-02	1.220177e-02	1.264500e-02	-2.141043e-03	2.292772e-02	-2.506877e-02	2.399824e-02	-2.216171e-04	2.054222e-04	1.104904e-04	2.606674e-04	-1.501770e-04
87            	2.473889e-02	1.216748e-02	1.257141e-02	-2.141640e-03	2.282027e-02	-2.496191e-02	2.389109e-02	-2.019695e-04	1.915496e-04	9.353608e-05	2.383177e-04	-1.447816e-04
88            	2.463336e-02	1.213229e-02	1.250107e-02	-2.142231e-03	2.271513e-02	-2.485736e-02	2.378624e-02	-1.843886e-04	1.794674e-04	7.823010e-05	2.185824e-04	-1.403523e-04
89            	2.453020e-02	1.209590e-02	1.243430e-02	-2.142831e-03	2.261226e-02	-2.475509e-02	2.368368e-02	-1.692012e-04	1.693599e-04	6.492640e-05	2.018231e-04	-1.368967e-04
90            	2.442939e-02	1.205837e-02	1.237103e-02	-2.143443e-03	2.251166e-02	-2.465511e-02	2.358339e-02	-1.563315e-04	1.611028e-04	5.362702e-05	1.879163e-04	-1.342893e-04
91            	2.433090e-02	1.202006e-02	1.231084e-02	-2.144068e-03	2.241330e-02	-2.455737e-02	2.348534e-02	-1.453922e-04	1.543439e-04	4.405376e-05	1.763708e-04	-1.323171e-04
92            	2.423466e-02	1.198152e-02	1.225314e-02	-2.144701e-03	2.231713e-02	-2.446184e-02	2.338948e-02	-1.358128e-04	1.486063e-04	3.575583e-05	1.664842e-04	-1.307284e-04
93            	2.414057e-02	1.194332e-02	1.219725e-02	-2.145337e-03	2.222309e-02	-2.436843e-02	2.329576e-02	-1.269689e-04	1.433883e-04	2.821752e-05	1.574971e-04	-1.292796e-04
94            	2.404855e-02	1.190598e-02	1.214257e-02	-2.145966e-03	2.213111e-02	-2.427708e-02	2.320410e-02	-1.182920e-04	1.382455e-04	2.095409e-05	1.487226e-04	-1.277685e-04
95            	2.395850e-02	1.186990e-02	1.208860e-02	-2.146583e-03	2.204113e-02	-2.418771e-02	2.311442e-02	-1.093498e-04	1.328487e-04	1.358304e-05	1.396402e-04	-1.260572e-04
96            	2.387035e-02	1.183529e-02	1.203506e-02	-2.147184e-03	2.195308e-02	-2.410027e-02	2.302667e-02	-9.988597e-05	1.270088e-04	5.861254e-06	1.299395e-04	-1.240782e-04
97            	2.378404e-02	1.180220e-02	1.198184e-02	-2.147768e-03	2.186691e-02	-2.401468e-02	2.294080e-02	-8.982290e-05	1.206774e-04	-2.306308e-06	1.195243e-04	-1.218306e-04
98            	2.369952e-02	1.177052e-02	1.192900e-02	-2.148335e-03	2.178257e-02	-2.393091e-02	2.285674e-02	-7.923732e-05	1.139225e-04	-1.088495e-05	1.084800e-04	-1.193650e-04
99            	2.361675e-02	1.174006e-02	1.187669e-02	-2.148889e-03	2.170003e-02	-2.384892e-02	2.277448e-02	-6.831514e-05	1.068926e-04	-1.974455e-05	9.702036e-05	-1.167649e-04
100           	2.353573e-02	1.171056e-02	1.182516e-02	-2.149434e-03	2.161925e-02	-2.376869e-02	2.269397e-02	-5.730006e-05	9.977695e-05	-2.870102e-05	8.542644e-05	-1.141275e-04
101           	2.345642e-02	1.168177e-02	1.177465e-02	-2.149974e-03	2.154021e-02	-2.369018e-02	2.261520e-02	-4.644406e-05	9.276698e-05	-3.755773e-05	7.398811e-05	-1.115458e-04
102           	2.337882e-02	1.165344e-02	1.172537e-02	-2.150512e-03	2.146287e-02	-2.361339e-02	2.253813e-02	-3.596534e-05	8.602598e-05	-4.613980e-05	6.295608e-05	-1.090959e-04
103           	2.330289e-02	1.162542e-02	1.167747e-02	-2.151052e-03	2.138721e-02	-2.353827e-02	2.246274e-02	-2.602478e-05	7.967247e-05	-5.431445e-05	5.251524e-05	-1.068297e-04
104           	2.322862e-02	1.159760e-02	1.163102e-02	-2.151594e-03	2.131320e-02	-2.346480e-02	2.238900e-02	-1.670693e-05	7.376589e-05	-6.200868e-05	4.276155e-05	-1.047702e-04
105           	2.315597e-02	1.156995e-02	1.158601e-02	-2.152139e-03	2.124081e-02	-2.339295e-02	2.231688e-02	-8.029846e-06	6.831673e-05	-6.920084e-05	3.371631e-05	-1.029171e-04
106           	2.308490e-02	1.154249e-02	1.154241e-02	-2.152687e-03	2.116999e-02	-2.332268e-02	2.224633e-02	4.255740e-08	6.329657e-05	-7.591199e-05	2.534057e-05	-1.012526e-04
107           	2.301536e-02	1.151526e-02	1.150010e-02	-2.153234e-03	2.110071e-02	-2.325394e-02	2.217733e-02	7.581254e-06	5.865262e-05	-8.219081e-05	1.755721e-05	-9.974803e-05
108           	2.294733e-02	1.148834e-02	1.145899e-02	-2.153781e-03	2.103293e-02	-2.318671e-02	2.210982e-02	1.467326e-05	5.432129e-05	-8.809949e-05	1.027155e-05	-9.837104e-05
109           	2.288074e-02	1.146177e-02	1.141896e-02	-2.154323e-03	2.096660e-02	-2.312092e-02	2.204376e-02	2.140383e-05	5.024138e-05	-9.369966e-05	3.391552e-06	-9.709121e-05
110           	2.281555e-02	1.143562e-02	1.137993e-02	-2.154860e-03	2.090169e-02	-2.305655e-02	2.197912e-02	2.784248e-05	4.636382e-05	-9.904155e-05	-3.156954e-06	-9.588459e-05
111           	2.275174e-02	1.140990e-02	1.134184e-02	-2.155391e-03	2.083816e-02	-2.299356e-02	2.191586e-02	3.403459e-05	4.265735e-05	-1.041578e-04	-9.421561e-06	-9.473626e-05
112           	2.268926e-02	1.138463e-02	1.130463e-02	-2.155914e-03	2.077598e-02	-2.293190e-02	2.185394e-02	3.999889e-05	3.910982e-05	-1.090616e-04	-1.542099e-05	-9.364062e-05
113           	2.262808e-02	1.135976e-02	1.126831e-02	-2.156430e-03	2.071511e-02	-2.287154e-02	2.179332e-02	4.572688e-05	3.572881e-05	-1.137454e-04	-2.114388e-05	-9.260150e-05
114           	2.256818e-02	1.133529e-02	1.123289e-02	-2.156941e-03	2.065553e-02	-2.281247e-02	2.173400e-02	5.119756e-05	3.252682e-05	-1.181960e-04	-2.657116e-05	-9.162481e-05
115           	2.250953e-02	1.131115e-02	1.119838e-02	-2.157446e-03	2.059721e-02	-2.275466e-02	2.167593e-02	5.638687e-05	2.952065e-05	-1.223964e-04	-3.167754e-05	-9.071884e-05
116           	2.245210e-02	1.128732e-02	1.116478e-02	-2.157946e-03	2.054012e-02	-2.269807e-02	2.161909e-02	6.126674e-05	2.672775e-05	-1.263280e-04	-3.643624e-05	-8.989175e-05
117           	2.239588e-02	1.126376e-02	1.113212e-02	-2.158439e-03	2.048424e-02	-2.264267e-02	2.156345e-02	6.581584e-05	2.415931e-05	-1.299786e-04	-4.082999e-05	-8.914861e-05
118           	2.234084e-02	1.124044e-02	1.110040e-02	-2.158925e-03	2.042953e-02	-2.258846e-02	2.150900e-02	7.002357e-05	2.181829e-05	-1.333450e-04	-4.485421e-05	-8.849079e-05
119           	2.228696e-02	1.121737e-02	1.106959e-02	-2.159406e-03	2.037599e-02	-2.253540e-02	2.145570e-02	7.389054e-05	1.969993e-05	-1.364327e-04	-4.851642e-05	-8.791628e-05
120           	2.223422e-02	1.119454e-02	1.103968e-02	-2.159881e-03	2.032359e-02	-2.248347e-02	2.140353e-02	7.742698e-05	1.779268e-05	-1.392543e-04	-5.183449e-05	-8.741986e-05
121           	2.218259e-02	1.117195e-02	1.101065e-02	-2.160350e-03	2.027231e-02	-2.243266e-02	2.135248e-02	8.065055e-05	1.608030e-05	-1.418277e-04	-5.483356e-05	-8.699417e-05
122           	2.213206e-02	1.114961e-02	1.098245e-02	-2.160812e-03	2.022211e-02	-2.238292e-02	2.130252e-02	8.357843e-05	1.454981e-05	-1.441674e-04	-5.753390e-05	-8.663352e-05
123           	2.208260e-02	1.112755e-02	1.095505e-02	-2.161269e-03	2.017300e-02	-2.233427e-02	2.125363e-02	8.625101e-05	1.317071e-05	-1.463070e-04	-5.998282e-05	-8.632423e-05
124           	2.203419e-02	1.110580e-02	1.092840e-02	-2.161722e-03	2.012494e-02	-2.228666e-02	2.120580e-02	8.869862e-05	1.192222e-05	-1.482697e-04	-6.221261e-05	-8.605706e-05
125           	2.198683e-02	1.108436e-02	1.090246e-02	-2.162170e-03	2.007792e-02	-2.224009e-02	2.115900e-02	9.094841e-05	1.078663e-05	-1.500749e-04	-6.425079e-05	-8.582406e-05
126           	2.194047e-02	1.106326e-02	1.087721e-02	-2.162612e-03	2.003191e-02	-2.219452e-02	2.111322e-02	9.302222e-05	9.750867e-06	-1.517372e-04	-6.611774e-05	-8.561948e-05
127           	2.189511e-02	1.104249e-02	1.085261e-02	-2.163050e-03	1.998690e-02	-2.214995e-02	2.106843e-02	9.493997e-05	8.803594e-06	-1.532699e-04	-6.783136e-05	-8.543855e-05
128           	2.185071e-02	1.102206e-02	1.082865e-02	-2.163482e-03	1.994286e-02	-2.210634e-02	2.102460e-02	9.670707e-05	7.944627e-06	-1.546737e-04	-6.939224e-05	-8.528149e-05
129           	2.180725e-02	1.100196e-02	1.080529e-02	-2.163907e-03	1.989976e-02	-2.206367e-02	2.098171e-02	9.833117e-05	7.171801e-06	-1.559519e-04	-7.080413e-05	-8.514773e-05
130           	2.176472e-02	1.098218e-02	1.078254e-02	-2.164324e-03	1.985758e-02	-2.202191e-02	2.093975e-02	9.981660e-05	6.484460e-06	-1.571061e-04	-7.206860e-05	-8.503752e-05
131           	2.172308e-02	1.096270e-02	1.076038e-02	-2.164732e-03	1.981630e-02	-2.198103e-02	2.089867e-02	1.011578e-04	5.888880e-06	-1.581309e-04	-7.317658e-05	-8.495434e-05
132           	2.168232e-02	1.094353e-02	1.073880e-02	-2.165133e-03	1.977590e-02	-2.194104e-02	2.085847e-02	1.023661e-04	5.376509e-06	-1.590367e-04	-7.414186e-05	-8.489488e-05
133           	2.164244e-02	1.092467e-02	1.071778e-02	-2.165526e-03	1.973638e-02	-2.190191e-02	2.081914e-02	1.034448e-04	4.944860e-06	-1.598272e-04	-7.496876e-05	-8.485848e-05
134           	2.160342e-02	1.090611e-02	1.069731e-02	-2.165912e-03	1.969771e-02	-2.186362e-02	2.078067e-02	1.043986e-04	4.589936e-06	-1.605079e-04	-7.566400e-05	-8.484387e-05
135           	2.156523e-02	1.088785e-02	1.067738e-02	-2.166291e-03	1.965988e-02	-2.182617e-02	2.074302e-02	1.052331e-04	4.306822e-06	-1.610849e-04	-7.623564e-05	-8.484928e-05
136           	2.152787e-02	1.086989e-02	1.065798e-02	-2.166662e-03	1.962286e-02	-2.178952e-02	2.070619e-02	1.059557e-04	4.089147e-06	-1.615662e-04	-7.669394e-05	-8.487224e-05
137           	2.149130e-02	1.085223e-02	1.063908e-02	-2.167025e-03	1.958665e-02	-2.175367e-02	2.067016e-02	1.065733e-04	3.930951e-06	-1.619585e-04	-7.704830e-05	-8.491021e-05
138           	2.145553e-02	1.083486e-02	1.062067e-02	-2.167381e-03	1.955122e-02	-2.171860e-02	2.063491e-02	1.070931e-04	3.826035e-06	-1.622691e-04	-7.730852e-05	-8.496059e-05
139           	2.142052e-02	1.081778e-02	1.060274e-02	-2.167729e-03	1.951656e-02	-2.168429e-02	2.060043e-02	1.075229e-04	3.767812e-06	-1.625059e-04	-7.748515e-05	-8.502077e-05
140           	2.138627e-02	1.080101e-02	1.058527e-02	-2.168068e-03	1.948265e-02	-2.165072e-02	2.056669e-02	1.078708e-04	3.749686e-06	-1.626772e-04	-7.758893e-05	-8.508830e-05
141           	2.135276e-02	1.078452e-02	1.056824e-02	-2.168400e-03	1.944948e-02	-2.161788e-02	2.053368e-02	1.081443e-04	3.765297e-06	-1.627912e-04	-7.763033e-05	-8.516092e-05
142           	2.131998e-02	1.076834e-02	1.055164e-02	-2.168724e-03	1.941704e-02	-2.158576e-02	2.050140e-02	1.083487e-04	3.810582e-06	-1.628537e-04	-7.761629e-05	-8.523745e-05
143           	2.128790e-02	1.075244e-02	1.053546e-02	-2.169041e-03	1.938530e-02	-2.155434e-02	2.046982e-02	1.084873e-04	3.883531e-06	-1.628685e-04	-7.755071e-05	-8.531778e-05
144           	2.125652e-02	1.073683e-02	1.051970e-02	-2.169349e-03	1.935426e-02	-2.152361e-02	2.043893e-02	1.085630e-04	3.982666e-06	-1.628384e-04	-7.743654e-05	-8.540187e-05
145           	2.122583e-02	1.072149e-02	1.050434e-02	-2.169650e-03	1.932390e-02	-2.149355e-02	2.040872e-02	1.085774e-04	4.107022e-06	-1.627657e-04	-7.727583e-05	-8.548988e-05
146           	2.119581e-02	1.070644e-02	1.048937e-02	-2.169942e-03	1.929421e-02	-2.146415e-02	2.037918e-02	1.085330e-04	4.254802e-06	-1.626534e-04	-7.707189e-05	-8.558150e-05
147           	2.116644e-02	1.069165e-02	1.047479e-02	-2.170228e-03	1.926517e-02	-2.143539e-02	2.035028e-02	1.084320e-04	4.424431e-06	-1.625040e-04	-7.682756e-05	-8.567642e-05
148           	2.113772e-02	1.067714e-02	1.046058e-02	-2.170505e-03	1.923677e-02	-2.140727e-02	2.032202e-02	1.082768e-04	4.614609e-06	-1.623197e-04	-7.654522e-05	-8.577444e-05
149           	2.110962e-02	1.066288e-02	1.044675e-02	-2.170775e-03	1.920899e-02	-2.137977e-02	2.029438e-02	1.080647e-04	4.828242e-06	-1.620981e-04	-7.622080e-05	-8.587729e-05
150           	2.108215e-02	1.064888e-02	1.043327e-02	-2.171037e-03	1.918184e-02	-2.135287e-02	2.026736e-02	1.078023e-04	5.060002e-06	-1.618455e-04	-7.586272e-05	-8.598273e-05
151           	2.105528e-02	1.063513e-02	1.042015e-02	-2.171292e-03	1.915528e-02	-2.132657e-02	2.024093e-02	1.074913e-04	5.308945e-06	-1.615636e-04	-7.547284e-05	-8.609073e-05
152           	2.102900e-02	1.062163e-02	1.040737e-02	-2.171540e-03	1.912932e-02	-2.130086e-02	2.021509e-02	1.071334e-04	5.574234e-06	-1.612543e-04	-7.505290e-05	-8.620137e-05
153           	2.100331e-02	1.060838e-02	1.039492e-02	-2.171781e-03	1.910394e-02	-2.127572e-02	2.018983e-02	1.067299e-04	5.855480e-06	-1.609188e-04	-7.460394e-05	-8.631490e-05
154           	2.097818e-02	1.059537e-02	1.038281e-02	-2.172014e-03	1.907912e-02	-2.125114e-02	2.016513e-02	1.062826e-04	6.152240e-06	-1.605585e-04	-7.412703e-05	-8.643151e-05
155           	2.095362e-02	1.058260e-02	1.037101e-02	-2.172241e-03	1.905486e-02	-2.122710e-02	2.014098e-02	1.057943e-04	6.463652e-06	-1.601751e-04	-7.362388e-05	-8.655119e-05
156           	2.092960e-02	1.057007e-02	1.035953e-02	-2.172461e-03	1.903114e-02	-2.120360e-02	2.011737e-02	1.052681e-04	6.788303e-06	-1.597706e-04	-7.309697e-05	-8.667358e-05
157           	2.090611e-02	1.055776e-02	1.034835e-02	-2.172674e-03	1.900795e-02	-2.118062e-02	2.009429e-02	1.047068e-04	7.125114e-06	-1.593466e-04	-7.254820e-05	-8.679843e-05
158           	2.088315e-02	1.054569e-02	1.033746e-02	-2.172880e-03	1.898528e-02	-2.115816e-02	2.007172e-02	1.041119e-04	7.473734e-06	-1.589038e-04	-7.197817e-05	-8.692564e-05
159           	2.086070e-02	1.053383e-02	1.032687e-02	-2.173080e-03	1.896313e-02	-2.113620e-02	2.004966e-02	1.034847e-04	7.833819e-06	-1.584427e-04	-7.138751e-05	-8.705515e-05
160           	2.083875e-02	1.052220e-02	1.031655e-02	-2.173273e-03	1.894147e-02	-2.111474e-02	2.002810e-02	1.028264e-04	8.205100e-06	-1.579636e-04	-7.077669e-05	-8.718689e-05
161           	2.081730e-02	1.051079e-02	1.030651e-02	-2.173460e-03	1.892030e-02	-2.109376e-02	2.000703e-02	1.021386e-04	8.586973e-06	-1.574675e-04	-7.014678e-05	-8.732072e-05
162           	2.079633e-02	1.049959e-02	1.029674e-02	-2.173641e-03	1.889961e-02	-2.107325e-02	1.998643e-02	1.014233e-04	8.978978e-06	-1.569552e-04	-6.949862e-05	-8.745658e-05
163           	2.077584e-02	1.048860e-02	1.028724e-02	-2.173816e-03	1.887939e-02	-2.105321e-02	1.996630e-02	1.006828e-04	9.380223e-06	-1.564280e-04	-6.883375e-05	-8.759420e-05
164           	2.075581e-02	1.047782e-02	1.027798e-02	-2.173985e-03	1.885964e-02	-2.103362e-02	1.994663e-02	9.991918e-05	9.790213e-06	-1.558867e-04	-6.815313e-05	-8.773356e-05
165           	2.073623e-02	1.046725e-02	1.026898e-02	-2.174149e-03	1.884033e-02	-2.101448e-02	1.992741e-02	9.913420e-05	1.020902e-05	-1.553317e-04	-6.745685e-05	-8.787488e-05
166           	2.071710e-02	1.045688e-02	1.026022e-02	-2.174307e-03	1.882147e-02	-2.099578e-02	1.990862e-02	9.832885e-05	1.063728e-05	-1.547628e-04	-6.674411e-05	-8.801866e-05
167           	2.069840e-02	1.044670e-02	1.025170e-02	-2.174459e-03	1.880304e-02	-2.097750e-02	1.989027e-02	9.750362e-05	1.107599e-05	-1.541789e-04	-6.601345e-05	-8.816543e-05
168           	2.068013e-02	1.043673e-02	1.024341e-02	-2.174606e-03	1.878504e-02	-2.095964e-02	1.987234e-02	9.665883e-05	1.152599e-05	-1.535792e-04	-6.526361e-05	-8.831560e-05
169           	2.066228e-02	1.042694e-02	1.023535e-02	-2.174749e-03	1.876745e-02	-2.094219e-02	1.985482e-02	9.579477e-05	1.198770e-05	-1.529634e-04	-6.449402e-05	-8.846941e-05
170           	2.064484e-02	1.041733e-02	1.022751e-02	-2.174886e-03	1.875026e-02	-2.092515e-02	1.983771e-02	9.491180e-05	1.246117e-05	-1.523316e-04	-6.370462e-05	-8.862696e-05
171           	2.062780e-02	1.040791e-02	1.021989e-02	-2.175018e-03	1.873348e-02	-2.090849e-02	1.982099e-02	9.401086e-05	1.294579e-05	-1.516843e-04	-6.289638e-05	-8.878795e-05
172           	2.061115e-02	1.039867e-02	1.021248e-02	-2.175145e-03	1.871708e-02	-2.089223e-02	1.980465e-02	9.309355e-05	1.344035e-05	-1.510229e-04	-6.207112e-05	-8.895182e-05
173           	2.059488e-02	1.038960e-02	1.020528e-02	-2.175268e-03	1.870107e-02	-2.087634e-02	1.978870e-02	9.216182e-05	1.394329e-05	-1.503491e-04	-6.123127e-05	-8.911786e-05
174           	2.057900e-02	1.038072e-02	1.019828e-02	-2.175387e-03	1.868543e-02	-2.086081e-02	1.977312e-02	9.121786e-05	1.445282e-05	-1.496649e-04	-6.037963e-05	-8.928527e-05
175           	2.056348e-02	1.037200e-02	1.019147e-02	-2.175501e-03	1.867015e-02	-2.084565e-02	1.975790e-02	9.026410e-05	1.496699e-05	-1.489723e-04	-5.951917e-05	-8.945315e-05
176           	2.054832e-02	1.036346e-02	1.018486e-02	-2.175611e-03	1.865524e-02	-2.083085e-02	1.974304e-02	8.930309e-05	1.548382e-05	-1.482735e-04	-5.865292e-05	-8.962055e-05
177           	2.053351e-02	1.035509e-02	1.017842e-02	-2.175716e-03	1.864067e-02	-2.081639e-02	1.972853e-02	8.833704e-05	1.600169e-05	-1.475701e-04	-5.778337e-05	-8.978675e-05
178           	2.051905e-02	1.034689e-02	1.017216e-02	-2.175818e-03	1.862645e-02	-2.080227e-02	1.971436e-02	8.736795e-05	1.651916e-05	-1.468640e-04	-5.691282e-05	-8.995113e-05
179           	2.050493e-02	1.033886e-02	1.016607e-02	-2.175916e-03	1.861256e-02	-2.078848e-02	1.970052e-02	8.639749e-05	1.703499e-05	-1.461564e-04	-5.604321e-05	-9.011320e-05
180           	2.049114e-02	1.033100e-02	1.016014e-02	-2.176010e-03	1.859900e-02	-2.077501e-02	1.968701e-02	8.542715e-05	1.754837e-05	-1.454486e-04	-5.517594e-05	-9.027267e-05
181           	2.047767e-02	1.032329e-02	1.015438e-02	-2.176100e-03	1.858576e-02	-2.076186e-02	1.967381e-02	8.445146e-05	1.806478e-05	-1.447349e-04	-5.430267e-05	-9.043223e-05
182           	2.046452e-02	1.031574e-02	1.014878e-02	-2.176187e-03	1.857284e-02	-2.074903e-02	1.966093e-02	8.347882e-05	1.857713e-05	-1.440229e-04	-5.343431e-05	-9.058858e-05
183           	2.045168e-02	1.030835e-02	1.014333e-02	-2.176270e-03	1.856023e-02	-2.073650e-02	1.964837e-02	8.250951e-05	1.908553e-05	-1.433127e-04	-5.257080e-05	-9.074185e-05
184           	2.043915e-02	1.030112e-02	1.013803e-02	-2.176351e-03	1.854792e-02	-2.072427e-02	1.963610e-02	8.154397e-05	1.958988e-05	-1.426045e-04	-5.171234e-05	-9.089211e-05
185           	2.042692e-02	1.029404e-02	1.013288e-02	-2.176428e-03	1.853591e-02	-2.071234e-02	1.962413e-02	8.058229e-05	2.009032e-05	-1.418983e-04	-5.085882e-05	-9.103946e-05
186           	2.041498e-02	1.028711e-02	1.012786e-02	-2.176502e-03	1.852419e-02	-2.070070e-02	1.961244e-02	7.962443e-05	2.058702e-05	-1.411940e-04	-5.000999e-05	-9.118402e-05
187           	2.040332e-02	1.028033e-02	1.012299e-02	-2.176574e-03	1.851276e-02	-2.068933e-02	1.960104e-02	7.867033e-05	2.108023e-05	-1.404914e-04	-4.916548e-05	-9.132595e-05
188           	2.039195e-02	1.027369e-02	1.011825e-02	-2.176642e-03	1.850160e-02	-2.067824e-02	1.958992e-02	7.772036e-05	2.156962e-05	-1.397910e-04	-4.832586e-05	-9.146510e-05
189           	2.038084e-02	1.026720e-02	1.011365e-02	-2.176708e-03	1.849071e-02	-2.066742e-02	1.957907e-02	7.677511e-05	2.205467e-05	-1.390932e-04	-4.749193e-05	-9.160127e-05
190           	2.037001e-02	1.026084e-02	1.010917e-02	-2.176770e-03	1.848009e-02	-2.065686e-02	1.956847e-02	7.583567e-05	2.253450e-05	-1.383992e-04	-4.666508e-05	-9.173407e-05
191           	2.035943e-02	1.025462e-02	1.010481e-02	-2.176831e-03	1.846973e-02	-2.064656e-02	1.955814e-02	7.490321e-05	2.300824e-05	-1.377099e-04	-4.584670e-05	-9.186318e-05
192           	2.034911e-02	1.024854e-02	1.010058e-02	-2.176888e-03	1.845962e-02	-2.063650e-02	1.954806e-02	7.397850e-05	2.347539e-05	-1.370260e-04	-4.503762e-05	-9.198840e-05
193           	2.033905e-02	1.024258e-02	1.009646e-02	-2.176943e-03	1.844976e-02	-2.062670e-02	1.953823e-02	7.306166e-05	2.393614e-05	-1.363475e-04	-4.423760e-05	-9.210987e-05
194           	2.032922e-02	1.023677e-02	1.009246e-02	-2.176995e-03	1.844014e-02	-2.061714e-02	1.952864e-02	7.215295e-05	2.439051e-05	-1.356744e-04	-4.344670e-05	-9.222771e-05
195           	2.031964e-02	1.023107e-02	1.008857e-02	-2.177046e-03	1.843076e-02	-2.060781e-02	1.951928e-02	7.125235e-05	2.483857e-05	-1.350070e-04	-4.266491e-05	-9.234205e-05
196           	2.031030e-02	1.022551e-02	1.008479e-02	-2.177094e-03	1.842162e-02	-2.059871e-02	1.951016e-02	7.035977e-05	2.528040e-05	-1.343452e-04	-4.189222e-05	-9.245302e-05
197           	2.030118e-02	1.022006e-02	1.008111e-02	-2.177140e-03	1.841270e-02	-2.058984e-02	1.950127e-02	6.947490e-05	2.571627e-05	-1.336891e-04	-4.112829e-05	-9.256083e-05
198           	2.029229e-02	1.021474e-02	1.007755e-02	-2.177184e-03	1.840401e-02	-2.058119e-02	1.949260e-02	6.859714e-05	2.614683e-05	-1.330380e-04	-4.037217e-05	-9.266584e-05
199           	2.028362e-02	1.020953e-02	1.007408e-02	-2.177226e-03	1.839553e-02	-2.057276e-02	1.948414e-02	6.772562e-05	2.657308e-05	-1.323909e-04	-3.962237e-05	-9.276853e-05
200           	2.027516e-02	1.020444e-02	1.007072e-02	-2.177266e-03	1.838727e-02	-2.056454e-02	1.947590e-02	6.685926e-05	2.699634e-05	-1.317464e-04	-3.887686e-05	-9.286954e-05
201           	2.026692e-02	1.019946e-02	1.006746e-02	-2.177304e-03	1.837922e-02	-2.055652e-02	1.946787e-02	6.599738e-05	2.741756e-05	-1.311035e-04	-3.813420e-05	-9.296932e-05
202           	2.025888e-02	1.019458e-02	1.006430e-02	-2.177340e-03	1.837137e-02	-2.054871e-02	1.946004e-02	6.513963e-05	2.783731e-05	-1.304617e-04	-3.739352e-05	-9.306814e-05
203           	2.025105e-02	1.018981e-02	1.006124e-02	-2.177375e-03	1.836372e-02	-2.054110e-02	1.945241e-02	6.428578e-05	2.825602e-05	-1.298204e-04	-3.665417e-05	-9.316620e-05
204           	2.024341e-02	1.018514e-02	1.005827e-02	-2.177408e-03	1.835627e-02	-2.053368e-02	1.944497e-02	6.343584e-05	2.867381e-05	-1.291795e-04	-3.591592e-05	-9.326354e-05
205           	2.023596e-02	1.018057e-02	1.005539e-02	-2.177440e-03	1.834901e-02	-2.052645e-02	1.943773e-02	6.258961e-05	2.909097e-05	-1.285387e-04	-3.517837e-05	-9.336031e-05
206           	2.022871e-02	1.017610e-02	1.005261e-02	-2.177472e-03	1.834195e-02	-2.051942e-02	1.943068e-02	6.174666e-05	2.950679e-05	-1.278982e-04	-3.444231e-05	-9.345589e-05
207           	2.022165e-02	1.017174e-02	1.004992e-02	-2.177503e-03	1.833507e-02	-2.051257e-02	1.942382e-02	6.091098e-05	2.991948e-05	-1.272610e-04	-3.371103e-05	-9.354999e-05
208           	2.021477e-02	1.016747e-02	1.004730e-02	-2.177534e-03	1.832836e-02	-2.050589e-02	1.941713e-02	6.008099e-05	3.033029e-05	-1.266258e-04	-3.298263e-05	-9.364321e-05
209           	2.020806e-02	1.016328e-02	1.004477e-02	-2.177562e-03	1.832183e-02	-2.049939e-02	1.941061e-02	5.925422e-05	3.074124e-05	-1.259904e-04	-3.225395e-05	-9.373643e-05
210           	2.020152e-02	1.015919e-02	1.004233e-02	-2.177588e-03	1.831546e-02	-2.049305e-02	1.940425e-02	5.842817e-05	3.115440e-05	-1.253524e-04	-3.152180e-05	-9.383059e-05
211           	2.019514e-02	1.015517e-02	1.003997e-02	-2.177611e-03	1.830926e-02	-2.048687e-02	1.939806e-02	5.760072e-05	3.157143e-05	-1.247101e-04	-3.078361e-05	-9.392647e-05
212           	2.018893e-02	1.015124e-02	1.003770e-02	-2.177632e-03	1.830322e-02	-2.048085e-02	1.939204e-02	5.677019e-05	3.199342e-05	-1.240623e-04	-3.003774e-05	-9.402458e-05
213           	2.018288e-02	1.014738e-02	1.003551e-02	-2.177651e-03	1.829734e-02	-2.047499e-02	1.938616e-02	5.593560e-05	3.242079e-05	-1.234087e-04	-2.928358e-05	-9.412516e-05
214           	2.017699e-02	1.014358e-02	1.003340e-02	-2.177667e-03	1.829161e-02	-2.046927e-02	1.938044e-02	5.508910e-05	3.285910e-05	-1.227440e-04	-2.851289e-05	-9.423109e-05
215           	2.017125e-02	1.013986e-02	1.003138e-02	-2.177683e-03	1.828603e-02	-2.046371e-02	1.937487e-02	5.424073e-05	3.330017e-05	-1.220759e-04	-2.773779e-05	-9.433812e-05
216           	2.016566e-02	1.013622e-02	1.002944e-02	-2.177699e-03	1.828060e-02	-2.045830e-02	1.936945e-02	5.339142e-05	3.374298e-05	-1.214056e-04	-2.695982e-05	-9.444577e-05
217           	2.016022e-02	1.013266e-02	1.002757e-02	-2.177715e-03	1.827533e-02	-2.045304e-02	1.936418e-02	5.254468e-05	3.418414e-05	-1.207362e-04	-2.618396e-05	-9.455225e-05
218           	2.015493e-02	1.012916e-02	1.002577e-02	-2.177730e-03	1.827019e-02	-2.044792e-02	1.935906e-02	5.169671e-05	3.462741e-05	-1.200646e-04	-2.540488e-05	-9.465971e-05
219           	2.014978e-02	1.012574e-02	1.002404e-02	-2.177745e-03	1.826519e-02	-2.044294e-02	1.935407e-02	5.084734e-05	3.507305e-05	-1.193905e-04	-2.462221e-05	-9.476831e-05
220           	2.014476e-02	1.012238e-02	1.002239e-02	-2.177760e-03	1.826033e-02	-2.043809e-02	1.934921e-02	4.999626e-05	3.552145e-05	-1.187137e-04	-2.383540e-05	-9.487829e-05
221           	2.013988e-02	1.011908e-02	1.002080e-02	-2.177774e-03	1.825560e-02	-2.043337e-02	1.934449e-02	4.914286e-05	3.597326e-05	-1.180335e-04	-2.304350e-05	-9.499001e-05
222           	2.013513e-02	1.011585e-02	1.001928e-02	-2.177787e-03	1.825099e-02	-2.042878e-02	1.933989e-02	4.828640e-05	3.642918e-05	-1.173492e-04	-2.224544e-05	-9.510380e-05
223           	2.013050e-02	1.011268e-02	1.001783e-02	-2.177800e-03	1.824651e-02	-2.042431e-02	1.933541e-02	4.742617e-05	3.688981e-05	-1.166603e-04	-2.144034e-05	-9.521996e-05
224           	2.012600e-02	1.010956e-02	1.001644e-02	-2.177812e-03	1.824216e-02	-2.041997e-02	1.933106e-02	4.656175e-05	3.735550e-05	-1.159663e-04	-2.062763e-05	-9.533863e-05
225           	2.012162e-02	1.010650e-02	1.001512e-02	-2.177823e-03	1.823792e-02	-2.041574e-02	1.932683e-02	4.569296e-05	3.782634e-05	-1.152670e-04	-1.980718e-05	-9.545985e-05
226           	2.011736e-02	1.010350e-02	1.001386e-02	-2.177833e-03	1.823380e-02	-2.041163e-02	1.932272e-02	4.481988e-05	3.830224e-05	-1.145626e-04	-1.897907e-05	-9.558355e-05
227           	2.011322e-02	1.010055e-02	1.001267e-02	-2.177842e-03	1.822979e-02	-2.040763e-02	1.931871e-02	4.394290e-05	3.878285e-05	-1.138534e-04	-1.814384e-05	-9.570953e-05
228           	2.010919e-02	1.009766e-02	1.001153e-02	-2.177850e-03	1.822590e-02	-2.040375e-02	1.931482e-02	4.306288e-05	3.926745e-05	-1.131400e-04	-1.730256e-05	-9.583745e-05
229           	2.010527e-02	1.009482e-02	1.001045e-02	-2.177858e-03	1.822211e-02	-2.039997e-02	1.931104e-02	4.218090e-05	3.975522e-05	-1.124235e-04	-1.645652e-05	-9.596695e-05
230           	2.010145e-02	1.009202e-02	1.000943e-02	-2.177864e-03	1.821843e-02	-2.039629e-02	1.930736e-02	4.129105e-05	4.024995e-05	-1.117009e-04	-1.560051e-05	-9.610042e-05
231           	2.009774e-02	1.008928e-02	1.000847e-02	-2.177870e-03	1.821485e-02	-2.039272e-02	1.930378e-02	4.040370e-05	4.074484e-05	-1.109780e-04	-1.474415e-05	-9.623382e-05
232           	2.009414e-02	1.008659e-02	1.000755e-02	-2.177876e-03	1.821138e-02	-2.038925e-02	1.930031e-02	3.951974e-05	4.123924e-05	-1.102553e-04	-1.388840e-05	-9.636689e-05
233           	2.009265e-02	1.008550e-02	1.000715e-02	-2.177882e-03	1.820993e-02	-2.038781e-02	1.929887e-02	3.917249e-05	4.140037e-05	-1.099567e-04	-1.357799e-05	-9.637872e-05
234           	2.009134e-02	1.008486e-02	1.000648e-02	-2.177886e-03	1.820866e-02	-2.038654e-02	1.929760e-02	3.919142e-05	4.133272e-05	-1.099504e-04	-1.364248e-05	-9.630791e-05
235           	2.009008e-02	1.008442e-02	1.000566e-02	-2.177886e-03	1.820743e-02	-2.038532e-02	1.929638e-02	3.938224e-05	4.115940e-05	-1.100840e-04	-1.388258e-05	-9.620138e-05
236           	2.008877e-02	1.008395e-02	1.000482e-02	-2.177878e-03	1.820616e-02	-2.038404e-02	1.929510e-02	3.956807e-05	4.099335e-05	-1.102175e-04	-1.411539e-05	-9.610209e-05
237           	2.008733e-02	1.008328e-02	1.000406e-02	-2.177859e-03	1.820476e-02	-2.038262e-02	1.929369e-02	3.961007e-05	4.092510e-05	-1.102384e-04	-1.419410e-05	-9.604430e-05
238           	2.008573e-02	1.008231e-02	1.000342e-02	-2.177831e-03	1.820321e-02	-2.038104e-02	1.929212e-02	3.944816e-05	4.099123e-05	-1.101011e-04	-1.405931e-05	-9.604176e-05
239           	2.008397e-02	1.008105e-02	1.000292e-02	-2.177794e-03	1.820150e-02	-2.037930e-02	1.929040e-02	3.906751e-05	4.120137e-05	-1.097925e-04	-1.369488e-05	-9.609761e-05
240           	2.008210e-02	1.007954e-02	1.000255e-02	-2.177752e-03	1.819969e-02	-2.037744e-02	1.928857e-02	3.849444e-05	4.153909e-05	-1.093311e-04	-1.312644e-05	-9.620461e-05
241           	2.008016e-02	1.007786e-02	1.000230e-02	-2.177707e-03	1.819782e-02	-2.037552e-02	1.928667e-02	3.777691e-05	4.197430e-05	-1.087512e-04	-1.240131e-05	-9.634991e-05
242           	2.007821e-02	1.007609e-02	1.000212e-02	-2.177664e-03	1.819593e-02	-2.037360e-02	1.928477e-02	3.698246e-05	4.246183e-05	-1.081087e-04	-1.159251e-05	-9.651617e-05
243           	2.007631e-02	1.007432e-02	1.000199e-02	-2.177625e-03	1.819410e-02	-2.037172e-02	1.928291e-02	3.616532e-05	4.296801e-05	-1.074403e-04	-1.075212e-05	-9.668814e-05
244           	2.007449e-02	1.007262e-02	1.000186e-02	-2.177593e-03	1.819234e-02	-2.036994e-02	1.928114e-02	3.537777e-05	4.345784e-05	-1.067883e-04	-9.936291e-06	-9.685198e-05
245           	2.007277e-02	1.007104e-02	1.000173e-02	-2.177570e-03	1.819069e-02	-2.036826e-02	1.927947e-02	3.465519e-05	4.390659e-05	-1.061827e-04	-9.184752e-06	-9.699793e-05
246           	2.007116e-02	1.006960e-02	1.000157e-02	-2.177554e-03	1.818914e-02	-2.036670e-02	1.927792e-02	3.401465e-05	4.430203e-05	-1.056365e-04	-8.516193e-06	-9.712026e-05
247           	2.006965e-02	1.006829e-02	1.000137e-02	-2.177545e-03	1.818769e-02	-2.036523e-02	1.927646e-02	3.345975e-05	4.463865e-05	-1.051600e-04	-7.941361e-06	-9.721866e-05
248           	2.006822e-02	1.006709e-02	1.000113e-02	-2.177541e-03	1.818631e-02	-2.036385e-02	1.927508e-02	3.297713e-05	4.492433e-05	-1.047448e-04	-7.448093e-06	-9.729674e-05
249           	2.006683e-02	1.006596e-02	1.000087e-02	-2.177538e-03	1.818497e-02	-2.036251e-02	1.927374e-02	3.254528e-05	4.517312e-05	-1.043747e-04	-7.014244e-06	-9.736049e-05
250           	2.006546e-02	1.006487e-02	1.000059e-02	-2.177535e-03	1.818366e-02	-2.036120e-02	1.927243e-02	3.214022e-05	4.540143e-05	-1.040305e-04	-6.613811e-06	-9.741668e-05
251           	2.006410e-02	1.006379e-02	1.000031e-02	-2.177531e-03	1.818236e-02	-2.035989e-02	1.927113e-02	3.174024e-05	4.562452e-05	-1.036939e-04	-6.222434e-06	-9.747148e-05
252           	2.006274e-02	1.006270e-02	1.000004e-02	-2.177525e-03	1.818105e-02	-2.035858e-02	1.926981e-02	3.132911e-05	4.585416e-05	-1.033508e-04	-5.821229e-06	-9.752955e-05
253           	2.006137e-02	1.006158e-02	9.999787e-03	-2.177516e-03	1.817973e-02	-2.035725e-02	1.926849e-02	3.089741e-05	4.609751e-05	-1.029922e-04	-5.398602e-06	-9.759362e-05
254           	2.005999e-02	1.006044e-02	9.999552e-03	-2.177506e-03	1.817841e-02	-2.035591e-02	1.926716e-02	3.044237e-05	4.635706e-05	-1.026149e-04	-4.950376e-06	-9.766450e-05
255           	2.005861e-02	1.005927e-02	9.999338e-03	-2.177494e-03	1.817708e-02	-2.035458e-02	1.926583e-02	2.996659e-05	4.663142e-05	-1.022200e-04	-4.478593e-06	-9.774143e-05
256           	2.005724e-02	1.005810e-02	9.999144e-03	-2.177482e-03	1.817577e-02	-2.035325e-02	1.926451e-02	2.947620e-05	4.691650e-05	-1.018122e-04	-3.989621e-06	-9.782263e-05
257           	2.005589e-02	1.005692e-02	9.998965e-03	-2.177469e-03	1.817447e-02	-2.035194e-02	1.926320e-02	2.897889e-05	4.720691e-05	-1.013978e-04	-3.491984e-06	-9.790581e-05
258           	2.005456e-02	1.005576e-02	9.998799e-03	-2.177458e-03	1.817319e-02	-2.035065e-02	1.926192e-02	2.848221e-05	4.749719e-05	-1.009831e-04	-2.994363e-06	-9.798875e-05
259           	2.005326e-02	1.005462e-02	9.998640e-03	-2.177449e-03	1.817195e-02	-2.034940e-02	1.926067e-02	2.799218e-05	4.778284e-05	-1.005736e-04	-2.503959e-06	-9.806965e-05
260           	2.005200e-02	1.005351e-02	9.998488e-03	-2.177440e-03	1.817073e-02	-2.034817e-02	1.925945e-02	2.750997e-05	4.806258e-05	-1.001731e-04	-2.023990e-06	-9.814915e-05
261           	2.005076e-02	1.005242e-02	9.998340e-03	-2.177433e-03	1.816954e-02	-2.034698e-02	1.925826e-02	2.703940e-05	4.833369e-05	-9.978206e-05	-1.557340e-06	-9.822472e-05
262           	2.004955e-02	1.005136e-02	9.998195e-03	-2.177428e-03	1.816839e-02	-2.034581e-02	1.925710e-02	2.658125e-05	4.859568e-05	-9.940134e-05	-1.104989e-06	-9.829635e-05
263           	2.004837e-02	1.005032e-02	9.998053e-03	-2.177423e-03	1.816726e-02	-2.034468e-02	1.925597e-02	2.613368e-05	4.884990e-05	-9.902965e-05	-6.649249e-07	-9.836473e-05
264           	2.004722e-02	1.004930e-02	9.997915e-03	-2.177419e-03	1.816615e-02	-2.034357e-02	1.925486e-02	2.569375e-05	4.909852e-05	-9.866474e-05	-2.338480e-07	-9.843090e-05
265           	2.004608e-02	1.004830e-02	9.997783e-03	-2.177416e-03	1.816506e-02	-2.034248e-02	1.925377e-02	2.525839e-05	4.934387e-05	-9.830417e-05	1.917839e-07	-9.849596e-05
266           	2.004497e-02	1.004731e-02	9.997658e-03	-2.177413e-03	1.816400e-02	-2.034141e-02	1.925270e-02	2.482494e-05	4.958797e-05	-9.794572e-05	6.151122e-07	-9.856083e-05
267           	2.004386e-02	1.004632e-02	9.997540e-03	-2.177410e-03	1.816294e-02	-2.034035e-02	1.925165e-02	2.439152e-05	4.983229e-05	-9.758773e-05	1.038431e-06	-9.862616e-05
268           	2.004278e-02	1.004535e-02	9.997431e-03	-2.177407e-03	1.816190e-02	-2.033931e-02	1.925061e-02	2.395709e-05	5.007769e-05	-9.722920e-05	1.463089e-06	-9.869228e-05
269           	2.004170e-02	1.004437e-02	9.997330e-03	-2.177403e-03	1.816088e-02	-2.033828e-02	1.924958e-02	2.352144e-05	5.032438e-05	-9.686979e-05	1.889484e-06	-9.875927e-05
270           	2.004065e-02	1.004341e-02	9.997238e-03	-2.177400e-03	1.815987e-02	-2.033727e-02	1.924857e-02	2.308499e-05	5.057210e-05	-9.650972e-05	2.317237e-06	-9.882696e-05
271           	2.003961e-02	1.004245e-02	9.997154e-03	-2.177397e-03	1.815888e-02	-2.033627e-02	1.924757e-02	2.264856e-05	5.082025e-05	-9.614960e-05	2.745448e-06	-9.889505e-05
272           	2.003858e-02	1.004150e-02	9.997078e-03	-2.177394e-03	1.815790e-02	-2.033529e-02	1.924660e-02	2.221313e-05	5.106810e-05	-9.579022e-05	3.172986e-06	-9.896321e-05
273           	2.003758e-02	1.004057e-02	9.997008e-03	-2.177391e-03	1.815694e-02	-2.033433e-02	1.924563e-02	2.177963e-05	5.131492e-05	-9.543239e-05	3.598720e-06	-9.903111e-05
274           	2.003659e-02	1.003964e-02	9.996945e-03	-2.177389e-03	1.815600e-02	-2.033338e-02	1.924469e-02	2.134879e-05	5.156012e-05	-9.507679e-05	4.021726e-06	-9.909852e-05
275           	2.003562e-02	1.003873e-02	9.996887e-03	-2.177387e-03	1.815507e-02	-2.033246e-02	1.924376e-02	2.092102e-05	5.180334e-05	-9.472386e-05	4.441412e-06	-9.916527e-05
276           	2.003466e-02	1.003783e-02	9.996836e-03	-2.177385e-03	1.815416e-02	-2.033155e-02	1.924285e-02	2.049645e-05	5.204442e-05	-9.437381e-05	4.857518e-06	-9.923133e-05
277           	2.003373e-02	1.003694e-02	9.996789e-03	-2.177383e-03	1.815327e-02	-2.033065e-02	1.924196e-02	2.007489e-05	5.228344e-05	-9.402662e-05	5.270126e-06	-9.929675e-05
278           	2.003281e-02	1.003606e-02	9.996749e-03	-2.177382e-03	1.815239e-02	-2.032977e-02	1.924108e-02	1.965600e-05	5.252060e-05	-9.368209e-05	5.679557e-06	-9.936164e-05
279           	2.003191e-02	1.003519e-02	9.996714e-03	-2.177381e-03	1.815153e-02	-2.032891e-02	1.924022e-02	1.923930e-05	5.275622e-05	-9.333990e-05	6.086266e-06	-9.942616e-05
280           	2.003102e-02	1.003433e-02	9.996685e-03	-2.177380e-03	1.815068e-02	-2.032806e-02	1.923937e-02	1.882432e-05	5.299059e-05	-9.299971e-05	6.490740e-06	-9.949045e-05
281           	2.003015e-02	1.003348e-02	9.996662e-03	-2.177379e-03	1.814985e-02	-2.032723e-02	1.923854e-02	1.841064e-05	5.322403e-05	-9.266121e-05	6.893422e-06	-9.955463e-05
282           	2.002929e-02	1.003264e-02	9.996646e-03	-2.177379e-03	1.814903e-02	-2.032641e-02	1.923772e-02	1.799801e-05	5.345668e-05	-9.232419e-05	7.294582e-06	-9.961878e-05
283           	2.002844e-02	1.003181e-02	9.996636e-03	-2.177378e-03	1.814823e-02	-2.032561e-02	1.923692e-02	1.758633e-05	5.368861e-05	-9.198860e-05	7.694305e-06	-9.968291e-05
284           	2.002762e-02	1.003098e-02	9.996633e-03	-2.177377e-03	1.814744e-02	-2.032482e-02	1.923613e-02	1.717563e-05	5.391976e-05	-9.165448e-05	8.092515e-06	-9.974700e-05
285           	2.002680e-02	1.003016e-02	9.996635e-03	-2.177377e-03	1.814666e-02	-2.032404e-02	1.923535e-02	1.676345e-05	5.415157e-05	-9.132280e-05	8.490164e-06	-9.981297e-05
286           	2.002599e-02	1.002935e-02	9.996644e-03	-2.177376e-03	1.814590e-02	-2.032327e-02	1.923458e-02	1.635266e-05	5.438250e-05	-9.099189e-05	8.886557e-06	-9.987844e-05
287           	2.002521e-02	1.002855e-02	9.996661e-03	-2.177376e-03	1.814515e-02	-2.032252e-02	1.923384e-02	1.594357e-05	5.461236e-05	-9.066188e-05	9.281415e-06	-9.994330e-05
288           	2.002444e-02	1.002776e-02	9.996683e-03	-2.177376e-03	1.814442e-02	-2.032179e-02	1.923310e-02	1.553650e-05	5.484089e-05	-9.033313e-05	9.674324e-06	-1.000075e-04
289           	2.002369e-02	1.002697e-02	9.996711e-03	-2.177377e-03	1.814370e-02	-2.032108e-02	1.923239e-02	1.513163e-05	5.506790e-05	-9.000606e-05	1.006487e-05	-1.000709e-04
290           	2.002295e-02	1.002620e-02	9.996745e-03	-2.177377e-03	1.814300e-02	-2.032037e-02	1.923169e-02	1.472907e-05	5.529324e-05	-8.968107e-05	1.045270e-05	-1.001338e-04
291           	2.002222e-02	1.002544e-02	9.996783e-03	-2.177378e-03	1.814231e-02	-2.031969e-02	1.923100e-02	1.432881e-05	5.551683e-05	-8.935850e-05	1.083758e-05	-1.001961e-04
292           	2.002151e-02	1.002469e-02	9.996826e-03	-2.177379e-03	1.814163e-02	-2.031901e-02	1.923032e-02	1.393074e-05	5.573868e-05	-8.903855e-05	1.121940e-05	-1.002579e-04
293           	2.002082e-02	1.002394e-02	9.996874e-03	-2.177381e-03	1.814097e-02	-2.031835e-02	1.922966e-02	1.353472e-05	5.595887e-05	-8.872127e-05	1.159824e-05	-1.003195e-04
294           	2.002013e-02	1.002321e-02	9.996925e-03	-2.177382e-03	1.814032e-02	-2.031770e-02	1.922901e-02	1.314056e-05	5.617758e-05	-8.840656e-05	1.197430e-05	-1.003809e-04
295           	2.001946e-02	1.002248e-02	9.996982e-03	-2.177383e-03	1.813968e-02	-2.031706e-02	1.922837e-02	1.274807e-05	5.639501e-05	-8.809419e-05	1.234791e-05	-1.004421e-04
296           	2.001880e-02	1.002176e-02	9.997042e-03	-2.177385e-03	1.813905e-02	-2.031643e-02	1.922774e-02	1.235709e-05	5.661139e-05	-8.778391e-05	1.271943e-05	-1.005033e-04
297           	2.001815e-02	1.002104e-02	9.997108e-03	-2.177386e-03	1.813843e-02	-2.031582e-02	1.922713e-02	1.196748e-05	5.682692e-05	-8.747539e-05	1.308923e-05	-1.005646e-04
298           	2.001751e-02	1.002034e-02	9.997178e-03	-2.177387e-03	1.813783e-02	-2.031522e-02	1.922652e-02	1.157914e-05	5.704181e-05	-8.716835e-05	1.345764e-05	-1.006260e-04
299           	2.001689e-02	1.001964e-02	9.997254e-03	-2.177389e-03	1.813724e-02	-2.031462e-02	1.922593e-02	1.119203e-05	5.725618e-05	-8.686257e-05	1.382489e-05	-1.006875e-04
300           	2.001628e-02	1.001895e-02	9.997334e-03	-2.177391e-03	1.813665e-02	-2.031405e-02	1.922535e-02	1.080613e-05	5.747010e-05	-8.655791e-05	1.419115e-05	-1.007491e-04
301           	2.001569e-02	1.001827e-02	9.997417e-03	-2.177393e-03	1.813609e-02	-2.031348e-02	1.922479e-02	1.042593e-05	5.768065e-05	-8.625582e-05	1.455274e-05	-1.008086e-04
302           	2.001510e-02	1.001760e-02	9.997505e-03	-2.177395e-03	1.813554e-02	-2.031293e-02	1.922423e-02	1.004691e-05	5.789055e-05	-8.595545e-05	1.491283e-05	-1.008683e-04
303           	2.001453e-02	1.001693e-02	9.997596e-03	-2.177398e-03	1.813499e-02	-2.031239e-02	1.922369e-02	9.668776e-06	5.809997e-05	-8.565665e-05	1.527164e-05	-1.009283e-04
304           	2.001397e-02	1.001627e-02	9.997691e-03	-2.177400e-03	1.813445e-02	-2.031185e-02	1.922315e-02	9.291371e-06	5.830904e-05	-8.535926e-05	1.562941e-05	-1.009887e-04
305           	2.001341e-02	1.001562e-02	9.997791e-03	-2.177402e-03	1.813393e-02	-2.031133e-02	1.922263e-02	8.914820e-06	5.851773e-05	-8.506321e-05	1.598612e-05	-1.010493e-04
306           	2.001287e-02	1.001497e-02	9.997895e-03	-2.177404e-03	1.813341e-02	-2.031082e-02	1.922211e-02	8.539434e-06	5.872589e-05	-8.476851e-05	1.634163e-05	-1.011101e-04
307           	2.001234e-02	1.001433e-02	9.998002e-03	-2.177406e-03	1.813290e-02	-2.031031e-02	1.922161e-02	8.165604e-06	5.893334e-05	-8.447526e-05	1.669571e-05	-1.011710e-04
308           	2.001181e-02	1.001370e-02	9.998114e-03	-2.177409e-03	1.813241e-02	-2.030982e-02	1.922111e-02	7.793683e-06	5.913991e-05	-8.418351e-05	1.704815e-05	-1.012317e-04
309           	2.001130e-02	1.001307e-02	9.998226e-03	-2.177411e-03	1.813192e-02	-2.030933e-02	1.922063e-02	7.424374e-06	5.934538e-05	-8.389615e-05	1.739731e-05	-1.012935e-04
310           	2.001080e-02	1.001246e-02	9.998344e-03	-2.177413e-03	1.813144e-02	-2.030886e-02	1.922015e-02	7.056167e-06	5.955062e-05	-8.360866e-05	1.774630e-05	-1.013550e-04
311           	2.001032e-02	1.001185e-02	9.998469e-03	-2.177416e-03	1.813098e-02	-2.030840e-02	1.921969e-02	6.688997e-06	5.975541e-05	-8.331843e-05	1.809620e-05	-1.014146e-04
312           	2.000984e-02	1.001124e-02	9.998594e-03	-2.177419e-03	1.813053e-02	-2.030795e-02	1.921924e-02	6.324982e-06	5.995872e-05	-8.303301e-05	1.844221e-05	-1.014752e-04
313           	2.000937e-02	1.001065e-02	9.998724e-03	-2.177422e-03	1.813009e-02	-2.030751e-02	1.921880e-02	5.962792e-06	6.016115e-05	-8.274847e-05	1.878691e-05	-1.015354e-04
314           	2.000892e-02	1.001006e-02	9.998857e-03	-2.177425e-03	1.812966e-02	-2.030708e-02	1.921837e-02	5.602538e-06	6.036255e-05	-8.246510e-05	1.913000e-05	-1.015951e-04
315           	2.000847e-02	1.000948e-02	9.998993e-03	-2.177428e-03	1.812923e-02	-2.030666e-02	1.921795e-02	5.244468e-06	6.056267e-05	-8.218329e-05	1.947103e-05	-1.016543e-04
316           	2.000804e-02	1.000891e-02	9.999131e-03	-2.177431e-03	1.812882e-02	-2.030625e-02	1.921754e-02	4.888859e-06	6.076127e-05	-8.190348e-05	1.980953e-05	-1.017130e-04
317           	2.000761e-02	1.000834e-02	9.999271e-03	-2.177434e-03	1.812842e-02	-2.030585e-02	1.921713e-02	4.535996e-06	6.095813e-05	-8.162607e-05	2.014510e-05	-1.017712e-04
318           	2.000720e-02	1.000779e-02	9.999413e-03	-2.177438e-03	1.812802e-02	-2.030546e-02	1.921674e-02	4.186114e-06	6.115308e-05	-8.135136e-05	2.047740e-05	-1.018288e-04
319           	2.000679e-02	1.000723e-02	9.999556e-03	-2.177441e-03	1.812763e-02	-2.030507e-02	1.921635e-02	3.839408e-06	6.134600e-05	-8.107953e-05	2.080623e-05	-1.018858e-04
320           	2.000639e-02	1.000669e-02	9.999700e-03	-2.177444e-03	1.812725e-02	-2.030470e-02	1.921597e-02	3.496019e-06	6.153684e-05	-8.081065e-05	2.113151e-05	-1.019422e-04
321           	2.000600e-02	1.000616e-02	9.999845e-03	-2.177447e-03	1.812688e-02	-2.030433e-02	1.921560e-02	3.156019e-06	6.172561e-05	-8.054473e-05	2.145325e-05	-1.019980e-04
322           	2.000562e-02	1.000563e-02	9.999991e-03	-2.177450e-03	1.812652e-02	-2.030397e-02	1.921524e-02	2.819419e-06	6.191236e-05	-8.028165e-05	2.177153e-05	-1.020532e-04
323           	2.000525e-02	1.000511e-02	1.000014e-02	-2.177454e-03	1.812616e-02	-2.030362e-02	1.921489e-02	2.486193e-06	6.209714e-05	-8.002131e-05	2.208649e-05	-1.021078e-04
324           	2.000488e-02	1.000460e-02	1.000029e-02	-2.177457e-03	1.812581e-02	-2.030327e-02	1.921454e-02	2.156295e-06	6.228004e-05	-7.976355e-05	2.239826e-05	-1.021618e-04
325           	2.000453e-02	1.000409e-02	1.000043e-02	-2.177460e-03	1.812548e-02	-2.030294e-02	1.921421e-02	1.829698e-06	6.246109e-05	-7.950829e-05	2.270694e-05	-1.022152e-04
326           	2.000418e-02	1.000360e-02	1.000058e-02	-2.177464e-03	1.812514e-02	-2.030261e-02	1.921388e-02	1.506380e-06	6.264031e-05	-7.925545e-05	2.301259e-05	-1.022680e-04
327           	2.000384e-02	1.000311e-02	1.000073e-02	-2.177467e-03	1.812482e-02	-2.030229e-02	1.921355e-02	1.186353e-06	6.281771e-05	-7.900504e-05	2.331519e-05	-1.023202e-04
328           	2.000351e-02	1.000263e-02	1.000089e-02	-2.177471e-03	1.812450e-02	-2.030198e-02	1.921324e-02	8.696830e-07	6.299323e-05	-7.875709e-05	2.361469e-05	-1.023718e-04
329           	2.000319e-02	1.000215e-02	1.000104e-02	-2.177474e-03	1.812420e-02	-2.030167e-02	1.921293e-02	5.564649e-07	6.316679e-05	-7.851170e-05	2.391094e-05	-1.024226e-04
330           	2.000287e-02	1.000168e-02	1.000119e-02	-2.177478e-03	1.812389e-02	-2.030137e-02	1.921263e-02	2.467917e-07	6.333831e-05	-7.826897e-05	2.420382e-05	-1.024728e-04
331           	2.000257e-02	1.000122e-02	1.000134e-02	-2.177481e-03	1.812360e-02	-2.030108e-02	1.921234e-02	-5.925180e-08	6.350771e-05	-7.802899e-05	2.449322e-05	-1.025222e-04
332           	2.000227e-02	1.000077e-02	1.000150e-02	-2.177485e-03	1.812331e-02	-2.030080e-02	1.921206e-02	-3.615978e-07	6.367496e-05	-7.779182e-05	2.477905e-05	-1.025709e-04
333           	2.000198e-02	1.000033e-02	1.000165e-02	-2.177489e-03	1.812303e-02	-2.030052e-02	1.921178e-02	-6.601894e-07	6.384004e-05	-7.755750e-05	2.506128e-05	-1.026188e-04
334           	2.000169e-02	9.999891e-03	1.000180e-02	-2.177492e-03	1.812276e-02	-2.030025e-02	1.921151e-02	-9.549747e-07	6.400292e-05	-7.732605e-05	2.533990e-05	-1.026659e-04
335           	2.000142e-02	9.999462e-03	1.000195e-02	-2.177496e-03	1.812250e-02	-2.029999e-02	1.921124e-02	-1.245931e-06	6.416363e-05	-7.709744e-05	2.561491e-05	-1.027123e-04
336           	2.000114e-02	9.999039e-03	1.000211e-02	-2.177499e-03	1.812224e-02	-2.029974e-02	1.921099e-02	-1.533088e-06	6.432221e-05	-7.687163e-05	2.588640e-05	-1.027580e-04
337           	2.000088e-02	9.998624e-03	1.000226e-02	-2.177503e-03	1.812198e-02	-2.029949e-02	1.921073e-02	-1.816499e-06	6.447874e-05	-7.664854e-05	2.615447e-05	-1.028030e-04
338           	2.000063e-02	9.998217e-03	1.000241e-02	-2.177507e-03	1.812174e-02	-2.029924e-02	1.921049e-02	-2.096217e-06	6.463327e-05	-7.642810e-05	2.641922e-05	-1.028473e-04
339           	2.000038e-02	9.997816e-03	1.000256e-02	-2.177510e-03	1.812150e-02	-2.029901e-02	1.921025e-02	-2.372304e-06	6.478586e-05	-7.621024e-05	2.668075e-05	-1.028910e-04
340           	2.000013e-02	9.997422e-03	1.000271e-02	-2.177514e-03	1.812126e-02	-2.029878e-02	1.921002e-02	-2.644805e-06	6.493657e-05	-7.599490e-05	2.693913e-05	-1.029340e-04
341           	1.999990e-02	9.997035e-03	1.000286e-02	-2.177517e-03	1.812104e-02	-2.029855e-02	1.920979e-02	-2.913752e-06	6.508543e-05	-7.578204e-05	2.719441e-05	-1.029764e-04
342           	1.999967e-02	9.996655e-03	1.000301e-02	-2.177521e-03	1.812081e-02	-2.029834e-02	1.920957e-02	-3.179179e-06	6.523246e-05	-7.557162e-05	2.744665e-05	-1.030183e-04
343           	1.999945e-02	9.996282e-03	1.000316e-02	-2.177525e-03	1.812060e-02	-2.029812e-02	1.920936e-02	-3.441108e-06	6.537767e-05	-7.536363e-05	2.769586e-05	-1.030595e-04
344           	1.999923e-02	9.995915e-03	1.000331e-02	-2.177528e-03	1.812039e-02	-2.029792e-02	1.920915e-02	-3.699543e-06	6.552106e-05	-7.515805e-05	2.794204e-05	-1.031001e-04
345           	1.999902e-02	9.995555e-03	1.000346e-02	-2.177532e-03	1.812018e-02	-2.029772e-02	1.920895e-02	-3.954473e-06	6.566261e-05	-7.495493e-05	2.818515e-05	-1.031401e-04
346           	1.999881e-02	9.995202e-03	1.000361e-02	-2.177535e-03	1.811999e-02	-2.029752e-02	1.920875e-02	-4.205885e-06	6.580229e-05	-7.475429e-05	2.842514e-05	-1.031794e-04
347           	1.999862e-02	9.994854e-03	1.000376e-02	-2.177539e-03	1.811979e-02	-2.029733e-02	1.920856e-02	-4.453781e-06	6.594007e-05	-7.455614e-05	2.866200e-05	-1.032181e-04
348           	1.999842e-02	9.994514e-03	1.000391e-02	-2.177543e-03	1.811961e-02	-2.029715e-02	1.920838e-02	-4.698171e-06	6.607595e-05	-7.436051e-05	2.889570e-05	-1.032562e-04
349           	1.999824e-02	9.994179e-03	1.000406e-02	-2.177546e-03	1.811942e-02	-2.029697e-02	1.920820e-02	-4.939080e-06	6.620991e-05	-7.416742e-05	2.912621e-05	-1.032936e-04
350           	1.999806e-02	9.993851e-03	1.000420e-02	-2.177550e-03	1.811925e-02	-2.029680e-02	1.920802e-02	-5.176543e-06	6.634195e-05	-7.397685e-05	2.935353e-05	-1.033304e-04
351           	1.999788e-02	9.993530e-03	1.000435e-02	-2.177553e-03	1.811907e-02	-2.029663e-02	1.920785e-02	-5.410606e-06	6.647208e-05	-7.378879e-05	2.957769e-05	-1.033665e-04
352           	1.999771e-02	9.993214e-03	1.000450e-02	-2.177557e-03	1.811891e-02	-2.029646e-02	1.920769e-02	-5.641328e-06	6.660033e-05	-7.360320e-05	2.979873e-05	-1.034019e-04
353           	1.999755e-02	9.992904e-03	1.000464e-02	-2.177560e-03	1.811875e-02	-2.029631e-02	1.920753e-02	-5.868767e-06	6.672673e-05	-7.342006e-05	3.001671e-05	-1.034368e-04
354           	1.999739e-02	9.992605e-03	1.000478e-02	-2.177563e-03	1.811859e-02	-2.029615e-02	1.920737e-02	-6.088299e-06	6.684855e-05	-7.324371e-05	3.022670e-05	-1.034704e-04
355           	1.999723e-02	9.992305e-03	1.000493e-02	-2.177567e-03	1.811844e-02	-2.029600e-02	1.920722e-02	-6.311345e-06	6.697252e-05	-7.306365e-05	3.044070e-05	-1.035043e-04
356           	1.999708e-02	9.992015e-03	1.000507e-02	-2.177570e-03	1.811829e-02	-2.029586e-02	1.920707e-02	-6.526756e-06	6.709206e-05	-7.289015e-05	3.064698e-05	-1.035371e-04
357           	1.999694e-02	9.991730e-03	1.000521e-02	-2.177573e-03	1.811815e-02	-2.029572e-02	1.920693e-02	-6.740778e-06	6.721084e-05	-7.271750e-05	3.085209e-05	-1.035696e-04
358           	1.999680e-02	9.991447e-03	1.000535e-02	-2.177577e-03	1.811801e-02	-2.029558e-02	1.920680e-02	-6.953340e-06	6.732886e-05	-7.254575e-05	3.105598e-05	-1.036017e-04
359           	1.999667e-02	9.991164e-03	1.000550e-02	-2.177580e-03	1.811787e-02	-2.029545e-02	1.920666e-02	-7.168658e-06	6.744864e-05	-7.237089e-05	3.126320e-05	-1.036341e-04
360           	1.999654e-02	9.990893e-03	1.000564e-02	-2.177583e-03	1.811774e-02	-2.029533e-02	1.920653e-02	-7.374991e-06	6.756314e-05	-7.220371e-05	3.146129e-05	-1.036650e-04
361           	1.999641e-02	9.990627e-03	1.000578e-02	-2.177586e-03	1.811762e-02	-2.029520e-02	1.920641e-02	-7.578103e-06	6.767580e-05	-7.203888e-05	3.165636e-05	-1.036952e-04
362           	1.999629e-02	9.990367e-03	1.000592e-02	-2.177589e-03	1.811750e-02	-2.029508e-02	1.920629e-02	-7.777911e-06	6.778655e-05	-7.187649e-05	3.184831e-05	-1.037248e-04
363           	1.999617e-02	9.990113e-03	1.000606e-02	-2.177593e-03	1.811738e-02	-2.029497e-02	1.920617e-02	-7.974379e-06	6.789537e-05	-7.171658e-05	3.203708e-05	-1.037537e-04
364           	1.999606e-02	9.989864e-03	1.000620e-02	-2.177596e-03	1.811727e-02	-2.029486e-02	1.920606e-02	-8.167537e-06	6.800226e-05	-7.155917e-05	3.222268e-05	-1.037818e-04
365           	1.999596e-02	9.989620e-03	1.000634e-02	-2.177599e-03	1.811716e-02	-2.029476e-02	1.920596e-02	-8.357483e-06	6.810727e-05	-7.140422e-05	3.240516e-05	-1.038094e-04
366           	1.999585e-02	9.989382e-03	1.000647e-02	-2.177602e-03	1.811705e-02	-2.029465e-02	1.920585e-02	-8.544382e-06	6.821049e-05	-7.125166e-05	3.258466e-05	-1.038363e-04
367           	1.999576e-02	9.989149e-03	1.000661e-02	-2.177605e-03	1.811695e-02	-2.029456e-02	1.920575e-02	-8.728414e-06	6.831201e-05	-7.110139e-05	3.276132e-05	-1.038627e-04
368           	1.999566e-02	9.988921e-03	1.000674e-02	-2.177608e-03	1.811685e-02	-2.029446e-02	1.920566e-02	-8.909799e-06	6.841197e-05	-7.095328e-05	3.293533e-05	-1.038886e-04
369           	1.999557e-02	9.988697e-03	1.000687e-02	-2.177611e-03	1.811676e-02	-2.029437e-02	1.920557e-02	-9.088778e-06	6.851052e-05	-7.080719e-05	3.310693e-05	-1.039141e-04
370           	1.999548e-02	9.988477e-03	1.000701e-02	-2.177614e-03	1.811667e-02	-2.029429e-02	1.920548e-02	-9.265574e-06	6.860781e-05	-7.066294e-05	3.327634e-05	-1.039393e-04
371           	1.999540e-02	9.988261e-03	1.000714e-02	-2.177617e-03	1.811658e-02	-2.029420e-02	1.920539e-02	-9.440383e-06	6.870397e-05	-7.052040e-05	3.344377e-05	-1.039642e-04
372           	1.999532e-02	9.988049e-03	1.000728e-02	-2.177620e-03	1.811650e-02	-2.029412e-02	1.920531e-02	-9.613360e-06	6.879911e-05	-7.037945e-05	3.360939e-05	-1.039888e-04
373           	1.999525e-02	9.987840e-03	1.000741e-02	-2.177623e-03	1.811642e-02	-2.029405e-02	1.920523e-02	-9.784624e-06	6.889332e-05	-7.023998e-05	3.377333e-05	-1.040133e-04
374           	1.999518e-02	9.987635e-03	1.000754e-02	-2.177626e-03	1.811635e-02	-2.029397e-02	1.920516e-02	-9.954271e-06	6.898667e-05	-7.010191e-05	3.393571e-05	-1.040376e-04
375           	1.999511e-02	9.987433e-03	1.000768e-02	-2.177629e-03	1.811627e-02	-2.029390e-02	1.920509e-02	-1.012236e-05	6.907919e-05	-6.996520e-05	3.409660e-05	-1.040618e-04
376           	1.999505e-02	9.987234e-03	1.000781e-02	-2.177632e-03	1.811620e-02	-2.029383e-02	1.920502e-02	-1.028896e-05	6.917095e-05	-6.982977e-05	3.425606e-05	-1.040858e-04
377           	1.999499e-02	9.987039e-03	1.000795e-02	-2.177634e-03	1.811614e-02	-2.029377e-02	1.920495e-02	-1.045409e-05	6.926196e-05	-6.969561e-05	3.441415e-05	-1.041098e-04
378           	1.999493e-02	9.986847e-03	1.000808e-02	-2.177637e-03	1.811607e-02	-2.029371e-02	1.920489e-02	-1.061777e-05	6.935223e-05	-6.956269e-05	3.457089e-05	-1.041336e-04
379           	1.999488e-02	9.986658e-03	1.000822e-02	-2.177640e-03	1.811601e-02	-2.029365e-02	1.920483e-02	-1.078005e-05	6.944179e-05	-6.943098e-05	3.472630e-05	-1.041573e-04
380           	1.999482e-02	9.986471e-03	1.000835e-02	-2.177642e-03	1.811595e-02	-2.029360e-02	1.920478e-02	-1.094096e-05	6.953067e-05	-6.930044e-05	3.488045e-05	-1.041809e-04
381           	1.999478e-02	9.986288e-03	1.000849e-02	-2.177645e-03	1.811590e-02	-2.029355e-02	1.920472e-02	-1.110054e-05	6.961888e-05	-6.917105e-05	3.503335e-05	-1.042044e-04
382           	1.999473e-02	9.986108e-03	1.000863e-02	-2.177648e-03	1.811585e-02	-2.029350e-02	1.920467e-02	-1.125883e-05	6.970644e-05	-6.904277e-05	3.518505e-05	-1.042278e-04
383           	1.999469e-02	9.985930e-03	1.000876e-02	-2.177650e-03	1.811580e-02	-2.029345e-02	1.920462e-02	-1.141583e-05	6.979339e-05	-6.891556e-05	3.533560e-05	-1.042512e-04
384           	1.999465e-02	9.985755e-03	1.000890e-02	-2.177653e-03	1.811575e-02	-2.029341e-02	1.920458e-02	-1.157156e-05	6.987972e-05	-6.878941e-05	3.548502e-05	-1.042744e-04
385           	1.999462e-02	9.985583e-03	1.000904e-02	-2.177655e-03	1.811571e-02	-2.029337e-02	1.920454e-02	-1.172600e-05	6.996545e-05	-6.866430e-05	3.563330e-05	-1.042976e-04
386           	1.999459e-02	9.985414e-03	1.000917e-02	-2.177658e-03	1.811567e-02	-2.029333e-02	1.920450e-02	-1.187914e-05	7.005057e-05	-6.854021e-05	3.578047e-05	-1.043207e-04
387           	1.999456e-02	9.985248e-03	1.000931e-02	-2.177660e-03	1.811563e-02	-2.029329e-02	1.920446e-02	-1.203098e-05	7.013510e-05	-6.841712e-05	3.592654e-05	-1.043437e-04
388           	1.999453e-02	9.985084e-03	1.000945e-02	-2.177662e-03	1.811560e-02	-2.029326e-02	1.920443e-02	-1.218152e-05	7.021904e-05	-6.829501e-05	3.607153e-05	-1.043665e-04
389           	1.999451e-02	9.984923e-03	1.000958e-02	-2.177665e-03	1.811556e-02	-2.029323e-02	1.920439e-02	-1.233077e-05	7.030241e-05	-6.817385e-05	3.621549e-05	-1.043893e-04
390           	1.999449e-02	9.984764e-03	1.000972e-02	-2.177667e-03	1.811553e-02	-2.029320e-02	1.920437e-02	-1.247878e-05	7.038525e-05	-6.805361e-05	3.635845e-05	-1.044121e-04
391           	1.999447e-02	9.984608e-03	1.000986e-02	-2.177669e-03	1.811550e-02	-2.029317e-02	1.920434e-02	-1.262559e-05	7.046758e-05	-6.793424e-05	3.650046e-05	-1.044347e-04
392           	1.999445e-02	9.984454e-03	1.001000e-02	-2.177671e-03	1.811548e-02	-2.029315e-02	1.920431e-02	-1.277123e-05	7.054943e-05	-6.781571e-05	3.664157e-05	-1.044573e-04
393           	1.999444e-02	9.984303e-03	1.001013e-02	-2.177673e-03	1.811545e-02	-2.029313e-02	1.920429e-02	-1.291576e-05	7.063083e-05	-6.769800e-05	3.678182e-05	-1.044798e-04
394           	1.999443e-02	9.984154e-03	1.001027e-02	-2.177676e-03	1.811543e-02	-2.029311e-02	1.920427e-02	-1.305925e-05	7.071181e-05	-6.758106e-05	3.692128e-05	-1.045023e-04
395           	1.999442e-02	9.984007e-03	1.001041e-02	-2.177678e-03	1.811541e-02	-2.029309e-02	1.920425e-02	-1.320178e-05	7.079240e-05	-6.746486e-05	3.705997e-05	-1.045248e-04
396           	1.999441e-02	9.983862e-03	1.001055e-02	-2.177680e-03	1.811539e-02	-2.029307e-02	1.920423e-02	-1.334343e-05	7.087265e-05	-6.734934e-05	3.719798e-05	-1.045473e-04
397           	1.999441e-02	9.983719e-03	1.001069e-02	-2.177682e-03	1.811538e-02	-2.029306e-02	1.920422e-02	-1.348429e-05	7.095261e-05	-6.723447e-05	3.733537e-05	-1.045698e-04
398           	1.999441e-02	9.983578e-03	1.001083e-02	-2.177684e-03	1.811537e-02	-2.029305e-02	1.920421e-02	-1.362447e-05	7.103232e-05	-6.712017e-05	3.747223e-05	-1.045924e-04
399           	1.999441e-02	9.983439e-03	1.001097e-02	-2.177686e-03	1.811535e-02	-2.029304e-02	1.920420e-02	-1.376404e-05	7.111182e-05	-6.700642e-05	3.760862e-05	-1.046150e-04
400           	1.999441e-02	9.983301e-03	1.001111e-02	-2.177688e-03	1.811535e-02	-2.029303e-02	1.920419e-02	-1.390310e-05	7.119117e-05	-6.689315e-05	3.774459e-05	-1.046377e-04
401           	1.999441e-02	9.983165e-03	1.001125e-02	-2.177690e-03	1.811534e-02	-2.029303e-02	1.920418e-02	-1.404168e-05	7.127037e-05	-6.678036e-05	3.788019e-05	-1.046605e-04
402           	1.999442e-02	9.983030e-03	1.001139e-02	-2.177691e-03	1.811533e-02	-2.029302e-02	1.920418e-02	-1.417982e-05	7.134943e-05	-6.666803e-05	3.801542e-05	-1.046834e-04
403           	1.999443e-02	9.982897e-03	1.001153e-02	-2.177693e-03	1.811533e-02	-2.029302e-02	1.920417e-02	-1.431758e-05	7.142838e-05	-6.655613e-05	3.815032e-05	-1.047064e-04
404           	1.999444e-02	9.982764e-03	1.001167e-02	-2.177695e-03	1.811533e-02	-2.029302e-02	1.920417e-02	-1.445498e-05	7.150723e-05	-6.644464e-05	3.828491e-05	-1.047295e-04
405           	1.999445e-02	9.982634e-03	1.001182e-02	-2.177697e-03	1.811533e-02	-2.029302e-02	1.920417e-02	-1.459203e-05	7.158597e-05	-6.633357e-05	3.841919e-05	-1.047528e-04
406           	1.999447e-02	9.982504e-03	1.001196e-02	-2.177699e-03	1.811533e-02	-2.029303e-02	1.920418e-02	-1.472873e-05	7.166460e-05	-6.622292e-05	3.855315e-05	-1.047761e-04
407           	1.999448e-02	9.982376e-03	1.001211e-02	-2.177700e-03	1.811533e-02	-2.029303e-02	1.920418e-02	-1.486505e-05	7.174310e-05	-6.611271e-05	3.868674e-05	-1.047994e-04
408           	1.999450e-02	9.982249e-03	1.001225e-02	-2.177702e-03	1.811533e-02	-2.029304e-02	1.920418e-02	-1.500094e-05	7.182141e-05	-6.600298e-05	3.881992e-05	-1.048229e-04
409           	1.999452e-02	9.982123e-03	1.001240e-02	-2.177704e-03	1.811534e-02	-2.029304e-02	1.920419e-02	-1.513635e-05	7.189950e-05	-6.589377e-05	3.895262e-05	-1.048464e-04
410           	1.999454e-02	9.981999e-03	1.001254e-02	-2.177705e-03	1.811535e-02	-2.029305e-02	1.920420e-02	-1.527122e-05	7.197734e-05	-6.578511e-05	3.908479e-05	-1.048699e-04
411           	1.999456e-02	9.981876e-03	1.001269e-02	-2.177707e-03	1.811536e-02	-2.029306e-02	1.920421e-02	-1.540551e-05	7.205490e-05	-6.567702e-05	3.921639e-05	-1.048934e-04
412           	1.999459e-02	9.981755e-03	1.001283e-02	-2.177708e-03	1.811537e-02	-2.029308e-02	1.920422e-02	-1.553920e-05	7.213215e-05	-6.556953e-05	3.934738e-05	-1.049169e-04
