# Force and moment coefficients
# dragDir     : (1.000000e+00 0.000000e+00 0.000000e+00)
# sideDir     : (0.000000e+00 1.000000e+00 0.000000e+00)
# liftDir     : (0.000000e+00 0.000000e+00 1.000000e+00)
# rollAxis    : (1.000000e+00 0.000000e+00 0.000000e+00)
# pitchAxis   : (0.000000e+00 1.000000e+00 0.000000e+00)
# yawAxis     : (0.000000e+00 0.000000e+00 1.000000e+00)
# magUInf     : 6.661800e+00
# lRef        : 1.499270e-01
# Aref        : 5.000000e-02
# CofR        : (0.000000e+00 0.000000e+00 0.000000e+00)
#
# Time        	Cd            	Cd(f)         	Cd(r)         	Cl            	Cl(f)         	Cl(r)         	CmPitch       	CmRoll        	CmYaw         	Cs            	Cs(f)         	Cs(r)         
1             	2.919912e-01	1.403379e-01	1.516533e-01	-2.587973e-03	1.528845e-01	-1.554725e-01	1.541785e-01	-5.657739e-03	3.297033e-03	1.277643e-02	9.685247e-03	3.091182e-03
2             	2.150298e-01	1.027100e-01	1.123198e-01	-4.580586e-03	1.108768e-01	-1.154574e-01	1.131671e-01	-4.804943e-03	2.584692e-03	1.065849e-02	7.913936e-03	2.744551e-03
3             	1.643119e-01	7.894941e-02	8.536247e-02	-5.431268e-03	8.379691e-02	-8.922818e-02	8.651254e-02	-3.206526e-03	1.592732e-03	6.883665e-03	5.034565e-03	1.849100e-03
4             	1.266179e-01	6.194736e-02	6.467053e-02	-5.339192e-03	6.428319e-02	-6.962239e-02	6.695279e-02	-1.361583e-03	5.520898e-04	2.605581e-03	1.854881e-03	7.507009e-04
5             	9.675792e-02	4.866887e-02	4.808905e-02	-4.602276e-03	4.927155e-02	-5.387383e-02	5.157269e-02	2.899070e-04	-3.222788e-04	-1.166839e-03	-9.056984e-04	-2.611407e-04
6             	7.318045e-02	3.804079e-02	3.513966e-02	-3.517552e-03	3.767013e-02	-4.118769e-02	3.942891e-02	1.450563e-03	-8.896147e-04	-3.756297e-03	-2.767763e-03	-9.885337e-04
7             	5.549702e-02	2.974177e-02	2.575525e-02	-2.344337e-03	2.907458e-02	-3.141891e-02	3.024675e-02	1.993259e-03	-1.101660e-03	-4.884174e-03	-3.543748e-03	-1.340427e-03
8             	4.336456e-02	2.363128e-02	1.973328e-02	-1.274820e-03	2.318957e-02	-2.446439e-02	2.382698e-02	1.949001e-03	-9.954015e-04	-4.642927e-03	-3.316865e-03	-1.326062e-03
9             	3.607407e-02	1.950482e-02	1.656925e-02	-4.296642e-04	1.960674e-02	-2.003640e-02	1.982157e-02	1.467784e-03	-6.713508e-04	-3.401873e-03	-2.372287e-03	-1.029586e-03
10            	3.256946e-02	1.704919e-02	1.552026e-02	1.377986e-04	1.779393e-02	-1.765614e-02	1.772503e-02	7.644646e-04	-2.609005e-04	-1.677912e-03	-1.099856e-03	-5.780553e-04
11            	3.161759e-02	1.586536e-02	1.575223e-02	4.262241e-04	1.716212e-02	-1.673589e-02	1.694901e-02	5.656092e-05	1.100935e-04	1.045246e-05	1.153197e-04	-1.048673e-04
12            	3.202977e-02	1.552707e-02	1.650270e-02	4.721484e-04	1.715885e-02	-1.668671e-02	1.692278e-02	-4.878167e-04	3.518954e-04	1.265375e-03	9.845829e-04	2.807921e-04
13            	3.283329e-02	1.564322e-02	1.719007e-02	3.337646e-04	1.734055e-02	-1.700679e-02	1.717367e-02	-7.734299e-04	4.228451e-04	1.870531e-03	1.358111e-03	5.124205e-04
14            	3.337189e-02	1.590176e-02	1.747013e-02	7.789706e-05	1.741321e-02	-1.733532e-02	1.737427e-02	-7.841835e-04	3.304794e-04	1.804528e-03	1.232743e-03	5.717845e-04
15            	3.331712e-02	1.608494e-02	1.723219e-02	-2.314692e-04	1.723269e-02	-1.746416e-02	1.734842e-02	-5.736228e-04	1.233589e-04	1.212223e-03	7.294703e-04	4.827524e-04
16            	3.262256e-02	1.607547e-02	1.654709e-02	-5.393577e-04	1.678283e-02	-1.732219e-02	1.705251e-02	-2.358076e-04	-1.300371e-04	3.340855e-04	3.700569e-05	2.970798e-04
17            	3.142897e-02	1.583631e-02	1.559267e-02	-8.054151e-04	1.612998e-02	-1.693540e-02	1.653269e-02	1.218218e-04	-3.590433e-04	-5.618329e-04	-6.399597e-04	7.812681e-05
18            	2.997170e-02	1.539284e-02	1.457886e-02	-1.004734e-03	1.538034e-02	-1.638508e-02	1.588271e-02	4.069918e-04	-5.088277e-04	-1.249221e-03	-1.133438e-03	-1.157826e-04
19            	2.849311e-02	1.480712e-02	1.368600e-02	-1.127297e-03	1.464053e-02	-1.576782e-02	1.520418e-02	5.605587e-04	-5.512829e-04	-1.588288e-03	-1.345427e-03	-2.428609e-04
20            	2.717786e-02	1.415394e-02	1.302392e-02	-1.176543e-03	1.398924e-02	-1.516578e-02	1.457751e-02	5.650069e-04	-4.882727e-04	-1.544618e-03	-1.260582e-03	-2.840364e-04
21            	2.612643e-02	1.350433e-02	1.262210e-02	-1.165300e-03	1.346648e-02	-1.463178e-02	1.404913e-02	4.411132e-04	-3.466634e-04	-1.179556e-03	-9.364412e-04	-2.431145e-04
22            	2.535353e-02	1.291383e-02	1.243971e-02	-1.111946e-03	1.307413e-02	-1.418608e-02	1.363011e-02	2.370579e-04	-1.690341e-04	-6.214080e-04	-4.797381e-04	-1.416699e-04
23            	2.480821e-02	1.241710e-02	1.239111e-02	-1.036413e-03	1.278572e-02	-1.382213e-02	1.330392e-02	1.299769e-05	-1.599762e-06	-2.585198e-05	-1.452575e-05	-1.132623e-05
24            	2.440211e-02	1.202606e-02	1.237606e-02	-9.571925e-04	1.255930e-02	-1.351650e-02	1.303790e-02	-1.749999e-04	1.174217e-04	4.648428e-04	3.498431e-04	1.149997e-04
25            	2.404239e-02	1.173464e-02	1.230775e-02	-8.885463e-04	1.235238e-02	-1.324092e-02	1.279665e-02	-2.865554e-04	1.646345e-04	7.501437e-04	5.397063e-04	2.104374e-04
26            	2.365631e-02	1.152426e-02	1.213206e-02	-8.391042e-04	1.213251e-02	-1.297162e-02	1.255207e-02	-3.039002e-04	1.356026e-04	7.887561e-04	5.299806e-04	2.587755e-04
27            	2.320250e-02	1.136892e-02	1.183358e-02	-8.121330e-04	1.188215e-02	-1.269428e-02	1.228822e-02	-2.323329e-04	4.308459e-05	5.986689e-04	3.424191e-04	2.562499e-04
28            	2.267449e-02	1.124113e-02	1.143337e-02	-8.061689e-04	1.159973e-02	-1.240590e-02	1.200281e-02	-9.611996e-05	-8.778158e-05	2.452686e-04	3.485275e-05	2.104159e-04
29            	2.209452e-02	1.111682e-02	1.097770e-02	-8.163970e-04	1.129647e-02	-1.211287e-02	1.170467e-02	6.955982e-05	-2.265094e-04	-1.796939e-04	-3.163563e-04	1.366624e-04
30            	2.150237e-02	1.097898e-02	1.052339e-02	-8.362511e-04	1.099111e-02	-1.182736e-02	1.140923e-02	2.277920e-04	-3.444117e-04	-5.813023e-04	-6.350629e-04	5.376062e-05
31            	2.094130e-02	1.081879e-02	1.012251e-02	-8.591680e-04	1.070349e-02	-1.156266e-02	1.113308e-02	3.481420e-04	-4.204583e-04	-8.819634e-04	-8.614400e-04	-2.052341e-05
32            	2.044685e-02	1.063573e-02	9.811122e-03	-8.798007e-04	1.044966e-02	-1.132946e-02	1.088956e-02	4.123037e-04	-4.453860e-04	-1.036141e-03	-9.634565e-04	-7.268442e-05
33            	2.003988e-02	1.043620e-02	9.603674e-03	-8.946732e-04	1.023868e-02	-1.113335e-02	1.068602e-02	4.162653e-04	-4.218900e-04	-1.035168e-03	-9.394741e-04	-9.569409e-05
34            	1.972409e-02	1.023068e-02	9.493416e-03	-9.023941e-04	1.007170e-02	-1.097409e-02	1.052289e-02	3.686306e-04	-3.620935e-04	-9.028473e-04	-8.135172e-04	-8.933014e-05
35            	1.948762e-02	1.003082e-02	9.456797e-03	-9.034306e-04	9.942740e-03	-1.084617e-02	1.039446e-02	2.870138e-04	-2.837398e-04	-6.858367e-04	-6.266581e-04	-5.917854e-05
36            	1.930776e-02	9.846887e-03	9.460871e-03	-8.995743e-04	9.841000e-03	-1.074057e-02	1.029079e-02	1.930080e-04	-2.056037e-04	-4.405071e-04	-4.258572e-04	-1.464989e-05
37            	1.915717e-02	9.685710e-03	9.471463e-03	-8.932635e-04	9.753665e-03	-1.064693e-02	1.020030e-02	1.071234e-04	-1.433751e-04	-2.198756e-04	-2.533129e-04	3.343724e-05
38            	1.901001e-02	9.549780e-03	9.460231e-03	-8.869190e-04	9.668708e-03	-1.055563e-02	1.011217e-02	4.477451e-05	-1.068236e-04	-6.335976e-05	-1.385035e-04	7.514372e-05
39            	1.884667e-02	9.437376e-03	9.409290e-03	-8.824199e-04	9.577015e-03	-1.045943e-02	1.001822e-02	1.404315e-05	-9.869756e-05	8.946662e-06	-9.422422e-05	1.031709e-04
40            	1.865643e-02	9.343361e-03	9.313067e-03	-8.808033e-04	9.473556e-03	-1.035436e-02	9.913957e-03	1.514719e-05	-1.150888e-04	-2.460751e-06	-1.163191e-04	1.138584e-04
41            	1.843774e-02	9.260755e-03	9.176983e-03	-8.822174e-04	9.357498e-03	-1.023972e-02	9.798607e-03	4.188562e-05	-1.474739e-04	-8.034376e-05	-1.876458e-04	1.073020e-04
42            	1.819668e-02	9.182320e-03	9.014357e-03	-8.860617e-04	9.231509e-03	-1.011757e-02	9.674540e-03	8.398127e-05	-1.852548e-04	-1.969458e-04	-2.837277e-04	8.678185e-05
43            	1.794423e-02	9.102021e-03	8.842210e-03	-8.912567e-04	9.100521e-03	-9.991778e-03	9.546150e-03	1.299058e-04	-2.183918e-04	-3.214121e-04	-3.790978e-04	5.768576e-05
44            	1.769312e-02	9.016047e-03	8.677073e-03	-8.965634e-04	8.970301e-03	-9.866864e-03	9.418583e-03	1.694871e-04	-2.395371e-04	-4.266474e-04	-4.528608e-04	2.621344e-05
45            	1.745489e-02	8.923233e-03	8.531657e-03	-9.008759e-04	8.846140e-03	-9.747016e-03	9.296578e-03	1.957879e-04	-2.452701e-04	-4.942785e-04	-4.924094e-04	-1.869166e-06
46            	1.723781e-02	8.824895e-03	8.412916e-03	-9.034336e-04	8.731898e-03	-9.635331e-03	9.183615e-03	2.059895e-04	-2.362750e-04	-5.169800e-04	-4.947650e-04	-2.221497e-05
47            	1.704585e-02	8.724169e-03	8.321679e-03	-9.039240e-04	8.629518e-03	-9.533442e-03	9.081480e-03	2.012446e-04	-2.165731e-04	-4.980932e-04	-4.656197e-04	-3.247347e-05
48            	1.687863e-02	8.625052e-03	8.253579e-03	-9.024791e-04	8.538994e-03	-9.441474e-03	8.990234e-03	1.857367e-04	-1.921421e-04	-4.491468e-04	-4.167155e-04	-3.243125e-05
49            	1.673231e-02	8.531422e-03	8.200890e-03	-8.995841e-04	8.458730e-03	-9.358314e-03	8.908522e-03	1.652658e-04	-1.693033e-04	-3.861019e-04	-3.623542e-04	-2.374766e-05
50            	1.660088e-02	8.446156e-03	8.154722e-03	-8.959272e-04	8.386097e-03	-9.282024e-03	8.834061e-03	1.457171e-04	-1.532126e-04	-3.252383e-04	-3.158318e-04	-9.406490e-06
51            	1.647767e-02	8.370602e-03	8.107065e-03	-8.922406e-04	8.318109e-03	-9.210349e-03	8.764229e-03	1.317683e-04	-1.468533e-04	-2.797329e-04	-2.867197e-04	6.986835e-06
52            	1.635670e-02	8.304426e-03	8.052274e-03	-8.891552e-04	8.252013e-03	-9.141168e-03	8.696591e-03	1.260760e-04	-1.506154e-04	-2.573900e-04	-2.793104e-04	2.192040e-05
53            	1.623364e-02	8.245828e-03	7.987814e-03	-8.871005e-04	8.185730e-03	-9.072830e-03	8.629280e-03	1.290069e-04	-1.624864e-04	-2.598309e-04	-2.924018e-04	3.257092e-05
54            	1.610625e-02	8.192042e-03	7.914205e-03	-8.862591e-04	8.118070e-03	-9.004329e-03	8.561199e-03	1.389185e-04	-1.787685e-04	-2.831441e-04	-3.203405e-04	3.719642e-05
55            	1.597434e-02	8.139990e-03	7.834355e-03	-8.865736e-04	8.048754e-03	-8.935328e-03	8.492041e-03	1.528177e-04	-1.950695e-04	-3.195389e-04	-3.548390e-04	3.530010e-05
56            	1.583943e-02	8.086915e-03	7.752514e-03	-8.877969e-04	7.978264e-03	-8.866061e-03	8.422162e-03	1.672002e-04	-2.073375e-04	-3.595672e-04	-3.871211e-04	2.755386e-05
57            	1.570404e-02	8.030910e-03	7.673130e-03	-8.895669e-04	7.907582e-03	-8.797149e-03	8.352365e-03	1.788901e-04	-2.127208e-04	-3.943432e-04	-4.098924e-04	1.554917e-05
58            	1.557106e-02	7.971228e-03	7.599832e-03	-8.914894e-04	7.837902e-03	-8.729392e-03	8.283647e-03	1.856980e-04	-2.100921e-04	-4.173465e-04	-4.187654e-04	1.418898e-06
59            	1.544310e-02	7.908330e-03	7.534769e-03	-8.932098e-04	7.770363e-03	-8.663572e-03	8.216968e-03	1.867801e-04	-2.001633e-04	-4.254620e-04	-4.128943e-04	-1.256770e-05
60            	1.532204e-02	7.843696e-03	7.478343e-03	-8.944669e-04	7.705838e-03	-8.600305e-03	8.153071e-03	1.826766e-04	-1.852088e-04	-4.192049e-04	-3.948113e-04	-2.439364e-05
61            	1.520881e-02	7.779439e-03	7.429375e-03	-8.951190e-04	7.644828e-03	-8.539947e-03	8.092388e-03	1.750317e-04	-1.684744e-04	-4.021159e-04	-3.695323e-04	-3.258359e-05
62            	1.510340e-02	7.717862e-03	7.385537e-03	-8.951449e-04	7.587438e-03	-8.482583e-03	8.035010e-03	1.661624e-04	-1.534831e-04	-3.797096e-04	-3.433379e-04	-3.637165e-05
63            	1.500497e-02	7.661001e-03	7.343971e-03	-8.946242e-04	7.533424e-03	-8.428048e-03	7.980736e-03	1.585153e-04	-1.433186e-04	-3.581085e-04	-3.223729e-04	-3.573561e-05
64            	1.491220e-02	7.610273e-03	7.301928e-03	-8.937052e-04	7.482302e-03	-8.376007e-03	7.929155e-03	1.541724e-04	-1.400757e-04	-3.427720e-04	-3.114616e-04	-3.131032e-05
65            	1.482353e-02	7.566241e-03	7.257285e-03	-8.925654e-04	7.433456e-03	-8.326021e-03	7.879739e-03	1.544780e-04	-1.445243e-04	-3.374816e-04	-3.132650e-04	-2.421654e-05
66            	1.473746e-02	7.528578e-03	7.208882e-03	-8.913786e-04	7.386262e-03	-8.277641e-03	7.831952e-03	1.598481e-04	-1.560703e-04	-3.438102e-04	-3.279754e-04	-1.583483e-05
67            	1.465282e-02	7.496193e-03	7.156622e-03	-8.902857e-04	7.340189e-03	-8.230474e-03	7.785331e-03	1.697854e-04	-1.729771e-04	-3.610653e-04	-3.535097e-04	-7.555577e-06
68            	1.456881e-02	7.467455e-03	7.101352e-03	-8.893813e-04	7.294844e-03	-8.184226e-03	7.739535e-03	1.830515e-04	-1.927501e-04	-3.866651e-04	-3.860826e-04	-5.825072e-07
69            	1.448509e-02	7.440505e-03	7.044580e-03	-8.887081e-04	7.250005e-03	-8.138713e-03	7.694359e-03	1.979625e-04	-2.126379e-04	-4.168264e-04	-4.210511e-04	4.224729e-06
70            	1.440169e-02	7.413574e-03	6.988111e-03	-8.882624e-04	7.205602e-03	-8.093864e-03	7.649733e-03	2.127317e-04	-2.301260e-04	-4.473875e-04	-4.538197e-04	6.432192e-06
71            	1.431891e-02	7.385231e-03	6.933682e-03	-8.880054e-04	7.161685e-03	-8.049690e-03	7.605687e-03	2.257749e-04	-2.433254e-04	-4.745731e-04	-4.806119e-04	6.038787e-06
72            	1.423724e-02	7.354601e-03	6.882634e-03	-8.878772e-04	7.118387e-03	-8.006264e-03	7.562325e-03	2.359833e-04	-2.512456e-04	-4.956518e-04	-4.990715e-04	3.419664e-06
73            	1.415714e-02	7.321396e-03	6.835746e-03	-8.878121e-04	7.075869e-03	-7.963681e-03	7.519775e-03	2.428249e-04	-2.538396e-04	-5.092380e-04	-5.084585e-04	-7.794300e-07
74            	1.407905e-02	7.285886e-03	6.793166e-03	-8.877507e-04	7.034283e-03	-7.922034e-03	7.478159e-03	2.463602e-04	-2.519112e-04	-5.153583e-04	-5.095903e-04	-5.767918e-06
75            	1.400325e-02	7.248792e-03	6.754458e-03	-8.876475e-04	6.993747e-03	-7.881394e-03	7.437571e-03	2.471672e-04	-2.468997e-04	-5.152827e-04	-5.045411e-04	-1.074164e-05
76            	1.392988e-02	7.211136e-03	6.718740e-03	-8.874745e-04	6.954332e-03	-7.841807e-03	7.398069e-03	2.461984e-04	-2.405810e-04	-5.111790e-04	-4.961706e-04	-1.500848e-05
77            	1.385892e-02	7.174012e-03	6.684904e-03	-8.872211e-04	6.916058e-03	-7.803279e-03	7.359668e-03	2.445537e-04	-2.347378e-04	-5.055911e-04	-4.875333e-04	-1.805782e-05
78            	1.379024e-02	7.138417e-03	6.651827e-03	-8.868914e-04	6.878900e-03	-7.765791e-03	7.322346e-03	2.432949e-04	-2.308843e-04	-5.009865e-04	-4.813775e-04	-1.960897e-05
79            	1.372366e-02	7.105113e-03	6.618546e-03	-8.864992e-04	6.842803e-03	-7.729302e-03	7.286052e-03	2.432839e-04	-2.300665e-04	-4.993663e-04	-4.797497e-04	-1.961662e-05
80            	1.365894e-02	7.074547e-03	6.584391e-03	-8.860631e-04	6.807695e-03	-7.693758e-03	7.250726e-03	2.450777e-04	-2.327636e-04	-5.020119e-04	-4.837696e-04	-1.824234e-05
81            	1.359587e-02	7.046822e-03	6.549047e-03	-8.856025e-04	6.773501e-03	-7.659104e-03	7.216303e-03	2.488875e-04	-2.388916e-04	-5.093850e-04	-4.935841e-04	-1.580094e-05
82            	1.353428e-02	7.021736e-03	6.512539e-03	-8.851337e-04	6.740154e-03	-7.625288e-03	7.182721e-03	2.545984e-04	-2.478940e-04	-5.211746e-04	-5.084813e-04	-1.269330e-05
83            	1.347403e-02	6.998854e-03	6.475181e-03	-8.846687e-04	6.707597e-03	-7.592266e-03	7.149932e-03	2.618367e-04	-2.588936e-04	-5.364636e-04	-5.271254e-04	-9.338172e-06
84            	1.341507e-02	6.977598e-03	6.437473e-03	-8.842146e-04	6.675788e-03	-7.560003e-03	7.117895e-03	2.700624e-04	-2.708642e-04	-5.539561e-04	-5.478422e-04	-6.113837e-06
85            	1.335735e-02	6.957365e-03	6.399988e-03	-8.837738e-04	6.644698e-03	-7.528472e-03	7.086585e-03	2.786882e-04	-2.828208e-04	-5.722587e-04	-5.689501e-04	-3.308563e-06
86            	1.330087e-02	6.937599e-03	6.363276e-03	-8.833454e-04	6.614308e-03	-7.497654e-03	7.055981e-03	2.871614e-04	-2.939397e-04	-5.900835e-04	-5.889815e-04	-1.102073e-06
87            	1.324564e-02	6.917864e-03	6.327777e-03	-8.829272e-04	6.584603e-03	-7.467530e-03	7.026067e-03	2.950433e-04	-3.036570e-04	-6.064317e-04	-6.068729e-04	4.411304e-07
88            	1.319166e-02	6.897879e-03	6.293776e-03	-8.825161e-04	6.555569e-03	-7.438085e-03	6.996827e-03	3.020516e-04	-3.117052e-04	-6.206918e-04	-6.220511e-04	1.359272e-06
89            	1.313892e-02	6.877536e-03	6.261386e-03	-8.821103e-04	6.527200e-03	-7.409310e-03	6.968255e-03	3.080746e-04	-3.181009e-04	-6.326632e-04	-6.344325e-04	1.769362e-06
90            	1.308741e-02	6.856854e-03	6.230555e-03	-8.817086e-04	6.499472e-03	-7.381180e-03	6.940326e-03	3.131494e-04	-3.230838e-04	-6.424997e-04	-6.443336e-04	1.833948e-06
91            	1.303708e-02	6.835975e-03	6.201107e-03	-8.813101e-04	6.472365e-03	-7.353675e-03	6.913020e-03	3.174336e-04	-3.270449e-04	-6.506273e-04	-6.523586e-04	1.731276e-06
92            	1.298790e-02	6.815102e-03	6.172794e-03	-8.809153e-04	6.445859e-03	-7.326774e-03	6.886317e-03	3.211539e-04	-3.304362e-04	-6.576192e-04	-6.592459e-04	1.626609e-06
93            	1.293980e-02	6.794454e-03	6.145348e-03	-8.805250e-04	6.419933e-03	-7.300458e-03	6.860196e-03	3.245532e-04	-3.336851e-04	-6.640693e-04	-6.657198e-04	1.650500e-06
94            	1.289275e-02	6.774239e-03	6.118515e-03	-8.801400e-04	6.394570e-03	-7.274710e-03	6.834640e-03	3.278622e-04	-3.371466e-04	-6.705142e-04	-6.724036e-04	1.889477e-06
95            	1.284671e-02	6.754611e-03	6.092101e-03	-8.797612e-04	6.369752e-03	-7.249513e-03	6.809632e-03	3.312548e-04	-3.410506e-04	-6.773419e-04	-6.797215e-04	2.379658e-06
96            	1.280164e-02	6.735660e-03	6.065983e-03	-8.793894e-04	6.345465e-03	-7.224854e-03	6.785160e-03	3.348386e-04	-3.454963e-04	-6.847680e-04	-6.878803e-04	3.112265e-06
97            	1.275752e-02	6.717411e-03	6.040110e-03	-8.790247e-04	6.321698e-03	-7.200723e-03	6.761211e-03	3.386506e-04	-3.504619e-04	-6.928360e-04	-6.968799e-04	4.043897e-06
98            	1.271433e-02	6.699832e-03	6.014499e-03	-8.786672e-04	6.298443e-03	-7.177110e-03	6.737776e-03	3.426667e-04	-3.558318e-04	-7.014448e-04	-7.065542e-04	5.109393e-06
99            	1.267206e-02	6.682849e-03	5.989215e-03	-8.783165e-04	6.275691e-03	-7.154007e-03	6.714849e-03	3.468169e-04	-3.614315e-04	-7.103928e-04	-7.166279e-04	6.235078e-06
100           	1.263070e-02	6.666344e-03	5.964358e-03	-8.779728e-04	6.253433e-03	-7.131406e-03	6.692419e-03	3.509932e-04	-3.670494e-04	-7.194051e-04	-7.267519e-04	7.346826e-06
101           	1.259025e-02	6.650235e-03	5.940017e-03	-8.776349e-04	6.231668e-03	-7.109303e-03	6.670485e-03	3.551093e-04	-3.725235e-04	-7.282632e-04	-7.366551e-04	8.391924e-06
102           	1.255071e-02	6.634432e-03	5.916275e-03	-8.773019e-04	6.210390e-03	-7.087692e-03	6.649041e-03	3.590787e-04	-3.777151e-04	-7.367662e-04	-7.460982e-04	9.331975e-06
103           	1.251205e-02	6.618844e-03	5.893204e-03	-8.769745e-04	6.189588e-03	-7.066563e-03	6.628076e-03	3.628199e-04	-3.825115e-04	-7.447383e-04	-7.548806e-04	1.014233e-05
104           	1.247426e-02	6.603415e-03	5.870842e-03	-8.766532e-04	6.169252e-03	-7.045906e-03	6.607579e-03	3.662868e-04	-3.868650e-04	-7.520921e-04	-7.629111e-04	1.081895e-05
105           	1.243731e-02	6.588117e-03	5.849196e-03	-8.763384e-04	6.149371e-03	-7.025709e-03	6.587540e-03	3.694604e-04	-3.907757e-04	-7.588074e-04	-7.701795e-04	1.137202e-05
106           	1.240119e-02	6.572942e-03	5.828250e-03	-8.760310e-04	6.129932e-03	-7.005963e-03	6.567948e-03	3.723460e-04	-3.942799e-04	-7.649182e-04	-7.767390e-04	1.182080e-05
107           	1.236586e-02	6.557887e-03	5.807975e-03	-8.757324e-04	6.110920e-03	-6.986653e-03	6.548787e-03	3.749562e-04	-3.974225e-04	-7.704734e-04	-7.826592e-04	1.218577e-05
108           	1.233131e-02	6.542988e-03	5.788318e-03	-8.754422e-04	6.092328e-03	-6.967770e-03	6.530049e-03	3.773349e-04	-4.002849e-04	-7.755831e-04	-7.880765e-04	1.249337e-05
109           	1.229750e-02	6.528265e-03	5.769233e-03	-8.751610e-04	6.074144e-03	-6.949305e-03	6.511724e-03	3.795164e-04	-4.029269e-04	-7.803291e-04	-7.930915e-04	1.276240e-05
110           	1.226442e-02	6.513741e-03	5.750676e-03	-8.748891e-04	6.056356e-03	-6.931245e-03	6.493801e-03	3.815321e-04	-4.053947e-04	-7.847776e-04	-7.977835e-04	1.300586e-05
111           	1.223204e-02	6.499427e-03	5.732614e-03	-8.746269e-04	6.038954e-03	-6.913581e-03	6.476267e-03	3.834067e-04	-4.077172e-04	-7.889737e-04	-8.022041e-04	1.323041e-05
112           	1.220035e-02	6.485334e-03	5.715019e-03	-8.743744e-04	6.021928e-03	-6.896302e-03	6.459115e-03	3.851574e-04	-4.099069e-04	-7.929394e-04	-8.063765e-04	1.343719e-05
113           	1.216933e-02	6.471461e-03	5.697873e-03	-8.741314e-04	6.005268e-03	-6.879400e-03	6.442334e-03	3.867936e-04	-4.119618e-04	-7.966773e-04	-8.103004e-04	1.362311e-05
114           	1.213897e-02	6.457804e-03	5.681168e-03	-8.738979e-04	5.988967e-03	-6.862865e-03	6.425916e-03	3.883177e-04	-4.138704e-04	-8.001760e-04	-8.139584e-04	1.378243e-05
115           	1.210926e-02	6.444360e-03	5.664899e-03	-8.736732e-04	5.973019e-03	-6.846692e-03	6.409855e-03	3.897304e-04	-4.156211e-04	-8.034235e-04	-8.173328e-04	1.390937e-05
116           	1.208017e-02	6.431101e-03	5.649067e-03	-8.734579e-04	5.957409e-03	-6.830867e-03	6.394138e-03	3.910167e-04	-4.171839e-04	-8.063766e-04	-8.203722e-04	1.399562e-05
117           	1.205170e-02	6.418031e-03	5.633669e-03	-8.732511e-04	5.942137e-03	-6.815388e-03	6.378763e-03	3.921808e-04	-4.185598e-04	-8.090388e-04	-8.230792e-04	1.404038e-05
118           	1.202384e-02	6.405142e-03	5.618703e-03	-8.730524e-04	5.927196e-03	-6.800248e-03	6.363722e-03	3.932194e-04	-4.197435e-04	-8.114024e-04	-8.254448e-04	1.404231e-05
119           	1.199659e-02	6.392426e-03	5.604164e-03	-8.728617e-04	5.912579e-03	-6.785441e-03	6.349010e-03	3.941312e-04	-4.207361e-04	-8.134675e-04	-8.274698e-04	1.400234e-05
120           	1.196992e-02	6.379880e-03	5.590044e-03	-8.726788e-04	5.898280e-03	-6.770959e-03	6.334619e-03	3.949182e-04	-4.215450e-04	-8.152433e-04	-8.291667e-04	1.392334e-05
121           	1.194383e-02	6.367503e-03	5.576332e-03	-8.725035e-04	5.884292e-03	-6.756795e-03	6.320544e-03	3.955854e-04	-4.221823e-04	-8.167459e-04	-8.305552e-04	1.380929e-05
122           	1.191831e-02	6.355296e-03	5.563014e-03	-8.723359e-04	5.870608e-03	-6.742944e-03	6.306776e-03	3.961411e-04	-4.226637e-04	-8.179970e-04	-8.316622e-04	1.366514e-05
123           	1.189334e-02	6.343264e-03	5.550072e-03	-8.721758e-04	5.857223e-03	-6.729399e-03	6.293311e-03	3.965960e-04	-4.230070e-04	-8.190215e-04	-8.325178e-04	1.349626e-05
124           	1.186890e-02	6.331413e-03	5.537488e-03	-8.720230e-04	5.844129e-03	-6.716152e-03	6.280140e-03	3.969625e-04	-4.232303e-04	-8.198452e-04	-8.331529e-04	1.330764e-05
125           	1.184499e-02	6.319749e-03	5.525244e-03	-8.718775e-04	5.831320e-03	-6.703197e-03	6.267259e-03	3.972523e-04	-4.233488e-04	-8.204910e-04	-8.335943e-04	1.310324e-05
126           	1.182160e-02	6.308275e-03	5.513324e-03	-8.717392e-04	5.818790e-03	-6.690529e-03	6.254659e-03	3.974752e-04	-4.233742e-04	-8.209769e-04	-8.338626e-04	1.288572e-05
127           	1.179871e-02	6.296993e-03	5.501715e-03	-8.716077e-04	5.806532e-03	-6.678140e-03	6.242336e-03	3.976392e-04	-4.233152e-04	-8.213165e-04	-8.339735e-04	1.265695e-05
128           	1.177631e-02	6.285904e-03	5.490404e-03	-8.714829e-04	5.794541e-03	-6.666024e-03	6.230282e-03	3.977496e-04	-4.231781e-04	-8.215194e-04	-8.339378e-04	1.241839e-05
129           	1.175439e-02	6.275001e-03	5.479385e-03	-8.713647e-04	5.782809e-03	-6.654173e-03	6.218491e-03	3.978081e-04	-4.229639e-04	-8.215879e-04	-8.337579e-04	1.216997e-05
130           	1.173294e-02	6.264289e-03	5.468647e-03	-8.712526e-04	5.771332e-03	-6.642584e-03	6.206958e-03	3.978209e-04	-4.226812e-04	-8.215337e-04	-8.334481e-04	1.191436e-05
131           	1.171195e-02	6.253764e-03	5.458183e-03	-8.711461e-04	5.760105e-03	-6.631251e-03	6.195678e-03	3.977902e-04	-4.223337e-04	-8.213621e-04	-8.330148e-04	1.165262e-05
132           	1.169141e-02	6.243423e-03	5.447988e-03	-8.710451e-04	5.749123e-03	-6.620168e-03	6.184645e-03	3.977176e-04	-4.219253e-04	-8.210788e-04	-8.324647e-04	1.138591e-05
133           	1.167132e-02	6.233263e-03	5.438053e-03	-8.709491e-04	5.738379e-03	-6.609328e-03	6.173854e-03	3.976049e-04	-4.214611e-04	-8.206910e-04	-8.318066e-04	1.111564e-05
134           	1.165165e-02	6.223282e-03	5.428372e-03	-8.708580e-04	5.727869e-03	-6.598727e-03	6.163298e-03	3.974549e-04	-4.209469e-04	-8.202073e-04	-8.310506e-04	1.084330e-05
135           	1.163242e-02	6.213479e-03	5.418937e-03	-8.707715e-04	5.717588e-03	-6.588360e-03	6.152974e-03	3.972711e-04	-4.203892e-04	-8.196377e-04	-8.302081e-04	1.057036e-05
136           	1.161359e-02	6.203853e-03	5.409738e-03	-8.706894e-04	5.707530e-03	-6.578220e-03	6.142875e-03	3.970575e-04	-4.197948e-04	-8.189927e-04	-8.292911e-04	1.029845e-05
137           	1.159517e-02	6.194406e-03	5.400769e-03	-8.706113e-04	5.697692e-03	-6.568303e-03	6.132997e-03	3.968185e-04	-4.191711e-04	-8.182836e-04	-8.283129e-04	1.002933e-05
138           	1.157716e-02	6.185137e-03	5.392019e-03	-8.705370e-04	5.688068e-03	-6.558605e-03	6.123336e-03	3.965590e-04	-4.185260e-04	-8.175221e-04	-8.272870e-04	9.764951e-06
139           	1.155953e-02	6.176047e-03	5.383479e-03	-8.704663e-04	5.678654e-03	-6.549120e-03	6.113887e-03	3.962842e-04	-4.178674e-04	-8.167199e-04	-8.262273e-04	9.507407e-06
140           	1.154228e-02	6.167139e-03	5.375142e-03	-8.703989e-04	5.669447e-03	-6.539845e-03	6.104646e-03	3.959988e-04	-4.172025e-04	-8.158877e-04	-8.251463e-04	9.258628e-06
141           	1.152541e-02	6.158412e-03	5.366998e-03	-8.703347e-04	5.660441e-03	-6.530776e-03	6.095609e-03	3.957070e-04	-4.165375e-04	-8.150346e-04	-8.240548e-04	9.020146e-06
142           	1.150891e-02	6.149866e-03	5.359043e-03	-8.702734e-04	5.651635e-03	-6.521908e-03	6.086772e-03	3.954117e-04	-4.158767e-04	-8.141674e-04	-8.229604e-04	8.793003e-06
143           	1.149277e-02	6.141500e-03	5.351269e-03	-8.702149e-04	5.643023e-03	-6.513238e-03	6.078131e-03	3.951155e-04	-4.152244e-04	-8.132924e-04	-8.218706e-04	8.578245e-06
144           	1.147698e-02	6.133312e-03	5.343670e-03	-8.701589e-04	5.634602e-03	-6.504761e-03	6.069682e-03	3.948209e-04	-4.145848e-04	-8.124157e-04	-8.207926e-04	8.376941e-06
145           	1.146154e-02	6.125301e-03	5.336241e-03	-8.701055e-04	5.626369e-03	-6.496475e-03	6.061422e-03	3.945301e-04	-4.139620e-04	-8.115438e-04	-8.197339e-04	8.190103e-06
146           	1.144644e-02	6.117467e-03	5.328977e-03	-8.700545e-04	5.618319e-03	-6.488374e-03	6.053346e-03	3.942452e-04	-4.133598e-04	-8.106825e-04	-8.187010e-04	8.018532e-06
147           	1.143168e-02	6.109807e-03	5.321871e-03	-8.700058e-04	5.610449e-03	-6.480455e-03	6.045452e-03	3.939682e-04	-4.127817e-04	-8.098374e-04	-8.177004e-04	7.863006e-06
148           	1.141724e-02	6.102320e-03	5.314919e-03	-8.699593e-04	5.602756e-03	-6.472715e-03	6.037736e-03	3.937005e-04	-4.122312e-04	-8.090138e-04	-8.167381e-04	7.724298e-06
149           	1.140312e-02	6.095003e-03	5.308117e-03	-8.699150e-04	5.595235e-03	-6.465150e-03	6.030193e-03	3.934431e-04	-4.117112e-04	-8.082163e-04	-8.158194e-04	7.603110e-06
150           	1.138932e-02	6.087854e-03	5.301462e-03	-8.698728e-04	5.587885e-03	-6.457757e-03	6.022821e-03	3.931962e-04	-4.112240e-04	-8.074483e-04	-8.149482e-04	7.499852e-06
151           	1.137582e-02	6.080869e-03	5.294950e-03	-8.698325e-04	5.580700e-03	-6.450533e-03	6.015616e-03	3.929599e-04	-4.107710e-04	-8.067127e-04	-8.141273e-04	7.414603e-06
152           	1.136262e-02	6.074046e-03	5.288578e-03	-8.697942e-04	5.573679e-03	-6.443473e-03	6.008576e-03	3.927336e-04	-4.103529e-04	-8.060115e-04	-8.133586e-04	7.347134e-06
153           	1.134973e-02	6.067379e-03	5.282346e-03	-8.697577e-04	5.566817e-03	-6.436574e-03	6.001696e-03	3.925166e-04	-4.099693e-04	-8.053452e-04	-8.126419e-04	7.296764e-06
154           	1.133711e-02	6.060863e-03	5.276249e-03	-8.697232e-04	5.560110e-03	-6.429833e-03	5.994971e-03	3.923068e-04	-4.096184e-04	-8.047133e-04	-8.119750e-04	7.261693e-06
155           	1.132479e-02	6.054496e-03	5.270289e-03	-8.696903e-04	5.553557e-03	-6.423247e-03	5.988402e-03	3.921039e-04	-4.092993e-04	-8.041148e-04	-8.113567e-04	7.241881e-06
156           	1.131274e-02	6.048275e-03	5.264463e-03	-8.696589e-04	5.547156e-03	-6.416815e-03	5.981985e-03	3.919064e-04	-4.090096e-04	-8.035474e-04	-8.107833e-04	7.235928e-06
157           	1.130097e-02	6.042196e-03	5.258770e-03	-8.696289e-04	5.540902e-03	-6.410531e-03	5.975717e-03	3.917128e-04	-4.087464e-04	-8.030083e-04	-8.102506e-04	7.242238e-06
158           	1.128946e-02	6.036252e-03	5.253209e-03	-8.696003e-04	5.534794e-03	-6.404394e-03	5.969594e-03	3.915217e-04	-4.085065e-04	-8.024946e-04	-8.097538e-04	7.259169e-06
159           	1.127822e-02	6.030441e-03	5.247778e-03	-8.695732e-04	5.528827e-03	-6.398400e-03	5.963614e-03	3.913315e-04	-4.082867e-04	-8.020030e-04	-8.092882e-04	7.285151e-06
160           	1.126723e-02	6.024758e-03	5.242476e-03	-8.695475e-04	5.522998e-03	-6.392546e-03	5.957772e-03	3.911411e-04	-4.080842e-04	-8.015308e-04	-8.088497e-04	7.318822e-06
161           	1.125650e-02	6.019199e-03	5.237300e-03	-8.695231e-04	5.517305e-03	-6.386828e-03	5.952067e-03	3.909495e-04	-4.078970e-04	-8.010757e-04	-8.084349e-04	7.359174e-06
162           	1.124601e-02	6.013761e-03	5.232248e-03	-8.695001e-04	5.511744e-03	-6.381244e-03	5.946494e-03	3.907565e-04	-4.077237e-04	-8.006362e-04	-8.080418e-04	7.405594e-06
163           	1.123576e-02	6.008441e-03	5.227318e-03	-8.694785e-04	5.506313e-03	-6.375791e-03	5.941052e-03	3.905619e-04	-4.075634e-04	-8.002113e-04	-8.076691e-04	7.457706e-06
164           	1.122574e-02	6.003237e-03	5.222507e-03	-8.694581e-04	5.501008e-03	-6.370466e-03	5.935737e-03	3.903653e-04	-4.074153e-04	-7.997999e-04	-8.073152e-04	7.515336e-06
165           	1.121596e-02	5.998145e-03	5.217813e-03	-8.694388e-04	5.495827e-03	-6.365266e-03	5.930546e-03	3.901659e-04	-4.072784e-04	-7.994002e-04	-8.069785e-04	7.578324e-06
166           	1.120640e-02	5.993161e-03	5.213236e-03	-8.694207e-04	5.490767e-03	-6.360188e-03	5.925478e-03	3.899626e-04	-4.071513e-04	-7.990098e-04	-8.066562e-04	7.646411e-06
167           	1.119707e-02	5.988286e-03	5.208784e-03	-8.694044e-04	5.485834e-03	-6.355238e-03	5.920536e-03	3.897513e-04	-4.070306e-04	-7.986231e-04	-8.063421e-04	7.719033e-06
168           	1.118796e-02	5.983513e-03	5.204443e-03	-8.693897e-04	5.481016e-03	-6.350406e-03	5.915711e-03	3.895346e-04	-4.069171e-04	-7.982415e-04	-8.060378e-04	7.796343e-06
169           	1.117905e-02	5.978839e-03	5.200211e-03	-8.693761e-04	5.476310e-03	-6.345687e-03	5.910999e-03	3.893141e-04	-4.068130e-04	-7.978684e-04	-8.057472e-04	7.878780e-06
170           	1.117035e-02	5.974264e-03	5.196082e-03	-8.693634e-04	5.471714e-03	-6.341077e-03	5.906396e-03	3.890911e-04	-4.067200e-04	-7.975067e-04	-8.054734e-04	7.966695e-06
171           	1.116184e-02	5.969786e-03	5.192055e-03	-8.693510e-04	5.467224e-03	-6.336575e-03	5.901900e-03	3.888654e-04	-4.066387e-04	-7.971574e-04	-8.052174e-04	8.060049e-06
172           	1.115353e-02	5.965402e-03	5.188130e-03	-8.693388e-04	5.462840e-03	-6.332179e-03	5.897509e-03	3.886358e-04	-4.065679e-04	-7.968194e-04	-8.049776e-04	8.158241e-06
173           	1.114542e-02	5.961108e-03	5.184308e-03	-8.693266e-04	5.458558e-03	-6.327885e-03	5.893222e-03	3.884004e-04	-4.065055e-04	-7.964903e-04	-8.047506e-04	8.260316e-06
174           	1.113749e-02	5.956902e-03	5.180588e-03	-8.693145e-04	5.454379e-03	-6.323693e-03	5.889036e-03	3.881573e-04	-4.064486e-04	-7.961670e-04	-8.045321e-04	8.365153e-06
175           	1.112975e-02	5.952781e-03	5.176971e-03	-8.693028e-04	5.450299e-03	-6.319602e-03	5.884950e-03	3.879051e-04	-4.063946e-04	-7.958461e-04	-8.043177e-04	8.471570e-06
176           	1.112220e-02	5.948741e-03	5.173456e-03	-8.692915e-04	5.446317e-03	-6.315609e-03	5.880963e-03	3.876426e-04	-4.063404e-04	-7.955242e-04	-8.041025e-04	8.578289e-06
177           	1.111482e-02	5.944780e-03	5.170042e-03	-8.692812e-04	5.442432e-03	-6.311713e-03	5.877072e-03	3.873694e-04	-4.062828e-04	-7.951976e-04	-8.038817e-04	8.684031e-06
178           	1.110762e-02	5.940897e-03	5.166726e-03	-8.692718e-04	5.438640e-03	-6.307912e-03	5.873276e-03	3.870855e-04	-4.062196e-04	-7.948636e-04	-8.036514e-04	8.787767e-06
179           	1.110060e-02	5.937090e-03	5.163507e-03	-8.692636e-04	5.434941e-03	-6.304205e-03	5.869573e-03	3.867915e-04	-4.061489e-04	-7.945202e-04	-8.034089e-04	8.888774e-06
180           	1.109374e-02	5.933358e-03	5.160381e-03	-8.692565e-04	5.431333e-03	-6.300589e-03	5.865961e-03	3.864884e-04	-4.060699e-04	-7.941664e-04	-8.031530e-04	8.986670e-06
181           	1.108705e-02	5.929701e-03	5.157345e-03	-8.692505e-04	5.427812e-03	-6.297062e-03	5.862437e-03	3.861778e-04	-4.059827e-04	-7.938025e-04	-8.028840e-04	9.081485e-06
182           	1.108051e-02	5.926118e-03	5.154396e-03	-8.692456e-04	5.424378e-03	-6.293623e-03	5.859000e-03	3.858610e-04	-4.058882e-04	-7.934294e-04	-8.026029e-04	9.173522e-06
183           	1.107414e-02	5.922609e-03	5.151530e-03	-8.692415e-04	5.421028e-03	-6.290269e-03	5.855648e-03	3.855397e-04	-4.057872e-04	-7.930481e-04	-8.023113e-04	9.263205e-06
184           	1.106792e-02	5.919174e-03	5.148744e-03	-8.692382e-04	5.417760e-03	-6.286998e-03	5.852379e-03	3.852153e-04	-4.056812e-04	-7.926602e-04	-8.020113e-04	9.351072e-06
185           	1.106185e-02	5.915814e-03	5.146035e-03	-8.692356e-04	5.414573e-03	-6.283809e-03	5.849191e-03	3.848894e-04	-4.055714e-04	-7.922675e-04	-8.017052e-04	9.437622e-06
186           	1.105593e-02	5.912527e-03	5.143400e-03	-8.692336e-04	5.411465e-03	-6.280699e-03	5.846082e-03	3.845634e-04	-4.054591e-04	-7.918718e-04	-8.013950e-04	9.523220e-06
187           	1.105015e-02	5.909310e-03	5.140836e-03	-8.692325e-04	5.408432e-03	-6.277665e-03	5.843049e-03	3.842369e-04	-4.053436e-04	-7.914736e-04	-8.010804e-04	9.606815e-06
188           	1.104451e-02	5.906167e-03	5.138342e-03	-8.692319e-04	5.405476e-03	-6.274708e-03	5.840092e-03	3.839128e-04	-4.052269e-04	-7.910741e-04	-8.007640e-04	9.689895e-06
189           	1.103901e-02	5.903097e-03	5.135915e-03	-8.692317e-04	5.402594e-03	-6.271826e-03	5.837210e-03	3.835913e-04	-4.051090e-04	-7.906734e-04	-8.004457e-04	9.772302e-06
190           	1.103365e-02	5.900099e-03	5.133554e-03	-8.692320e-04	5.399785e-03	-6.269017e-03	5.834401e-03	3.832725e-04	-4.049893e-04	-7.902713e-04	-8.001249e-04	9.853632e-06
191           	1.102843e-02	5.897171e-03	5.131258e-03	-8.692328e-04	5.397048e-03	-6.266281e-03	5.831665e-03	3.829563e-04	-4.048687e-04	-7.898679e-04	-7.998027e-04	9.934787e-06
192           	1.102334e-02	5.894311e-03	5.129026e-03	-8.692340e-04	5.394381e-03	-6.263615e-03	5.828998e-03	3.826423e-04	-4.047445e-04	-7.894622e-04	-7.994756e-04	1.001339e-05
193           	1.101837e-02	5.891515e-03	5.126856e-03	-8.692358e-04	5.391780e-03	-6.261016e-03	5.826398e-03	3.823299e-04	-4.046159e-04	-7.890537e-04	-7.991427e-04	1.008900e-05
194           	1.101353e-02	5.888784e-03	5.124746e-03	-8.692382e-04	5.389246e-03	-6.258484e-03	5.823865e-03	3.820190e-04	-4.044826e-04	-7.886422e-04	-7.988037e-04	1.016149e-05
195           	1.100881e-02	5.886115e-03	5.122695e-03	-8.692410e-04	5.386776e-03	-6.256017e-03	5.821397e-03	3.817097e-04	-4.043450e-04	-7.882279e-04	-7.984589e-04	1.023101e-05
196           	1.100421e-02	5.883507e-03	5.120702e-03	-8.692443e-04	5.384369e-03	-6.253614e-03	5.818992e-03	3.814025e-04	-4.042038e-04	-7.878117e-04	-7.981097e-04	1.029800e-05
197           	1.099973e-02	5.880961e-03	5.118765e-03	-8.692481e-04	5.382025e-03	-6.251273e-03	5.816649e-03	3.810983e-04	-4.040607e-04	-7.873951e-04	-7.977582e-04	1.036310e-05
198           	1.099536e-02	5.878476e-03	5.116880e-03	-8.692523e-04	5.379740e-03	-6.248992e-03	5.814366e-03	3.807981e-04	-4.039170e-04	-7.869799e-04	-7.974070e-04	1.042703e-05
199           	1.099110e-02	5.876052e-03	5.115046e-03	-8.692569e-04	5.377514e-03	-6.246771e-03	5.812143e-03	3.805032e-04	-4.037746e-04	-7.865682e-04	-7.970587e-04	1.049049e-05
200           	1.098695e-02	5.873689e-03	5.113260e-03	-8.692619e-04	5.375346e-03	-6.244608e-03	5.809977e-03	3.802146e-04	-4.036351e-04	-7.861619e-04	-7.967160e-04	1.055411e-05
201           	1.098291e-02	5.871386e-03	5.111520e-03	-8.692672e-04	5.373234e-03	-6.242501e-03	5.807868e-03	3.799331e-04	-4.034997e-04	-7.857627e-04	-7.963810e-04	1.061836e-05
202           	1.097896e-02	5.869137e-03	5.109824e-03	-8.692734e-04	5.371174e-03	-6.240447e-03	5.805811e-03	3.796564e-04	-4.033676e-04	-7.853702e-04	-7.960527e-04	1.068247e-05
203           	1.097512e-02	5.866948e-03	5.108171e-03	-8.692797e-04	5.369168e-03	-6.238448e-03	5.803808e-03	3.793886e-04	-4.032415e-04	-7.849874e-04	-7.957352e-04	1.074786e-05
204           	1.097138e-02	5.864819e-03	5.106559e-03	-8.692860e-04	5.367215e-03	-6.236501e-03	5.801858e-03	3.791297e-04	-4.031216e-04	-7.846144e-04	-7.954288e-04	1.081443e-05
205           	1.096773e-02	5.862747e-03	5.104988e-03	-8.692922e-04	5.365313e-03	-6.234605e-03	5.799959e-03	3.788792e-04	-4.030073e-04	-7.842509e-04	-7.951328e-04	1.088184e-05
206           	1.096419e-02	5.860729e-03	5.103457e-03	-8.692984e-04	5.363461e-03	-6.232759e-03	5.798110e-03	3.786361e-04	-4.028976e-04	-7.838962e-04	-7.948457e-04	1.094951e-05
207           	1.096267e-02	5.859999e-03	5.102670e-03	-8.692207e-04	5.362648e-03	-6.231869e-03	5.797259e-03	3.786646e-04	-4.030196e-04	-7.840024e-04	-7.950208e-04	1.101839e-05
208           	1.096130e-02	5.859524e-03	5.101778e-03	-8.690916e-04	5.361905e-03	-6.230997e-03	5.796451e-03	3.788733e-04	-4.032945e-04	-7.844129e-04	-7.955009e-04	1.108804e-05
209           	1.095998e-02	5.859146e-03	5.100830e-03	-8.689449e-04	5.361181e-03	-6.230126e-03	5.795654e-03	3.791579e-04	-4.036277e-04	-7.849482e-04	-7.961018e-04	1.115365e-05
210           	1.095860e-02	5.858723e-03	5.099874e-03	-8.688098e-04	5.360434e-03	-6.229244e-03	5.794839e-03	3.794245e-04	-4.039333e-04	-7.854454e-04	-7.966560e-04	1.121060e-05
211           	1.095710e-02	5.858150e-03	5.098949e-03	-8.687065e-04	5.359633e-03	-6.228339e-03	5.793986e-03	3.796004e-04	-4.041434e-04	-7.857779e-04	-7.970324e-04	1.125448e-05
212           	1.095546e-02	5.857387e-03	5.098075e-03	-8.686440e-04	5.358768e-03	-6.227412e-03	5.793090e-03	3.796560e-04	-4.042329e-04	-7.858948e-04	-7.971803e-04	1.128544e-05
213           	1.095369e-02	5.856433e-03	5.097259e-03	-8.686219e-04	5.357844e-03	-6.226466e-03	5.792155e-03	3.795868e-04	-4.041990e-04	-7.857898e-04	-7.970939e-04	1.130412e-05
214           	1.095182e-02	5.855323e-03	5.096501e-03	-8.686328e-04	5.356877e-03	-6.225510e-03	5.791193e-03	3.794110e-04	-4.040611e-04	-7.854965e-04	-7.968093e-04	1.131288e-05
215           	1.094991e-02	5.854110e-03	5.095798e-03	-8.686657e-04	5.355888e-03	-6.224554e-03	5.790221e-03	3.791560e-04	-4.038478e-04	-7.850658e-04	-7.963807e-04	1.131490e-05
216           	1.094799e-02	5.852854e-03	5.095139e-03	-8.687082e-04	5.354902e-03	-6.223610e-03	5.789256e-03	3.788575e-04	-4.035947e-04	-7.845643e-04	-7.958769e-04	1.131260e-05
217           	1.094613e-02	5.851610e-03	5.094516e-03	-8.687494e-04	5.353938e-03	-6.222688e-03	5.788313e-03	3.785468e-04	-4.033321e-04	-7.840463e-04	-7.953552e-04	1.130896e-05
218           	1.094434e-02	5.850419e-03	5.093920e-03	-8.687810e-04	5.353013e-03	-6.221794e-03	5.787404e-03	3.782496e-04	-4.030840e-04	-7.835576e-04	-7.948628e-04	1.130521e-05
219           	1.094265e-02	5.849305e-03	5.093342e-03	-8.687985e-04	5.352134e-03	-6.220932e-03	5.786533e-03	3.779815e-04	-4.028639e-04	-7.831250e-04	-7.944264e-04	1.130140e-05
220           	1.094105e-02	5.848273e-03	5.092778e-03	-8.688010e-04	5.351300e-03	-6.220101e-03	5.785700e-03	3.777475e-04	-4.026747e-04	-7.827561e-04	-7.940527e-04	1.129661e-05
221           	1.093954e-02	5.847314e-03	5.092226e-03	-8.687903e-04	5.350506e-03	-6.219296e-03	5.784901e-03	3.775442e-04	-4.025106e-04	-7.824430e-04	-7.937322e-04	1.128912e-05
222           	1.093809e-02	5.846408e-03	5.091683e-03	-8.687703e-04	5.349743e-03	-6.218513e-03	5.784128e-03	3.773624e-04	-4.023605e-04	-7.821671e-04	-7.934440e-04	1.127695e-05
223           	1.093669e-02	5.845536e-03	5.091152e-03	-8.687449e-04	5.349002e-03	-6.217746e-03	5.783374e-03	3.771924e-04	-4.022124e-04	-7.819064e-04	-7.931656e-04	1.125920e-05
224           	1.093530e-02	5.844668e-03	5.090633e-03	-8.687193e-04	5.348269e-03	-6.216988e-03	5.782629e-03	3.770174e-04	-4.020503e-04	-7.816339e-04	-7.928672e-04	1.123332e-05
225           	1.093391e-02	5.843783e-03	5.090130e-03	-8.686972e-04	5.347537e-03	-6.216235e-03	5.781886e-03	3.768262e-04	-4.018632e-04	-7.813291e-04	-7.925277e-04	1.119865e-05
226           	1.093251e-02	5.842869e-03	5.089646e-03	-8.686806e-04	5.346802e-03	-6.215483e-03	5.781143e-03	3.766114e-04	-4.016448e-04	-7.809790e-04	-7.921344e-04	1.115534e-05
227           	1.093110e-02	5.841918e-03	5.089183e-03	-8.686707e-04	5.346061e-03	-6.214731e-03	5.780396e-03	3.763676e-04	-4.013921e-04	-7.805772e-04	-7.916807e-04	1.110346e-05
228           	1.092968e-02	5.840939e-03	5.088740e-03	-8.686662e-04	5.345317e-03	-6.213983e-03	5.779650e-03	3.760993e-04	-4.011101e-04	-7.801290e-04	-7.911746e-04	1.104555e-05
229           	1.092826e-02	5.839940e-03	5.088320e-03	-8.686658e-04	5.344576e-03	-6.213241e-03	5.778909e-03	3.758102e-04	-4.008042e-04	-7.796418e-04	-7.906251e-04	1.098327e-05
230           	1.092685e-02	5.838931e-03	5.087921e-03	-8.686678e-04	5.343840e-03	-6.212508e-03	5.778174e-03	3.755052e-04	-4.004811e-04	-7.791258e-04	-7.900439e-04	1.091817e-05
231           	1.092546e-02	5.837922e-03	5.087542e-03	-8.686706e-04	5.343115e-03	-6.211785e-03	5.777450e-03	3.751900e-04	-4.001475e-04	-7.785916e-04	-7.894433e-04	1.085164e-05
232           	1.092410e-02	5.836920e-03	5.087181e-03	-8.686729e-04	5.342403e-03	-6.211075e-03	5.776739e-03	3.748695e-04	-3.998094e-04	-7.780493e-04	-7.888341e-04	1.078477e-05
233           	1.092277e-02	5.835932e-03	5.086836e-03	-8.686738e-04	5.341705e-03	-6.210379e-03	5.776042e-03	3.745479e-04	-3.994716e-04	-7.775065e-04	-7.882248e-04	1.071833e-05
234           	1.092147e-02	5.834961e-03	5.086505e-03	-8.686731e-04	5.341024e-03	-6.209697e-03	5.775360e-03	3.742282e-04	-3.991371e-04	-7.769684e-04	-7.876213e-04	1.065284e-05
235           	1.092019e-02	5.834009e-03	5.086185e-03	-8.686707e-04	5.340357e-03	-6.209028e-03	5.774693e-03	3.739120e-04	-3.988075e-04	-7.764378e-04	-7.870264e-04	1.058859e-05
236           	1.091895e-02	5.833074e-03	5.085874e-03	-8.686671e-04	5.339704e-03	-6.208372e-03	5.774038e-03	3.735999e-04	-3.984834e-04	-7.759153e-04	-7.864410e-04	1.052576e-05
237           	1.091773e-02	5.832155e-03	5.085571e-03	-8.686629e-04	5.339064e-03	-6.207727e-03	5.773395e-03	3.732919e-04	-3.981646e-04	-7.754002e-04	-7.858646e-04	1.046448e-05
238           	1.091652e-02	5.831250e-03	5.085275e-03	-8.686585e-04	5.338434e-03	-6.207092e-03	5.772763e-03	3.729876e-04	-3.978504e-04	-7.748911e-04	-7.852960e-04	1.040487e-05
239           	1.091534e-02	5.830356e-03	5.084984e-03	-8.686546e-04	5.337813e-03	-6.206467e-03	5.772140e-03	3.726864e-04	-3.975407e-04	-7.743870e-04	-7.847342e-04	1.034716e-05
240           	1.091417e-02	5.829473e-03	5.084697e-03	-8.686514e-04	5.337199e-03	-6.205851e-03	5.771525e-03	3.723881e-04	-3.972351e-04	-7.738870e-04	-7.841786e-04	1.029159e-05
241           	1.091301e-02	5.828599e-03	5.084414e-03	-8.686492e-04	5.336594e-03	-6.205243e-03	5.770918e-03	3.720927e-04	-3.969340e-04	-7.733911e-04	-7.836296e-04	1.023847e-05
242           	1.091187e-02	5.827735e-03	5.084134e-03	-8.686480e-04	5.335995e-03	-6.204643e-03	5.770319e-03	3.718006e-04	-3.966381e-04	-7.729001e-04	-7.830882e-04	1.018811e-05
243           	1.091074e-02	5.826882e-03	5.083858e-03	-8.686476e-04	5.335404e-03	-6.204052e-03	5.769728e-03	3.715123e-04	-3.963485e-04	-7.724154e-04	-7.825562e-04	1.014080e-05
244           	1.090963e-02	5.826041e-03	5.083584e-03	-8.686479e-04	5.334821e-03	-6.203469e-03	5.769145e-03	3.712288e-04	-3.960661e-04	-7.719387e-04	-7.820355e-04	1.009677e-05
245           	1.090853e-02	5.825214e-03	5.083312e-03	-8.686486e-04	5.334246e-03	-6.202894e-03	5.768570e-03	3.709509e-04	-3.957920e-04	-7.714718e-04	-7.815279e-04	1.005614e-05
246           	1.090744e-02	5.824401e-03	5.083043e-03	-8.686497e-04	5.333679e-03	-6.202329e-03	5.768004e-03	3.706792e-04	-3.955269e-04	-7.710160e-04	-7.810350e-04	1.001893e-05
247           	1.090638e-02	5.823604e-03	5.082775e-03	-8.686509e-04	5.333122e-03	-6.201773e-03	5.767447e-03	3.704142e-04	-3.952712e-04	-7.705724e-04	-7.805575e-04	9.985039e-06
248           	1.090533e-02	5.822822e-03	5.082510e-03	-8.686522e-04	5.332574e-03	-6.201226e-03	5.766900e-03	3.701560e-04	-3.950249e-04	-7.701413e-04	-7.800955e-04	9.954231e-06
249           	1.090430e-02	5.822055e-03	5.082246e-03	-8.686535e-04	5.332034e-03	-6.200688e-03	5.766361e-03	3.699045e-04	-3.947874e-04	-7.697224e-04	-7.796486e-04	9.926200e-06
250           	1.090329e-02	5.821303e-03	5.081984e-03	-8.686550e-04	5.331503e-03	-6.200158e-03	5.765831e-03	3.696592e-04	-3.945581e-04	-7.693151e-04	-7.792156e-04	9.900581e-06
251           	1.090228e-02	5.820557e-03	5.081727e-03	-8.686574e-04	5.330979e-03	-6.199636e-03	5.765308e-03	3.694152e-04	-3.943298e-04	-7.689110e-04	-7.787853e-04	9.874353e-06
252           	1.090130e-02	5.819827e-03	5.081472e-03	-8.686597e-04	5.330464e-03	-6.199123e-03	5.764793e-03	3.691776e-04	-3.941098e-04	-7.685183e-04	-7.783689e-04	9.850601e-06
253           	1.090033e-02	5.819112e-03	5.081219e-03	-8.686620e-04	5.329957e-03	-6.198619e-03	5.764288e-03	3.689463e-04	-3.938973e-04	-7.681362e-04	-7.779654e-04	9.829155e-06
254           	1.089938e-02	5.818409e-03	5.080969e-03	-8.686643e-04	5.329458e-03	-6.198122e-03	5.763790e-03	3.687203e-04	-3.936915e-04	-7.677635e-04	-7.775732e-04	9.809724e-06
255           	1.089844e-02	5.817719e-03	5.080721e-03	-8.686667e-04	5.328967e-03	-6.197634e-03	5.763300e-03	3.684989e-04	-3.934913e-04	-7.673986e-04	-7.771906e-04	9.791958e-06
256           	1.089752e-02	5.817040e-03	5.080477e-03	-8.686693e-04	5.328483e-03	-6.197153e-03	5.762818e-03	3.682813e-04	-3.932957e-04	-7.670404e-04	-7.768159e-04	9.775517e-06
257           	1.089661e-02	5.816371e-03	5.080237e-03	-8.686722e-04	5.328007e-03	-6.196680e-03	5.762343e-03	3.680667e-04	-3.931040e-04	-7.666878e-04	-7.764479e-04	9.760115e-06
258           	1.089571e-02	5.815711e-03	5.080001e-03	-8.686755e-04	5.327538e-03	-6.196214e-03	5.761876e-03	3.678547e-04	-3.929156e-04	-7.663402e-04	-7.760857e-04	9.745552e-06
259           	1.089483e-02	5.815060e-03	5.079770e-03	-8.686790e-04	5.327076e-03	-6.195755e-03	5.761416e-03	3.676449e-04	-3.927303e-04	-7.659972e-04	-7.757289e-04	9.731713e-06
260           	1.089396e-02	5.814417e-03	5.079543e-03	-8.686829e-04	5.326621e-03	-6.195304e-03	5.760963e-03	3.674373e-04	-3.925479e-04	-7.656588e-04	-7.753773e-04	9.718558e-06
261           	1.089310e-02	5.813784e-03	5.079320e-03	-8.686870e-04	5.326173e-03	-6.194860e-03	5.760517e-03	3.672319e-04	-3.923687e-04	-7.653252e-04	-7.750313e-04	9.706105e-06
262           	1.089226e-02	5.813169e-03	5.079096e-03	-8.686904e-04	5.325733e-03	-6.194424e-03	5.760079e-03	3.670365e-04	-3.922013e-04	-7.650095e-04	-7.747061e-04	9.696612e-06
263           	1.089144e-02	5.812560e-03	5.078877e-03	-8.686942e-04	5.325300e-03	-6.193994e-03	5.759647e-03	3.668413e-04	-3.920349e-04	-7.646952e-04	-7.743825e-04	9.687335e-06
264           	1.089062e-02	5.811957e-03	5.078665e-03	-8.686985e-04	5.324873e-03	-6.193571e-03	5.759222e-03	3.666462e-04	-3.918692e-04	-7.643821e-04	-7.740603e-04	9.678209e-06
265           	1.088982e-02	5.811361e-03	5.078458e-03	-8.687032e-04	5.324452e-03	-6.193156e-03	5.758804e-03	3.664515e-04	-3.917046e-04	-7.640706e-04	-7.737399e-04	9.669269e-06
266           	1.088903e-02	5.810771e-03	5.078256e-03	-8.687082e-04	5.324038e-03	-6.192747e-03	5.758393e-03	3.662578e-04	-3.915414e-04	-7.637616e-04	-7.734222e-04	9.660625e-06
267           	1.088825e-02	5.810190e-03	5.078058e-03	-8.687134e-04	5.323631e-03	-6.192344e-03	5.757988e-03	3.660659e-04	-3.913805e-04	-7.634562e-04	-7.731086e-04	9.652408e-06
268           	1.088748e-02	5.809618e-03	5.077865e-03	-8.687186e-04	5.323230e-03	-6.191949e-03	5.757589e-03	3.658765e-04	-3.912224e-04	-7.631553e-04	-7.728000e-04	9.644728e-06
269           	1.088673e-02	5.809055e-03	5.077675e-03	-8.687238e-04	5.322836e-03	-6.191560e-03	5.757198e-03	3.656898e-04	-3.910674e-04	-7.628594e-04	-7.724971e-04	9.637643e-06
270           	1.088599e-02	5.808501e-03	5.077488e-03	-8.687290e-04	5.322448e-03	-6.191177e-03	5.756813e-03	3.655063e-04	-3.909156e-04	-7.625689e-04	-7.722000e-04	9.631158e-06
271           	1.088526e-02	5.807957e-03	5.077305e-03	-8.687341e-04	5.322067e-03	-6.190801e-03	5.756434e-03	3.653259e-04	-3.907670e-04	-7.622835e-04	-7.719087e-04	9.625221e-06
272           	1.088454e-02	5.807417e-03	5.077126e-03	-8.687397e-04	5.321690e-03	-6.190430e-03	5.756060e-03	3.651458e-04	-3.906161e-04	-7.619985e-04	-7.716154e-04	9.616889e-06
273           	1.088384e-02	5.806888e-03	5.076950e-03	-8.687451e-04	5.321321e-03	-6.190066e-03	5.755694e-03	3.649690e-04	-3.904691e-04	-7.617188e-04	-7.713286e-04	9.609721e-06
274           	1.088315e-02	5.806368e-03	5.076778e-03	-8.687504e-04	5.320958e-03	-6.189708e-03	5.755333e-03	3.647950e-04	-3.903257e-04	-7.614440e-04	-7.710477e-04	9.603713e-06
275           	1.088247e-02	5.805856e-03	5.076609e-03	-8.687556e-04	5.320601e-03	-6.189357e-03	5.754979e-03	3.646237e-04	-3.901854e-04	-7.611733e-04	-7.707720e-04	9.598721e-06
276           	1.088180e-02	5.805353e-03	5.076444e-03	-8.687609e-04	5.320251e-03	-6.189012e-03	5.754631e-03	3.644544e-04	-3.900475e-04	-7.609060e-04	-7.705005e-04	9.594507e-06
277           	1.088114e-02	5.804857e-03	5.076283e-03	-8.687661e-04	5.319906e-03	-6.188672e-03	5.754289e-03	3.642870e-04	-3.899116e-04	-7.606416e-04	-7.702324e-04	9.590806e-06
278           	1.088050e-02	5.804369e-03	5.076127e-03	-8.687715e-04	5.319567e-03	-6.188339e-03	5.753953e-03	3.641210e-04	-3.897772e-04	-7.603796e-04	-7.699670e-04	9.587380e-06
279           	1.087986e-02	5.803887e-03	5.075974e-03	-8.687771e-04	5.319234e-03	-6.188011e-03	5.753623e-03	3.639565e-04	-3.896440e-04	-7.601199e-04	-7.697039e-04	9.584053e-06
280           	1.087924e-02	5.803411e-03	5.075824e-03	-8.687827e-04	5.318906e-03	-6.187689e-03	5.753298e-03	3.637933e-04	-3.895119e-04	-7.598624e-04	-7.694431e-04	9.580720e-06
281           	1.087862e-02	5.802942e-03	5.075679e-03	-8.687885e-04	5.318584e-03	-6.187372e-03	5.752978e-03	3.636316e-04	-3.893810e-04	-7.596074e-04	-7.691847e-04	9.577352e-06
282           	1.087802e-02	5.802479e-03	5.075537e-03	-8.687944e-04	5.318266e-03	-6.187061e-03	5.752664e-03	3.634715e-04	-3.892514e-04	-7.593549e-04	-7.689289e-04	9.573969e-06
283           	1.087742e-02	5.802024e-03	5.075398e-03	-8.688004e-04	5.317954e-03	-6.186755e-03	5.752354e-03	3.633131e-04	-3.891233e-04	-7.591053e-04	-7.686760e-04	9.570621e-06
284           	1.087684e-02	5.801575e-03	5.075262e-03	-8.688063e-04	5.317647e-03	-6.186454e-03	5.752050e-03	3.631565e-04	-3.889967e-04	-7.588587e-04	-7.684261e-04	9.567364e-06
285           	1.087626e-02	5.801133e-03	5.075129e-03	-8.688123e-04	5.317345e-03	-6.186158e-03	5.751752e-03	3.630018e-04	-3.888718e-04	-7.586151e-04	-7.681793e-04	9.564238e-06
286           	1.087570e-02	5.800697e-03	5.074999e-03	-8.688182e-04	5.317049e-03	-6.185867e-03	5.751458e-03	3.628489e-04	-3.887484e-04	-7.583744e-04	-7.679356e-04	9.561265e-06
287           	1.087514e-02	5.800269e-03	5.074873e-03	-8.688241e-04	5.316757e-03	-6.185581e-03	5.751169e-03	3.626978e-04	-3.886266e-04	-7.581363e-04	-7.676948e-04	9.558431e-06
288           	1.087460e-02	5.799847e-03	5.074750e-03	-8.688300e-04	5.316471e-03	-6.185301e-03	5.750886e-03	3.625483e-04	-3.885061e-04	-7.579008e-04	-7.674565e-04	9.555701e-06
289           	1.087406e-02	5.799431e-03	5.074630e-03	-8.688358e-04	5.316189e-03	-6.185025e-03	5.750607e-03	3.624003e-04	-3.883867e-04	-7.576674e-04	-7.672204e-04	9.553026e-06
290           	1.087353e-02	5.799021e-03	5.074514e-03	-8.688416e-04	5.315912e-03	-6.184754e-03	5.750333e-03	3.622537e-04	-3.882683e-04	-7.574358e-04	-7.669862e-04	9.550350e-06
291           	1.087302e-02	5.798617e-03	5.074401e-03	-8.688474e-04	5.315640e-03	-6.184488e-03	5.750064e-03	3.621083e-04	-3.881506e-04	-7.572059e-04	-7.667536e-04	9.547619e-06
292           	1.087251e-02	5.798219e-03	5.074291e-03	-8.688531e-04	5.315373e-03	-6.184226e-03	5.749800e-03	3.619639e-04	-3.880335e-04	-7.569775e-04	-7.665223e-04	9.544789e-06
293           	1.087201e-02	5.797826e-03	5.074185e-03	-8.688589e-04	5.315110e-03	-6.183969e-03	5.749540e-03	3.618205e-04	-3.879171e-04	-7.567504e-04	-7.662923e-04	9.541833e-06
294           	1.087152e-02	5.797439e-03	5.074083e-03	-8.688646e-04	5.314852e-03	-6.183717e-03	5.749285e-03	3.616782e-04	-3.878011e-04	-7.565247e-04	-7.660634e-04	9.538739e-06
295           	1.087104e-02	5.797057e-03	5.073983e-03	-8.688704e-04	5.314599e-03	-6.183469e-03	5.749034e-03	3.615367e-04	-3.876856e-04	-7.563002e-04	-7.658357e-04	9.535509e-06
296           	1.087057e-02	5.796680e-03	5.073887e-03	-8.688761e-04	5.314350e-03	-6.183226e-03	5.748788e-03	3.613963e-04	-3.875707e-04	-7.560771e-04	-7.656092e-04	9.532156e-06
297           	1.087010e-02	5.796308e-03	5.073795e-03	-8.688818e-04	5.314105e-03	-6.182987e-03	5.748546e-03	3.612568e-04	-3.874564e-04	-7.558553e-04	-7.653840e-04	9.528697e-06
298           	1.086965e-02	5.795942e-03	5.073705e-03	-8.688875e-04	5.313865e-03	-6.182752e-03	5.748308e-03	3.611183e-04	-3.873426e-04	-7.556350e-04	-7.651601e-04	9.525153e-06
299           	1.086920e-02	5.795581e-03	5.073619e-03	-8.688931e-04	5.313628e-03	-6.182522e-03	5.748075e-03	3.609808e-04	-3.872296e-04	-7.554161e-04	-7.649376e-04	9.521543e-06
300           	1.086876e-02	5.795224e-03	5.073536e-03	-8.688988e-04	5.313397e-03	-6.182295e-03	5.747846e-03	3.608444e-04	-3.871172e-04	-7.551987e-04	-7.647165e-04	9.517879e-06
301           	1.086833e-02	5.794873e-03	5.073455e-03	-8.689043e-04	5.313169e-03	-6.182073e-03	5.747621e-03	3.607090e-04	-3.870055e-04	-7.549827e-04	-7.644968e-04	9.514168e-06
302           	1.086790e-02	5.794527e-03	5.073378e-03	-8.689099e-04	5.312945e-03	-6.181855e-03	5.747400e-03	3.605747e-04	-3.868945e-04	-7.547681e-04	-7.642785e-04	9.510410e-06
303           	1.086749e-02	5.794186e-03	5.073303e-03	-8.689154e-04	5.312725e-03	-6.181641e-03	5.747183e-03	3.604414e-04	-3.867841e-04	-7.545550e-04	-7.640616e-04	9.506609e-06
304           	1.086708e-02	5.793850e-03	5.073232e-03	-8.689209e-04	5.312510e-03	-6.181431e-03	5.746970e-03	3.603091e-04	-3.866744e-04	-7.543432e-04	-7.638460e-04	9.502758e-06
305           	1.086668e-02	5.793518e-03	5.073163e-03	-8.689263e-04	5.312298e-03	-6.181224e-03	5.746761e-03	3.601777e-04	-3.865653e-04	-7.541329e-04	-7.636317e-04	9.498852e-06
306           	1.086629e-02	5.793191e-03	5.073097e-03	-8.689318e-04	5.312090e-03	-6.181022e-03	5.746556e-03	3.600474e-04	-3.864568e-04	-7.539238e-04	-7.634187e-04	9.494884e-06
307           	1.086590e-02	5.792869e-03	5.073033e-03	-8.689371e-04	5.311886e-03	-6.180823e-03	5.746355e-03	3.599180e-04	-3.863489e-04	-7.537160e-04	-7.632069e-04	9.490849e-06
308           	1.086552e-02	5.792552e-03	5.072973e-03	-8.689425e-04	5.311686e-03	-6.180628e-03	5.746157e-03	3.597895e-04	-3.862415e-04	-7.535096e-04	-7.629963e-04	9.486748e-06
309           	1.086515e-02	5.792238e-03	5.072915e-03	-8.689478e-04	5.311489e-03	-6.180437e-03	5.745963e-03	3.596620e-04	-3.861348e-04	-7.533044e-04	-7.627870e-04	9.482582e-06
310           	1.086479e-02	5.791930e-03	5.072859e-03	-8.689531e-04	5.311296e-03	-6.180249e-03	5.745773e-03	3.595353e-04	-3.860286e-04	-7.531005e-04	-7.625789e-04	9.478352e-06
311           	1.086443e-02	5.791625e-03	5.072806e-03	-8.689583e-04	5.311107e-03	-6.180065e-03	5.745586e-03	3.594096e-04	-3.859230e-04	-7.528979e-04	-7.623719e-04	9.474061e-06
312           	1.086408e-02	5.791325e-03	5.072756e-03	-8.689635e-04	5.310921e-03	-6.179884e-03	5.745403e-03	3.592847e-04	-3.858179e-04	-7.526964e-04	-7.621661e-04	9.469710e-06
313           	1.086374e-02	5.791035e-03	5.072702e-03	-8.689682e-04	5.310738e-03	-6.179707e-03	5.745222e-03	3.591666e-04	-3.857182e-04	-7.525065e-04	-7.619715e-04	9.465002e-06
314           	1.086340e-02	5.790748e-03	5.072653e-03	-8.689730e-04	5.310559e-03	-6.179532e-03	5.745046e-03	3.590474e-04	-3.856174e-04	-7.523143e-04	-7.617745e-04	9.460248e-06
315           	1.086307e-02	5.790456e-03	5.072614e-03	-8.689784e-04	5.310384e-03	-6.179362e-03	5.744873e-03	3.589206e-04	-3.855102e-04	-7.521089e-04	-7.615647e-04	9.455751e-06
316           	1.086275e-02	5.790174e-03	5.072572e-03	-8.689833e-04	5.310211e-03	-6.179194e-03	5.744703e-03	3.588007e-04	-3.854085e-04	-7.519152e-04	-7.613661e-04	9.450960e-06
317           	1.086243e-02	5.789894e-03	5.072534e-03	-8.689882e-04	5.310042e-03	-6.179030e-03	5.744536e-03	3.586802e-04	-3.853063e-04	-7.517203e-04	-7.611664e-04	9.446146e-06
318           	1.086212e-02	5.789618e-03	5.072499e-03	-8.689931e-04	5.309876e-03	-6.178869e-03	5.744373e-03	3.585594e-04	-3.852036e-04	-7.515245e-04	-7.609658e-04	9.441321e-06
319           	1.086181e-02	5.789344e-03	5.072467e-03	-8.689981e-04	5.309713e-03	-6.178712e-03	5.744212e-03	3.584385e-04	-3.851008e-04	-7.513285e-04	-7.607650e-04	9.436498e-06
320           	1.086151e-02	5.789074e-03	5.072438e-03	-8.690030e-04	5.309554e-03	-6.178557e-03	5.744055e-03	3.583180e-04	-3.849982e-04	-7.511330e-04	-7.605647e-04	9.431689e-06
321           	1.086122e-02	5.788807e-03	5.072411e-03	-8.690079e-04	5.309397e-03	-6.178405e-03	5.743901e-03	3.581983e-04	-3.848962e-04	-7.509385e-04	-7.603654e-04	9.426904e-06
322           	1.086093e-02	5.788545e-03	5.072386e-03	-8.690127e-04	5.309244e-03	-6.178257e-03	5.743750e-03	3.580796e-04	-3.847950e-04	-7.507456e-04	-7.601678e-04	9.422143e-06
323           	1.086065e-02	5.788287e-03	5.072363e-03	-8.690175e-04	5.309094e-03	-6.178111e-03	5.743602e-03	3.579622e-04	-3.846948e-04	-7.505547e-04	-7.599722e-04	9.417405e-06
324           	1.086037e-02	5.788033e-03	5.072341e-03	-8.690221e-04	5.308946e-03	-6.177969e-03	5.743457e-03	3.578461e-04	-3.845957e-04	-7.503660e-04	-7.597786e-04	9.412680e-06
325           	1.086010e-02	5.787783e-03	5.072321e-03	-8.690267e-04	5.308802e-03	-6.177829e-03	5.743315e-03	3.577313e-04	-3.844976e-04	-7.501793e-04	-7.595872e-04	9.407955e-06
326           	1.085984e-02	5.787538e-03	5.072302e-03	-8.690312e-04	5.308661e-03	-6.177692e-03	5.743176e-03	3.576177e-04	-3.844004e-04	-7.499945e-04	-7.593977e-04	9.403210e-06
327           	1.085958e-02	5.787296e-03	5.072285e-03	-8.690356e-04	5.308522e-03	-6.177557e-03	5.743040e-03	3.575051e-04	-3.843041e-04	-7.498113e-04	-7.592097e-04	9.398425e-06
328           	1.085933e-02	5.787057e-03	5.072271e-03	-8.690400e-04	5.308386e-03	-6.177426e-03	5.742906e-03	3.573932e-04	-3.842083e-04	-7.496294e-04	-7.590230e-04	9.393576e-06
329           	1.085908e-02	5.786822e-03	5.072258e-03	-8.690443e-04	5.308253e-03	-6.177297e-03	5.742775e-03	3.572820e-04	-3.841129e-04	-7.494486e-04	-7.588372e-04	9.388638e-06
330           	1.085884e-02	5.786589e-03	5.072247e-03	-8.690486e-04	5.308122e-03	-6.177171e-03	5.742646e-03	3.571713e-04	-3.840178e-04	-7.492684e-04	-7.586520e-04	9.383589e-06
331           	1.085860e-02	5.786360e-03	5.072238e-03	-8.690528e-04	5.307994e-03	-6.177047e-03	5.742520e-03	3.570609e-04	-3.839228e-04	-7.490888e-04	-7.584672e-04	9.378416e-06
332           	1.085837e-02	5.786133e-03	5.072232e-03	-8.690570e-04	5.307869e-03	-6.176926e-03	5.742397e-03	3.569509e-04	-3.838279e-04	-7.489097e-04	-7.582828e-04	9.373114e-06
333           	1.085814e-02	5.785910e-03	5.072227e-03	-8.690612e-04	5.307746e-03	-6.176807e-03	5.742276e-03	3.568411e-04	-3.837332e-04	-7.487309e-04	-7.580986e-04	9.367686e-06
334           	1.085791e-02	5.785688e-03	5.072225e-03	-8.690653e-04	5.307625e-03	-6.176690e-03	5.742158e-03	3.567316e-04	-3.836385e-04	-7.485527e-04	-7.579148e-04	9.362140e-06
335           	1.085769e-02	5.785470e-03	5.072225e-03	-8.690694e-04	5.307507e-03	-6.176577e-03	5.742042e-03	3.566226e-04	-3.835440e-04	-7.483750e-04	-7.577315e-04	9.356493e-06
336           	1.085748e-02	5.785254e-03	5.072226e-03	-8.690734e-04	5.307392e-03	-6.176465e-03	5.741928e-03	3.565141e-04	-3.834498e-04	-7.481981e-04	-7.575488e-04	9.350766e-06
337           	1.085727e-02	5.785042e-03	5.072230e-03	-8.690774e-04	5.307278e-03	-6.176356e-03	5.741817e-03	3.564061e-04	-3.833559e-04	-7.480219e-04	-7.573669e-04	9.344979e-06
338           	1.085707e-02	5.784832e-03	5.072235e-03	-8.690813e-04	5.307168e-03	-6.176249e-03	5.741708e-03	3.562987e-04	-3.832625e-04	-7.478467e-04	-7.571858e-04	9.339151e-06
339           	1.085687e-02	5.784625e-03	5.072241e-03	-8.690851e-04	5.307059e-03	-6.176144e-03	5.741602e-03	3.561920e-04	-3.831695e-04	-7.476724e-04	-7.570057e-04	9.333297e-06
340           	1.085667e-02	5.784421e-03	5.072249e-03	-8.690889e-04	5.306953e-03	-6.176042e-03	5.741497e-03	3.560860e-04	-3.830770e-04	-7.474992e-04	-7.568266e-04	9.327426e-06
341           	1.085648e-02	5.784220e-03	5.072259e-03	-8.690926e-04	5.306849e-03	-6.175941e-03	5.741395e-03	3.559808e-04	-3.829850e-04	-7.473270e-04	-7.566485e-04	9.321545e-06
342           	1.085629e-02	5.784022e-03	5.072270e-03	-8.690963e-04	5.306747e-03	-6.175843e-03	5.741295e-03	3.558762e-04	-3.828936e-04	-7.471559e-04	-7.564715e-04	9.315657e-06
343           	1.085611e-02	5.783827e-03	5.072282e-03	-8.690999e-04	5.306648e-03	-6.175747e-03	5.741197e-03	3.557724e-04	-3.828027e-04	-7.469858e-04	-7.562956e-04	9.309759e-06
344           	1.085593e-02	5.783635e-03	5.072296e-03	-8.691035e-04	5.306550e-03	-6.175654e-03	5.741102e-03	3.556694e-04	-3.827122e-04	-7.468167e-04	-7.561206e-04	9.303851e-06
345           	1.085576e-02	5.783445e-03	5.072311e-03	-8.691070e-04	5.306455e-03	-6.175562e-03	5.741008e-03	3.555670e-04	-3.826223e-04	-7.466487e-04	-7.559466e-04	9.297932e-06
346           	1.085559e-02	5.783258e-03	5.072327e-03	-8.691104e-04	5.306361e-03	-6.175472e-03	5.740917e-03	3.554654e-04	-3.825328e-04	-7.464816e-04	-7.557736e-04	9.292000e-06
347           	1.085542e-02	5.783074e-03	5.072345e-03	-8.691138e-04	5.306270e-03	-6.175384e-03	5.740827e-03	3.553645e-04	-3.824438e-04	-7.463155e-04	-7.556016e-04	9.286055e-06
348           	1.085526e-02	5.782892e-03	5.072364e-03	-8.691172e-04	5.306181e-03	-6.175298e-03	5.740739e-03	3.552643e-04	-3.823553e-04	-7.461505e-04	-7.554306e-04	9.280097e-06
349           	1.085510e-02	5.782713e-03	5.072383e-03	-8.691205e-04	5.306094e-03	-6.175214e-03	5.740654e-03	3.551649e-04	-3.822673e-04	-7.459864e-04	-7.552605e-04	9.274124e-06
350           	1.085494e-02	5.782537e-03	5.072404e-03	-8.691238e-04	5.306008e-03	-6.175132e-03	5.740570e-03	3.550662e-04	-3.821798e-04	-7.458233e-04	-7.550915e-04	9.268141e-06
351           	1.085479e-02	5.782363e-03	5.072426e-03	-8.691270e-04	5.305925e-03	-6.175052e-03	5.740488e-03	3.549683e-04	-3.820928e-04	-7.456613e-04	-7.549234e-04	9.262149e-06
352           	1.085464e-02	5.782192e-03	5.072450e-03	-8.691301e-04	5.305843e-03	-6.174973e-03	5.740408e-03	3.548711e-04	-3.820062e-04	-7.455002e-04	-7.547563e-04	9.256146e-06
353           	1.085450e-02	5.782023e-03	5.072474e-03	-8.691332e-04	5.305763e-03	-6.174896e-03	5.740330e-03	3.547746e-04	-3.819202e-04	-7.453401e-04	-7.545902e-04	9.250125e-06
354           	1.085436e-02	5.781857e-03	5.072499e-03	-8.691363e-04	5.305685e-03	-6.174821e-03	5.740253e-03	3.546789e-04	-3.818345e-04	-7.451809e-04	-7.544249e-04	9.244079e-06
355           	1.085422e-02	5.781693e-03	5.072525e-03	-8.691393e-04	5.305609e-03	-6.174748e-03	5.740179e-03	3.545838e-04	-3.817493e-04	-7.450226e-04	-7.542606e-04	9.238002e-06
356           	1.085408e-02	5.781531e-03	5.072553e-03	-8.691423e-04	5.305534e-03	-6.174677e-03	5.740106e-03	3.544893e-04	-3.816645e-04	-7.448652e-04	-7.540971e-04	9.231888e-06
357           	1.085395e-02	5.781372e-03	5.072581e-03	-8.691452e-04	5.305462e-03	-6.174607e-03	5.740034e-03	3.543955e-04	-3.815800e-04	-7.447086e-04	-7.539343e-04	9.225727e-06
358           	1.085383e-02	5.781215e-03	5.072610e-03	-8.691480e-04	5.305390e-03	-6.174538e-03	5.739964e-03	3.543023e-04	-3.814959e-04	-7.445528e-04	-7.537723e-04	9.219513e-06
359           	1.085370e-02	5.781060e-03	5.072641e-03	-8.691508e-04	5.305321e-03	-6.174472e-03	5.739896e-03	3.542097e-04	-3.814122e-04	-7.443978e-04	-7.536111e-04	9.213237e-06
360           	1.085358e-02	5.780907e-03	5.072672e-03	-8.691536e-04	5.305253e-03	-6.174407e-03	5.739830e-03	3.541177e-04	-3.813287e-04	-7.442436e-04	-7.534505e-04	9.206900e-06
361           	1.085346e-02	5.780757e-03	5.072704e-03	-8.691563e-04	5.305187e-03	-6.174343e-03	5.739765e-03	3.540263e-04	-3.812456e-04	-7.440902e-04	-7.532907e-04	9.200505e-06
362           	1.085335e-02	5.780608e-03	5.072737e-03	-8.691590e-04	5.305122e-03	-6.174281e-03	5.739702e-03	3.539355e-04	-3.811628e-04	-7.439375e-04	-7.531316e-04	9.194060e-06
363           	1.085323e-02	5.780462e-03	5.072772e-03	-8.691616e-04	5.305059e-03	-6.174221e-03	5.739640e-03	3.538453e-04	-3.810804e-04	-7.437857e-04	-7.529733e-04	9.187564e-06
364           	1.085312e-02	5.780318e-03	5.072807e-03	-8.691641e-04	5.304997e-03	-6.174162e-03	5.739579e-03	3.537556e-04	-3.809983e-04	-7.436346e-04	-7.528156e-04	9.181017e-06
365           	1.085302e-02	5.780176e-03	5.072842e-03	-8.691666e-04	5.304937e-03	-6.174104e-03	5.739521e-03	3.536666e-04	-3.809165e-04	-7.434842e-04	-7.526586e-04	9.174417e-06
366           	1.085291e-02	5.780035e-03	5.072879e-03	-8.691691e-04	5.304879e-03	-6.174048e-03	5.739463e-03	3.535781e-04	-3.808350e-04	-7.433345e-04	-7.525023e-04	9.167758e-06
367           	1.085281e-02	5.779897e-03	5.072917e-03	-8.691715e-04	5.304821e-03	-6.173993e-03	5.739407e-03	3.534900e-04	-3.807538e-04	-7.431855e-04	-7.523465e-04	9.161036e-06
368           	1.085272e-02	5.779760e-03	5.072955e-03	-8.691739e-04	5.304766e-03	-6.173939e-03	5.739353e-03	3.534025e-04	-3.806728e-04	-7.430371e-04	-7.521913e-04	9.154246e-06
369           	1.085262e-02	5.779625e-03	5.072995e-03	-8.691762e-04	5.304711e-03	-6.173887e-03	5.739299e-03	3.533154e-04	-3.805920e-04	-7.428893e-04	-7.520367e-04	9.147381e-06
370           	1.085253e-02	5.779492e-03	5.073035e-03	-8.691785e-04	5.304658e-03	-6.173837e-03	5.739247e-03	3.532288e-04	-3.805115e-04	-7.427421e-04	-7.518825e-04	9.140438e-06
371           	1.085244e-02	5.779361e-03	5.073076e-03	-8.691808e-04	5.304606e-03	-6.173787e-03	5.739197e-03	3.531426e-04	-3.804311e-04	-7.425954e-04	-7.517289e-04	9.133419e-06
372           	1.085235e-02	5.779232e-03	5.073118e-03	-8.691830e-04	5.304556e-03	-6.173739e-03	5.739148e-03	3.530569e-04	-3.803510e-04	-7.424494e-04	-7.515758e-04	9.126324e-06
373           	1.085226e-02	5.779104e-03	5.073160e-03	-8.691851e-04	5.304507e-03	-6.173692e-03	5.739100e-03	3.529717e-04	-3.802712e-04	-7.423040e-04	-7.514232e-04	9.119156e-06
374           	1.085218e-02	5.778984e-03	5.073198e-03	-8.691869e-04	5.304459e-03	-6.173646e-03	5.739053e-03	3.528928e-04	-3.801969e-04	-7.421696e-04	-7.512817e-04	9.112039e-06
375           	1.085210e-02	5.778857e-03	5.073244e-03	-8.691891e-04	5.304413e-03	-6.173602e-03	5.739007e-03	3.528066e-04	-3.801158e-04	-7.420222e-04	-7.511268e-04	9.104664e-06
376           	1.085202e-02	5.778739e-03	5.073285e-03	-8.691909e-04	5.304368e-03	-6.173558e-03	5.738963e-03	3.527267e-04	-3.800402e-04	-7.418856e-04	-7.509830e-04	9.097375e-06
377           	1.085195e-02	5.778620e-03	5.073329e-03	-8.691927e-04	5.304323e-03	-6.173516e-03	5.738920e-03	3.526457e-04	-3.799634e-04	-7.417469e-04	-7.508369e-04	9.089982e-06
378           	1.085187e-02	5.778495e-03	5.073380e-03	-8.691950e-04	5.304280e-03	-6.173475e-03	5.738878e-03	3.525573e-04	-3.798797e-04	-7.415949e-04	-7.506772e-04	9.082295e-06
379           	1.085180e-02	5.778378e-03	5.073426e-03	-8.691969e-04	5.304238e-03	-6.173435e-03	5.738837e-03	3.524761e-04	-3.798025e-04	-7.414554e-04	-7.505301e-04	9.074773e-06
380           	1.085173e-02	5.778262e-03	5.073473e-03	-8.691987e-04	5.304198e-03	-6.173397e-03	5.738797e-03	3.523945e-04	-3.797247e-04	-7.413150e-04	-7.503822e-04	9.067161e-06
381           	1.085167e-02	5.778146e-03	5.073521e-03	-8.692006e-04	5.304158e-03	-6.173359e-03	5.738758e-03	3.523125e-04	-3.796464e-04	-7.411740e-04	-7.502334e-04	9.059449e-06
382           	1.085160e-02	5.778032e-03	5.073571e-03	-8.692024e-04	5.304120e-03	-6.173322e-03	5.738721e-03	3.522305e-04	-3.795679e-04	-7.410325e-04	-7.500842e-04	9.051643e-06
383           	1.085154e-02	5.777918e-03	5.073621e-03	-8.692043e-04	5.304082e-03	-6.173287e-03	5.738684e-03	3.521484e-04	-3.794893e-04	-7.408911e-04	-7.499348e-04	9.043752e-06
384           	1.085148e-02	5.777806e-03	5.073673e-03	-8.692060e-04	5.304046e-03	-6.173252e-03	5.738649e-03	3.520666e-04	-3.794108e-04	-7.407499e-04	-7.497857e-04	9.035785e-06
385           	1.085142e-02	5.777695e-03	5.073725e-03	-8.692078e-04	5.304011e-03	-6.173219e-03	5.738615e-03	3.519852e-04	-3.793324e-04	-7.406094e-04	-7.496371e-04	9.027743e-06
386           	1.085136e-02	5.777586e-03	5.073778e-03	-8.692094e-04	5.303977e-03	-6.173186e-03	5.738581e-03	3.519043e-04	-3.792544e-04	-7.404696e-04	-7.494892e-04	9.019624e-06
387           	1.085131e-02	5.777478e-03	5.073831e-03	-8.692111e-04	5.303943e-03	-6.173154e-03	5.738549e-03	3.518238e-04	-3.791767e-04	-7.403306e-04	-7.493421e-04	9.011414e-06
388           	1.085126e-02	5.777372e-03	5.073884e-03	-8.692126e-04	5.303911e-03	-6.173124e-03	5.738518e-03	3.517438e-04	-3.790993e-04	-7.401925e-04	-7.491955e-04	9.003094e-06
389           	1.085121e-02	5.777267e-03	5.073939e-03	-8.692142e-04	5.303880e-03	-6.173094e-03	5.738487e-03	3.516642e-04	-3.790221e-04	-7.400549e-04	-7.490495e-04	8.994641e-06
390           	1.085116e-02	5.777163e-03	5.073994e-03	-8.692156e-04	5.303850e-03	-6.173066e-03	5.738458e-03	3.515848e-04	-3.789450e-04	-7.399178e-04	-7.489039e-04	8.986037e-06
391           	1.085111e-02	5.777060e-03	5.074049e-03	-8.692171e-04	5.303821e-03	-6.173038e-03	5.738429e-03	3.515056e-04	-3.788678e-04	-7.397810e-04	-7.487583e-04	8.977260e-06
392           	1.085106e-02	5.776959e-03	5.074106e-03	-8.692185e-04	5.303792e-03	-6.173011e-03	5.738401e-03	3.514265e-04	-3.787905e-04	-7.396444e-04	-7.486127e-04	8.968296e-06
393           	1.085102e-02	5.776857e-03	5.074163e-03	-8.692198e-04	5.303765e-03	-6.172984e-03	5.738375e-03	3.513474e-04	-3.787130e-04	-7.395077e-04	-7.484668e-04	8.959132e-06
394           	1.085098e-02	5.776757e-03	5.074221e-03	-8.692212e-04	5.303738e-03	-6.172959e-03	5.738349e-03	3.512681e-04	-3.786352e-04	-7.393708e-04	-7.483206e-04	8.949763e-06
395           	1.085094e-02	5.776657e-03	5.074280e-03	-8.692225e-04	5.303712e-03	-6.172935e-03	5.738323e-03	3.511887e-04	-3.785571e-04	-7.392338e-04	-7.481740e-04	8.940191e-06
396           	1.085090e-02	5.776558e-03	5.074340e-03	-8.692238e-04	5.303687e-03	-6.172911e-03	5.738299e-03	3.511092e-04	-3.784787e-04	-7.390965e-04	-7.480269e-04	8.930422e-06
397           	1.085086e-02	5.776460e-03	5.074401e-03	-8.692250e-04	5.303663e-03	-6.172888e-03	5.738275e-03	3.510296e-04	-3.784000e-04	-7.389591e-04	-7.478796e-04	8.920465e-06
398           	1.085082e-02	5.776362e-03	5.074462e-03	-8.692262e-04	5.303640e-03	-6.172866e-03	5.738253e-03	3.509500e-04	-3.783211e-04	-7.388215e-04	-7.477319e-04	8.910338e-06
399           	1.085079e-02	5.776265e-03	5.074525e-03	-8.692274e-04	5.303617e-03	-6.172844e-03	5.738231e-03	3.508703e-04	-3.782420e-04	-7.386839e-04	-7.475840e-04	8.900057e-06
400           	1.085076e-02	5.776169e-03	5.074588e-03	-8.692286e-04	5.303595e-03	-6.172824e-03	5.738209e-03	3.507906e-04	-3.781628e-04	-7.385463e-04	-7.474359e-04	8.889642e-06
401           	1.085073e-02	5.776074e-03	5.074652e-03	-8.692297e-04	5.303574e-03	-6.172804e-03	5.738189e-03	3.507110e-04	-3.780835e-04	-7.384088e-04	-7.472879e-04	8.879110e-06
402           	1.085070e-02	5.775979e-03	5.074716e-03	-8.692308e-04	5.303554e-03	-6.172784e-03	5.738169e-03	3.506316e-04	-3.780042e-04	-7.382715e-04	-7.471399e-04	8.868478e-06
403           	1.085067e-02	5.775886e-03	5.074781e-03	-8.692318e-04	5.303534e-03	-6.172766e-03	5.738150e-03	3.505523e-04	-3.779249e-04	-7.381343e-04	-7.469921e-04	8.857761e-06
404           	1.085064e-02	5.775793e-03	5.074847e-03	-8.692328e-04	5.303515e-03	-6.172748e-03	5.738132e-03	3.504731e-04	-3.778457e-04	-7.379975e-04	-7.468445e-04	8.846969e-06
405           	1.085061e-02	5.775701e-03	5.074913e-03	-8.692338e-04	5.303497e-03	-6.172731e-03	5.738114e-03	3.503942e-04	-3.777666e-04	-7.378609e-04	-7.466970e-04	8.836107e-06
406           	1.085059e-02	5.775610e-03	5.074979e-03	-8.692348e-04	5.303479e-03	-6.172714e-03	5.738097e-03	3.503154e-04	-3.776875e-04	-7.377246e-04	-7.465498e-04	8.825178e-06
407           	1.085057e-02	5.775519e-03	5.075046e-03	-8.692357e-04	5.303463e-03	-6.172698e-03	5.738081e-03	3.502367e-04	-3.776085e-04	-7.375885e-04	-7.464027e-04	8.814184e-06
408           	1.085054e-02	5.775430e-03	5.075113e-03	-8.692366e-04	5.303447e-03	-6.172683e-03	5.738065e-03	3.501583e-04	-3.775295e-04	-7.374528e-04	-7.462559e-04	8.803123e-06
409           	1.085052e-02	5.775341e-03	5.075181e-03	-8.692375e-04	5.303431e-03	-6.172669e-03	5.738050e-03	3.500800e-04	-3.774506e-04	-7.373173e-04	-7.461092e-04	8.791991e-06
410           	1.085050e-02	5.775253e-03	5.075250e-03	-8.692383e-04	5.303416e-03	-6.172654e-03	5.738035e-03	3.500018e-04	-3.773718e-04	-7.371820e-04	-7.459628e-04	8.780784e-06
411           	1.085048e-02	5.775166e-03	5.075318e-03	-8.692391e-04	5.303402e-03	-6.172641e-03	5.738022e-03	3.499237e-04	-3.772930e-04	-7.370470e-04	-7.458165e-04	8.769506e-06
412           	1.085047e-02	5.775079e-03	5.075388e-03	-8.692399e-04	5.303388e-03	-6.172628e-03	5.738008e-03	3.498457e-04	-3.772143e-04	-7.369122e-04	-7.456704e-04	8.758157e-06
413           	1.085045e-02	5.774993e-03	5.075457e-03	-8.692406e-04	5.303375e-03	-6.172616e-03	5.737996e-03	3.497679e-04	-3.771356e-04	-7.367778e-04	-7.455245e-04	8.746743e-06
414           	1.085044e-02	5.774908e-03	5.075527e-03	-8.692414e-04	5.303363e-03	-6.172604e-03	5.737984e-03	3.496903e-04	-3.770571e-04	-7.366436e-04	-7.453789e-04	8.735267e-06
415           	1.085042e-02	5.774823e-03	5.075598e-03	-8.692421e-04	5.303351e-03	-6.172593e-03	5.737972e-03	3.496128e-04	-3.769786e-04	-7.365098e-04	-7.452335e-04	8.723736e-06
416           	1.085041e-02	5.774740e-03	5.075668e-03	-8.692428e-04	5.303340e-03	-6.172582e-03	5.737961e-03	3.495355e-04	-3.769003e-04	-7.363763e-04	-7.450884e-04	8.712155e-06
417           	1.085040e-02	5.774656e-03	5.075740e-03	-8.692434e-04	5.303329e-03	-6.172572e-03	5.737951e-03	3.494584e-04	-3.768221e-04	-7.362432e-04	-7.449437e-04	8.700532e-06
418           	1.085038e-02	5.774574e-03	5.075811e-03	-8.692441e-04	5.303319e-03	-6.172563e-03	5.737941e-03	3.493815e-04	-3.767441e-04	-7.361105e-04	-7.447994e-04	8.688875e-06
419           	1.085037e-02	5.774492e-03	5.075883e-03	-8.692447e-04	5.303309e-03	-6.172554e-03	5.737931e-03	3.493048e-04	-3.766663e-04	-7.359782e-04	-7.446554e-04	8.677193e-06
420           	1.085037e-02	5.774411e-03	5.075954e-03	-8.692453e-04	5.303300e-03	-6.172545e-03	5.737922e-03	3.492284e-04	-3.765887e-04	-7.358464e-04	-7.445119e-04	8.665491e-06
421           	1.085036e-02	5.774331e-03	5.076027e-03	-8.692458e-04	5.303291e-03	-6.172537e-03	5.737914e-03	3.491522e-04	-3.765113e-04	-7.357150e-04	-7.443688e-04	8.653775e-06
422           	1.085035e-02	5.774251e-03	5.076099e-03	-8.692464e-04	5.303283e-03	-6.172529e-03	5.737906e-03	3.490763e-04	-3.764341e-04	-7.355841e-04	-7.442261e-04	8.642047e-06
423           	1.085034e-02	5.774173e-03	5.076171e-03	-8.692469e-04	5.303275e-03	-6.172522e-03	5.737898e-03	3.490007e-04	-3.763572e-04	-7.354537e-04	-7.440840e-04	8.630317e-06
424           	1.085034e-02	5.774095e-03	5.076244e-03	-8.692474e-04	5.303268e-03	-6.172515e-03	5.737891e-03	3.489254e-04	-3.762805e-04	-7.353238e-04	-7.439424e-04	8.618588e-06
425           	1.085033e-02	5.774017e-03	5.076316e-03	-8.692479e-04	5.303261e-03	-6.172509e-03	5.737885e-03	3.488504e-04	-3.762041e-04	-7.351945e-04	-7.438014e-04	8.606865e-06
426           	1.085033e-02	5.773941e-03	5.076389e-03	-8.692483e-04	5.303255e-03	-6.172503e-03	5.737879e-03	3.487758e-04	-3.761281e-04	-7.350659e-04	-7.436610e-04	8.595156e-06
427           	1.085033e-02	5.773865e-03	5.076462e-03	-8.692487e-04	5.303249e-03	-6.172497e-03	5.737873e-03	3.487015e-04	-3.760524e-04	-7.349378e-04	-7.435212e-04	8.583466e-06
428           	1.085032e-02	5.773790e-03	5.076535e-03	-8.692492e-04	5.303243e-03	-6.172492e-03	5.737868e-03	3.486276e-04	-3.759770e-04	-7.348104e-04	-7.433822e-04	8.571799e-06
429           	1.085032e-02	5.773716e-03	5.076608e-03	-8.692496e-04	5.303238e-03	-6.172488e-03	5.737863e-03	3.485541e-04	-3.759020e-04	-7.346836e-04	-7.432438e-04	8.560161e-06
430           	1.085032e-02	5.773642e-03	5.076680e-03	-8.692499e-04	5.303233e-03	-6.172483e-03	5.737858e-03	3.484810e-04	-3.758273e-04	-7.345575e-04	-7.431061e-04	8.548552e-06
431           	1.085032e-02	5.773570e-03	5.076753e-03	-8.692503e-04	5.303229e-03	-6.172479e-03	5.737854e-03	3.484083e-04	-3.757530e-04	-7.344321e-04	-7.429691e-04	8.536974e-06
432           	1.085032e-02	5.773498e-03	5.076826e-03	-8.692506e-04	5.303225e-03	-6.172476e-03	5.737850e-03	3.483360e-04	-3.756791e-04	-7.343074e-04	-7.428329e-04	8.525428e-06
433           	1.085032e-02	5.773426e-03	5.076898e-03	-8.692509e-04	5.303222e-03	-6.172472e-03	5.737847e-03	3.482641e-04	-3.756056e-04	-7.341834e-04	-7.426973e-04	8.513916e-06
434           	1.085033e-02	5.773356e-03	5.076971e-03	-8.692512e-04	5.303218e-03	-6.172470e-03	5.737844e-03	3.481926e-04	-3.755325e-04	-7.340601e-04	-7.425626e-04	8.502439e-06
435           	1.085033e-02	5.773286e-03	5.077043e-03	-8.692515e-04	5.303216e-03	-6.172467e-03	5.737841e-03	3.481216e-04	-3.754598e-04	-7.339376e-04	-7.424286e-04	8.490996e-06
436           	1.085033e-02	5.773217e-03	5.077116e-03	-8.692518e-04	5.303213e-03	-6.172465e-03	5.737839e-03	3.480509e-04	-3.753875e-04	-7.338157e-04	-7.422953e-04	8.479587e-06
437           	1.085034e-02	5.773149e-03	5.077188e-03	-8.692520e-04	5.303211e-03	-6.172463e-03	5.737837e-03	3.479807e-04	-3.753155e-04	-7.336946e-04	-7.421628e-04	8.468216e-06
438           	1.085034e-02	5.773082e-03	5.077260e-03	-8.692523e-04	5.303209e-03	-6.172461e-03	5.737835e-03	3.479109e-04	-3.752440e-04	-7.335742e-04	-7.420311e-04	8.456887e-06
439           	1.085035e-02	5.773015e-03	5.077332e-03	-8.692525e-04	5.303208e-03	-6.172460e-03	5.737834e-03	3.478416e-04	-3.751729e-04	-7.334547e-04	-7.419003e-04	8.445609e-06
440           	1.085035e-02	5.772949e-03	5.077403e-03	-8.692527e-04	5.303206e-03	-6.172459e-03	5.737833e-03	3.477727e-04	-3.751023e-04	-7.333359e-04	-7.417703e-04	8.434386e-06
441           	1.085036e-02	5.772884e-03	5.077475e-03	-8.692528e-04	5.303206e-03	-6.172458e-03	5.737832e-03	3.477044e-04	-3.750322e-04	-7.332179e-04	-7.416412e-04	8.423227e-06
442           	1.085037e-02	5.772819e-03	5.077546e-03	-8.692530e-04	5.303205e-03	-6.172458e-03	5.737831e-03	3.476366e-04	-3.749626e-04	-7.331008e-04	-7.415130e-04	8.412134e-06
443           	1.085037e-02	5.772756e-03	5.077617e-03	-8.692531e-04	5.303205e-03	-6.172458e-03	5.737831e-03	3.475692e-04	-3.748934e-04	-7.329846e-04	-7.413857e-04	8.401111e-06
444           	1.085038e-02	5.772693e-03	5.077688e-03	-8.692533e-04	5.303205e-03	-6.172458e-03	5.737831e-03	3.475024e-04	-3.748248e-04	-7.328693e-04	-7.412594e-04	8.390162e-06
445           	1.085039e-02	5.772631e-03	5.077758e-03	-8.692534e-04	5.303205e-03	-6.172458e-03	5.737832e-03	3.474362e-04	-3.747567e-04	-7.327549e-04	-7.411341e-04	8.379291e-06
446           	1.085040e-02	5.772570e-03	5.077828e-03	-8.692535e-04	5.303205e-03	-6.172459e-03	5.737832e-03	3.473705e-04	-3.746892e-04	-7.326414e-04	-7.410099e-04	8.368499e-06
447           	1.085041e-02	5.772509e-03	5.077898e-03	-8.692536e-04	5.303206e-03	-6.172460e-03	5.737833e-03	3.473054e-04	-3.746222e-04	-7.325288e-04	-7.408866e-04	8.357788e-06
448           	1.085042e-02	5.772449e-03	5.077968e-03	-8.692537e-04	5.303207e-03	-6.172461e-03	5.737834e-03	3.472409e-04	-3.745558e-04	-7.324172e-04	-7.407644e-04	8.347162e-06
449           	1.085043e-02	5.772391e-03	5.078037e-03	-8.692537e-04	5.303208e-03	-6.172462e-03	5.737835e-03	3.471769e-04	-3.744899e-04	-7.323066e-04	-7.406432e-04	8.336624e-06
450           	1.085044e-02	5.772332e-03	5.078105e-03	-8.692538e-04	5.303210e-03	-6.172464e-03	5.737837e-03	3.471136e-04	-3.744247e-04	-7.321970e-04	-7.405231e-04	8.326173e-06
451           	1.085045e-02	5.772275e-03	5.078174e-03	-8.692538e-04	5.303212e-03	-6.172465e-03	5.737839e-03	3.470508e-04	-3.743600e-04	-7.320883e-04	-7.404041e-04	8.315812e-06
452           	1.085046e-02	5.772219e-03	5.078241e-03	-8.692538e-04	5.303214e-03	-6.172467e-03	5.737841e-03	3.469887e-04	-3.742958e-04	-7.319806e-04	-7.402861e-04	8.305540e-06
453           	1.085047e-02	5.772163e-03	5.078309e-03	-8.692538e-04	5.303216e-03	-6.172470e-03	5.737843e-03	3.469271e-04	-3.742323e-04	-7.318739e-04	-7.401692e-04	8.295356e-06
454           	1.085048e-02	5.772108e-03	5.078376e-03	-8.692538e-04	5.303218e-03	-6.172472e-03	5.737845e-03	3.468662e-04	-3.741693e-04	-7.317682e-04	-7.400534e-04	8.285258e-06
455           	1.085050e-02	5.772054e-03	5.078442e-03	-8.692538e-04	5.303221e-03	-6.172475e-03	5.737848e-03	3.468058e-04	-3.741070e-04	-7.316634e-04	-7.399387e-04	8.275249e-06
456           	1.085051e-02	5.772001e-03	5.078509e-03	-8.692538e-04	5.303224e-03	-6.172477e-03	5.737850e-03	3.467461e-04	-3.740452e-04	-7.315597e-04	-7.398250e-04	8.265330e-06
457           	1.085052e-02	5.771956e-03	5.078567e-03	-8.692536e-04	5.303227e-03	-6.172480e-03	5.737854e-03	3.466946e-04	-3.739916e-04	-7.314700e-04	-7.397266e-04	8.256617e-06
458           	1.085054e-02	5.771902e-03	5.078634e-03	-8.692536e-04	5.303230e-03	-6.172483e-03	5.737857e-03	3.466342e-04	-3.739291e-04	-7.313649e-04	-7.396115e-04	8.246614e-06
459           	1.085055e-02	5.771849e-03	5.078701e-03	-8.692536e-04	5.303233e-03	-6.172487e-03	5.737860e-03	3.465741e-04	-3.738668e-04	-7.312604e-04	-7.394970e-04	8.236651e-06
