# Force and moment coefficients
# dragDir     : (1.000000e+00 0.000000e+00 0.000000e+00)
# sideDir     : (0.000000e+00 1.000000e+00 0.000000e+00)
# liftDir     : (0.000000e+00 0.000000e+00 1.000000e+00)
# rollAxis    : (1.000000e+00 0.000000e+00 0.000000e+00)
# pitchAxis   : (0.000000e+00 1.000000e+00 0.000000e+00)
# yawAxis     : (0.000000e+00 0.000000e+00 1.000000e+00)
# magUInf     : 6.661800e+00
# lRef        : 1.499270e-01
# Aref        : 5.000000e-02
# CofR        : (0.000000e+00 0.000000e+00 0.000000e+00)
#
# Time        	Cd            	Cd(f)         	Cd(r)         	Cl            	Cl(f)         	Cl(r)         	CmPitch       	CmRoll        	CmYaw         	Cs            	Cs(f)         	Cs(r)         
1             	3.569239e-01	1.768889e-01	1.800350e-01	-3.161422e-02	2.773104e-01	-3.089246e-01	2.931175e-01	-1.573063e-03	1.030358e-03	1.355094e-03	1.707904e-03	-3.528108e-04
2             	2.705636e-01	1.339061e-01	1.366575e-01	-3.867807e-02	2.108952e-01	-2.495733e-01	2.302343e-01	-1.375711e-03	8.472169e-04	1.127604e-03	1.411019e-03	-2.834149e-04
3             	2.113048e-01	1.047756e-01	1.065292e-01	-3.741613e-02	1.640298e-01	-2.014459e-01	1.827378e-01	-8.767775e-04	4.611048e-04	6.429333e-04	7.825715e-04	-1.396381e-04
4             	1.648343e-01	8.217938e-02	8.265497e-02	-3.045416e-02	1.262658e-01	-1.567200e-01	1.414929e-01	-2.377943e-04	-9.471937e-06	4.796825e-05	1.451219e-05	3.345606e-05
5             	1.261907e-01	6.347344e-02	6.271723e-02	-2.061458e-02	9.435936e-02	-1.149739e-01	1.046666e-01	3.781035e-04	-4.489914e-04	-5.112363e-04	-7.046095e-04	1.933732e-04
6             	9.455801e-02	4.809900e-02	4.645901e-02	-1.048131e-02	6.818471e-02	-7.866602e-02	7.342536e-02	8.199977e-04	-7.438116e-04	-8.946682e-04	-1.191146e-03	2.964775e-04
7             	7.026599e-02	3.613184e-02	3.413415e-02	-1.958895e-03	4.831530e-02	-5.027420e-02	4.929475e-02	9.988457e-04	-8.300141e-04	-1.021999e-03	-1.341014e-03	3.190147e-04
8             	5.341039e-02	2.760990e-02	2.580049e-02	3.891692e-03	3.494101e-02	-3.104932e-02	3.299516e-02	9.047042e-04	-7.070366e-04	-8.891472e-04	-1.151610e-03	2.624630e-04
9             	4.335797e-02	2.227807e-02	2.107991e-02	6.819075e-03	2.750321e-02	-2.068413e-02	2.409367e-02	5.990799e-04	-4.310825e-04	-5.608245e-04	-7.114948e-04	1.506703e-04
10            	3.881754e-02	1.959250e-02	1.922504e-02	7.183001e-03	2.481043e-02	-1.762743e-02	2.121893e-02	1.837266e-04	-8.916527e-05	-1.396809e-04	-1.590057e-04	1.932484e-05
11            	3.811677e-02	1.883227e-02	1.928450e-02	5.708887e-03	2.531829e-02	-1.960940e-02	2.246384e-02	-2.261179e-04	2.238477e-04	2.606725e-04	3.541840e-04	-9.351143e-05
12            	3.954727e-02	1.924185e-02	2.030541e-02	3.240193e-03	2.746214e-02	-2.422194e-02	2.584204e-02	-5.317800e-04	4.310682e-04	5.457658e-04	7.039510e-04	-1.581853e-04
13            	4.165221e-02	2.015450e-02	2.149771e-02	5.417695e-04	2.992848e-02	-2.938671e-02	2.965760e-02	-6.716068e-04	4.890551e-04	6.594570e-04	8.187836e-04	-1.593265e-04
14            	4.339801e-02	2.106831e-02	2.232970e-02	-1.821619e-03	3.181234e-02	-3.363396e-02	3.272315e-02	-6.306978e-04	3.947376e-04	5.925124e-04	6.909938e-04	-9.848141e-05
15            	4.422363e-02	2.167610e-02	2.254752e-02	-3.532599e-03	3.265891e-02	-3.619151e-02	3.442521e-02	-4.357090e-04	1.792095e-04	3.762704e-04	3.673447e-04	8.925744e-06
16            	4.398713e-02	2.185144e-02	2.213569e-02	-4.504116e-03	3.240709e-02	-3.691121e-02	3.465915e-02	-1.421232e-04	-1.046026e-04	6.894006e-05	-7.013255e-05	1.390726e-04
17            	4.285030e-02	2.160768e-02	2.124262e-02	-4.822653e-03	3.127345e-02	-3.609610e-02	3.368478e-02	1.825274e-04	-3.970455e-04	-2.613406e-04	-5.277158e-04	2.663751e-04
18            	4.114172e-02	2.104472e-02	2.009699e-02	-4.675080e-03	2.961836e-02	-3.429344e-02	3.195590e-02	4.738663e-04	-6.445598e-04	-5.515862e-04	-9.203529e-04	3.687667e-04
19            	3.922442e-02	2.029584e-02	1.892857e-02	-4.275914e-03	2.781754e-02	-3.209346e-02	2.995550e-02	6.836353e-04	-8.103676e-04	-7.564794e-04	-1.188607e-03	4.321279e-04
20            	3.739959e-02	1.948623e-02	1.791335e-02	-3.812604e-03	2.617010e-02	-2.998271e-02	2.807641e-02	7.864409e-04	-8.788543e-04	-8.540351e-04	-1.305872e-03	4.518368e-04
21            	3.585584e-02	1.870851e-02	1.714733e-02	-3.414613e-03	2.485278e-02	-2.826739e-02	2.656008e-02	7.805877e-04	-8.548024e-04	-8.454716e-04	-1.277538e-03	4.320666e-04
22            	3.466131e-02	1.801538e-02	1.664592e-02	-3.145367e-03	2.391674e-02	-2.706211e-02	2.548943e-02	6.847283e-04	-7.593287e-04	-7.511857e-04	-1.134922e-03	3.837358e-04
23            	3.378398e-02	1.742313e-02	1.636084e-02	-3.010819e-03	2.331117e-02	-2.632199e-02	2.481658e-02	5.311448e-04	-6.233206e-04	-6.037014e-04	-9.251713e-04	3.214698e-04
24            	3.313017e-02	1.692196e-02	1.620822e-02	-2.978345e-03	2.292479e-02	-2.590313e-02	2.441396e-02	3.568694e-04	-4.795724e-04	-4.392716e-04	-6.992081e-04	2.599366e-04
25            	3.258888e-02	1.649022e-02	1.609866e-02	-2.999767e-03	2.263276e-02	-2.563253e-02	2.413265e-02	1.957809e-04	-3.558423e-04	-2.899436e-04	-5.008141e-04	2.108705e-04
26            	3.206588e-02	1.610708e-02	1.595880e-02	-3.029950e-03	2.233148e-02	-2.536143e-02	2.384645e-02	7.414316e-05	-2.721033e-04	-1.798962e-04	-3.620515e-04	1.821552e-04
27            	3.150276e-02	1.575806e-02	1.574471e-02	-3.038181e-03	2.195801e-02	-2.499619e-02	2.347710e-02	6.673289e-06	-2.376837e-04	-1.220165e-04	-2.986919e-04	1.766754e-04
28            	3.088292e-02	1.543766e-02	1.544525e-02	-3.012779e-03	2.149569e-02	-2.450846e-02	2.300208e-02	-3.796510e-06	-2.517178e-04	-1.179451e-04	-3.106904e-04	1.927452e-04
29            	3.022570e-02	1.514835e-02	1.507736e-02	-2.959545e-03	2.096757e-02	-2.392712e-02	2.244735e-02	3.549438e-05	-3.053671e-04	-1.601292e-04	-3.854317e-04	2.253026e-04
30            	2.957330e-02	1.489749e-02	1.467581e-02	-2.896089e-03	2.042167e-02	-2.331775e-02	2.186971e-02	1.108358e-04	-3.853948e-04	-2.352924e-04	-5.030410e-04	2.677486e-04
31            	2.897171e-02	1.469098e-02	1.428072e-02	-2.842902e-03	1.991057e-02	-2.275347e-02	2.133202e-02	2.051302e-04	-4.766940e-04	-3.274606e-04	-6.404243e-04	3.129637e-04
32            	2.845682e-02	1.452986e-02	1.392696e-02	-2.816555e-03	1.947648e-02	-2.229304e-02	2.088476e-02	3.014512e-04	-5.651460e-04	-4.210806e-04	-7.756863e-04	3.546057e-04
33            	2.804644e-02	1.440927e-02	1.363718e-02	-2.825674e-03	1.914240e-02	-2.196808e-02	2.055524e-02	3.860438e-04	-6.400503e-04	-5.036978e-04	-8.918992e-04	3.882014e-04
34            	2.773761e-02	1.431870e-02	1.341891e-02	-2.869425e-03	1.890890e-02	-2.177833e-02	2.034362e-02	4.498979e-04	-6.950973e-04	-5.672639e-04	-9.787292e-04	4.114653e-04
35            	2.750935e-02	1.424382e-02	1.326553e-02	-2.938685e-03	1.875688e-02	-2.169556e-02	2.022622e-02	4.891419e-04	-7.283331e-04	-6.083463e-04	-1.032506e-03	4.241600e-04
36            	2.732959e-02	1.416929e-02	1.316030e-02	-3.019180e-03	1.865455e-02	-2.167373e-02	2.016414e-02	5.044959e-04	-7.414066e-04	-6.275640e-04	-1.055189e-03	4.276246e-04
37            	2.716326e-02	1.408169e-02	1.308157e-02	-3.095320e-03	1.856609e-02	-2.166141e-02	2.011375e-02	5.000582e-04	-7.383602e-04	-6.284403e-04	-1.052580e-03	4.241401e-04
38            	2.698017e-02	1.397192e-02	1.300825e-02	-3.153905e-03	1.845997e-02	-2.161387e-02	2.003692e-02	4.818323e-04	-7.243932e-04	-6.161452e-04	-1.032466e-03	4.163206e-04
39            	2.676074e-02	1.383671e-02	1.292403e-02	-3.186836e-03	1.831514e-02	-2.150198e-02	1.990856e-02	4.563420e-04	-7.047862e-04	-5.963122e-04	-1.002942e-03	4.066302e-04
40            	2.649831e-02	1.367859e-02	1.281973e-02	-3.192179e-03	1.812378e-02	-2.131596e-02	1.971987e-02	4.294289e-04	-6.840255e-04	-5.740263e-04	-9.710386e-04	3.970124e-04
41            	2.619836e-02	1.350467e-02	1.269369e-02	-3.173703e-03	1.789065e-02	-2.106436e-02	1.947751e-02	4.054910e-04	-6.653211e-04	-5.531965e-04	-9.419194e-04	3.887229e-04
42            	2.587526e-02	1.332483e-02	1.255043e-02	-3.139280e-03	1.762996e-02	-2.076924e-02	1.919960e-02	3.871986e-04	-6.505281e-04	-5.363204e-04	-9.186883e-04	3.823679e-04
43            	2.554782e-02	1.314940e-02	1.239842e-02	-3.098691e-03	1.736082e-02	-2.045951e-02	1.891016e-02	3.754881e-04	-6.402332e-04	-5.244954e-04	-9.024809e-04	3.779855e-04
44            	2.523464e-02	1.298727e-02	1.224737e-02	-3.061355e-03	1.710246e-02	-2.016382e-02	1.863314e-02	3.699505e-04	-6.341316e-04	-5.177144e-04	-8.929888e-04	3.752744e-04
45            	2.495027e-02	1.284445e-02	1.210582e-02	-3.034502e-03	1.687021e-02	-1.990471e-02	1.838746e-02	3.693179e-04	-6.314137e-04	-5.152379e-04	-8.890327e-04	3.737947e-04
46            	2.470288e-02	1.272342e-02	1.197946e-02	-3.022085e-03	1.667295e-02	-1.969503e-02	1.818399e-02	3.719765e-04	-6.311315e-04	-5.159872e-04	-8.891251e-04	3.731379e-04
47            	2.449358e-02	1.262314e-02	1.187044e-02	-3.024529e-03	1.651235e-02	-1.953687e-02	1.802461e-02	3.763514e-04	-6.324211e-04	-5.188261e-04	-8.918341e-04	3.730080e-04
48            	2.431733e-02	1.253985e-02	1.177748e-02	-3.039250e-03	1.638372e-02	-1.942297e-02	1.790334e-02	3.811854e-04	-6.346370e-04	-5.227795e-04	-8.960268e-04	3.732473e-04
49            	2.416491e-02	1.246815e-02	1.169676e-02	-3.061653e-03	1.627794e-02	-1.933960e-02	1.780877e-02	3.856930e-04	-6.374056e-04	-5.271562e-04	-9.009837e-04	3.738275e-04
50            	2.402533e-02	1.240219e-02	1.162314e-02	-3.086391e-03	1.618398e-02	-1.927037e-02	1.772718e-02	3.895209e-04	-6.405394e-04	-5.315299e-04	-9.063043e-04	3.747744e-04
51            	2.388825e-02	1.233678e-02	1.155147e-02	-3.108532e-03	1.609131e-02	-1.919984e-02	1.764558e-02	3.926542e-04	-6.439477e-04	-5.356881e-04	-9.117918e-04	3.761037e-04
52            	2.374582e-02	1.226816e-02	1.147766e-02	-3.124468e-03	1.599188e-02	-1.911635e-02	1.755411e-02	3.952483e-04	-6.475174e-04	-5.395270e-04	-9.172809e-04	3.777539e-04
53            	2.359371e-02	1.219433e-02	1.139938e-02	-3.132396e-03	1.588118e-02	-1.901357e-02	1.744738e-02	3.974765e-04	-6.510382e-04	-5.429624e-04	-9.225194e-04	3.795570e-04
54            	2.343131e-02	1.211509e-02	1.131622e-02	-3.132366e-03	1.575850e-02	-1.889087e-02	1.732469e-02	3.994346e-04	-6.541970e-04	-5.458856e-04	-9.271398e-04	3.812542e-04
55            	2.326110e-02	1.203165e-02	1.122946e-02	-3.125955e-03	1.562635e-02	-1.875231e-02	1.718933e-02	4.010939e-04	-6.566103e-04	-5.481458e-04	-9.306832e-04	3.825374e-04
56            	2.308765e-02	1.194614e-02	1.114151e-02	-3.115709e-03	1.548936e-02	-1.860507e-02	1.704722e-02	4.023133e-04	-6.578958e-04	-5.495707e-04	-9.326811e-04	3.831104e-04
57            	2.291628e-02	1.186101e-02	1.105527e-02	-3.104489e-03	1.535302e-02	-1.845751e-02	1.690526e-02	4.028693e-04	-6.577308e-04	-5.499857e-04	-9.327237e-04	3.827380e-04
58            	2.275189e-02	1.177848e-02	1.097341e-02	-3.094874e-03	1.522242e-02	-1.831729e-02	1.676986e-02	4.025349e-04	-6.559357e-04	-5.492695e-04	-9.305704e-04	3.813009e-04
59            	2.259809e-02	1.170022e-02	1.089787e-02	-3.088721e-03	1.510134e-02	-1.819006e-02	1.664570e-02	4.011772e-04	-6.525514e-04	-5.474182e-04	-9.262605e-04	3.788423e-04
60            	2.245664e-02	1.162712e-02	1.082952e-02	-3.086930e-03	1.499173e-02	-1.807867e-02	1.653520e-02	3.988002e-04	-6.478406e-04	-5.445585e-04	-9.201199e-04	3.755614e-04
61            	2.232748e-02	1.155932e-02	1.076816e-02	-3.089449e-03	1.489365e-02	-1.798309e-02	1.643837e-02	3.955792e-04	-6.422679e-04	-5.409545e-04	-9.127452e-04	3.717907e-04
62            	2.220896e-02	1.149633e-02	1.071264e-02	-3.095441e-03	1.480553e-02	-1.790097e-02	1.635325e-02	3.918454e-04	-6.364402e-04	-5.369818e-04	-9.049311e-04	3.679493e-04
63            	2.209846e-02	1.143726e-02	1.066120e-02	-3.103576e-03	1.472478e-02	-1.782835e-02	1.627657e-02	3.880324e-04	-6.310148e-04	-5.330755e-04	-8.975525e-04	3.644770e-04
64            	2.199294e-02	1.138108e-02	1.061186e-02	-3.112355e-03	1.464840e-02	-1.776075e-02	1.620457e-02	3.846134e-04	-6.266058e-04	-5.296732e-04	-8.914424e-04	3.617692e-04
65            	2.188961e-02	1.132682e-02	1.056279e-02	-3.120418e-03	1.457357e-02	-1.769399e-02	1.613378e-02	3.820177e-04	-6.236877e-04	-5.271464e-04	-8.872610e-04	3.601145e-04
66            	2.178632e-02	1.127373e-02	1.051259e-02	-3.126766e-03	1.449816e-02	-1.762492e-02	1.606154e-02	3.805682e-04	-6.225353e-04	-5.257533e-04	-8.854120e-04	3.596587e-04
67            	2.168184e-02	1.122134e-02	1.046050e-02	-3.130875e-03	1.442091e-02	-1.755178e-02	1.598635e-02	3.804203e-04	-6.231771e-04	-5.255945e-04	-8.859744e-04	3.603799e-04
68            	2.157588e-02	1.116948e-02	1.040640e-02	-3.132705e-03	1.434153e-02	-1.747424e-02	1.590789e-02	3.815404e-04	-6.254004e-04	-5.266036e-04	-8.887022e-04	3.620986e-04
69            	2.146894e-02	1.111818e-02	1.035076e-02	-3.132618e-03	1.426054e-02	-1.739315e-02	1.582685e-02	3.837106e-04	-6.287826e-04	-5.285577e-04	-8.930614e-04	3.645038e-04
70            	2.136206e-02	1.106760e-02	1.029446e-02	-3.131239e-03	1.417896e-02	-1.731020e-02	1.574458e-02	3.865691e-04	-6.327630e-04	-5.311159e-04	-8.983209e-04	3.672050e-04
71            	2.125651e-02	1.101791e-02	1.023860e-02	-3.129295e-03	1.409809e-02	-1.722738e-02	1.566274e-02	3.896585e-04	-6.367111e-04	-5.338625e-04	-9.036424e-04	3.697798e-04
72            	2.115349e-02	1.096925e-02	1.018424e-02	-3.127467e-03	1.401913e-02	-1.714660e-02	1.558286e-02	3.925040e-04	-6.400278e-04	-5.363723e-04	-9.082140e-04	3.718417e-04
73            	2.105393e-02	1.092164e-02	1.013230e-02	-3.126275e-03	1.394303e-02	-1.706930e-02	1.550617e-02	3.946698e-04	-6.422074e-04	-5.382590e-04	-9.113369e-04	3.730779e-04
74            	2.095837e-02	1.087500e-02	1.008337e-02	-3.126019e-03	1.387032e-02	-1.699634e-02	1.543333e-02	3.958143e-04	-6.428958e-04	-5.392208e-04	-9.125062e-04	3.732854e-04
75            	2.086689e-02	1.082917e-02	1.003772e-02	-3.126764e-03	1.380111e-02	-1.692787e-02	1.536449e-02	3.957245e-04	-6.419193e-04	-5.390684e-04	-9.114535e-04	3.723850e-04
76            	2.077921e-02	1.078396e-02	9.995251e-03	-3.128383e-03	1.373514e-02	-1.686352e-02	1.529933e-02	3.943545e-04	-6.393128e-04	-5.377561e-04	-9.081908e-04	3.704348e-04
77            	2.069479e-02	1.073921e-02	9.955583e-03	-3.130609e-03	1.367187e-02	-1.680248e-02	1.523717e-02	3.918115e-04	-6.352926e-04	-5.353712e-04	-9.029782e-04	3.676070e-04
78            	2.061295e-02	1.069481e-02	9.918143e-03	-3.133114e-03	1.361067e-02	-1.674378e-02	1.517722e-02	3.883327e-04	-6.302179e-04	-5.321149e-04	-8.962753e-04	3.641604e-04
79            	2.053305e-02	1.065077e-02	9.882278e-03	-3.135582e-03	1.355091e-02	-1.668649e-02	1.511870e-02	3.842450e-04	-6.245361e-04	-5.282681e-04	-8.886701e-04	3.604020e-04
80            	2.045453e-02	1.060718e-02	9.847352e-03	-3.137761e-03	1.349210e-02	-1.662986e-02	1.506098e-02	3.799153e-04	-6.187213e-04	-5.241509e-04	-8.807967e-04	3.566458e-04
81            	2.037707e-02	1.056424e-02	9.812832e-03	-3.139496e-03	1.343394e-02	-1.657343e-02	1.500368e-02	3.757031e-04	-6.132171e-04	-5.200815e-04	-8.732579e-04	3.531764e-04
82            	2.030051e-02	1.052218e-02	9.778334e-03	-3.140743e-03	1.337630e-02	-1.651704e-02	1.494667e-02	3.719211e-04	-6.083906e-04	-5.163417e-04	-8.665615e-04	3.502198e-04
83            	2.022489e-02	1.048125e-02	9.743639e-03	-3.141549e-03	1.331927e-02	-1.646081e-02	1.489004e-02	3.688054e-04	-6.045023e-04	-5.131515e-04	-8.610780e-04	3.479265e-04
84            	2.015038e-02	1.044169e-02	9.708693e-03	-3.142032e-03	1.326302e-02	-1.640506e-02	1.483404e-02	3.664976e-04	-6.016892e-04	-5.106524e-04	-8.570154e-04	3.463631e-04
85            	2.007723e-02	1.040365e-02	9.673575e-03	-3.142342e-03	1.320783e-02	-1.635017e-02	1.477900e-02	3.650393e-04	-5.999638e-04	-5.088987e-04	-8.544132e-04	3.455145e-04
86            	2.000567e-02	1.036722e-02	9.638456e-03	-3.142630e-03	1.315393e-02	-1.629656e-02	1.472524e-02	3.643796e-04	-5.992276e-04	-5.078638e-04	-8.531595e-04	3.452957e-04
87            	1.993591e-02	1.033235e-02	9.603558e-03	-3.143022e-03	1.310150e-02	-1.624452e-02	1.467301e-02	3.643949e-04	-5.992987e-04	-5.074546e-04	-8.530261e-04	3.455714e-04
88            	1.986804e-02	1.029893e-02	9.569112e-03	-3.143596e-03	1.305065e-02	-1.619424e-02	1.462245e-02	3.649081e-04	-5.999388e-04	-5.075280e-04	-8.537028e-04	3.461748e-04
89            	1.980210e-02	1.026678e-02	9.535325e-03	-3.144388e-03	1.300138e-02	-1.614576e-02	1.457357e-02	3.657266e-04	-6.008989e-04	-5.079208e-04	-8.548592e-04	3.469385e-04
90            	1.973802e-02	1.023567e-02	9.502357e-03	-3.145382e-03	1.295360e-02	-1.609898e-02	1.452629e-02	3.666546e-04	-6.019341e-04	-5.084625e-04	-8.561654e-04	3.477028e-04
91            	1.967567e-02	1.020535e-02	9.470316e-03	-3.146527e-03	1.290718e-02	-1.605370e-02	1.448044e-02	3.675172e-04	-6.028329e-04	-5.089958e-04	-8.573308e-04	3.483350e-04
92            	1.961486e-02	1.017560e-02	9.439253e-03	-3.147754e-03	1.286192e-02	-1.600968e-02	1.443580e-02	3.681754e-04	-6.034329e-04	-5.093902e-04	-8.581280e-04	3.487378e-04
93            	1.955542e-02	1.014625e-02	9.409174e-03	-3.148987e-03	1.281766e-02	-1.596665e-02	1.439216e-02	3.685356e-04	-6.036308e-04	-5.095525e-04	-8.584070e-04	3.488546e-04
94            	1.949720e-02	1.011715e-02	9.380046e-03	-3.150162e-03	1.277426e-02	-1.592442e-02	1.434934e-02	3.685524e-04	-6.033837e-04	-5.094297e-04	-8.580985e-04	3.486688e-04
95            	1.944007e-02	1.008826e-02	9.351810e-03	-3.151231e-03	1.273160e-02	-1.588283e-02	1.430721e-02	3.682272e-04	-6.027056e-04	-5.090109e-04	-8.572111e-04	3.482002e-04
96            	1.938397e-02	1.005959e-02	9.324390e-03	-3.152172e-03	1.268963e-02	-1.584180e-02	1.426572e-02	3.675978e-04	-6.016536e-04	-5.083178e-04	-8.558125e-04	3.474947e-04
97            	1.932887e-02	1.003116e-02	9.297711e-03	-3.152985e-03	1.264835e-02	-1.580134e-02	1.422484e-02	3.667248e-04	-6.003109e-04	-5.073948e-04	-8.540083e-04	3.466135e-04
98            	1.927479e-02	1.000307e-02	9.271716e-03	-3.153689e-03	1.260780e-02	-1.576149e-02	1.418464e-02	3.656769e-04	-5.987679e-04	-5.062952e-04	-8.519155e-04	3.456203e-04
99            	1.922174e-02	9.975406e-03	9.246334e-03	-3.154317e-03	1.256802e-02	-1.572234e-02	1.414518e-02	3.645358e-04	-5.971278e-04	-5.050891e-04	-8.496724e-04	3.445833e-04
100           	1.916978e-02	9.948267e-03	9.221511e-03	-3.154906e-03	1.252907e-02	-1.568398e-02	1.410652e-02	3.633781e-04	-5.954851e-04	-5.038452e-04	-8.474077e-04	3.435625e-04
101           	1.911895e-02	9.921739e-03	9.197206e-03	-3.155493e-03	1.249100e-02	-1.564650e-02	1.406875e-02	3.622665e-04	-5.939157e-04	-5.026226e-04	-8.452270e-04	3.426044e-04
102           	1.906927e-02	9.895881e-03	9.173390e-03	-3.156106e-03	1.245386e-02	-1.560996e-02	1.403191e-02	3.612454e-04	-5.924713e-04	-5.014653e-04	-8.432040e-04	3.417386e-04
103           	1.902077e-02	9.870726e-03	9.150042e-03	-3.156765e-03	1.241765e-02	-1.557441e-02	1.399603e-02	3.603416e-04	-5.911809e-04	-5.004028e-04	-8.413823e-04	3.409795e-04
104           	1.897343e-02	9.846279e-03	9.127154e-03	-3.157477e-03	1.238237e-02	-1.553985e-02	1.396111e-02	3.595627e-04	-5.900499e-04	-4.994469e-04	-8.397734e-04	3.403265e-04
105           	1.892724e-02	9.822521e-03	9.104719e-03	-3.158239e-03	1.234800e-02	-1.550624e-02	1.392712e-02	3.589008e-04	-5.890642e-04	-4.985943e-04	-8.383613e-04	3.397670e-04
106           	1.888215e-02	9.799412e-03	9.082736e-03	-3.159041e-03	1.231449e-02	-1.547353e-02	1.389401e-02	3.583378e-04	-5.881989e-04	-4.978342e-04	-8.371160e-04	3.392818e-04
107           	1.883811e-02	9.776903e-03	9.061208e-03	-3.159868e-03	1.228179e-02	-1.544166e-02	1.386172e-02	3.578476e-04	-5.874191e-04	-4.971456e-04	-8.359919e-04	3.388463e-04
108           	1.879507e-02	9.754938e-03	9.040136e-03	-3.160704e-03	1.224984e-02	-1.541055e-02	1.383020e-02	3.574009e-04	-5.866868e-04	-4.965035e-04	-8.349385e-04	3.384350e-04
109           	1.875299e-02	9.733463e-03	9.019526e-03	-3.161534e-03	1.221861e-02	-1.538014e-02	1.379938e-02	3.569687e-04	-5.859652e-04	-4.958818e-04	-8.339060e-04	3.380243e-04
110           	1.871181e-02	9.712431e-03	8.999380e-03	-3.162346e-03	1.218804e-02	-1.535039e-02	1.376921e-02	3.565255e-04	-5.852227e-04	-4.952566e-04	-8.328509e-04	3.375944e-04
111           	1.867151e-02	9.691804e-03	8.979701e-03	-3.163134e-03	1.215810e-02	-1.532123e-02	1.373967e-02	3.560513e-04	-5.844351e-04	-4.946083e-04	-8.317393e-04	3.371310e-04
112           	1.863204e-02	9.671554e-03	8.960491e-03	-3.163893e-03	1.212877e-02	-1.529267e-02	1.371072e-02	3.555318e-04	-5.835863e-04	-4.939228e-04	-8.305477e-04	3.366249e-04
113           	1.859341e-02	9.651665e-03	8.941747e-03	-3.164626e-03	1.210004e-02	-1.526467e-02	1.368236e-02	3.549593e-04	-5.826680e-04	-4.931916e-04	-8.292638e-04	3.360722e-04
114           	1.855560e-02	9.632130e-03	8.923468e-03	-3.165333e-03	1.207191e-02	-1.523725e-02	1.365458e-02	3.543312e-04	-5.816783e-04	-4.924099e-04	-8.278832e-04	3.354733e-04
115           	1.851860e-02	9.612953e-03	8.905645e-03	-3.166021e-03	1.204438e-02	-1.521040e-02	1.362739e-02	3.536540e-04	-5.806271e-04	-4.915840e-04	-8.264191e-04	3.348351e-04
116           	1.848240e-02	9.594139e-03	8.888264e-03	-3.166696e-03	1.201744e-02	-1.518414e-02	1.360079e-02	3.529372e-04	-5.795271e-04	-4.907217e-04	-8.248880e-04	3.341663e-04
117           	1.844701e-02	9.575695e-03	8.871314e-03	-3.167363e-03	1.199111e-02	-1.515847e-02	1.357479e-02	3.521904e-04	-5.783911e-04	-4.898313e-04	-8.233068e-04	3.334755e-04
118           	1.841241e-02	9.557626e-03	8.854782e-03	-3.168024e-03	1.196536e-02	-1.513339e-02	1.354938e-02	3.514219e-04	-5.772301e-04	-4.889197e-04	-8.216899e-04	3.327703e-04
119           	1.837859e-02	9.539932e-03	8.838653e-03	-3.168684e-03	1.194021e-02	-1.510889e-02	1.352455e-02	3.506392e-04	-5.760542e-04	-4.879939e-04	-8.200511e-04	3.320572e-04
120           	1.834553e-02	9.522613e-03	8.822915e-03	-3.169343e-03	1.191562e-02	-1.508497e-02	1.350029e-02	3.498493e-04	-5.748722e-04	-4.870601e-04	-8.184022e-04	3.313421e-04
121           	1.831322e-02	9.505667e-03	8.807551e-03	-3.170001e-03	1.189160e-02	-1.506160e-02	1.347660e-02	3.490584e-04	-5.736919e-04	-4.861239e-04	-8.167538e-04	3.306299e-04
122           	1.828164e-02	9.489091e-03	8.792548e-03	-3.170658e-03	1.186812e-02	-1.503878e-02	1.345345e-02	3.482716e-04	-5.725190e-04	-4.851896e-04	-8.151139e-04	3.299242e-04
123           	1.825076e-02	9.472874e-03	8.777891e-03	-3.171307e-03	1.184516e-02	-1.501647e-02	1.343081e-02	3.474918e-04	-5.713572e-04	-4.842590e-04	-8.134867e-04	3.292277e-04
124           	1.822059e-02	9.457018e-03	8.763574e-03	-3.171950e-03	1.182272e-02	-1.499467e-02	1.340870e-02	3.467217e-04	-5.702079e-04	-4.833341e-04	-8.118749e-04	3.285408e-04
125           	1.819111e-02	9.441515e-03	8.749591e-03	-3.172588e-03	1.180079e-02	-1.497338e-02	1.338709e-02	3.459621e-04	-5.690700e-04	-4.824139e-04	-8.102769e-04	3.278630e-04
126           	1.816228e-02	9.426356e-03	8.735927e-03	-3.173214e-03	1.177936e-02	-1.495257e-02	1.336596e-02	3.452149e-04	-5.679463e-04	-4.815015e-04	-8.086971e-04	3.271956e-04
127           	1.813411e-02	9.411534e-03	8.722576e-03	-3.173829e-03	1.175840e-02	-1.493222e-02	1.334531e-02	3.444790e-04	-5.668349e-04	-4.805956e-04	-8.071327e-04	3.265371e-04
128           	1.810657e-02	9.397039e-03	8.709534e-03	-3.174430e-03	1.173790e-02	-1.491233e-02	1.332511e-02	3.437527e-04	-5.657331e-04	-4.796948e-04	-8.055805e-04	3.258857e-04
129           	1.807965e-02	9.382862e-03	8.696792e-03	-3.175019e-03	1.171786e-02	-1.489288e-02	1.330537e-02	3.430348e-04	-5.646397e-04	-4.787984e-04	-8.040388e-04	3.252405e-04
130           	1.805334e-02	9.368995e-03	8.684346e-03	-3.175595e-03	1.169826e-02	-1.487385e-02	1.328605e-02	3.423248e-04	-5.635555e-04	-4.779073e-04	-8.025091e-04	3.246018e-04
131           	1.802762e-02	9.355431e-03	8.672185e-03	-3.176156e-03	1.167908e-02	-1.485524e-02	1.326716e-02	3.416228e-04	-5.624830e-04	-4.770230e-04	-8.009945e-04	3.239714e-04
132           	1.800247e-02	9.342166e-03	8.660305e-03	-3.176707e-03	1.166033e-02	-1.483704e-02	1.324868e-02	3.409306e-04	-5.614247e-04	-4.761489e-04	-7.994991e-04	3.233502e-04
133           	1.797790e-02	9.329200e-03	8.648699e-03	-3.177248e-03	1.164200e-02	-1.481925e-02	1.323062e-02	3.402504e-04	-5.603848e-04	-4.752888e-04	-7.980292e-04	3.227404e-04
134           	1.795389e-02	9.316528e-03	8.637360e-03	-3.177779e-03	1.162408e-02	-1.480186e-02	1.321297e-02	3.395839e-04	-5.593677e-04	-4.744464e-04	-7.965909e-04	3.221445e-04
135           	1.793043e-02	9.304148e-03	8.626281e-03	-3.178298e-03	1.160656e-02	-1.478486e-02	1.319571e-02	3.389335e-04	-5.583774e-04	-4.736250e-04	-7.951899e-04	3.215648e-04
136           	1.790751e-02	9.292053e-03	8.615452e-03	-3.178807e-03	1.158944e-02	-1.476825e-02	1.317885e-02	3.383008e-04	-5.574163e-04	-4.728268e-04	-7.938298e-04	3.210029e-04
137           	1.788511e-02	9.280243e-03	8.604867e-03	-3.179303e-03	1.157271e-02	-1.475201e-02	1.316236e-02	3.376879e-04	-5.564869e-04	-4.720535e-04	-7.925136e-04	3.204602e-04
138           	1.786323e-02	9.268712e-03	8.594516e-03	-3.179788e-03	1.155635e-02	-1.473614e-02	1.314625e-02	3.370980e-04	-5.555923e-04	-4.713073e-04	-7.912460e-04	3.199387e-04
139           	1.784185e-02	9.257459e-03	8.584391e-03	-3.180261e-03	1.154036e-02	-1.472063e-02	1.313050e-02	3.365342e-04	-5.547362e-04	-4.705910e-04	-7.900317e-04	3.194407e-04
140           	1.782096e-02	9.246479e-03	8.574482e-03	-3.180723e-03	1.152474e-02	-1.470546e-02	1.311510e-02	3.359983e-04	-5.539204e-04	-4.699062e-04	-7.888735e-04	3.189673e-04
141           	1.780055e-02	9.235767e-03	8.564785e-03	-3.181173e-03	1.150945e-02	-1.469063e-02	1.310004e-02	3.354908e-04	-5.531455e-04	-4.692537e-04	-7.877723e-04	3.185186e-04
142           	1.778061e-02	9.225316e-03	8.555294e-03	-3.181614e-03	1.149452e-02	-1.467613e-02	1.308532e-02	3.350108e-04	-5.524098e-04	-4.686323e-04	-7.867259e-04	3.180936e-04
143           	1.776113e-02	9.215121e-03	8.546008e-03	-3.182044e-03	1.147991e-02	-1.466196e-02	1.307093e-02	3.345565e-04	-5.517111e-04	-4.680409e-04	-7.857315e-04	3.176906e-04
144           	1.774210e-02	9.205176e-03	8.536924e-03	-3.182462e-03	1.146564e-02	-1.464810e-02	1.305687e-02	3.341259e-04	-5.510469e-04	-4.674776e-04	-7.847858e-04	3.173081e-04
145           	1.772351e-02	9.195475e-03	8.528039e-03	-3.182869e-03	1.145170e-02	-1.463456e-02	1.304313e-02	3.337181e-04	-5.504162e-04	-4.669421e-04	-7.838872e-04	3.169452e-04
146           	1.770536e-02	9.186013e-03	8.519349e-03	-3.183265e-03	1.143807e-02	-1.462133e-02	1.302970e-02	3.333318e-04	-5.498177e-04	-4.664338e-04	-7.830346e-04	3.166007e-04
147           	1.768763e-02	9.176780e-03	8.510852e-03	-3.183647e-03	1.142475e-02	-1.460840e-02	1.301657e-02	3.329640e-04	-5.492470e-04	-4.659489e-04	-7.822215e-04	3.162726e-04
148           	1.767032e-02	9.167778e-03	8.502542e-03	-3.184018e-03	1.141174e-02	-1.459576e-02	1.300375e-02	3.326179e-04	-5.487093e-04	-4.654933e-04	-7.814560e-04	3.159627e-04
149           	1.765341e-02	9.159001e-03	8.494412e-03	-3.184378e-03	1.139903e-02	-1.458341e-02	1.299122e-02	3.322943e-04	-5.482053e-04	-4.650676e-04	-7.807391e-04	3.156715e-04
150           	1.763690e-02	9.150445e-03	8.486459e-03	-3.184728e-03	1.138660e-02	-1.457133e-02	1.297897e-02	3.319933e-04	-5.477349e-04	-4.646715e-04	-7.800707e-04	3.153992e-04
151           	1.762078e-02	9.142106e-03	8.478676e-03	-3.185068e-03	1.137447e-02	-1.455953e-02	1.296700e-02	3.317151e-04	-5.472975e-04	-4.643043e-04	-7.794497e-04	3.151454e-04
152           	1.760504e-02	9.133978e-03	8.471059e-03	-3.185398e-03	1.136260e-02	-1.454800e-02	1.295530e-02	3.314597e-04	-5.468930e-04	-4.639652e-04	-7.788756e-04	3.149104e-04
153           	1.758966e-02	9.126058e-03	8.463605e-03	-3.185718e-03	1.135101e-02	-1.453673e-02	1.294387e-02	3.312266e-04	-5.465200e-04	-4.636528e-04	-7.783464e-04	3.146936e-04
154           	1.757465e-02	9.118343e-03	8.456312e-03	-3.186026e-03	1.133969e-02	-1.452571e-02	1.293270e-02	3.310155e-04	-5.461778e-04	-4.633663e-04	-7.778609e-04	3.144946e-04
155           	1.756000e-02	9.110827e-03	8.449175e-03	-3.186323e-03	1.132862e-02	-1.451495e-02	1.292178e-02	3.308259e-04	-5.458661e-04	-4.631053e-04	-7.774188e-04	3.143134e-04
156           	1.754571e-02	9.103506e-03	8.442203e-03	-3.186609e-03	1.131783e-02	-1.450444e-02	1.291113e-02	3.306517e-04	-5.455783e-04	-4.628642e-04	-7.770104e-04	3.141462e-04
157           	1.753176e-02	9.096375e-03	8.435381e-03	-3.186883e-03	1.130728e-02	-1.449417e-02	1.290073e-02	3.304973e-04	-5.453202e-04	-4.626478e-04	-7.766441e-04	3.139962e-04
158           	1.751813e-02	9.089435e-03	8.428699e-03	-3.187146e-03	1.129699e-02	-1.448413e-02	1.289056e-02	3.303676e-04	-5.450985e-04	-4.624621e-04	-7.763295e-04	3.138674e-04
159           	1.750483e-02	9.082685e-03	8.422150e-03	-3.187399e-03	1.128692e-02	-1.447432e-02	1.288062e-02	3.302677e-04	-5.449201e-04	-4.623127e-04	-7.760765e-04	3.137638e-04
160           	1.749185e-02	9.076126e-03	8.415724e-03	-3.187643e-03	1.127709e-02	-1.446473e-02	1.287091e-02	3.302009e-04	-5.447896e-04	-4.622034e-04	-7.758913e-04	3.136879e-04
161           	1.747917e-02	9.069756e-03	8.409419e-03	-3.187878e-03	1.126749e-02	-1.445536e-02	1.286142e-02	3.301685e-04	-5.447085e-04	-4.621354e-04	-7.757762e-04	3.136408e-04
162           	1.746680e-02	9.063570e-03	8.403229e-03	-3.188106e-03	1.125810e-02	-1.444621e-02	1.285215e-02	3.301707e-04	-5.446770e-04	-4.621089e-04	-7.757314e-04	3.136225e-04
163           	1.745472e-02	9.057567e-03	8.397155e-03	-3.188327e-03	1.124893e-02	-1.443726e-02	1.284310e-02	3.302057e-04	-5.446920e-04	-4.621217e-04	-7.757529e-04	3.136312e-04
164           	1.744294e-02	9.051738e-03	8.391198e-03	-3.188541e-03	1.123999e-02	-1.442853e-02	1.283426e-02	3.302700e-04	-5.447485e-04	-4.621699e-04	-7.758334e-04	3.136636e-04
165           	1.743144e-02	9.046077e-03	8.385358e-03	-3.188747e-03	1.123125e-02	-1.442000e-02	1.282562e-02	3.303595e-04	-5.448404e-04	-4.622488e-04	-7.759648e-04	3.137160e-04
166           	1.742021e-02	9.040578e-03	8.379636e-03	-3.188945e-03	1.122272e-02	-1.441167e-02	1.281719e-02	3.304706e-04	-5.449622e-04	-4.623547e-04	-7.761396e-04	3.137848e-04
167           	1.740926e-02	9.035232e-03	8.374032e-03	-3.189135e-03	1.121440e-02	-1.440353e-02	1.280896e-02	3.306000e-04	-5.451092e-04	-4.624841e-04	-7.763513e-04	3.138672e-04
168           	1.739858e-02	9.030036e-03	8.368545e-03	-3.189318e-03	1.120627e-02	-1.439559e-02	1.280093e-02	3.307452e-04	-5.452779e-04	-4.626344e-04	-7.765951e-04	3.139607e-04
169           	1.738815e-02	9.024982e-03	8.363173e-03	-3.189494e-03	1.119833e-02	-1.438783e-02	1.279308e-02	3.309045e-04	-5.454656e-04	-4.628035e-04	-7.768674e-04	3.140639e-04
170           	1.737798e-02	9.020066e-03	8.357913e-03	-3.189663e-03	1.119058e-02	-1.438024e-02	1.278541e-02	3.310768e-04	-5.456702e-04	-4.629894e-04	-7.771649e-04	3.141755e-04
171           	1.736805e-02	9.015285e-03	8.352763e-03	-3.189827e-03	1.118301e-02	-1.437284e-02	1.277793e-02	3.312612e-04	-5.458902e-04	-4.631908e-04	-7.774855e-04	3.142948e-04
172           	1.735835e-02	9.010634e-03	8.347720e-03	-3.189985e-03	1.117562e-02	-1.436560e-02	1.277061e-02	3.314569e-04	-5.461240e-04	-4.634061e-04	-7.778270e-04	3.144209e-04
173           	1.734890e-02	9.006112e-03	8.342785e-03	-3.190137e-03	1.116840e-02	-1.435854e-02	1.276347e-02	3.316635e-04	-5.463703e-04	-4.636342e-04	-7.781874e-04	3.145533e-04
174           	1.733967e-02	9.001709e-03	8.337957e-03	-3.190281e-03	1.116135e-02	-1.435163e-02	1.275649e-02	3.318760e-04	-5.466218e-04	-4.638671e-04	-7.785553e-04	3.146882e-04
175           	1.733066e-02	8.997430e-03	8.333231e-03	-3.190420e-03	1.115447e-02	-1.434489e-02	1.274968e-02	3.320991e-04	-5.468855e-04	-4.641125e-04	-7.789418e-04	3.148292e-04
176           	1.732188e-02	8.993272e-03	8.328608e-03	-3.190554e-03	1.114776e-02	-1.433831e-02	1.274304e-02	3.323318e-04	-5.471600e-04	-4.643687e-04	-7.793443e-04	3.149756e-04
177           	1.731332e-02	8.989230e-03	8.324085e-03	-3.190683e-03	1.114121e-02	-1.433189e-02	1.273655e-02	3.325724e-04	-5.474429e-04	-4.646335e-04	-7.797597e-04	3.151262e-04
178           	1.730496e-02	8.985300e-03	8.319661e-03	-3.190807e-03	1.113482e-02	-1.432563e-02	1.273023e-02	3.328193e-04	-5.477320e-04	-4.649047e-04	-7.801844e-04	3.152797e-04
179           	1.729681e-02	8.981476e-03	8.315334e-03	-3.190927e-03	1.112858e-02	-1.431951e-02	1.272405e-02	3.330710e-04	-5.480250e-04	-4.651803e-04	-7.806151e-04	3.154348e-04
180           	1.728886e-02	8.977755e-03	8.311103e-03	-3.191043e-03	1.112249e-02	-1.431354e-02	1.271802e-02	3.333260e-04	-5.483198e-04	-4.654584e-04	-7.810490e-04	3.155906e-04
181           	1.728110e-02	8.974131e-03	8.306965e-03	-3.191156e-03	1.111654e-02	-1.430770e-02	1.271212e-02	3.335831e-04	-5.486154e-04	-4.657378e-04	-7.814843e-04	3.157464e-04
182           	1.727352e-02	8.970602e-03	8.302919e-03	-3.191264e-03	1.111073e-02	-1.430200e-02	1.270637e-02	3.338415e-04	-5.489110e-04	-4.660180e-04	-7.819199e-04	3.159020e-04
183           	1.726613e-02	8.967168e-03	8.298966e-03	-3.191369e-03	1.110506e-02	-1.429643e-02	1.270075e-02	3.341010e-04	-5.492067e-04	-4.662989e-04	-7.823562e-04	3.160573e-04
184           	1.725893e-02	8.963825e-03	8.295101e-03	-3.191469e-03	1.109953e-02	-1.429100e-02	1.269526e-02	3.343617e-04	-5.495034e-04	-4.665810e-04	-7.827939e-04	3.162129e-04
185           	1.725190e-02	8.960572e-03	8.291324e-03	-3.191564e-03	1.109413e-02	-1.428569e-02	1.268991e-02	3.346242e-04	-5.498020e-04	-4.668653e-04	-7.832347e-04	3.163693e-04
186           	1.724504e-02	8.957409e-03	8.287632e-03	-3.191656e-03	1.108886e-02	-1.428052e-02	1.268469e-02	3.348888e-04	-5.501035e-04	-4.671526e-04	-7.836798e-04	3.165272e-04
187           	1.723836e-02	8.954334e-03	8.284022e-03	-3.191743e-03	1.108372e-02	-1.427546e-02	1.267959e-02	3.351561e-04	-5.504086e-04	-4.674433e-04	-7.841303e-04	3.166869e-04
188           	1.723184e-02	8.951344e-03	8.280492e-03	-3.191827e-03	1.107870e-02	-1.427053e-02	1.267462e-02	3.354262e-04	-5.507178e-04	-4.677380e-04	-7.845868e-04	3.168488e-04
189           	1.722548e-02	8.948438e-03	8.277040e-03	-3.191907e-03	1.107381e-02	-1.426572e-02	1.266976e-02	3.356992e-04	-5.510311e-04	-4.680365e-04	-7.850494e-04	3.170129e-04
190           	1.721927e-02	8.945612e-03	8.273663e-03	-3.191986e-03	1.106903e-02	-1.426102e-02	1.266502e-02	3.359748e-04	-5.513484e-04	-4.683386e-04	-7.855177e-04	3.171791e-04
191           	1.721322e-02	8.942865e-03	8.270359e-03	-3.192062e-03	1.106436e-02	-1.425643e-02	1.266039e-02	3.362529e-04	-5.516694e-04	-4.686441e-04	-7.859914e-04	3.173473e-04
192           	1.720732e-02	8.940194e-03	8.267127e-03	-3.192137e-03	1.105981e-02	-1.425195e-02	1.265588e-02	3.365333e-04	-5.519937e-04	-4.689526e-04	-7.864699e-04	3.175174e-04
193           	1.720157e-02	8.937599e-03	8.263968e-03	-3.192209e-03	1.105537e-02	-1.424758e-02	1.265147e-02	3.368156e-04	-5.523208e-04	-4.692634e-04	-7.869525e-04	3.176891e-04
194           	1.719595e-02	8.935069e-03	8.260885e-03	-3.192276e-03	1.105103e-02	-1.424330e-02	1.264717e-02	3.370925e-04	-5.526404e-04	-4.695669e-04	-7.874238e-04	3.178570e-04
195           	1.719048e-02	8.932615e-03	8.257869e-03	-3.192341e-03	1.104680e-02	-1.423914e-02	1.264297e-02	3.373729e-04	-5.529652e-04	-4.698748e-04	-7.879026e-04	3.180278e-04
196           	1.718515e-02	8.930234e-03	8.254920e-03	-3.192403e-03	1.104268e-02	-1.423508e-02	1.263888e-02	3.376569e-04	-5.532950e-04	-4.701870e-04	-7.883885e-04	3.182015e-04
197           	1.717996e-02	8.927924e-03	8.252036e-03	-3.192464e-03	1.103866e-02	-1.423113e-02	1.263490e-02	3.379441e-04	-5.536293e-04	-4.705029e-04	-7.888807e-04	3.183778e-04
198           	1.717490e-02	8.925683e-03	8.249216e-03	-3.192523e-03	1.103475e-02	-1.422727e-02	1.263101e-02	3.382338e-04	-5.539671e-04	-4.708216e-04	-7.893779e-04	3.185563e-04
199           	1.716997e-02	8.923508e-03	8.246457e-03	-3.192579e-03	1.103093e-02	-1.422351e-02	1.262722e-02	3.385256e-04	-5.543075e-04	-4.711424e-04	-7.898787e-04	3.187363e-04
200           	1.716516e-02	8.921397e-03	8.243759e-03	-3.192635e-03	1.102720e-02	-1.421983e-02	1.262352e-02	3.388189e-04	-5.546499e-04	-4.714644e-04	-7.903821e-04	3.189176e-04
201           	1.716046e-02	8.919345e-03	8.241120e-03	-3.192689e-03	1.102356e-02	-1.421625e-02	1.261990e-02	3.391129e-04	-5.549931e-04	-4.717870e-04	-7.908866e-04	3.190996e-04
202           	1.715589e-02	8.917353e-03	8.238539e-03	-3.192741e-03	1.102001e-02	-1.421275e-02	1.261638e-02	3.394070e-04	-5.553363e-04	-4.721091e-04	-7.913909e-04	3.192818e-04
203           	1.715144e-02	8.915419e-03	8.236018e-03	-3.192792e-03	1.101655e-02	-1.420934e-02	1.261294e-02	3.397003e-04	-5.556786e-04	-4.724302e-04	-7.918937e-04	3.194635e-04
204           	1.714710e-02	8.913540e-03	8.233556e-03	-3.192839e-03	1.101317e-02	-1.420601e-02	1.260959e-02	3.399922e-04	-5.560189e-04	-4.727493e-04	-7.923935e-04	3.196442e-04
205           	1.714287e-02	8.911716e-03	8.231152e-03	-3.192885e-03	1.100988e-02	-1.420277e-02	1.260633e-02	3.402819e-04	-5.563563e-04	-4.730660e-04	-7.928893e-04	3.198233e-04
206           	1.713875e-02	8.909943e-03	8.228806e-03	-3.192928e-03	1.100668e-02	-1.419961e-02	1.260314e-02	3.405688e-04	-5.566902e-04	-4.733794e-04	-7.933799e-04	3.200004e-04
207           	1.713474e-02	8.908221e-03	8.226516e-03	-3.192969e-03	1.100356e-02	-1.419653e-02	1.260004e-02	3.408525e-04	-5.570200e-04	-4.736894e-04	-7.938647e-04	3.201753e-04
208           	1.713083e-02	8.906547e-03	8.224282e-03	-3.193008e-03	1.100051e-02	-1.419352e-02	1.259702e-02	3.411326e-04	-5.573453e-04	-4.739955e-04	-7.943431e-04	3.203476e-04
209           	1.712702e-02	8.904920e-03	8.222102e-03	-3.193046e-03	1.099754e-02	-1.419059e-02	1.259407e-02	3.414087e-04	-5.576658e-04	-4.742974e-04	-7.948145e-04	3.205171e-04
210           	1.712331e-02	8.903336e-03	8.219975e-03	-3.193084e-03	1.099465e-02	-1.418773e-02	1.259119e-02	3.416803e-04	-5.579809e-04	-4.745946e-04	-7.952782e-04	3.206836e-04
211           	1.711969e-02	8.901794e-03	8.217900e-03	-3.193121e-03	1.099182e-02	-1.418494e-02	1.258838e-02	3.419470e-04	-5.582902e-04	-4.748868e-04	-7.957337e-04	3.208468e-04
212           	1.711617e-02	8.900295e-03	8.215878e-03	-3.193158e-03	1.098907e-02	-1.418222e-02	1.258565e-02	3.422088e-04	-5.585938e-04	-4.751738e-04	-7.961807e-04	3.210068e-04
213           	1.711274e-02	8.898837e-03	8.213907e-03	-3.193193e-03	1.098638e-02	-1.417958e-02	1.258298e-02	3.424653e-04	-5.588912e-04	-4.754555e-04	-7.966189e-04	3.211634e-04
214           	1.711132e-02	8.898253e-03	8.213066e-03	-3.193360e-03	1.098535e-02	-1.417871e-02	1.258203e-02	3.425935e-04	-5.590071e-04	-4.755921e-04	-7.968031e-04	3.212110e-04
215           	1.711009e-02	8.897689e-03	8.212404e-03	-3.193605e-03	1.098452e-02	-1.417812e-02	1.258132e-02	3.426425e-04	-5.590125e-04	-4.756407e-04	-7.968328e-04	3.211921e-04
216           	1.710893e-02	8.897116e-03	8.211815e-03	-3.193869e-03	1.098374e-02	-1.417761e-02	1.258067e-02	3.426504e-04	-5.589632e-04	-4.756441e-04	-7.967852e-04	3.211411e-04
217           	1.710772e-02	8.896510e-03	8.211209e-03	-3.194096e-03	1.098290e-02	-1.417700e-02	1.257995e-02	3.426504e-04	-5.589074e-04	-4.756390e-04	-7.967269e-04	3.210880e-04
218           	1.710637e-02	8.895853e-03	8.210522e-03	-3.194251e-03	1.098191e-02	-1.417616e-02	1.257904e-02	3.426658e-04	-5.588794e-04	-4.756511e-04	-7.967050e-04	3.210539e-04
219           	1.710486e-02	8.895140e-03	8.209723e-03	-3.194316e-03	1.098075e-02	-1.417506e-02	1.257790e-02	3.427090e-04	-5.588968e-04	-4.756938e-04	-7.967437e-04	3.210498e-04
220           	1.710319e-02	8.894370e-03	8.208819e-03	-3.194295e-03	1.097940e-02	-1.417370e-02	1.257655e-02	3.427755e-04	-5.589540e-04	-4.757620e-04	-7.968349e-04	3.210730e-04
221           	1.710139e-02	8.893570e-03	8.207824e-03	-3.194208e-03	1.097793e-02	-1.417213e-02	1.257503e-02	3.428733e-04	-5.590596e-04	-4.758651e-04	-7.969921e-04	3.211270e-04
222           	1.709953e-02	8.892758e-03	8.206774e-03	-3.194081e-03	1.097637e-02	-1.417046e-02	1.257342e-02	3.429922e-04	-5.591977e-04	-4.759919e-04	-7.971936e-04	3.212018e-04
223           	1.709766e-02	8.891961e-03	8.205697e-03	-3.193941e-03	1.097481e-02	-1.416875e-02	1.257178e-02	3.431323e-04	-5.593657e-04	-4.761402e-04	-7.974358e-04	3.212955e-04
224           	1.709582e-02	8.891192e-03	8.204632e-03	-3.193810e-03	1.097328e-02	-1.416709e-02	1.257019e-02	3.432799e-04	-5.595432e-04	-4.762947e-04	-7.976905e-04	3.213959e-04
225           	1.709407e-02	8.890458e-03	8.203610e-03	-3.193709e-03	1.097184e-02	-1.416555e-02	1.256869e-02	3.434244e-04	-5.597149e-04	-4.764437e-04	-7.979367e-04	3.214930e-04
226           	1.709241e-02	8.889765e-03	8.202646e-03	-3.193645e-03	1.097049e-02	-1.416414e-02	1.256732e-02	3.435595e-04	-5.598714e-04	-4.765809e-04	-7.981618e-04	3.215809e-04
227           	1.709085e-02	8.889114e-03	8.201740e-03	-3.193620e-03	1.096925e-02	-1.416287e-02	1.256606e-02	3.436872e-04	-5.600150e-04	-4.767090e-04	-7.983695e-04	3.216605e-04
228           	1.708939e-02	8.888495e-03	8.200893e-03	-3.193629e-03	1.096810e-02	-1.416173e-02	1.256492e-02	3.438010e-04	-5.601380e-04	-4.768222e-04	-7.985491e-04	3.217269e-04
229           	1.708799e-02	8.887899e-03	8.200095e-03	-3.193661e-03	1.096702e-02	-1.416068e-02	1.256385e-02	3.439018e-04	-5.602428e-04	-4.769224e-04	-7.987040e-04	3.217816e-04
230           	1.708664e-02	8.887314e-03	8.199330e-03	-3.193706e-03	1.096598e-02	-1.415969e-02	1.256284e-02	3.439920e-04	-5.603337e-04	-4.770126e-04	-7.988400e-04	3.218274e-04
231           	1.708532e-02	8.886733e-03	8.198583e-03	-3.193751e-03	1.096496e-02	-1.415871e-02	1.256183e-02	3.440747e-04	-5.604156e-04	-4.770963e-04	-7.989638e-04	3.218675e-04
232           	1.708399e-02	8.886149e-03	8.197843e-03	-3.193787e-03	1.096393e-02	-1.415772e-02	1.256083e-02	3.441531e-04	-5.604936e-04	-4.771769e-04	-7.990821e-04	3.219052e-04
233           	1.708266e-02	8.885560e-03	8.197100e-03	-3.193811e-03	1.096289e-02	-1.415670e-02	1.255979e-02	3.442299e-04	-5.605717e-04	-4.772570e-04	-7.992003e-04	3.219432e-04
234           	1.708132e-02	8.884965e-03	8.196350e-03	-3.193819e-03	1.096183e-02	-1.415564e-02	1.255873e-02	3.443075e-04	-5.606530e-04	-4.773389e-04	-7.993224e-04	3.219836e-04
235           	1.707996e-02	8.884369e-03	8.195595e-03	-3.193814e-03	1.096075e-02	-1.415456e-02	1.255765e-02	3.443872e-04	-5.607392e-04	-4.774236e-04	-7.994510e-04	3.220273e-04
236           	1.707861e-02	8.883776e-03	8.194836e-03	-3.193799e-03	1.095966e-02	-1.415346e-02	1.255656e-02	3.444698e-04	-5.608309e-04	-4.775119e-04	-7.995868e-04	3.220750e-04
237           	1.707727e-02	8.883189e-03	8.194078e-03	-3.193778e-03	1.095858e-02	-1.415236e-02	1.255547e-02	3.445554e-04	-5.609278e-04	-4.776034e-04	-7.997295e-04	3.221261e-04
238           	1.707594e-02	8.882612e-03	8.193326e-03	-3.193756e-03	1.095751e-02	-1.415126e-02	1.255438e-02	3.446433e-04	-5.610287e-04	-4.776975e-04	-7.998774e-04	3.221800e-04
239           	1.707463e-02	8.882049e-03	8.192583e-03	-3.193736e-03	1.095645e-02	-1.415019e-02	1.255332e-02	3.447328e-04	-5.611320e-04	-4.777931e-04	-8.000286e-04	3.222355e-04
240           	1.707335e-02	8.881494e-03	8.191861e-03	-3.193721e-03	1.095543e-02	-1.414915e-02	1.255229e-02	3.448163e-04	-5.612281e-04	-4.778821e-04	-8.001691e-04	3.222870e-04
241           	1.707211e-02	8.880954e-03	8.191151e-03	-3.193711e-03	1.095442e-02	-1.414813e-02	1.255128e-02	3.449015e-04	-5.613263e-04	-4.779730e-04	-8.003128e-04	3.223398e-04
242           	1.707089e-02	8.880430e-03	8.190455e-03	-3.193706e-03	1.095345e-02	-1.414715e-02	1.255030e-02	3.449875e-04	-5.614257e-04	-4.780652e-04	-8.004583e-04	3.223931e-04
243           	1.706969e-02	8.879919e-03	8.189772e-03	-3.193706e-03	1.095249e-02	-1.414620e-02	1.254935e-02	3.450735e-04	-5.615250e-04	-4.781577e-04	-8.006038e-04	3.224461e-04
244           	1.706852e-02	8.879418e-03	8.189101e-03	-3.193707e-03	1.095156e-02	-1.414527e-02	1.254841e-02	3.451585e-04	-5.616231e-04	-4.782494e-04	-8.007478e-04	3.224983e-04
245           	1.706737e-02	8.878925e-03	8.188441e-03	-3.193710e-03	1.095064e-02	-1.414435e-02	1.254749e-02	3.452418e-04	-5.617191e-04	-4.783396e-04	-8.008889e-04	3.225492e-04
246           	1.706623e-02	8.878438e-03	8.187792e-03	-3.193713e-03	1.094973e-02	-1.414345e-02	1.254659e-02	3.453230e-04	-5.618126e-04	-4.784279e-04	-8.010265e-04	3.225987e-04
247           	1.706511e-02	8.877955e-03	8.187151e-03	-3.193714e-03	1.094884e-02	-1.414255e-02	1.254569e-02	3.454020e-04	-5.619036e-04	-4.785139e-04	-8.011605e-04	3.226466e-04
248           	1.706400e-02	8.877478e-03	8.186520e-03	-3.193713e-03	1.094795e-02	-1.414166e-02	1.254480e-02	3.454789e-04	-5.619923e-04	-4.785979e-04	-8.012912e-04	3.226933e-04
249           	1.706290e-02	8.877005e-03	8.185896e-03	-3.193711e-03	1.094707e-02	-1.414078e-02	1.254392e-02	3.455543e-04	-5.620793e-04	-4.786802e-04	-8.014194e-04	3.227391e-04
250           	1.706182e-02	8.876537e-03	8.185280e-03	-3.193707e-03	1.094620e-02	-1.413991e-02	1.254305e-02	3.456285e-04	-5.621651e-04	-4.787613e-04	-8.015457e-04	3.227844e-04
251           	1.706075e-02	8.876076e-03	8.184672e-03	-3.193703e-03	1.094534e-02	-1.413904e-02	1.254219e-02	3.457020e-04	-5.622502e-04	-4.788416e-04	-8.016710e-04	3.228294e-04
252           	1.705969e-02	8.875622e-03	8.184072e-03	-3.193698e-03	1.094449e-02	-1.413819e-02	1.254134e-02	3.457750e-04	-5.623352e-04	-4.789214e-04	-8.017959e-04	3.228745e-04
253           	1.705866e-02	8.875176e-03	8.183481e-03	-3.193694e-03	1.094365e-02	-1.413735e-02	1.254050e-02	3.458477e-04	-5.624200e-04	-4.790010e-04	-8.019205e-04	3.229195e-04
254           	1.705764e-02	8.874738e-03	8.182897e-03	-3.193690e-03	1.094283e-02	-1.413652e-02	1.253968e-02	3.459201e-04	-5.625047e-04	-4.790803e-04	-8.020449e-04	3.229646e-04
255           	1.705663e-02	8.874307e-03	8.182323e-03	-3.193688e-03	1.094202e-02	-1.413571e-02	1.253887e-02	3.459921e-04	-5.625891e-04	-4.791592e-04	-8.021687e-04	3.230095e-04
256           	1.705564e-02	8.873869e-03	8.181768e-03	-3.193683e-03	1.094122e-02	-1.413490e-02	1.253806e-02	3.460505e-04	-5.626559e-04	-4.792231e-04	-8.022674e-04	3.230443e-04
257           	1.705466e-02	8.873442e-03	8.181218e-03	-3.193680e-03	1.094043e-02	-1.413411e-02	1.253727e-02	3.461122e-04	-5.627274e-04	-4.792909e-04	-8.023729e-04	3.230819e-04
258           	1.705370e-02	8.873028e-03	8.180673e-03	-3.193679e-03	1.093966e-02	-1.413334e-02	1.253650e-02	3.461772e-04	-5.628037e-04	-4.793628e-04	-8.024851e-04	3.231223e-04
259           	1.705276e-02	8.872623e-03	8.180134e-03	-3.193678e-03	1.093890e-02	-1.413258e-02	1.253574e-02	3.462448e-04	-5.628837e-04	-4.794378e-04	-8.026026e-04	3.231648e-04
260           	1.705183e-02	8.872228e-03	8.179601e-03	-3.193678e-03	1.093815e-02	-1.413183e-02	1.253499e-02	3.463136e-04	-5.629657e-04	-4.795145e-04	-8.027230e-04	3.232085e-04
261           	1.705091e-02	8.871839e-03	8.179075e-03	-3.193678e-03	1.093742e-02	-1.413109e-02	1.253425e-02	3.463824e-04	-5.630480e-04	-4.795914e-04	-8.028437e-04	3.232523e-04
262           	1.705001e-02	8.871456e-03	8.178557e-03	-3.193678e-03	1.093669e-02	-1.413037e-02	1.253353e-02	3.464499e-04	-5.631288e-04	-4.796672e-04	-8.029624e-04	3.232952e-04
263           	1.704912e-02	8.871078e-03	8.178047e-03	-3.193678e-03	1.093597e-02	-1.412965e-02	1.253281e-02	3.465152e-04	-5.632069e-04	-4.797408e-04	-8.030773e-04	3.233365e-04
264           	1.704825e-02	8.870702e-03	8.177547e-03	-3.193678e-03	1.093526e-02	-1.412894e-02	1.253210e-02	3.465779e-04	-5.632818e-04	-4.798117e-04	-8.031876e-04	3.233760e-04
265           	1.704739e-02	8.870330e-03	8.177055e-03	-3.193677e-03	1.093457e-02	-1.412824e-02	1.253140e-02	3.466377e-04	-5.633531e-04	-4.798796e-04	-8.032930e-04	3.234133e-04
266           	1.704653e-02	8.869962e-03	8.176572e-03	-3.193677e-03	1.093388e-02	-1.412755e-02	1.253071e-02	3.466950e-04	-5.634212e-04	-4.799449e-04	-8.033937e-04	3.234488e-04
267           	1.704570e-02	8.869598e-03	8.176098e-03	-3.193676e-03	1.093320e-02	-1.412687e-02	1.253004e-02	3.467500e-04	-5.634866e-04	-4.800079e-04	-8.034906e-04	3.234827e-04
268           	1.704487e-02	8.869238e-03	8.175632e-03	-3.193675e-03	1.093253e-02	-1.412620e-02	1.252937e-02	3.468032e-04	-5.635498e-04	-4.800691e-04	-8.035844e-04	3.235153e-04
269           	1.704406e-02	8.868883e-03	8.175173e-03	-3.193675e-03	1.093187e-02	-1.412554e-02	1.252871e-02	3.468549e-04	-5.636115e-04	-4.801290e-04	-8.036760e-04	3.235470e-04
270           	1.704326e-02	8.868533e-03	8.174722e-03	-3.193675e-03	1.093122e-02	-1.412489e-02	1.252806e-02	3.469056e-04	-5.636721e-04	-4.801879e-04	-8.037660e-04	3.235781e-04
271           	1.704247e-02	8.868189e-03	8.174278e-03	-3.193675e-03	1.093058e-02	-1.412425e-02	1.252742e-02	3.469554e-04	-5.637318e-04	-4.802460e-04	-8.038548e-04	3.236088e-04
272           	1.704169e-02	8.867850e-03	8.173841e-03	-3.193675e-03	1.092995e-02	-1.412362e-02	1.252679e-02	3.470044e-04	-5.637909e-04	-4.803035e-04	-8.039427e-04	3.236392e-04
273           	1.704093e-02	8.867517e-03	8.173411e-03	-3.193676e-03	1.092933e-02	-1.412301e-02	1.252617e-02	3.470527e-04	-5.638494e-04	-4.803604e-04	-8.040296e-04	3.236692e-04
274           	1.704018e-02	8.867188e-03	8.172988e-03	-3.193677e-03	1.092872e-02	-1.412240e-02	1.252556e-02	3.471001e-04	-5.639070e-04	-4.804166e-04	-8.041153e-04	3.236987e-04
275           	1.703944e-02	8.866864e-03	8.172571e-03	-3.193678e-03	1.092812e-02	-1.412179e-02	1.252496e-02	3.471466e-04	-5.639637e-04	-4.804719e-04	-8.041997e-04	3.237278e-04
276           	1.703871e-02	8.866545e-03	8.172161e-03	-3.193679e-03	1.092752e-02	-1.412120e-02	1.252436e-02	3.471922e-04	-5.640194e-04	-4.805263e-04	-8.042825e-04	3.237563e-04
277           	1.703799e-02	8.866231e-03	8.171758e-03	-3.193681e-03	1.092694e-02	-1.412062e-02	1.252378e-02	3.472366e-04	-5.640739e-04	-4.805795e-04	-8.043637e-04	3.237841e-04
278           	1.703728e-02	8.865921e-03	8.171361e-03	-3.193682e-03	1.092636e-02	-1.412005e-02	1.252320e-02	3.472801e-04	-5.641271e-04	-4.806317e-04	-8.044430e-04	3.238113e-04
279           	1.703659e-02	8.865615e-03	8.170970e-03	-3.193683e-03	1.092580e-02	-1.411948e-02	1.252264e-02	3.473224e-04	-5.641792e-04	-4.806828e-04	-8.045206e-04	3.238377e-04
280           	1.703590e-02	8.865314e-03	8.170586e-03	-3.193685e-03	1.092524e-02	-1.411892e-02	1.252208e-02	3.473637e-04	-5.642299e-04	-4.807328e-04	-8.045963e-04	3.238635e-04
281           	1.703522e-02	8.865016e-03	8.170209e-03	-3.193686e-03	1.092469e-02	-1.411837e-02	1.252153e-02	3.474038e-04	-5.642795e-04	-4.807817e-04	-8.046703e-04	3.238886e-04
282           	1.703456e-02	8.864723e-03	8.169837e-03	-3.193687e-03	1.092414e-02	-1.411783e-02	1.252099e-02	3.474429e-04	-5.643278e-04	-4.808295e-04	-8.047425e-04	3.239130e-04
283           	1.703391e-02	8.864434e-03	8.169472e-03	-3.193689e-03	1.092361e-02	-1.411730e-02	1.252045e-02	3.474809e-04	-5.643749e-04	-4.808764e-04	-8.048131e-04	3.239368e-04
284           	1.703326e-02	8.864149e-03	8.169113e-03	-3.193690e-03	1.092308e-02	-1.411677e-02	1.251993e-02	3.475180e-04	-5.644211e-04	-4.809222e-04	-8.048822e-04	3.239599e-04
285           	1.703263e-02	8.863868e-03	8.168760e-03	-3.193692e-03	1.092256e-02	-1.411626e-02	1.251941e-02	3.475542e-04	-5.644662e-04	-4.809672e-04	-8.049499e-04	3.239826e-04
286           	1.703200e-02	8.863591e-03	8.168412e-03	-3.193694e-03	1.092205e-02	-1.411575e-02	1.251890e-02	3.475896e-04	-5.645106e-04	-4.810115e-04	-8.050164e-04	3.240049e-04
287           	1.703139e-02	8.863319e-03	8.168070e-03	-3.193696e-03	1.092155e-02	-1.411525e-02	1.251840e-02	3.476242e-04	-5.645543e-04	-4.810550e-04	-8.050818e-04	3.240267e-04
288           	1.703078e-02	8.863051e-03	8.167734e-03	-3.193698e-03	1.092106e-02	-1.411475e-02	1.251791e-02	3.476583e-04	-5.645973e-04	-4.810979e-04	-8.051463e-04	3.240483e-04
289           	1.703019e-02	8.862777e-03	8.167413e-03	-3.193700e-03	1.092057e-02	-1.411427e-02	1.251742e-02	3.476823e-04	-5.646277e-04	-4.811297e-04	-8.051926e-04	3.240629e-04
290           	1.702961e-02	8.862511e-03	8.167094e-03	-3.193703e-03	1.092009e-02	-1.411379e-02	1.251694e-02	3.477085e-04	-5.646613e-04	-4.811641e-04	-8.052434e-04	3.240793e-04
291           	1.702903e-02	8.862261e-03	8.166767e-03	-3.193705e-03	1.091962e-02	-1.411332e-02	1.251647e-02	3.477468e-04	-5.647104e-04	-4.812120e-04	-8.053164e-04	3.241044e-04
292           	1.702846e-02	8.862006e-03	8.166455e-03	-3.193707e-03	1.091915e-02	-1.411286e-02	1.251600e-02	3.477752e-04	-5.647472e-04	-4.812489e-04	-8.053717e-04	3.241228e-04
293           	1.702790e-02	8.861757e-03	8.166147e-03	-3.193710e-03	1.091869e-02	-1.411240e-02	1.251555e-02	3.478051e-04	-5.647860e-04	-4.812875e-04	-8.054298e-04	3.241423e-04
294           	1.702735e-02	8.861513e-03	8.165841e-03	-3.193712e-03	1.091824e-02	-1.411195e-02	1.251510e-02	3.478360e-04	-5.648264e-04	-4.813274e-04	-8.054901e-04	3.241627e-04
295           	1.702681e-02	8.861274e-03	8.165539e-03	-3.193715e-03	1.091780e-02	-1.411151e-02	1.251465e-02	3.478677e-04	-5.648678e-04	-4.813681e-04	-8.055518e-04	3.241837e-04
296           	1.702628e-02	8.861040e-03	8.165241e-03	-3.193717e-03	1.091736e-02	-1.411108e-02	1.251422e-02	3.478995e-04	-5.649094e-04	-4.814089e-04	-8.056139e-04	3.242049e-04
297           	1.702576e-02	8.860810e-03	8.164948e-03	-3.193720e-03	1.091693e-02	-1.411065e-02	1.251379e-02	3.479309e-04	-5.649507e-04	-4.814494e-04	-8.056754e-04	3.242259e-04
298           	1.702524e-02	8.860583e-03	8.164660e-03	-3.193722e-03	1.091650e-02	-1.411023e-02	1.251337e-02	3.479616e-04	-5.649910e-04	-4.814892e-04	-8.057356e-04	3.242464e-04
299           	1.702474e-02	8.860360e-03	8.164377e-03	-3.193725e-03	1.091609e-02	-1.410981e-02	1.251295e-02	3.479913e-04	-5.650301e-04	-4.815278e-04	-8.057940e-04	3.242662e-04
300           	1.702424e-02	8.860139e-03	8.164099e-03	-3.193728e-03	1.091568e-02	-1.410940e-02	1.251254e-02	3.480198e-04	-5.650677e-04	-4.815652e-04	-8.058503e-04	3.242851e-04
301           	1.702375e-02	8.859921e-03	8.163827e-03	-3.193731e-03	1.091527e-02	-1.410900e-02	1.251214e-02	3.480470e-04	-5.651039e-04	-4.816014e-04	-8.059046e-04	3.243032e-04
302           	1.702327e-02	8.859706e-03	8.163560e-03	-3.193734e-03	1.091487e-02	-1.410861e-02	1.251174e-02	3.480731e-04	-5.651387e-04	-4.816365e-04	-8.059569e-04	3.243205e-04
303           	1.702279e-02	8.859494e-03	8.163298e-03	-3.193737e-03	1.091448e-02	-1.410822e-02	1.251135e-02	3.480982e-04	-5.651724e-04	-4.816705e-04	-8.060076e-04	3.243371e-04
304           	1.702233e-02	8.859285e-03	8.163040e-03	-3.193741e-03	1.091410e-02	-1.410784e-02	1.251097e-02	3.481225e-04	-5.652051e-04	-4.817038e-04	-8.060570e-04	3.243532e-04
305           	1.702187e-02	8.859080e-03	8.162787e-03	-3.193744e-03	1.091372e-02	-1.410746e-02	1.251059e-02	3.481461e-04	-5.652372e-04	-4.817365e-04	-8.061055e-04	3.243690e-04
306           	1.702142e-02	8.858877e-03	8.162539e-03	-3.193747e-03	1.091334e-02	-1.410709e-02	1.251022e-02	3.481693e-04	-5.652688e-04	-4.817686e-04	-8.061531e-04	3.243845e-04
307           	1.702097e-02	8.858678e-03	8.162294e-03	-3.193750e-03	1.091297e-02	-1.410672e-02	1.250985e-02	3.481920e-04	-5.653000e-04	-4.818004e-04	-8.062002e-04	3.243998e-04
308           	1.702053e-02	8.858482e-03	8.162053e-03	-3.193754e-03	1.091261e-02	-1.410637e-02	1.250949e-02	3.482143e-04	-5.653309e-04	-4.818318e-04	-8.062467e-04	3.244150e-04
309           	1.702010e-02	8.858289e-03	8.161816e-03	-3.193757e-03	1.091226e-02	-1.410601e-02	1.250913e-02	3.482363e-04	-5.653613e-04	-4.818628e-04	-8.062927e-04	3.244299e-04
310           	1.701968e-02	8.858099e-03	8.161583e-03	-3.193760e-03	1.091190e-02	-1.410566e-02	1.250878e-02	3.482579e-04	-5.653915e-04	-4.818934e-04	-8.063382e-04	3.244447e-04
311           	1.701927e-02	8.857912e-03	8.161354e-03	-3.193764e-03	1.091156e-02	-1.410532e-02	1.250844e-02	3.482792e-04	-5.654212e-04	-4.819237e-04	-8.063830e-04	3.244593e-04
312           	1.701886e-02	8.857729e-03	8.161129e-03	-3.193767e-03	1.091122e-02	-1.410499e-02	1.250810e-02	3.483000e-04	-5.654504e-04	-4.819534e-04	-8.064271e-04	3.244736e-04
313           	1.701846e-02	8.857548e-03	8.160907e-03	-3.193770e-03	1.091088e-02	-1.410465e-02	1.250777e-02	3.483203e-04	-5.654790e-04	-4.819826e-04	-8.064703e-04	3.244877e-04
314           	1.701806e-02	8.857370e-03	8.160690e-03	-3.193774e-03	1.091055e-02	-1.410433e-02	1.250744e-02	3.483400e-04	-5.655069e-04	-4.820112e-04	-8.065125e-04	3.245013e-04
315           	1.701767e-02	8.857195e-03	8.160477e-03	-3.193777e-03	1.091023e-02	-1.410401e-02	1.250712e-02	3.483591e-04	-5.655341e-04	-4.820391e-04	-8.065536e-04	3.245145e-04
316           	1.701729e-02	8.857022e-03	8.160267e-03	-3.193781e-03	1.090991e-02	-1.410369e-02	1.250680e-02	3.483776e-04	-5.655605e-04	-4.820664e-04	-8.065937e-04	3.245274e-04
317           	1.701691e-02	8.856852e-03	8.160061e-03	-3.193784e-03	1.090960e-02	-1.410338e-02	1.250649e-02	3.483955e-04	-5.655863e-04	-4.820930e-04	-8.066328e-04	3.245398e-04
318           	1.701654e-02	8.856685e-03	8.159859e-03	-3.193788e-03	1.090929e-02	-1.410308e-02	1.250618e-02	3.484129e-04	-5.656114e-04	-4.821190e-04	-8.066709e-04	3.245519e-04
319           	1.701618e-02	8.856520e-03	8.159660e-03	-3.193791e-03	1.090899e-02	-1.410278e-02	1.250588e-02	3.484297e-04	-5.656359e-04	-4.821444e-04	-8.067081e-04	3.245637e-04
320           	1.701582e-02	8.856358e-03	8.159465e-03	-3.193795e-03	1.090869e-02	-1.410248e-02	1.250558e-02	3.484461e-04	-5.656598e-04	-4.821693e-04	-8.067444e-04	3.245752e-04
321           	1.701547e-02	8.856198e-03	8.159274e-03	-3.193799e-03	1.090839e-02	-1.410219e-02	1.250529e-02	3.484620e-04	-5.656832e-04	-4.821936e-04	-8.067800e-04	3.245864e-04
322           	1.701513e-02	8.856041e-03	8.159086e-03	-3.193802e-03	1.090810e-02	-1.410191e-02	1.250501e-02	3.484775e-04	-5.657061e-04	-4.822176e-04	-8.068149e-04	3.245973e-04
323           	1.701479e-02	8.855886e-03	8.158901e-03	-3.193806e-03	1.090782e-02	-1.410163e-02	1.250472e-02	3.484927e-04	-5.657286e-04	-4.822411e-04	-8.068491e-04	3.246081e-04
324           	1.701445e-02	8.855734e-03	8.158719e-03	-3.193809e-03	1.090754e-02	-1.410135e-02	1.250444e-02	3.485074e-04	-5.657507e-04	-4.822641e-04	-8.068827e-04	3.246186e-04
325           	1.701413e-02	8.855585e-03	8.158541e-03	-3.193813e-03	1.090726e-02	-1.410108e-02	1.250417e-02	3.485217e-04	-5.657722e-04	-4.822867e-04	-8.069156e-04	3.246289e-04
326           	1.701380e-02	8.855437e-03	8.158366e-03	-3.193817e-03	1.090699e-02	-1.410081e-02	1.250390e-02	3.485357e-04	-5.657934e-04	-4.823089e-04	-8.069478e-04	3.246389e-04
327           	1.701349e-02	8.855293e-03	8.158194e-03	-3.193820e-03	1.090673e-02	-1.410055e-02	1.250364e-02	3.485493e-04	-5.658141e-04	-4.823307e-04	-8.069795e-04	3.246488e-04
328           	1.701318e-02	8.855150e-03	8.158025e-03	-3.193824e-03	1.090646e-02	-1.410029e-02	1.250338e-02	3.485626e-04	-5.658346e-04	-4.823521e-04	-8.070106e-04	3.246585e-04
329           	1.701287e-02	8.855010e-03	8.157859e-03	-3.193827e-03	1.090621e-02	-1.410003e-02	1.250312e-02	3.485756e-04	-5.658547e-04	-4.823732e-04	-8.070413e-04	3.246681e-04
330           	1.701257e-02	8.854873e-03	8.157696e-03	-3.193831e-03	1.090595e-02	-1.409978e-02	1.250287e-02	3.485884e-04	-5.658746e-04	-4.823941e-04	-8.070717e-04	3.246776e-04
331           	1.701227e-02	8.854737e-03	8.157535e-03	-3.193834e-03	1.090570e-02	-1.409954e-02	1.250262e-02	3.486011e-04	-5.658943e-04	-4.824147e-04	-8.071016e-04	3.246870e-04
332           	1.701198e-02	8.854605e-03	8.157378e-03	-3.193838e-03	1.090546e-02	-1.409930e-02	1.250238e-02	3.486135e-04	-5.659138e-04	-4.824350e-04	-8.071313e-04	3.246963e-04
333           	1.701170e-02	8.854474e-03	8.157223e-03	-3.193841e-03	1.090522e-02	-1.409906e-02	1.250214e-02	3.486257e-04	-5.659331e-04	-4.824550e-04	-8.071606e-04	3.247056e-04
334           	1.701142e-02	8.854346e-03	8.157070e-03	-3.193845e-03	1.090498e-02	-1.409882e-02	1.250190e-02	3.486378e-04	-5.659522e-04	-4.824749e-04	-8.071896e-04	3.247147e-04
335           	1.701114e-02	8.854220e-03	8.156920e-03	-3.193848e-03	1.090475e-02	-1.409859e-02	1.250167e-02	3.486497e-04	-5.659711e-04	-4.824944e-04	-8.072183e-04	3.247239e-04
336           	1.701087e-02	8.854096e-03	8.156773e-03	-3.193852e-03	1.090452e-02	-1.409837e-02	1.250144e-02	3.486615e-04	-5.659898e-04	-4.825138e-04	-8.072467e-04	3.247329e-04
337           	1.701060e-02	8.853975e-03	8.156629e-03	-3.193855e-03	1.090429e-02	-1.409814e-02	1.250122e-02	3.486730e-04	-5.660083e-04	-4.825329e-04	-8.072748e-04	3.247418e-04
338           	1.701034e-02	8.853855e-03	8.156487e-03	-3.193859e-03	1.090407e-02	-1.409793e-02	1.250100e-02	3.486843e-04	-5.660265e-04	-4.825517e-04	-8.073024e-04	3.247507e-04
339           	1.701009e-02	8.853738e-03	8.156347e-03	-3.193862e-03	1.090385e-02	-1.409771e-02	1.250078e-02	3.486954e-04	-5.660445e-04	-4.825702e-04	-8.073296e-04	3.247593e-04
340           	1.700983e-02	8.853623e-03	8.156210e-03	-3.193865e-03	1.090363e-02	-1.409750e-02	1.250057e-02	3.487062e-04	-5.660621e-04	-4.825884e-04	-8.073563e-04	3.247679e-04
341           	1.700959e-02	8.853509e-03	8.156076e-03	-3.193869e-03	1.090342e-02	-1.409729e-02	1.250036e-02	3.487167e-04	-5.660793e-04	-4.826063e-04	-8.073824e-04	3.247762e-04
342           	1.700934e-02	8.853398e-03	8.155944e-03	-3.193872e-03	1.090322e-02	-1.409709e-02	1.250015e-02	3.487269e-04	-5.660962e-04	-4.826237e-04	-8.074081e-04	3.247843e-04
343           	1.700910e-02	8.853288e-03	8.155815e-03	-3.193875e-03	1.090301e-02	-1.409689e-02	1.249995e-02	3.487368e-04	-5.661127e-04	-4.826409e-04	-8.074331e-04	3.247923e-04
344           	1.700887e-02	8.853181e-03	8.155688e-03	-3.193879e-03	1.090281e-02	-1.409669e-02	1.249975e-02	3.487464e-04	-5.661289e-04	-4.826577e-04	-8.074577e-04	3.248000e-04
345           	1.700864e-02	8.853075e-03	8.155563e-03	-3.193882e-03	1.090261e-02	-1.409650e-02	1.249955e-02	3.487558e-04	-5.661448e-04	-4.826742e-04	-8.074819e-04	3.248076e-04
346           	1.700841e-02	8.852971e-03	8.155441e-03	-3.193885e-03	1.090242e-02	-1.409630e-02	1.249936e-02	3.487649e-04	-5.661603e-04	-4.826904e-04	-8.075055e-04	3.248151e-04
347           	1.700819e-02	8.852868e-03	8.155321e-03	-3.193888e-03	1.090223e-02	-1.409612e-02	1.249917e-02	3.487739e-04	-5.661756e-04	-4.827063e-04	-8.075287e-04	3.248224e-04
348           	1.700797e-02	8.852768e-03	8.155203e-03	-3.193891e-03	1.090204e-02	-1.409593e-02	1.249899e-02	3.487825e-04	-5.661905e-04	-4.827219e-04	-8.075515e-04	3.248296e-04
349           	1.700776e-02	8.852669e-03	8.155087e-03	-3.193895e-03	1.090186e-02	-1.409575e-02	1.249880e-02	3.487910e-04	-5.662051e-04	-4.827372e-04	-8.075737e-04	3.248366e-04
350           	1.700755e-02	8.852572e-03	8.154974e-03	-3.193898e-03	1.090168e-02	-1.409557e-02	1.249863e-02	3.487992e-04	-5.662195e-04	-4.827522e-04	-8.075955e-04	3.248434e-04
351           	1.700734e-02	8.852477e-03	8.154862e-03	-3.193901e-03	1.090150e-02	-1.409540e-02	1.249845e-02	3.488071e-04	-5.662335e-04	-4.827668e-04	-8.076169e-04	3.248501e-04
352           	1.700714e-02	8.852383e-03	8.154753e-03	-3.193904e-03	1.090132e-02	-1.409523e-02	1.249828e-02	3.488148e-04	-5.662472e-04	-4.827812e-04	-8.076378e-04	3.248566e-04
353           	1.700694e-02	8.852291e-03	8.154646e-03	-3.193907e-03	1.090115e-02	-1.409506e-02	1.249811e-02	3.488223e-04	-5.662606e-04	-4.827953e-04	-8.076583e-04	3.248630e-04
354           	1.700674e-02	8.852200e-03	8.154541e-03	-3.193910e-03	1.090098e-02	-1.409489e-02	1.249794e-02	3.488295e-04	-5.662737e-04	-4.828090e-04	-8.076782e-04	3.248692e-04
355           	1.700655e-02	8.852111e-03	8.154439e-03	-3.193913e-03	1.090082e-02	-1.409473e-02	1.249777e-02	3.488364e-04	-5.662864e-04	-4.828224e-04	-8.076976e-04	3.248752e-04
356           	1.700636e-02	8.852024e-03	8.154338e-03	-3.193915e-03	1.090065e-02	-1.409457e-02	1.249761e-02	3.488430e-04	-5.662987e-04	-4.828355e-04	-8.077164e-04	3.248810e-04
357           	1.700618e-02	8.851938e-03	8.154239e-03	-3.193918e-03	1.090049e-02	-1.409441e-02	1.249745e-02	3.488493e-04	-5.663106e-04	-4.828481e-04	-8.077346e-04	3.248865e-04
358           	1.700600e-02	8.851853e-03	8.154143e-03	-3.193921e-03	1.090034e-02	-1.409426e-02	1.249730e-02	3.488552e-04	-5.663220e-04	-4.828604e-04	-8.077522e-04	3.248918e-04
359           	1.700582e-02	8.851770e-03	8.154048e-03	-3.193924e-03	1.090018e-02	-1.409411e-02	1.249714e-02	3.488607e-04	-5.663330e-04	-4.828723e-04	-8.077692e-04	3.248969e-04
360           	1.700564e-02	8.851687e-03	8.153956e-03	-3.193927e-03	1.090003e-02	-1.409396e-02	1.249699e-02	3.488660e-04	-5.663436e-04	-4.828838e-04	-8.077855e-04	3.249017e-04
361           	1.700547e-02	8.851607e-03	8.153865e-03	-3.193929e-03	1.089988e-02	-1.409381e-02	1.249685e-02	3.488709e-04	-5.663538e-04	-4.828949e-04	-8.078012e-04	3.249063e-04
362           	1.700530e-02	8.851527e-03	8.153776e-03	-3.193932e-03	1.089973e-02	-1.409367e-02	1.249670e-02	3.488755e-04	-5.663635e-04	-4.829057e-04	-8.078164e-04	3.249107e-04
363           	1.700514e-02	8.851449e-03	8.153690e-03	-3.193935e-03	1.089959e-02	-1.409353e-02	1.249656e-02	3.488798e-04	-5.663730e-04	-4.829162e-04	-8.078310e-04	3.249149e-04
364           	1.700498e-02	8.851372e-03	8.153605e-03	-3.193937e-03	1.089945e-02	-1.409339e-02	1.249642e-02	3.488839e-04	-5.663821e-04	-4.829264e-04	-8.078453e-04	3.249189e-04
365           	1.700482e-02	8.851297e-03	8.153521e-03	-3.193940e-03	1.089931e-02	-1.409325e-02	1.249628e-02	3.488878e-04	-5.663910e-04	-4.829364e-04	-8.078591e-04	3.249228e-04
366           	1.700466e-02	8.851223e-03	8.153440e-03	-3.193943e-03	1.089917e-02	-1.409312e-02	1.249615e-02	3.488915e-04	-5.663995e-04	-4.829461e-04	-8.078726e-04	3.249265e-04
367           	1.700451e-02	8.851150e-03	8.153360e-03	-3.193945e-03	1.089904e-02	-1.409299e-02	1.249601e-02	3.488949e-04	-5.664078e-04	-4.829555e-04	-8.078855e-04	3.249300e-04
368           	1.700436e-02	8.851078e-03	8.153282e-03	-3.193948e-03	1.089891e-02	-1.409286e-02	1.249588e-02	3.488981e-04	-5.664157e-04	-4.829646e-04	-8.078980e-04	3.249334e-04
369           	1.700421e-02	8.851007e-03	8.153205e-03	-3.193950e-03	1.089878e-02	-1.409273e-02	1.249575e-02	3.489011e-04	-5.664239e-04	-4.829743e-04	-8.079110e-04	3.249367e-04
370           	1.700407e-02	8.850937e-03	8.153130e-03	-3.193951e-03	1.089865e-02	-1.409260e-02	1.249563e-02	3.489035e-04	-5.664312e-04	-4.829831e-04	-8.079227e-04	3.249396e-04
371           	1.700393e-02	8.850868e-03	8.153058e-03	-3.193954e-03	1.089852e-02	-1.409248e-02	1.249550e-02	3.489053e-04	-5.664375e-04	-4.829909e-04	-8.079330e-04	3.249421e-04
372           	1.700379e-02	8.850800e-03	8.152987e-03	-3.193956e-03	1.089840e-02	-1.409236e-02	1.249538e-02	3.489067e-04	-5.664431e-04	-4.829980e-04	-8.079421e-04	3.249441e-04
373           	1.700365e-02	8.850734e-03	8.152918e-03	-3.193959e-03	1.089828e-02	-1.409224e-02	1.249526e-02	3.489077e-04	-5.664482e-04	-4.830045e-04	-8.079505e-04	3.249460e-04
374           	1.700352e-02	8.850669e-03	8.152852e-03	-3.193962e-03	1.089817e-02	-1.409213e-02	1.249515e-02	3.489086e-04	-5.664531e-04	-4.830108e-04	-8.079585e-04	3.249477e-04
375           	1.700339e-02	8.850597e-03	8.152793e-03	-3.193964e-03	1.089805e-02	-1.409202e-02	1.249503e-02	3.489023e-04	-5.664492e-04	-4.830098e-04	-8.079541e-04	3.249443e-04
376           	1.700326e-02	8.850535e-03	8.152725e-03	-3.193966e-03	1.089794e-02	-1.409190e-02	1.249492e-02	3.489051e-04	-5.664574e-04	-4.830196e-04	-8.079672e-04	3.249476e-04
377           	1.700313e-02	8.850468e-03	8.152667e-03	-3.193968e-03	1.089782e-02	-1.409179e-02	1.249481e-02	3.489008e-04	-5.664562e-04	-4.830208e-04	-8.079666e-04	3.249458e-04
378           	1.700301e-02	8.850411e-03	8.152601e-03	-3.193970e-03	1.089771e-02	-1.409168e-02	1.249470e-02	3.489053e-04	-5.664662e-04	-4.830315e-04	-8.079819e-04	3.249504e-04
379           	1.700289e-02	8.850348e-03	8.152544e-03	-3.193973e-03	1.089761e-02	-1.409158e-02	1.249459e-02	3.489019e-04	-5.664660e-04	-4.830332e-04	-8.079826e-04	3.249494e-04
380           	1.700278e-02	8.850295e-03	8.152480e-03	-3.193976e-03	1.089750e-02	-1.409148e-02	1.249449e-02	3.489076e-04	-5.664771e-04	-4.830445e-04	-8.079993e-04	3.249548e-04
381           	1.700266e-02	8.850235e-03	8.152425e-03	-3.193978e-03	1.089740e-02	-1.409138e-02	1.249439e-02	3.489052e-04	-5.664783e-04	-4.830475e-04	-8.080021e-04	3.249545e-04
382           	1.700255e-02	8.850177e-03	8.152369e-03	-3.193980e-03	1.089730e-02	-1.409128e-02	1.249429e-02	3.489038e-04	-5.664811e-04	-4.830521e-04	-8.080071e-04	3.249550e-04
383           	1.700244e-02	8.850121e-03	8.152315e-03	-3.193983e-03	1.089720e-02	-1.409118e-02	1.249419e-02	3.489030e-04	-5.664844e-04	-4.830569e-04	-8.080128e-04	3.249559e-04
384           	1.700233e-02	8.850066e-03	8.152261e-03	-3.193985e-03	1.089710e-02	-1.409109e-02	1.249410e-02	3.489028e-04	-5.664882e-04	-4.830620e-04	-8.080192e-04	3.249572e-04
385           	1.700222e-02	8.850014e-03	8.152207e-03	-3.193987e-03	1.089701e-02	-1.409099e-02	1.249400e-02	3.489033e-04	-5.664931e-04	-4.830682e-04	-8.080272e-04	3.249590e-04
386           	1.700212e-02	8.849962e-03	8.152154e-03	-3.193990e-03	1.089691e-02	-1.409090e-02	1.249391e-02	3.489040e-04	-5.664981e-04	-4.830742e-04	-8.080352e-04	3.249610e-04
387           	1.700201e-02	8.849912e-03	8.152102e-03	-3.193992e-03	1.089682e-02	-1.409081e-02	1.249382e-02	3.489050e-04	-5.665037e-04	-4.830810e-04	-8.080442e-04	3.249632e-04
388           	1.700191e-02	8.849863e-03	8.152051e-03	-3.193994e-03	1.089673e-02	-1.409073e-02	1.249373e-02	3.489060e-04	-5.665089e-04	-4.830871e-04	-8.080524e-04	3.249653e-04
389           	1.700182e-02	8.849815e-03	8.152002e-03	-3.193996e-03	1.089664e-02	-1.409064e-02	1.249364e-02	3.489068e-04	-5.665141e-04	-4.830935e-04	-8.080609e-04	3.249674e-04
390           	1.700172e-02	8.849768e-03	8.151953e-03	-3.193999e-03	1.089656e-02	-1.409056e-02	1.249356e-02	3.489073e-04	-5.665187e-04	-4.830991e-04	-8.080683e-04	3.249692e-04
391           	1.700163e-02	8.849722e-03	8.151906e-03	-3.194001e-03	1.089647e-02	-1.409047e-02	1.249347e-02	3.489076e-04	-5.665232e-04	-4.831049e-04	-8.080757e-04	3.249708e-04
392           	1.700154e-02	8.849675e-03	8.151860e-03	-3.194002e-03	1.089639e-02	-1.409039e-02	1.249339e-02	3.489076e-04	-5.665275e-04	-4.831105e-04	-8.080827e-04	3.249722e-04
393           	1.700145e-02	8.849630e-03	8.151816e-03	-3.194005e-03	1.089631e-02	-1.409031e-02	1.249331e-02	3.489072e-04	-5.665309e-04	-4.831152e-04	-8.080885e-04	3.249734e-04
394           	1.700136e-02	8.849587e-03	8.151773e-03	-3.194008e-03	1.089623e-02	-1.409024e-02	1.249323e-02	3.489066e-04	-5.665340e-04	-4.831193e-04	-8.080936e-04	3.249743e-04
395           	1.700128e-02	8.849544e-03	8.151731e-03	-3.194011e-03	1.089615e-02	-1.409016e-02	1.249316e-02	3.489061e-04	-5.665373e-04	-4.831238e-04	-8.080993e-04	3.249754e-04
396           	1.700119e-02	8.849501e-03	8.151690e-03	-3.194013e-03	1.089607e-02	-1.409009e-02	1.249308e-02	3.489057e-04	-5.665410e-04	-4.831288e-04	-8.081054e-04	3.249767e-04
397           	1.700111e-02	8.849459e-03	8.151649e-03	-3.194014e-03	1.089600e-02	-1.409001e-02	1.249301e-02	3.489053e-04	-5.665449e-04	-4.831340e-04	-8.081119e-04	3.249779e-04
398           	1.700103e-02	8.849419e-03	8.151609e-03	-3.194017e-03	1.089593e-02	-1.408994e-02	1.249293e-02	3.489050e-04	-5.665486e-04	-4.831386e-04	-8.081179e-04	3.249793e-04
399           	1.700095e-02	8.849380e-03	8.151570e-03	-3.194019e-03	1.089585e-02	-1.408987e-02	1.249286e-02	3.489046e-04	-5.665523e-04	-4.831435e-04	-8.081241e-04	3.249806e-04
400           	1.700087e-02	8.849341e-03	8.151532e-03	-3.194021e-03	1.089578e-02	-1.408980e-02	1.249279e-02	3.489043e-04	-5.665562e-04	-4.831485e-04	-8.081304e-04	3.249820e-04
401           	1.700080e-02	8.849303e-03	8.151495e-03	-3.194024e-03	1.089572e-02	-1.408974e-02	1.249273e-02	3.489041e-04	-5.665599e-04	-4.831529e-04	-8.081363e-04	3.249834e-04
402           	1.700073e-02	8.849267e-03	8.151459e-03	-3.194026e-03	1.089565e-02	-1.408967e-02	1.249266e-02	3.489039e-04	-5.665638e-04	-4.831577e-04	-8.081426e-04	3.249849e-04
403           	1.700065e-02	8.849231e-03	8.151423e-03	-3.194028e-03	1.089558e-02	-1.408961e-02	1.249260e-02	3.489038e-04	-5.665678e-04	-4.831627e-04	-8.081492e-04	3.249865e-04
404           	1.700058e-02	8.849196e-03	8.151388e-03	-3.194030e-03	1.089552e-02	-1.408955e-02	1.249253e-02	3.489038e-04	-5.665720e-04	-4.831678e-04	-8.081559e-04	3.249881e-04
405           	1.700052e-02	8.849162e-03	8.151354e-03	-3.194033e-03	1.089545e-02	-1.408949e-02	1.249247e-02	3.489040e-04	-5.665761e-04	-4.831725e-04	-8.081623e-04	3.249898e-04
406           	1.700045e-02	8.849129e-03	8.151321e-03	-3.194035e-03	1.089539e-02	-1.408943e-02	1.249241e-02	3.489042e-04	-5.665803e-04	-4.831774e-04	-8.081690e-04	3.249916e-04
407           	1.700038e-02	8.849097e-03	8.151288e-03	-3.194037e-03	1.089533e-02	-1.408937e-02	1.249235e-02	3.489045e-04	-5.665846e-04	-4.831825e-04	-8.081759e-04	3.249934e-04
408           	1.700032e-02	8.849065e-03	8.151256e-03	-3.194039e-03	1.089527e-02	-1.408931e-02	1.249229e-02	3.489048e-04	-5.665890e-04	-4.831876e-04	-8.081828e-04	3.249952e-04
409           	1.700026e-02	8.849034e-03	8.151224e-03	-3.194040e-03	1.089521e-02	-1.408925e-02	1.249223e-02	3.489049e-04	-5.665932e-04	-4.831926e-04	-8.081895e-04	3.249969e-04
410           	1.700020e-02	8.849005e-03	8.151194e-03	-3.194044e-03	1.089516e-02	-1.408920e-02	1.249218e-02	3.489053e-04	-5.665973e-04	-4.831971e-04	-8.081959e-04	3.249987e-04
411           	1.700014e-02	8.848976e-03	8.151165e-03	-3.194046e-03	1.089510e-02	-1.408915e-02	1.249213e-02	3.489055e-04	-5.666014e-04	-4.832018e-04	-8.082022e-04	3.250005e-04
412           	1.700008e-02	8.848947e-03	8.151136e-03	-3.194048e-03	1.089505e-02	-1.408910e-02	1.249207e-02	3.489057e-04	-5.666055e-04	-4.832064e-04	-8.082087e-04	3.250022e-04
413           	1.700003e-02	8.848919e-03	8.151107e-03	-3.194050e-03	1.089500e-02	-1.408905e-02	1.249202e-02	3.489059e-04	-5.666095e-04	-4.832112e-04	-8.082151e-04	3.250039e-04
414           	1.699997e-02	8.848892e-03	8.151080e-03	-3.194052e-03	1.089495e-02	-1.408900e-02	1.249197e-02	3.489059e-04	-5.666134e-04	-4.832158e-04	-8.082213e-04	3.250055e-04
415           	1.699992e-02	8.848865e-03	8.151053e-03	-3.194053e-03	1.089489e-02	-1.408895e-02	1.249192e-02	3.489057e-04	-5.666171e-04	-4.832203e-04	-8.082272e-04	3.250070e-04
416           	1.699987e-02	8.848838e-03	8.151027e-03	-3.194055e-03	1.089484e-02	-1.408890e-02	1.249187e-02	3.489054e-04	-5.666206e-04	-4.832246e-04	-8.082329e-04	3.250083e-04
417           	1.699981e-02	8.848812e-03	8.151002e-03	-3.194057e-03	1.089480e-02	-1.408885e-02	1.249182e-02	3.489050e-04	-5.666239e-04	-4.832286e-04	-8.082382e-04	3.250095e-04
418           	1.699977e-02	8.848788e-03	8.150978e-03	-3.194061e-03	1.089475e-02	-1.408881e-02	1.249178e-02	3.489050e-04	-5.666272e-04	-4.832324e-04	-8.082434e-04	3.250111e-04
419           	1.699972e-02	8.848764e-03	8.150954e-03	-3.194063e-03	1.089471e-02	-1.408877e-02	1.249174e-02	3.489051e-04	-5.666308e-04	-4.832363e-04	-8.082489e-04	3.250126e-04
420           	1.699967e-02	8.848741e-03	8.150931e-03	-3.194065e-03	1.089466e-02	-1.408873e-02	1.249170e-02	3.489053e-04	-5.666346e-04	-4.832405e-04	-8.082548e-04	3.250143e-04
421           	1.699963e-02	8.848719e-03	8.150908e-03	-3.194067e-03	1.089462e-02	-1.408869e-02	1.249165e-02	3.489056e-04	-5.666386e-04	-4.832449e-04	-8.082611e-04	3.250162e-04
422           	1.699958e-02	8.848697e-03	8.150885e-03	-3.194069e-03	1.089458e-02	-1.408865e-02	1.249161e-02	3.489060e-04	-5.666428e-04	-4.832495e-04	-8.082675e-04	3.250180e-04
423           	1.699954e-02	8.848676e-03	8.150863e-03	-3.194071e-03	1.089453e-02	-1.408861e-02	1.249157e-02	3.489064e-04	-5.666470e-04	-4.832541e-04	-8.082740e-04	3.250199e-04
424           	1.699950e-02	8.848655e-03	8.150841e-03	-3.194073e-03	1.089449e-02	-1.408857e-02	1.249153e-02	3.489067e-04	-5.666510e-04	-4.832586e-04	-8.082803e-04	3.250217e-04
425           	1.699945e-02	8.848634e-03	8.150820e-03	-3.194075e-03	1.089445e-02	-1.408853e-02	1.249149e-02	3.489069e-04	-5.666549e-04	-4.832630e-04	-8.082864e-04	3.250234e-04
