# Force and moment coefficients
# dragDir     : (1.000000e+00 0.000000e+00 0.000000e+00)
# sideDir     : (0.000000e+00 1.000000e+00 0.000000e+00)
# liftDir     : (0.000000e+00 0.000000e+00 1.000000e+00)
# rollAxis    : (1.000000e+00 0.000000e+00 0.000000e+00)
# pitchAxis   : (0.000000e+00 1.000000e+00 0.000000e+00)
# yawAxis     : (0.000000e+00 0.000000e+00 1.000000e+00)
# magUInf     : 6.661800e+00
# lRef        : 1.499270e-01
# Aref        : 5.000000e-02
# CofR        : (3.750000e-02 0.000000e+00 0.000000e+00)
#
# Time        	Cd            	Cd(f)         	Cd(r)         	Cl            	Cl(f)         	Cl(r)         	CmPitch       	CmRoll        	CmYaw         	Cs            	Cs(f)         	Cs(r)         
1             	1.088685e-01	5.439430e-02	5.447424e-02	-2.041926e-02	3.400229e-02	-5.442155e-02	4.421192e-02	-3.996873e-05	1.333641e-04	2.127234e-04	2.397258e-04	-2.700243e-05
2             	8.649532e-02	4.322214e-02	4.327318e-02	-2.636725e-02	2.458020e-02	-5.094746e-02	3.776383e-02	-2.552265e-05	8.466444e-05	1.567203e-04	1.630246e-04	-6.304299e-06
3             	6.969510e-02	3.484086e-02	3.485423e-02	-2.634682e-02	1.826732e-02	-4.461414e-02	3.144073e-02	-6.683613e-06	2.319143e-05	7.467578e-05	6.052932e-05	1.414646e-05
4             	5.529411e-02	2.765873e-02	2.763538e-02	-2.186918e-02	1.370675e-02	-3.557593e-02	2.464134e-02	1.167425e-05	-3.612513e-05	-1.182134e-05	-4.203580e-05	3.021446e-05
5             	4.246629e-02	2.125835e-02	2.120794e-02	-1.483346e-02	1.028793e-02	-2.512139e-02	1.770466e-02	2.520624e-05	-8.102782e-05	-8.376225e-05	-1.229089e-04	3.914670e-05
6             	3.143982e-02	1.575111e-02	1.568872e-02	-7.131535e-03	7.759151e-03	-1.489069e-02	1.132492e-02	3.119489e-05	-1.038443e-04	-1.278319e-04	-1.677603e-04	3.992833e-05
7             	2.268919e-02	1.137377e-02	1.131542e-02	-3.043717e-04	5.999565e-03	-6.303937e-03	6.151751e-03	2.917596e-05	-1.031745e-04	-1.393948e-04	-1.728718e-04	3.347707e-05
8             	1.651621e-02	8.278678e-03	8.237531e-03	4.651591e-03	4.909755e-03	-2.581644e-04	2.583960e-03	2.057354e-05	-8.290621e-05	-1.215875e-04	-1.437000e-04	2.211245e-05
9             	1.288274e-02	6.449711e-03	6.433033e-03	7.333902e-03	4.363966e-03	2.969937e-03	6.970145e-04	8.339107e-06	-5.098032e-05	-8.386884e-05	-9.291474e-05	9.045899e-06
10            	1.142890e-02	5.710189e-03	5.718715e-03	7.851614e-03	4.211220e-03	3.640395e-03	2.854125e-04	-4.263264e-06	-1.645387e-05	-3.824806e-05	-3.557790e-05	-2.670155e-06
11            	1.157482e-02	5.772872e-03	5.801946e-03	6.674476e-03	4.291071e-03	2.383405e-03	9.538329e-04	-1.453692e-05	1.286306e-05	4.112366e-06	1.491924e-05	-1.080687e-05
12            	1.265833e-02	6.308471e-03	6.349858e-03	4.452992e-03	4.456087e-03	-3.094547e-06	2.229591e-03	-2.069351e-05	3.152407e-05	3.468617e-05	4.886716e-05	-1.418099e-05
13            	1.406650e-02	7.011020e-03	7.055481e-03	1.851049e-03	4.593700e-03	-2.742651e-03	3.668175e-03	-2.223067e-05	3.761723e-05	4.948417e-05	6.235932e-05	-1.287515e-05
14            	1.532314e-02	7.641946e-03	7.681197e-03	-5.766795e-04	4.634776e-03	-5.211456e-03	4.923116e-03	-1.962552e-05	3.199810e-05	4.830785e-05	5.615203e-05	-7.844171e-06
15            	1.613179e-02	8.051710e-03	8.080078e-03	-2.455004e-03	4.553769e-03	-7.008773e-03	5.781271e-03	-1.418375e-05	1.796035e-05	3.445079e-05	3.518575e-05	-7.349566e-07
16            	1.637733e-02	8.181284e-03	8.196045e-03	-3.608010e-03	4.361869e-03	-7.969878e-03	6.165874e-03	-7.380506e-06	-5.297019e-07	1.261341e-05	5.777002e-06	6.836406e-06
17            	1.609376e-02	8.046313e-03	8.047443e-03	-4.036483e-03	4.094519e-03	-8.131002e-03	6.112760e-03	-5.646653e-07	-1.958681e-05	-1.211746e-05	-2.564554e-05	1.352808e-05
18            	1.541335e-02	7.711961e-03	7.701385e-03	-3.868873e-03	3.797533e-03	-7.666406e-03	5.731970e-03	5.288135e-06	-3.615580e-05	-3.532433e-05	-5.381797e-05	1.849364e-05
19            	1.451087e-02	7.265126e-03	7.245747e-03	-3.302228e-03	3.513737e-03	-6.815965e-03	5.164851e-03	9.689775e-06	-4.853604e-05	-5.411385e-05	-7.559297e-05	2.147911e-05
20            	1.355709e-02	6.791149e-03	6.765940e-03	-2.547633e-03	3.274587e-03	-5.822220e-03	4.548403e-03	1.260425e-05	-5.630323e-05	-6.713158e-05	-8.986902e-05	2.273744e-05
21            	1.268707e-02	6.357882e-03	6.329184e-03	-1.788842e-03	3.096308e-03	-4.885150e-03	3.990729e-03	1.434914e-05	-6.013091e-05	-7.452982e-05	-9.739582e-05	2.286600e-05
22            	1.198401e-02	6.007436e-03	5.976577e-03	-1.157052e-03	2.979916e-03	-4.136967e-03	3.558442e-03	1.542964e-05	-6.135075e-05	-7.749976e-05	-1.001006e-04	2.260088e-05
23            	1.147837e-02	5.755542e-03	5.722823e-03	-7.230131e-04	2.914655e-03	-3.637668e-03	3.276162e-03	1.635934e-05	-6.147200e-05	-7.774787e-05	-1.003459e-04	2.259806e-05
24            	1.115745e-02	5.596246e-03	5.561199e-03	-5.021851e-04	2.883034e-03	-3.385219e-03	3.134126e-03	1.752336e-05	-6.178646e-05	-7.697951e-05	-1.002762e-04	2.329670e-05
25            	1.098078e-02	5.509531e-03	5.471253e-03	-4.684116e-04	2.866094e-03	-3.334505e-03	3.100300e-03	1.913877e-05	-6.317670e-05	-7.659812e-05	-1.014758e-04	2.487764e-05
26            	1.089658e-02	5.469543e-03	5.427041e-03	-5.711911e-04	2.847905e-03	-3.419096e-03	3.133500e-03	2.125139e-05	-6.602728e-05	-7.749490e-05	-1.047747e-04	2.727983e-05
27            	1.085500e-02	5.451271e-03	5.403730e-03	-7.519455e-04	2.818055e-03	-3.570000e-03	3.194027e-03	2.377024e-05	-7.029325e-05	-8.006420e-05	-1.103254e-04	3.026115e-05
28            	1.081706e-02	5.435053e-03	5.382011e-03	-9.568275e-04	2.772423e-03	-3.729250e-03	3.250837e-03	2.652090e-05	-7.561253e-05	-8.425569e-05	-1.177404e-04	3.348468e-05
29            	1.075871e-02	5.408659e-03	5.350053e-03	-1.144740e-03	2.712463e-03	-3.857203e-03	3.284833e-03	2.930302e-05	-8.145092e-05	-8.969183e-05	-1.262968e-04	3.660501e-05
30            	1.067062e-02	5.367267e-03	5.303355e-03	-1.290670e-03	2.643482e-03	-3.934152e-03	3.288817e-03	3.195596e-05	-8.729648e-05	-9.587175e-05	-1.352324e-04	3.936061e-05
31            	1.055485e-02	5.311795e-03	5.243055e-03	-1.384806e-03	2.572426e-03	-3.957232e-03	3.264829e-03	3.436998e-05	-9.273218e-05	-1.022825e-04	-1.438734e-04	4.159093e-05
32            	1.042015e-02	5.246578e-03	5.173573e-03	-1.429254e-03	2.505815e-03	-3.935069e-03	3.220442e-03	3.650237e-05	-9.750091e-05	-1.084861e-04	-1.517440e-04	4.325785e-05
33            	1.027755e-02	5.177140e-03	5.100408e-03	-1.433721e-03	2.448317e-03	-3.882038e-03	3.165177e-03	3.836601e-05	-1.015116e-04	-1.141755e-04	-1.585993e-04	4.442383e-05
34            	1.013687e-02	5.108445e-03	5.028423e-03	-1.411245e-03	2.402050e-03	-3.813295e-03	3.107672e-03	4.001118e-05	-1.048111e-04	-1.191826e-04	-1.644024e-04	4.521986e-05
35            	1.000473e-02	5.043862e-03	4.960863e-03	-1.374765e-03	2.366593e-03	-3.741359e-03	3.053976e-03	4.149966e-05	-1.075295e-04	-1.234540e-04	-1.692565e-04	4.580254e-05
36            	9.883943e-03	4.984858e-03	4.899085e-03	-1.334900e-03	2.339565e-03	-3.674465e-03	3.007015e-03	4.288677e-05	-1.098260e-04	-1.270217e-04	-1.733368e-04	4.631512e-05
37            	9.774129e-03	4.931271e-03	4.842859e-03	-1.298955e-03	2.317510e-03	-3.616466e-03	2.966988e-03	4.420602e-05	-1.118411e-04	-1.299624e-04	-1.768223e-04	4.685991e-05
38            	9.672927e-03	4.881932e-03	4.790994e-03	-1.270935e-03	2.296861e-03	-3.567796e-03	2.932329e-03	4.546899e-05	-1.136819e-04	-1.323819e-04	-1.798728e-04	4.749094e-05
39            	9.577398e-03	4.835367e-03	4.742031e-03	-1.252157e-03	2.274735e-03	-3.526892e-03	2.900814e-03	4.666843e-05	-1.154083e-04	-1.343887e-04	-1.826026e-04	4.821395e-05
40            	9.485112e-03	4.790342e-03	4.694770e-03	-1.242116e-03	2.249413e-03	-3.491529e-03	2.870471e-03	4.778568e-05	-1.170392e-04	-1.360826e-04	-1.850805e-04	4.899790e-05
41            	9.394774e-03	4.746186e-03	4.648588e-03	-1.239334e-03	2.220472e-03	-3.459806e-03	2.840139e-03	4.879882e-05	-1.185636e-04	-1.375467e-04	-1.873369e-04	4.979019e-05
42            	9.306338e-03	4.702862e-03	4.603476e-03	-1.242009e-03	2.188622e-03	-3.430631e-03	2.809627e-03	4.969297e-05	-1.199596e-04	-1.388482e-04	-1.893837e-04	5.053547e-05
43            	9.220730e-03	4.660833e-03	4.559897e-03	-1.248421e-03	2.155335e-03	-3.403757e-03	2.779546e-03	5.046784e-05	-1.212156e-04	-1.400480e-04	-1.912396e-04	5.119156e-05
44            	9.139306e-03	4.620790e-03	4.518515e-03	-1.257123e-03	2.122375e-03	-3.379498e-03	2.750937e-03	5.113741e-05	-1.223380e-04	-1.412006e-04	-1.929383e-04	5.173771e-05
45            	9.063312e-03	4.583384e-03	4.479928e-03	-1.266944e-03	2.091365e-03	-3.358309e-03	2.724837e-03	5.172754e-05	-1.233508e-04	-1.423508e-04	-1.945262e-04	5.217537e-05
46            	8.993443e-03	4.548992e-03	4.444450e-03	-1.276939e-03	2.063463e-03	-3.340402e-03	2.701932e-03	5.227097e-05	-1.242921e-04	-1.435329e-04	-1.960586e-04	5.252568e-05
47            	8.929610e-03	4.517606e-03	4.412004e-03	-1.286329e-03	2.039191e-03	-3.325520e-03	2.682356e-03	5.280101e-05	-1.252046e-04	-1.447665e-04	-1.975878e-04	5.282132e-05
48            	8.870969e-03	4.488829e-03	4.382140e-03	-1.294473e-03	2.018431e-03	-3.312904e-03	2.665667e-03	5.334497e-05	-1.261257e-04	-1.460562e-04	-1.991538e-04	5.309757e-05
49            	8.816131e-03	4.461986e-03	4.354145e-03	-1.300877e-03	2.000549e-03	-3.301426e-03	2.650988e-03	5.392022e-05	-1.270820e-04	-1.473941e-04	-2.007790e-04	5.338492e-05
50            	8.763483e-03	4.436274e-03	4.327209e-03	-1.305233e-03	1.984606e-03	-3.289839e-03	2.637223e-03	5.453273e-05	-1.280826e-04	-1.487574e-04	-2.024613e-04	5.370389e-05
51            	8.711543e-03	4.410948e-03	4.300595e-03	-1.307467e-03	1.969586e-03	-3.277052e-03	2.623319e-03	5.517675e-05	-1.291186e-04	-1.501138e-04	-2.041755e-04	5.406169e-05
52            	8.659233e-03	4.385454e-03	4.273779e-03	-1.307755e-03	1.954600e-03	-3.262355e-03	2.608478e-03	5.583765e-05	-1.301664e-04	-1.514264e-04	-2.058797e-04	5.445322e-05
53            	8.606048e-03	4.359520e-03	4.246528e-03	-1.306507e-03	1.939037e-03	-3.245544e-03	2.592291e-03	5.649629e-05	-1.311953e-04	-1.526616e-04	-2.075261e-04	5.486446e-05
54            	8.552068e-03	4.333167e-03	4.218901e-03	-1.304302e-03	1.922618e-03	-3.226920e-03	2.574769e-03	5.713308e-05	-1.321735e-04	-1.537933e-04	-2.090702e-04	5.527688e-05
55            	8.497857e-03	4.306661e-03	4.191196e-03	-1.301799e-03	1.905387e-03	-3.207186e-03	2.556286e-03	5.773217e-05	-1.330764e-04	-1.548080e-04	-2.104804e-04	5.567241e-05
56            	8.444274e-03	4.280421e-03	4.163854e-03	-1.299623e-03	1.887639e-03	-3.187262e-03	2.537451e-03	5.828344e-05	-1.338891e-04	-1.557044e-04	-2.117413e-04	5.603693e-05
57            	8.392251e-03	4.254910e-03	4.137341e-03	-1.298273e-03	1.869813e-03	-3.168086e-03	2.518950e-03	5.878416e-05	-1.346102e-04	-1.564946e-04	-2.128575e-04	5.636290e-05
58            	8.342584e-03	4.230531e-03	4.112053e-03	-1.298049e-03	1.852377e-03	-3.150426e-03	2.501402e-03	5.923899e-05	-1.352517e-04	-1.572024e-04	-2.138529e-04	5.665050e-05
59            	8.295790e-03	4.207551e-03	4.088239e-03	-1.299023e-03	1.835729e-03	-3.134753e-03	2.485241e-03	5.965588e-05	-1.358314e-04	-1.578535e-04	-2.147581e-04	5.690466e-05
60            	8.252032e-03	4.186064e-03	4.065968e-03	-1.301054e-03	1.820137e-03	-3.121191e-03	2.470664e-03	6.004814e-05	-1.363767e-04	-1.584798e-04	-2.156166e-04	5.713674e-05
61            	8.211138e-03	4.165996e-03	4.045142e-03	-1.303841e-03	1.805705e-03	-3.109546e-03	2.457626e-03	6.042674e-05	-1.369098e-04	-1.591052e-04	-2.164624e-04	5.735723e-05
62            	8.172663e-03	4.147133e-03	4.025529e-03	-1.306990e-03	1.792385e-03	-3.099376e-03	2.445881e-03	6.080223e-05	-1.374518e-04	-1.597494e-04	-2.173265e-04	5.757707e-05
63            	8.136008e-03	4.129187e-03	4.006820e-03	-1.310102e-03	1.780008e-03	-3.090110e-03	2.435059e-03	6.118350e-05	-1.380188e-04	-1.604257e-04	-2.182316e-04	5.780596e-05
64            	8.100553e-03	4.111849e-03	3.988704e-03	-1.312843e-03	1.768339e-03	-3.081182e-03	2.424760e-03	6.157239e-05	-1.386126e-04	-1.611328e-04	-2.191790e-04	5.804619e-05
65            	8.065753e-03	4.094847e-03	3.970906e-03	-1.314986e-03	1.757124e-03	-3.072110e-03	2.414617e-03	6.197076e-05	-1.392338e-04	-1.618670e-04	-2.201673e-04	5.830029e-05
66            	8.031234e-03	4.077991e-03	3.953244e-03	-1.316447e-03	1.746144e-03	-3.062591e-03	2.404368e-03	6.237331e-05	-1.398696e-04	-1.626132e-04	-2.211762e-04	5.856305e-05
67            	7.996816e-03	4.061181e-03	3.935634e-03	-1.317271e-03	1.735241e-03	-3.052513e-03	2.393877e-03	6.277344e-05	-1.405046e-04	-1.633536e-04	-2.221814e-04	5.882782e-05
68            	7.962501e-03	4.044417e-03	3.918084e-03	-1.317605e-03	1.724329e-03	-3.041934e-03	2.383132e-03	6.316673e-05	-1.411260e-04	-1.640736e-04	-2.231628e-04	5.908915e-05
69            	7.928444e-03	4.027770e-03	3.900674e-03	-1.317652e-03	1.713395e-03	-3.031047e-03	2.372221e-03	6.354800e-05	-1.417208e-04	-1.647593e-04	-2.241004e-04	5.934113e-05
70            	7.894882e-03	4.011355e-03	3.883526e-03	-1.317631e-03	1.702482e-03	-3.020113e-03	2.361297e-03	6.391443e-05	-1.422819e-04	-1.654035e-04	-2.249836e-04	5.958011e-05
71            	7.862076e-03	3.995302e-03	3.866774e-03	-1.317734e-03	1.691668e-03	-3.009402e-03	2.350535e-03	6.426366e-05	-1.428035e-04	-1.660004e-04	-2.258037e-04	5.980325e-05
72            	7.830251e-03	3.979722e-03	3.850530e-03	-1.318089e-03	1.681045e-03	-2.999134e-03	2.340090e-03	6.459617e-05	-1.432867e-04	-1.665517e-04	-2.265625e-04	6.001085e-05
73            	7.799555e-03	3.964692e-03	3.834864e-03	-1.318756e-03	1.670693e-03	-2.989449e-03	2.330071e-03	6.491393e-05	-1.437366e-04	-1.670631e-04	-2.272682e-04	6.020508e-05
74            	7.770048e-03	3.950244e-03	3.819804e-03	-1.319720e-03	1.660673e-03	-2.980393e-03	2.320533e-03	6.521968e-05	-1.441607e-04	-1.675430e-04	-2.279322e-04	6.038922e-05
75            	7.741681e-03	3.936358e-03	3.805323e-03	-1.320913e-03	1.651010e-03	-2.971923e-03	2.311466e-03	6.551710e-05	-1.445686e-04	-1.680022e-04	-2.285697e-04	6.056750e-05
76            	7.714346e-03	3.922983e-03	3.791363e-03	-1.322231e-03	1.641704e-03	-2.963935e-03	2.302820e-03	6.580987e-05	-1.449700e-04	-1.684519e-04	-2.291959e-04	6.074406e-05
77            	7.687892e-03	3.910047e-03	3.777846e-03	-1.323562e-03	1.632731e-03	-2.956293e-03	2.294512e-03	6.610074e-05	-1.453725e-04	-1.689010e-04	-2.298230e-04	6.092196e-05
78            	7.662158e-03	3.897470e-03	3.764688e-03	-1.324806e-03	1.624053e-03	-2.948860e-03	2.286457e-03	6.639129e-05	-1.457807e-04	-1.693556e-04	-2.304585e-04	6.110291e-05
79            	7.637000e-03	3.885182e-03	3.751818e-03	-1.325893e-03	1.615628e-03	-2.941521e-03	2.278575e-03	6.668200e-05	-1.461964e-04	-1.698183e-04	-2.311055e-04	6.128725e-05
80            	7.612312e-03	3.873128e-03	3.739184e-03	-1.326792e-03	1.607416e-03	-2.934208e-03	2.270812e-03	6.697218e-05	-1.466183e-04	-1.702888e-04	-2.317627e-04	6.147390e-05
81            	7.588038e-03	3.861279e-03	3.726759e-03	-1.327508e-03	1.599388e-03	-2.926896e-03	2.263142e-03	6.726027e-05	-1.470427e-04	-1.707639e-04	-2.324246e-04	6.166075e-05
82            	7.564164e-03	3.849626e-03	3.714538e-03	-1.328078e-03	1.591526e-03	-2.919604e-03	2.255565e-03	6.754430e-05	-1.474646e-04	-1.712388e-04	-2.330840e-04	6.184519e-05
83            	7.540716e-03	3.838180e-03	3.702536e-03	-1.328558e-03	1.583822e-03	-2.912380e-03	2.248101e-03	6.782244e-05	-1.478790e-04	-1.717084e-04	-2.337332e-04	6.202480e-05
84            	7.517739e-03	3.826963e-03	3.690777e-03	-1.329008e-03	1.576278e-03	-2.905287e-03	2.240782e-03	6.809315e-05	-1.482814e-04	-1.721677e-04	-2.343652e-04	6.219754e-05
85            	7.495286e-03	3.815999e-03	3.679287e-03	-1.329484e-03	1.568901e-03	-2.898385e-03	2.233643e-03	6.835617e-05	-1.486694e-04	-1.726136e-04	-2.349762e-04	6.236257e-05
86            	7.473399e-03	3.805310e-03	3.668090e-03	-1.330025e-03	1.561697e-03	-2.891722e-03	2.226710e-03	6.860987e-05	-1.490393e-04	-1.730416e-04	-2.355601e-04	6.251844e-05
87            	7.452108e-03	3.794908e-03	3.657200e-03	-1.330651e-03	1.554673e-03	-2.885324e-03	2.219998e-03	6.885420e-05	-1.493901e-04	-1.734500e-04	-2.361152e-04	6.266514e-05
88            	7.431414e-03	3.784796e-03	3.646617e-03	-1.331361e-03	1.547828e-03	-2.879189e-03	2.213509e-03	6.908960e-05	-1.497225e-04	-1.738384e-04	-2.366417e-04	6.280330e-05
89            	7.411299e-03	3.774966e-03	3.636332e-03	-1.332136e-03	1.541160e-03	-2.873296e-03	2.207228e-03	6.931692e-05	-1.500379e-04	-1.742077e-04	-2.371418e-04	6.293408e-05
90            	7.391727e-03	3.765401e-03	3.626326e-03	-1.332947e-03	1.534661e-03	-2.867608e-03	2.201135e-03	6.953726e-05	-1.503391e-04	-1.745601e-04	-2.376191e-04	6.305900e-05
91            	7.372652e-03	3.756078e-03	3.616574e-03	-1.333761e-03	1.528320e-03	-2.862081e-03	2.195200e-03	6.975193e-05	-1.506289e-04	-1.748985e-04	-2.380782e-04	6.317970e-05
92            	7.354024e-03	3.746974e-03	3.607050e-03	-1.334545e-03	1.522127e-03	-2.856671e-03	2.189399e-03	6.996224e-05	-1.509108e-04	-1.752262e-04	-2.385239e-04	6.329772e-05
93            	7.335800e-03	3.738069e-03	3.597731e-03	-1.335275e-03	1.516070e-03	-2.851346e-03	2.183708e-03	7.016928e-05	-1.511875e-04	-1.755463e-04	-2.389606e-04	6.341432e-05
94            	7.317946e-03	3.729347e-03	3.588599e-03	-1.335939e-03	1.510144e-03	-2.846083e-03	2.178113e-03	7.037395e-05	-1.514614e-04	-1.758619e-04	-2.393923e-04	6.353046e-05
95            	7.300439e-03	3.720796e-03	3.579643e-03	-1.336534e-03	1.504342e-03	-2.840876e-03	2.172609e-03	7.057679e-05	-1.517342e-04	-1.761751e-04	-2.398217e-04	6.364659e-05
96            	7.283270e-03	3.712414e-03	3.570856e-03	-1.337066e-03	1.498664e-03	-2.835729e-03	2.167197e-03	7.077881e-05	-1.520073e-04	-1.764881e-04	-2.402514e-04	6.376327e-05
97            	7.266442e-03	3.704200e-03	3.562242e-03	-1.337551e-03	1.493110e-03	-2.830661e-03	2.161886e-03	7.097869e-05	-1.522791e-04	-1.767998e-04	-2.406791e-04	6.387922e-05
98            	7.249964e-03	3.696158e-03	3.553806e-03	-1.338007e-03	1.487684e-03	-2.825691e-03	2.156687e-03	7.117619e-05	-1.525488e-04	-1.771100e-04	-2.411038e-04	6.399386e-05
99            	7.233847e-03	3.688295e-03	3.545553e-03	-1.338452e-03	1.482387e-03	-2.820839e-03	2.151613e-03	7.137106e-05	-1.528156e-04	-1.774179e-04	-2.415246e-04	6.410663e-05
100           	7.218100e-03	3.680613e-03	3.537487e-03	-1.338902e-03	1.477222e-03	-2.816124e-03	2.146673e-03	7.156292e-05	-1.530782e-04	-1.777227e-04	-2.419396e-04	6.421685e-05
101           	7.202729e-03	3.673116e-03	3.529613e-03	-1.339368e-03	1.472188e-03	-2.811556e-03	2.141872e-03	7.175139e-05	-1.533355e-04	-1.780230e-04	-2.423470e-04	6.432398e-05
102           	7.187730e-03	3.665801e-03	3.521928e-03	-1.339851e-03	1.467283e-03	-2.807134e-03	2.137208e-03	7.193663e-05	-1.535877e-04	-1.783190e-04	-2.427472e-04	6.442818e-05
103           	7.173100e-03	3.658668e-03	3.514433e-03	-1.340354e-03	1.462505e-03	-2.802859e-03	2.132682e-03	7.211759e-05	-1.538319e-04	-1.786074e-04	-2.431356e-04	6.452826e-05
104           	7.158829e-03	3.651709e-03	3.507121e-03	-1.340871e-03	1.457850e-03	-2.798722e-03	2.128286e-03	7.229406e-05	-1.540676e-04	-1.788871e-04	-2.435111e-04	6.462406e-05
105           	7.144900e-03	3.644916e-03	3.499984e-03	-1.341396e-03	1.453312e-03	-2.794708e-03	2.124010e-03	7.246601e-05	-1.542944e-04	-1.791576e-04	-2.438732e-04	6.471561e-05
106           	7.131296e-03	3.638282e-03	3.493014e-03	-1.341919e-03	1.448886e-03	-2.790805e-03	2.119845e-03	7.263384e-05	-1.545120e-04	-1.794176e-04	-2.442208e-04	6.480315e-05
107           	7.117997e-03	3.631796e-03	3.486201e-03	-1.342432e-03	1.444562e-03	-2.786994e-03	2.115778e-03	7.279733e-05	-1.547212e-04	-1.796685e-04	-2.445555e-04	6.488695e-05
108           	7.104987e-03	3.625450e-03	3.479537e-03	-1.342927e-03	1.440337e-03	-2.783265e-03	2.111801e-03	7.295668e-05	-1.549226e-04	-1.799105e-04	-2.448778e-04	6.496733e-05
109           	7.092251e-03	3.619238e-03	3.473013e-03	-1.343401e-03	1.436206e-03	-2.779608e-03	2.107907e-03	7.311218e-05	-1.551167e-04	-1.801439e-04	-2.451886e-04	6.504470e-05
110           	7.079780e-03	3.613154e-03	3.466626e-03	-1.343854e-03	1.432166e-03	-2.776019e-03	2.104092e-03	7.326409e-05	-1.553042e-04	-1.803696e-04	-2.454890e-04	6.511941e-05
111           	7.067564e-03	3.607195e-03	3.460369e-03	-1.344283e-03	1.428211e-03	-2.772494e-03	2.100353e-03	7.341324e-05	-1.554874e-04	-1.805897e-04	-2.457822e-04	6.519249e-05
112           	7.055602e-03	3.601360e-03	3.454242e-03	-1.344695e-03	1.424346e-03	-2.769041e-03	2.096693e-03	7.355903e-05	-1.556648e-04	-1.808032e-04	-2.460664e-04	6.526320e-05
113           	7.043893e-03	3.595648e-03	3.448245e-03	-1.345094e-03	1.420568e-03	-2.765662e-03	2.093115e-03	7.370157e-05	-1.558370e-04	-1.810106e-04	-2.463423e-04	6.533166e-05
114           	7.032436e-03	3.590059e-03	3.442377e-03	-1.345484e-03	1.416878e-03	-2.762363e-03	2.089621e-03	7.384086e-05	-1.560040e-04	-1.812124e-04	-2.466102e-04	6.539784e-05
115           	7.021228e-03	3.584591e-03	3.436637e-03	-1.345869e-03	1.413276e-03	-2.759145e-03	2.086210e-03	7.397691e-05	-1.561660e-04	-1.814086e-04	-2.468703e-04	6.546167e-05
116           	7.010269e-03	3.579244e-03	3.431025e-03	-1.346252e-03	1.409759e-03	-2.756011e-03	2.082885e-03	7.410962e-05	-1.563226e-04	-1.815993e-04	-2.471223e-04	6.552302e-05
117           	6.999554e-03	3.574016e-03	3.425538e-03	-1.346633e-03	1.406328e-03	-2.752961e-03	2.079644e-03	7.423896e-05	-1.564738e-04	-1.817841e-04	-2.473659e-04	6.558180e-05
118           	6.989079e-03	3.568905e-03	3.420175e-03	-1.347015e-03	1.402980e-03	-2.749995e-03	2.076487e-03	7.436492e-05	-1.566194e-04	-1.819628e-04	-2.476008e-04	6.563798e-05
119           	6.978841e-03	3.563908e-03	3.414933e-03	-1.347396e-03	1.399714e-03	-2.747109e-03	2.073411e-03	7.448756e-05	-1.567593e-04	-1.821354e-04	-2.478270e-04	6.569155e-05
120           	6.968832e-03	3.559023e-03	3.409809e-03	-1.347775e-03	1.396527e-03	-2.744301e-03	2.070414e-03	7.460699e-05	-1.568935e-04	-1.823018e-04	-2.480444e-04	6.574255e-05
121           	6.959044e-03	3.554246e-03	3.404798e-03	-1.348150e-03	1.393415e-03	-2.741565e-03	2.067490e-03	7.472408e-05	-1.570227e-04	-1.824617e-04	-2.482535e-04	6.579182e-05
122           	6.949474e-03	3.549575e-03	3.399899e-03	-1.348520e-03	1.390379e-03	-2.738899e-03	2.064639e-03	7.483759e-05	-1.571457e-04	-1.826150e-04	-2.484532e-04	6.583822e-05
123           	6.940114e-03	3.545005e-03	3.395110e-03	-1.348886e-03	1.387415e-03	-2.736301e-03	2.061858e-03	7.494742e-05	-1.572625e-04	-1.827616e-04	-2.486433e-04	6.588172e-05
124           	6.930959e-03	3.540533e-03	3.390426e-03	-1.349245e-03	1.384522e-03	-2.733767e-03	2.059144e-03	7.505355e-05	-1.573729e-04	-1.829012e-04	-2.488236e-04	6.592232e-05
125           	6.922002e-03	3.536157e-03	3.385845e-03	-1.349597e-03	1.381697e-03	-2.731294e-03	2.056495e-03	7.515595e-05	-1.574770e-04	-1.830338e-04	-2.489939e-04	6.596004e-05
126           	6.913239e-03	3.531874e-03	3.381365e-03	-1.349943e-03	1.378938e-03	-2.728881e-03	2.053909e-03	7.525462e-05	-1.575745e-04	-1.831592e-04	-2.491541e-04	6.599491e-05
127           	6.904665e-03	3.527682e-03	3.376983e-03	-1.350282e-03	1.376244e-03	-2.726526e-03	2.051385e-03	7.534957e-05	-1.576657e-04	-1.832773e-04	-2.493043e-04	6.602698e-05
128           	6.896278e-03	3.523580e-03	3.372698e-03	-1.350615e-03	1.373613e-03	-2.724227e-03	2.048920e-03	7.544094e-05	-1.577507e-04	-1.833885e-04	-2.494450e-04	6.605644e-05
129           	6.888072e-03	3.519565e-03	3.368507e-03	-1.350942e-03	1.371044e-03	-2.721985e-03	2.046515e-03	7.552893e-05	-1.578300e-04	-1.834930e-04	-2.495765e-04	6.608347e-05
130           	6.880044e-03	3.515636e-03	3.364408e-03	-1.351264e-03	1.368535e-03	-2.719799e-03	2.044167e-03	7.561373e-05	-1.579039e-04	-1.835912e-04	-2.496995e-04	6.610828e-05
131           	6.872193e-03	3.511792e-03	3.360401e-03	-1.351583e-03	1.366086e-03	-2.717668e-03	2.041877e-03	7.569549e-05	-1.579727e-04	-1.836834e-04	-2.498144e-04	6.613105e-05
132           	6.864514e-03	3.508031e-03	3.356482e-03	-1.351897e-03	1.363695e-03	-2.715592e-03	2.039643e-03	7.577439e-05	-1.580370e-04	-1.837701e-04	-2.499220e-04	6.615194e-05
133           	6.857003e-03	3.504352e-03	3.352651e-03	-1.352208e-03	1.361361e-03	-2.713569e-03	2.037465e-03	7.585041e-05	-1.580966e-04	-1.838514e-04	-2.500223e-04	6.617096e-05
134           	6.849659e-03	3.500753e-03	3.348906e-03	-1.352515e-03	1.359083e-03	-2.711598e-03	2.035340e-03	7.592348e-05	-1.581516e-04	-1.839272e-04	-2.501152e-04	6.618804e-05
135           	6.842477e-03	3.497232e-03	3.345245e-03	-1.352819e-03	1.356860e-03	-2.709678e-03	2.033269e-03	7.599356e-05	-1.582019e-04	-1.839975e-04	-2.502007e-04	6.620312e-05
136           	6.835453e-03	3.493787e-03	3.341666e-03	-1.353119e-03	1.354690e-03	-2.707809e-03	2.031249e-03	7.606059e-05	-1.582473e-04	-1.840624e-04	-2.502785e-04	6.621613e-05
137           	6.828585e-03	3.490417e-03	3.338168e-03	-1.353415e-03	1.352572e-03	-2.705987e-03	2.029280e-03	7.612452e-05	-1.582879e-04	-1.841217e-04	-2.503487e-04	6.622704e-05
138           	6.821868e-03	3.487119e-03	3.334749e-03	-1.353708e-03	1.350505e-03	-2.704213e-03	2.027359e-03	7.618536e-05	-1.583237e-04	-1.841756e-04	-2.504115e-04	6.623587e-05
139           	6.815297e-03	3.483892e-03	3.331404e-03	-1.353995e-03	1.348486e-03	-2.702481e-03	2.025484e-03	7.624398e-05	-1.583555e-04	-1.842239e-04	-2.504674e-04	6.624351e-05
140           	6.808871e-03	3.480735e-03	3.328136e-03	-1.354278e-03	1.346516e-03	-2.700794e-03	2.023655e-03	7.629941e-05	-1.583828e-04	-1.842675e-04	-2.505165e-04	6.624898e-05
141           	6.802588e-03	3.477646e-03	3.324942e-03	-1.354558e-03	1.344594e-03	-2.699152e-03	2.021873e-03	7.635179e-05	-1.584059e-04	-1.843069e-04	-2.505594e-04	6.625245e-05
142           	6.796444e-03	3.474623e-03	3.321821e-03	-1.354834e-03	1.342718e-03	-2.697552e-03	2.020135e-03	7.640132e-05	-1.584253e-04	-1.843424e-04	-2.505965e-04	6.625411e-05
143           	6.790436e-03	3.471666e-03	3.318770e-03	-1.355106e-03	1.340887e-03	-2.695993e-03	2.018440e-03	7.644822e-05	-1.584414e-04	-1.843744e-04	-2.506287e-04	6.625422e-05
144           	6.784560e-03	3.468773e-03	3.315787e-03	-1.355375e-03	1.339100e-03	-2.694475e-03	2.016788e-03	7.649274e-05	-1.584546e-04	-1.844033e-04	-2.506562e-04	6.625298e-05
145           	6.778814e-03	3.465942e-03	3.312872e-03	-1.355639e-03	1.337356e-03	-2.692995e-03	2.015175e-03	7.653514e-05	-1.584654e-04	-1.844293e-04	-2.506800e-04	6.625068e-05
146           	6.773194e-03	3.463173e-03	3.310022e-03	-1.355900e-03	1.335653e-03	-2.691553e-03	2.013603e-03	7.657565e-05	-1.584741e-04	-1.844531e-04	-2.507006e-04	6.624753e-05
147           	6.767699e-03	3.460464e-03	3.307235e-03	-1.356156e-03	1.333991e-03	-2.690147e-03	2.012069e-03	7.661442e-05	-1.584811e-04	-1.844749e-04	-2.507186e-04	6.624369e-05
148           	6.762325e-03	3.457814e-03	3.304511e-03	-1.356409e-03	1.332368e-03	-2.688777e-03	2.010573e-03	7.665157e-05	-1.584868e-04	-1.844951e-04	-2.507343e-04	6.623925e-05
149           	6.757069e-03	3.455222e-03	3.301847e-03	-1.356657e-03	1.330784e-03	-2.687441e-03	2.009113e-03	7.668721e-05	-1.584912e-04	-1.845139e-04	-2.507481e-04	6.623429e-05
150           	6.751930e-03	3.452686e-03	3.299243e-03	-1.356902e-03	1.329238e-03	-2.686140e-03	2.007689e-03	7.672147e-05	-1.584948e-04	-1.845318e-04	-2.507607e-04	6.622889e-05
151           	6.746904e-03	3.450207e-03	3.296698e-03	-1.357143e-03	1.327728e-03	-2.684871e-03	2.006300e-03	7.675445e-05	-1.584978e-04	-1.845492e-04	-2.507724e-04	6.622315e-05
152           	6.741990e-03	3.447781e-03	3.294209e-03	-1.357380e-03	1.326255e-03	-2.683635e-03	2.004945e-03	7.678623e-05	-1.585004e-04	-1.845665e-04	-2.507836e-04	6.621713e-05
153           	6.737185e-03	3.445409e-03	3.291776e-03	-1.357613e-03	1.324817e-03	-2.682430e-03	2.003623e-03	7.681686e-05	-1.585027e-04	-1.845838e-04	-2.507946e-04	6.621084e-05
154           	6.732487e-03	3.443090e-03	3.289397e-03	-1.357842e-03	1.323413e-03	-2.681256e-03	2.002334e-03	7.684637e-05	-1.585049e-04	-1.846013e-04	-2.508056e-04	6.620429e-05
155           	6.727893e-03	3.440822e-03	3.287072e-03	-1.358068e-03	1.322043e-03	-2.680111e-03	2.001077e-03	7.687478e-05	-1.585070e-04	-1.846190e-04	-2.508165e-04	6.619748e-05
156           	6.723402e-03	3.438603e-03	3.284799e-03	-1.358290e-03	1.320706e-03	-2.678996e-03	1.999851e-03	7.690211e-05	-1.585089e-04	-1.846369e-04	-2.508273e-04	6.619038e-05
157           	6.719011e-03	3.436434e-03	3.282577e-03	-1.358508e-03	1.319401e-03	-2.677909e-03	1.998655e-03	7.692832e-05	-1.585105e-04	-1.846550e-04	-2.508380e-04	6.618297e-05
158           	6.714715e-03	3.434311e-03	3.280403e-03	-1.358722e-03	1.318125e-03	-2.676847e-03	1.997486e-03	7.695400e-05	-1.585117e-04	-1.846714e-04	-2.508474e-04	6.617600e-05
159           	6.710516e-03	3.432236e-03	3.278279e-03	-1.358932e-03	1.316881e-03	-2.675813e-03	1.996347e-03	7.697850e-05	-1.585128e-04	-1.846885e-04	-2.508570e-04	6.616853e-05
160           	6.706411e-03	3.430208e-03	3.276204e-03	-1.359138e-03	1.315667e-03	-2.674806e-03	1.995236e-03	7.700192e-05	-1.585139e-04	-1.847066e-04	-2.508672e-04	6.616063e-05
161           	6.702400e-03	3.428224e-03	3.274176e-03	-1.359342e-03	1.314483e-03	-2.673825e-03	1.994154e-03	7.702438e-05	-1.585152e-04	-1.847255e-04	-2.508779e-04	6.615240e-05
162           	6.698479e-03	3.426285e-03	3.272193e-03	-1.359543e-03	1.313327e-03	-2.672870e-03	1.993099e-03	7.704608e-05	-1.585166e-04	-1.847454e-04	-2.508893e-04	6.614396e-05
163           	6.694646e-03	3.424390e-03	3.270256e-03	-1.359740e-03	1.312200e-03	-2.671939e-03	1.992070e-03	7.706718e-05	-1.585185e-04	-1.847659e-04	-2.509014e-04	6.613549e-05
164           	6.690898e-03	3.422537e-03	3.268361e-03	-1.359933e-03	1.311099e-03	-2.671032e-03	1.991066e-03	7.708791e-05	-1.585208e-04	-1.847873e-04	-2.509144e-04	6.612713e-05
165           	6.687235e-03	3.420726e-03	3.266509e-03	-1.360123e-03	1.310025e-03	-2.670147e-03	1.990086e-03	7.710841e-05	-1.585237e-04	-1.848094e-04	-2.509284e-04	6.611905e-05
166           	6.683654e-03	3.418956e-03	3.264698e-03	-1.360309e-03	1.308976e-03	-2.669284e-03	1.989130e-03	7.712883e-05	-1.585275e-04	-1.848323e-04	-2.509437e-04	6.611137e-05
167           	6.680153e-03	3.417226e-03	3.262927e-03	-1.360491e-03	1.307952e-03	-2.668443e-03	1.988197e-03	7.714927e-05	-1.585323e-04	-1.848562e-04	-2.509604e-04	6.610418e-05
168           	6.676731e-03	3.415535e-03	3.261196e-03	-1.360669e-03	1.306952e-03	-2.667621e-03	1.987287e-03	7.716982e-05	-1.585382e-04	-1.848812e-04	-2.509787e-04	6.609757e-05
169           	6.673385e-03	3.413883e-03	3.259502e-03	-1.360844e-03	1.305976e-03	-2.666820e-03	1.986398e-03	7.719057e-05	-1.585453e-04	-1.849074e-04	-2.509990e-04	6.609160e-05
170           	6.670115e-03	3.412269e-03	3.257846e-03	-1.361015e-03	1.305023e-03	-2.666038e-03	1.985530e-03	7.721156e-05	-1.585539e-04	-1.849352e-04	-2.510215e-04	6.608631e-05
171           	6.666918e-03	3.410692e-03	3.256226e-03	-1.361182e-03	1.304093e-03	-2.665275e-03	1.984684e-03	7.723285e-05	-1.585640e-04	-1.849646e-04	-2.510464e-04	6.608173e-05
172           	6.663793e-03	3.409151e-03	3.254642e-03	-1.361345e-03	1.303185e-03	-2.664530e-03	1.983858e-03	7.725447e-05	-1.585757e-04	-1.849957e-04	-2.510736e-04	6.607785e-05
173           	6.660738e-03	3.407646e-03	3.253093e-03	-1.361506e-03	1.302298e-03	-2.663804e-03	1.983051e-03	7.727643e-05	-1.585889e-04	-1.850285e-04	-2.511032e-04	6.607467e-05
174           	6.657753e-03	3.406175e-03	3.251578e-03	-1.361662e-03	1.301433e-03	-2.663096e-03	1.982264e-03	7.729877e-05	-1.586036e-04	-1.850629e-04	-2.511351e-04	6.607216e-05
175           	6.654835e-03	3.404739e-03	3.250096e-03	-1.361816e-03	1.300589e-03	-2.662404e-03	1.981496e-03	7.732147e-05	-1.586197e-04	-1.850989e-04	-2.511692e-04	6.607030e-05
176           	6.651982e-03	3.403336e-03	3.248647e-03	-1.361965e-03	1.299764e-03	-2.661730e-03	1.980747e-03	7.734456e-05	-1.586372e-04	-1.851362e-04	-2.512053e-04	6.606907e-05
177           	6.649195e-03	3.401965e-03	3.247229e-03	-1.362112e-03	1.298960e-03	-2.661072e-03	1.980016e-03	7.736804e-05	-1.586559e-04	-1.851749e-04	-2.512433e-04	6.606846e-05
178           	6.646470e-03	3.400627e-03	3.245843e-03	-1.362255e-03	1.298174e-03	-2.660429e-03	1.979302e-03	7.739190e-05	-1.586758e-04	-1.852147e-04	-2.512832e-04	6.606846e-05
179           	6.643807e-03	3.399320e-03	3.244487e-03	-1.362395e-03	1.297408e-03	-2.659802e-03	1.978605e-03	7.741615e-05	-1.586969e-04	-1.852557e-04	-2.513248e-04	6.606903e-05
180           	6.641205e-03	3.398043e-03	3.243161e-03	-1.362531e-03	1.296659e-03	-2.659190e-03	1.977925e-03	7.744078e-05	-1.587190e-04	-1.852977e-04	-2.513679e-04	6.607016e-05
181           	6.638661e-03	3.396796e-03	3.241865e-03	-1.362664e-03	1.295928e-03	-2.658593e-03	1.977260e-03	7.746577e-05	-1.587422e-04	-1.853407e-04	-2.514125e-04	6.607183e-05
182           	6.636175e-03	3.395578e-03	3.240596e-03	-1.362794e-03	1.295215e-03	-2.658009e-03	1.976612e-03	7.749110e-05	-1.587662e-04	-1.853845e-04	-2.514585e-04	6.607400e-05
183           	6.633742e-03	3.394388e-03	3.239354e-03	-1.362920e-03	1.294517e-03	-2.657437e-03	1.975977e-03	7.751685e-05	-1.587899e-04	-1.854256e-04	-2.515027e-04	6.607711e-05
184           	6.631366e-03	3.393226e-03	3.238140e-03	-1.363042e-03	1.293836e-03	-2.656878e-03	1.975357e-03	7.754286e-05	-1.588149e-04	-1.854686e-04	-2.515492e-04	6.608057e-05
185           	6.629044e-03	3.392091e-03	3.236953e-03	-1.363163e-03	1.293172e-03	-2.656334e-03	1.974753e-03	7.756913e-05	-1.588412e-04	-1.855137e-04	-2.515980e-04	6.608435e-05
186           	6.626776e-03	3.390984e-03	3.235793e-03	-1.363280e-03	1.292524e-03	-2.655804e-03	1.974164e-03	7.759564e-05	-1.588687e-04	-1.855605e-04	-2.516489e-04	6.608847e-05
187           	6.624561e-03	3.389903e-03	3.234658e-03	-1.363395e-03	1.291892e-03	-2.655287e-03	1.973590e-03	7.762240e-05	-1.588972e-04	-1.856086e-04	-2.517015e-04	6.609294e-05
188           	6.622396e-03	3.388847e-03	3.233549e-03	-1.363508e-03	1.291275e-03	-2.654783e-03	1.973029e-03	7.764942e-05	-1.589265e-04	-1.856575e-04	-2.517553e-04	6.609779e-05
189           	6.620281e-03	3.387817e-03	3.232464e-03	-1.363617e-03	1.290673e-03	-2.654290e-03	1.972481e-03	7.767671e-05	-1.589564e-04	-1.857068e-04	-2.518098e-04	6.610300e-05
190           	6.618213e-03	3.386811e-03	3.231402e-03	-1.363724e-03	1.290085e-03	-2.653808e-03	1.971947e-03	7.770423e-05	-1.589866e-04	-1.857561e-04	-2.518646e-04	6.610857e-05
191           	6.616193e-03	3.385828e-03	3.230364e-03	-1.363827e-03	1.289511e-03	-2.653338e-03	1.971424e-03	7.773195e-05	-1.590169e-04	-1.858049e-04	-2.519194e-04	6.611445e-05
192           	6.614218e-03	3.384869e-03	3.229349e-03	-1.363928e-03	1.288950e-03	-2.652878e-03	1.970914e-03	7.775982e-05	-1.590472e-04	-1.858531e-04	-2.519737e-04	6.612059e-05
193           	6.612288e-03	3.383932e-03	3.228356e-03	-1.364026e-03	1.288402e-03	-2.652428e-03	1.970415e-03	7.778777e-05	-1.590772e-04	-1.859006e-04	-2.520275e-04	6.612695e-05
194           	6.610402e-03	3.383017e-03	3.227385e-03	-1.364121e-03	1.287867e-03	-2.651988e-03	1.969927e-03	7.781572e-05	-1.591071e-04	-1.859473e-04	-2.520807e-04	6.613344e-05
195           	6.608559e-03	3.382123e-03	3.226436e-03	-1.364213e-03	1.287345e-03	-2.651558e-03	1.969451e-03	7.784361e-05	-1.591366e-04	-1.859931e-04	-2.521331e-04	6.614002e-05
196           	6.606758e-03	3.381250e-03	3.225507e-03	-1.364303e-03	1.286834e-03	-2.651138e-03	1.968986e-03	7.787139e-05	-1.591658e-04	-1.860382e-04	-2.521849e-04	6.614663e-05
197           	6.604998e-03	3.380398e-03	3.224600e-03	-1.364391e-03	1.286336e-03	-2.650727e-03	1.968532e-03	7.789900e-05	-1.591946e-04	-1.860826e-04	-2.522359e-04	6.615325e-05
198           	6.604415e-03	3.380110e-03	3.224305e-03	-1.364718e-03	1.286229e-03	-2.650947e-03	1.968588e-03	7.790238e-05	-1.591742e-04	-1.860671e-04	-2.522077e-04	6.614062e-05
199           	6.604021e-03	3.379899e-03	3.224122e-03	-1.365186e-03	1.286182e-03	-2.651368e-03	1.968775e-03	7.788811e-05	-1.591190e-04	-1.860089e-04	-2.521235e-04	6.611453e-05
200           	6.603682e-03	3.379706e-03	3.223976e-03	-1.365687e-03	1.286147e-03	-2.651834e-03	1.968991e-03	7.786492e-05	-1.590473e-04	-1.859301e-04	-2.520123e-04	6.608225e-05
201           	6.603285e-03	3.379483e-03	3.223801e-03	-1.366132e-03	1.286081e-03	-2.652214e-03	1.969148e-03	7.784110e-05	-1.589760e-04	-1.858509e-04	-2.519015e-04	6.605054e-05
202           	6.602746e-03	3.379197e-03	3.223549e-03	-1.366456e-03	1.285954e-03	-2.652410e-03	1.969182e-03	7.782437e-05	-1.589196e-04	-1.857876e-04	-2.518134e-04	6.602581e-05
203           	6.602040e-03	3.378835e-03	3.223204e-03	-1.366635e-03	1.285757e-03	-2.652392e-03	1.969075e-03	7.781566e-05	-1.588816e-04	-1.857463e-04	-2.517548e-04	6.600846e-05
204           	6.601164e-03	3.378399e-03	3.222765e-03	-1.366671e-03	1.285491e-03	-2.652162e-03	1.968826e-03	7.781676e-05	-1.588639e-04	-1.857269e-04	-2.517274e-04	6.600044e-05
205           	6.600167e-03	3.377908e-03	3.222260e-03	-1.366600e-03	1.285176e-03	-2.651776e-03	1.968476e-03	7.782400e-05	-1.588623e-04	-1.857293e-04	-2.517269e-04	6.599764e-05
206           	6.599093e-03	3.377384e-03	3.221709e-03	-1.366458e-03	1.284832e-03	-2.651291e-03	1.968062e-03	7.783722e-05	-1.588736e-04	-1.857470e-04	-2.517471e-04	6.600014e-05
207           	6.597988e-03	3.376850e-03	3.221138e-03	-1.366285e-03	1.284478e-03	-2.650763e-03	1.967620e-03	7.785597e-05	-1.588963e-04	-1.857793e-04	-2.517859e-04	6.600663e-05
208           	6.596907e-03	3.376330e-03	3.220576e-03	-1.366124e-03	1.284134e-03	-2.650259e-03	1.967196e-03	7.787702e-05	-1.589226e-04	-1.858153e-04	-2.518303e-04	6.601499e-05
209           	6.595887e-03	3.375841e-03	3.220045e-03	-1.366004e-03	1.283817e-03	-2.649821e-03	1.966819e-03	7.789799e-05	-1.589477e-04	-1.858488e-04	-2.518721e-04	6.602332e-05
210           	6.594949e-03	3.375390e-03	3.219558e-03	-1.365939e-03	1.283534e-03	-2.649473e-03	1.966504e-03	7.791582e-05	-1.589659e-04	-1.858727e-04	-2.519022e-04	6.602953e-05
211           	6.594091e-03	3.374977e-03	3.219114e-03	-1.365930e-03	1.283285e-03	-2.649215e-03	1.966250e-03	7.793157e-05	-1.589791e-04	-1.858900e-04	-2.519241e-04	6.603407e-05
212           	6.593309e-03	3.374601e-03	3.218709e-03	-1.365971e-03	1.283067e-03	-2.649039e-03	1.966053e-03	7.794607e-05	-1.589899e-04	-1.859057e-04	-2.519428e-04	6.603707e-05
213           	6.592583e-03	3.374249e-03	3.218334e-03	-1.366046e-03	1.282873e-03	-2.648919e-03	1.965896e-03	7.795774e-05	-1.589960e-04	-1.859163e-04	-2.519541e-04	6.603787e-05
214           	6.591891e-03	3.373912e-03	3.217979e-03	-1.366138e-03	1.282691e-03	-2.648829e-03	1.965760e-03	7.796690e-05	-1.589983e-04	-1.859228e-04	-2.519597e-04	6.603689e-05
215           	6.591212e-03	3.373580e-03	3.217632e-03	-1.366231e-03	1.282513e-03	-2.648744e-03	1.965628e-03	7.797426e-05	-1.589983e-04	-1.859270e-04	-2.519618e-04	6.603483e-05
216           	6.590524e-03	3.373243e-03	3.217282e-03	-1.366308e-03	1.282329e-03	-2.648636e-03	1.965482e-03	7.798050e-05	-1.589969e-04	-1.859287e-04	-2.519613e-04	6.603259e-05
217           	6.589825e-03	3.372899e-03	3.216926e-03	-1.366366e-03	1.282137e-03	-2.648504e-03	1.965320e-03	7.798673e-05	-1.589965e-04	-1.859317e-04	-2.519624e-04	6.603068e-05
218           	6.589110e-03	3.372548e-03	3.216561e-03	-1.366404e-03	1.281938e-03	-2.648341e-03	1.965140e-03	7.799360e-05	-1.589983e-04	-1.859374e-04	-2.519670e-04	6.602956e-05
219           	6.588381e-03	3.372192e-03	3.216189e-03	-1.366422e-03	1.281730e-03	-2.648153e-03	1.964942e-03	7.800158e-05	-1.590027e-04	-1.859463e-04	-2.519759e-04	6.602955e-05
220           	6.587642e-03	3.371832e-03	3.215810e-03	-1.366427e-03	1.281518e-03	-2.647944e-03	1.964731e-03	7.801092e-05	-1.590101e-04	-1.859587e-04	-2.519895e-04	6.603076e-05
221           	6.586902e-03	3.371473e-03	3.215429e-03	-1.366422e-03	1.281302e-03	-2.647725e-03	1.964514e-03	7.802168e-05	-1.590203e-04	-1.859743e-04	-2.520075e-04	6.603319e-05
222           	6.586166e-03	3.371117e-03	3.215049e-03	-1.366415e-03	1.281088e-03	-2.647503e-03	1.964296e-03	7.803378e-05	-1.590330e-04	-1.859925e-04	-2.520292e-04	6.603671e-05
223           	6.585441e-03	3.370767e-03	3.214674e-03	-1.366410e-03	1.280877e-03	-2.647287e-03	1.964082e-03	7.804699e-05	-1.590474e-04	-1.860126e-04	-2.520537e-04	6.604112e-05
224           	6.584731e-03	3.370426e-03	3.214304e-03	-1.366411e-03	1.280671e-03	-2.647082e-03	1.963876e-03	7.806101e-05	-1.590631e-04	-1.860338e-04	-2.520800e-04	6.604615e-05
225           	6.584038e-03	3.370094e-03	3.213943e-03	-1.366419e-03	1.280471e-03	-2.646890e-03	1.963680e-03	7.807553e-05	-1.590793e-04	-1.860555e-04	-2.521071e-04	6.605157e-05
226           	6.583362e-03	3.369771e-03	3.213591e-03	-1.366433e-03	1.280278e-03	-2.646711e-03	1.963494e-03	7.809023e-05	-1.590958e-04	-1.860773e-04	-2.521344e-04	6.605715e-05
227           	6.582702e-03	3.369456e-03	3.213246e-03	-1.366453e-03	1.280090e-03	-2.646543e-03	1.963316e-03	7.810487e-05	-1.591120e-04	-1.860986e-04	-2.521613e-04	6.606270e-05
228           	6.582055e-03	3.369147e-03	3.212908e-03	-1.366477e-03	1.279907e-03	-2.646384e-03	1.963145e-03	7.811927e-05	-1.591278e-04	-1.861194e-04	-2.521875e-04	6.606811e-05
229           	6.581419e-03	3.368843e-03	3.212576e-03	-1.366501e-03	1.279727e-03	-2.646229e-03	1.962978e-03	7.813334e-05	-1.591431e-04	-1.861395e-04	-2.522128e-04	6.607332e-05
230           	6.580791e-03	3.368543e-03	3.212249e-03	-1.366525e-03	1.279550e-03	-2.646076e-03	1.962813e-03	7.814707e-05	-1.591579e-04	-1.861591e-04	-2.522375e-04	6.607833e-05
231           	6.580170e-03	3.368245e-03	3.211924e-03	-1.366547e-03	1.279375e-03	-2.645922e-03	1.962648e-03	7.816052e-05	-1.591724e-04	-1.861783e-04	-2.522615e-04	6.608319e-05
232           	6.579553e-03	3.367950e-03	3.211602e-03	-1.366566e-03	1.279200e-03	-2.645766e-03	1.962483e-03	7.817379e-05	-1.591866e-04	-1.861974e-04	-2.522853e-04	6.608796e-05
233           	6.578940e-03	3.367657e-03	3.211283e-03	-1.366582e-03	1.279026e-03	-2.645608e-03	1.962317e-03	7.818698e-05	-1.592009e-04	-1.862164e-04	-2.523091e-04	6.609271e-05
234           	6.578331e-03	3.367366e-03	3.210966e-03	-1.366595e-03	1.278853e-03	-2.645447e-03	1.962150e-03	7.820019e-05	-1.592153e-04	-1.862355e-04	-2.523331e-04	6.609752e-05
235           	6.577728e-03	3.367078e-03	3.210651e-03	-1.366605e-03	1.278681e-03	-2.645286e-03	1.961983e-03	7.821351e-05	-1.592299e-04	-1.862549e-04	-2.523574e-04	6.610242e-05
236           	6.577131e-03	3.366793e-03	3.210339e-03	-1.366615e-03	1.278510e-03	-2.645125e-03	1.961817e-03	7.822697e-05	-1.592447e-04	-1.862746e-04	-2.523820e-04	6.610744e-05
237           	6.576541e-03	3.366511e-03	3.210030e-03	-1.366624e-03	1.278341e-03	-2.644965e-03	1.961653e-03	7.824056e-05	-1.592598e-04	-1.862944e-04	-2.524070e-04	6.611257e-05
238           	6.575957e-03	3.366232e-03	3.209725e-03	-1.366633e-03	1.278173e-03	-2.644806e-03	1.961489e-03	7.825348e-05	-1.592722e-04	-1.863088e-04	-2.524266e-04	6.611778e-05
239           	6.575382e-03	3.365958e-03	3.209424e-03	-1.366642e-03	1.278008e-03	-2.644650e-03	1.961329e-03	7.826669e-05	-1.592856e-04	-1.863251e-04	-2.524481e-04	6.612309e-05
240           	6.574815e-03	3.365688e-03	3.209127e-03	-1.366652e-03	1.277846e-03	-2.644498e-03	1.961172e-03	7.828017e-05	-1.593001e-04	-1.863433e-04	-2.524717e-04	6.612845e-05
241           	6.574257e-03	3.365422e-03	3.208835e-03	-1.366664e-03	1.277687e-03	-2.644351e-03	1.961019e-03	7.829383e-05	-1.593154e-04	-1.863632e-04	-2.524970e-04	6.613383e-05
242           	6.573708e-03	3.365161e-03	3.208546e-03	-1.366675e-03	1.277531e-03	-2.644206e-03	1.960869e-03	7.830756e-05	-1.593314e-04	-1.863844e-04	-2.525235e-04	6.613918e-05
243           	6.573166e-03	3.364904e-03	3.208262e-03	-1.366688e-03	1.277378e-03	-2.644065e-03	1.960721e-03	7.832126e-05	-1.593475e-04	-1.864061e-04	-2.525506e-04	6.614446e-05
244           	6.572631e-03	3.364650e-03	3.207981e-03	-1.366700e-03	1.277226e-03	-2.643926e-03	1.960576e-03	7.833485e-05	-1.593636e-04	-1.864279e-04	-2.525775e-04	6.614964e-05
245           	6.572104e-03	3.364400e-03	3.207704e-03	-1.366712e-03	1.277077e-03	-2.643788e-03	1.960433e-03	7.834826e-05	-1.593793e-04	-1.864492e-04	-2.526039e-04	6.615469e-05
246           	6.571582e-03	3.364153e-03	3.207430e-03	-1.366723e-03	1.276929e-03	-2.643652e-03	1.960291e-03	7.836146e-05	-1.593945e-04	-1.864698e-04	-2.526294e-04	6.615960e-05
247           	6.571067e-03	3.363908e-03	3.207159e-03	-1.366734e-03	1.276783e-03	-2.643517e-03	1.960150e-03	7.837445e-05	-1.594090e-04	-1.864893e-04	-2.526537e-04	6.616438e-05
248           	6.570558e-03	3.363666e-03	3.206892e-03	-1.366745e-03	1.276638e-03	-2.643383e-03	1.960011e-03	7.838721e-05	-1.594230e-04	-1.865079e-04	-2.526770e-04	6.616903e-05
249           	6.570055e-03	3.363427e-03	3.206628e-03	-1.366754e-03	1.276495e-03	-2.643250e-03	1.959872e-03	7.839978e-05	-1.594364e-04	-1.865257e-04	-2.526993e-04	6.617358e-05
250           	6.569558e-03	3.363191e-03	3.206367e-03	-1.366764e-03	1.276354e-03	-2.643118e-03	1.959736e-03	7.841218e-05	-1.594495e-04	-1.865428e-04	-2.527209e-04	6.617806e-05
251           	6.569066e-03	3.362958e-03	3.206109e-03	-1.366773e-03	1.276214e-03	-2.642987e-03	1.959600e-03	7.842444e-05	-1.594623e-04	-1.865596e-04	-2.527421e-04	6.618249e-05
252           	6.568581e-03	3.362727e-03	3.205854e-03	-1.366781e-03	1.276075e-03	-2.642857e-03	1.959466e-03	7.843659e-05	-1.594750e-04	-1.865762e-04	-2.527630e-04	6.618690e-05
253           	6.568101e-03	3.362499e-03	3.205602e-03	-1.366790e-03	1.275939e-03	-2.642729e-03	1.959334e-03	7.844866e-05	-1.594877e-04	-1.865927e-04	-2.527840e-04	6.619130e-05
254           	6.567628e-03	3.362275e-03	3.205353e-03	-1.366798e-03	1.275804e-03	-2.642602e-03	1.959203e-03	7.846066e-05	-1.595005e-04	-1.866095e-04	-2.528052e-04	6.619572e-05
255           	6.567160e-03	3.362053e-03	3.205108e-03	-1.366806e-03	1.275671e-03	-2.642477e-03	1.959074e-03	7.847261e-05	-1.595134e-04	-1.866264e-04	-2.528266e-04	6.620016e-05
256           	6.566699e-03	3.361834e-03	3.204865e-03	-1.366814e-03	1.275539e-03	-2.642354e-03	1.958947e-03	7.848450e-05	-1.595264e-04	-1.866436e-04	-2.528482e-04	6.620462e-05
257           	6.566243e-03	3.361618e-03	3.204625e-03	-1.366822e-03	1.275410e-03	-2.642232e-03	1.958821e-03	7.849633e-05	-1.595395e-04	-1.866609e-04	-2.528700e-04	6.620908e-05
258           	6.565793e-03	3.361405e-03	3.204389e-03	-1.366830e-03	1.275282e-03	-2.642112e-03	1.958697e-03	7.850810e-05	-1.595527e-04	-1.866784e-04	-2.528919e-04	6.621355e-05
259           	6.565349e-03	3.361194e-03	3.204155e-03	-1.366838e-03	1.275155e-03	-2.641993e-03	1.958574e-03	7.851980e-05	-1.595659e-04	-1.866959e-04	-2.529139e-04	6.621800e-05
260           	6.564911e-03	3.360987e-03	3.203924e-03	-1.366845e-03	1.275031e-03	-2.641876e-03	1.958453e-03	7.853141e-05	-1.595791e-04	-1.867133e-04	-2.529357e-04	6.622242e-05
261           	6.564478e-03	3.360782e-03	3.203696e-03	-1.366853e-03	1.274908e-03	-2.641761e-03	1.958334e-03	7.854292e-05	-1.595921e-04	-1.867305e-04	-2.529573e-04	6.622679e-05
262           	6.564051e-03	3.360580e-03	3.203471e-03	-1.366860e-03	1.274786e-03	-2.641646e-03	1.958216e-03	7.855432e-05	-1.596049e-04	-1.867476e-04	-2.529787e-04	6.623112e-05
263           	6.563629e-03	3.360380e-03	3.203249e-03	-1.366867e-03	1.274666e-03	-2.641534e-03	1.958100e-03	7.856560e-05	-1.596176e-04	-1.867645e-04	-2.529998e-04	6.623538e-05
264           	6.563212e-03	3.360183e-03	3.203029e-03	-1.366875e-03	1.274548e-03	-2.641423e-03	1.957985e-03	7.857676e-05	-1.596301e-04	-1.867811e-04	-2.530206e-04	6.623957e-05
265           	6.562801e-03	3.359988e-03	3.202813e-03	-1.366882e-03	1.274431e-03	-2.641313e-03	1.957872e-03	7.858780e-05	-1.596424e-04	-1.867974e-04	-2.530412e-04	6.624371e-05
266           	6.562395e-03	3.359796e-03	3.202599e-03	-1.366888e-03	1.274316e-03	-2.641204e-03	1.957760e-03	7.859871e-05	-1.596546e-04	-1.868136e-04	-2.530614e-04	6.624778e-05
267           	6.561993e-03	3.359606e-03	3.202387e-03	-1.366895e-03	1.274202e-03	-2.641097e-03	1.957649e-03	7.860950e-05	-1.596666e-04	-1.868297e-04	-2.530815e-04	6.625180e-05
268           	6.561597e-03	3.359419e-03	3.202179e-03	-1.366902e-03	1.274089e-03	-2.640991e-03	1.957540e-03	7.862016e-05	-1.596785e-04	-1.868456e-04	-2.531013e-04	6.625576e-05
269           	6.561206e-03	3.359234e-03	3.201972e-03	-1.366908e-03	1.273978e-03	-2.640886e-03	1.957432e-03	7.863071e-05	-1.596903e-04	-1.868613e-04	-2.531210e-04	6.625968e-05
270           	6.560820e-03	3.359051e-03	3.201769e-03	-1.366914e-03	1.273868e-03	-2.640783e-03	1.957326e-03	7.864114e-05	-1.597020e-04	-1.868770e-04	-2.531405e-04	6.626354e-05
271           	6.560439e-03	3.358871e-03	3.201568e-03	-1.366921e-03	1.273760e-03	-2.640681e-03	1.957221e-03	7.865145e-05	-1.597136e-04	-1.868926e-04	-2.531599e-04	6.626734e-05
272           	6.560062e-03	3.358693e-03	3.201369e-03	-1.366927e-03	1.273653e-03	-2.640580e-03	1.957117e-03	7.866163e-05	-1.597251e-04	-1.869080e-04	-2.531791e-04	6.627109e-05
273           	6.559690e-03	3.358517e-03	3.201174e-03	-1.366933e-03	1.273548e-03	-2.640481e-03	1.957014e-03	7.867169e-05	-1.597365e-04	-1.869234e-04	-2.531981e-04	6.627478e-05
274           	6.559323e-03	3.358343e-03	3.200980e-03	-1.366939e-03	1.273444e-03	-2.640383e-03	1.956913e-03	7.868162e-05	-1.597477e-04	-1.869385e-04	-2.532170e-04	6.627841e-05
275           	6.558961e-03	3.358172e-03	3.200789e-03	-1.366945e-03	1.273341e-03	-2.640286e-03	1.956813e-03	7.869142e-05	-1.597587e-04	-1.869536e-04	-2.532355e-04	6.628196e-05
276           	6.558603e-03	3.358003e-03	3.200601e-03	-1.366951e-03	1.273239e-03	-2.640190e-03	1.956715e-03	7.870108e-05	-1.597696e-04	-1.869684e-04	-2.532538e-04	6.628544e-05
277           	6.558250e-03	3.357836e-03	3.200414e-03	-1.366957e-03	1.273139e-03	-2.640096e-03	1.956617e-03	7.871061e-05	-1.597803e-04	-1.869830e-04	-2.532719e-04	6.628884e-05
278           	6.557901e-03	3.357671e-03	3.200231e-03	-1.366962e-03	1.273040e-03	-2.640002e-03	1.956521e-03	7.871999e-05	-1.597909e-04	-1.869974e-04	-2.532896e-04	6.629216e-05
279           	6.557557e-03	3.357508e-03	3.200049e-03	-1.366968e-03	1.272942e-03	-2.639910e-03	1.956426e-03	7.872923e-05	-1.598012e-04	-1.870117e-04	-2.533071e-04	6.629540e-05
280           	6.557217e-03	3.357347e-03	3.199870e-03	-1.366974e-03	1.272846e-03	-2.639820e-03	1.956333e-03	7.873833e-05	-1.598114e-04	-1.870257e-04	-2.533242e-04	6.629856e-05
281           	6.556881e-03	3.357188e-03	3.199693e-03	-1.366979e-03	1.272751e-03	-2.639730e-03	1.956240e-03	7.874728e-05	-1.598214e-04	-1.870395e-04	-2.533411e-04	6.630164e-05
282           	6.556550e-03	3.357031e-03	3.199519e-03	-1.366985e-03	1.272657e-03	-2.639641e-03	1.956149e-03	7.875611e-05	-1.598312e-04	-1.870531e-04	-2.533577e-04	6.630464e-05
283           	6.556222e-03	3.356876e-03	3.199346e-03	-1.366990e-03	1.272564e-03	-2.639554e-03	1.956059e-03	7.876480e-05	-1.598408e-04	-1.870665e-04	-2.533741e-04	6.630757e-05
284           	6.555899e-03	3.356723e-03	3.199176e-03	-1.366995e-03	1.272473e-03	-2.639468e-03	1.955970e-03	7.877336e-05	-1.598503e-04	-1.870797e-04	-2.533901e-04	6.631043e-05
285           	6.555580e-03	3.356572e-03	3.199008e-03	-1.367001e-03	1.272382e-03	-2.639383e-03	1.955883e-03	7.878180e-05	-1.598596e-04	-1.870928e-04	-2.534060e-04	6.631323e-05
286           	6.555265e-03	3.356423e-03	3.198843e-03	-1.367006e-03	1.272293e-03	-2.639299e-03	1.955796e-03	7.879012e-05	-1.598688e-04	-1.871056e-04	-2.534216e-04	6.631597e-05
287           	6.554954e-03	3.356276e-03	3.198679e-03	-1.367011e-03	1.272205e-03	-2.639216e-03	1.955710e-03	7.879833e-05	-1.598778e-04	-1.871183e-04	-2.534370e-04	6.631866e-05
288           	6.554647e-03	3.356130e-03	3.198517e-03	-1.367016e-03	1.272118e-03	-2.639134e-03	1.955626e-03	7.880644e-05	-1.598868e-04	-1.871309e-04	-2.534522e-04	6.632131e-05
289           	6.554344e-03	3.355987e-03	3.198358e-03	-1.367021e-03	1.272032e-03	-2.639053e-03	1.955543e-03	7.881445e-05	-1.598956e-04	-1.871433e-04	-2.534672e-04	6.632391e-05
290           	6.554045e-03	3.355845e-03	3.198200e-03	-1.367026e-03	1.271947e-03	-2.638974e-03	1.955461e-03	7.882236e-05	-1.599043e-04	-1.871556e-04	-2.534821e-04	6.632647e-05
291           	6.553749e-03	3.355705e-03	3.198045e-03	-1.367031e-03	1.271864e-03	-2.638895e-03	1.955379e-03	7.883018e-05	-1.599129e-04	-1.871678e-04	-2.534968e-04	6.632900e-05
292           	6.553458e-03	3.355567e-03	3.197891e-03	-1.367036e-03	1.271781e-03	-2.638817e-03	1.955299e-03	7.883792e-05	-1.599215e-04	-1.871799e-04	-2.535114e-04	6.633151e-05
293           	6.553170e-03	3.355430e-03	3.197739e-03	-1.367041e-03	1.271700e-03	-2.638741e-03	1.955220e-03	7.884557e-05	-1.599299e-04	-1.871919e-04	-2.535259e-04	6.633399e-05
294           	6.552885e-03	3.355296e-03	3.197590e-03	-1.367046e-03	1.271619e-03	-2.638665e-03	1.955142e-03	7.885315e-05	-1.599383e-04	-1.872038e-04	-2.535402e-04	6.633645e-05
295           	6.552605e-03	3.355163e-03	3.197442e-03	-1.367051e-03	1.271540e-03	-2.638590e-03	1.955065e-03	7.886065e-05	-1.599467e-04	-1.872156e-04	-2.535545e-04	6.633889e-05
296           	6.552328e-03	3.355032e-03	3.197296e-03	-1.367055e-03	1.271461e-03	-2.638517e-03	1.954989e-03	7.886808e-05	-1.599550e-04	-1.872273e-04	-2.535687e-04	6.634131e-05
297           	6.552054e-03	3.354902e-03	3.197151e-03	-1.367060e-03	1.271384e-03	-2.638444e-03	1.954914e-03	7.887545e-05	-1.599632e-04	-1.872390e-04	-2.535828e-04	6.634373e-05
298           	6.551784e-03	3.354775e-03	3.197009e-03	-1.367065e-03	1.271307e-03	-2.638372e-03	1.954840e-03	7.888275e-05	-1.599715e-04	-1.872507e-04	-2.535968e-04	6.634613e-05
299           	6.551517e-03	3.354648e-03	3.196869e-03	-1.367069e-03	1.271232e-03	-2.638301e-03	1.954767e-03	7.888999e-05	-1.599797e-04	-1.872623e-04	-2.536108e-04	6.634852e-05
300           	6.551254e-03	3.354524e-03	3.196730e-03	-1.367074e-03	1.271158e-03	-2.638231e-03	1.954694e-03	7.889718e-05	-1.599878e-04	-1.872738e-04	-2.536247e-04	6.635090e-05
301           	6.550994e-03	3.354401e-03	3.196593e-03	-1.367078e-03	1.271084e-03	-2.638162e-03	1.954623e-03	7.890430e-05	-1.599959e-04	-1.872853e-04	-2.536386e-04	6.635327e-05
302           	6.550737e-03	3.354280e-03	3.196457e-03	-1.367083e-03	1.271011e-03	-2.638094e-03	1.954553e-03	7.891136e-05	-1.600040e-04	-1.872967e-04	-2.536523e-04	6.635563e-05
303           	6.550484e-03	3.354160e-03	3.196323e-03	-1.367087e-03	1.270940e-03	-2.638027e-03	1.954483e-03	7.891837e-05	-1.600120e-04	-1.873081e-04	-2.536661e-04	6.635797e-05
304           	6.550233e-03	3.354042e-03	3.196191e-03	-1.367092e-03	1.270869e-03	-2.637961e-03	1.954415e-03	7.892531e-05	-1.600200e-04	-1.873194e-04	-2.536797e-04	6.636031e-05
305           	6.549986e-03	3.353925e-03	3.196061e-03	-1.367096e-03	1.270799e-03	-2.637895e-03	1.954347e-03	7.893221e-05	-1.600280e-04	-1.873307e-04	-2.536933e-04	6.636264e-05
306           	6.549743e-03	3.353810e-03	3.195932e-03	-1.367100e-03	1.270730e-03	-2.637830e-03	1.954280e-03	7.893904e-05	-1.600359e-04	-1.873419e-04	-2.537069e-04	6.636495e-05
307           	6.549502e-03	3.353697e-03	3.195805e-03	-1.367105e-03	1.270662e-03	-2.637767e-03	1.954214e-03	7.894582e-05	-1.600438e-04	-1.873531e-04	-2.537203e-04	6.636725e-05
308           	6.549264e-03	3.353585e-03	3.195680e-03	-1.367109e-03	1.270595e-03	-2.637704e-03	1.954149e-03	7.895254e-05	-1.600516e-04	-1.873641e-04	-2.537337e-04	6.636954e-05
309           	6.549030e-03	3.353474e-03	3.195556e-03	-1.367113e-03	1.270528e-03	-2.637642e-03	1.954085e-03	7.895921e-05	-1.600594e-04	-1.873752e-04	-2.537470e-04	6.637182e-05
310           	6.548798e-03	3.353365e-03	3.195433e-03	-1.367117e-03	1.270463e-03	-2.637580e-03	1.954022e-03	7.896583e-05	-1.600671e-04	-1.873861e-04	-2.537602e-04	6.637408e-05
311           	6.548564e-03	3.353255e-03	3.195309e-03	-1.367115e-03	1.270397e-03	-2.637512e-03	1.953955e-03	7.897328e-05	-1.600769e-04	-1.874002e-04	-2.537770e-04	6.637683e-05
312           	6.548334e-03	3.353146e-03	3.195187e-03	-1.367113e-03	1.270331e-03	-2.637445e-03	1.953888e-03	7.897956e-05	-1.600840e-04	-1.874098e-04	-2.537889e-04	6.637916e-05
313           	6.548108e-03	3.353040e-03	3.195068e-03	-1.367115e-03	1.270267e-03	-2.637382e-03	1.953824e-03	7.898570e-05	-1.600908e-04	-1.874188e-04	-2.538003e-04	6.638143e-05
314           	6.547887e-03	3.352935e-03	3.194952e-03	-1.367120e-03	1.270204e-03	-2.637323e-03	1.953764e-03	7.899177e-05	-1.600975e-04	-1.874278e-04	-2.538114e-04	6.638364e-05
315           	6.547671e-03	3.352833e-03	3.194838e-03	-1.367126e-03	1.270142e-03	-2.637268e-03	1.953705e-03	7.899782e-05	-1.601043e-04	-1.874370e-04	-2.538228e-04	6.638580e-05
316           	6.547453e-03	3.352731e-03	3.194722e-03	-1.367127e-03	1.270081e-03	-2.637208e-03	1.953645e-03	7.900466e-05	-1.601133e-04	-1.874499e-04	-2.538383e-04	6.638834e-05
317           	6.547241e-03	3.352632e-03	3.194609e-03	-1.367130e-03	1.270021e-03	-2.637151e-03	1.953586e-03	7.901124e-05	-1.601218e-04	-1.874620e-04	-2.538528e-04	6.639074e-05
318           	6.547028e-03	3.352533e-03	3.194495e-03	-1.367129e-03	1.269963e-03	-2.637091e-03	1.953527e-03	7.901918e-05	-1.601336e-04	-1.874799e-04	-2.538735e-04	6.639362e-05
319           	6.546820e-03	3.352436e-03	3.194385e-03	-1.367131e-03	1.269904e-03	-2.637035e-03	1.953469e-03	7.902555e-05	-1.601416e-04	-1.874914e-04	-2.538873e-04	6.639594e-05
320           	6.546618e-03	3.352340e-03	3.194277e-03	-1.367137e-03	1.269846e-03	-2.636983e-03	1.953415e-03	7.903144e-05	-1.601485e-04	-1.875009e-04	-2.538990e-04	6.639801e-05
321           	6.546414e-03	3.352245e-03	3.194169e-03	-1.367139e-03	1.269789e-03	-2.636928e-03	1.953358e-03	7.903780e-05	-1.601566e-04	-1.875125e-04	-2.539128e-04	6.640030e-05
322           	6.546217e-03	3.352152e-03	3.194065e-03	-1.367144e-03	1.269733e-03	-2.636877e-03	1.953305e-03	7.904367e-05	-1.601634e-04	-1.875221e-04	-2.539244e-04	6.640233e-05
323           	6.546019e-03	3.352059e-03	3.193959e-03	-1.367146e-03	1.269677e-03	-2.636823e-03	1.953250e-03	7.904998e-05	-1.601714e-04	-1.875336e-04	-2.539382e-04	6.640458e-05
324           	6.545826e-03	3.351969e-03	3.193857e-03	-1.367151e-03	1.269622e-03	-2.636773e-03	1.953197e-03	7.905574e-05	-1.601781e-04	-1.875430e-04	-2.539496e-04	6.640657e-05
325           	6.545633e-03	3.351879e-03	3.193755e-03	-1.367153e-03	1.269567e-03	-2.636720e-03	1.953144e-03	7.906193e-05	-1.601859e-04	-1.875543e-04	-2.539631e-04	6.640877e-05
326           	6.545446e-03	3.351790e-03	3.193655e-03	-1.367158e-03	1.269514e-03	-2.636672e-03	1.953093e-03	7.906755e-05	-1.601924e-04	-1.875634e-04	-2.539741e-04	6.641071e-05
327           	6.545258e-03	3.351703e-03	3.193555e-03	-1.367160e-03	1.269461e-03	-2.636621e-03	1.953041e-03	7.907359e-05	-1.602001e-04	-1.875745e-04	-2.539873e-04	6.641287e-05
328           	6.545071e-03	3.351615e-03	3.193455e-03	-1.367159e-03	1.269408e-03	-2.636568e-03	1.952988e-03	7.907994e-05	-1.602086e-04	-1.875869e-04	-2.540021e-04	6.641521e-05
329           	6.544890e-03	3.351530e-03	3.193359e-03	-1.367163e-03	1.269357e-03	-2.636520e-03	1.952939e-03	7.908555e-05	-1.602154e-04	-1.875964e-04	-2.540136e-04	6.641723e-05
330           	6.544714e-03	3.351447e-03	3.193266e-03	-1.367172e-03	1.269307e-03	-2.636479e-03	1.952893e-03	7.909061e-05	-1.602209e-04	-1.876038e-04	-2.540228e-04	6.641898e-05
331           	6.544537e-03	3.351365e-03	3.193172e-03	-1.367177e-03	1.269257e-03	-2.636434e-03	1.952845e-03	7.909615e-05	-1.602277e-04	-1.876135e-04	-2.540345e-04	6.642096e-05
332           	6.544361e-03	3.351282e-03	3.193078e-03	-1.367178e-03	1.269207e-03	-2.636385e-03	1.952796e-03	7.910206e-05	-1.602356e-04	-1.876249e-04	-2.540481e-04	6.642315e-05
333           	6.544185e-03	3.351201e-03	3.192984e-03	-1.367177e-03	1.269157e-03	-2.636334e-03	1.952746e-03	7.910824e-05	-1.602442e-04	-1.876374e-04	-2.540629e-04	6.642549e-05
334           	6.544015e-03	3.351121e-03	3.192894e-03	-1.367181e-03	1.269109e-03	-2.636290e-03	1.952700e-03	7.911364e-05	-1.602509e-04	-1.876469e-04	-2.540743e-04	6.642749e-05
335           	6.543846e-03	3.351042e-03	3.192804e-03	-1.367183e-03	1.269061e-03	-2.636244e-03	1.952653e-03	7.911932e-05	-1.602583e-04	-1.876574e-04	-2.540870e-04	6.642962e-05
336           	6.543677e-03	3.350964e-03	3.192714e-03	-1.367184e-03	1.269013e-03	-2.636197e-03	1.952605e-03	7.912519e-05	-1.602662e-04	-1.876687e-04	-2.541006e-04	6.643186e-05
337           	6.543515e-03	3.350888e-03	3.192627e-03	-1.367190e-03	1.268967e-03	-2.636157e-03	1.952562e-03	7.913025e-05	-1.602721e-04	-1.876768e-04	-2.541105e-04	6.643370e-05
338           	6.543354e-03	3.350812e-03	3.192541e-03	-1.367194e-03	1.268921e-03	-2.636115e-03	1.952518e-03	7.913557e-05	-1.602788e-04	-1.876862e-04	-2.541218e-04	6.643567e-05
339           	6.543193e-03	3.350738e-03	3.192455e-03	-1.367195e-03	1.268876e-03	-2.636071e-03	1.952473e-03	7.914110e-05	-1.602860e-04	-1.876965e-04	-2.541342e-04	6.643773e-05
340           	6.543033e-03	3.350663e-03	3.192370e-03	-1.367196e-03	1.268830e-03	-2.636026e-03	1.952428e-03	7.914675e-05	-1.602936e-04	-1.877074e-04	-2.541473e-04	6.643987e-05
341           	6.542880e-03	3.350592e-03	3.192288e-03	-1.367202e-03	1.268787e-03	-2.635989e-03	1.952388e-03	7.915156e-05	-1.602992e-04	-1.877151e-04	-2.541567e-04	6.644160e-05
342           	6.542727e-03	3.350520e-03	3.192207e-03	-1.367207e-03	1.268743e-03	-2.635950e-03	1.952347e-03	7.915661e-05	-1.603054e-04	-1.877240e-04	-2.541674e-04	6.644345e-05
343           	6.542575e-03	3.350449e-03	3.192126e-03	-1.367210e-03	1.268700e-03	-2.635910e-03	1.952305e-03	7.916186e-05	-1.603123e-04	-1.877338e-04	-2.541792e-04	6.644540e-05
344           	6.542424e-03	3.350379e-03	3.192045e-03	-1.367211e-03	1.268657e-03	-2.635868e-03	1.952262e-03	7.916724e-05	-1.603196e-04	-1.877443e-04	-2.541917e-04	6.644743e-05
345           	6.542274e-03	3.350310e-03	3.191964e-03	-1.367211e-03	1.268615e-03	-2.635825e-03	1.952220e-03	7.917269e-05	-1.603271e-04	-1.877551e-04	-2.542046e-04	6.644952e-05
346           	6.542131e-03	3.350243e-03	3.191888e-03	-1.367217e-03	1.268574e-03	-2.635791e-03	1.952183e-03	7.917723e-05	-1.603323e-04	-1.877623e-04	-2.542135e-04	6.645118e-05
347           	6.541988e-03	3.350176e-03	3.191812e-03	-1.367223e-03	1.268533e-03	-2.635756e-03	1.952144e-03	7.918198e-05	-1.603382e-04	-1.877706e-04	-2.542235e-04	6.645294e-05
348           	6.541846e-03	3.350110e-03	3.191736e-03	-1.367226e-03	1.268493e-03	-2.635719e-03	1.952106e-03	7.918691e-05	-1.603446e-04	-1.877797e-04	-2.542345e-04	6.645479e-05
349           	6.541705e-03	3.350045e-03	3.191661e-03	-1.367228e-03	1.268453e-03	-2.635681e-03	1.952067e-03	7.919198e-05	-1.603514e-04	-1.877894e-04	-2.542461e-04	6.645671e-05
350           	6.541565e-03	3.349980e-03	3.191586e-03	-1.367229e-03	1.268413e-03	-2.635642e-03	1.952027e-03	7.919712e-05	-1.603584e-04	-1.877995e-04	-2.542582e-04	6.645869e-05
351           	6.541427e-03	3.349916e-03	3.191511e-03	-1.367229e-03	1.268374e-03	-2.635603e-03	1.951988e-03	7.920229e-05	-1.603655e-04	-1.878096e-04	-2.542703e-04	6.646070e-05
352           	6.541290e-03	3.349853e-03	3.191438e-03	-1.367230e-03	1.268335e-03	-2.635565e-03	1.951950e-03	7.920743e-05	-1.603725e-04	-1.878196e-04	-2.542823e-04	6.646272e-05
353           	6.541155e-03	3.349790e-03	3.191365e-03	-1.367231e-03	1.268296e-03	-2.635527e-03	1.951912e-03	7.921249e-05	-1.603793e-04	-1.878292e-04	-2.542940e-04	6.646471e-05
354           	6.541028e-03	3.349730e-03	3.191297e-03	-1.367239e-03	1.268260e-03	-2.635499e-03	1.951879e-03	7.921656e-05	-1.603837e-04	-1.878350e-04	-2.543012e-04	6.646623e-05
355           	6.540901e-03	3.349671e-03	3.191229e-03	-1.367246e-03	1.268224e-03	-2.635470e-03	1.951847e-03	7.922079e-05	-1.603886e-04	-1.878416e-04	-2.543094e-04	6.646780e-05
356           	6.540774e-03	3.349612e-03	3.191162e-03	-1.367251e-03	1.268188e-03	-2.635439e-03	1.951813e-03	7.922519e-05	-1.603941e-04	-1.878492e-04	-2.543187e-04	6.646944e-05
357           	6.540649e-03	3.349554e-03	3.191095e-03	-1.367255e-03	1.268152e-03	-2.635407e-03	1.951779e-03	7.922974e-05	-1.604000e-04	-1.878577e-04	-2.543288e-04	6.647117e-05
358           	6.540524e-03	3.349496e-03	3.191027e-03	-1.367258e-03	1.268116e-03	-2.635374e-03	1.951745e-03	7.923442e-05	-1.604063e-04	-1.878668e-04	-2.543397e-04	6.647297e-05
359           	6.540400e-03	3.349439e-03	3.190961e-03	-1.367260e-03	1.268081e-03	-2.635340e-03	1.951711e-03	7.923917e-05	-1.604129e-04	-1.878762e-04	-2.543510e-04	6.647484e-05
360           	6.540277e-03	3.349383e-03	3.190895e-03	-1.367261e-03	1.268046e-03	-2.635307e-03	1.951676e-03	7.924397e-05	-1.604196e-04	-1.878857e-04	-2.543625e-04	6.647676e-05
361           	6.540156e-03	3.349327e-03	3.190829e-03	-1.367262e-03	1.268012e-03	-2.635273e-03	1.951642e-03	7.924875e-05	-1.604263e-04	-1.878952e-04	-2.543739e-04	6.647870e-05
362           	6.540036e-03	3.349272e-03	3.190765e-03	-1.367263e-03	1.267978e-03	-2.635240e-03	1.951609e-03	7.925349e-05	-1.604328e-04	-1.879043e-04	-2.543849e-04	6.648064e-05
363           	6.539919e-03	3.349217e-03	3.190701e-03	-1.367264e-03	1.267944e-03	-2.635208e-03	1.951576e-03	7.925816e-05	-1.604391e-04	-1.879131e-04	-2.543956e-04	6.648255e-05
364           	6.539802e-03	3.349164e-03	3.190638e-03	-1.367266e-03	1.267911e-03	-2.635177e-03	1.951544e-03	7.926275e-05	-1.604451e-04	-1.879214e-04	-2.544059e-04	6.648443e-05
365           	6.539688e-03	3.349111e-03	3.190577e-03	-1.367268e-03	1.267878e-03	-2.635147e-03	1.951512e-03	7.926723e-05	-1.604510e-04	-1.879295e-04	-2.544157e-04	6.648626e-05
366           	6.539576e-03	3.349060e-03	3.190516e-03	-1.367271e-03	1.267846e-03	-2.635118e-03	1.951482e-03	7.927163e-05	-1.604567e-04	-1.879372e-04	-2.544253e-04	6.648805e-05
367           	6.539465e-03	3.349009e-03	3.190457e-03	-1.367275e-03	1.267814e-03	-2.635089e-03	1.951452e-03	7.927595e-05	-1.604622e-04	-1.879448e-04	-2.544346e-04	6.648979e-05
368           	6.539356e-03	3.348958e-03	3.190398e-03	-1.367279e-03	1.267783e-03	-2.635062e-03	1.951423e-03	7.928020e-05	-1.604677e-04	-1.879523e-04	-2.544438e-04	6.649150e-05
369           	6.539249e-03	3.348909e-03	3.190340e-03	-1.367282e-03	1.267753e-03	-2.635035e-03	1.951394e-03	7.928440e-05	-1.604731e-04	-1.879598e-04	-2.544530e-04	6.649319e-05
370           	6.539143e-03	3.348860e-03	3.190283e-03	-1.367286e-03	1.267722e-03	-2.635009e-03	1.951365e-03	7.928855e-05	-1.604785e-04	-1.879673e-04	-2.544621e-04	6.649486e-05
371           	6.539039e-03	3.348812e-03	3.190227e-03	-1.367290e-03	1.267693e-03	-2.634983e-03	1.951338e-03	7.929268e-05	-1.604839e-04	-1.879748e-04	-2.544713e-04	6.649652e-05
372           	6.538935e-03	3.348764e-03	3.190171e-03	-1.367294e-03	1.267663e-03	-2.634957e-03	1.951310e-03	7.929678e-05	-1.604894e-04	-1.879824e-04	-2.544806e-04	6.649818e-05
373           	6.538834e-03	3.348718e-03	3.190116e-03	-1.367297e-03	1.267634e-03	-2.634931e-03	1.951283e-03	7.930086e-05	-1.604949e-04	-1.879900e-04	-2.544899e-04	6.649985e-05
374           	6.538733e-03	3.348671e-03	3.190062e-03	-1.367300e-03	1.267605e-03	-2.634906e-03	1.951256e-03	7.930493e-05	-1.605003e-04	-1.879976e-04	-2.544992e-04	6.650152e-05
375           	6.538634e-03	3.348626e-03	3.190008e-03	-1.367303e-03	1.267577e-03	-2.634880e-03	1.951229e-03	7.930899e-05	-1.605058e-04	-1.880052e-04	-2.545084e-04	6.650319e-05
376           	6.538535e-03	3.348581e-03	3.189955e-03	-1.367306e-03	1.267549e-03	-2.634855e-03	1.951202e-03	7.931302e-05	-1.605112e-04	-1.880127e-04	-2.545176e-04	6.650487e-05
377           	6.538438e-03	3.348536e-03	3.189902e-03	-1.367309e-03	1.267521e-03	-2.634831e-03	1.951176e-03	7.931703e-05	-1.605166e-04	-1.880201e-04	-2.545267e-04	6.650654e-05
378           	6.538343e-03	3.348492e-03	3.189850e-03	-1.367312e-03	1.267494e-03	-2.634806e-03	1.951150e-03	7.932102e-05	-1.605219e-04	-1.880275e-04	-2.545357e-04	6.650820e-05
379           	6.538248e-03	3.348449e-03	3.189799e-03	-1.367315e-03	1.267467e-03	-2.634782e-03	1.951124e-03	7.932498e-05	-1.605272e-04	-1.880347e-04	-2.545445e-04	6.650985e-05
380           	6.538155e-03	3.348406e-03	3.189748e-03	-1.367318e-03	1.267440e-03	-2.634758e-03	1.951099e-03	7.932890e-05	-1.605324e-04	-1.880417e-04	-2.545532e-04	6.651150e-05
381           	6.538063e-03	3.348364e-03	3.189698e-03	-1.367320e-03	1.267414e-03	-2.634734e-03	1.951074e-03	7.933279e-05	-1.605375e-04	-1.880488e-04	-2.545619e-04	6.651313e-05
382           	6.537972e-03	3.348322e-03	3.189649e-03	-1.367323e-03	1.267388e-03	-2.634711e-03	1.951049e-03	7.933665e-05	-1.605426e-04	-1.880557e-04	-2.545704e-04	6.651475e-05
383           	6.537882e-03	3.348281e-03	3.189600e-03	-1.367326e-03	1.267362e-03	-2.634688e-03	1.951025e-03	7.934048e-05	-1.605476e-04	-1.880625e-04	-2.545789e-04	6.651636e-05
