# Force and moment coefficients
# dragDir     : (1.000000e+00 0.000000e+00 0.000000e+00)
# sideDir     : (0.000000e+00 1.000000e+00 0.000000e+00)
# liftDir     : (0.000000e+00 0.000000e+00 1.000000e+00)
# rollAxis    : (1.000000e+00 0.000000e+00 0.000000e+00)
# pitchAxis   : (0.000000e+00 1.000000e+00 0.000000e+00)
# yawAxis     : (0.000000e+00 0.000000e+00 1.000000e+00)
# magUInf     : 6.661800e+00
# lRef        : 1.499270e-01
# Aref        : 5.000000e-02
# CofR        : (0.000000e+00 0.000000e+00 0.000000e+00)
#
# Time        	Cd            	Cd(f)         	Cd(r)         	Cl            	Cl(f)         	Cl(r)         	CmPitch       	CmRoll        	CmYaw         	Cs            	Cs(f)         	Cs(r)         
1             	4.515328e-01	2.210599e-01	2.304729e-01	-2.038220e-02	3.941371e-01	-4.145193e-01	4.043282e-01	-4.706523e-03	1.697106e-03	4.140916e-03	3.767564e-03	3.733519e-04
2             	3.384635e-01	1.646998e-01	1.737637e-01	-2.525800e-02	2.933893e-01	-3.186473e-01	3.060183e-01	-4.531923e-03	1.719948e-03	4.063225e-03	3.751560e-03	3.116652e-04
3             	2.619921e-01	1.275654e-01	1.344267e-01	-2.470959e-02	2.254117e-01	-2.501213e-01	2.377665e-01	-3.430655e-03	1.392015e-03	3.051762e-03	2.917896e-03	1.338656e-04
4             	2.031631e-01	9.969344e-02	1.034696e-01	-2.042577e-02	1.734523e-01	-1.938781e-01	1.836652e-01	-1.888100e-03	8.989792e-04	1.582636e-03	1.690297e-03	-1.076610e-04
5             	1.550941e-01	7.717106e-02	7.792300e-02	-1.422109e-02	1.313624e-01	-1.455835e-01	1.384730e-01	-3.759675e-04	4.326420e-04	1.381125e-04	5.016982e-04	-3.635857e-04
6             	1.163009e-01	5.888416e-02	5.741677e-02	-7.756909e-03	9.772374e-02	-1.054807e-01	1.016022e-01	7.336952e-04	1.398659e-04	-9.061073e-04	-3.131878e-04	-5.929195e-04
7             	8.683920e-02	4.465706e-02	4.218214e-02	-2.256551e-03	7.246127e-02	-7.471782e-02	7.358955e-02	1.237457e-03	9.420700e-05	-1.343966e-03	-5.777761e-04	-7.661901e-04
8             	6.657026e-02	3.440175e-02	3.216851e-02	1.594802e-03	5.533857e-02	-5.374377e-02	5.454117e-02	1.116620e-03	2.883044e-04	-1.156564e-03	-2.899777e-04	-8.665864e-04
9             	5.454314e-02	2.777382e-02	2.676933e-02	3.623808e-03	4.542221e-02	-4.179840e-02	4.361031e-02	5.022471e-04	6.524584e-04	-4.789618e-04	4.129775e-04	-8.919393e-04
10            	4.907948e-02	2.415861e-02	2.492087e-02	4.041648e-03	4.116477e-02	-3.712313e-02	3.914395e-02	-3.811277e-04	1.080569e-03	4.570698e-04	1.309104e-03	-8.520344e-04
11            	4.810004e-02	2.276791e-02	2.533214e-02	3.289125e-03	4.069513e-02	-3.740600e-02	3.905057e-02	-1.282115e-03	1.461247e-03	1.391993e-03	2.157243e-03	-7.652504e-04
12            	4.953983e-02	2.277930e-02	2.676053e-02	1.881416e-03	4.218248e-02	-4.030106e-02	4.124177e-02	-1.990614e-03	1.710052e-03	2.109140e-03	2.764622e-03	-6.554817e-04
13            	5.167618e-02	2.346163e-02	2.821455e-02	2.878303e-04	4.412245e-02	-4.383462e-02	4.397854e-02	-2.376458e-03	1.783599e-03	2.475094e-03	3.021146e-03	-5.460516e-04
14            	5.331821e-02	2.425448e-02	2.906373e-02	-1.142384e-03	4.549661e-02	-4.663900e-02	4.606781e-02	-2.404627e-03	1.684969e-03	2.456961e-03	2.913450e-03	-4.564889e-04
15            	5.385196e-02	2.479925e-02	2.905271e-02	-2.208703e-03	4.580602e-02	-4.801472e-02	4.691037e-02	-2.126732e-03	1.456611e-03	2.113026e-03	2.513124e-03	-4.000976e-04
16            	5.316449e-02	2.492825e-02	2.823624e-02	-2.849961e-03	4.499764e-02	-4.784760e-02	4.642262e-02	-1.653999e-03	1.163980e-03	1.564173e-03	1.946066e-03	-3.818936e-04
17            	5.148934e-02	2.462330e-02	2.686604e-02	-3.108944e-03	4.331873e-02	-4.642768e-02	4.487320e-02	-1.121372e-03	8.776224e-04	9.569982e-04	1.356121e-03	-3.991232e-04
18            	4.924202e-02	2.396501e-02	2.527701e-02	-3.089801e-03	4.116788e-02	-4.425769e-02	4.271279e-02	-6.559991e-04	6.578760e-04	4.295380e-04	8.726450e-04	-4.431069e-04
19            	4.686003e-02	2.308039e-02	2.377964e-02	-2.914906e-03	3.895049e-02	-4.186540e-02	4.040794e-02	-3.496263e-04	5.414505e-04	8.116396e-05	5.820324e-04	-5.008685e-04
20            	4.468919e-02	2.209955e-02	2.258965e-02	-2.692096e-03	3.697829e-02	-3.967039e-02	3.832434e-02	-2.450503e-04	5.380453e-04	-4.099655e-05	5.175470e-04	-5.585436e-04
21            	4.292984e-02	2.112952e-02	2.180032e-02	-2.496681e-03	3.542378e-02	-3.792046e-02	3.667212e-02	-3.354026e-04	6.319277e-04	5.603571e-05	6.599455e-04	-6.039098e-04
22            	4.163038e-02	2.024173e-02	2.138865e-02	-2.365849e-03	3.431763e-02	-3.668348e-02	3.550056e-02	-5.734625e-04	7.889318e-04	3.210977e-04	9.494807e-04	-6.283830e-04
23            	4.072106e-02	1.947240e-02	2.124866e-02	-2.304239e-03	3.358210e-02	-3.588634e-02	3.473422e-02	-8.881261e-04	9.660569e-04	6.760979e-04	1.304106e-03	-6.280080e-04
24            	4.006057e-02	1.882725e-02	2.123332e-02	-2.293855e-03	3.307561e-02	-3.536947e-02	3.422254e-02	-1.203035e-03	1.121670e-03	1.036303e-03	1.639822e-03	-6.035190e-04
25            	3.949469e-02	1.829250e-02	2.120219e-02	-2.307741e-03	3.264818e-02	-3.495592e-02	3.380205e-02	-1.454842e-03	1.225640e-03	1.330399e-03	1.890839e-03	-5.604400e-04
26            	3.890077e-02	1.784918e-02	2.105159e-02	-2.321132e-03	3.218154e-02	-3.450267e-02	3.334210e-02	-1.601209e-03	1.260820e-03	1.509123e-03	2.015382e-03	-5.062588e-04
27            	3.820667e-02	1.747668e-02	2.072999e-02	-2.317301e-03	3.160698e-02	-3.392428e-02	3.276563e-02	-1.626655e-03	1.225502e-03	1.552533e-03	2.001769e-03	-4.492353e-04
28            	3.739817e-02	1.715758e-02	2.024059e-02	-2.290592e-03	3.091159e-02	-3.320218e-02	3.205688e-02	-1.541505e-03	1.131782e-03	1.469411e-03	1.866487e-03	-3.970763e-04
29            	3.650999e-02	1.687974e-02	1.963026e-02	-2.245501e-03	3.012938e-02	-3.237488e-02	3.125213e-02	-1.375261e-03	1.000752e-03	1.290433e-03	1.645968e-03	-3.555353e-04
30            	3.560715e-02	1.663572e-02	1.897143e-02	-2.193341e-03	2.932309e-02	-3.151643e-02	3.041976e-02	-1.167854e-03	8.573513e-04	1.059015e-03	1.386859e-03	-3.278440e-04
31            	3.476028e-02	1.642036e-02	1.833992e-02	-2.147283e-03	2.856101e-02	-3.070829e-02	2.963465e-02	-9.597779e-04	7.243456e-04	8.201589e-04	1.134425e-03	-3.142662e-04
32            	3.402631e-02	1.622859e-02	1.779771e-02	-2.118257e-03	2.789870e-02	-3.001695e-02	2.895783e-02	-7.845593e-04	6.190558e-04	6.126242e-04	9.253679e-04	-3.127437e-04
33            	3.343682e-02	1.605475e-02	1.738207e-02	-2.112425e-03	2.736798e-02	-2.948041e-02	2.842419e-02	-6.636581e-04	5.507774e-04	4.625057e-04	7.820303e-04	-3.195246e-04
34            	3.299443e-02	1.589231e-02	1.710212e-02	-2.130239e-03	2.697321e-02	-2.910345e-02	2.803833e-02	-6.049040e-04	5.207470e-04	3.811070e-04	7.113005e-04	-3.301936e-04
35            	3.267589e-02	1.573423e-02	1.694166e-02	-2.166983e-03	2.669415e-02	-2.886113e-02	2.777764e-02	-6.037176e-04	5.234591e-04	3.657438e-04	7.063310e-04	-3.405871e-04
36            	3.244068e-02	1.557385e-02	1.686683e-02	-2.214482e-03	2.649387e-02	-2.870835e-02	2.760111e-02	-6.464892e-04	5.490543e-04	4.030590e-04	7.505838e-04	-3.475248e-04
37            	3.224176e-02	1.540596e-02	1.683580e-02	-2.263313e-03	2.632888e-02	-2.859219e-02	2.746054e-02	-7.149222e-04	5.860829e-04	4.736578e-04	8.229118e-04	-3.492540e-04
38            	3.203629e-02	1.522774e-02	1.680855e-02	-2.305031e-03	2.615916e-02	-2.846419e-02	2.731167e-02	-7.904022e-04	6.239134e-04	5.568175e-04	9.023221e-04	-3.455046e-04
39            	3.179356e-02	1.503938e-02	1.675417e-02	-2.333780e-03	2.595558e-02	-2.828936e-02	2.712247e-02	-8.573950e-04	6.544474e-04	6.343967e-04	9.716457e-04	-3.372490e-04
40            	3.149890e-02	1.484386e-02	1.665504e-02	-2.347097e-03	2.570377e-02	-2.805086e-02	2.687732e-02	-9.055932e-04	6.730243e-04	6.935050e-04	1.019777e-03	-3.262718e-04
41            	3.115363e-02	1.464627e-02	1.650736e-02	-2.345856e-03	2.540416e-02	-2.775002e-02	2.657709e-02	-9.305448e-04	6.784260e-04	7.275642e-04	1.042208e-03	-3.146439e-04
42            	3.077167e-02	1.445275e-02	1.631892e-02	-2.333523e-03	2.506906e-02	-2.740259e-02	2.623582e-02	-9.330870e-04	6.722505e-04	7.360265e-04	1.040264e-03	-3.042373e-04
43            	3.037437e-02	1.426930e-02	1.610507e-02	-2.315044e-03	2.471788e-02	-2.703293e-02	2.587541e-02	-9.178829e-04	6.578570e-04	7.230166e-04	1.019365e-03	-2.963487e-04
44            	2.998466e-02	1.410084e-02	1.588382e-02	-2.295581e-03	2.437180e-02	-2.666738e-02	2.551959e-02	-8.914889e-04	6.391794e-04	6.953636e-04	9.868612e-04	-2.914976e-04
45            	2.962205e-02	1.395036e-02	1.567169e-02	-2.279478e-03	2.404907e-02	-2.632854e-02	2.518881e-02	-8.606643e-04	6.197683e-04	6.606828e-04	9.501097e-04	-2.894269e-04
46            	2.929922e-02	1.381862e-02	1.548061e-02	-2.269554e-03	2.376183e-02	-2.603139e-02	2.489661e-02	-8.309962e-04	6.021494e-04	6.257503e-04	9.150246e-04	-2.892743e-04
47            	2.902068e-02	1.370423e-02	1.531644e-02	-2.266840e-03	2.351475e-02	-2.578158e-02	2.464817e-02	-8.061058e-04	5.875477e-04	5.954162e-04	8.852557e-04	-2.898396e-04
48            	2.878321e-02	1.360411e-02	1.517910e-02	-2.270719e-03	2.330534e-02	-2.557606e-02	2.444070e-02	-7.874980e-04	5.760087e-04	5.722233e-04	8.621203e-04	-2.898970e-04
49            	2.857789e-02	1.351407e-02	1.506382e-02	-2.279367e-03	2.312577e-02	-2.540513e-02	2.426545e-02	-7.748758e-04	5.667622e-04	5.565495e-04	8.450369e-04	-2.884874e-04
50            	2.839275e-02	1.342959e-02	1.496315e-02	-2.290339e-03	2.296523e-02	-2.525557e-02	2.411040e-02	-7.667802e-04	5.587140e-04	5.471844e-04	8.323062e-04	-2.851218e-04
51            	2.821565e-02	1.334651e-02	1.486913e-02	-2.301183e-03	2.281260e-02	-2.511378e-02	2.396319e-02	-7.613108e-04	5.508834e-04	5.420669e-04	8.219169e-04	-2.798500e-04
52            	2.803659e-02	1.326150e-02	1.477509e-02	-2.309928e-03	2.265855e-02	-2.496848e-02	2.381351e-02	-7.567974e-04	5.427561e-04	5.390571e-04	8.122846e-04	-2.732276e-04
53            	2.784923e-02	1.317244e-02	1.467678e-02	-2.315384e-03	2.249700e-02	-2.481238e-02	2.365469e-02	-7.521713e-04	5.343677e-04	5.364349e-04	8.025852e-04	-2.661503e-04
54            	2.765135e-02	1.307851e-02	1.457283e-02	-2.317238e-03	2.232561e-02	-2.464285e-02	2.348423e-02	-7.471584e-04	5.262813e-04	5.332477e-04	7.929052e-04	-2.596575e-04
55            	2.744449e-02	1.298005e-02	1.446444e-02	-2.315950e-03	2.214551e-02	-2.446146e-02	2.330348e-02	-7.421919e-04	5.193926e-04	5.293615e-04	7.840734e-04	-2.547118e-04
56            	2.723291e-02	1.287832e-02	1.435459e-02	-2.312523e-03	2.196031e-02	-2.427284e-02	2.311658e-02	-7.381324e-04	5.146374e-04	5.252743e-04	7.772746e-04	-2.520002e-04
57            	2.702217e-02	1.277516e-02	1.424701e-02	-2.308206e-03	2.177500e-02	-2.408321e-02	2.292911e-02	-7.359222e-04	5.127133e-04	5.218196e-04	7.736231e-04	-2.518035e-04
58            	2.681784e-02	1.267268e-02	1.414516e-02	-2.304210e-03	2.159463e-02	-2.389884e-02	2.274674e-02	-7.362411e-04	5.138509e-04	5.198093e-04	7.737556e-04	-2.539463e-04
59            	2.662435e-02	1.257292e-02	1.405143e-02	-2.301477e-03	2.142332e-02	-2.372479e-02	2.257406e-02	-7.392511e-04	5.177000e-04	5.197260e-04	7.775630e-04	-2.578370e-04
60            	2.644431e-02	1.247763e-02	1.396668e-02	-2.300546e-03	2.126363e-02	-2.356418e-02	2.241390e-02	-7.445221e-04	5.233647e-04	5.215659e-04	7.841476e-04	-2.625817e-04
61            	2.627834e-02	1.238809e-02	1.389025e-02	-2.301527e-03	2.111634e-02	-2.341787e-02	2.226711e-02	-7.510774e-04	5.295438e-04	5.247940e-04	7.919408e-04	-2.671468e-04
62            	2.612524e-02	1.230502e-02	1.382022e-02	-2.304154e-03	2.098061e-02	-2.328476e-02	2.213269e-02	-7.575965e-04	5.347747e-04	5.284668e-04	7.990081e-04	-2.705413e-04
63            	2.598253e-02	1.222861e-02	1.375391e-02	-2.307900e-03	2.085438e-02	-2.316228e-02	2.200833e-02	-7.626497e-04	5.376705e-04	5.314008e-04	8.033709e-04	-2.719701e-04
64            	2.584708e-02	1.215853e-02	1.368855e-02	-2.312123e-03	2.073498e-02	-2.304711e-02	2.189104e-02	-7.650070e-04	5.371967e-04	5.324568e-04	8.034251e-04	-2.709683e-04
65            	2.571579e-02	1.209402e-02	1.362177e-02	-2.316204e-03	2.061969e-02	-2.293589e-02	2.177779e-02	-7.638742e-04	5.328493e-04	5.307734e-04	7.982360e-04	-2.674626e-04
66            	2.558610e-02	1.203401e-02	1.355209e-02	-2.319656e-03	2.050619e-02	-2.282584e-02	2.166602e-02	-7.590388e-04	5.247391e-04	5.259442e-04	7.877112e-04	-2.617669e-04
67            	2.545631e-02	1.197726e-02	1.347905e-02	-2.322192e-03	2.039290e-02	-2.271509e-02	2.155400e-02	-7.508914e-04	5.135551e-04	5.180880e-04	7.725991e-04	-2.545111e-04
68            	2.532569e-02	1.192247e-02	1.340322e-02	-2.323729e-03	2.027908e-02	-2.260281e-02	2.144094e-02	-7.403762e-04	5.004712e-04	5.078544e-04	7.543984e-04	-2.465440e-04
69            	2.519440e-02	1.186838e-02	1.332602e-02	-2.324372e-03	2.016472e-02	-2.248910e-02	2.132691e-02	-7.288170e-04	4.869463e-04	4.963050e-04	7.350988e-04	-2.387938e-04
70            	2.506323e-02	1.181391e-02	1.324932e-02	-2.324353e-03	2.005043e-02	-2.237478e-02	2.121261e-02	-7.177047e-04	4.745071e-04	4.847438e-04	7.168790e-04	-2.321352e-04
71            	2.493334e-02	1.175823e-02	1.317511e-02	-2.323968e-03	1.993711e-02	-2.226108e-02	2.109910e-02	-7.084379e-04	4.644963e-04	4.744779e-04	7.017353e-04	-2.272574e-04
72            	2.480592e-02	1.170081e-02	1.310511e-02	-2.323506e-03	1.982576e-02	-2.214927e-02	2.098752e-02	-7.021494e-04	4.579257e-04	4.666555e-04	6.912534e-04	-2.245979e-04
73            	2.468199e-02	1.164145e-02	1.304054e-02	-2.323203e-03	1.971723e-02	-2.204043e-02	2.087883e-02	-6.995432e-04	4.553416e-04	4.620920e-04	6.863876e-04	-2.242956e-04
74            	2.456219e-02	1.158028e-02	1.298192e-02	-2.323211e-03	1.961207e-02	-2.193528e-02	2.077368e-02	-7.008204e-04	4.567728e-04	4.611595e-04	6.873526e-04	-2.261930e-04
75            	2.444678e-02	1.151769e-02	1.292909e-02	-2.323585e-03	1.951055e-02	-2.183414e-02	2.067234e-02	-7.056982e-04	4.617775e-04	4.637829e-04	6.936690e-04	-2.298861e-04
76            	2.433564e-02	1.145434e-02	1.288130e-02	-2.324300e-03	1.941260e-02	-2.173690e-02	2.057475e-02	-7.134777e-04	4.695282e-04	4.694685e-04	7.042625e-04	-2.347940e-04
77            	2.422834e-02	1.139101e-02	1.283732e-02	-2.325269e-03	1.931791e-02	-2.164318e-02	2.048055e-02	-7.231556e-04	4.789368e-04	4.773846e-04	7.176291e-04	-2.402445e-04
78            	2.412431e-02	1.132856e-02	1.279575e-02	-2.326370e-03	1.922606e-02	-2.155243e-02	2.038924e-02	-7.335937e-04	4.888264e-04	4.865130e-04	7.320829e-04	-2.455699e-04
79            	2.402297e-02	1.126780e-02	1.275517e-02	-2.327486e-03	1.913659e-02	-2.146408e-02	2.030033e-02	-7.436850e-04	4.980854e-04	4.957923e-04	7.459815e-04	-2.501892e-04
80            	2.392382e-02	1.120942e-02	1.271439e-02	-2.328519e-03	1.904912e-02	-2.137764e-02	2.021338e-02	-7.524837e-04	5.057980e-04	5.042591e-04	7.579275e-04	-2.536684e-04
81            	2.382648e-02	1.115394e-02	1.267254e-02	-2.329409e-03	1.896337e-02	-2.129278e-02	2.012808e-02	-7.593002e-04	5.113298e-04	5.111525e-04	7.669061e-04	-2.557536e-04
82            	2.373077e-02	1.110162e-02	1.262915e-02	-2.330134e-03	1.887921e-02	-2.120934e-02	2.004428e-02	-7.637651e-04	5.143794e-04	5.159925e-04	7.723757e-04	-2.563832e-04
83            	2.363666e-02	1.105250e-02	1.258416e-02	-2.330710e-03	1.879662e-02	-2.112733e-02	1.996197e-02	-7.658286e-04	5.149681e-04	5.185988e-04	7.742675e-04	-2.556687e-04
84            	2.354425e-02	1.100640e-02	1.253785e-02	-2.331179e-03	1.871567e-02	-2.104685e-02	1.988126e-02	-7.657244e-04	5.133972e-04	5.190765e-04	7.729354e-04	-2.538589e-04
85            	2.345371e-02	1.096295e-02	1.249076e-02	-2.331593e-03	1.863649e-02	-2.096808e-02	1.980228e-02	-7.639011e-04	5.101751e-04	5.177666e-04	7.690584e-04	-2.512918e-04
86            	2.336518e-02	1.092163e-02	1.244355e-02	-2.332005e-03	1.855917e-02	-2.089117e-02	1.972517e-02	-7.609585e-04	5.059516e-04	5.151957e-04	7.635495e-04	-2.483537e-04
87            	2.327881e-02	1.088192e-02	1.239690e-02	-2.332458e-03	1.848380e-02	-2.081626e-02	1.965003e-02	-7.574911e-04	5.013494e-04	5.119155e-04	7.573072e-04	-2.453917e-04
88            	2.319466e-02	1.084325e-02	1.235141e-02	-2.332977e-03	1.841040e-02	-2.074338e-02	1.957689e-02	-7.540802e-04	4.969688e-04	5.085044e-04	7.512210e-04	-2.427166e-04
89            	2.311271e-02	1.080514e-02	1.230756e-02	-2.333569e-03	1.833892e-02	-2.067249e-02	1.950571e-02	-7.512097e-04	4.932999e-04	5.054761e-04	7.460379e-04	-2.405618e-04
90            	2.303286e-02	1.076720e-02	1.226566e-02	-2.334221e-03	1.826925e-02	-2.060347e-02	1.943636e-02	-7.492312e-04	4.906890e-04	5.032349e-04	7.423065e-04	-2.390716e-04
91            	2.295497e-02	1.072916e-02	1.222581e-02	-2.334912e-03	1.820125e-02	-2.053616e-02	1.936870e-02	-7.483226e-04	4.892992e-04	5.020204e-04	7.403094e-04	-2.382890e-04
92            	2.287887e-02	1.069092e-02	1.218795e-02	-2.335612e-03	1.813476e-02	-2.047037e-02	1.930257e-02	-7.485170e-04	4.891405e-04	5.019282e-04	7.401046e-04	-2.381764e-04
93            	2.280441e-02	1.065247e-02	1.215194e-02	-2.336293e-03	1.806964e-02	-2.040593e-02	1.923779e-02	-7.497352e-04	4.901063e-04	5.029352e-04	7.415739e-04	-2.386387e-04
94            	2.273143e-02	1.061392e-02	1.211751e-02	-2.336934e-03	1.800578e-02	-2.034272e-02	1.917425e-02	-7.517971e-04	4.919859e-04	5.049024e-04	7.444371e-04	-2.395347e-04
95            	2.265984e-02	1.057545e-02	1.208438e-02	-2.337522e-03	1.794310e-02	-2.028062e-02	1.911186e-02	-7.544665e-04	4.945134e-04	5.076171e-04	7.483220e-04	-2.407048e-04
96            	2.258957e-02	1.053729e-02	1.205228e-02	-2.338053e-03	1.788158e-02	-2.021963e-02	1.905060e-02	-7.574918e-04	4.974110e-04	5.108345e-04	7.528283e-04	-2.419938e-04
97            	2.252064e-02	1.049968e-02	1.202095e-02	-2.338536e-03	1.782121e-02	-2.015975e-02	1.899048e-02	-7.606356e-04	5.004200e-04	5.143087e-04	7.575744e-04	-2.432657e-04
98            	2.245304e-02	1.046282e-02	1.199022e-02	-2.338984e-03	1.776204e-02	-2.010103e-02	1.893153e-02	-7.636988e-04	5.033253e-04	5.178199e-04	7.622352e-04	-2.444153e-04
99            	2.238681e-02	1.042687e-02	1.195994e-02	-2.339413e-03	1.770410e-02	-2.004351e-02	1.887381e-02	-7.665348e-04	5.059720e-04	5.211953e-04	7.665697e-04	-2.453744e-04
100           	2.232200e-02	1.039194e-02	1.193006e-02	-2.339839e-03	1.764744e-02	-1.998728e-02	1.881736e-02	-7.690593e-04	5.082736e-04	5.243216e-04	7.704345e-04	-2.461128e-04
101           	2.225863e-02	1.035807e-02	1.190056e-02	-2.340276e-03	1.759208e-02	-1.993235e-02	1.876222e-02	-7.712437e-04	5.102063e-04	5.271435e-04	7.737780e-04	-2.466345e-04
102           	2.219673e-02	1.032526e-02	1.187147e-02	-2.340736e-03	1.753804e-02	-1.987878e-02	1.870841e-02	-7.731045e-04	5.117952e-04	5.296541e-04	7.766222e-04	-2.469681e-04
103           	2.213629e-02	1.029345e-02	1.184284e-02	-2.341223e-03	1.748532e-02	-1.982654e-02	1.865593e-02	-7.746986e-04	5.131087e-04	5.318937e-04	7.790556e-04	-2.471619e-04
104           	2.207728e-02	1.026254e-02	1.181475e-02	-2.341738e-03	1.743387e-02	-1.977561e-02	1.860474e-02	-7.761050e-04	5.142382e-04	5.339305e-04	7.812034e-04	-2.472729e-04
105           	2.201967e-02	1.023243e-02	1.178723e-02	-2.342277e-03	1.738367e-02	-1.972594e-02	1.855481e-02	-7.773980e-04	5.152695e-04	5.358339e-04	7.831864e-04	-2.473526e-04
106           	2.196338e-02	1.020304e-02	1.176035e-02	-2.342832e-03	1.733464e-02	-1.967748e-02	1.850606e-02	-7.786553e-04	5.162902e-04	5.376821e-04	7.851313e-04	-2.474491e-04
107           	2.190837e-02	1.017424e-02	1.173413e-02	-2.343397e-03	1.728674e-02	-1.963014e-02	1.845844e-02	-7.799429e-04	5.173737e-04	5.395461e-04	7.871468e-04	-2.476007e-04
108           	2.185457e-02	1.014597e-02	1.170859e-02	-2.343962e-03	1.723989e-02	-1.958386e-02	1.841187e-02	-7.813102e-04	5.185741e-04	5.414822e-04	7.893151e-04	-2.478330e-04
109           	2.180192e-02	1.011817e-02	1.168375e-02	-2.344522e-03	1.719406e-02	-1.953858e-02	1.836632e-02	-7.827884e-04	5.199236e-04	5.435293e-04	7.916883e-04	-2.481589e-04
110           	2.175038e-02	1.009080e-02	1.165958e-02	-2.345070e-03	1.714918e-02	-1.949425e-02	1.832172e-02	-7.843913e-04	5.214346e-04	5.457086e-04	7.942889e-04	-2.485803e-04
111           	2.169992e-02	1.006384e-02	1.163608e-02	-2.345605e-03	1.710524e-02	-1.945085e-02	1.827804e-02	-7.861191e-04	5.231033e-04	5.480260e-04	7.971164e-04	-2.490903e-04
112           	2.165049e-02	1.003729e-02	1.161321e-02	-2.346125e-03	1.706221e-02	-1.940833e-02	1.823527e-02	-7.879605e-04	5.249134e-04	5.504752e-04	8.001510e-04	-2.496758e-04
113           	2.160210e-02	1.001115e-02	1.159095e-02	-2.346633e-03	1.702007e-02	-1.936670e-02	1.819339e-02	-7.898964e-04	5.268393e-04	5.530392e-04	8.033588e-04	-2.503197e-04
114           	2.155472e-02	9.985458e-03	1.156927e-02	-2.347130e-03	1.697882e-02	-1.932595e-02	1.815239e-02	-7.919033e-04	5.288514e-04	5.556942e-04	8.066985e-04	-2.510043e-04
115           	2.150835e-02	9.960220e-03	1.154813e-02	-2.347621e-03	1.693845e-02	-1.928607e-02	1.811226e-02	-7.939577e-04	5.309198e-04	5.584138e-04	8.101267e-04	-2.517129e-04
116           	2.146298e-02	9.935448e-03	1.152753e-02	-2.348107e-03	1.689895e-02	-1.924706e-02	1.807300e-02	-7.960433e-04	5.330224e-04	5.611778e-04	8.136114e-04	-2.524335e-04
117           	2.141860e-02	9.911167e-03	1.150744e-02	-2.348592e-03	1.686032e-02	-1.920891e-02	1.803462e-02	-7.981345e-04	5.351285e-04	5.639544e-04	8.171057e-04	-2.531513e-04
118           	2.137520e-02	9.887382e-03	1.148782e-02	-2.349077e-03	1.682255e-02	-1.917162e-02	1.799709e-02	-8.002185e-04	5.372205e-04	5.667244e-04	8.205826e-04	-2.538583e-04
119           	2.133276e-02	9.864093e-03	1.146867e-02	-2.349564e-03	1.678562e-02	-1.913518e-02	1.796040e-02	-8.022870e-04	5.392868e-04	5.694736e-04	8.240236e-04	-2.545500e-04
120           	2.129126e-02	9.841297e-03	1.144997e-02	-2.350051e-03	1.674952e-02	-1.909957e-02	1.792455e-02	-8.043355e-04	5.413213e-04	5.721928e-04	8.274177e-04	-2.552249e-04
121           	2.125069e-02	9.818983e-03	1.143171e-02	-2.350539e-03	1.671423e-02	-1.906477e-02	1.788950e-02	-8.063626e-04	5.433217e-04	5.748765e-04	8.307599e-04	-2.558834e-04
122           	2.121102e-02	9.797140e-03	1.141388e-02	-2.351026e-03	1.667973e-02	-1.903075e-02	1.785524e-02	-8.083683e-04	5.452887e-04	5.775228e-04	8.340501e-04	-2.565274e-04
123           	2.117221e-02	9.775740e-03	1.139647e-02	-2.351509e-03	1.664598e-02	-1.899749e-02	1.782174e-02	-8.103657e-04	5.472393e-04	5.801462e-04	8.373124e-04	-2.571662e-04
124           	2.113426e-02	9.754793e-03	1.137947e-02	-2.351989e-03	1.661299e-02	-1.896498e-02	1.778898e-02	-8.123391e-04	5.491565e-04	5.827271e-04	8.405201e-04	-2.577930e-04
125           	2.109715e-02	9.734286e-03	1.136287e-02	-2.352465e-03	1.658072e-02	-1.893319e-02	1.775696e-02	-8.142894e-04	5.510435e-04	5.852674e-04	8.436772e-04	-2.584098e-04
126           	2.106086e-02	9.714209e-03	1.134665e-02	-2.352936e-03	1.654917e-02	-1.890211e-02	1.772564e-02	-8.162189e-04	5.529044e-04	5.877704e-04	8.467896e-04	-2.590192e-04
127           	2.102536e-02	9.694550e-03	1.133081e-02	-2.353402e-03	1.651831e-02	-1.887171e-02	1.769501e-02	-8.181286e-04	5.547420e-04	5.902387e-04	8.498613e-04	-2.596226e-04
128           	2.099064e-02	9.675298e-03	1.131534e-02	-2.353861e-03	1.648813e-02	-1.884199e-02	1.766506e-02	-8.200196e-04	5.565584e-04	5.926748e-04	8.528958e-04	-2.602210e-04
129           	2.095668e-02	9.656445e-03	1.130023e-02	-2.354313e-03	1.645861e-02	-1.881292e-02	1.763576e-02	-8.218923e-04	5.583555e-04	5.950808e-04	8.558959e-04	-2.608151e-04
130           	2.092346e-02	9.637984e-03	1.128548e-02	-2.354758e-03	1.642973e-02	-1.878449e-02	1.760711e-02	-8.237466e-04	5.601341e-04	5.974582e-04	8.588632e-04	-2.614050e-04
131           	2.089098e-02	9.619908e-03	1.127107e-02	-2.355196e-03	1.640149e-02	-1.875669e-02	1.757909e-02	-8.255802e-04	5.618923e-04	5.998056e-04	8.617951e-04	-2.619895e-04
132           	2.085921e-02	9.602223e-03	1.125699e-02	-2.355628e-03	1.637388e-02	-1.872951e-02	1.755169e-02	-8.273833e-04	5.636190e-04	6.021129e-04	8.646754e-04	-2.625626e-04
133           	2.082815e-02	9.584919e-03	1.124323e-02	-2.356053e-03	1.634687e-02	-1.870293e-02	1.752490e-02	-8.291555e-04	5.653164e-04	6.043825e-04	8.675076e-04	-2.631251e-04
134           	2.079777e-02	9.567995e-03	1.122978e-02	-2.356470e-03	1.632046e-02	-1.867693e-02	1.749870e-02	-8.308907e-04	5.669784e-04	6.066091e-04	8.702830e-04	-2.636738e-04
135           	2.076806e-02	9.551432e-03	1.121663e-02	-2.356877e-03	1.629462e-02	-1.865150e-02	1.747306e-02	-8.325969e-04	5.686140e-04	6.088025e-04	8.730153e-04	-2.642128e-04
136           	2.073901e-02	9.535249e-03	1.120376e-02	-2.357277e-03	1.626936e-02	-1.862664e-02	1.744800e-02	-8.342542e-04	5.702011e-04	6.109396e-04	8.756709e-04	-2.647313e-04
137           	2.071061e-02	9.519443e-03	1.119116e-02	-2.357671e-03	1.624466e-02	-1.860234e-02	1.742350e-02	-8.358600e-04	5.717367e-04	6.130175e-04	8.782454e-04	-2.652280e-04
138           	2.068284e-02	9.504009e-03	1.117883e-02	-2.358057e-03	1.622052e-02	-1.857858e-02	1.739955e-02	-8.374123e-04	5.732185e-04	6.150335e-04	8.807352e-04	-2.657017e-04
139           	2.065570e-02	9.488941e-03	1.116676e-02	-2.358436e-03	1.619692e-02	-1.855536e-02	1.737614e-02	-8.389101e-04	5.746454e-04	6.169862e-04	8.831385e-04	-2.661523e-04
140           	2.062917e-02	9.474233e-03	1.115494e-02	-2.358808e-03	1.617385e-02	-1.853266e-02	1.735326e-02	-8.403536e-04	5.760182e-04	6.188760e-04	8.854562e-04	-2.665802e-04
141           	2.060324e-02	9.459877e-03	1.114336e-02	-2.359171e-03	1.615131e-02	-1.851048e-02	1.733089e-02	-8.417437e-04	5.773381e-04	6.207035e-04	8.876899e-04	-2.669864e-04
142           	2.057789e-02	9.445866e-03	1.113203e-02	-2.359527e-03	1.612926e-02	-1.848879e-02	1.730903e-02	-8.430809e-04	5.786063e-04	6.224696e-04	8.898411e-04	-2.673715e-04
143           	2.055313e-02	9.432191e-03	1.112094e-02	-2.359876e-03	1.610773e-02	-1.846761e-02	1.728767e-02	-8.443732e-04	5.798299e-04	6.241817e-04	8.919208e-04	-2.677391e-04
144           	2.052892e-02	9.418843e-03	1.111008e-02	-2.360217e-03	1.608668e-02	-1.844690e-02	1.726679e-02	-8.456184e-04	5.810062e-04	6.258364e-04	8.939244e-04	-2.680880e-04
145           	2.050526e-02	9.405818e-03	1.109944e-02	-2.360550e-03	1.606611e-02	-1.842666e-02	1.724638e-02	-8.468123e-04	5.821311e-04	6.274296e-04	8.958459e-04	-2.684163e-04
146           	2.048213e-02	9.393114e-03	1.108902e-02	-2.360873e-03	1.604600e-02	-1.840687e-02	1.722643e-02	-8.479512e-04	5.832014e-04	6.289578e-04	8.976803e-04	-2.687225e-04
147           	2.045952e-02	9.380729e-03	1.107880e-02	-2.361188e-03	1.602634e-02	-1.838753e-02	1.720693e-02	-8.490334e-04	5.842161e-04	6.304201e-04	8.994262e-04	-2.690061e-04
148           	2.043743e-02	9.368655e-03	1.106877e-02	-2.361493e-03	1.600712e-02	-1.836862e-02	1.718787e-02	-8.500598e-04	5.851767e-04	6.318179e-04	9.010857e-04	-2.692678e-04
149           	2.041584e-02	9.356884e-03	1.105895e-02	-2.361789e-03	1.598834e-02	-1.835013e-02	1.716924e-02	-8.510334e-04	5.860865e-04	6.331542e-04	9.026636e-04	-2.695094e-04
150           	2.039473e-02	9.345409e-03	1.104932e-02	-2.362077e-03	1.596999e-02	-1.833207e-02	1.715103e-02	-8.519572e-04	5.869483e-04	6.344317e-04	9.041641e-04	-2.697324e-04
151           	2.037411e-02	9.334222e-03	1.103989e-02	-2.362357e-03	1.595206e-02	-1.831441e-02	1.713323e-02	-8.528343e-04	5.877648e-04	6.356528e-04	9.055911e-04	-2.699384e-04
152           	2.035396e-02	9.323313e-03	1.103065e-02	-2.362630e-03	1.593453e-02	-1.829716e-02	1.711584e-02	-8.536684e-04	5.885395e-04	6.368211e-04	9.069501e-04	-2.701290e-04
153           	2.033427e-02	9.312674e-03	1.102160e-02	-2.362895e-03	1.591740e-02	-1.828030e-02	1.709885e-02	-8.544634e-04	5.892766e-04	6.379406e-04	9.082469e-04	-2.703063e-04
154           	2.031504e-02	9.302297e-03	1.101274e-02	-2.363153e-03	1.590067e-02	-1.826382e-02	1.708225e-02	-8.552213e-04	5.899787e-04	6.390146e-04	9.094860e-04	-2.704714e-04
155           	2.029624e-02	9.292178e-03	1.100406e-02	-2.363405e-03	1.588432e-02	-1.824772e-02	1.706602e-02	-8.559428e-04	5.906474e-04	6.400450e-04	9.106699e-04	-2.706249e-04
156           	2.027788e-02	9.282310e-03	1.099557e-02	-2.363650e-03	1.586834e-02	-1.823199e-02	1.705017e-02	-8.566281e-04	5.912834e-04	6.410331e-04	9.117999e-04	-2.707668e-04
157           	2.025993e-02	9.272691e-03	1.098724e-02	-2.363889e-03	1.585273e-02	-1.821662e-02	1.703468e-02	-8.572757e-04	5.918858e-04	6.419787e-04	9.128752e-04	-2.708964e-04
158           	2.024241e-02	9.263320e-03	1.097909e-02	-2.364120e-03	1.583749e-02	-1.820161e-02	1.701955e-02	-8.578823e-04	5.924524e-04	6.428801e-04	9.138925e-04	-2.710124e-04
159           	2.022528e-02	9.254193e-03	1.097109e-02	-2.364345e-03	1.582259e-02	-1.818693e-02	1.700476e-02	-8.584478e-04	5.929836e-04	6.437380e-04	9.148527e-04	-2.711146e-04
160           	2.020856e-02	9.245306e-03	1.096325e-02	-2.364563e-03	1.580804e-02	-1.817260e-02	1.699032e-02	-8.589724e-04	5.934804e-04	6.445536e-04	9.157572e-04	-2.712036e-04
161           	2.019221e-02	9.236640e-03	1.095557e-02	-2.364774e-03	1.579382e-02	-1.815859e-02	1.697621e-02	-8.594667e-04	5.939526e-04	6.453378e-04	9.166214e-04	-2.712837e-04
162           	2.017625e-02	9.228207e-03	1.094805e-02	-2.364978e-03	1.577993e-02	-1.814491e-02	1.696242e-02	-8.599204e-04	5.943904e-04	6.460794e-04	9.174301e-04	-2.713507e-04
163           	2.016067e-02	9.219998e-03	1.094067e-02	-2.365176e-03	1.576638e-02	-1.813155e-02	1.694896e-02	-8.603374e-04	5.947969e-04	6.467813e-04	9.181875e-04	-2.714063e-04
164           	2.014546e-02	9.212018e-03	1.093344e-02	-2.365369e-03	1.575314e-02	-1.811851e-02	1.693582e-02	-8.607104e-04	5.951647e-04	6.474351e-04	9.188822e-04	-2.714471e-04
165           	2.013060e-02	9.204231e-03	1.092637e-02	-2.365555e-03	1.574021e-02	-1.810577e-02	1.692299e-02	-8.610675e-04	5.955181e-04	6.480670e-04	9.195516e-04	-2.714847e-04
166           	2.011609e-02	9.196647e-03	1.091944e-02	-2.365734e-03	1.572759e-02	-1.809332e-02	1.691046e-02	-8.613977e-04	5.958474e-04	6.486662e-04	9.201805e-04	-2.715143e-04
167           	2.010193e-02	9.189273e-03	1.091265e-02	-2.365908e-03	1.571527e-02	-1.808118e-02	1.689822e-02	-8.616910e-04	5.961432e-04	6.492232e-04	9.207548e-04	-2.715316e-04
168           	2.008810e-02	9.182077e-03	1.090602e-02	-2.366075e-03	1.570324e-02	-1.806931e-02	1.688627e-02	-8.619717e-04	5.964278e-04	6.497625e-04	9.213091e-04	-2.715465e-04
169           	2.007459e-02	9.175071e-03	1.089952e-02	-2.366235e-03	1.569149e-02	-1.805773e-02	1.687461e-02	-8.622261e-04	5.966888e-04	6.502715e-04	9.218245e-04	-2.715530e-04
170           	2.006142e-02	9.168254e-03	1.089316e-02	-2.366390e-03	1.568002e-02	-1.804642e-02	1.686322e-02	-8.624542e-04	5.969262e-04	6.507508e-04	9.223016e-04	-2.715508e-04
171           	2.004855e-02	9.161620e-03	1.088693e-02	-2.366540e-03	1.566883e-02	-1.803537e-02	1.685210e-02	-8.626564e-04	5.971403e-04	6.512007e-04	9.227407e-04	-2.715399e-04
172           	2.003600e-02	9.155167e-03	1.088083e-02	-2.366684e-03	1.565791e-02	-1.802460e-02	1.684126e-02	-8.628327e-04	5.973313e-04	6.516219e-04	9.231422e-04	-2.715203e-04
173           	2.002375e-02	9.148892e-03	1.087486e-02	-2.366822e-03	1.564726e-02	-1.801408e-02	1.683067e-02	-8.629825e-04	5.974982e-04	6.520137e-04	9.235050e-04	-2.714913e-04
174           	2.001180e-02	9.142791e-03	1.086901e-02	-2.366955e-03	1.563686e-02	-1.800382e-02	1.682034e-02	-8.631071e-04	5.976413e-04	6.523766e-04	9.238296e-04	-2.714530e-04
175           	2.000013e-02	9.136860e-03	1.086327e-02	-2.367084e-03	1.562672e-02	-1.799380e-02	1.681026e-02	-8.632072e-04	5.977605e-04	6.527103e-04	9.241156e-04	-2.714053e-04
176           	1.998876e-02	9.131095e-03	1.085766e-02	-2.367207e-03	1.561682e-02	-1.798403e-02	1.680042e-02	-8.632838e-04	5.978548e-04	6.530139e-04	9.243617e-04	-2.713478e-04
177           	1.997766e-02	9.125491e-03	1.085217e-02	-2.367325e-03	1.560717e-02	-1.797449e-02	1.679083e-02	-8.633384e-04	5.979243e-04	6.532872e-04	9.245679e-04	-2.712807e-04
178           	1.996683e-02	9.120043e-03	1.084679e-02	-2.367439e-03	1.559775e-02	-1.796519e-02	1.678147e-02	-8.633730e-04	5.979697e-04	6.535309e-04	9.247352e-04	-2.712043e-04
179           	1.995627e-02	9.114747e-03	1.084153e-02	-2.367548e-03	1.558857e-02	-1.795612e-02	1.677234e-02	-8.633896e-04	5.979919e-04	6.537454e-04	9.248646e-04	-2.711192e-04
180           	1.994598e-02	9.109608e-03	1.083637e-02	-2.367653e-03	1.557962e-02	-1.794727e-02	1.676344e-02	-8.633810e-04	5.979837e-04	6.539226e-04	9.249450e-04	-2.710225e-04
181           	1.993594e-02	9.104606e-03	1.083133e-02	-2.367753e-03	1.557088e-02	-1.793864e-02	1.675476e-02	-8.633626e-04	5.979594e-04	6.540775e-04	9.249982e-04	-2.709207e-04
182           	1.992614e-02	9.099735e-03	1.082641e-02	-2.367849e-03	1.556237e-02	-1.793022e-02	1.674629e-02	-8.633374e-04	5.979220e-04	6.542132e-04	9.250286e-04	-2.708154e-04
183           	1.991659e-02	9.094976e-03	1.082161e-02	-2.367939e-03	1.555406e-02	-1.792200e-02	1.673803e-02	-8.633184e-04	5.978838e-04	6.543428e-04	9.250552e-04	-2.707124e-04
184           	1.990727e-02	9.090345e-03	1.081693e-02	-2.368026e-03	1.554595e-02	-1.791398e-02	1.672997e-02	-8.632915e-04	5.978328e-04	6.544535e-04	9.250595e-04	-2.706060e-04
185           	1.989819e-02	9.085840e-03	1.081235e-02	-2.368110e-03	1.553806e-02	-1.790617e-02	1.672211e-02	-8.632573e-04	5.977700e-04	6.545464e-04	9.250432e-04	-2.704968e-04
186           	1.988934e-02	9.081456e-03	1.080789e-02	-2.368190e-03	1.553036e-02	-1.789855e-02	1.671446e-02	-8.632165e-04	5.976969e-04	6.546231e-04	9.250084e-04	-2.703854e-04
187           	1.988072e-02	9.077189e-03	1.080353e-02	-2.368266e-03	1.552286e-02	-1.789113e-02	1.670700e-02	-8.631702e-04	5.976151e-04	6.546852e-04	9.249577e-04	-2.702725e-04
188           	1.987231e-02	9.073036e-03	1.079928e-02	-2.368340e-03	1.551555e-02	-1.788389e-02	1.669972e-02	-8.631204e-04	5.975268e-04	6.547354e-04	9.248945e-04	-2.701592e-04
189           	1.986412e-02	9.068991e-03	1.079513e-02	-2.368410e-03	1.550843e-02	-1.787684e-02	1.669263e-02	-8.630687e-04	5.974346e-04	6.547761e-04	9.248227e-04	-2.700465e-04
190           	1.985614e-02	9.065050e-03	1.079109e-02	-2.368477e-03	1.550149e-02	-1.786996e-02	1.668573e-02	-8.630175e-04	5.973409e-04	6.548103e-04	9.247460e-04	-2.699357e-04
191           	1.984835e-02	9.061209e-03	1.078715e-02	-2.368541e-03	1.549472e-02	-1.786326e-02	1.667899e-02	-8.629688e-04	5.972480e-04	6.548406e-04	9.246683e-04	-2.698277e-04
192           	1.984077e-02	9.057462e-03	1.078331e-02	-2.368603e-03	1.548813e-02	-1.785673e-02	1.667243e-02	-8.629241e-04	5.971579e-04	6.548692e-04	9.245925e-04	-2.697233e-04
193           	1.983338e-02	9.053807e-03	1.077958e-02	-2.368661e-03	1.548171e-02	-1.785037e-02	1.666604e-02	-8.628848e-04	5.970724e-04	6.548982e-04	9.245216e-04	-2.696233e-04
194           	1.982618e-02	9.050240e-03	1.077594e-02	-2.368716e-03	1.547545e-02	-1.784417e-02	1.665981e-02	-8.628518e-04	5.969928e-04	6.549293e-04	9.244574e-04	-2.695281e-04
195           	1.981917e-02	9.046759e-03	1.077241e-02	-2.368769e-03	1.546935e-02	-1.783812e-02	1.665374e-02	-8.628257e-04	5.969200e-04	6.549638e-04	9.244019e-04	-2.694381e-04
196           	1.981234e-02	9.043361e-03	1.076898e-02	-2.368820e-03	1.546342e-02	-1.783224e-02	1.664783e-02	-8.628069e-04	5.968552e-04	6.550031e-04	9.243567e-04	-2.693536e-04
197           	1.980568e-02	9.040045e-03	1.076564e-02	-2.368868e-03	1.545763e-02	-1.782650e-02	1.664207e-02	-8.627954e-04	5.967987e-04	6.550481e-04	9.243228e-04	-2.692746e-04
198           	1.979920e-02	9.036809e-03	1.076239e-02	-2.368914e-03	1.545200e-02	-1.782092e-02	1.663646e-02	-8.627909e-04	5.967506e-04	6.550992e-04	9.243002e-04	-2.692011e-04
199           	1.979289e-02	9.033650e-03	1.075924e-02	-2.368958e-03	1.544652e-02	-1.781548e-02	1.663100e-02	-8.627928e-04	5.967108e-04	6.551563e-04	9.242889e-04	-2.691326e-04
200           	1.978674e-02	9.030569e-03	1.075617e-02	-2.369000e-03	1.544118e-02	-1.781018e-02	1.662568e-02	-8.628005e-04	5.966788e-04	6.552196e-04	9.242886e-04	-2.690690e-04
201           	1.978075e-02	9.027563e-03	1.075319e-02	-2.369041e-03	1.543598e-02	-1.780502e-02	1.662050e-02	-8.628135e-04	5.966544e-04	6.552889e-04	9.242988e-04	-2.690100e-04
202           	1.977492e-02	9.024631e-03	1.075029e-02	-2.369079e-03	1.543092e-02	-1.780000e-02	1.661546e-02	-8.628314e-04	5.966374e-04	6.553642e-04	9.243196e-04	-2.689553e-04
203           	1.976925e-02	9.021771e-03	1.074748e-02	-2.369116e-03	1.542600e-02	-1.779511e-02	1.661056e-02	-8.628540e-04	5.966280e-04	6.554459e-04	9.243509e-04	-2.689051e-04
204           	1.976373e-02	9.018982e-03	1.074474e-02	-2.369152e-03	1.542120e-02	-1.779036e-02	1.660578e-02	-8.628814e-04	5.966262e-04	6.555340e-04	9.243932e-04	-2.688592e-04
205           	1.975835e-02	9.016261e-03	1.074209e-02	-2.369186e-03	1.541654e-02	-1.778573e-02	1.660113e-02	-8.629138e-04	5.966324e-04	6.556291e-04	9.244469e-04	-2.688178e-04
206           	1.975311e-02	9.013592e-03	1.073952e-02	-2.369217e-03	1.541199e-02	-1.778121e-02	1.659660e-02	-8.629630e-04	5.966570e-04	6.557423e-04	9.245281e-04	-2.687859e-04
207           	1.974801e-02	9.010993e-03	1.073702e-02	-2.369248e-03	1.540757e-02	-1.777682e-02	1.659220e-02	-8.630134e-04	5.966866e-04	6.558596e-04	9.246164e-04	-2.687568e-04
208           	1.974306e-02	9.008463e-03	1.073459e-02	-2.369278e-03	1.540328e-02	-1.777255e-02	1.658791e-02	-8.630649e-04	5.967210e-04	6.559811e-04	9.247116e-04	-2.687304e-04
209           	1.973823e-02	9.005999e-03	1.073223e-02	-2.369307e-03	1.539910e-02	-1.776840e-02	1.658375e-02	-8.631174e-04	5.967603e-04	6.561072e-04	9.248139e-04	-2.687067e-04
210           	1.973354e-02	9.003600e-03	1.072994e-02	-2.369336e-03	1.539503e-02	-1.776437e-02	1.657970e-02	-8.631715e-04	5.968049e-04	6.562381e-04	9.249240e-04	-2.686858e-04
211           	1.972898e-02	9.001263e-03	1.072772e-02	-2.369363e-03	1.539108e-02	-1.776044e-02	1.657576e-02	-8.632274e-04	5.968553e-04	6.563745e-04	9.250425e-04	-2.686680e-04
212           	1.972454e-02	8.998985e-03	1.072556e-02	-2.369390e-03	1.538723e-02	-1.775662e-02	1.657193e-02	-8.632858e-04	5.969116e-04	6.565167e-04	9.251700e-04	-2.686533e-04
213           	1.972022e-02	8.996765e-03	1.072346e-02	-2.369415e-03	1.538349e-02	-1.775291e-02	1.656820e-02	-8.633468e-04	5.969741e-04	6.566646e-04	9.253064e-04	-2.686418e-04
214           	1.971602e-02	8.994601e-03	1.072142e-02	-2.369440e-03	1.537986e-02	-1.774930e-02	1.656458e-02	-8.634107e-04	5.970425e-04	6.568183e-04	9.254517e-04	-2.686334e-04
215           	1.971194e-02	8.992492e-03	1.071945e-02	-2.369463e-03	1.537632e-02	-1.774579e-02	1.656105e-02	-8.634775e-04	5.971166e-04	6.569773e-04	9.256052e-04	-2.686279e-04
216           	1.970797e-02	8.990436e-03	1.071753e-02	-2.369486e-03	1.537288e-02	-1.774237e-02	1.655763e-02	-8.635466e-04	5.971954e-04	6.571408e-04	9.257658e-04	-2.686250e-04
217           	1.970410e-02	8.988434e-03	1.071567e-02	-2.369508e-03	1.536954e-02	-1.773905e-02	1.655429e-02	-8.636171e-04	5.972780e-04	6.573079e-04	9.259319e-04	-2.686240e-04
218           	1.970034e-02	8.986484e-03	1.071386e-02	-2.369529e-03	1.536629e-02	-1.773582e-02	1.655106e-02	-8.636884e-04	5.973634e-04	6.574775e-04	9.261021e-04	-2.686246e-04
219           	1.969669e-02	8.984587e-03	1.071211e-02	-2.369549e-03	1.536313e-02	-1.773268e-02	1.654791e-02	-8.637597e-04	5.974507e-04	6.576486e-04	9.262750e-04	-2.686264e-04
220           	1.969314e-02	8.982741e-03	1.071040e-02	-2.369569e-03	1.536006e-02	-1.772963e-02	1.654485e-02	-8.638304e-04	5.975391e-04	6.578204e-04	9.264493e-04	-2.686288e-04
221           	1.968969e-02	8.980947e-03	1.070875e-02	-2.369588e-03	1.535708e-02	-1.772667e-02	1.654188e-02	-8.638998e-04	5.976279e-04	6.579922e-04	9.266240e-04	-2.686317e-04
222           	1.968827e-02	8.980202e-03	1.070807e-02	-2.369654e-03	1.535587e-02	-1.772553e-02	1.654070e-02	-8.639344e-04	5.976200e-04	6.580390e-04	9.266396e-04	-2.686005e-04
223           	1.968705e-02	8.979562e-03	1.070748e-02	-2.369747e-03	1.535484e-02	-1.772459e-02	1.653972e-02	-8.639605e-04	5.975634e-04	6.580173e-04	9.265721e-04	-2.685548e-04
224           	1.968589e-02	8.978969e-03	1.070692e-02	-2.369844e-03	1.535387e-02	-1.772371e-02	1.653879e-02	-8.639744e-04	5.974816e-04	6.579598e-04	9.264615e-04	-2.685017e-04
225           	1.968468e-02	8.978352e-03	1.070633e-02	-2.369928e-03	1.535285e-02	-1.772278e-02	1.653781e-02	-8.639872e-04	5.974080e-04	6.579076e-04	9.263618e-04	-2.684542e-04
226           	1.968334e-02	8.977659e-03	1.070568e-02	-2.369983e-03	1.535171e-02	-1.772169e-02	1.653670e-02	-8.640108e-04	5.973707e-04	6.578942e-04	9.263177e-04	-2.684236e-04
227           	1.968184e-02	8.976875e-03	1.070496e-02	-2.370004e-03	1.535041e-02	-1.772042e-02	1.653542e-02	-8.640435e-04	5.973750e-04	6.579279e-04	9.263390e-04	-2.684111e-04
228           	1.968018e-02	8.976002e-03	1.070418e-02	-2.369993e-03	1.534897e-02	-1.771896e-02	1.653397e-02	-8.640864e-04	5.974224e-04	6.580109e-04	9.264279e-04	-2.684170e-04
229           	1.967840e-02	8.975060e-03	1.070334e-02	-2.369958e-03	1.534742e-02	-1.771738e-02	1.653240e-02	-8.641386e-04	5.975070e-04	6.581364e-04	9.265752e-04	-2.684388e-04
230           	1.967655e-02	8.974075e-03	1.070247e-02	-2.369907e-03	1.534580e-02	-1.771571e-02	1.653075e-02	-8.641991e-04	5.976204e-04	6.582949e-04	9.267678e-04	-2.684729e-04
231           	1.967469e-02	8.973076e-03	1.070161e-02	-2.369852e-03	1.534417e-02	-1.771402e-02	1.652910e-02	-8.642681e-04	5.977531e-04	6.584748e-04	9.269905e-04	-2.685157e-04
232           	1.967287e-02	8.972090e-03	1.070078e-02	-2.369802e-03	1.534258e-02	-1.771238e-02	1.652748e-02	-8.643448e-04	5.978945e-04	6.586636e-04	9.272263e-04	-2.685627e-04
233           	1.967113e-02	8.971129e-03	1.070000e-02	-2.369764e-03	1.534106e-02	-1.771083e-02	1.652595e-02	-8.644346e-04	5.980394e-04	6.588550e-04	9.274669e-04	-2.686119e-04
234           	1.966948e-02	8.970216e-03	1.069927e-02	-2.369743e-03	1.533964e-02	-1.770938e-02	1.652451e-02	-8.645264e-04	5.981756e-04	6.590359e-04	9.276936e-04	-2.686577e-04
235           	1.966795e-02	8.969366e-03	1.069858e-02	-2.369739e-03	1.533831e-02	-1.770805e-02	1.652318e-02	-8.646083e-04	5.982917e-04	6.591946e-04	9.278890e-04	-2.686944e-04
236           	1.966651e-02	8.968564e-03	1.069794e-02	-2.369749e-03	1.533707e-02	-1.770682e-02	1.652195e-02	-8.646886e-04	5.983929e-04	6.593368e-04	9.280613e-04	-2.687245e-04
237           	1.966513e-02	8.967800e-03	1.069733e-02	-2.369769e-03	1.533589e-02	-1.770566e-02	1.652078e-02	-8.647658e-04	5.984802e-04	6.594640e-04	9.282122e-04	-2.687482e-04
238           	1.966380e-02	8.967064e-03	1.069674e-02	-2.369794e-03	1.533476e-02	-1.770455e-02	1.651966e-02	-8.648387e-04	5.985558e-04	6.595788e-04	9.283452e-04	-2.687664e-04
239           	1.966250e-02	8.966344e-03	1.069616e-02	-2.369818e-03	1.533364e-02	-1.770346e-02	1.651855e-02	-8.649060e-04	5.986227e-04	6.596848e-04	9.284651e-04	-2.687803e-04
240           	1.966120e-02	8.965632e-03	1.069557e-02	-2.369839e-03	1.533253e-02	-1.770237e-02	1.651745e-02	-8.649672e-04	5.986834e-04	6.597849e-04	9.285759e-04	-2.687909e-04
241           	1.965989e-02	8.964924e-03	1.069497e-02	-2.369854e-03	1.533141e-02	-1.770126e-02	1.651633e-02	-8.650218e-04	5.987403e-04	6.598816e-04	9.286811e-04	-2.687995e-04
242           	1.965858e-02	8.964218e-03	1.069436e-02	-2.369863e-03	1.533027e-02	-1.770014e-02	1.651521e-02	-8.650697e-04	5.987947e-04	6.599762e-04	9.287828e-04	-2.688066e-04
243           	1.965725e-02	8.963516e-03	1.069374e-02	-2.369866e-03	1.532913e-02	-1.769900e-02	1.651407e-02	-8.651111e-04	5.988471e-04	6.600692e-04	9.288817e-04	-2.688126e-04
244           	1.965593e-02	8.962819e-03	1.069311e-02	-2.369865e-03	1.532799e-02	-1.769786e-02	1.651292e-02	-8.651466e-04	5.988975e-04	6.601601e-04	9.289775e-04	-2.688174e-04
245           	1.965462e-02	8.962133e-03	1.069249e-02	-2.369862e-03	1.532686e-02	-1.769672e-02	1.651179e-02	-8.651765e-04	5.989452e-04	6.602484e-04	9.290694e-04	-2.688211e-04
246           	1.965332e-02	8.961448e-03	1.069187e-02	-2.369858e-03	1.532573e-02	-1.769559e-02	1.651066e-02	-8.652120e-04	5.989975e-04	6.603408e-04	9.291679e-04	-2.688271e-04
247           	1.965205e-02	8.960784e-03	1.069126e-02	-2.369855e-03	1.532463e-02	-1.769449e-02	1.650956e-02	-8.652397e-04	5.990432e-04	6.604263e-04	9.292563e-04	-2.688300e-04
248           	1.965081e-02	8.960143e-03	1.069066e-02	-2.369854e-03	1.532356e-02	-1.769341e-02	1.650849e-02	-8.652599e-04	5.990815e-04	6.605038e-04	9.293334e-04	-2.688296e-04
249           	1.964960e-02	8.959525e-03	1.069007e-02	-2.369856e-03	1.532252e-02	-1.769237e-02	1.650744e-02	-8.652733e-04	5.991125e-04	6.605733e-04	9.293991e-04	-2.688259e-04
250           	1.964842e-02	8.958927e-03	1.068949e-02	-2.369860e-03	1.532150e-02	-1.769136e-02	1.650643e-02	-8.652810e-04	5.991367e-04	6.606352e-04	9.294543e-04	-2.688191e-04
251           	1.964727e-02	8.958349e-03	1.068892e-02	-2.369866e-03	1.532051e-02	-1.769038e-02	1.650544e-02	-8.652841e-04	5.991551e-04	6.606904e-04	9.295003e-04	-2.688099e-04
252           	1.964614e-02	8.957786e-03	1.068835e-02	-2.369874e-03	1.531954e-02	-1.768941e-02	1.650448e-02	-8.652837e-04	5.991689e-04	6.607401e-04	9.295389e-04	-2.687988e-04
253           	1.964503e-02	8.957235e-03	1.068780e-02	-2.369881e-03	1.531859e-02	-1.768847e-02	1.650353e-02	-8.652807e-04	5.991792e-04	6.607857e-04	9.295721e-04	-2.687864e-04
254           	1.964394e-02	8.956696e-03	1.068725e-02	-2.369888e-03	1.531765e-02	-1.768754e-02	1.650260e-02	-8.652761e-04	5.991874e-04	6.608281e-04	9.296015e-04	-2.687734e-04
255           	1.964287e-02	8.956165e-03	1.068671e-02	-2.369895e-03	1.531673e-02	-1.768662e-02	1.650168e-02	-8.652701e-04	5.991943e-04	6.608683e-04	9.296285e-04	-2.687601e-04
256           	1.964181e-02	8.955642e-03	1.068617e-02	-2.369901e-03	1.531582e-02	-1.768572e-02	1.650077e-02	-8.652631e-04	5.992003e-04	6.609069e-04	9.296538e-04	-2.687469e-04
257           	1.964076e-02	8.955127e-03	1.068564e-02	-2.369906e-03	1.531492e-02	-1.768482e-02	1.649987e-02	-8.652547e-04	5.992057e-04	6.609440e-04	9.296777e-04	-2.687337e-04
258           	1.963973e-02	8.954621e-03	1.068511e-02	-2.369910e-03	1.531403e-02	-1.768394e-02	1.649899e-02	-8.652449e-04	5.992103e-04	6.609796e-04	9.297001e-04	-2.687205e-04
259           	1.963872e-02	8.954125e-03	1.068459e-02	-2.369914e-03	1.531316e-02	-1.768307e-02	1.649811e-02	-8.652334e-04	5.992139e-04	6.610135e-04	9.297207e-04	-2.687072e-04
260           	1.963771e-02	8.953619e-03	1.068409e-02	-2.369916e-03	1.531229e-02	-1.768220e-02	1.649725e-02	-8.652355e-04	5.992285e-04	6.610578e-04	9.297574e-04	-2.686996e-04
261           	1.963672e-02	8.953130e-03	1.068359e-02	-2.369919e-03	1.531144e-02	-1.768136e-02	1.649640e-02	-8.652307e-04	5.992378e-04	6.610963e-04	9.297860e-04	-2.686897e-04
262           	1.963575e-02	8.952659e-03	1.068310e-02	-2.369922e-03	1.531061e-02	-1.768053e-02	1.649557e-02	-8.652185e-04	5.992414e-04	6.611283e-04	9.298055e-04	-2.686772e-04
263           	1.963480e-02	8.952203e-03	1.068260e-02	-2.369926e-03	1.530979e-02	-1.767971e-02	1.649475e-02	-8.651992e-04	5.992391e-04	6.611540e-04	9.298161e-04	-2.686621e-04
264           	1.963388e-02	8.951779e-03	1.068210e-02	-2.369931e-03	1.530899e-02	-1.767892e-02	1.649396e-02	-8.651613e-04	5.992217e-04	6.611641e-04	9.298038e-04	-2.686397e-04
265           	1.963297e-02	8.951363e-03	1.068161e-02	-2.369936e-03	1.530821e-02	-1.767815e-02	1.649318e-02	-8.651223e-04	5.992025e-04	6.611717e-04	9.297884e-04	-2.686166e-04
266           	1.963207e-02	8.950953e-03	1.068112e-02	-2.369941e-03	1.530744e-02	-1.767738e-02	1.649241e-02	-8.650842e-04	5.991830e-04	6.611782e-04	9.297720e-04	-2.685939e-04
267           	1.963119e-02	8.950547e-03	1.068064e-02	-2.369945e-03	1.530668e-02	-1.767663e-02	1.649165e-02	-8.650479e-04	5.991638e-04	6.611842e-04	9.297559e-04	-2.685717e-04
268           	1.963032e-02	8.950146e-03	1.068017e-02	-2.369949e-03	1.530593e-02	-1.767588e-02	1.649091e-02	-8.650133e-04	5.991451e-04	6.611898e-04	9.297400e-04	-2.685502e-04
269           	1.962946e-02	8.949751e-03	1.067971e-02	-2.369952e-03	1.530519e-02	-1.767515e-02	1.649017e-02	-8.649795e-04	5.991263e-04	6.611946e-04	9.297236e-04	-2.685290e-04
270           	1.962862e-02	8.949363e-03	1.067925e-02	-2.369955e-03	1.530447e-02	-1.767442e-02	1.648944e-02	-8.649452e-04	5.991065e-04	6.611978e-04	9.297054e-04	-2.685076e-04
271           	1.962778e-02	8.948983e-03	1.067880e-02	-2.369957e-03	1.530375e-02	-1.767371e-02	1.648873e-02	-8.649089e-04	5.990847e-04	6.611984e-04	9.296839e-04	-2.684855e-04
272           	1.962697e-02	8.948614e-03	1.067835e-02	-2.369960e-03	1.530305e-02	-1.767301e-02	1.648803e-02	-8.648693e-04	5.990602e-04	6.611957e-04	9.296580e-04	-2.684623e-04
273           	1.962616e-02	8.948256e-03	1.067791e-02	-2.369962e-03	1.530235e-02	-1.767232e-02	1.648734e-02	-8.648254e-04	5.990322e-04	6.611891e-04	9.296267e-04	-2.684376e-04
274           	1.962537e-02	8.947890e-03	1.067748e-02	-2.369964e-03	1.530167e-02	-1.767164e-02	1.648665e-02	-8.647954e-04	5.990150e-04	6.611934e-04	9.296117e-04	-2.684183e-04
275           	1.962459e-02	8.947542e-03	1.067705e-02	-2.369966e-03	1.530100e-02	-1.767097e-02	1.648599e-02	-8.647554e-04	5.989901e-04	6.611895e-04	9.295848e-04	-2.683953e-04
276           	1.962383e-02	8.947212e-03	1.067662e-02	-2.369968e-03	1.530035e-02	-1.767032e-02	1.648533e-02	-8.647052e-04	5.989571e-04	6.611772e-04	9.295457e-04	-2.683685e-04
277           	1.962309e-02	8.946899e-03	1.067619e-02	-2.369971e-03	1.529971e-02	-1.766968e-02	1.648470e-02	-8.646457e-04	5.989168e-04	6.611570e-04	9.294953e-04	-2.683383e-04
278           	1.962236e-02	8.946600e-03	1.067576e-02	-2.369975e-03	1.529908e-02	-1.766906e-02	1.648407e-02	-8.645789e-04	5.988705e-04	6.611303e-04	9.294357e-04	-2.683053e-04
279           	1.962164e-02	8.946314e-03	1.067533e-02	-2.369978e-03	1.529847e-02	-1.766844e-02	1.648345e-02	-8.645068e-04	5.988198e-04	6.610987e-04	9.293692e-04	-2.682705e-04
280           	1.962094e-02	8.946037e-03	1.067490e-02	-2.369982e-03	1.529786e-02	-1.766784e-02	1.648285e-02	-8.644317e-04	5.987663e-04	6.610636e-04	9.292981e-04	-2.682345e-04
281           	1.962024e-02	8.945767e-03	1.067448e-02	-2.369985e-03	1.529726e-02	-1.766725e-02	1.648226e-02	-8.643552e-04	5.987113e-04	6.610262e-04	9.292244e-04	-2.681982e-04
282           	1.961956e-02	8.945503e-03	1.067406e-02	-2.369988e-03	1.529668e-02	-1.766667e-02	1.648167e-02	-8.642784e-04	5.986556e-04	6.609875e-04	9.291493e-04	-2.681618e-04
283           	1.961889e-02	8.945245e-03	1.067365e-02	-2.369991e-03	1.529610e-02	-1.766610e-02	1.648110e-02	-8.642019e-04	5.985996e-04	6.609479e-04	9.290735e-04	-2.681256e-04
284           	1.961824e-02	8.944992e-03	1.067324e-02	-2.369994e-03	1.529554e-02	-1.766553e-02	1.648053e-02	-8.641255e-04	5.985434e-04	6.609074e-04	9.289970e-04	-2.680897e-04
285           	1.961759e-02	8.944746e-03	1.067284e-02	-2.369997e-03	1.529498e-02	-1.766498e-02	1.647998e-02	-8.640487e-04	5.984865e-04	6.608658e-04	9.289194e-04	-2.680537e-04
286           	1.961695e-02	8.944505e-03	1.067245e-02	-2.369999e-03	1.529443e-02	-1.766443e-02	1.647943e-02	-8.639708e-04	5.984287e-04	6.608226e-04	9.288400e-04	-2.680173e-04
287           	1.961633e-02	8.944273e-03	1.067205e-02	-2.370002e-03	1.529390e-02	-1.766390e-02	1.647890e-02	-8.638910e-04	5.983691e-04	6.607774e-04	9.287578e-04	-2.679804e-04
288           	1.961571e-02	8.944049e-03	1.067167e-02	-2.370004e-03	1.529337e-02	-1.766337e-02	1.647837e-02	-8.638087e-04	5.983075e-04	6.607298e-04	9.286724e-04	-2.679426e-04
289           	1.961511e-02	8.943833e-03	1.067128e-02	-2.370007e-03	1.529285e-02	-1.766286e-02	1.647786e-02	-8.637235e-04	5.982435e-04	6.606794e-04	9.285832e-04	-2.679038e-04
290           	1.961452e-02	8.943626e-03	1.067090e-02	-2.370010e-03	1.529235e-02	-1.766235e-02	1.647735e-02	-8.636352e-04	5.981769e-04	6.606261e-04	9.284900e-04	-2.678639e-04
291           	1.961394e-02	8.943428e-03	1.067052e-02	-2.370012e-03	1.529185e-02	-1.766186e-02	1.647685e-02	-8.635438e-04	5.981079e-04	6.605700e-04	9.283929e-04	-2.678228e-04
292           	1.961337e-02	8.943238e-03	1.067014e-02	-2.370015e-03	1.529136e-02	-1.766137e-02	1.647637e-02	-8.634496e-04	5.980365e-04	6.605112e-04	9.282921e-04	-2.677808e-04
293           	1.961282e-02	8.943055e-03	1.066976e-02	-2.370018e-03	1.529088e-02	-1.766090e-02	1.647589e-02	-8.633531e-04	5.979630e-04	6.604501e-04	9.281881e-04	-2.677380e-04
294           	1.961227e-02	8.942880e-03	1.066939e-02	-2.370021e-03	1.529041e-02	-1.766043e-02	1.647542e-02	-8.632546e-04	5.978880e-04	6.603868e-04	9.280814e-04	-2.676946e-04
295           	1.961173e-02	8.942711e-03	1.066902e-02	-2.370024e-03	1.528995e-02	-1.765997e-02	1.647496e-02	-8.631546e-04	5.978117e-04	6.603218e-04	9.279726e-04	-2.676508e-04
296           	1.961120e-02	8.942549e-03	1.066866e-02	-2.370027e-03	1.528949e-02	-1.765952e-02	1.647451e-02	-8.630535e-04	5.977343e-04	6.602554e-04	9.278620e-04	-2.676067e-04
297           	1.961069e-02	8.942392e-03	1.066829e-02	-2.370029e-03	1.528905e-02	-1.765908e-02	1.647406e-02	-8.629516e-04	5.976562e-04	6.601877e-04	9.277501e-04	-2.675624e-04
298           	1.961018e-02	8.942240e-03	1.066794e-02	-2.370032e-03	1.528861e-02	-1.765865e-02	1.647363e-02	-8.628489e-04	5.975775e-04	6.601189e-04	9.276369e-04	-2.675181e-04
299           	1.960968e-02	8.942094e-03	1.066759e-02	-2.370035e-03	1.528819e-02	-1.765822e-02	1.647320e-02	-8.627456e-04	5.974982e-04	6.600490e-04	9.275227e-04	-2.674737e-04
300           	1.960919e-02	8.941954e-03	1.066724e-02	-2.370038e-03	1.528777e-02	-1.765780e-02	1.647278e-02	-8.626417e-04	5.974183e-04	6.599782e-04	9.274074e-04	-2.674292e-04
301           	1.960871e-02	8.941819e-03	1.066689e-02	-2.370041e-03	1.528735e-02	-1.765739e-02	1.647237e-02	-8.625371e-04	5.973379e-04	6.599064e-04	9.272911e-04	-2.673847e-04
302           	1.960824e-02	8.941680e-03	1.066656e-02	-2.370044e-03	1.528695e-02	-1.765699e-02	1.647197e-02	-8.624407e-04	5.972638e-04	6.598417e-04	9.271846e-04	-2.673429e-04
303           	1.960778e-02	8.941550e-03	1.066623e-02	-2.370047e-03	1.528656e-02	-1.765660e-02	1.647158e-02	-8.623411e-04	5.971870e-04	6.597738e-04	9.270739e-04	-2.673002e-04
304           	1.960733e-02	8.941427e-03	1.066590e-02	-2.370050e-03	1.528617e-02	-1.765622e-02	1.647119e-02	-8.622381e-04	5.971076e-04	6.597025e-04	9.269589e-04	-2.672563e-04
305           	1.960689e-02	8.941311e-03	1.066557e-02	-2.370053e-03	1.528579e-02	-1.765584e-02	1.647081e-02	-8.621321e-04	5.970257e-04	6.596283e-04	9.268398e-04	-2.672115e-04
306           	1.960645e-02	8.941201e-03	1.066525e-02	-2.370055e-03	1.528541e-02	-1.765547e-02	1.647044e-02	-8.620236e-04	5.969417e-04	6.595514e-04	9.267175e-04	-2.671660e-04
307           	1.960602e-02	8.941098e-03	1.066492e-02	-2.370058e-03	1.528504e-02	-1.765510e-02	1.647007e-02	-8.619133e-04	5.968564e-04	6.594727e-04	9.265927e-04	-2.671200e-04
308           	1.960560e-02	8.940999e-03	1.066460e-02	-2.370061e-03	1.528468e-02	-1.765475e-02	1.646971e-02	-8.618021e-04	5.967701e-04	6.593927e-04	9.264665e-04	-2.670738e-04
309           	1.960519e-02	8.940905e-03	1.066429e-02	-2.370063e-03	1.528433e-02	-1.765439e-02	1.646936e-02	-8.616905e-04	5.966837e-04	6.593121e-04	9.263397e-04	-2.670276e-04
310           	1.960479e-02	8.940815e-03	1.066397e-02	-2.370066e-03	1.528399e-02	-1.765405e-02	1.646902e-02	-8.615793e-04	5.965974e-04	6.592313e-04	9.262131e-04	-2.669818e-04
311           	1.960439e-02	8.940728e-03	1.066367e-02	-2.370069e-03	1.528365e-02	-1.765372e-02	1.646868e-02	-8.614689e-04	5.965118e-04	6.591509e-04	9.260872e-04	-2.669364e-04
312           	1.960401e-02	8.940645e-03	1.066336e-02	-2.370072e-03	1.528332e-02	-1.765339e-02	1.646835e-02	-8.613594e-04	5.964269e-04	6.590709e-04	9.259623e-04	-2.668915e-04
313           	1.960363e-02	8.940564e-03	1.066307e-02	-2.370075e-03	1.528299e-02	-1.765307e-02	1.646803e-02	-8.612509e-04	5.963429e-04	6.589915e-04	9.258386e-04	-2.668472e-04
314           	1.960326e-02	8.940486e-03	1.066277e-02	-2.370078e-03	1.528267e-02	-1.765275e-02	1.646771e-02	-8.611435e-04	5.962597e-04	6.589126e-04	9.257160e-04	-2.668034e-04
315           	1.960290e-02	8.940412e-03	1.066249e-02	-2.370081e-03	1.528236e-02	-1.765244e-02	1.646740e-02	-8.610368e-04	5.961772e-04	6.588343e-04	9.255944e-04	-2.667601e-04
316           	1.960254e-02	8.940340e-03	1.066220e-02	-2.370084e-03	1.528206e-02	-1.765214e-02	1.646710e-02	-8.609309e-04	5.960953e-04	6.587562e-04	9.254734e-04	-2.667172e-04
317           	1.960219e-02	8.940271e-03	1.066192e-02	-2.370087e-03	1.528176e-02	-1.765185e-02	1.646680e-02	-8.608256e-04	5.960139e-04	6.586785e-04	9.253531e-04	-2.666746e-04
318           	1.960185e-02	8.940206e-03	1.066165e-02	-2.370090e-03	1.528147e-02	-1.765156e-02	1.646651e-02	-8.607206e-04	5.959328e-04	6.586008e-04	9.252332e-04	-2.666324e-04
319           	1.960152e-02	8.940143e-03	1.066138e-02	-2.370093e-03	1.528118e-02	-1.765127e-02	1.646623e-02	-8.606161e-04	5.958520e-04	6.585233e-04	9.251136e-04	-2.665904e-04
320           	1.960119e-02	8.940083e-03	1.066111e-02	-2.370096e-03	1.528090e-02	-1.765100e-02	1.646595e-02	-8.605119e-04	5.957715e-04	6.584458e-04	9.249945e-04	-2.665486e-04
321           	1.960087e-02	8.940026e-03	1.066084e-02	-2.370099e-03	1.528062e-02	-1.765072e-02	1.646567e-02	-8.604082e-04	5.956915e-04	6.583686e-04	9.248758e-04	-2.665072e-04
322           	1.960055e-02	8.939972e-03	1.066058e-02	-2.370102e-03	1.528035e-02	-1.765046e-02	1.646540e-02	-8.603052e-04	5.956119e-04	6.582916e-04	9.247577e-04	-2.664661e-04
323           	1.960025e-02	8.939921e-03	1.066033e-02	-2.370105e-03	1.528009e-02	-1.765019e-02	1.646514e-02	-8.602028e-04	5.955328e-04	6.582150e-04	9.246403e-04	-2.664253e-04
324           	1.959995e-02	8.939871e-03	1.066007e-02	-2.370108e-03	1.527983e-02	-1.764994e-02	1.646488e-02	-8.601013e-04	5.954545e-04	6.581388e-04	9.245239e-04	-2.663851e-04
325           	1.959965e-02	8.939824e-03	1.065983e-02	-2.370111e-03	1.527958e-02	-1.764969e-02	1.646463e-02	-8.600007e-04	5.953769e-04	6.580633e-04	9.244085e-04	-2.663452e-04
326           	1.959936e-02	8.939780e-03	1.065958e-02	-2.370114e-03	1.527933e-02	-1.764944e-02	1.646439e-02	-8.599011e-04	5.953001e-04	6.579884e-04	9.242943e-04	-2.663059e-04
327           	1.959908e-02	8.939737e-03	1.065934e-02	-2.370116e-03	1.527909e-02	-1.764920e-02	1.646415e-02	-8.598025e-04	5.952242e-04	6.579142e-04	9.241813e-04	-2.662671e-04
328           	1.959880e-02	8.939696e-03	1.065911e-02	-2.370119e-03	1.527885e-02	-1.764897e-02	1.646391e-02	-8.597050e-04	5.951492e-04	6.578407e-04	9.240695e-04	-2.662288e-04
329           	1.959853e-02	8.939657e-03	1.065887e-02	-2.370122e-03	1.527862e-02	-1.764874e-02	1.646368e-02	-8.596087e-04	5.950751e-04	6.577680e-04	9.239591e-04	-2.661911e-04
330           	1.959827e-02	8.939620e-03	1.065865e-02	-2.370125e-03	1.527839e-02	-1.764852e-02	1.646346e-02	-8.595134e-04	5.950019e-04	6.576961e-04	9.238499e-04	-2.661538e-04
331           	1.959801e-02	8.939585e-03	1.065842e-02	-2.370128e-03	1.527817e-02	-1.764830e-02	1.646324e-02	-8.594193e-04	5.949296e-04	6.576250e-04	9.237421e-04	-2.661171e-04
332           	1.959776e-02	8.939552e-03	1.065820e-02	-2.370131e-03	1.527795e-02	-1.764809e-02	1.646302e-02	-8.593263e-04	5.948583e-04	6.575547e-04	9.236356e-04	-2.660809e-04
333           	1.959751e-02	8.939520e-03	1.065799e-02	-2.370134e-03	1.527774e-02	-1.764788e-02	1.646281e-02	-8.592345e-04	5.947879e-04	6.574853e-04	9.235306e-04	-2.660453e-04
334           	1.959727e-02	8.939489e-03	1.065778e-02	-2.370137e-03	1.527754e-02	-1.764767e-02	1.646260e-02	-8.591439e-04	5.947186e-04	6.574168e-04	9.234270e-04	-2.660102e-04
335           	1.959703e-02	8.939460e-03	1.065757e-02	-2.370140e-03	1.527733e-02	-1.764747e-02	1.646240e-02	-8.590546e-04	5.946503e-04	6.573493e-04	9.233249e-04	-2.659757e-04
336           	1.959680e-02	8.939433e-03	1.065737e-02	-2.370142e-03	1.527713e-02	-1.764728e-02	1.646221e-02	-8.589666e-04	5.945831e-04	6.572827e-04	9.232244e-04	-2.659417e-04
337           	1.959657e-02	8.939406e-03	1.065717e-02	-2.370145e-03	1.527694e-02	-1.764709e-02	1.646201e-02	-8.588799e-04	5.945170e-04	6.572172e-04	9.231256e-04	-2.659084e-04
338           	1.959635e-02	8.939381e-03	1.065697e-02	-2.370148e-03	1.527675e-02	-1.764690e-02	1.646183e-02	-8.587946e-04	5.944520e-04	6.571528e-04	9.230284e-04	-2.658757e-04
339           	1.959614e-02	8.939357e-03	1.065678e-02	-2.370151e-03	1.527657e-02	-1.764672e-02	1.646164e-02	-8.587106e-04	5.943883e-04	6.570894e-04	9.229330e-04	-2.658436e-04
340           	1.959592e-02	8.939334e-03	1.065659e-02	-2.370153e-03	1.527639e-02	-1.764654e-02	1.646146e-02	-8.586282e-04	5.943257e-04	6.570272e-04	9.228393e-04	-2.658121e-04
341           	1.959572e-02	8.939312e-03	1.065641e-02	-2.370156e-03	1.527621e-02	-1.764636e-02	1.646129e-02	-8.585472e-04	5.942643e-04	6.569661e-04	9.227474e-04	-2.657813e-04
342           	1.959552e-02	8.939291e-03	1.065623e-02	-2.370159e-03	1.527604e-02	-1.764620e-02	1.646112e-02	-8.584677e-04	5.942042e-04	6.569063e-04	9.226574e-04	-2.657511e-04
343           	1.959532e-02	8.939271e-03	1.065605e-02	-2.370161e-03	1.527587e-02	-1.764603e-02	1.646095e-02	-8.583898e-04	5.941454e-04	6.568476e-04	9.225692e-04	-2.657216e-04
344           	1.959513e-02	8.939251e-03	1.065588e-02	-2.370164e-03	1.527570e-02	-1.764587e-02	1.646079e-02	-8.583133e-04	5.940879e-04	6.567902e-04	9.224830e-04	-2.656928e-04
345           	1.959494e-02	8.939232e-03	1.065571e-02	-2.370167e-03	1.527554e-02	-1.764571e-02	1.646063e-02	-8.582385e-04	5.940317e-04	6.567341e-04	9.223987e-04	-2.656646e-04
346           	1.959476e-02	8.939214e-03	1.065554e-02	-2.370169e-03	1.527539e-02	-1.764556e-02	1.646047e-02	-8.581652e-04	5.939768e-04	6.566792e-04	9.223164e-04	-2.656372e-04
347           	1.959458e-02	8.939196e-03	1.065538e-02	-2.370172e-03	1.527523e-02	-1.764541e-02	1.646032e-02	-8.580935e-04	5.939232e-04	6.566257e-04	9.222360e-04	-2.656104e-04
348           	1.959441e-02	8.939179e-03	1.065523e-02	-2.370174e-03	1.527508e-02	-1.764526e-02	1.646017e-02	-8.580235e-04	5.938711e-04	6.565735e-04	9.221578e-04	-2.655843e-04
349           	1.959424e-02	8.939163e-03	1.065507e-02	-2.370177e-03	1.527494e-02	-1.764512e-02	1.646003e-02	-8.579551e-04	5.938203e-04	6.565227e-04	9.220817e-04	-2.655590e-04
350           	1.959407e-02	8.939146e-03	1.065492e-02	-2.370180e-03	1.527480e-02	-1.764498e-02	1.645989e-02	-8.578885e-04	5.937710e-04	6.564733e-04	9.220076e-04	-2.655343e-04
351           	1.959391e-02	8.939130e-03	1.065478e-02	-2.370182e-03	1.527466e-02	-1.764484e-02	1.645975e-02	-8.578235e-04	5.937231e-04	6.564253e-04	9.219357e-04	-2.655104e-04
352           	1.959375e-02	8.939115e-03	1.065464e-02	-2.370185e-03	1.527452e-02	-1.764471e-02	1.645962e-02	-8.577602e-04	5.936766e-04	6.563787e-04	9.218660e-04	-2.654872e-04
353           	1.959360e-02	8.939100e-03	1.065450e-02	-2.370187e-03	1.527439e-02	-1.764458e-02	1.645949e-02	-8.576986e-04	5.936315e-04	6.563335e-04	9.217982e-04	-2.654647e-04
354           	1.959345e-02	8.939085e-03	1.065436e-02	-2.370189e-03	1.527426e-02	-1.764445e-02	1.645936e-02	-8.576386e-04	5.935877e-04	6.562897e-04	9.217326e-04	-2.654429e-04
355           	1.959330e-02	8.939070e-03	1.065423e-02	-2.370192e-03	1.527414e-02	-1.764433e-02	1.645923e-02	-8.575803e-04	5.935454e-04	6.562472e-04	9.216690e-04	-2.654217e-04
356           	1.959316e-02	8.939056e-03	1.065410e-02	-2.370194e-03	1.527402e-02	-1.764421e-02	1.645911e-02	-8.575236e-04	5.935043e-04	6.562062e-04	9.216074e-04	-2.654013e-04
357           	1.959302e-02	8.939041e-03	1.065398e-02	-2.370197e-03	1.527390e-02	-1.764409e-02	1.645900e-02	-8.574685e-04	5.934647e-04	6.561664e-04	9.215479e-04	-2.653815e-04
358           	1.959288e-02	8.939027e-03	1.065386e-02	-2.370199e-03	1.527378e-02	-1.764398e-02	1.645888e-02	-8.574151e-04	5.934263e-04	6.561280e-04	9.214903e-04	-2.653623e-04
359           	1.959275e-02	8.939013e-03	1.065374e-02	-2.370201e-03	1.527367e-02	-1.764387e-02	1.645877e-02	-8.573632e-04	5.933893e-04	6.560909e-04	9.214347e-04	-2.653438e-04
360           	1.959263e-02	8.939000e-03	1.065363e-02	-2.370204e-03	1.527356e-02	-1.764376e-02	1.645866e-02	-8.573129e-04	5.933535e-04	6.560551e-04	9.213810e-04	-2.653259e-04
361           	1.959250e-02	8.938986e-03	1.065351e-02	-2.370206e-03	1.527345e-02	-1.764366e-02	1.645856e-02	-8.572642e-04	5.933190e-04	6.560207e-04	9.213293e-04	-2.653086e-04
362           	1.959238e-02	8.938973e-03	1.065341e-02	-2.370208e-03	1.527335e-02	-1.764356e-02	1.645845e-02	-8.572170e-04	5.932857e-04	6.559875e-04	9.212795e-04	-2.652920e-04
363           	1.959226e-02	8.938959e-03	1.065330e-02	-2.370210e-03	1.527325e-02	-1.764346e-02	1.645836e-02	-8.571715e-04	5.932538e-04	6.559556e-04	9.212316e-04	-2.652760e-04
364           	1.959215e-02	8.938946e-03	1.065320e-02	-2.370212e-03	1.527315e-02	-1.764336e-02	1.645826e-02	-8.571275e-04	5.932231e-04	6.559250e-04	9.211856e-04	-2.652606e-04
365           	1.959204e-02	8.938933e-03	1.065310e-02	-2.370215e-03	1.527306e-02	-1.764327e-02	1.645816e-02	-8.570851e-04	5.931937e-04	6.558957e-04	9.211416e-04	-2.652458e-04
366           	1.959193e-02	8.938920e-03	1.065301e-02	-2.370217e-03	1.527296e-02	-1.764318e-02	1.645807e-02	-8.570442e-04	5.931656e-04	6.558677e-04	9.210994e-04	-2.652317e-04
367           	1.959182e-02	8.938906e-03	1.065292e-02	-2.370219e-03	1.527287e-02	-1.764309e-02	1.645798e-02	-8.570049e-04	5.931387e-04	6.558410e-04	9.210592e-04	-2.652182e-04
368           	1.959172e-02	8.938893e-03	1.065283e-02	-2.370221e-03	1.527279e-02	-1.764301e-02	1.645790e-02	-8.569671e-04	5.931130e-04	6.558155e-04	9.210207e-04	-2.652052e-04
369           	1.959162e-02	8.938880e-03	1.065274e-02	-2.370223e-03	1.527270e-02	-1.764293e-02	1.645781e-02	-8.569308e-04	5.930885e-04	6.557913e-04	9.209842e-04	-2.651929e-04
370           	1.959152e-02	8.938866e-03	1.065266e-02	-2.370225e-03	1.527262e-02	-1.764284e-02	1.645773e-02	-8.568960e-04	5.930652e-04	6.557683e-04	9.209494e-04	-2.651811e-04
371           	1.959143e-02	8.938853e-03	1.065258e-02	-2.370227e-03	1.527254e-02	-1.764277e-02	1.645765e-02	-8.568626e-04	5.930431e-04	6.557465e-04	9.209163e-04	-2.651699e-04
372           	1.959134e-02	8.938840e-03	1.065250e-02	-2.370229e-03	1.527246e-02	-1.764269e-02	1.645758e-02	-8.568307e-04	5.930221e-04	6.557258e-04	9.208851e-04	-2.651592e-04
373           	1.959125e-02	8.938826e-03	1.065243e-02	-2.370231e-03	1.527239e-02	-1.764262e-02	1.645750e-02	-8.568002e-04	5.930023e-04	6.557063e-04	9.208555e-04	-2.651491e-04
374           	1.959117e-02	8.938813e-03	1.065235e-02	-2.370233e-03	1.527231e-02	-1.764255e-02	1.645743e-02	-8.567710e-04	5.929836e-04	6.556880e-04	9.208276e-04	-2.651396e-04
375           	1.959109e-02	8.938799e-03	1.065229e-02	-2.370235e-03	1.527224e-02	-1.764248e-02	1.645736e-02	-8.567433e-04	5.929660e-04	6.556708e-04	9.208014e-04	-2.651306e-04
376           	1.959101e-02	8.938785e-03	1.065222e-02	-2.370237e-03	1.527218e-02	-1.764242e-02	1.645730e-02	-8.567191e-04	5.929505e-04	6.556566e-04	9.207788e-04	-2.651222e-04
377           	1.959093e-02	8.938771e-03	1.065216e-02	-2.370239e-03	1.527211e-02	-1.764235e-02	1.645723e-02	-8.566935e-04	5.929348e-04	6.556412e-04	9.207553e-04	-2.651142e-04
378           	1.959085e-02	8.938757e-03	1.065210e-02	-2.370241e-03	1.527205e-02	-1.764229e-02	1.645717e-02	-8.566694e-04	5.929202e-04	6.556269e-04	9.207336e-04	-2.651067e-04
379           	1.959078e-02	8.938743e-03	1.065204e-02	-2.370243e-03	1.527199e-02	-1.764223e-02	1.645711e-02	-8.566485e-04	5.929075e-04	6.556154e-04	9.207152e-04	-2.650998e-04
380           	1.959071e-02	8.938729e-03	1.065198e-02	-2.370244e-03	1.527193e-02	-1.764217e-02	1.645705e-02	-8.566268e-04	5.928949e-04	6.556031e-04	9.206965e-04	-2.650934e-04
381           	1.959064e-02	8.938714e-03	1.065193e-02	-2.370246e-03	1.527187e-02	-1.764211e-02	1.645699e-02	-8.566079e-04	5.928840e-04	6.555934e-04	9.206807e-04	-2.650873e-04
382           	1.959058e-02	8.938700e-03	1.065188e-02	-2.370247e-03	1.527181e-02	-1.764206e-02	1.645694e-02	-8.565887e-04	5.928735e-04	6.555831e-04	9.206651e-04	-2.650820e-04
383           	1.959052e-02	8.938686e-03	1.065183e-02	-2.370249e-03	1.527176e-02	-1.764201e-02	1.645688e-02	-8.565720e-04	5.928644e-04	6.555751e-04	9.206519e-04	-2.650768e-04
384           	1.959046e-02	8.938671e-03	1.065178e-02	-2.370251e-03	1.527171e-02	-1.764196e-02	1.645683e-02	-8.565562e-04	5.928561e-04	6.555679e-04	9.206400e-04	-2.650721e-04
385           	1.959040e-02	8.938657e-03	1.065174e-02	-2.370253e-03	1.527166e-02	-1.764191e-02	1.645678e-02	-8.565415e-04	5.928486e-04	6.555614e-04	9.206293e-04	-2.650679e-04
386           	1.959034e-02	8.938642e-03	1.065170e-02	-2.370254e-03	1.527161e-02	-1.764186e-02	1.645673e-02	-8.565270e-04	5.928421e-04	6.555550e-04	9.206196e-04	-2.650646e-04
387           	1.959028e-02	8.938628e-03	1.065166e-02	-2.370256e-03	1.527156e-02	-1.764182e-02	1.645669e-02	-8.565144e-04	5.928364e-04	6.555504e-04	9.206116e-04	-2.650611e-04
388           	1.959023e-02	8.938613e-03	1.065162e-02	-2.370257e-03	1.527152e-02	-1.764177e-02	1.645665e-02	-8.565029e-04	5.928314e-04	6.555466e-04	9.206047e-04	-2.650581e-04
389           	1.959018e-02	8.938599e-03	1.065158e-02	-2.370259e-03	1.527147e-02	-1.764173e-02	1.645660e-02	-8.564923e-04	5.928273e-04	6.555437e-04	9.205991e-04	-2.650554e-04
390           	1.959013e-02	8.938584e-03	1.065155e-02	-2.370260e-03	1.527143e-02	-1.764169e-02	1.645656e-02	-8.564827e-04	5.928239e-04	6.555415e-04	9.205947e-04	-2.650532e-04
391           	1.959009e-02	8.938570e-03	1.065152e-02	-2.370262e-03	1.527139e-02	-1.764166e-02	1.645653e-02	-8.564741e-04	5.928214e-04	6.555402e-04	9.205915e-04	-2.650513e-04
392           	1.959004e-02	8.938555e-03	1.065149e-02	-2.370263e-03	1.527136e-02	-1.764162e-02	1.645649e-02	-8.564665e-04	5.928197e-04	6.555397e-04	9.205896e-04	-2.650499e-04
393           	1.959000e-02	8.938541e-03	1.065146e-02	-2.370265e-03	1.527132e-02	-1.764158e-02	1.645645e-02	-8.564599e-04	5.928188e-04	6.555399e-04	9.205888e-04	-2.650488e-04
394           	1.958996e-02	8.938526e-03	1.065143e-02	-2.370266e-03	1.527129e-02	-1.764155e-02	1.645642e-02	-8.564541e-04	5.928186e-04	6.555410e-04	9.205891e-04	-2.650481e-04
395           	1.958992e-02	8.938511e-03	1.065141e-02	-2.370268e-03	1.527125e-02	-1.764152e-02	1.645639e-02	-8.564493e-04	5.928191e-04	6.555428e-04	9.205904e-04	-2.650477e-04
396           	1.958988e-02	8.938496e-03	1.065139e-02	-2.370269e-03	1.527122e-02	-1.764149e-02	1.645635e-02	-8.564453e-04	5.928202e-04	6.555453e-04	9.205928e-04	-2.650476e-04
397           	1.958985e-02	8.938482e-03	1.065137e-02	-2.370270e-03	1.527119e-02	-1.764146e-02	1.645633e-02	-8.564421e-04	5.928219e-04	6.555484e-04	9.205961e-04	-2.650477e-04
398           	1.958981e-02	8.938467e-03	1.065135e-02	-2.370272e-03	1.527116e-02	-1.764143e-02	1.645630e-02	-8.564397e-04	5.928243e-04	6.555522e-04	9.206004e-04	-2.650482e-04
399           	1.958978e-02	8.938453e-03	1.065133e-02	-2.370273e-03	1.527113e-02	-1.764141e-02	1.645627e-02	-8.564381e-04	5.928272e-04	6.555567e-04	9.206056e-04	-2.650489e-04
400           	1.958975e-02	8.938439e-03	1.065131e-02	-2.370274e-03	1.527111e-02	-1.764138e-02	1.645625e-02	-8.564373e-04	5.928307e-04	6.555618e-04	9.206116e-04	-2.650499e-04
401           	1.958972e-02	8.938424e-03	1.065130e-02	-2.370276e-03	1.527108e-02	-1.764136e-02	1.645622e-02	-8.564372e-04	5.928348e-04	6.555675e-04	9.206185e-04	-2.650511e-04
402           	1.958970e-02	8.938410e-03	1.065129e-02	-2.370277e-03	1.527106e-02	-1.764134e-02	1.645620e-02	-8.564378e-04	5.928395e-04	6.555738e-04	9.206264e-04	-2.650526e-04
403           	1.958967e-02	8.938396e-03	1.065127e-02	-2.370278e-03	1.527104e-02	-1.764132e-02	1.645618e-02	-8.564392e-04	5.928447e-04	6.555807e-04	9.206350e-04	-2.650543e-04
404           	1.958965e-02	8.938382e-03	1.065126e-02	-2.370279e-03	1.527102e-02	-1.764130e-02	1.645616e-02	-8.564413e-04	5.928504e-04	6.555882e-04	9.206445e-04	-2.650563e-04
405           	1.958962e-02	8.938368e-03	1.065126e-02	-2.370281e-03	1.527100e-02	-1.764128e-02	1.645614e-02	-8.564440e-04	5.928567e-04	6.555963e-04	9.206548e-04	-2.650585e-04
406           	1.958960e-02	8.938354e-03	1.065125e-02	-2.370282e-03	1.527098e-02	-1.764126e-02	1.645612e-02	-8.564474e-04	5.928635e-04	6.556050e-04	9.206660e-04	-2.650610e-04
407           	1.958958e-02	8.938340e-03	1.065124e-02	-2.370283e-03	1.527097e-02	-1.764125e-02	1.645611e-02	-8.564515e-04	5.928708e-04	6.556141e-04	9.206778e-04	-2.650637e-04
408           	1.958956e-02	8.938326e-03	1.065124e-02	-2.370284e-03	1.527095e-02	-1.764123e-02	1.645609e-02	-8.564563e-04	5.928786e-04	6.556238e-04	9.206905e-04	-2.650667e-04
409           	1.958955e-02	8.938312e-03	1.065123e-02	-2.370285e-03	1.527094e-02	-1.764122e-02	1.645608e-02	-8.564616e-04	5.928869e-04	6.556341e-04	9.207039e-04	-2.650698e-04
410           	1.958953e-02	8.938298e-03	1.065123e-02	-2.370286e-03	1.527092e-02	-1.764121e-02	1.645607e-02	-8.564676e-04	5.928956e-04	6.556448e-04	9.207180e-04	-2.650732e-04
411           	1.958952e-02	8.938284e-03	1.065123e-02	-2.370287e-03	1.527091e-02	-1.764120e-02	1.645605e-02	-8.564742e-04	5.929049e-04	6.556560e-04	9.207329e-04	-2.650769e-04
412           	1.958950e-02	8.938270e-03	1.065123e-02	-2.370288e-03	1.527090e-02	-1.764119e-02	1.645604e-02	-8.564815e-04	5.929146e-04	6.556678e-04	9.207485e-04	-2.650807e-04
413           	1.958949e-02	8.938256e-03	1.065123e-02	-2.370289e-03	1.527089e-02	-1.764118e-02	1.645603e-02	-8.564893e-04	5.929248e-04	6.556800e-04	9.207648e-04	-2.650848e-04
414           	1.958948e-02	8.938242e-03	1.065124e-02	-2.370290e-03	1.527088e-02	-1.764117e-02	1.645603e-02	-8.564977e-04	5.929354e-04	6.556927e-04	9.207818e-04	-2.650890e-04
415           	1.958947e-02	8.938229e-03	1.065124e-02	-2.370291e-03	1.527087e-02	-1.764116e-02	1.645602e-02	-8.565068e-04	5.929465e-04	6.557059e-04	9.207995e-04	-2.650935e-04
416           	1.958946e-02	8.938215e-03	1.065125e-02	-2.370292e-03	1.527087e-02	-1.764116e-02	1.645601e-02	-8.565163e-04	5.929580e-04	6.557196e-04	9.208178e-04	-2.650982e-04
417           	1.958946e-02	8.938201e-03	1.065125e-02	-2.370293e-03	1.527086e-02	-1.764115e-02	1.645601e-02	-8.565264e-04	5.929699e-04	6.557336e-04	9.208367e-04	-2.651031e-04
418           	1.958945e-02	8.938187e-03	1.065126e-02	-2.370294e-03	1.527086e-02	-1.764115e-02	1.645600e-02	-8.565370e-04	5.929822e-04	6.557481e-04	9.208562e-04	-2.651081e-04
419           	1.958944e-02	8.938174e-03	1.065127e-02	-2.370295e-03	1.527085e-02	-1.764115e-02	1.645600e-02	-8.565472e-04	5.929949e-04	6.557633e-04	9.208766e-04	-2.651132e-04
420           	1.958944e-02	8.938161e-03	1.065128e-02	-2.370295e-03	1.527085e-02	-1.764114e-02	1.645600e-02	-8.565582e-04	5.930079e-04	6.557787e-04	9.208973e-04	-2.651185e-04
421           	1.958944e-02	8.938148e-03	1.065129e-02	-2.370296e-03	1.527085e-02	-1.764114e-02	1.645599e-02	-8.565699e-04	5.930212e-04	6.557944e-04	9.209184e-04	-2.651240e-04
422           	1.958943e-02	8.938134e-03	1.065130e-02	-2.370297e-03	1.527084e-02	-1.764114e-02	1.645599e-02	-8.565824e-04	5.930349e-04	6.558104e-04	9.209401e-04	-2.651297e-04
423           	1.958943e-02	8.938121e-03	1.065131e-02	-2.370298e-03	1.527084e-02	-1.764114e-02	1.645599e-02	-8.565957e-04	5.930490e-04	6.558267e-04	9.209623e-04	-2.651356e-04
424           	1.958943e-02	8.938107e-03	1.065133e-02	-2.370299e-03	1.527084e-02	-1.764114e-02	1.645599e-02	-8.566089e-04	5.930637e-04	6.558440e-04	9.209857e-04	-2.651417e-04
425           	1.958943e-02	8.938094e-03	1.065134e-02	-2.370299e-03	1.527085e-02	-1.764114e-02	1.645600e-02	-8.566227e-04	5.930785e-04	6.558613e-04	9.210092e-04	-2.651479e-04
426           	1.958944e-02	8.938080e-03	1.065135e-02	-2.370300e-03	1.527085e-02	-1.764115e-02	1.645600e-02	-8.566373e-04	5.930936e-04	6.558787e-04	9.210330e-04	-2.651543e-04
427           	1.958944e-02	8.938067e-03	1.065137e-02	-2.370301e-03	1.527085e-02	-1.764115e-02	1.645600e-02	-8.566518e-04	5.931093e-04	6.558970e-04	9.210578e-04	-2.651608e-04
428           	1.958944e-02	8.938054e-03	1.065139e-02	-2.370302e-03	1.527085e-02	-1.764116e-02	1.645600e-02	-8.566670e-04	5.931251e-04	6.559152e-04	9.210827e-04	-2.651675e-04
429           	1.958945e-02	8.938040e-03	1.065141e-02	-2.370303e-03	1.527086e-02	-1.764116e-02	1.645601e-02	-8.566828e-04	5.931410e-04	6.559335e-04	9.211078e-04	-2.651743e-04
430           	1.958945e-02	8.938027e-03	1.065142e-02	-2.370303e-03	1.527086e-02	-1.764117e-02	1.645601e-02	-8.566988e-04	5.931576e-04	6.559527e-04	9.211340e-04	-2.651813e-04
431           	1.958946e-02	8.938014e-03	1.065144e-02	-2.370304e-03	1.527087e-02	-1.764117e-02	1.645602e-02	-8.567152e-04	5.931742e-04	6.559718e-04	9.211601e-04	-2.651883e-04
432           	1.958946e-02	8.938001e-03	1.065146e-02	-2.370304e-03	1.527088e-02	-1.764118e-02	1.645603e-02	-8.567318e-04	5.931914e-04	6.559917e-04	9.211872e-04	-2.651956e-04
433           	1.958947e-02	8.937987e-03	1.065149e-02	-2.370305e-03	1.527088e-02	-1.764119e-02	1.645604e-02	-8.567489e-04	5.932085e-04	6.560112e-04	9.212141e-04	-2.652029e-04
434           	1.958948e-02	8.937974e-03	1.065151e-02	-2.370306e-03	1.527089e-02	-1.764120e-02	1.645604e-02	-8.567662e-04	5.932261e-04	6.560316e-04	9.212419e-04	-2.652103e-04
435           	1.958949e-02	8.937961e-03	1.065153e-02	-2.370307e-03	1.527090e-02	-1.764121e-02	1.645605e-02	-8.567840e-04	5.932436e-04	6.560515e-04	9.212693e-04	-2.652178e-04
436           	1.958950e-02	8.937948e-03	1.065155e-02	-2.370307e-03	1.527091e-02	-1.764122e-02	1.645606e-02	-8.568020e-04	5.932616e-04	6.560723e-04	9.212978e-04	-2.652255e-04
437           	1.958951e-02	8.937935e-03	1.065158e-02	-2.370308e-03	1.527092e-02	-1.764123e-02	1.645607e-02	-8.568204e-04	5.932794e-04	6.560925e-04	9.213257e-04	-2.652331e-04
438           	1.958952e-02	8.937922e-03	1.065160e-02	-2.370309e-03	1.527093e-02	-1.764124e-02	1.645608e-02	-8.568391e-04	5.932978e-04	6.561137e-04	9.213546e-04	-2.652410e-04
439           	1.958953e-02	8.937909e-03	1.065163e-02	-2.370309e-03	1.527094e-02	-1.764125e-02	1.645609e-02	-8.568580e-04	5.933167e-04	6.561354e-04	9.213844e-04	-2.652490e-04
