# Force and moment coefficients
# dragDir     : (1.000000e+00 0.000000e+00 0.000000e+00)
# sideDir     : (0.000000e+00 1.000000e+00 0.000000e+00)
# liftDir     : (0.000000e+00 0.000000e+00 1.000000e+00)
# rollAxis    : (1.000000e+00 0.000000e+00 0.000000e+00)
# pitchAxis   : (0.000000e+00 1.000000e+00 0.000000e+00)
# yawAxis     : (0.000000e+00 0.000000e+00 1.000000e+00)
# magUInf     : 6.661800e+00
# lRef        : 1.499270e-01
# Aref        : 5.000000e-02
# CofR        : (0.000000e+00 0.000000e+00 0.000000e+00)
#
# Time        	Cd            	Cd(f)         	Cd(r)         	Cl            	Cl(f)         	Cl(r)         	CmPitch       	CmRoll        	CmYaw         	Cs            	Cs(f)         	Cs(r)         
1             	3.189955e-01	1.595739e-01	1.594216e-01	-4.895015e-03	1.789837e-01	-1.838788e-01	1.814312e-01	7.613804e-05	-1.117199e-05	-8.444278e-05	-5.339338e-05	-3.104940e-05
2             	2.350492e-01	1.175850e-01	1.174642e-01	-6.913503e-03	1.295691e-01	-1.364826e-01	1.330258e-01	6.040725e-05	3.200463e-06	-8.117720e-05	-3.738814e-05	-4.378906e-05
3             	1.793696e-01	8.975051e-02	8.961913e-02	-7.342609e-03	9.757357e-02	-1.049162e-01	1.012449e-01	6.569152e-05	1.401106e-05	-9.447205e-05	-3.322496e-05	-6.124708e-05
4             	1.377137e-01	6.893247e-02	6.878120e-02	-6.582011e-03	7.439721e-02	-8.097922e-02	7.768821e-02	7.563501e-05	3.028634e-05	-1.038239e-04	-2.162560e-05	-8.219828e-05
5             	1.045734e-01	5.236006e-02	5.221336e-02	-5.117425e-03	5.650570e-02	-6.162312e-02	5.906441e-02	7.335286e-05	5.984756e-05	-8.778138e-05	1.595687e-05	-1.037382e-04
6             	7.838751e-02	3.923929e-02	3.914822e-02	-3.402894e-03	4.268039e-02	-4.608328e-02	4.438184e-02	4.553408e-05	1.076380e-04	-3.082036e-05	9.222784e-05	-1.230482e-04
7             	5.881385e-02	2.939425e-02	2.941961e-02	-1.795472e-03	3.248817e-02	-3.428364e-02	3.338591e-02	-1.267999e-05	1.738500e-04	7.082737e-05	2.092637e-04	-1.384364e-04
8             	4.550353e-02	2.265597e-02	2.284755e-02	-5.213965e-04	2.559442e-02	-2.611582e-02	2.585512e-02	-9.578895e-05	2.523495e-04	2.071084e-04	3.559037e-04	-1.487954e-04
9             	3.766052e-02	1.863882e-02	1.902171e-02	3.198692e-04	2.150514e-02	-2.118527e-02	2.134521e-02	-1.914452e-04	3.328508e-04	3.582283e-04	5.119650e-04	-1.537367e-04
10            	3.407737e-02	1.675408e-02	1.732329e-02	7.322962e-04	1.956280e-02	-1.883050e-02	1.919665e-02	-2.846025e-04	4.040457e-04	5.009192e-04	6.545053e-04	-1.535862e-04
11            	3.333815e-02	1.630851e-02	1.702964e-02	7.874546e-04	1.903435e-02	-1.824689e-02	1.864062e-02	-3.605644e-04	4.554279e-04	6.128777e-04	7.618667e-04	-1.489890e-04
12            	3.407990e-02	1.663018e-02	1.744972e-02	5.911606e-04	1.923218e-02	-1.864102e-02	1.893660e-02	-4.097708e-04	4.813775e-04	6.803083e-04	8.215317e-04	-1.412234e-04
13            	3.519053e-02	1.716712e-02	1.802341e-02	2.540787e-04	1.960507e-02	-1.935099e-02	1.947803e-02	-4.281421e-04	4.809621e-04	6.982373e-04	8.300808e-04	-1.318435e-04
14            	3.592604e-02	1.754555e-02	1.838050e-02	-1.279870e-04	1.979076e-02	-1.991875e-02	1.985476e-02	-4.174728e-04	4.581525e-04	6.711799e-04	7.937425e-04	-1.225626e-04
15            	3.592313e-02	1.757713e-02	1.834600e-02	-4.850329e-04	1.961724e-02	-2.010227e-02	1.985975e-02	-3.844386e-04	4.204926e-04	6.111602e-04	7.260727e-04	-1.149124e-04
16            	3.514380e-02	1.723354e-02	1.791026e-02	-7.747409e-04	1.907357e-02	-1.984831e-02	1.946094e-02	-3.383583e-04	3.768956e-04	5.339070e-04	6.438491e-04	-1.099421e-04
17            	3.376738e-02	1.659501e-02	1.717237e-02	-9.800364e-04	1.825408e-02	-1.923412e-02	1.874410e-02	-2.886783e-04	3.355499e-04	4.548559e-04	5.629779e-04	-1.081220e-04
18            	3.208033e-02	1.579619e-02	1.628414e-02	-1.102438e-03	1.730308e-02	-1.840552e-02	1.785430e-02	-2.439725e-04	3.031785e-04	3.875015e-04	4.969292e-04	-1.094277e-04
19            	3.037467e-02	1.497739e-02	1.539727e-02	-1.154888e-03	1.636444e-02	-1.751933e-02	1.694189e-02	-2.099395e-04	2.832916e-04	3.401914e-04	4.533873e-04	-1.131959e-04
20            	2.887140e-02	1.424635e-02	1.462505e-02	-1.155958e-03	1.554456e-02	-1.670052e-02	1.612254e-02	-1.893494e-04	2.766300e-04	3.163737e-04	4.348169e-04	-1.184432e-04
21            	2.769017e-02	1.366297e-02	1.402720e-02	-1.124546e-03	1.489845e-02	-1.602299e-02	1.546072e-02	-1.821146e-04	2.814823e-04	3.148326e-04	4.388986e-04	-1.240659e-04
22            	2.684730e-02	1.323785e-02	1.360945e-02	-1.076906e-03	1.442987e-02	-1.550678e-02	1.496833e-02	-1.857992e-04	2.943300e-04	3.306810e-04	4.596705e-04	-1.289895e-04
23            	2.628018e-02	1.294326e-02	1.333692e-02	-1.025173e-03	1.410420e-02	-1.512937e-02	1.461678e-02	-1.968300e-04	3.111341e-04	3.573843e-04	4.898262e-04	-1.324419e-04
24            	2.588106e-02	1.272920e-02	1.315186e-02	-9.774032e-04	1.386534e-02	-1.484274e-02	1.435404e-02	-2.113288e-04	3.279423e-04	3.880042e-04	5.219444e-04	-1.339402e-04
25            	2.553598e-02	1.254200e-02	1.299399e-02	-9.379424e-04	1.365525e-02	-1.459319e-02	1.412422e-02	-2.259971e-04	3.419218e-04	4.169153e-04	5.503795e-04	-1.334642e-04
26            	2.515504e-02	1.233924e-02	1.281580e-02	-9.082041e-04	1.342851e-02	-1.433671e-02	1.388261e-02	-2.382827e-04	3.513539e-04	4.400822e-04	5.713950e-04	-1.313129e-04
27            	2.468606e-02	1.209634e-02	1.258973e-02	-8.879176e-04	1.315907e-02	-1.404699e-02	1.360303e-02	-2.466949e-04	3.556052e-04	4.552852e-04	5.832478e-04	-1.279626e-04
28            	2.411915e-02	1.180875e-02	1.231040e-02	-8.758813e-04	1.284219e-02	-1.371807e-02	1.328013e-02	-2.508266e-04	3.550628e-04	4.621744e-04	5.861500e-04	-1.239755e-04
29            	2.347965e-02	1.148874e-02	1.199091e-02	-8.705004e-04	1.249075e-02	-1.336125e-02	1.292600e-02	-2.510865e-04	3.507956e-04	4.617984e-04	5.816948e-04	-1.198964e-04
30            	2.281519e-02	1.115920e-02	1.165599e-02	-8.701189e-04	1.212855e-02	-1.299867e-02	1.256361e-02	-2.483983e-04	3.442816e-04	4.561569e-04	5.723600e-04	-1.162031e-04
31            	2.217873e-02	1.084549e-02	1.133324e-02	-8.732949e-04	1.178196e-02	-1.265526e-02	1.221861e-02	-2.438707e-04	3.369002e-04	4.474491e-04	5.606247e-04	-1.131756e-04
32            	2.161475e-02	1.056882e-02	1.104593e-02	-8.788719e-04	1.147311e-02	-1.235199e-02	1.191255e-02	-2.385538e-04	3.297364e-04	4.376856e-04	5.485791e-04	-1.108936e-04
33            	2.115073e-02	1.034209e-02	1.080864e-02	-8.858958e-04	1.121560e-02	-1.210149e-02	1.165854e-02	-2.332727e-04	3.235207e-04	4.284434e-04	5.377424e-04	-1.092990e-04
34            	2.079373e-02	1.016833e-02	1.062540e-02	-8.936041e-04	1.101280e-02	-1.190640e-02	1.145960e-02	-2.285360e-04	3.185747e-04	4.206798e-04	5.289147e-04	-1.082348e-04
35            	2.053186e-02	1.004138e-02	1.049048e-02	-9.013970e-04	1.085870e-02	-1.176009e-02	1.130939e-02	-2.245504e-04	3.148673e-04	4.147589e-04	5.222468e-04	-1.074879e-04
36            	2.033960e-02	9.948487e-03	1.039112e-02	-9.088183e-04	1.074049e-02	-1.164931e-02	1.119490e-02	-2.213141e-04	3.121542e-04	4.106084e-04	5.174584e-04	-1.068500e-04
37            	2.018507e-02	9.873845e-03	1.031122e-02	-9.155432e-04	1.064224e-02	-1.155778e-02	1.110001e-02	-2.186874e-04	3.100879e-04	4.078640e-04	5.140199e-04	-1.061559e-04
38            	2.003730e-02	9.802176e-03	1.023512e-02	-9.213603e-04	1.054844e-02	-1.146981e-02	1.100913e-02	-2.164711e-04	3.083126e-04	4.060171e-04	5.113211e-04	-1.053040e-04
39            	1.987204e-02	9.721526e-03	1.015051e-02	-9.261432e-04	1.044696e-02	-1.137310e-02	1.091003e-02	-2.144923e-04	3.065805e-04	4.046042e-04	5.088826e-04	-1.042783e-04
40            	1.967524e-02	9.624967e-03	1.005027e-02	-9.298340e-04	1.033067e-02	-1.126051e-02	1.079559e-02	-2.126514e-04	3.047794e-04	4.033034e-04	5.064311e-04	-1.031277e-04
41            	1.944365e-02	9.510897e-03	9.932751e-03	-9.324312e-04	1.019782e-02	-1.113025e-02	1.066404e-02	-2.109269e-04	3.029263e-04	4.019646e-04	5.039086e-04	-1.019440e-04
42            	1.918330e-02	9.382289e-03	9.801014e-03	-9.339850e-04	1.005127e-02	-1.098526e-02	1.051827e-02	-2.093626e-04	3.011367e-04	4.006011e-04	5.014373e-04	-1.008362e-04
43            	1.890648e-02	9.245200e-03	9.661280e-03	-9.345878e-04	9.897028e-03	-1.083162e-02	1.036432e-02	-2.080398e-04	2.995768e-04	3.993414e-04	4.992475e-04	-9.990612e-05
44            	1.862802e-02	9.106972e-03	9.521052e-03	-9.343723e-04	9.742400e-03	-1.067677e-02	1.020959e-02	-2.070399e-04	2.984087e-04	3.983657e-04	4.975916e-04	-9.922589e-05
45            	1.836189e-02	8.974527e-03	9.387360e-03	-9.335054e-04	9.594312e-03	-1.052782e-02	1.006106e-02	-2.064166e-04	2.977480e-04	3.978432e-04	4.966696e-04	-9.882638e-05
46            	1.811852e-02	8.853076e-03	9.265440e-03	-9.321822e-04	9.457994e-03	-1.039018e-02	9.924085e-03	-2.061820e-04	2.976390e-04	3.978887e-04	4.965834e-04	-9.869466e-05
47            	1.790346e-02	8.745439e-03	9.158020e-03	-9.306129e-04	9.336286e-03	-1.026690e-02	9.801592e-03	-2.062905e-04	2.980366e-04	3.985160e-04	4.972946e-04	-9.877860e-05
48            	1.771720e-02	8.651945e-03	9.065251e-03	-9.290144e-04	9.229513e-03	-1.015853e-02	9.694020e-03	-2.066530e-04	2.988235e-04	3.996476e-04	4.986474e-04	-9.899974e-05
49            	1.755591e-02	8.570825e-03	8.985084e-03	-9.275830e-04	9.135855e-03	-1.006344e-02	9.599646e-03	-2.071293e-04	2.998073e-04	4.010898e-04	5.003522e-04	-9.926243e-05
50            	1.741300e-02	8.498913e-03	8.914090e-03	-9.264855e-04	9.052065e-03	-9.978550e-03	9.515307e-03	-2.075884e-04	3.007969e-04	4.026335e-04	5.021137e-04	-9.948018e-05
51            	1.728080e-02	8.432487e-03	8.848317e-03	-9.258417e-04	8.974311e-03	-9.900153e-03	9.437232e-03	-2.079151e-04	3.016178e-04	4.040684e-04	5.036520e-04	-9.958361e-05
52            	1.715216e-02	8.368057e-03	8.784100e-03	-9.257135e-04	8.898961e-03	-9.824675e-03	9.361818e-03	-2.080217e-04	3.021330e-04	4.052082e-04	5.047371e-04	-9.952893e-05
53            	1.702161e-02	8.302945e-03	8.718669e-03	-9.261010e-04	8.823187e-03	-9.749288e-03	9.286238e-03	-2.078620e-04	3.022636e-04	4.059243e-04	5.052257e-04	-9.930147e-05
54            	1.688608e-02	8.235606e-03	8.650474e-03	-9.269461e-04	8.745303e-03	-9.672249e-03	9.208776e-03	-2.074341e-04	3.019979e-04	4.061644e-04	5.050801e-04	-9.891571e-05
55            	1.674489e-02	8.165665e-03	8.579223e-03	-9.281427e-04	8.664825e-03	-9.592968e-03	9.128896e-03	-2.067790e-04	3.013862e-04	4.059558e-04	5.043641e-04	-9.840833e-05
56            	1.659942e-02	8.093738e-03	8.505683e-03	-9.295545e-04	8.582313e-03	-9.511867e-03	9.047090e-03	-2.059725e-04	3.005322e-04	4.053993e-04	5.032319e-04	-9.783258e-05
57            	1.645243e-02	8.021115e-03	8.431320e-03	-9.310325e-04	8.499048e-03	-9.430081e-03	8.964565e-03	-2.051023e-04	2.995586e-04	4.046269e-04	5.018721e-04	-9.724516e-05
58            	1.630726e-02	7.949367e-03	8.357896e-03	-9.324349e-04	8.416656e-03	-9.349091e-03	8.882874e-03	-2.042643e-04	2.986018e-04	4.038019e-04	5.005027e-04	-9.670088e-05
59            	1.616708e-02	7.880011e-03	8.287069e-03	-9.336429e-04	8.336737e-03	-9.270379e-03	8.803558e-03	-2.035288e-04	2.977652e-04	4.030522e-04	4.992913e-04	-9.623908e-05
60            	1.603433e-02	7.814209e-03	8.220122e-03	-9.345734e-04	8.260574e-03	-9.195147e-03	8.727861e-03	-2.029567e-04	2.971370e-04	4.025011e-04	4.983876e-04	-9.588643e-05
61            	1.591040e-02	7.752618e-03	8.157786e-03	-9.351846e-04	8.188959e-03	-9.124144e-03	8.656552e-03	-2.025840e-04	2.967703e-04	4.022308e-04	4.978856e-04	-9.565487e-05
62            	1.579557e-02	7.695365e-03	8.100205e-03	-9.354781e-04	8.122139e-03	-9.057617e-03	8.589878e-03	-2.024199e-04	2.966780e-04	4.022772e-04	4.978166e-04	-9.553939e-05
63            	1.568909e-02	7.642103e-03	8.046990e-03	-9.354876e-04	8.059849e-03	-8.995337e-03	8.527593e-03	-2.024437e-04	2.968314e-04	4.026209e-04	4.981418e-04	-9.552090e-05
64            	1.558953e-02	7.592147e-03	7.997387e-03	-9.352733e-04	8.001447e-03	-8.936720e-03	8.469083e-03	-2.026197e-04	2.971810e-04	4.032147e-04	4.987883e-04	-9.557365e-05
65            	1.549510e-02	7.544646e-03	7.950450e-03	-9.349103e-04	7.946074e-03	-8.880984e-03	8.413529e-03	-2.029019e-04	2.976613e-04	4.039876e-04	4.996551e-04	-9.566748e-05
66            	1.540396e-02	7.498736e-03	7.905229e-03	-9.344769e-04	7.892819e-03	-8.827296e-03	8.360058e-03	-2.032467e-04	2.982101e-04	4.048688e-04	5.006445e-04	-9.577572e-05
67            	1.531458e-02	7.453666e-03	7.860909e-03	-9.340448e-04	7.840857e-03	-8.774902e-03	8.307880e-03	-2.036214e-04	2.987808e-04	4.058039e-04	5.016827e-04	-9.587886e-05
68            	1.522582e-02	7.408921e-03	7.816895e-03	-9.336703e-04	7.789559e-03	-8.723230e-03	8.256394e-03	-2.039868e-04	2.993217e-04	4.067251e-04	5.026843e-04	-9.595913e-05
69            	1.513708e-02	7.364219e-03	7.772859e-03	-9.333901e-04	7.738532e-03	-8.671922e-03	8.205227e-03	-2.043198e-04	2.998049e-04	4.075930e-04	5.036014e-04	-9.600842e-05
70            	1.504823e-02	7.319510e-03	7.728725e-03	-9.332205e-04	7.687620e-03	-8.620841e-03	8.154230e-03	-2.046071e-04	3.002176e-04	4.083843e-04	5.044097e-04	-9.602544e-05
71            	1.495955e-02	7.274928e-03	7.684620e-03	-9.331583e-04	7.636877e-03	-8.570035e-03	8.103456e-03	-2.048459e-04	3.005616e-04	4.090945e-04	5.051089e-04	-9.601440e-05
72            	1.487153e-02	7.230718e-03	7.640812e-03	-9.331852e-04	7.586498e-03	-8.519684e-03	8.053091e-03	-2.050469e-04	3.008527e-04	4.097381e-04	5.057217e-04	-9.598363e-05
73            	1.478480e-02	7.187188e-03	7.597613e-03	-9.332722e-04	7.536767e-03	-8.470039e-03	8.003403e-03	-2.052125e-04	3.011018e-04	4.103220e-04	5.062627e-04	-9.594078e-05
74            	1.469996e-02	7.144627e-03	7.555335e-03	-9.333859e-04	7.487977e-03	-8.421363e-03	7.954670e-03	-2.053542e-04	3.013251e-04	4.108634e-04	5.067568e-04	-9.589344e-05
75            	1.461749e-02	7.103263e-03	7.514230e-03	-9.334934e-04	7.440390e-03	-8.373883e-03	7.907136e-03	-2.054833e-04	3.015351e-04	4.113763e-04	5.072233e-04	-9.584693e-05
76            	1.453771e-02	7.063250e-03	7.474460e-03	-9.335669e-04	7.394198e-03	-8.327765e-03	7.860981e-03	-2.056051e-04	3.017405e-04	4.118710e-04	5.076760e-04	-9.580495e-05
77            	1.446074e-02	7.024646e-03	7.436096e-03	-9.335856e-04	7.349509e-03	-8.283095e-03	7.816302e-03	-2.057249e-04	3.019452e-04	4.123536e-04	5.081220e-04	-9.576838e-05
78            	1.438655e-02	6.987430e-03	7.399121e-03	-9.335383e-04	7.306347e-03	-8.239885e-03	7.773116e-03	-2.058456e-04	3.021490e-04	4.128258e-04	5.085620e-04	-9.573613e-05
79            	1.431497e-02	6.951518e-03	7.363453e-03	-9.334222e-04	7.264662e-03	-8.198084e-03	7.731373e-03	-2.059672e-04	3.023480e-04	4.132851e-04	5.089906e-04	-9.570550e-05
80            	1.424576e-02	6.916792e-03	7.328966e-03	-9.332425e-04	7.224355e-03	-8.157598e-03	7.690976e-03	-2.060868e-04	3.025361e-04	4.137258e-04	5.093990e-04	-9.567319e-05
81            	1.417863e-02	6.883116e-03	7.295517e-03	-9.330101e-04	7.185295e-03	-8.118305e-03	7.651800e-03	-2.062006e-04	3.027075e-04	4.141426e-04	5.097788e-04	-9.563625e-05
82            	1.411333e-02	6.850359e-03	7.262968e-03	-9.327391e-04	7.147343e-03	-8.080082e-03	7.613713e-03	-2.063045e-04	3.028585e-04	4.145315e-04	5.101242e-04	-9.559277e-05
83            	1.404961e-02	6.818406e-03	7.231201e-03	-9.324451e-04	7.110367e-03	-8.042812e-03	7.576590e-03	-2.063974e-04	3.029904e-04	4.148950e-04	5.104379e-04	-9.554284e-05
84            	1.398730e-02	6.787179e-03	7.200126e-03	-9.321440e-04	7.074263e-03	-8.006407e-03	7.540335e-03	-2.064737e-04	3.031002e-04	4.152287e-04	5.107146e-04	-9.548588e-05
85            	1.392629e-02	6.756611e-03	7.169676e-03	-9.318473e-04	7.038938e-03	-7.970785e-03	7.504861e-03	-2.065321e-04	3.031906e-04	4.155351e-04	5.109582e-04	-9.542308e-05
86            	1.386648e-02	6.726667e-03	7.139811e-03	-9.315629e-04	7.004330e-03	-7.935892e-03	7.470111e-03	-2.065719e-04	3.032649e-04	4.158176e-04	5.111737e-04	-9.535612e-05
87            	1.380784e-02	6.697327e-03	7.110514e-03	-9.312950e-04	6.970401e-03	-7.901696e-03	7.436049e-03	-2.065936e-04	3.033268e-04	4.160799e-04	5.113668e-04	-9.528684e-05
88            	1.375037e-02	6.668585e-03	7.081783e-03	-9.310447e-04	6.937135e-03	-7.868179e-03	7.402657e-03	-2.065989e-04	3.033798e-04	4.163259e-04	5.115427e-04	-9.521690e-05
89            	1.369406e-02	6.640442e-03	7.053621e-03	-9.308101e-04	6.904524e-03	-7.835334e-03	7.369929e-03	-2.065898e-04	3.034265e-04	4.165581e-04	5.117055e-04	-9.514739e-05
90            	1.363893e-02	6.612898e-03	7.026035e-03	-9.305879e-04	6.872571e-03	-7.803159e-03	7.337865e-03	-2.065684e-04	3.034682e-04	4.167784e-04	5.118574e-04	-9.507893e-05
91            	1.358498e-02	6.585949e-03	6.999032e-03	-9.303738e-04	6.841281e-03	-7.771654e-03	7.306467e-03	-2.065415e-04	3.035098e-04	4.169942e-04	5.120069e-04	-9.501275e-05
92            	1.353221e-02	6.559598e-03	6.972609e-03	-9.301634e-04	6.810657e-03	-7.740820e-03	7.275739e-03	-2.065053e-04	3.035450e-04	4.171960e-04	5.121430e-04	-9.494701e-05
93            	1.348060e-02	6.533839e-03	6.946763e-03	-9.299529e-04	6.780701e-03	-7.710654e-03	7.245678e-03	-2.064619e-04	3.035728e-04	4.173835e-04	5.122646e-04	-9.488108e-05
94            	1.343015e-02	6.508661e-03	6.921489e-03	-9.297397e-04	6.751411e-03	-7.681150e-03	7.216281e-03	-2.064136e-04	3.035929e-04	4.175570e-04	5.123714e-04	-9.481437e-05
95            	1.338083e-02	6.484051e-03	6.896776e-03	-9.295225e-04	6.722777e-03	-7.652299e-03	7.187538e-03	-2.063625e-04	3.036050e-04	4.177172e-04	5.124636e-04	-9.474634e-05
96            	1.333261e-02	6.459995e-03	6.872615e-03	-9.293010e-04	6.694788e-03	-7.624089e-03	7.159439e-03	-2.063098e-04	3.036090e-04	4.178647e-04	5.125413e-04	-9.467664e-05
97            	1.328547e-02	6.436480e-03	6.848992e-03	-9.290761e-04	6.667430e-03	-7.596506e-03	7.131968e-03	-2.062562e-04	3.036049e-04	4.179997e-04	5.126047e-04	-9.460505e-05
98            	1.323939e-02	6.413492e-03	6.825895e-03	-9.288497e-04	6.640686e-03	-7.569536e-03	7.105111e-03	-2.062016e-04	3.035926e-04	4.181223e-04	5.126537e-04	-9.453139e-05
99            	1.319433e-02	6.391018e-03	6.803308e-03	-9.286238e-04	6.614539e-03	-7.543163e-03	7.078851e-03	-2.061453e-04	3.035724e-04	4.182329e-04	5.126889e-04	-9.445600e-05
100           	1.315026e-02	6.369046e-03	6.781219e-03	-9.284007e-04	6.588971e-03	-7.517371e-03	7.053171e-03	-2.060865e-04	3.035448e-04	4.183314e-04	5.127105e-04	-9.437907e-05
101           	1.310717e-02	6.347557e-03	6.759615e-03	-9.281829e-04	6.563963e-03	-7.492146e-03	7.028054e-03	-2.060290e-04	3.035148e-04	4.184253e-04	5.127275e-04	-9.430216e-05
102           	1.306503e-02	6.326549e-03	6.738479e-03	-9.279718e-04	6.539501e-03	-7.467473e-03	7.003487e-03	-2.059653e-04	3.034754e-04	4.185039e-04	5.127274e-04	-9.422351e-05
103           	1.302380e-02	6.306008e-03	6.717797e-03	-9.277687e-04	6.515569e-03	-7.443338e-03	6.979453e-03	-2.058946e-04	3.034267e-04	4.185668e-04	5.127101e-04	-9.414329e-05
104           	1.298348e-02	6.285921e-03	6.697555e-03	-9.275745e-04	6.492153e-03	-7.419727e-03	6.955940e-03	-2.058172e-04	3.033693e-04	4.186150e-04	5.126768e-04	-9.406182e-05
105           	1.294402e-02	6.266275e-03	6.677742e-03	-9.273892e-04	6.469238e-03	-7.396628e-03	6.932933e-03	-2.057334e-04	3.033039e-04	4.186490e-04	5.126284e-04	-9.397938e-05
106           	1.290540e-02	6.247057e-03	6.658345e-03	-9.272129e-04	6.446813e-03	-7.374026e-03	6.910420e-03	-2.056440e-04	3.032311e-04	4.186700e-04	5.125662e-04	-9.389613e-05
107           	1.286761e-02	6.228253e-03	6.639353e-03	-9.270450e-04	6.424865e-03	-7.351910e-03	6.888388e-03	-2.055500e-04	3.031514e-04	4.186788e-04	5.124908e-04	-9.381203e-05
108           	1.283060e-02	6.209847e-03	6.620756e-03	-9.268854e-04	6.403378e-03	-7.330264e-03	6.866821e-03	-2.054548e-04	3.030653e-04	4.186782e-04	5.124044e-04	-9.372617e-05
109           	1.279438e-02	6.191835e-03	6.602546e-03	-9.267329e-04	6.382348e-03	-7.309081e-03	6.845714e-03	-2.053556e-04	3.029729e-04	4.186663e-04	5.123060e-04	-9.363970e-05
110           	1.275892e-02	6.174208e-03	6.584714e-03	-9.265871e-04	6.361764e-03	-7.288351e-03	6.825057e-03	-2.052528e-04	3.028741e-04	4.186431e-04	5.121957e-04	-9.355253e-05
111           	1.272421e-02	6.156958e-03	6.567251e-03	-9.264475e-04	6.341615e-03	-7.268063e-03	6.804839e-03	-2.051469e-04	3.027693e-04	4.186092e-04	5.120739e-04	-9.346470e-05
112           	1.269023e-02	6.140074e-03	6.550152e-03	-9.263141e-04	6.321893e-03	-7.248207e-03	6.785050e-03	-2.050388e-04	3.026591e-04	4.185654e-04	5.119418e-04	-9.337638e-05
113           	1.265696e-02	6.123550e-03	6.533414e-03	-9.261866e-04	6.302589e-03	-7.228776e-03	6.765682e-03	-2.049320e-04	3.025499e-04	4.185195e-04	5.118097e-04	-9.329017e-05
114           	1.262440e-02	6.107375e-03	6.517023e-03	-9.260655e-04	6.283690e-03	-7.209756e-03	6.746723e-03	-2.048240e-04	3.024355e-04	4.184646e-04	5.116678e-04	-9.320314e-05
115           	1.259252e-02	6.091544e-03	6.500974e-03	-9.259509e-04	6.265187e-03	-7.191138e-03	6.728163e-03	-2.047153e-04	3.023163e-04	4.184018e-04	5.115172e-04	-9.311541e-05
116           	1.256130e-02	6.076040e-03	6.485260e-03	-9.258435e-04	6.247067e-03	-7.172910e-03	6.709989e-03	-2.046096e-04	3.021949e-04	4.183363e-04	5.113630e-04	-9.302679e-05
117           	1.253074e-02	6.060869e-03	6.469872e-03	-9.257429e-04	6.229327e-03	-7.155070e-03	6.692198e-03	-2.045017e-04	3.020685e-04	4.182619e-04	5.111995e-04	-9.293761e-05
118           	1.250083e-02	6.046023e-03	6.454807e-03	-9.256491e-04	6.211959e-03	-7.137608e-03	6.674783e-03	-2.043918e-04	3.019374e-04	4.181788e-04	5.110267e-04	-9.284797e-05
119           	1.247155e-02	6.031495e-03	6.440056e-03	-9.255622e-04	6.194955e-03	-7.120518e-03	6.657737e-03	-2.042804e-04	3.018019e-04	4.180876e-04	5.108457e-04	-9.275806e-05
120           	1.244289e-02	6.017278e-03	6.425613e-03	-9.254820e-04	6.178309e-03	-7.103791e-03	6.641050e-03	-2.041679e-04	3.016628e-04	4.179894e-04	5.106575e-04	-9.266810e-05
121           	1.241484e-02	6.003363e-03	6.411473e-03	-9.254084e-04	6.162011e-03	-7.087419e-03	6.624715e-03	-2.040550e-04	3.015206e-04	4.178849e-04	5.104631e-04	-9.257819e-05
122           	1.238737e-02	5.989744e-03	6.397628e-03	-9.253410e-04	6.146054e-03	-7.071395e-03	6.608725e-03	-2.039424e-04	3.013761e-04	4.177752e-04	5.102637e-04	-9.248847e-05
123           	1.236049e-02	5.976412e-03	6.384074e-03	-9.252796e-04	6.130431e-03	-7.055711e-03	6.593071e-03	-2.038307e-04	3.012295e-04	4.176610e-04	5.100600e-04	-9.239897e-05
124           	1.233416e-02	5.963363e-03	6.370802e-03	-9.252238e-04	6.115134e-03	-7.040358e-03	6.577746e-03	-2.037195e-04	3.010803e-04	4.175419e-04	5.098513e-04	-9.230937e-05
125           	1.230839e-02	5.950589e-03	6.357806e-03	-9.251732e-04	6.100157e-03	-7.025330e-03	6.562743e-03	-2.036083e-04	3.009280e-04	4.174174e-04	5.096366e-04	-9.221928e-05
126           	1.228316e-02	5.938086e-03	6.345079e-03	-9.251275e-04	6.085491e-03	-7.010619e-03	6.548055e-03	-2.034965e-04	3.007716e-04	4.172865e-04	5.094149e-04	-9.212840e-05
127           	1.225846e-02	5.925840e-03	6.332619e-03	-9.250866e-04	6.071129e-03	-6.996215e-03	6.533672e-03	-2.033896e-04	3.006189e-04	4.171600e-04	5.091990e-04	-9.203891e-05
128           	1.223427e-02	5.913858e-03	6.320414e-03	-9.250499e-04	6.057066e-03	-6.982116e-03	6.519591e-03	-2.032782e-04	3.004582e-04	4.170217e-04	5.089690e-04	-9.194733e-05
129           	1.221059e-02	5.902135e-03	6.308458e-03	-9.250171e-04	6.043295e-03	-6.968313e-03	6.505804e-03	-2.031617e-04	3.002886e-04	4.168704e-04	5.087238e-04	-9.185341e-05
130           	1.218741e-02	5.890665e-03	6.296745e-03	-9.249880e-04	6.029812e-03	-6.954800e-03	6.492306e-03	-2.030401e-04	3.001104e-04	4.167064e-04	5.084636e-04	-9.175716e-05
131           	1.216471e-02	5.879443e-03	6.285271e-03	-9.249626e-04	6.016608e-03	-6.941570e-03	6.479089e-03	-2.029142e-04	2.999246e-04	4.165312e-04	5.081902e-04	-9.165894e-05
132           	1.214249e-02	5.868461e-03	6.274032e-03	-9.249404e-04	6.003677e-03	-6.928618e-03	6.466147e-03	-2.027853e-04	2.997326e-04	4.163466e-04	5.079059e-04	-9.155926e-05
133           	1.212074e-02	5.857713e-03	6.263022e-03	-9.249215e-04	5.991014e-03	-6.915935e-03	6.453475e-03	-2.026544e-04	2.995361e-04	4.161547e-04	5.076134e-04	-9.145876e-05
134           	1.209943e-02	5.847194e-03	6.252239e-03	-9.249056e-04	5.978612e-03	-6.903518e-03	6.441065e-03	-2.025226e-04	2.993364e-04	4.159571e-04	5.073150e-04	-9.135785e-05
135           	1.207858e-02	5.836898e-03	6.241678e-03	-9.248925e-04	5.966466e-03	-6.891358e-03	6.428912e-03	-2.023902e-04	2.991342e-04	4.157549e-04	5.070116e-04	-9.125672e-05
136           	1.205817e-02	5.826829e-03	6.231342e-03	-9.248836e-04	5.954582e-03	-6.879465e-03	6.417023e-03	-2.022566e-04	2.989286e-04	4.155471e-04	5.067022e-04	-9.115510e-05
137           	1.203819e-02	5.816974e-03	6.221218e-03	-9.248781e-04	5.942942e-03	-6.867820e-03	6.405381e-03	-2.021220e-04	2.987209e-04	4.153349e-04	5.063883e-04	-9.105347e-05
138           	1.201862e-02	5.807325e-03	6.211298e-03	-9.248751e-04	5.931539e-03	-6.856414e-03	6.393977e-03	-2.019864e-04	2.985116e-04	4.151189e-04	5.060711e-04	-9.095215e-05
139           	1.199946e-02	5.797880e-03	6.201580e-03	-9.248737e-04	5.920369e-03	-6.845243e-03	6.382806e-03	-2.018496e-04	2.983008e-04	4.148994e-04	5.057505e-04	-9.085111e-05
140           	1.198069e-02	5.788635e-03	6.192057e-03	-9.248730e-04	5.909428e-03	-6.834301e-03	6.371865e-03	-2.017110e-04	2.980878e-04	4.146754e-04	5.054255e-04	-9.075007e-05
141           	1.196231e-02	5.779586e-03	6.182727e-03	-9.248727e-04	5.898711e-03	-6.823584e-03	6.361147e-03	-2.015702e-04	2.978721e-04	4.144466e-04	5.050954e-04	-9.064882e-05
142           	1.194432e-02	5.770731e-03	6.173586e-03	-9.248724e-04	5.888215e-03	-6.813087e-03	6.350651e-03	-2.014272e-04	2.976535e-04	4.142126e-04	5.047598e-04	-9.054724e-05
143           	1.192670e-02	5.762067e-03	6.164632e-03	-9.248722e-04	5.877936e-03	-6.802808e-03	6.340372e-03	-2.012823e-04	2.974319e-04	4.139733e-04	5.044186e-04	-9.044522e-05
144           	1.190945e-02	5.753590e-03	6.155862e-03	-9.248724e-04	5.867871e-03	-6.792744e-03	6.330307e-03	-2.011359e-04	2.972074e-04	4.137292e-04	5.040720e-04	-9.034279e-05
145           	1.189257e-02	5.745297e-03	6.147273e-03	-9.248731e-04	5.858017e-03	-6.782890e-03	6.320454e-03	-2.009879e-04	2.969801e-04	4.134803e-04	5.037203e-04	-9.023998e-05
146           	1.187604e-02	5.737176e-03	6.138865e-03	-9.248750e-04	5.848368e-03	-6.773243e-03	6.310806e-03	-2.008446e-04	2.967579e-04	4.132378e-04	5.033768e-04	-9.013902e-05
147           	1.185987e-02	5.729237e-03	6.130632e-03	-9.248777e-04	5.838924e-03	-6.763802e-03	6.301363e-03	-2.006976e-04	2.965297e-04	4.129862e-04	5.030228e-04	-9.003656e-05
148           	1.184404e-02	5.721475e-03	6.122569e-03	-9.248814e-04	5.829681e-03	-6.754563e-03	6.292122e-03	-2.005467e-04	2.962954e-04	4.127257e-04	5.026582e-04	-8.993254e-05
149           	1.182856e-02	5.713888e-03	6.114672e-03	-9.248861e-04	5.820637e-03	-6.745523e-03	6.283080e-03	-2.003920e-04	2.960553e-04	4.124566e-04	5.022836e-04	-8.982704e-05
150           	1.181341e-02	5.706472e-03	6.106939e-03	-9.248916e-04	5.811786e-03	-6.736678e-03	6.274232e-03	-2.002334e-04	2.958098e-04	4.121794e-04	5.018995e-04	-8.972007e-05
151           	1.179859e-02	5.699223e-03	6.099365e-03	-9.248979e-04	5.803126e-03	-6.728024e-03	6.265575e-03	-2.000709e-04	2.955592e-04	4.118949e-04	5.015066e-04	-8.961179e-05
152           	1.178409e-02	5.692139e-03	6.091948e-03	-9.249047e-04	5.794652e-03	-6.719557e-03	6.257104e-03	-1.999045e-04	2.953044e-04	4.116040e-04	5.011064e-04	-8.950246e-05
153           	1.176990e-02	5.685214e-03	6.084683e-03	-9.249120e-04	5.786361e-03	-6.711273e-03	6.248817e-03	-1.997346e-04	2.950463e-04	4.113078e-04	5.007003e-04	-8.939243e-05
154           	1.175602e-02	5.678446e-03	6.077569e-03	-9.249196e-04	5.778249e-03	-6.703168e-03	6.240709e-03	-1.995615e-04	2.947861e-04	4.110078e-04	5.002900e-04	-8.928218e-05
155           	1.174244e-02	5.671832e-03	6.070603e-03	-9.249274e-04	5.770313e-03	-6.695240e-03	6.232776e-03	-1.993856e-04	2.945246e-04	4.107050e-04	4.998771e-04	-8.917213e-05
156           	1.172915e-02	5.665368e-03	6.063783e-03	-9.249354e-04	5.762549e-03	-6.687484e-03	6.225017e-03	-1.992074e-04	2.942627e-04	4.104001e-04	4.994628e-04	-8.906266e-05
157           	1.171616e-02	5.659051e-03	6.057105e-03	-9.249436e-04	5.754954e-03	-6.679898e-03	6.217426e-03	-1.990270e-04	2.940009e-04	4.100939e-04	4.990479e-04	-8.895395e-05
158           	1.170345e-02	5.652878e-03	6.050567e-03	-9.249520e-04	5.747526e-03	-6.672478e-03	6.210002e-03	-1.988447e-04	2.937393e-04	4.097864e-04	4.986325e-04	-8.884605e-05
159           	1.169101e-02	5.646846e-03	6.044167e-03	-9.249605e-04	5.740261e-03	-6.665221e-03	6.202741e-03	-1.986606e-04	2.934777e-04	4.094776e-04	4.982165e-04	-8.873894e-05
160           	1.167886e-02	5.640953e-03	6.037903e-03	-9.249693e-04	5.733156e-03	-6.658125e-03	6.195640e-03	-1.984750e-04	2.932164e-04	4.091676e-04	4.978002e-04	-8.863261e-05
161           	1.166697e-02	5.635195e-03	6.031773e-03	-9.249782e-04	5.726208e-03	-6.651186e-03	6.188697e-03	-1.982886e-04	2.929556e-04	4.088571e-04	4.973842e-04	-8.852705e-05
162           	1.165534e-02	5.629570e-03	6.025774e-03	-9.249874e-04	5.719414e-03	-6.644401e-03	6.181908e-03	-1.981021e-04	2.926957e-04	4.085467e-04	4.969691e-04	-8.842234e-05
163           	1.164398e-02	5.624073e-03	6.019905e-03	-9.249968e-04	5.712771e-03	-6.637768e-03	6.175270e-03	-1.979160e-04	2.924372e-04	4.082371e-04	4.965558e-04	-8.831866e-05
164           	1.163287e-02	5.618702e-03	6.014163e-03	-9.250064e-04	5.706277e-03	-6.631283e-03	6.168780e-03	-1.977309e-04	2.921805e-04	4.079287e-04	4.961449e-04	-8.821620e-05
165           	1.162200e-02	5.613453e-03	6.008548e-03	-9.250161e-04	5.699927e-03	-6.624943e-03	6.162435e-03	-1.975472e-04	2.919260e-04	4.076218e-04	4.957369e-04	-8.811506e-05
166           	1.161138e-02	5.608325e-03	6.003056e-03	-9.250259e-04	5.693721e-03	-6.618746e-03	6.156233e-03	-1.973652e-04	2.916738e-04	4.073169e-04	4.953322e-04	-8.801534e-05
167           	1.160100e-02	5.603315e-03	5.997685e-03	-9.250357e-04	5.687653e-03	-6.612689e-03	6.150171e-03	-1.971851e-04	2.914240e-04	4.070139e-04	4.949309e-04	-8.791704e-05
168           	1.159085e-02	5.598420e-03	5.992434e-03	-9.250457e-04	5.681723e-03	-6.606769e-03	6.144246e-03	-1.970069e-04	2.911765e-04	4.067129e-04	4.945330e-04	-8.782009e-05
169           	1.158094e-02	5.593638e-03	5.987299e-03	-9.250557e-04	5.675927e-03	-6.600983e-03	6.138455e-03	-1.968308e-04	2.909313e-04	4.064138e-04	4.941382e-04	-8.772440e-05
170           	1.157124e-02	5.588965e-03	5.982280e-03	-9.250657e-04	5.670262e-03	-6.595328e-03	6.132795e-03	-1.966570e-04	2.906883e-04	4.061168e-04	4.937467e-04	-8.762987e-05
171           	1.156177e-02	5.584401e-03	5.977372e-03	-9.250758e-04	5.664726e-03	-6.589802e-03	6.127264e-03	-1.964856e-04	2.904474e-04	4.058219e-04	4.933584e-04	-8.753644e-05
172           	1.155252e-02	5.579943e-03	5.972576e-03	-9.250861e-04	5.659316e-03	-6.584402e-03	6.121859e-03	-1.963166e-04	2.902087e-04	4.055294e-04	4.929734e-04	-8.744401e-05
173           	1.154347e-02	5.575580e-03	5.967890e-03	-9.250966e-04	5.654027e-03	-6.579124e-03	6.116576e-03	-1.961549e-04	2.899788e-04	4.052491e-04	4.926033e-04	-8.735426e-05
174           	1.153463e-02	5.571321e-03	5.963309e-03	-9.251072e-04	5.648860e-03	-6.573967e-03	6.111414e-03	-1.959940e-04	2.897490e-04	4.049681e-04	4.922331e-04	-8.726491e-05
175           	1.152600e-02	5.567164e-03	5.958832e-03	-9.251178e-04	5.643813e-03	-6.568931e-03	6.106372e-03	-1.958342e-04	2.895195e-04	4.046869e-04	4.918629e-04	-8.717603e-05
176           	1.151756e-02	5.563105e-03	5.954457e-03	-9.251283e-04	5.638882e-03	-6.564011e-03	6.101447e-03	-1.956758e-04	2.892909e-04	4.044061e-04	4.914940e-04	-8.708784e-05
177           	1.150932e-02	5.559143e-03	5.950182e-03	-9.251389e-04	5.634066e-03	-6.559205e-03	6.096636e-03	-1.955195e-04	2.890642e-04	4.041272e-04	4.911278e-04	-8.700062e-05
178           	1.150128e-02	5.555273e-03	5.946005e-03	-9.251495e-04	5.629362e-03	-6.554511e-03	6.091937e-03	-1.953659e-04	2.888401e-04	4.038510e-04	4.907656e-04	-8.691464e-05
179           	1.149342e-02	5.551493e-03	5.941924e-03	-9.251602e-04	5.624766e-03	-6.549927e-03	6.087346e-03	-1.952154e-04	2.886195e-04	4.035787e-04	4.904088e-04	-8.683016e-05
180           	1.148574e-02	5.547802e-03	5.937939e-03	-9.251710e-04	5.620277e-03	-6.545448e-03	6.082863e-03	-1.950684e-04	2.884028e-04	4.033109e-04	4.900583e-04	-8.674736e-05
181           	1.147824e-02	5.544195e-03	5.934045e-03	-9.251819e-04	5.615892e-03	-6.541074e-03	6.078483e-03	-1.949250e-04	2.881905e-04	4.030482e-04	4.897146e-04	-8.666637e-05
182           	1.147092e-02	5.540673e-03	5.930243e-03	-9.251928e-04	5.611609e-03	-6.536802e-03	6.074206e-03	-1.947851e-04	2.879827e-04	4.027909e-04	4.893781e-04	-8.658724e-05
183           	1.146376e-02	5.537232e-03	5.926529e-03	-9.252037e-04	5.607426e-03	-6.532630e-03	6.070028e-03	-1.946485e-04	2.877792e-04	4.025387e-04	4.890486e-04	-8.650989e-05
184           	1.145678e-02	5.533873e-03	5.922903e-03	-9.252147e-04	5.603341e-03	-6.528556e-03	6.065948e-03	-1.945149e-04	2.875801e-04	4.022916e-04	4.887259e-04	-8.643430e-05
185           	1.144995e-02	5.530592e-03	5.919360e-03	-9.252258e-04	5.599351e-03	-6.524577e-03	6.061964e-03	-1.943840e-04	2.873851e-04	4.020493e-04	4.884097e-04	-8.636041e-05
186           	1.144329e-02	5.527390e-03	5.915901e-03	-9.252368e-04	5.595456e-03	-6.520693e-03	6.058074e-03	-1.942555e-04	2.871940e-04	4.018116e-04	4.880998e-04	-8.628817e-05
187           	1.143679e-02	5.524264e-03	5.912523e-03	-9.252477e-04	5.591652e-03	-6.516900e-03	6.054276e-03	-1.941294e-04	2.870070e-04	4.015787e-04	4.877963e-04	-8.621762e-05
188           	1.143044e-02	5.521213e-03	5.909224e-03	-9.252586e-04	5.587939e-03	-6.513198e-03	6.050568e-03	-1.940056e-04	2.868241e-04	4.013505e-04	4.874993e-04	-8.614881e-05
189           	1.142424e-02	5.518235e-03	5.906004e-03	-9.252695e-04	5.584314e-03	-6.509584e-03	6.046949e-03	-1.938843e-04	2.866454e-04	4.011272e-04	4.872090e-04	-8.608181e-05
190           	1.141819e-02	5.515329e-03	5.902859e-03	-9.252803e-04	5.580776e-03	-6.506056e-03	6.043416e-03	-1.937654e-04	2.864711e-04	4.009088e-04	4.869255e-04	-8.601668e-05
191           	1.141228e-02	5.512492e-03	5.899790e-03	-9.252911e-04	5.577322e-03	-6.502613e-03	6.039967e-03	-1.936489e-04	2.863014e-04	4.006957e-04	4.866492e-04	-8.595353e-05
192           	1.140652e-02	5.509724e-03	5.896794e-03	-9.253018e-04	5.573950e-03	-6.499252e-03	6.036601e-03	-1.935351e-04	2.861364e-04	4.004880e-04	4.863804e-04	-8.589246e-05
193           	1.140089e-02	5.507021e-03	5.893870e-03	-9.253125e-04	5.570660e-03	-6.495973e-03	6.033317e-03	-1.934243e-04	2.859768e-04	4.002864e-04	4.861200e-04	-8.583362e-05
194           	1.139540e-02	5.504384e-03	5.891017e-03	-9.253230e-04	5.567449e-03	-6.492772e-03	6.030111e-03	-1.933167e-04	2.858227e-04	4.000913e-04	4.858683e-04	-8.577707e-05
195           	1.139004e-02	5.501809e-03	5.888234e-03	-9.253336e-04	5.564316e-03	-6.489650e-03	6.026983e-03	-1.932128e-04	2.856744e-04	3.999031e-04	4.856260e-04	-8.572283e-05
196           	1.138481e-02	5.499295e-03	5.885520e-03	-9.253440e-04	5.561259e-03	-6.486603e-03	6.023931e-03	-1.931125e-04	2.855319e-04	3.997221e-04	4.853930e-04	-8.567089e-05
197           	1.137971e-02	5.496841e-03	5.882873e-03	-9.253544e-04	5.558275e-03	-6.483630e-03	6.020953e-03	-1.930161e-04	2.853954e-04	3.995483e-04	4.851695e-04	-8.562118e-05
198           	1.137474e-02	5.494445e-03	5.880292e-03	-9.253648e-04	5.555365e-03	-6.480730e-03	6.018047e-03	-1.929236e-04	2.852646e-04	3.993820e-04	4.849556e-04	-8.557366e-05
199           	1.136988e-02	5.492105e-03	5.877776e-03	-9.253750e-04	5.552525e-03	-6.477900e-03	6.015213e-03	-1.928351e-04	2.851397e-04	3.992231e-04	4.847513e-04	-8.552821e-05
200           	1.136514e-02	5.489822e-03	5.875323e-03	-9.253852e-04	5.549756e-03	-6.475141e-03	6.012448e-03	-1.927506e-04	2.850204e-04	3.990713e-04	4.845560e-04	-8.548469e-05
201           	1.136052e-02	5.487592e-03	5.872932e-03	-9.253952e-04	5.547054e-03	-6.472449e-03	6.009751e-03	-1.926696e-04	2.849062e-04	3.989265e-04	4.843695e-04	-8.544300e-05
202           	1.135602e-02	5.485417e-03	5.870601e-03	-9.254052e-04	5.544419e-03	-6.469824e-03	6.007121e-03	-1.925919e-04	2.847970e-04	3.987880e-04	4.841910e-04	-8.540305e-05
203           	1.135162e-02	5.483294e-03	5.868328e-03	-9.254151e-04	5.541849e-03	-6.467264e-03	6.004556e-03	-1.925173e-04	2.846925e-04	3.986555e-04	4.840202e-04	-8.536475e-05
204           	1.134734e-02	5.481223e-03	5.866113e-03	-9.254249e-04	5.539343e-03	-6.464768e-03	6.002055e-03	-1.924453e-04	2.845923e-04	3.985287e-04	4.838567e-04	-8.532801e-05
205           	1.134316e-02	5.479202e-03	5.863954e-03	-9.254346e-04	5.536899e-03	-6.462333e-03	5.999616e-03	-1.923758e-04	2.844961e-04	3.984069e-04	4.836996e-04	-8.529267e-05
206           	1.133908e-02	5.477232e-03	5.861849e-03	-9.254441e-04	5.534516e-03	-6.459960e-03	5.997238e-03	-1.923084e-04	2.844034e-04	3.982897e-04	4.835482e-04	-8.525853e-05
207           	1.133511e-02	5.475311e-03	5.859797e-03	-9.254536e-04	5.532193e-03	-6.457647e-03	5.994920e-03	-1.922430e-04	2.843137e-04	3.981765e-04	4.834020e-04	-8.522544e-05
208           	1.133123e-02	5.473438e-03	5.857796e-03	-9.254629e-04	5.529928e-03	-6.455391e-03	5.992660e-03	-1.921793e-04	2.842269e-04	3.980671e-04	4.832604e-04	-8.519328e-05
209           	1.132746e-02	5.471611e-03	5.855846e-03	-9.254722e-04	5.527721e-03	-6.453193e-03	5.990457e-03	-1.921175e-04	2.841426e-04	3.979613e-04	4.831233e-04	-8.516197e-05
210           	1.132584e-02	5.470848e-03	5.854989e-03	-9.254203e-04	5.526755e-03	-6.452175e-03	5.989465e-03	-1.920707e-04	2.840687e-04	3.978701e-04	4.830038e-04	-8.513364e-05
211           	1.132438e-02	5.470160e-03	5.854219e-03	-9.253297e-04	5.525876e-03	-6.451206e-03	5.988541e-03	-1.920294e-04	2.839967e-04	3.977804e-04	4.828870e-04	-8.510651e-05
212           	1.132297e-02	5.469494e-03	5.853472e-03	-9.252244e-04	5.525023e-03	-6.450248e-03	5.987636e-03	-1.919889e-04	2.839243e-04	3.976891e-04	4.827689e-04	-8.507981e-05
213           	1.132150e-02	5.468803e-03	5.852696e-03	-9.251252e-04	5.524142e-03	-6.449268e-03	5.986705e-03	-1.919468e-04	2.838515e-04	3.975960e-04	4.826495e-04	-8.505349e-05
214           	1.131991e-02	5.468052e-03	5.851857e-03	-9.250466e-04	5.523197e-03	-6.448244e-03	5.985721e-03	-1.919022e-04	2.837794e-04	3.975031e-04	4.825309e-04	-8.502789e-05
215           	1.131817e-02	5.467228e-03	5.850939e-03	-9.249957e-04	5.522172e-03	-6.447167e-03	5.984670e-03	-1.918558e-04	2.837097e-04	3.974124e-04	4.824159e-04	-8.500351e-05
216           	1.131628e-02	5.466333e-03	5.849949e-03	-9.249727e-04	5.521071e-03	-6.446043e-03	5.983557e-03	-1.918081e-04	2.836431e-04	3.973250e-04	4.823056e-04	-8.498060e-05
217           	1.131429e-02	5.465384e-03	5.848903e-03	-9.249731e-04	5.519912e-03	-6.444885e-03	5.982399e-03	-1.917595e-04	2.835792e-04	3.972407e-04	4.821995e-04	-8.495884e-05
218           	1.131224e-02	5.464408e-03	5.847834e-03	-9.249895e-04	5.518727e-03	-6.443717e-03	5.981222e-03	-1.917127e-04	2.835198e-04	3.971620e-04	4.821008e-04	-8.493878e-05
219           	1.131020e-02	5.463427e-03	5.846772e-03	-9.250142e-04	5.517544e-03	-6.442558e-03	5.980051e-03	-1.916728e-04	2.834696e-04	3.970961e-04	4.820177e-04	-8.492152e-05
220           	1.130821e-02	5.462461e-03	5.845745e-03	-9.250396e-04	5.516389e-03	-6.441429e-03	5.978909e-03	-1.916418e-04	2.834300e-04	3.970453e-04	4.819527e-04	-8.490734e-05
221           	1.130630e-02	5.461530e-03	5.844769e-03	-9.250602e-04	5.515281e-03	-6.440342e-03	5.977812e-03	-1.916194e-04	2.833997e-04	3.970079e-04	4.819036e-04	-8.489576e-05
222           	1.130449e-02	5.460644e-03	5.843851e-03	-9.250727e-04	5.514230e-03	-6.439303e-03	5.976766e-03	-1.916034e-04	2.833756e-04	3.969796e-04	4.818654e-04	-8.488584e-05
223           	1.130279e-02	5.459806e-03	5.842987e-03	-9.250762e-04	5.513236e-03	-6.438312e-03	5.975774e-03	-1.915907e-04	2.833538e-04	3.969548e-04	4.818312e-04	-8.487635e-05
224           	1.130118e-02	5.459013e-03	5.842169e-03	-9.250715e-04	5.512291e-03	-6.437363e-03	5.974827e-03	-1.915777e-04	2.833300e-04	3.969277e-04	4.817939e-04	-8.486615e-05
225           	1.129964e-02	5.458258e-03	5.841381e-03	-9.250608e-04	5.511386e-03	-6.436446e-03	5.973916e-03	-1.915615e-04	2.833016e-04	3.968942e-04	4.817487e-04	-8.485446e-05
226           	1.129814e-02	5.457529e-03	5.840611e-03	-9.250466e-04	5.510505e-03	-6.435551e-03	5.973028e-03	-1.915409e-04	2.832673e-04	3.968526e-04	4.816936e-04	-8.484099e-05
227           	1.129666e-02	5.456815e-03	5.839847e-03	-9.250318e-04	5.509636e-03	-6.434668e-03	5.972152e-03	-1.915157e-04	2.832277e-04	3.968035e-04	4.816294e-04	-8.482593e-05
228           	1.129519e-02	5.456106e-03	5.839080e-03	-9.250184e-04	5.508770e-03	-6.433788e-03	5.971279e-03	-1.914867e-04	2.831842e-04	3.967488e-04	4.815586e-04	-8.480977e-05
229           	1.129370e-02	5.455396e-03	5.838307e-03	-9.250078e-04	5.507901e-03	-6.432909e-03	5.970405e-03	-1.914555e-04	2.831390e-04	3.966916e-04	4.814848e-04	-8.479318e-05
230           	1.129221e-02	5.454680e-03	5.837528e-03	-9.250007e-04	5.507027e-03	-6.432027e-03	5.969527e-03	-1.914238e-04	2.830942e-04	3.966348e-04	4.814116e-04	-8.477684e-05
231           	1.129071e-02	5.453960e-03	5.836747e-03	-9.249969e-04	5.506150e-03	-6.431147e-03	5.968648e-03	-1.913933e-04	2.830519e-04	3.965811e-04	4.813425e-04	-8.476137e-05
232           	1.128921e-02	5.453238e-03	5.835968e-03	-9.249958e-04	5.505274e-03	-6.430269e-03	5.967772e-03	-1.913652e-04	2.830134e-04	3.965325e-04	4.812797e-04	-8.474719e-05
233           	1.128772e-02	5.452517e-03	5.835198e-03	-9.249965e-04	5.504403e-03	-6.429400e-03	5.966902e-03	-1.913402e-04	2.829795e-04	3.964900e-04	4.812244e-04	-8.473449e-05
234           	1.128624e-02	5.451803e-03	5.834440e-03	-9.249981e-04	5.503544e-03	-6.428542e-03	5.966043e-03	-1.913186e-04	2.829499e-04	3.964534e-04	4.811767e-04	-8.472323e-05
235           	1.128480e-02	5.451098e-03	5.833698e-03	-9.249997e-04	5.502699e-03	-6.427699e-03	5.965199e-03	-1.912999e-04	2.829242e-04	3.964220e-04	4.811352e-04	-8.471316e-05
236           	1.128338e-02	5.450406e-03	5.832973e-03	-9.250009e-04	5.501872e-03	-6.426873e-03	5.964372e-03	-1.912832e-04	2.829010e-04	3.963943e-04	4.810982e-04	-8.470389e-05
237           	1.128199e-02	5.449729e-03	5.832265e-03	-9.250014e-04	5.501062e-03	-6.426064e-03	5.963563e-03	-1.912677e-04	2.828793e-04	3.963685e-04	4.810636e-04	-8.469506e-05
238           	1.128064e-02	5.449067e-03	5.831572e-03	-9.250011e-04	5.500271e-03	-6.425272e-03	5.962771e-03	-1.912525e-04	2.828579e-04	3.963433e-04	4.810296e-04	-8.468630e-05
239           	1.127931e-02	5.448420e-03	5.830894e-03	-9.250002e-04	5.499495e-03	-6.424496e-03	5.961996e-03	-1.912368e-04	2.828360e-04	3.963174e-04	4.809947e-04	-8.467734e-05
240           	1.127801e-02	5.447786e-03	5.830226e-03	-9.249989e-04	5.498735e-03	-6.423734e-03	5.961234e-03	-1.912201e-04	2.828130e-04	3.962900e-04	4.809581e-04	-8.466803e-05
241           	1.127673e-02	5.447164e-03	5.829568e-03	-9.249975e-04	5.497987e-03	-6.422984e-03	5.960485e-03	-1.912023e-04	2.827889e-04	3.962611e-04	4.809194e-04	-8.465833e-05
242           	1.127547e-02	5.446552e-03	5.828918e-03	-9.249964e-04	5.497249e-03	-6.422245e-03	5.959747e-03	-1.911833e-04	2.827636e-04	3.962307e-04	4.808790e-04	-8.464829e-05
243           	1.127422e-02	5.445948e-03	5.828275e-03	-9.249957e-04	5.496521e-03	-6.421517e-03	5.959019e-03	-1.911636e-04	2.827377e-04	3.961994e-04	4.808374e-04	-8.463803e-05
244           	1.127299e-02	5.445352e-03	5.827639e-03	-9.249955e-04	5.495802e-03	-6.420797e-03	5.958299e-03	-1.911434e-04	2.827116e-04	3.961678e-04	4.807955e-04	-8.462769e-05
245           	1.127177e-02	5.444764e-03	5.827010e-03	-9.249958e-04	5.495091e-03	-6.420087e-03	5.957589e-03	-1.911231e-04	2.826857e-04	3.961366e-04	4.807540e-04	-8.461743e-05
246           	1.127057e-02	5.444182e-03	5.826388e-03	-9.249967e-04	5.494389e-03	-6.419385e-03	5.956887e-03	-1.911030e-04	2.826604e-04	3.961061e-04	4.807134e-04	-8.460734e-05
247           	1.126938e-02	5.443608e-03	5.825775e-03	-9.249979e-04	5.493696e-03	-6.418694e-03	5.956195e-03	-1.910833e-04	2.826358e-04	3.960766e-04	4.806741e-04	-8.459748e-05
248           	1.126821e-02	5.443041e-03	5.825165e-03	-9.250001e-04	5.493009e-03	-6.418010e-03	5.955509e-03	-1.910621e-04	2.826100e-04	3.960465e-04	4.806333e-04	-8.458672e-05
249           	1.126705e-02	5.442482e-03	5.824566e-03	-9.250022e-04	5.492334e-03	-6.417337e-03	5.954836e-03	-1.910421e-04	2.825856e-04	3.960181e-04	4.805947e-04	-8.457656e-05
250           	1.126591e-02	5.441932e-03	5.823978e-03	-9.250043e-04	5.491671e-03	-6.416675e-03	5.954173e-03	-1.910230e-04	2.825622e-04	3.959907e-04	4.805575e-04	-8.456681e-05
251           	1.126479e-02	5.441393e-03	5.823401e-03	-9.250062e-04	5.491020e-03	-6.416026e-03	5.953523e-03	-1.910042e-04	2.825390e-04	3.959635e-04	4.805208e-04	-8.455725e-05
252           	1.126370e-02	5.440865e-03	5.822840e-03	-9.250074e-04	5.490383e-03	-6.415391e-03	5.952887e-03	-1.909874e-04	2.825174e-04	3.959373e-04	4.804861e-04	-8.454873e-05
253           	1.126262e-02	5.440344e-03	5.822279e-03	-9.250095e-04	5.489752e-03	-6.414762e-03	5.952257e-03	-1.909678e-04	2.824928e-04	3.959083e-04	4.804469e-04	-8.453863e-05
254           	1.126156e-02	5.439832e-03	5.821727e-03	-9.250118e-04	5.489132e-03	-6.414143e-03	5.951637e-03	-1.909479e-04	2.824679e-04	3.958789e-04	4.804074e-04	-8.452850e-05
255           	1.126051e-02	5.439328e-03	5.821183e-03	-9.250143e-04	5.488520e-03	-6.413534e-03	5.951027e-03	-1.909276e-04	2.824429e-04	3.958491e-04	4.803675e-04	-8.451837e-05
256           	1.125948e-02	5.438832e-03	5.820646e-03	-9.250169e-04	5.487918e-03	-6.412935e-03	5.950426e-03	-1.909072e-04	2.824179e-04	3.958192e-04	4.803275e-04	-8.450826e-05
257           	1.125846e-02	5.438343e-03	5.820116e-03	-9.250198e-04	5.487324e-03	-6.412344e-03	5.949834e-03	-1.908865e-04	2.823928e-04	3.957892e-04	4.802874e-04	-8.449818e-05
258           	1.125745e-02	5.437862e-03	5.819593e-03	-9.250229e-04	5.486739e-03	-6.411762e-03	5.949250e-03	-1.908656e-04	2.823678e-04	3.957592e-04	4.802474e-04	-8.448818e-05
259           	1.125646e-02	5.437388e-03	5.819077e-03	-9.250261e-04	5.486162e-03	-6.411188e-03	5.948675e-03	-1.908448e-04	2.823430e-04	3.957295e-04	4.802077e-04	-8.447825e-05
260           	1.125549e-02	5.436921e-03	5.818569e-03	-9.250296e-04	5.485593e-03	-6.410623e-03	5.948108e-03	-1.908240e-04	2.823185e-04	3.957001e-04	4.801685e-04	-8.446842e-05
261           	1.125453e-02	5.436460e-03	5.818073e-03	-9.250325e-04	5.485036e-03	-6.410068e-03	5.947552e-03	-1.908062e-04	2.822981e-04	3.956761e-04	4.801362e-04	-8.446009e-05
262           	1.125359e-02	5.436007e-03	5.817582e-03	-9.250358e-04	5.484486e-03	-6.409522e-03	5.947004e-03	-1.907874e-04	2.822763e-04	3.956503e-04	4.801015e-04	-8.445118e-05
263           	1.125266e-02	5.435561e-03	5.817097e-03	-9.250396e-04	5.483943e-03	-6.408983e-03	5.946463e-03	-1.907677e-04	2.822532e-04	3.956229e-04	4.800646e-04	-8.444177e-05
264           	1.125174e-02	5.435122e-03	5.816617e-03	-9.250437e-04	5.483408e-03	-6.408452e-03	5.945930e-03	-1.907473e-04	2.822291e-04	3.955942e-04	4.800262e-04	-8.443198e-05
265           	1.125083e-02	5.434690e-03	5.816143e-03	-9.250481e-04	5.482881e-03	-6.407929e-03	5.945405e-03	-1.907265e-04	2.822044e-04	3.955649e-04	4.799868e-04	-8.442196e-05
266           	1.124994e-02	5.434265e-03	5.815676e-03	-9.250526e-04	5.482362e-03	-6.407414e-03	5.944888e-03	-1.907055e-04	2.821793e-04	3.955351e-04	4.799468e-04	-8.441177e-05
267           	1.124906e-02	5.433847e-03	5.815216e-03	-9.250572e-04	5.481851e-03	-6.406908e-03	5.944379e-03	-1.906842e-04	2.821540e-04	3.955050e-04	4.799065e-04	-8.440147e-05
268           	1.124820e-02	5.433437e-03	5.814763e-03	-9.250619e-04	5.481348e-03	-6.406410e-03	5.943879e-03	-1.906630e-04	2.821284e-04	3.954747e-04	4.798658e-04	-8.439108e-05
269           	1.124735e-02	5.433033e-03	5.814316e-03	-9.250665e-04	5.480853e-03	-6.405920e-03	5.943387e-03	-1.906416e-04	2.821027e-04	3.954442e-04	4.798248e-04	-8.438060e-05
270           	1.124651e-02	5.432637e-03	5.813877e-03	-9.250711e-04	5.480367e-03	-6.405438e-03	5.942903e-03	-1.906201e-04	2.820767e-04	3.954134e-04	4.797834e-04	-8.437001e-05
271           	1.124569e-02	5.432248e-03	5.813445e-03	-9.250758e-04	5.479889e-03	-6.404965e-03	5.942427e-03	-1.905985e-04	2.820504e-04	3.953822e-04	4.797415e-04	-8.435931e-05
272           	1.124488e-02	5.431865e-03	5.813019e-03	-9.250804e-04	5.479419e-03	-6.404499e-03	5.941959e-03	-1.905768e-04	2.820238e-04	3.953506e-04	4.796991e-04	-8.434850e-05
273           	1.124409e-02	5.431490e-03	5.812599e-03	-9.250851e-04	5.478956e-03	-6.404041e-03	5.941499e-03	-1.905549e-04	2.819970e-04	3.953187e-04	4.796563e-04	-8.433762e-05
274           	1.124331e-02	5.431120e-03	5.812186e-03	-9.250899e-04	5.478501e-03	-6.403591e-03	5.941046e-03	-1.905330e-04	2.819699e-04	3.952865e-04	4.796131e-04	-8.432666e-05
275           	1.124253e-02	5.430757e-03	5.811773e-03	-9.250951e-04	5.478050e-03	-6.403145e-03	5.940597e-03	-1.905083e-04	2.819406e-04	3.952523e-04	4.795667e-04	-8.431445e-05
276           	1.124177e-02	5.430400e-03	5.811374e-03	-9.251000e-04	5.477610e-03	-6.402710e-03	5.940160e-03	-1.904871e-04	2.819140e-04	3.952203e-04	4.795241e-04	-8.430384e-05
277           	1.124102e-02	5.430049e-03	5.810975e-03	-9.251053e-04	5.477174e-03	-6.402279e-03	5.939726e-03	-1.904631e-04	2.818849e-04	3.951861e-04	4.794780e-04	-8.429189e-05
278           	1.124029e-02	5.429704e-03	5.810583e-03	-9.251107e-04	5.476745e-03	-6.401856e-03	5.939301e-03	-1.904397e-04	2.818563e-04	3.951521e-04	4.794323e-04	-8.428022e-05
279           	1.123957e-02	5.429365e-03	5.810204e-03	-9.251156e-04	5.476328e-03	-6.401443e-03	5.938886e-03	-1.904196e-04	2.818300e-04	3.951200e-04	4.793900e-04	-8.427000e-05
280           	1.123886e-02	5.429031e-03	5.809824e-03	-9.251210e-04	5.475913e-03	-6.401034e-03	5.938474e-03	-1.903965e-04	2.818009e-04	3.950853e-04	4.793436e-04	-8.425829e-05
281           	1.123815e-02	5.428704e-03	5.809451e-03	-9.251265e-04	5.475506e-03	-6.400633e-03	5.938069e-03	-1.903738e-04	2.817723e-04	3.950509e-04	4.792977e-04	-8.424680e-05
282           	1.123747e-02	5.428381e-03	5.809084e-03	-9.251320e-04	5.475106e-03	-6.400238e-03	5.937672e-03	-1.903515e-04	2.817440e-04	3.950169e-04	4.792524e-04	-8.423554e-05
283           	1.123679e-02	5.428064e-03	5.808724e-03	-9.251375e-04	5.474712e-03	-6.399850e-03	5.937281e-03	-1.903297e-04	2.817160e-04	3.949831e-04	4.792076e-04	-8.422447e-05
284           	1.123612e-02	5.427753e-03	5.808369e-03	-9.251430e-04	5.474325e-03	-6.399468e-03	5.936897e-03	-1.903082e-04	2.816883e-04	3.949495e-04	4.791631e-04	-8.421352e-05
285           	1.123547e-02	5.427447e-03	5.808020e-03	-9.251485e-04	5.473945e-03	-6.399093e-03	5.936519e-03	-1.902868e-04	2.816607e-04	3.949160e-04	4.791187e-04	-8.420265e-05
286           	1.123482e-02	5.427146e-03	5.807677e-03	-9.251541e-04	5.473571e-03	-6.398725e-03	5.936148e-03	-1.902656e-04	2.816331e-04	3.948826e-04	4.790744e-04	-8.419181e-05
287           	1.123419e-02	5.426850e-03	5.807339e-03	-9.251597e-04	5.473203e-03	-6.398362e-03	5.935783e-03	-1.902445e-04	2.816055e-04	3.948490e-04	4.790300e-04	-8.418096e-05
288           	1.123356e-02	5.426559e-03	5.807006e-03	-9.251653e-04	5.472841e-03	-6.398006e-03	5.935424e-03	-1.902233e-04	2.815777e-04	3.948154e-04	4.789854e-04	-8.417005e-05
289           	1.123295e-02	5.426274e-03	5.806678e-03	-9.251710e-04	5.472485e-03	-6.397656e-03	5.935071e-03	-1.902021e-04	2.815498e-04	3.947816e-04	4.789406e-04	-8.415905e-05
290           	1.123235e-02	5.425993e-03	5.806355e-03	-9.251767e-04	5.472135e-03	-6.397312e-03	5.934723e-03	-1.901808e-04	2.815217e-04	3.947475e-04	4.788954e-04	-8.414793e-05
291           	1.123175e-02	5.425718e-03	5.806037e-03	-9.251824e-04	5.471791e-03	-6.396973e-03	5.934382e-03	-1.901595e-04	2.814932e-04	3.947131e-04	4.788497e-04	-8.413666e-05
292           	1.123117e-02	5.425447e-03	5.805723e-03	-9.251881e-04	5.471452e-03	-6.396640e-03	5.934046e-03	-1.901380e-04	2.814643e-04	3.946782e-04	4.788034e-04	-8.412522e-05
293           	1.123060e-02	5.425182e-03	5.805415e-03	-9.251938e-04	5.471120e-03	-6.396313e-03	5.933716e-03	-1.901163e-04	2.814350e-04	3.946428e-04	4.787564e-04	-8.411359e-05
294           	1.123003e-02	5.424921e-03	5.805110e-03	-9.251996e-04	5.470792e-03	-6.395992e-03	5.933392e-03	-1.900945e-04	2.814052e-04	3.946068e-04	4.787086e-04	-8.410178e-05
295           	1.122948e-02	5.424666e-03	5.804811e-03	-9.252053e-04	5.470471e-03	-6.395676e-03	5.933074e-03	-1.900725e-04	2.813749e-04	3.945702e-04	4.786600e-04	-8.408978e-05
296           	1.122893e-02	5.424415e-03	5.804516e-03	-9.252110e-04	5.470155e-03	-6.395366e-03	5.932760e-03	-1.900504e-04	2.813442e-04	3.945331e-04	4.786107e-04	-8.407762e-05
297           	1.122840e-02	5.424170e-03	5.804226e-03	-9.252167e-04	5.469844e-03	-6.395061e-03	5.932453e-03	-1.900282e-04	2.813130e-04	3.944954e-04	4.785608e-04	-8.406532e-05
298           	1.122787e-02	5.423928e-03	5.803940e-03	-9.252224e-04	5.469539e-03	-6.394762e-03	5.932151e-03	-1.900058e-04	2.812816e-04	3.944574e-04	4.785103e-04	-8.405293e-05
299           	1.122735e-02	5.423692e-03	5.803659e-03	-9.252281e-04	5.469240e-03	-6.394468e-03	5.931854e-03	-1.899835e-04	2.812499e-04	3.944189e-04	4.784594e-04	-8.404049e-05
300           	1.122684e-02	5.423460e-03	5.803382e-03	-9.252338e-04	5.468945e-03	-6.394179e-03	5.931562e-03	-1.899611e-04	2.812181e-04	3.943802e-04	4.784082e-04	-8.402802e-05
301           	1.122634e-02	5.423232e-03	5.803110e-03	-9.252395e-04	5.468656e-03	-6.393895e-03	5.931275e-03	-1.899387e-04	2.811863e-04	3.943414e-04	4.783570e-04	-8.401558e-05
302           	1.122585e-02	5.423009e-03	5.802842e-03	-9.252451e-04	5.468371e-03	-6.393616e-03	5.930994e-03	-1.899165e-04	2.811544e-04	3.943025e-04	4.783057e-04	-8.400318e-05
303           	1.122537e-02	5.422789e-03	5.802578e-03	-9.252508e-04	5.468092e-03	-6.393343e-03	5.930717e-03	-1.898943e-04	2.811227e-04	3.942637e-04	4.782546e-04	-8.399084e-05
304           	1.122489e-02	5.422574e-03	5.802319e-03	-9.252564e-04	5.467818e-03	-6.393074e-03	5.930446e-03	-1.898723e-04	2.810911e-04	3.942251e-04	4.782037e-04	-8.397860e-05
305           	1.122443e-02	5.422363e-03	5.802064e-03	-9.252620e-04	5.467548e-03	-6.392810e-03	5.930179e-03	-1.898505e-04	2.810598e-04	3.941866e-04	4.781531e-04	-8.396646e-05
306           	1.122397e-02	5.422156e-03	5.801814e-03	-9.252676e-04	5.467284e-03	-6.392551e-03	5.929918e-03	-1.898290e-04	2.810286e-04	3.941484e-04	4.781028e-04	-8.395443e-05
307           	1.122352e-02	5.421952e-03	5.801567e-03	-9.252732e-04	5.467024e-03	-6.392297e-03	5.929661e-03	-1.898076e-04	2.809977e-04	3.941104e-04	4.780529e-04	-8.394252e-05
308           	1.122308e-02	5.421752e-03	5.801325e-03	-9.252787e-04	5.466769e-03	-6.392047e-03	5.929408e-03	-1.897864e-04	2.809670e-04	3.940726e-04	4.780034e-04	-8.393071e-05
309           	1.122264e-02	5.421557e-03	5.801087e-03	-9.252843e-04	5.466518e-03	-6.391802e-03	5.929160e-03	-1.897654e-04	2.809365e-04	3.940351e-04	4.779541e-04	-8.391900e-05
310           	1.122222e-02	5.421364e-03	5.800853e-03	-9.252898e-04	5.466272e-03	-6.391562e-03	5.928917e-03	-1.897445e-04	2.809062e-04	3.939977e-04	4.779051e-04	-8.390738e-05
311           	1.122180e-02	5.421176e-03	5.800623e-03	-9.252952e-04	5.466031e-03	-6.391326e-03	5.928678e-03	-1.897237e-04	2.808760e-04	3.939604e-04	4.778562e-04	-8.389582e-05
312           	1.122139e-02	5.420991e-03	5.800397e-03	-9.253007e-04	5.465793e-03	-6.391094e-03	5.928444e-03	-1.897029e-04	2.808459e-04	3.939231e-04	4.778074e-04	-8.388431e-05
313           	1.122098e-02	5.420810e-03	5.800175e-03	-9.253061e-04	5.465561e-03	-6.390867e-03	5.928214e-03	-1.896821e-04	2.808158e-04	3.938859e-04	4.777588e-04	-8.387285e-05
314           	1.122059e-02	5.420633e-03	5.799956e-03	-9.253115e-04	5.465332e-03	-6.390644e-03	5.927988e-03	-1.896612e-04	2.807858e-04	3.938487e-04	4.777101e-04	-8.386142e-05
315           	1.122020e-02	5.420460e-03	5.799740e-03	-9.253168e-04	5.465108e-03	-6.390425e-03	5.927766e-03	-1.896404e-04	2.807558e-04	3.938116e-04	4.776616e-04	-8.385002e-05
316           	1.121982e-02	5.420290e-03	5.799529e-03	-9.253221e-04	5.464888e-03	-6.390210e-03	5.927549e-03	-1.896195e-04	2.807259e-04	3.937745e-04	4.776132e-04	-8.383867e-05
317           	1.121944e-02	5.420123e-03	5.799320e-03	-9.253274e-04	5.464672e-03	-6.389999e-03	5.927336e-03	-1.895986e-04	2.806961e-04	3.937375e-04	4.775649e-04	-8.382737e-05
318           	1.121908e-02	5.419960e-03	5.799116e-03	-9.253326e-04	5.464460e-03	-6.389793e-03	5.927126e-03	-1.895778e-04	2.806665e-04	3.937007e-04	4.775169e-04	-8.381616e-05
319           	1.121871e-02	5.419800e-03	5.798915e-03	-9.253378e-04	5.464252e-03	-6.389590e-03	5.926921e-03	-1.895570e-04	2.806371e-04	3.936641e-04	4.774691e-04	-8.380503e-05
320           	1.121836e-02	5.419644e-03	5.798717e-03	-9.253430e-04	5.464048e-03	-6.389391e-03	5.926720e-03	-1.895364e-04	2.806079e-04	3.936277e-04	4.774217e-04	-8.379402e-05
321           	1.121801e-02	5.419491e-03	5.798522e-03	-9.253482e-04	5.463848e-03	-6.389196e-03	5.926522e-03	-1.895158e-04	2.805790e-04	3.935916e-04	4.773748e-04	-8.378314e-05
322           	1.121767e-02	5.419341e-03	5.798331e-03	-9.253533e-04	5.463652e-03	-6.389005e-03	5.926328e-03	-1.894953e-04	2.805503e-04	3.935558e-04	4.773282e-04	-8.377240e-05
323           	1.121734e-02	5.419194e-03	5.798144e-03	-9.253583e-04	5.463459e-03	-6.388818e-03	5.926139e-03	-1.894750e-04	2.805220e-04	3.935203e-04	4.772821e-04	-8.376181e-05
324           	1.121701e-02	5.419050e-03	5.797960e-03	-9.253633e-04	5.463271e-03	-6.388634e-03	5.925952e-03	-1.894549e-04	2.804940e-04	3.934852e-04	4.772366e-04	-8.375137e-05
325           	1.121669e-02	5.418909e-03	5.797779e-03	-9.253683e-04	5.463086e-03	-6.388454e-03	5.925770e-03	-1.894350e-04	2.804663e-04	3.934504e-04	4.771915e-04	-8.374107e-05
326           	1.121637e-02	5.418771e-03	5.797601e-03	-9.253732e-04	5.462904e-03	-6.388277e-03	5.925591e-03	-1.894153e-04	2.804390e-04	3.934161e-04	4.771470e-04	-8.373093e-05
327           	1.121606e-02	5.418636e-03	5.797426e-03	-9.253779e-04	5.462726e-03	-6.388103e-03	5.925415e-03	-1.893951e-04	2.804129e-04	3.933841e-04	4.771049e-04	-8.372080e-05
328           	1.121576e-02	5.418503e-03	5.797254e-03	-9.253825e-04	5.462551e-03	-6.387933e-03	5.925242e-03	-1.893754e-04	2.803868e-04	3.933520e-04	4.770628e-04	-8.371081e-05
329           	1.121546e-02	5.418373e-03	5.797087e-03	-9.253875e-04	5.462380e-03	-6.387768e-03	5.925074e-03	-1.893569e-04	2.803598e-04	3.933174e-04	4.770185e-04	-8.370107e-05
330           	1.121517e-02	5.418246e-03	5.796922e-03	-9.253922e-04	5.462212e-03	-6.387604e-03	5.924908e-03	-1.893379e-04	2.803340e-04	3.932853e-04	4.769766e-04	-8.369132e-05
331           	1.121488e-02	5.418121e-03	5.796760e-03	-9.253969e-04	5.462048e-03	-6.387445e-03	5.924746e-03	-1.893194e-04	2.803084e-04	3.932533e-04	4.769350e-04	-8.368173e-05
332           	1.121460e-02	5.417999e-03	5.796603e-03	-9.254019e-04	5.461887e-03	-6.387289e-03	5.924588e-03	-1.893021e-04	2.802821e-04	3.932193e-04	4.768917e-04	-8.367246e-05
333           	1.121433e-02	5.417879e-03	5.796447e-03	-9.254065e-04	5.461730e-03	-6.387136e-03	5.924433e-03	-1.892843e-04	2.802574e-04	3.931883e-04	4.768516e-04	-8.366326e-05
334           	1.121406e-02	5.417761e-03	5.796295e-03	-9.254111e-04	5.461575e-03	-6.386986e-03	5.924281e-03	-1.892669e-04	2.802333e-04	3.931579e-04	4.768122e-04	-8.365430e-05
335           	1.121379e-02	5.417646e-03	5.796146e-03	-9.254156e-04	5.461424e-03	-6.386839e-03	5.924132e-03	-1.892499e-04	2.802096e-04	3.931280e-04	4.767736e-04	-8.364557e-05
336           	1.121353e-02	5.417534e-03	5.796000e-03	-9.254202e-04	5.461276e-03	-6.386696e-03	5.923986e-03	-1.892332e-04	2.801864e-04	3.930986e-04	4.767357e-04	-8.363705e-05
337           	1.121328e-02	5.417424e-03	5.795857e-03	-9.254246e-04	5.461131e-03	-6.386555e-03	5.923843e-03	-1.892168e-04	2.801636e-04	3.930697e-04	4.766984e-04	-8.362872e-05
338           	1.121303e-02	5.417316e-03	5.795717e-03	-9.254291e-04	5.460989e-03	-6.386418e-03	5.923703e-03	-1.892007e-04	2.801411e-04	3.930411e-04	4.766617e-04	-8.362057e-05
339           	1.121279e-02	5.417210e-03	5.795580e-03	-9.254335e-04	5.460850e-03	-6.386283e-03	5.923567e-03	-1.891848e-04	2.801191e-04	3.930130e-04	4.766256e-04	-8.361256e-05
340           	1.121255e-02	5.417107e-03	5.795445e-03	-9.254378e-04	5.460714e-03	-6.386152e-03	5.923433e-03	-1.891691e-04	2.800974e-04	3.929854e-04	4.765901e-04	-8.360470e-05
341           	1.121232e-02	5.417006e-03	5.795313e-03	-9.254422e-04	5.460581e-03	-6.386023e-03	5.923302e-03	-1.891535e-04	2.800760e-04	3.929581e-04	4.765551e-04	-8.359696e-05
342           	1.121209e-02	5.416907e-03	5.795184e-03	-9.254464e-04	5.460451e-03	-6.385897e-03	5.923174e-03	-1.891382e-04	2.800550e-04	3.929314e-04	4.765207e-04	-8.358936e-05
343           	1.121187e-02	5.416811e-03	5.795057e-03	-9.254506e-04	5.460323e-03	-6.385774e-03	5.923048e-03	-1.891231e-04	2.800344e-04	3.929051e-04	4.764870e-04	-8.358189e-05
344           	1.121165e-02	5.416716e-03	5.794933e-03	-9.254548e-04	5.460198e-03	-6.385653e-03	5.922926e-03	-1.891083e-04	2.800142e-04	3.928793e-04	4.764538e-04	-8.357455e-05
345           	1.121144e-02	5.416624e-03	5.794811e-03	-9.254589e-04	5.460076e-03	-6.385535e-03	5.922806e-03	-1.890937e-04	2.799943e-04	3.928540e-04	4.764213e-04	-8.356735e-05
346           	1.121123e-02	5.416533e-03	5.794692e-03	-9.254630e-04	5.459957e-03	-6.385420e-03	5.922688e-03	-1.890795e-04	2.799749e-04	3.928292e-04	4.763894e-04	-8.356029e-05
347           	1.121102e-02	5.416445e-03	5.794576e-03	-9.254670e-04	5.459840e-03	-6.385307e-03	5.922574e-03	-1.890655e-04	2.799558e-04	3.928048e-04	4.763582e-04	-8.355337e-05
348           	1.121082e-02	5.416358e-03	5.794462e-03	-9.254710e-04	5.459726e-03	-6.385197e-03	5.922461e-03	-1.890519e-04	2.799371e-04	3.927810e-04	4.763277e-04	-8.354661e-05
349           	1.121062e-02	5.416273e-03	5.794351e-03	-9.254750e-04	5.459614e-03	-6.385089e-03	5.922352e-03	-1.890387e-04	2.799189e-04	3.927578e-04	4.762978e-04	-8.353999e-05
350           	1.121043e-02	5.416190e-03	5.794242e-03	-9.254789e-04	5.459505e-03	-6.384984e-03	5.922244e-03	-1.890258e-04	2.799010e-04	3.927350e-04	4.762686e-04	-8.353353e-05
351           	1.121024e-02	5.416109e-03	5.794135e-03	-9.254827e-04	5.459398e-03	-6.384881e-03	5.922140e-03	-1.890134e-04	2.798836e-04	3.927128e-04	4.762400e-04	-8.352723e-05
352           	1.121006e-02	5.416029e-03	5.794031e-03	-9.254866e-04	5.459294e-03	-6.384780e-03	5.922037e-03	-1.890013e-04	2.798667e-04	3.926912e-04	4.762123e-04	-8.352108e-05
353           	1.120988e-02	5.415951e-03	5.793930e-03	-9.254903e-04	5.459192e-03	-6.384682e-03	5.921937e-03	-1.889896e-04	2.798501e-04	3.926701e-04	4.761852e-04	-8.351509e-05
354           	1.120971e-02	5.415874e-03	5.793831e-03	-9.254941e-04	5.459092e-03	-6.384586e-03	5.921839e-03	-1.889783e-04	2.798341e-04	3.926496e-04	4.761589e-04	-8.350926e-05
355           	1.120953e-02	5.415800e-03	5.793734e-03	-9.254977e-04	5.458995e-03	-6.384493e-03	5.921744e-03	-1.889674e-04	2.798184e-04	3.926296e-04	4.761332e-04	-8.350359e-05
356           	1.120937e-02	5.415726e-03	5.793640e-03	-9.255014e-04	5.458900e-03	-6.384402e-03	5.921651e-03	-1.889568e-04	2.798032e-04	3.926102e-04	4.761083e-04	-8.349808e-05
357           	1.120920e-02	5.415655e-03	5.793548e-03	-9.255050e-04	5.458808e-03	-6.384312e-03	5.921560e-03	-1.889466e-04	2.797884e-04	3.925914e-04	4.760841e-04	-8.349272e-05
358           	1.120904e-02	5.415585e-03	5.793458e-03	-9.255085e-04	5.458717e-03	-6.384226e-03	5.921471e-03	-1.889367e-04	2.797741e-04	3.925731e-04	4.760607e-04	-8.348752e-05
359           	1.120889e-02	5.415516e-03	5.793370e-03	-9.255120e-04	5.458629e-03	-6.384141e-03	5.921385e-03	-1.889270e-04	2.797602e-04	3.925554e-04	4.760379e-04	-8.348247e-05
360           	1.120873e-02	5.415449e-03	5.793285e-03	-9.255155e-04	5.458543e-03	-6.384058e-03	5.921300e-03	-1.889177e-04	2.797467e-04	3.925382e-04	4.760158e-04	-8.347757e-05
361           	1.120858e-02	5.415384e-03	5.793201e-03	-9.255189e-04	5.458458e-03	-6.383977e-03	5.921218e-03	-1.889087e-04	2.797336e-04	3.925215e-04	4.759943e-04	-8.347282e-05
362           	1.120844e-02	5.415320e-03	5.793120e-03	-9.255223e-04	5.458376e-03	-6.383899e-03	5.921138e-03	-1.888999e-04	2.797209e-04	3.925053e-04	4.759735e-04	-8.346821e-05
363           	1.120830e-02	5.415257e-03	5.793040e-03	-9.255257e-04	5.458296e-03	-6.383822e-03	5.921059e-03	-1.888913e-04	2.797085e-04	3.924896e-04	4.759533e-04	-8.346374e-05
364           	1.120816e-02	5.415197e-03	5.792963e-03	-9.255289e-04	5.458218e-03	-6.383747e-03	5.920983e-03	-1.888831e-04	2.796966e-04	3.924744e-04	4.759338e-04	-8.345940e-05
365           	1.120802e-02	5.415137e-03	5.792887e-03	-9.255322e-04	5.458142e-03	-6.383675e-03	5.920909e-03	-1.888751e-04	2.796850e-04	3.924596e-04	4.759148e-04	-8.345519e-05
366           	1.120789e-02	5.415079e-03	5.792813e-03	-9.255354e-04	5.458068e-03	-6.383604e-03	5.920836e-03	-1.888673e-04	2.796738e-04	3.924454e-04	4.758965e-04	-8.345111e-05
367           	1.120776e-02	5.415022e-03	5.792742e-03	-9.255386e-04	5.457996e-03	-6.383535e-03	5.920765e-03	-1.888598e-04	2.796630e-04	3.924316e-04	4.758788e-04	-8.344717e-05
368           	1.120764e-02	5.414967e-03	5.792672e-03	-9.255417e-04	5.457926e-03	-6.383467e-03	5.920697e-03	-1.888526e-04	2.796526e-04	3.924184e-04	4.758617e-04	-8.344338e-05
369           	1.120752e-02	5.414913e-03	5.792604e-03	-9.255448e-04	5.457857e-03	-6.383402e-03	5.920630e-03	-1.888456e-04	2.796426e-04	3.924057e-04	4.758454e-04	-8.343974e-05
370           	1.120740e-02	5.414860e-03	5.792538e-03	-9.255478e-04	5.457791e-03	-6.383338e-03	5.920564e-03	-1.888390e-04	2.796330e-04	3.923936e-04	4.758298e-04	-8.343626e-05
371           	1.120728e-02	5.414808e-03	5.792473e-03	-9.255509e-04	5.457726e-03	-6.383276e-03	5.920501e-03	-1.888327e-04	2.796240e-04	3.923820e-04	4.758150e-04	-8.343296e-05
372           	1.120717e-02	5.414758e-03	5.792411e-03	-9.255538e-04	5.457662e-03	-6.383216e-03	5.920439e-03	-1.888267e-04	2.796154e-04	3.923711e-04	4.758010e-04	-8.342983e-05
373           	1.120706e-02	5.414708e-03	5.792350e-03	-9.255567e-04	5.457601e-03	-6.383158e-03	5.920379e-03	-1.888210e-04	2.796073e-04	3.923609e-04	4.757877e-04	-8.342688e-05
374           	1.120695e-02	5.414660e-03	5.792291e-03	-9.255596e-04	5.457541e-03	-6.383101e-03	5.920321e-03	-1.888157e-04	2.795997e-04	3.923512e-04	4.757753e-04	-8.342411e-05
375           	1.120685e-02	5.414613e-03	5.792234e-03	-9.255625e-04	5.457483e-03	-6.383045e-03	5.920264e-03	-1.888107e-04	2.795926e-04	3.923422e-04	4.757637e-04	-8.342150e-05
376           	1.120675e-02	5.414567e-03	5.792179e-03	-9.255653e-04	5.457426e-03	-6.382992e-03	5.920209e-03	-1.888059e-04	2.795859e-04	3.923337e-04	4.757528e-04	-8.341904e-05
377           	1.120665e-02	5.414522e-03	5.792125e-03	-9.255680e-04	5.457371e-03	-6.382939e-03	5.920155e-03	-1.888015e-04	2.795796e-04	3.923258e-04	4.757426e-04	-8.341671e-05
378           	1.120655e-02	5.414478e-03	5.792073e-03	-9.255708e-04	5.457318e-03	-6.382889e-03	5.920103e-03	-1.887973e-04	2.795737e-04	3.923184e-04	4.757329e-04	-8.341450e-05
379           	1.120646e-02	5.414435e-03	5.792022e-03	-9.255734e-04	5.457266e-03	-6.382840e-03	5.920053e-03	-1.887933e-04	2.795681e-04	3.923115e-04	4.757239e-04	-8.341239e-05
380           	1.120637e-02	5.414394e-03	5.791973e-03	-9.255761e-04	5.457216e-03	-6.382792e-03	5.920004e-03	-1.887895e-04	2.795628e-04	3.923049e-04	4.757152e-04	-8.341037e-05
381           	1.120628e-02	5.414353e-03	5.791925e-03	-9.255787e-04	5.457167e-03	-6.382746e-03	5.919956e-03	-1.887859e-04	2.795577e-04	3.922986e-04	4.757070e-04	-8.340840e-05
382           	1.120619e-02	5.414314e-03	5.791879e-03	-9.255813e-04	5.457119e-03	-6.382701e-03	5.919910e-03	-1.887825e-04	2.795528e-04	3.922926e-04	4.756991e-04	-8.340650e-05
383           	1.120611e-02	5.414276e-03	5.791834e-03	-9.255838e-04	5.457073e-03	-6.382657e-03	5.919865e-03	-1.887792e-04	2.795481e-04	3.922869e-04	4.756915e-04	-8.340464e-05
384           	1.120603e-02	5.414239e-03	5.791791e-03	-9.255863e-04	5.457029e-03	-6.382615e-03	5.919822e-03	-1.887761e-04	2.795435e-04	3.922814e-04	4.756843e-04	-8.340282e-05
385           	1.120595e-02	5.414202e-03	5.791748e-03	-9.255887e-04	5.456986e-03	-6.382574e-03	5.919780e-03	-1.887731e-04	2.795391e-04	3.922762e-04	4.756772e-04	-8.340104e-05
386           	1.120587e-02	5.414167e-03	5.791708e-03	-9.255911e-04	5.456944e-03	-6.382535e-03	5.919739e-03	-1.887702e-04	2.795349e-04	3.922712e-04	4.756705e-04	-8.339930e-05
387           	1.120580e-02	5.414133e-03	5.791668e-03	-9.255935e-04	5.456903e-03	-6.382497e-03	5.919700e-03	-1.887675e-04	2.795309e-04	3.922665e-04	4.756641e-04	-8.339762e-05
388           	1.120573e-02	5.414100e-03	5.791630e-03	-9.255959e-04	5.456864e-03	-6.382460e-03	5.919662e-03	-1.887649e-04	2.795270e-04	3.922620e-04	4.756579e-04	-8.339598e-05
389           	1.120566e-02	5.414068e-03	5.791593e-03	-9.255982e-04	5.456826e-03	-6.382424e-03	5.919625e-03	-1.887625e-04	2.795233e-04	3.922577e-04	4.756521e-04	-8.339440e-05
390           	1.120559e-02	5.414037e-03	5.791557e-03	-9.256004e-04	5.456789e-03	-6.382390e-03	5.919590e-03	-1.887602e-04	2.795197e-04	3.922537e-04	4.756466e-04	-8.339288e-05
391           	1.120553e-02	5.414007e-03	5.791523e-03	-9.256027e-04	5.456754e-03	-6.382357e-03	5.919555e-03	-1.887580e-04	2.795164e-04	3.922500e-04	4.756414e-04	-8.339142e-05
392           	1.120547e-02	5.413978e-03	5.791488e-03	-9.256046e-04	5.456720e-03	-6.382324e-03	5.919522e-03	-1.887554e-04	2.795140e-04	3.922480e-04	4.756380e-04	-8.338999e-05
393           	1.120541e-02	5.413949e-03	5.791457e-03	-9.256069e-04	5.456687e-03	-6.382293e-03	5.919490e-03	-1.887537e-04	2.795108e-04	3.922444e-04	4.756330e-04	-8.338863e-05
394           	1.120535e-02	5.413922e-03	5.791425e-03	-9.256089e-04	5.456654e-03	-6.382263e-03	5.919459e-03	-1.887514e-04	2.795084e-04	3.922424e-04	4.756296e-04	-8.338726e-05
395           	1.120529e-02	5.413895e-03	5.791395e-03	-9.256111e-04	5.456624e-03	-6.382235e-03	5.919429e-03	-1.887501e-04	2.795052e-04	3.922386e-04	4.756246e-04	-8.338595e-05
396           	1.120524e-02	5.413870e-03	5.791366e-03	-9.256131e-04	5.456594e-03	-6.382207e-03	5.919401e-03	-1.887482e-04	2.795029e-04	3.922365e-04	4.756212e-04	-8.338463e-05
397           	1.120518e-02	5.413845e-03	5.791338e-03	-9.256150e-04	5.456565e-03	-6.382180e-03	5.919373e-03	-1.887464e-04	2.795005e-04	3.922344e-04	4.756177e-04	-8.338334e-05
398           	1.120513e-02	5.413821e-03	5.791311e-03	-9.256170e-04	5.456538e-03	-6.382155e-03	5.919346e-03	-1.887449e-04	2.794981e-04	3.922321e-04	4.756141e-04	-8.338206e-05
399           	1.120508e-02	5.413798e-03	5.791285e-03	-9.256190e-04	5.456511e-03	-6.382130e-03	5.919321e-03	-1.887434e-04	2.794956e-04	3.922296e-04	4.756104e-04	-8.338079e-05
400           	1.120504e-02	5.413776e-03	5.791260e-03	-9.256210e-04	5.456486e-03	-6.382107e-03	5.919296e-03	-1.887421e-04	2.794931e-04	3.922270e-04	4.756066e-04	-8.337954e-05
401           	1.120499e-02	5.413754e-03	5.791236e-03	-9.256229e-04	5.456462e-03	-6.382085e-03	5.919273e-03	-1.887408e-04	2.794906e-04	3.922245e-04	4.756028e-04	-8.337832e-05
402           	1.120495e-02	5.413734e-03	5.791213e-03	-9.256248e-04	5.456438e-03	-6.382063e-03	5.919251e-03	-1.887396e-04	2.794881e-04	3.922219e-04	4.755991e-04	-8.337712e-05
403           	1.120491e-02	5.413714e-03	5.791191e-03	-9.256267e-04	5.456416e-03	-6.382043e-03	5.919229e-03	-1.887384e-04	2.794857e-04	3.922195e-04	4.755954e-04	-8.337596e-05
404           	1.120487e-02	5.413696e-03	5.791170e-03	-9.256285e-04	5.456395e-03	-6.382023e-03	5.919209e-03	-1.887371e-04	2.794834e-04	3.922171e-04	4.755919e-04	-8.337484e-05
405           	1.120483e-02	5.413678e-03	5.791150e-03	-9.256303e-04	5.456374e-03	-6.382004e-03	5.919189e-03	-1.887359e-04	2.794812e-04	3.922148e-04	4.755886e-04	-8.337374e-05
406           	1.120479e-02	5.413661e-03	5.791130e-03	-9.256320e-04	5.456355e-03	-6.381987e-03	5.919171e-03	-1.887347e-04	2.794790e-04	3.922126e-04	4.755853e-04	-8.337266e-05
407           	1.120476e-02	5.413644e-03	5.791111e-03	-9.256337e-04	5.456336e-03	-6.381970e-03	5.919153e-03	-1.887334e-04	2.794768e-04	3.922105e-04	4.755821e-04	-8.337158e-05
408           	1.120472e-02	5.413629e-03	5.791093e-03	-9.256353e-04	5.456318e-03	-6.381954e-03	5.919136e-03	-1.887321e-04	2.794747e-04	3.922083e-04	4.755788e-04	-8.337049e-05
409           	1.120469e-02	5.413614e-03	5.791076e-03	-9.256369e-04	5.456302e-03	-6.381939e-03	5.919120e-03	-1.887307e-04	2.794725e-04	3.922062e-04	4.755756e-04	-8.336938e-05
410           	1.120466e-02	5.413600e-03	5.791059e-03	-9.256385e-04	5.456286e-03	-6.381924e-03	5.919105e-03	-1.887293e-04	2.794702e-04	3.922040e-04	4.755722e-04	-8.336824e-05
411           	1.120463e-02	5.413587e-03	5.791043e-03	-9.256401e-04	5.456270e-03	-6.381910e-03	5.919090e-03	-1.887279e-04	2.794679e-04	3.922017e-04	4.755687e-04	-8.336707e-05
412           	1.120460e-02	5.413575e-03	5.791028e-03	-9.256416e-04	5.456256e-03	-6.381897e-03	5.919077e-03	-1.887264e-04	2.794654e-04	3.921992e-04	4.755651e-04	-8.336584e-05
413           	1.120458e-02	5.413563e-03	5.791013e-03	-9.256431e-04	5.456242e-03	-6.381885e-03	5.919064e-03	-1.887249e-04	2.794628e-04	3.921966e-04	4.755611e-04	-8.336454e-05
414           	1.120455e-02	5.413552e-03	5.790999e-03	-9.256446e-04	5.456229e-03	-6.381874e-03	5.919051e-03	-1.887233e-04	2.794600e-04	3.921937e-04	4.755569e-04	-8.336317e-05
415           	1.120453e-02	5.413542e-03	5.790985e-03	-9.256460e-04	5.456217e-03	-6.381863e-03	5.919040e-03	-1.887216e-04	2.794571e-04	3.921907e-04	4.755524e-04	-8.336175e-05
416           	1.120451e-02	5.413533e-03	5.790973e-03	-9.256475e-04	5.456205e-03	-6.381853e-03	5.919029e-03	-1.887199e-04	2.794540e-04	3.921875e-04	4.755478e-04	-8.336029e-05
417           	1.120448e-02	5.413524e-03	5.790960e-03	-9.256489e-04	5.456195e-03	-6.381843e-03	5.919019e-03	-1.887181e-04	2.794509e-04	3.921842e-04	4.755430e-04	-8.335879e-05
418           	1.120446e-02	5.413516e-03	5.790949e-03	-9.256502e-04	5.456185e-03	-6.381835e-03	5.919010e-03	-1.887163e-04	2.794476e-04	3.921807e-04	4.755380e-04	-8.335728e-05
419           	1.120445e-02	5.413508e-03	5.790938e-03	-9.256516e-04	5.456175e-03	-6.381827e-03	5.919001e-03	-1.887146e-04	2.794444e-04	3.921772e-04	4.755330e-04	-8.335575e-05
420           	1.120443e-02	5.413501e-03	5.790927e-03	-9.256529e-04	5.456166e-03	-6.381819e-03	5.918993e-03	-1.887128e-04	2.794411e-04	3.921737e-04	4.755279e-04	-8.335422e-05
421           	1.120441e-02	5.413495e-03	5.790917e-03	-9.256542e-04	5.456158e-03	-6.381813e-03	5.918986e-03	-1.887110e-04	2.794377e-04	3.921701e-04	4.755228e-04	-8.335269e-05
422           	1.120440e-02	5.413489e-03	5.790908e-03	-9.256555e-04	5.456151e-03	-6.381807e-03	5.918979e-03	-1.887092e-04	2.794344e-04	3.921664e-04	4.755176e-04	-8.335116e-05
423           	1.120438e-02	5.413484e-03	5.790899e-03	-9.256567e-04	5.456144e-03	-6.381801e-03	5.918973e-03	-1.887074e-04	2.794310e-04	3.921627e-04	4.755123e-04	-8.334963e-05
424           	1.120437e-02	5.413480e-03	5.790891e-03	-9.256579e-04	5.456138e-03	-6.381796e-03	5.918967e-03	-1.887055e-04	2.794276e-04	3.921590e-04	4.755071e-04	-8.334810e-05
425           	1.120436e-02	5.413476e-03	5.790883e-03	-9.256591e-04	5.456133e-03	-6.381792e-03	5.918962e-03	-1.887036e-04	2.794242e-04	3.921552e-04	4.755018e-04	-8.334658e-05
426           	1.120435e-02	5.413473e-03	5.790876e-03	-9.256602e-04	5.456128e-03	-6.381788e-03	5.918958e-03	-1.887017e-04	2.794208e-04	3.921514e-04	4.754965e-04	-8.334507e-05
427           	1.120434e-02	5.413470e-03	5.790870e-03	-9.256614e-04	5.456124e-03	-6.381785e-03	5.918954e-03	-1.886997e-04	2.794174e-04	3.921476e-04	4.754912e-04	-8.334358e-05
428           	1.120433e-02	5.413468e-03	5.790863e-03	-9.256625e-04	5.456120e-03	-6.381782e-03	5.918951e-03	-1.886978e-04	2.794141e-04	3.921439e-04	4.754860e-04	-8.334212e-05
429           	1.120432e-02	5.413466e-03	5.790858e-03	-9.256636e-04	5.456117e-03	-6.381780e-03	5.918948e-03	-1.886958e-04	2.794108e-04	3.921403e-04	4.754809e-04	-8.334069e-05
430           	1.120432e-02	5.413465e-03	5.790853e-03	-9.256646e-04	5.456114e-03	-6.381778e-03	5.918946e-03	-1.886940e-04	2.794077e-04	3.921368e-04	4.754761e-04	-8.333932e-05
431           	1.120431e-02	5.413464e-03	5.790848e-03	-9.256657e-04	5.456112e-03	-6.381777e-03	5.918945e-03	-1.886923e-04	2.794048e-04	3.921335e-04	4.754715e-04	-8.333801e-05
432           	1.120431e-02	5.413463e-03	5.790844e-03	-9.256667e-04	5.456110e-03	-6.381777e-03	5.918943e-03	-1.886907e-04	2.794020e-04	3.921304e-04	4.754671e-04	-8.333678e-05
