# Force and moment coefficients
# dragDir     : (1.000000e+00 0.000000e+00 0.000000e+00)
# sideDir     : (0.000000e+00 1.000000e+00 0.000000e+00)
# liftDir     : (0.000000e+00 0.000000e+00 1.000000e+00)
# rollAxis    : (1.000000e+00 0.000000e+00 0.000000e+00)
# pitchAxis   : (0.000000e+00 1.000000e+00 0.000000e+00)
# yawAxis     : (0.000000e+00 0.000000e+00 1.000000e+00)
# magUInf     : 6.661800e+00
# lRef        : 1.499270e-01
# Aref        : 5.000000e-02
# CofR        : (3.750000e-02 0.000000e+00 0.000000e+00)
#
# Time        	Cd            	Cd(f)         	Cd(r)         	Cl            	Cl(f)         	Cl(r)         	CmPitch       	CmRoll        	CmYaw         	Cs            	Cs(f)         	Cs(r)         
1             	2.915322e-01	5.627166e-01	-2.711844e-01	-1.694871e-03	1.523870e-01	-1.540819e-01	1.532344e-01	4.169505e-01	-2.505681e-01	-7.743836e-01	-6.377599e-01	-1.366236e-01
2             	2.142353e-01	5.041142e-01	-2.898789e-01	-3.854573e-03	1.096479e-01	-1.135025e-01	1.115752e-01	3.969966e-01	-2.354162e-01	-7.369825e-01	-6.039075e-01	-1.330750e-01
3             	1.632564e-01	3.885131e-01	-2.252567e-01	-4.976365e-03	8.210369e-02	-8.708005e-02	8.459187e-02	3.068849e-01	-1.779989e-01	-5.687677e-01	-4.623827e-01	-1.063849e-01
4             	1.253117e-01	2.423905e-01	-1.170788e-01	-5.215568e-03	6.234025e-02	-6.755581e-02	6.494803e-02	1.797346e-01	-9.833895e-02	-3.315739e-01	-2.641259e-01	-6.744800e-02
5             	9.538554e-02	9.609140e-02	-7.058522e-04	-4.771634e-03	4.734448e-02	-5.211612e-02	4.973030e-02	4.839862e-02	-1.669647e-02	-8.677932e-02	-6.008613e-02	-2.669319e-02
6             	7.193246e-02	-2.483776e-02	9.677022e-02	-3.890810e-03	3.597704e-02	-3.986785e-02	3.792244e-02	-6.080399e-02	5.047923e-02	1.164186e-01	1.086885e-01	7.730070e-03
7             	5.453163e-02	-1.048224e-01	1.593541e-01	-2.810519e-03	2.776370e-02	-3.057421e-02	2.916896e-02	-1.320883e-01	9.318969e-02	2.485397e-01	2.174596e-01	3.108018e-02
8             	4.275723e-02	-1.395157e-01	1.822730e-01	-1.730816e-03	2.232223e-02	-2.405305e-02	2.318764e-02	-1.608943e-01	1.085107e-01	3.011511e-01	2.590862e-01	4.206488e-02
9             	3.582383e-02	-1.343219e-01	1.701458e-01	-7.973684e-04	1.916702e-02	-1.996439e-02	1.956571e-02	-1.522338e-01	9.968116e-02	2.837470e-01	2.415547e-01	4.219236e-02
10            	3.261057e-02	-1.009608e-01	1.335714e-01	-9.921807e-05	1.770476e-02	-1.780397e-02	1.775436e-02	-1.172661e-01	7.398941e-02	2.173416e-01	1.826602e-01	3.468139e-02
11            	3.184979e-02	-5.380109e-02	8.565088e-02	3.267942e-04	1.731124e-02	-1.698444e-02	1.714784e-02	-6.972598e-02	4.048203e-02	1.277379e-01	1.043510e-01	2.338690e-02
12            	3.234103e-02	-6.297560e-03	3.863859e-02	4.879011e-04	1.742199e-02	-1.693408e-02	1.717804e-02	-2.246807e-02	7.690180e-03	3.906339e-02	2.722188e-02	1.184152e-02
13            	3.312202e-02	3.137061e-02	1.751405e-03	4.235001e-04	1.760272e-02	-1.717922e-02	1.739097e-02	1.480960e-02	-1.791541e-02	-3.052816e-02	-3.317949e-02	2.651327e-03
14            	3.356208e-02	5.359266e-02	-2.003058e-02	1.934398e-04	1.758399e-02	-1.739055e-02	1.748727e-02	3.681162e-02	-3.280651e-02	-7.119416e-02	-6.840359e-02	-2.790573e-03
15            	3.337037e-02	5.931597e-02	-2.594560e-02	-1.331213e-04	1.725755e-02	-1.739067e-02	1.732411e-02	4.263079e-02	-3.642466e-02	-8.136161e-02	-7.710546e-02	-4.256150e-03
16            	3.253625e-02	5.120608e-02	-1.866983e-02	-4.883751e-04	1.664355e-02	-1.713193e-02	1.688774e-02	3.493796e-02	-3.065797e-02	-6.618282e-02	-6.374937e-02	-2.433444e-03
17            	3.122996e-02	3.415379e-02	-2.923828e-03	-8.151799e-04	1.584057e-02	-1.665575e-02	1.624816e-02	1.853881e-02	-1.888376e-02	-3.481767e-02	-3.629260e-02	1.474924e-03
18            	2.970385e-02	1.373706e-02	1.596680e-02	-1.072080e-03	1.497722e-02	-1.604930e-02	1.551326e-02	-1.114870e-03	-4.934748e-03	2.408020e-03	-3.730738e-03	6.138758e-03
19            	2.820241e-02	-5.076794e-03	3.327920e-02	-1.236926e-03	1.417016e-02	-1.540709e-02	1.478863e-02	-1.917800e-02	7.772041e-03	3.634997e-02	2.594703e-02	1.040294e-02
20            	2.690415e-02	-1.883863e-02	4.574278e-02	-1.306183e-03	1.349865e-02	-1.480484e-02	1.415175e-02	-3.229071e-02	1.686487e-02	6.070898e-02	4.721936e-02	1.348962e-02
21            	2.589563e-02	-2.597053e-02	5.186617e-02	-1.291755e-03	1.299473e-02	-1.428648e-02	1.364060e-02	-3.891835e-02	2.127039e-02	7.266090e-02	5.760084e-02	1.506006e-02
22            	2.517371e-02	-2.663611e-02	5.180982e-02	-1.216313e-03	1.264617e-02	-1.386248e-02	1.325433e-02	-3.922296e-02	2.113164e-02	7.260238e-02	5.743283e-02	1.516955e-02
23            	2.467144e-02	-2.228891e-02	4.696035e-02	-1.107197e-03	1.241091e-02	-1.351811e-02	1.296451e-02	-3.462463e-02	1.749779e-02	6.330143e-02	4.914850e-02	1.415293e-02
24            	2.428939e-02	-1.507862e-02	3.936801e-02	-9.913576e-04	1.223297e-02	-1.322433e-02	1.272865e-02	-2.722332e-02	1.191781e-02	4.880132e-02	3.631847e-02	1.248285e-02
25            	2.393052e-02	-7.196698e-03	3.112722e-02	-8.904871e-04	1.206022e-02	-1.295070e-02	1.250546e-02	-1.916196e-02	5.971310e-03	3.320341e-02	2.257301e-02	1.063039e-02
26            	2.352391e-02	-4.020123e-04	2.392592e-02	-8.184363e-04	1.185577e-02	-1.267421e-02	1.226499e-02	-1.216397e-02	9.309172e-04	1.978421e-02	1.082302e-02	8.961186e-03
27            	2.303471e-02	4.228120e-03	1.880659e-02	-7.808603e-04	1.160251e-02	-1.238337e-02	1.199294e-02	-7.289236e-03	-2.415246e-03	1.054176e-02	2.855631e-03	7.686124e-03
28            	2.246586e-02	6.381753e-03	1.608410e-02	-7.758760e-04	1.130324e-02	-1.207911e-02	1.169117e-02	-4.851175e-03	-3.831880e-03	6.041009e-03	-8.113758e-04	6.852384e-03
29            	2.184965e-02	6.398450e-03	1.545120e-02	-7.959856e-04	1.097601e-02	-1.177199e-02	1.137400e-02	-4.526375e-03	-3.558091e-03	5.631810e-03	-7.421864e-04	6.373996e-03
30            	2.123455e-02	5.050038e-03	1.618452e-02	-8.306188e-04	1.064700e-02	-1.147762e-02	1.106231e-02	-5.567238e-03	-2.156109e-03	7.856106e-03	1.771944e-03	6.084162e-03
31            	2.066857e-02	3.259320e-03	1.740925e-02	-8.691192e-04	1.034210e-02	-1.121122e-02	1.077666e-02	-7.074963e-03	-3.042913e-04	1.097782e-02	5.184619e-03	5.793202e-03
32            	2.018767e-02	1.855092e-03	1.833258e-02	-9.027895e-04	1.008091e-02	-1.098370e-02	1.053231e-02	-8.238745e-03	1.378978e-03	1.343843e-02	8.098195e-03	5.340239e-03
33            	1.981006e-02	1.408783e-03	1.840128e-02	-9.259682e-04	9.873653e-03	-1.079962e-02	1.033664e-02	-8.496249e-03	2.455228e-03	1.416154e-02	9.535999e-03	4.625544e-03
34            	1.953420e-02	2.157452e-03	1.737675e-02	-9.364819e-04	9.720291e-03	-1.065677e-02	1.018853e-02	-7.609648e-03	2.725126e-03	1.269777e-02	9.074013e-03	3.623761e-03
35            	1.934168e-02	4.017135e-03	1.532454e-02	-9.353495e-04	9.611900e-03	-1.054725e-02	1.007957e-02	-5.653703e-03	2.221327e-03	9.198197e-03	6.820425e-03	2.377772e-03
36            	1.920338e-02	6.660592e-03	1.254278e-02	-9.258722e-04	9.533816e-03	-1.045969e-02	9.996752e-03	-2.941096e-03	1.153947e-03	4.268591e-03	3.288243e-03	9.803484e-04
37            	1.908696e-02	9.633534e-03	9.453423e-03	-9.124425e-04	9.469418e-03	-1.038186e-02	9.925639e-03	9.005541e-05	-1.724256e-04	-1.248281e-03	-7.965663e-04	-4.517151e-04
38            	1.896375e-02	1.247829e-02	6.485460e-03	-8.993533e-04	9.403634e-03	-1.030299e-02	9.853311e-03	2.996417e-03	-1.448342e-03	-6.505908e-03	-4.701296e-03	-1.804612e-03
39            	1.881361e-02	1.483047e-02	3.983132e-03	-8.899303e-04	9.325509e-03	-1.021544e-02	9.770475e-03	5.423670e-03	-2.429334e-03	-1.083398e-02	-7.846325e-03	-2.987657e-03
40            	1.862733e-02	1.648050e-02	2.146834e-03	-8.860107e-04	9.229561e-03	-1.011557e-02	9.672567e-03	7.166833e-03	-2.979690e-03	-1.385233e-02	-9.905856e-03	-3.946475e-03
41            	1.840652e-02	1.738832e-02	1.018196e-03	-8.878842e-04	9.115762e-03	-1.000365e-02	9.559704e-03	8.185064e-03	-3.082374e-03	-1.549727e-02	-1.083101e-02	-4.666261e-03
42            	1.816113e-02	1.766072e-02	5.004099e-04	-8.945886e-04	8.988479e-03	-9.883068e-03	9.435773e-03	8.580153e-03	-2.821210e-03	-1.597760e-02	-1.081001e-02	-5.167591e-03
43            	1.790584e-02	1.750168e-02	4.041672e-04	-9.043492e-04	8.854828e-03	-9.759177e-03	9.307003e-03	8.548755e-03	-2.344223e-03	-1.568060e-02	-1.018453e-02	-5.496079e-03
44            	1.765582e-02	1.715259e-02	5.032329e-04	-9.149912e-04	8.722528e-03	-9.637520e-03	9.180024e-03	8.324677e-03	-1.820187e-03	-1.505994e-02	-9.350154e-03	-5.709781e-03
45            	1.742318e-02	1.683509e-02	5.880917e-04	-9.243882e-04	8.598020e-03	-9.522409e-03	9.060214e-03	8.123501e-03	-1.397500e-03	-1.452857e-02	-8.661787e-03	-5.866787e-03
46            	1.721514e-02	1.671019e-02	5.049544e-04	-9.308777e-04	8.485406e-03	-9.416284e-03	8.950845e-03	8.102616e-03	-1.175772e-03	-1.438234e-02	-8.366944e-03	-6.015401e-03
47            	1.703344e-02	1.685610e-02	1.773469e-04	-9.335245e-04	8.386105e-03	-9.319630e-03	8.852867e-03	8.339374e-03	-1.191870e-03	-1.475932e-02	-8.571532e-03	-6.187792e-03
48            	1.687512e-02	1.726771e-02	-3.925959e-04	-9.322132e-04	8.299093e-03	-9.231307e-03	8.765200e-03	8.830154e-03	-1.422199e-03	-1.564021e-02	-9.242305e-03	-6.397908e-03
49            	1.673395e-02	1.787305e-02	-1.139097e-03	-9.275508e-04	8.221615e-03	-9.149166e-03	8.685390e-03	9.506072e-03	-1.797327e-03	-1.688078e-02	-1.023772e-02	-6.643064e-03
50            	1.660234e-02	1.856033e-02	-1.957990e-03	-9.206450e-04	8.150049e-03	-9.070694e-03	8.610371e-03	1.025916e-02	-2.223833e-03	-1.826412e-02	-1.135589e-02	-6.908228e-03
51            	1.647305e-02	1.920832e-02	-2.735278e-03	-9.128209e-04	8.080764e-03	-8.993585e-03	8.537175e-03	1.097180e-02	-2.607698e-03	-1.955859e-02	-1.238699e-02	-7.171597e-03
52            	1.634056e-02	1.971384e-02	-3.373287e-03	-9.053333e-04	8.010846e-03	-8.916180e-03	8.463513e-03	1.154357e-02	-2.874548e-03	-2.057007e-02	-1.315958e-02	-7.410488e-03
53            	1.620184e-02	2.000995e-02	-3.808111e-03	-8.991531e-04	7.938485e-03	-8.837638e-03	8.388061e-03	1.190903e-02	-2.982095e-03	-2.117593e-02	-1.357006e-02	-7.605868e-03
54            	1.605649e-02	2.007430e-02	-4.017816e-03	-8.948400e-04	7.863122e-03	-8.757962e-03	8.310542e-03	1.204606e-02	-2.924383e-03	-2.133974e-02	-1.359425e-02	-7.745486e-03
55            	1.590634e-02	1.992719e-02	-4.020847e-03	-8.925220e-04	7.785315e-03	-8.677837e-03	8.231576e-03	1.197402e-02	-2.728017e-03	-2.110638e-02	-1.328121e-02	-7.825172e-03
56            	1.575471e-02	1.962133e-02	-3.866624e-03	-8.919609e-04	7.706416e-03	-8.598377e-03	8.152396e-03	1.174398e-02	-2.442368e-03	-2.058157e-02	-1.273316e-02	-7.848419e-03
57            	1.560549e-02	1.922729e-02	-3.621805e-03	-8.926759e-04	7.628167e-03	-8.520842e-03	8.074505e-03	1.142455e-02	-2.126902e-03	-1.990325e-02	-1.207853e-02	-7.824722e-03
58            	1.546233e-02	1.881770e-02	-3.355373e-03	-8.940790e-04	7.552297e-03	-8.446376e-03	7.999337e-03	1.108654e-02	-1.838317e-03	-1.921104e-02	-1.144384e-02	-7.767205e-03
59            	1.532796e-02	1.845407e-02	-3.126111e-03	-8.956072e-04	7.480200e-03	-8.375808e-03	7.928004e-03	1.079009e-02	-1.620446e-03	-1.862115e-02	-1.093102e-02	-7.690129e-03
60            	1.520381e-02	1.817752e-02	-2.973710e-03	-8.968146e-04	7.412737e-03	-8.309552e-03	7.861145e-03	1.057562e-02	-1.497883e-03	-1.820901e-02	-1.060239e-02	-7.606622e-03
61            	1.509003e-02	1.800541e-02	-2.915386e-03	-8.974312e-04	7.350193e-03	-8.247624e-03	7.798909e-03	1.046040e-02	-1.474515e-03	-1.800332e-02	-1.047618e-02	-7.527146e-03
62            	1.498557e-02	1.793230e-02	-2.946734e-03	-8.973714e-04	7.292295e-03	-8.189667e-03	7.740981e-03	1.043952e-02	-1.535836e-03	-1.798879e-02	-1.053023e-02	-7.458561e-03
63            	1.488860e-02	1.793525e-02	-3.046653e-03	-8.967094e-04	7.238367e-03	-8.135076e-03	7.686721e-03	1.049095e-02	-1.654457e-03	-1.811698e-02	-1.071295e-02	-7.404032e-03
64            	1.479694e-02	1.798133e-02	-3.184393e-03	-8.956273e-04	7.187507e-03	-8.083134e-03	7.635321e-03	1.058286e-02	-1.797175e-03	-1.832125e-02	-1.095780e-02	-7.363449e-03
65            	1.470845e-02	1.803535e-02	-3.326899e-03	-8.943624e-04	7.138775e-03	-8.033138e-03	7.585957e-03	1.068112e-02	-1.931684e-03	-1.853202e-02	-1.119770e-02	-7.334327e-03
66            	1.462139e-02	1.806679e-02	-3.445391e-03	-8.931472e-04	7.091350e-03	-7.984497e-03	7.537923e-03	1.075609e-02	-2.032287e-03	-1.869016e-02	-1.137737e-02	-7.312791e-03
67            	1.453462e-02	1.805437e-02	-3.519747e-03	-8.921700e-04	7.044622e-03	-7.936792e-03	7.490707e-03	1.078706e-02	-2.083210e-03	-1.875561e-02	-1.146102e-02	-7.294596e-03
68            	1.444763e-02	1.798836e-02	-3.540726e-03	-8.915455e-04	6.998252e-03	-7.889797e-03	7.444024e-03	1.076454e-02	-2.079851e-03	-1.871154e-02	-1.143562e-02	-7.275921e-03
69            	1.436048e-02	1.787015e-02	-3.509666e-03	-8.913093e-04	6.952138e-03	-7.843448e-03	7.397793e-03	1.068991e-02	-2.027644e-03	-1.856314e-02	-1.130921e-02	-7.253924e-03
70            	1.427366e-02	1.771001e-02	-3.436348e-03	-8.914304e-04	6.906380e-03	-7.797811e-03	7.352095e-03	1.057318e-02	-1.939386e-03	-1.833276e-02	-1.110577e-02	-7.226994e-03
71            	1.418789e-02	1.752366e-02	-3.335772e-03	-8.918290e-04	6.861202e-03	-7.753031e-03	7.307116e-03	1.042972e-02	-1.831737e-03	-1.805298e-02	-1.085823e-02	-7.194754e-03
72            	1.410394e-02	1.732859e-02	-3.224657e-03	-8.924007e-04	6.816877e-03	-7.709278e-03	7.263077e-03	1.027663e-02	-1.721721e-03	-1.775914e-02	-1.060129e-02	-7.157851e-03
73            	1.402243e-02	1.714066e-02	-3.118229e-03	-8.930383e-04	6.773658e-03	-7.666697e-03	7.220178e-03	1.012944e-02	-1.623706e-03	-1.748270e-02	-1.036506e-02	-7.117645e-03
74            	1.394379e-02	1.697179e-02	-3.028002e-03	-8.936499e-04	6.731727e-03	-7.625377e-03	7.178552e-03	9.999897e-03	-1.547517e-03	-1.724674e-02	-1.017089e-02	-7.075855e-03
75            	1.386817e-02	1.682872e-02	-2.960555e-03	-8.941704e-04	6.691173e-03	-7.585344e-03	7.138259e-03	9.894640e-03	-1.497598e-03	-1.706365e-02	-1.002942e-02	-7.034226e-03
76            	1.379549e-02	1.671284e-02	-2.917356e-03	-8.945670e-04	6.652000e-03	-7.546567e-03	7.099284e-03	9.815099e-03	-1.473245e-03	-1.693499e-02	-9.940741e-03	-6.994251e-03
77            	1.372548e-02	1.662113e-02	-2.895650e-03	-8.948368e-04	6.614137e-03	-7.508974e-03	7.061555e-03	9.758392e-03	-1.469769e-03	-1.685360e-02	-9.896571e-03	-6.957034e-03
78            	1.365779e-02	1.654757e-02	-2.889779e-03	-8.949993e-04	6.577462e-03	-7.472461e-03	7.024961e-03	9.718674e-03	-1.480029e-03	-1.680649e-02	-9.883276e-03	-6.923217e-03
79            	1.359202e-02	1.648477e-02	-2.892751e-03	-8.950865e-04	6.541831e-03	-7.436917e-03	6.989374e-03	9.688759e-03	-1.496111e-03	-1.677823e-02	-9.885224e-03	-6.893002e-03
80            	1.352782e-02	1.642553e-02	-2.897711e-03	-8.951348e-04	6.507112e-03	-7.402246e-03	6.954679e-03	9.661619e-03	-1.510799e-03	-1.675405e-02	-9.887825e-03	-6.866228e-03
81            	1.346493e-02	1.636401e-02	-2.899080e-03	-8.951743e-04	6.473199e-03	-7.368374e-03	6.920786e-03	9.631547e-03	-1.518649e-03	-1.672225e-02	-9.879771e-03	-6.842474e-03
82            	1.340322e-02	1.629645e-02	-2.893231e-03	-8.952254e-04	6.440023e-03	-7.335249e-03	6.887636e-03	9.594843e-03	-1.516515e-03	-1.667542e-02	-9.854227e-03	-6.821197e-03
83            	1.334263e-02	1.622133e-02	-2.878701e-03	-8.952972e-04	6.407545e-03	-7.302843e-03	6.855194e-03	9.550014e-03	-1.503595e-03	-1.661087e-02	-9.809029e-03	-6.801838e-03
84            	1.328319e-02	1.613908e-02	-2.855897e-03	-8.953885e-04	6.375764e-03	-7.271153e-03	6.823458e-03	9.497490e-03	-1.481057e-03	-1.652988e-02	-9.745995e-03	-6.783882e-03
85            	1.322498e-02	1.605164e-02	-2.826655e-03	-8.954904e-04	6.344691e-03	-7.240181e-03	6.792436e-03	9.439146e-03	-1.451397e-03	-1.643666e-02	-9.669727e-03	-6.766934e-03
86            	1.316810e-02	1.596169e-02	-2.793591e-03	-8.955905e-04	6.314343e-03	-7.209934e-03	6.762139e-03	9.377642e-03	-1.417734e-03	-1.633694e-02	-9.586203e-03	-6.750735e-03
87            	1.311262e-02	1.587209e-02	-2.759469e-03	-8.956758e-04	6.284734e-03	-7.180410e-03	6.732572e-03	9.315779e-03	-1.383140e-03	-1.623657e-02	-9.501425e-03	-6.735146e-03
88            	1.305857e-02	1.578527e-02	-2.726694e-03	-8.957359e-04	6.255866e-03	-7.151601e-03	6.703733e-03	9.255981e-03	-1.350120e-03	-1.614050e-02	-9.420370e-03	-6.720131e-03
89            	1.300595e-02	1.570293e-02	-2.696982e-03	-8.957647e-04	6.227723e-03	-7.123488e-03	6.675606e-03	9.199958e-03	-1.320316e-03	-1.605208e-02	-9.346354e-03	-6.705723e-03
90            	1.295470e-02	1.562593e-02	-2.671229e-03	-8.957617e-04	6.200281e-03	-7.096043e-03	6.648162e-03	9.148580e-03	-1.294419e-03	-1.597282e-02	-9.280827e-03	-6.691989e-03
91            	1.290473e-02	1.555428e-02	-2.649549e-03	-8.957294e-04	6.173502e-03	-7.069231e-03	6.621366e-03	9.101917e-03	-1.272272e-03	-1.590255e-02	-9.223546e-03	-6.679002e-03
92            	1.285596e-02	1.548740e-02	-2.631449e-03	-8.956721e-04	6.147342e-03	-7.043014e-03	6.595178e-03	9.059427e-03	-1.253095e-03	-1.583983e-02	-9.173010e-03	-6.666820e-03
93            	1.280826e-02	1.542433e-02	-2.616070e-03	-8.955951e-04	6.121762e-03	-7.017357e-03	6.569559e-03	9.020201e-03	-1.235776e-03	-1.578250e-02	-9.127024e-03	-6.655472e-03
94            	1.276157e-02	1.536401e-02	-2.602442e-03	-8.955028e-04	6.096724e-03	-6.992227e-03	6.544475e-03	8.983225e-03	-1.219152e-03	-1.572822e-02	-9.083259e-03	-6.644956e-03
95            	1.271580e-02	1.530549e-02	-2.589693e-03	-8.953978e-04	6.072201e-03	-6.967598e-03	6.519900e-03	8.947592e-03	-1.202237e-03	-1.567496e-02	-9.039715e-03	-6.635241e-03
96            	1.267093e-02	1.524812e-02	-2.577186e-03	-8.952813e-04	6.048180e-03	-6.943461e-03	6.495820e-03	8.912652e-03	-1.184367e-03	-1.562128e-02	-8.995008e-03	-6.626274e-03
97            	1.262694e-02	1.519155e-02	-2.564612e-03	-8.951525e-04	6.024645e-03	-6.919797e-03	6.472221e-03	8.878080e-03	-1.165259e-03	-1.556650e-02	-8.948507e-03	-6.617989e-03
98            	1.258381e-02	1.513578e-02	-2.551965e-03	-8.950087e-04	6.001593e-03	-6.896602e-03	6.449097e-03	8.843871e-03	-1.144984e-03	-1.551061e-02	-8.900291e-03	-6.610322e-03
99            	1.254157e-02	1.508107e-02	-2.539503e-03	-8.948470e-04	5.979024e-03	-6.873871e-03	6.426448e-03	8.810289e-03	-1.123898e-03	-1.545422e-02	-8.851010e-03	-6.603214e-03
100           	1.250024e-02	1.502781e-02	-2.527578e-03	-8.946634e-04	5.956945e-03	-6.851609e-03	6.404277e-03	8.777696e-03	-1.102474e-03	-1.539816e-02	-8.801556e-03	-6.596609e-03
101           	1.245981e-02	1.497647e-02	-2.516657e-03	-8.944566e-04	5.935357e-03	-6.829813e-03	6.382585e-03	8.746564e-03	-1.081269e-03	-1.534348e-02	-8.753007e-03	-6.590469e-03
102           	1.242031e-02	1.492746e-02	-2.507151e-03	-8.942260e-04	5.914257e-03	-6.808483e-03	6.361370e-03	8.717307e-03	-1.060773e-03	-1.529108e-02	-8.706311e-03	-6.584766e-03
103           	1.238172e-02	1.488109e-02	-2.499371e-03	-8.939727e-04	5.893642e-03	-6.787615e-03	6.340628e-03	8.690233e-03	-1.041351e-03	-1.524166e-02	-8.662181e-03	-6.579478e-03
104           	1.234403e-02	1.483753e-02	-2.493499e-03	-8.936991e-04	5.873502e-03	-6.767201e-03	6.320351e-03	8.665515e-03	-1.023220e-03	-1.519562e-02	-8.621031e-03	-6.574591e-03
105           	1.230720e-02	1.479680e-02	-2.489592e-03	-8.934089e-04	5.853822e-03	-6.747231e-03	6.300527e-03	8.643194e-03	-1.006450e-03	-1.515309e-02	-8.582996e-03	-6.570095e-03
106           	1.227122e-02	1.475879e-02	-2.487574e-03	-8.931057e-04	5.834590e-03	-6.727696e-03	6.281143e-03	8.623183e-03	-9.909814e-04	-1.511392e-02	-8.547941e-03	-6.565979e-03
107           	1.223603e-02	1.472334e-02	-2.487308e-03	-8.927939e-04	5.815789e-03	-6.708583e-03	6.262186e-03	8.605325e-03	-9.766849e-04	-1.507783e-02	-8.515601e-03	-6.562231e-03
108           	1.220161e-02	1.469024e-02	-2.488626e-03	-8.924773e-04	5.797402e-03	-6.689880e-03	6.243641e-03	8.589433e-03	-9.634074e-04	-1.504449e-02	-8.485653e-03	-6.558839e-03
109           	1.216793e-02	1.465928e-02	-2.491354e-03	-8.921596e-04	5.779415e-03	-6.671575e-03	6.225495e-03	8.575319e-03	-9.510024e-04	-1.501358e-02	-8.457791e-03	-6.555786e-03
110           	1.213495e-02	1.463030e-02	-2.495347e-03	-8.918432e-04	5.761814e-03	-6.653658e-03	6.207736e-03	8.562824e-03	-9.393652e-04	-1.498484e-02	-8.431788e-03	-6.553057e-03
111           	1.210267e-02	1.460317e-02	-2.500503e-03	-8.915300e-04	5.744588e-03	-6.636118e-03	6.190353e-03	8.551835e-03	-9.284446e-04	-1.495816e-02	-8.407522e-03	-6.550633e-03
112           	1.207105e-02	1.457781e-02	-2.506763e-03	-8.912211e-04	5.727727e-03	-6.618948e-03	6.173338e-03	8.542286e-03	-9.182427e-04	-1.493348e-02	-8.384982e-03	-6.548497e-03
113           	1.204007e-02	1.455420e-02	-2.514121e-03	-8.909181e-04	5.711219e-03	-6.602137e-03	6.156678e-03	8.534158e-03	-9.088224e-04	-1.491091e-02	-8.364275e-03	-6.546630e-03
114           	1.200976e-02	1.453231e-02	-2.522559e-03	-8.906201e-04	5.695064e-03	-6.585684e-03	6.140374e-03	8.527436e-03	-9.002309e-04	-1.489050e-02	-8.345482e-03	-6.545020e-03
115           	1.198008e-02	1.451217e-02	-2.532090e-03	-8.903274e-04	5.679255e-03	-6.569582e-03	6.124419e-03	8.522130e-03	-8.925467e-04	-1.487240e-02	-8.328746e-03	-6.543652e-03
116           	1.195105e-02	1.449376e-02	-2.542718e-03	-8.900393e-04	5.663791e-03	-6.553830e-03	6.108810e-03	8.518241e-03	-8.858282e-04	-1.485669e-02	-8.314174e-03	-6.542518e-03
117           	1.192264e-02	1.447708e-02	-2.554444e-03	-8.897574e-04	5.648661e-03	-6.538418e-03	6.093539e-03	8.515763e-03	-8.801368e-04	-1.484348e-02	-8.301879e-03	-6.541605e-03
118           	1.189483e-02	1.446207e-02	-2.567237e-03	-8.894831e-04	5.633853e-03	-6.523337e-03	6.078595e-03	8.514654e-03	-8.754973e-04	-1.483281e-02	-8.291900e-03	-6.540905e-03
119           	1.186764e-02	1.444868e-02	-2.581041e-03	-8.892157e-04	5.619370e-03	-6.508586e-03	6.063978e-03	8.514861e-03	-8.718803e-04	-1.482459e-02	-8.284174e-03	-6.540414e-03
120           	1.184104e-02	1.443683e-02	-2.595784e-03	-8.889555e-04	5.605204e-03	-6.494160e-03	6.049682e-03	8.516305e-03	-8.692435e-04	-1.481874e-02	-8.278613e-03	-6.540126e-03
121           	1.181502e-02	1.442640e-02	-2.611374e-03	-8.887036e-04	5.591348e-03	-6.480052e-03	6.035700e-03	8.518885e-03	-8.675282e-04	-1.481512e-02	-8.275089e-03	-6.540032e-03
122           	1.178957e-02	1.441728e-02	-2.627708e-03	-8.884608e-04	5.577794e-03	-6.466254e-03	6.022024e-03	8.522493e-03	-8.666603e-04	-1.481357e-02	-8.273446e-03	-6.540125e-03
123           	1.176467e-02	1.440935e-02	-2.644682e-03	-8.882276e-04	5.564533e-03	-6.452761e-03	6.008647e-03	8.527015e-03	-8.665615e-04	-1.481391e-02	-8.273518e-03	-6.540395e-03
124           	1.174030e-02	1.440250e-02	-2.662195e-03	-8.880044e-04	5.551560e-03	-6.439565e-03	5.995562e-03	8.532346e-03	-8.671555e-04	-1.481598e-02	-8.275145e-03	-6.540834e-03
125           	1.171646e-02	1.439661e-02	-2.680153e-03	-8.877912e-04	5.538868e-03	-6.426659e-03	5.982763e-03	8.538383e-03	-8.683739e-04	-1.481961e-02	-8.278180e-03	-6.541432e-03
126           	1.169313e-02	1.439161e-02	-2.698473e-03	-8.875881e-04	5.526450e-03	-6.414038e-03	5.970244e-03	8.545039e-03	-8.701571e-04	-1.482467e-02	-8.282493e-03	-6.542179e-03
127           	1.167031e-02	1.438739e-02	-2.717080e-03	-8.873947e-04	5.514301e-03	-6.401696e-03	5.957999e-03	8.552234e-03	-8.724541e-04	-1.483104e-02	-8.287973e-03	-6.543065e-03
128           	1.164797e-02	1.438388e-02	-2.735910e-03	-8.872109e-04	5.502416e-03	-6.389627e-03	5.946021e-03	8.559897e-03	-8.752210e-04	-1.483860e-02	-8.294523e-03	-6.544081e-03
129           	1.162612e-02	1.438101e-02	-2.754887e-03	-8.870366e-04	5.490786e-03	-6.377823e-03	5.934304e-03	8.567947e-03	-8.784097e-04	-1.484724e-02	-8.302032e-03	-6.545212e-03
130           	1.160474e-02	1.437872e-02	-2.773978e-03	-8.868711e-04	5.479410e-03	-6.366281e-03	5.922846e-03	8.576348e-03	-8.819951e-04	-1.485690e-02	-8.310444e-03	-6.546454e-03
131           	1.158383e-02	1.437696e-02	-2.793131e-03	-8.867140e-04	5.468284e-03	-6.354998e-03	5.911641e-03	8.585045e-03	-8.859411e-04	-1.486747e-02	-8.319678e-03	-6.547796e-03
132           	1.156337e-02	1.437567e-02	-2.812296e-03	-8.865651e-04	5.457401e-03	-6.343966e-03	5.900683e-03	8.593983e-03	-8.902097e-04	-1.487887e-02	-8.329647e-03	-6.549227e-03
133           	1.154337e-02	1.437479e-02	-2.831421e-03	-8.864242e-04	5.446757e-03	-6.333181e-03	5.889969e-03	8.603104e-03	-8.947606e-04	-1.489100e-02	-8.340259e-03	-6.550738e-03
134           	1.152380e-02	1.437425e-02	-2.850454e-03	-8.862910e-04	5.436346e-03	-6.322637e-03	5.879491e-03	8.612354e-03	-8.995516e-04	-1.490374e-02	-8.351421e-03	-6.552318e-03
135           	1.150466e-02	1.437401e-02	-2.869348e-03	-8.861655e-04	5.426163e-03	-6.312329e-03	5.869246e-03	8.621677e-03	-9.045399e-04	-1.491699e-02	-8.363036e-03	-6.553956e-03
136           	1.148594e-02	1.437399e-02	-2.888054e-03	-8.860473e-04	5.416204e-03	-6.302252e-03	5.859228e-03	8.631024e-03	-9.096829e-04	-1.493066e-02	-8.375011e-03	-6.555645e-03
137           	1.146763e-02	1.437416e-02	-2.906529e-03	-8.859362e-04	5.406464e-03	-6.292400e-03	5.849432e-03	8.640345e-03	-9.149397e-04	-1.494463e-02	-8.387253e-03	-6.557373e-03
138           	1.144973e-02	1.437446e-02	-2.924735e-03	-8.858320e-04	5.396937e-03	-6.282769e-03	5.839853e-03	8.649599e-03	-9.202724e-04	-1.495881e-02	-8.399679e-03	-6.559134e-03
139           	1.143222e-02	1.437486e-02	-2.942639e-03	-8.857342e-04	5.387621e-03	-6.273355e-03	5.830488e-03	8.658747e-03	-9.256461e-04	-1.497313e-02	-8.412211e-03	-6.560919e-03
140           	1.141509e-02	1.437529e-02	-2.960203e-03	-8.856428e-04	5.378508e-03	-6.264151e-03	5.821330e-03	8.667748e-03	-9.310245e-04	-1.498749e-02	-8.424767e-03	-6.562718e-03
141           	1.139834e-02	1.437576e-02	-2.977412e-03	-8.855570e-04	5.369598e-03	-6.255155e-03	5.812377e-03	8.676584e-03	-9.363858e-04	-1.500183e-02	-8.437299e-03	-6.564528e-03
142           	1.138197e-02	1.437622e-02	-2.994246e-03	-8.854764e-04	5.360887e-03	-6.246363e-03	5.803625e-03	8.685231e-03	-9.417055e-04	-1.501609e-02	-8.449752e-03	-6.566341e-03
143           	1.136596e-02	1.437665e-02	-3.010687e-03	-8.854007e-04	5.352369e-03	-6.237770e-03	5.795070e-03	8.693668e-03	-9.469619e-04	-1.503023e-02	-8.462075e-03	-6.568151e-03
144           	1.135031e-02	1.437703e-02	-3.026720e-03	-8.853296e-04	5.344043e-03	-6.229372e-03	5.786708e-03	8.701876e-03	-9.521353e-04	-1.504417e-02	-8.474223e-03	-6.569952e-03
145           	1.133501e-02	1.437734e-02	-3.042331e-03	-8.852628e-04	5.335903e-03	-6.221166e-03	5.778534e-03	8.709837e-03	-9.572076e-04	-1.505789e-02	-8.486153e-03	-6.571738e-03
146           	1.132006e-02	1.437756e-02	-3.057509e-03	-8.852002e-04	5.327946e-03	-6.213146e-03	5.770546e-03	8.717537e-03	-9.621627e-04	-1.507133e-02	-8.497829e-03	-6.573504e-03
147           	1.130543e-02	1.437768e-02	-3.072245e-03	-8.851415e-04	5.320167e-03	-6.205309e-03	5.762738e-03	8.724963e-03	-9.669862e-04	-1.508446e-02	-8.509216e-03	-6.575244e-03
148           	1.129114e-02	1.437767e-02	-3.086532e-03	-8.850865e-04	5.312565e-03	-6.197651e-03	5.755108e-03	8.732104e-03	-9.716652e-04	-1.509724e-02	-8.520284e-03	-6.576954e-03
149           	1.127717e-02	1.437754e-02	-3.100366e-03	-8.850351e-04	5.305134e-03	-6.190169e-03	5.747651e-03	8.738952e-03	-9.761885e-04	-1.510964e-02	-8.531007e-03	-6.578630e-03
150           	1.126352e-02	1.437726e-02	-3.113742e-03	-8.849871e-04	5.297871e-03	-6.182858e-03	5.740365e-03	8.745501e-03	-9.805468e-04	-1.512163e-02	-8.541361e-03	-6.580268e-03
151           	1.125017e-02	1.437683e-02	-3.126661e-03	-8.849422e-04	5.290773e-03	-6.175716e-03	5.733245e-03	8.751747e-03	-9.847327e-04	-1.513319e-02	-8.551329e-03	-6.581864e-03
152           	1.123713e-02	1.437625e-02	-3.139124e-03	-8.849004e-04	5.283837e-03	-6.168737e-03	5.726287e-03	8.757687e-03	-9.887404e-04	-1.514431e-02	-8.560896e-03	-6.583415e-03
153           	1.122438e-02	1.437551e-02	-3.151132e-03	-8.848615e-04	5.277059e-03	-6.161920e-03	5.719489e-03	8.763321e-03	-9.925658e-04	-1.515497e-02	-8.570049e-03	-6.584917e-03
154           	1.121192e-02	1.437461e-02	-3.162689e-03	-8.848252e-04	5.270435e-03	-6.155260e-03	5.712848e-03	8.768649e-03	-9.962062e-04	-1.516515e-02	-8.578782e-03	-6.586369e-03
155           	1.119974e-02	1.437355e-02	-3.173802e-03	-8.847916e-04	5.263963e-03	-6.148755e-03	5.706359e-03	8.773675e-03	-9.996602e-04	-1.517486e-02	-8.587088e-03	-6.587768e-03
156           	1.118785e-02	1.437232e-02	-3.184477e-03	-8.847604e-04	5.257640e-03	-6.142400e-03	5.700020e-03	8.778401e-03	-1.002927e-03	-1.518408e-02	-8.594966e-03	-6.589112e-03
157           	1.117622e-02	1.437092e-02	-3.194706e-03	-8.847319e-04	5.251459e-03	-6.136190e-03	5.693824e-03	8.782814e-03	-1.005995e-03	-1.519278e-02	-8.602387e-03	-6.590397e-03
158           	1.116485e-02	1.436937e-02	-3.204518e-03	-8.847055e-04	5.245421e-03	-6.130127e-03	5.687774e-03	8.786945e-03	-1.008884e-03	-1.520102e-02	-8.609394e-03	-6.591626e-03
159           	1.115376e-02	1.436768e-02	-3.213923e-03	-8.846809e-04	5.239525e-03	-6.124206e-03	5.681865e-03	8.790801e-03	-1.011597e-03	-1.520879e-02	-8.615991e-03	-6.592798e-03
160           	1.114291e-02	1.436584e-02	-3.222931e-03	-8.846582e-04	5.233766e-03	-6.118424e-03	5.676095e-03	8.794388e-03	-1.014137e-03	-1.521610e-02	-8.622185e-03	-6.593911e-03
161           	1.113232e-02	1.436387e-02	-3.231549e-03	-8.846372e-04	5.228142e-03	-6.112779e-03	5.670460e-03	8.797711e-03	-1.016507e-03	-1.522294e-02	-8.627979e-03	-6.594965e-03
162           	1.112198e-02	1.436177e-02	-3.239789e-03	-8.846180e-04	5.222649e-03	-6.107267e-03	5.664958e-03	8.800778e-03	-1.018709e-03	-1.522934e-02	-8.633379e-03	-6.595961e-03
163           	1.111187e-02	1.435953e-02	-3.247658e-03	-8.846005e-04	5.217285e-03	-6.101885e-03	5.659585e-03	8.803594e-03	-1.020747e-03	-1.523529e-02	-8.638393e-03	-6.596899e-03
164           	1.110200e-02	1.435717e-02	-3.255167e-03	-8.845848e-04	5.212046e-03	-6.096630e-03	5.654338e-03	8.806168e-03	-1.022625e-03	-1.524081e-02	-8.643028e-03	-6.597778e-03
165           	1.109236e-02	1.435469e-02	-3.262328e-03	-8.845707e-04	5.206929e-03	-6.091500e-03	5.649215e-03	8.808507e-03	-1.024347e-03	-1.524590e-02	-8.647295e-03	-6.598601e-03
166           	1.108294e-02	1.435209e-02	-3.269151e-03	-8.845583e-04	5.201932e-03	-6.086491e-03	5.644212e-03	8.810620e-03	-1.025919e-03	-1.525057e-02	-8.651205e-03	-6.599366e-03
167           	1.107374e-02	1.434939e-02	-3.275647e-03	-8.845474e-04	5.197053e-03	-6.081601e-03	5.639327e-03	8.812516e-03	-1.027348e-03	-1.525485e-02	-8.654772e-03	-6.600076e-03
168           	1.106475e-02	1.434658e-02	-3.281830e-03	-8.845379e-04	5.192289e-03	-6.076827e-03	5.634558e-03	8.814205e-03	-1.028638e-03	-1.525874e-02	-8.658008e-03	-6.600731e-03
169           	1.105597e-02	1.434368e-02	-3.287709e-03	-8.845298e-04	5.187637e-03	-6.072167e-03	5.629902e-03	8.815697e-03	-1.029797e-03	-1.526226e-02	-8.660928e-03	-6.601333e-03
170           	1.104740e-02	1.434070e-02	-3.293298e-03	-8.845229e-04	5.183095e-03	-6.067618e-03	5.625357e-03	8.817000e-03	-1.030831e-03	-1.526543e-02	-8.663546e-03	-6.601883e-03
171           	1.103904e-02	1.433765e-02	-3.298611e-03	-8.845172e-04	5.178663e-03	-6.063180e-03	5.620922e-03	8.818129e-03	-1.031752e-03	-1.526827e-02	-8.665886e-03	-6.602382e-03
172           	1.103086e-02	1.433452e-02	-3.303653e-03	-8.845126e-04	5.174336e-03	-6.058848e-03	5.616592e-03	8.819086e-03	-1.032557e-03	-1.527078e-02	-8.667946e-03	-6.602832e-03
173           	1.102289e-02	1.433132e-02	-3.308437e-03	-8.845090e-04	5.170112e-03	-6.054621e-03	5.612366e-03	8.819880e-03	-1.033253e-03	-1.527298e-02	-8.669741e-03	-6.603235e-03
174           	1.101509e-02	1.432805e-02	-3.312964e-03	-8.845074e-04	5.165985e-03	-6.050492e-03	5.608238e-03	8.820508e-03	-1.033836e-03	-1.527485e-02	-8.671263e-03	-6.603591e-03
175           	1.100748e-02	1.432473e-02	-3.317257e-03	-8.845063e-04	5.161958e-03	-6.046464e-03	5.604211e-03	8.820995e-03	-1.034326e-03	-1.527646e-02	-8.672555e-03	-6.603902e-03
176           	1.100005e-02	1.432137e-02	-3.321325e-03	-8.845056e-04	5.158030e-03	-6.042536e-03	5.600283e-03	8.821350e-03	-1.034728e-03	-1.527780e-02	-8.673628e-03	-6.604171e-03
177           	1.099280e-02	1.431798e-02	-3.325179e-03	-8.845054e-04	5.154198e-03	-6.038704e-03	5.596451e-03	8.821581e-03	-1.035048e-03	-1.527890e-02	-8.674496e-03	-6.604400e-03
178           	1.098573e-02	1.431456e-02	-3.328828e-03	-8.845057e-04	5.150461e-03	-6.034967e-03	5.592714e-03	8.821694e-03	-1.035290e-03	-1.527976e-02	-8.675168e-03	-6.604589e-03
179           	1.097883e-02	1.431111e-02	-3.332280e-03	-8.845066e-04	5.146815e-03	-6.031322e-03	5.589068e-03	8.821696e-03	-1.035457e-03	-1.528040e-02	-8.675655e-03	-6.604740e-03
180           	1.097210e-02	1.430764e-02	-3.335544e-03	-8.845083e-04	5.143258e-03	-6.027766e-03	5.585512e-03	8.821592e-03	-1.035554e-03	-1.528082e-02	-8.675964e-03	-6.604856e-03
181           	1.096553e-02	1.430415e-02	-3.338627e-03	-8.845106e-04	5.139788e-03	-6.024298e-03	5.582043e-03	8.821389e-03	-1.035584e-03	-1.528104e-02	-8.676105e-03	-6.604938e-03
182           	1.095911e-02	1.430065e-02	-3.341537e-03	-8.845138e-04	5.136402e-03	-6.020916e-03	5.578659e-03	8.821093e-03	-1.035550e-03	-1.528108e-02	-8.676088e-03	-6.604988e-03
183           	1.095285e-02	1.429714e-02	-3.344284e-03	-8.845176e-04	5.133099e-03	-6.017617e-03	5.575358e-03	8.820710e-03	-1.035457e-03	-1.528093e-02	-8.675921e-03	-6.605007e-03
184           	1.094674e-02	1.429362e-02	-3.346874e-03	-8.845221e-04	5.129877e-03	-6.014399e-03	5.572138e-03	8.820246e-03	-1.035310e-03	-1.528061e-02	-8.675617e-03	-6.604997e-03
185           	1.094078e-02	1.429010e-02	-3.349317e-03	-8.845273e-04	5.126735e-03	-6.011262e-03	5.568998e-03	8.819709e-03	-1.035114e-03	-1.528015e-02	-8.675187e-03	-6.604960e-03
186           	1.093497e-02	1.428659e-02	-3.351620e-03	-8.845329e-04	5.123669e-03	-6.008202e-03	5.565936e-03	8.819105e-03	-1.034872e-03	-1.527954e-02	-8.674641e-03	-6.604896e-03
187           	1.092930e-02	1.428309e-02	-3.353790e-03	-8.845390e-04	5.120680e-03	-6.005219e-03	5.562950e-03	8.818439e-03	-1.034591e-03	-1.527880e-02	-8.673990e-03	-6.604808e-03
188           	1.092377e-02	1.427960e-02	-3.355836e-03	-8.845454e-04	5.117766e-03	-6.002311e-03	5.560038e-03	8.817719e-03	-1.034274e-03	-1.527794e-02	-8.673244e-03	-6.604697e-03
189           	1.091837e-02	1.427613e-02	-3.357764e-03	-8.845521e-04	5.114924e-03	-5.999476e-03	5.557200e-03	8.816949e-03	-1.033924e-03	-1.527698e-02	-8.672413e-03	-6.604565e-03
190           	1.091311e-02	1.427269e-02	-3.359580e-03	-8.845591e-04	5.112153e-03	-5.996713e-03	5.554433e-03	8.816134e-03	-1.033546e-03	-1.527592e-02	-8.671504e-03	-6.604413e-03
191           	1.090798e-02	1.426927e-02	-3.361290e-03	-8.845663e-04	5.109453e-03	-5.994019e-03	5.551736e-03	8.815279e-03	-1.033141e-03	-1.527477e-02	-8.670525e-03	-6.604242e-03
192           	1.090297e-02	1.426587e-02	-3.362900e-03	-8.845738e-04	5.106820e-03	-5.991394e-03	5.549107e-03	8.814388e-03	-1.032714e-03	-1.527354e-02	-8.669482e-03	-6.604054e-03
193           	1.089810e-02	1.426251e-02	-3.364416e-03	-8.845814e-04	5.104254e-03	-5.988836e-03	5.546545e-03	8.813465e-03	-1.032265e-03	-1.527223e-02	-8.668382e-03	-6.603851e-03
194           	1.089334e-02	1.425918e-02	-3.365842e-03	-8.845892e-04	5.101754e-03	-5.986343e-03	5.544048e-03	8.812513e-03	-1.031799e-03	-1.527086e-02	-8.667231e-03	-6.603633e-03
195           	1.088871e-02	1.425589e-02	-3.367184e-03	-8.845972e-04	5.099316e-03	-5.983914e-03	5.541615e-03	8.811538e-03	-1.031316e-03	-1.526944e-02	-8.666035e-03	-6.603402e-03
196           	1.088419e-02	1.425263e-02	-3.368447e-03	-8.846053e-04	5.096941e-03	-5.981547e-03	5.539244e-03	8.810541e-03	-1.030819e-03	-1.526796e-02	-8.664798e-03	-6.603159e-03
197           	1.087978e-02	1.424942e-02	-3.369634e-03	-8.846136e-04	5.094627e-03	-5.979241e-03	5.536934e-03	8.809525e-03	-1.030310e-03	-1.526643e-02	-8.663526e-03	-6.602905e-03
198           	1.087549e-02	1.424624e-02	-3.370750e-03	-8.846220e-04	5.092372e-03	-5.976994e-03	5.534683e-03	8.808495e-03	-1.029791e-03	-1.526487e-02	-8.662224e-03	-6.602641e-03
199           	1.087131e-02	1.424311e-02	-3.371800e-03	-8.846305e-04	5.090174e-03	-5.974805e-03	5.532490e-03	8.807453e-03	-1.029264e-03	-1.526327e-02	-8.660897e-03	-6.602369e-03
200           	1.086723e-02	1.424002e-02	-3.372788e-03	-8.846390e-04	5.088034e-03	-5.972673e-03	5.530353e-03	8.806403e-03	-1.028731e-03	-1.526164e-02	-8.659550e-03	-6.602088e-03
201           	1.086326e-02	1.423697e-02	-3.373717e-03	-8.846477e-04	5.085948e-03	-5.970596e-03	5.528272e-03	8.805345e-03	-1.028193e-03	-1.525999e-02	-8.658187e-03	-6.601801e-03
202           	1.085939e-02	1.423398e-02	-3.374592e-03	-8.846564e-04	5.083917e-03	-5.968573e-03	5.526245e-03	8.804284e-03	-1.027652e-03	-1.525832e-02	-8.656812e-03	-6.601508e-03
203           	1.085561e-02	1.423103e-02	-3.375415e-03	-8.846651e-04	5.081938e-03	-5.966603e-03	5.524270e-03	8.803222e-03	-1.027110e-03	-1.525664e-02	-8.655429e-03	-6.601210e-03
204           	1.085194e-02	1.422813e-02	-3.376190e-03	-8.846739e-04	5.080010e-03	-5.964684e-03	5.522347e-03	8.802160e-03	-1.026567e-03	-1.525495e-02	-8.654042e-03	-6.600907e-03
205           	1.085037e-02	1.422667e-02	-3.376301e-03	-8.845955e-04	5.079186e-03	-5.963782e-03	5.521484e-03	8.801485e-03	-1.026164e-03	-1.525380e-02	-8.653062e-03	-6.600734e-03
206           	1.084895e-02	1.422556e-02	-3.376614e-03	-8.844635e-04	5.078446e-03	-5.962910e-03	5.520678e-03	8.801088e-03	-1.025872e-03	-1.525304e-02	-8.652393e-03	-6.600649e-03
207           	1.084757e-02	1.422462e-02	-3.377056e-03	-8.843131e-04	5.077731e-03	-5.962044e-03	5.519887e-03	8.800840e-03	-1.025650e-03	-1.525252e-02	-8.651910e-03	-6.600609e-03
208           	1.084613e-02	1.422369e-02	-3.377555e-03	-8.841744e-04	5.076989e-03	-5.961163e-03	5.519076e-03	8.800622e-03	-1.025456e-03	-1.525206e-02	-8.651485e-03	-6.600574e-03
209           	1.084458e-02	1.422263e-02	-3.378049e-03	-8.840685e-04	5.076183e-03	-5.960252e-03	5.518218e-03	8.800339e-03	-1.025250e-03	-1.525152e-02	-8.651011e-03	-6.600511e-03
210           	1.084288e-02	1.422138e-02	-3.378498e-03	-8.840058e-04	5.075299e-03	-5.959304e-03	5.517302e-03	8.799937e-03	-1.025011e-03	-1.525083e-02	-8.650426e-03	-6.600403e-03
211           	1.084105e-02	1.421994e-02	-3.378893e-03	-8.839839e-04	5.074345e-03	-5.958329e-03	5.516337e-03	8.799416e-03	-1.024736e-03	-1.524997e-02	-8.649722e-03	-6.600251e-03
212           	1.083912e-02	1.421834e-02	-3.379223e-03	-8.839953e-04	5.073341e-03	-5.957336e-03	5.515339e-03	8.798784e-03	-1.024422e-03	-1.524896e-02	-8.648901e-03	-6.600058e-03
213           	1.083715e-02	1.421664e-02	-3.379491e-03	-8.840291e-04	5.072311e-03	-5.956340e-03	5.514325e-03	8.798065e-03	-1.024074e-03	-1.524782e-02	-8.647983e-03	-6.599836e-03
214           	1.083519e-02	1.421489e-02	-3.379705e-03	-8.840717e-04	5.071284e-03	-5.955356e-03	5.513320e-03	8.797297e-03	-1.023708e-03	-1.524660e-02	-8.647010e-03	-6.599595e-03
215           	1.083327e-02	1.421314e-02	-3.379872e-03	-8.841136e-04	5.070281e-03	-5.954394e-03	5.512338e-03	8.796507e-03	-1.023331e-03	-1.524536e-02	-8.646009e-03	-6.599346e-03
216           	1.083143e-02	1.421144e-02	-3.380010e-03	-8.841465e-04	5.069319e-03	-5.953466e-03	5.511392e-03	8.795727e-03	-1.022958e-03	-1.524412e-02	-8.645018e-03	-6.599103e-03
217           	1.082970e-02	1.420983e-02	-3.380135e-03	-8.841655e-04	5.068408e-03	-5.952573e-03	5.510491e-03	8.794983e-03	-1.022598e-03	-1.524294e-02	-8.644067e-03	-6.598872e-03
218           	1.082806e-02	1.420832e-02	-3.380260e-03	-8.841697e-04	5.067548e-03	-5.951717e-03	5.509633e-03	8.794288e-03	-1.022258e-03	-1.524183e-02	-8.643173e-03	-6.598658e-03
219           	1.082650e-02	1.420690e-02	-3.380397e-03	-8.841605e-04	5.066733e-03	-5.950894e-03	5.508814e-03	8.793648e-03	-1.021942e-03	-1.524080e-02	-8.642344e-03	-6.598461e-03
220           	1.082501e-02	1.420555e-02	-3.380544e-03	-8.841433e-04	5.065951e-03	-5.950094e-03	5.508023e-03	8.793049e-03	-1.021643e-03	-1.523984e-02	-8.641563e-03	-6.598278e-03
221           	1.082356e-02	1.420428e-02	-3.380716e-03	-8.841205e-04	5.065193e-03	-5.949313e-03	5.507253e-03	8.792498e-03	-1.021366e-03	-1.523895e-02	-8.640840e-03	-6.598107e-03
222           	1.082215e-02	1.420307e-02	-3.380920e-03	-8.840950e-04	5.064452e-03	-5.948547e-03	5.506499e-03	8.791995e-03	-1.021116e-03	-1.523812e-02	-8.640178e-03	-6.597945e-03
223           	1.082073e-02	1.420187e-02	-3.381137e-03	-8.840739e-04	5.063708e-03	-5.947782e-03	5.505745e-03	8.791502e-03	-1.020870e-03	-1.523732e-02	-8.639528e-03	-6.597788e-03
224           	1.081930e-02	1.420067e-02	-3.381369e-03	-8.840577e-04	5.062962e-03	-5.947020e-03	5.504991e-03	8.791021e-03	-1.020631e-03	-1.523653e-02	-8.638894e-03	-6.597632e-03
225           	1.081787e-02	1.419948e-02	-3.381607e-03	-8.840473e-04	5.062212e-03	-5.946260e-03	5.504236e-03	8.790542e-03	-1.020395e-03	-1.523574e-02	-8.638264e-03	-6.597473e-03
226           	1.081643e-02	1.419827e-02	-3.381844e-03	-8.840424e-04	5.061459e-03	-5.945501e-03	5.503480e-03	8.790059e-03	-1.020159e-03	-1.523494e-02	-8.637629e-03	-6.597311e-03
227           	1.081499e-02	1.419706e-02	-3.382074e-03	-8.840420e-04	5.060705e-03	-5.944747e-03	5.502726e-03	8.789569e-03	-1.019920e-03	-1.523413e-02	-8.636986e-03	-6.597145e-03
228           	1.081356e-02	1.419585e-02	-3.382292e-03	-8.840445e-04	5.059956e-03	-5.944000e-03	5.501978e-03	8.789072e-03	-1.019679e-03	-1.523331e-02	-8.636335e-03	-6.596977e-03
229           	1.081215e-02	1.419466e-02	-3.382509e-03	-8.840472e-04	5.059217e-03	-5.943264e-03	5.501240e-03	8.788583e-03	-1.019445e-03	-1.523251e-02	-8.635697e-03	-6.596808e-03
230           	1.081076e-02	1.419347e-02	-3.382707e-03	-8.840503e-04	5.058489e-03	-5.942539e-03	5.500514e-03	8.788087e-03	-1.019206e-03	-1.523169e-02	-8.635051e-03	-6.596639e-03
231           	1.080940e-02	1.419229e-02	-3.382888e-03	-8.840530e-04	5.057775e-03	-5.941828e-03	5.499801e-03	8.787587e-03	-1.018966e-03	-1.523087e-02	-8.634401e-03	-6.596470e-03
232           	1.080806e-02	1.419112e-02	-3.383055e-03	-8.840546e-04	5.057076e-03	-5.941131e-03	5.499103e-03	8.787086e-03	-1.018725e-03	-1.523005e-02	-8.633753e-03	-6.596302e-03
233           	1.080676e-02	1.418997e-02	-3.383211e-03	-8.840549e-04	5.056392e-03	-5.940447e-03	5.498419e-03	8.786590e-03	-1.018486e-03	-1.522925e-02	-8.633110e-03	-6.596137e-03
234           	1.080548e-02	1.418884e-02	-3.383361e-03	-8.840540e-04	5.055723e-03	-5.939776e-03	5.497749e-03	8.786101e-03	-1.018251e-03	-1.522845e-02	-8.632478e-03	-6.595975e-03
235           	1.080423e-02	1.418774e-02	-3.383508e-03	-8.840521e-04	5.055066e-03	-5.939118e-03	5.497092e-03	8.785622e-03	-1.018022e-03	-1.522767e-02	-8.631859e-03	-6.595816e-03
236           	1.080300e-02	1.418665e-02	-3.383655e-03	-8.840497e-04	5.054422e-03	-5.938471e-03	5.496446e-03	8.785154e-03	-1.017798e-03	-1.522691e-02	-8.631254e-03	-6.595659e-03
237           	1.080179e-02	1.418559e-02	-3.383804e-03	-8.840473e-04	5.053787e-03	-5.937834e-03	5.495811e-03	8.784697e-03	-1.017580e-03	-1.522617e-02	-8.630664e-03	-6.595505e-03
238           	1.080059e-02	1.418455e-02	-3.383954e-03	-8.840453e-04	5.053161e-03	-5.937207e-03	5.495184e-03	8.784250e-03	-1.017367e-03	-1.522544e-02	-8.630086e-03	-6.595352e-03
239           	1.079941e-02	1.418352e-02	-3.384105e-03	-8.840440e-04	5.052544e-03	-5.936588e-03	5.494566e-03	8.783812e-03	-1.017158e-03	-1.522472e-02	-8.629518e-03	-6.595201e-03
240           	1.079824e-02	1.418250e-02	-3.384254e-03	-8.840442e-04	5.051930e-03	-5.935975e-03	5.493952e-03	8.783376e-03	-1.016949e-03	-1.522400e-02	-8.628951e-03	-6.595053e-03
241           	1.079709e-02	1.418149e-02	-3.384401e-03	-8.840449e-04	5.051326e-03	-5.935371e-03	5.493348e-03	8.782945e-03	-1.016743e-03	-1.522330e-02	-8.628391e-03	-6.594906e-03
242           	1.079595e-02	1.418050e-02	-3.384544e-03	-8.840460e-04	5.050730e-03	-5.934776e-03	5.492753e-03	8.782521e-03	-1.016540e-03	-1.522260e-02	-8.627838e-03	-6.594757e-03
243           	1.079483e-02	1.417952e-02	-3.384683e-03	-8.840475e-04	5.050144e-03	-5.934191e-03	5.492167e-03	8.782100e-03	-1.016341e-03	-1.522190e-02	-8.627290e-03	-6.594609e-03
244           	1.079373e-02	1.417855e-02	-3.384817e-03	-8.840493e-04	5.049566e-03	-5.933615e-03	5.491590e-03	8.781683e-03	-1.016143e-03	-1.522121e-02	-8.626747e-03	-6.594461e-03
245           	1.079265e-02	1.417759e-02	-3.384945e-03	-8.840512e-04	5.048997e-03	-5.933048e-03	5.491023e-03	8.781269e-03	-1.015947e-03	-1.522052e-02	-8.626208e-03	-6.594313e-03
246           	1.079158e-02	1.417665e-02	-3.385067e-03	-8.840534e-04	5.048438e-03	-5.932491e-03	5.490464e-03	8.780858e-03	-1.015753e-03	-1.521984e-02	-8.625672e-03	-6.594167e-03
247           	1.079053e-02	1.417572e-02	-3.385183e-03	-8.840558e-04	5.047887e-03	-5.931943e-03	5.489915e-03	8.780449e-03	-1.015559e-03	-1.521916e-02	-8.625139e-03	-6.594021e-03
248           	1.078950e-02	1.417479e-02	-3.385293e-03	-8.840584e-04	5.047344e-03	-5.931403e-03	5.489374e-03	8.780043e-03	-1.015366e-03	-1.521849e-02	-8.624610e-03	-6.593877e-03
249           	1.078848e-02	1.417388e-02	-3.385399e-03	-8.840613e-04	5.046810e-03	-5.930871e-03	5.488841e-03	8.779639e-03	-1.015175e-03	-1.521782e-02	-8.624085e-03	-6.593735e-03
250           	1.078748e-02	1.417298e-02	-3.385499e-03	-8.840644e-04	5.046284e-03	-5.930348e-03	5.488316e-03	8.779239e-03	-1.014984e-03	-1.521716e-02	-8.623563e-03	-6.593595e-03
251           	1.078649e-02	1.417209e-02	-3.385596e-03	-8.840678e-04	5.045766e-03	-5.929833e-03	5.487799e-03	8.778841e-03	-1.014795e-03	-1.521650e-02	-8.623046e-03	-6.593456e-03
252           	1.078552e-02	1.417120e-02	-3.385688e-03	-8.840714e-04	5.045255e-03	-5.929326e-03	5.487291e-03	8.778446e-03	-1.014607e-03	-1.521585e-02	-8.622533e-03	-6.593319e-03
253           	1.078456e-02	1.417033e-02	-3.385776e-03	-8.840753e-04	5.044752e-03	-5.928827e-03	5.486789e-03	8.778055e-03	-1.014420e-03	-1.521521e-02	-8.622023e-03	-6.593183e-03
254           	1.078361e-02	1.416947e-02	-3.385860e-03	-8.840795e-04	5.044256e-03	-5.928335e-03	5.486295e-03	8.777666e-03	-1.014235e-03	-1.521457e-02	-8.621518e-03	-6.593048e-03
255           	1.078268e-02	1.416862e-02	-3.385939e-03	-8.840838e-04	5.043767e-03	-5.927851e-03	5.485809e-03	8.777281e-03	-1.014051e-03	-1.521393e-02	-8.621016e-03	-6.592914e-03
256           	1.078177e-02	1.416778e-02	-3.386014e-03	-8.840884e-04	5.043286e-03	-5.927374e-03	5.485330e-03	8.776897e-03	-1.013869e-03	-1.521330e-02	-8.620518e-03	-6.592781e-03
257           	1.078086e-02	1.416695e-02	-3.386085e-03	-8.840932e-04	5.042812e-03	-5.926905e-03	5.484859e-03	8.776517e-03	-1.013688e-03	-1.521267e-02	-8.620024e-03	-6.592648e-03
258           	1.077998e-02	1.416613e-02	-3.386151e-03	-8.840981e-04	5.042346e-03	-5.926444e-03	5.484395e-03	8.776139e-03	-1.013508e-03	-1.521205e-02	-8.619532e-03	-6.592517e-03
259           	1.077910e-02	1.416531e-02	-3.386212e-03	-8.841032e-04	5.041886e-03	-5.925989e-03	5.483938e-03	8.775763e-03	-1.013329e-03	-1.521143e-02	-8.619044e-03	-6.592386e-03
260           	1.077824e-02	1.416451e-02	-3.386269e-03	-8.841084e-04	5.041434e-03	-5.925543e-03	5.483488e-03	8.775389e-03	-1.013152e-03	-1.521082e-02	-8.618560e-03	-6.592256e-03
261           	1.077739e-02	1.416372e-02	-3.386321e-03	-8.841138e-04	5.040989e-03	-5.925103e-03	5.483046e-03	8.775018e-03	-1.012976e-03	-1.521021e-02	-8.618079e-03	-6.592127e-03
262           	1.077656e-02	1.416293e-02	-3.386369e-03	-8.841192e-04	5.040551e-03	-5.924670e-03	5.482611e-03	8.774650e-03	-1.012802e-03	-1.520960e-02	-8.617602e-03	-6.591999e-03
263           	1.077574e-02	1.416216e-02	-3.386413e-03	-8.841248e-04	5.040120e-03	-5.924245e-03	5.482183e-03	8.774284e-03	-1.012629e-03	-1.520900e-02	-8.617129e-03	-6.591871e-03
264           	1.077494e-02	1.416139e-02	-3.386453e-03	-8.841305e-04	5.039696e-03	-5.923827e-03	5.481761e-03	8.773921e-03	-1.012457e-03	-1.520840e-02	-8.616660e-03	-6.591745e-03
265           	1.077414e-02	1.416063e-02	-3.386489e-03	-8.841362e-04	5.039279e-03	-5.923415e-03	5.481347e-03	8.773560e-03	-1.012287e-03	-1.520781e-02	-8.616195e-03	-6.591620e-03
266           	1.077336e-02	1.415988e-02	-3.386522e-03	-8.841421e-04	5.038868e-03	-5.923010e-03	5.480939e-03	8.773203e-03	-1.012119e-03	-1.520723e-02	-8.615734e-03	-6.591495e-03
267           	1.077259e-02	1.415914e-02	-3.386551e-03	-8.841481e-04	5.038464e-03	-5.922612e-03	5.480538e-03	8.772848e-03	-1.011952e-03	-1.520665e-02	-8.615276e-03	-6.591372e-03
268           	1.077184e-02	1.415841e-02	-3.386577e-03	-8.841541e-04	5.038066e-03	-5.922220e-03	5.480143e-03	8.772496e-03	-1.011787e-03	-1.520607e-02	-8.614823e-03	-6.591249e-03
269           	1.077109e-02	1.415769e-02	-3.386599e-03	-8.841603e-04	5.037675e-03	-5.921835e-03	5.479755e-03	8.772146e-03	-1.011623e-03	-1.520550e-02	-8.614373e-03	-6.591128e-03
270           	1.077036e-02	1.415698e-02	-3.386617e-03	-8.841665e-04	5.037290e-03	-5.921457e-03	5.479373e-03	8.771799e-03	-1.011460e-03	-1.520493e-02	-8.613926e-03	-6.591007e-03
271           	1.076964e-02	1.415628e-02	-3.386632e-03	-8.841728e-04	5.036911e-03	-5.921084e-03	5.478998e-03	8.771454e-03	-1.011298e-03	-1.520437e-02	-8.613483e-03	-6.590888e-03
272           	1.076894e-02	1.415558e-02	-3.386643e-03	-8.841792e-04	5.036538e-03	-5.920718e-03	5.478628e-03	8.771112e-03	-1.011137e-03	-1.520381e-02	-8.613042e-03	-6.590769e-03
273           	1.076824e-02	1.415489e-02	-3.386651e-03	-8.841857e-04	5.036172e-03	-5.920357e-03	5.478265e-03	8.770771e-03	-1.010977e-03	-1.520326e-02	-8.612604e-03	-6.590651e-03
274           	1.076756e-02	1.415421e-02	-3.386654e-03	-8.841922e-04	5.035811e-03	-5.920003e-03	5.477907e-03	8.770433e-03	-1.010818e-03	-1.520270e-02	-8.612169e-03	-6.590534e-03
275           	1.076688e-02	1.415354e-02	-3.386654e-03	-8.841988e-04	5.035456e-03	-5.919655e-03	5.477555e-03	8.770096e-03	-1.010659e-03	-1.520215e-02	-8.611736e-03	-6.590418e-03
276           	1.076622e-02	1.415287e-02	-3.386650e-03	-8.842055e-04	5.035107e-03	-5.919312e-03	5.477210e-03	8.769761e-03	-1.010502e-03	-1.520161e-02	-8.611306e-03	-6.590303e-03
277           	1.076557e-02	1.415221e-02	-3.386643e-03	-8.842122e-04	5.034764e-03	-5.918976e-03	5.476870e-03	8.769428e-03	-1.010345e-03	-1.520107e-02	-8.610878e-03	-6.590188e-03
278           	1.076493e-02	1.415156e-02	-3.386631e-03	-8.842189e-04	5.034426e-03	-5.918645e-03	5.476535e-03	8.769096e-03	-1.010189e-03	-1.520053e-02	-8.610452e-03	-6.590075e-03
279           	1.076430e-02	1.415092e-02	-3.386617e-03	-8.842257e-04	5.034094e-03	-5.918320e-03	5.476207e-03	8.768767e-03	-1.010033e-03	-1.519999e-02	-8.610029e-03	-6.589962e-03
280           	1.076368e-02	1.415028e-02	-3.386598e-03	-8.842325e-04	5.033767e-03	-5.918000e-03	5.475884e-03	8.768439e-03	-1.009879e-03	-1.519946e-02	-8.609608e-03	-6.589851e-03
281           	1.076307e-02	1.414966e-02	-3.386590e-03	-8.842387e-04	5.033446e-03	-5.917685e-03	5.475565e-03	8.768126e-03	-1.009731e-03	-1.519895e-02	-8.609208e-03	-6.589745e-03
282           	1.076247e-02	1.414904e-02	-3.386560e-03	-8.842457e-04	5.033130e-03	-5.917376e-03	5.475253e-03	8.767798e-03	-1.009576e-03	-1.519842e-02	-8.608785e-03	-6.589634e-03
283           	1.076189e-02	1.414843e-02	-3.386540e-03	-8.842522e-04	5.032820e-03	-5.917072e-03	5.474946e-03	8.767484e-03	-1.009427e-03	-1.519791e-02	-8.608383e-03	-6.589528e-03
284           	1.076131e-02	1.414782e-02	-3.386513e-03	-8.842588e-04	5.032514e-03	-5.916773e-03	5.474644e-03	8.767167e-03	-1.009277e-03	-1.519740e-02	-8.607977e-03	-6.589422e-03
285           	1.076074e-02	1.414721e-02	-3.386465e-03	-8.842662e-04	5.032214e-03	-5.916481e-03	5.474347e-03	8.766836e-03	-1.009120e-03	-1.519686e-02	-8.607550e-03	-6.589310e-03
286           	1.076018e-02	1.414661e-02	-3.386429e-03	-8.842730e-04	5.031919e-03	-5.916192e-03	5.474056e-03	8.766521e-03	-1.008971e-03	-1.519635e-02	-8.607145e-03	-6.589204e-03
287           	1.075963e-02	1.414602e-02	-3.386389e-03	-8.842798e-04	5.031629e-03	-5.915909e-03	5.473769e-03	8.766206e-03	-1.008821e-03	-1.519584e-02	-8.606741e-03	-6.589099e-03
288           	1.075910e-02	1.414544e-02	-3.386344e-03	-8.842867e-04	5.031345e-03	-5.915631e-03	5.473488e-03	8.765892e-03	-1.008671e-03	-1.519533e-02	-8.606336e-03	-6.588994e-03
289           	1.075857e-02	1.414486e-02	-3.386295e-03	-8.842936e-04	5.031065e-03	-5.915358e-03	5.473211e-03	8.765579e-03	-1.008522e-03	-1.519482e-02	-8.605933e-03	-6.588889e-03
290           	1.075805e-02	1.414429e-02	-3.386243e-03	-8.843005e-04	5.030790e-03	-5.915090e-03	5.472940e-03	8.765267e-03	-1.008374e-03	-1.519432e-02	-8.605532e-03	-6.588785e-03
291           	1.075754e-02	1.414373e-02	-3.386188e-03	-8.843074e-04	5.030519e-03	-5.914827e-03	5.472673e-03	8.764957e-03	-1.008226e-03	-1.519381e-02	-8.605133e-03	-6.588682e-03
292           	1.075704e-02	1.414317e-02	-3.386131e-03	-8.843143e-04	5.030254e-03	-5.914568e-03	5.472411e-03	8.764649e-03	-1.008079e-03	-1.519332e-02	-8.604737e-03	-6.588579e-03
293           	1.075654e-02	1.414262e-02	-3.386072e-03	-8.843211e-04	5.029993e-03	-5.914314e-03	5.472154e-03	8.764344e-03	-1.007933e-03	-1.519282e-02	-8.604344e-03	-6.588478e-03
294           	1.075606e-02	1.414207e-02	-3.386011e-03	-8.843279e-04	5.029737e-03	-5.914065e-03	5.471901e-03	8.764041e-03	-1.007789e-03	-1.519233e-02	-8.603955e-03	-6.588377e-03
295           	1.075559e-02	1.414153e-02	-3.385948e-03	-8.843346e-04	5.029485e-03	-5.913820e-03	5.471653e-03	8.763741e-03	-1.007646e-03	-1.519185e-02	-8.603569e-03	-6.588278e-03
296           	1.075512e-02	1.414100e-02	-3.385884e-03	-8.843413e-04	5.029238e-03	-5.913579e-03	5.471409e-03	8.763444e-03	-1.007504e-03	-1.519137e-02	-8.603187e-03	-6.588179e-03
297           	1.075466e-02	1.414048e-02	-3.385817e-03	-8.843480e-04	5.028995e-03	-5.913343e-03	5.471169e-03	8.763148e-03	-1.007363e-03	-1.519089e-02	-8.602807e-03	-6.588081e-03
298           	1.075421e-02	1.413996e-02	-3.385749e-03	-8.843546e-04	5.028757e-03	-5.913111e-03	5.470934e-03	8.762855e-03	-1.007223e-03	-1.519041e-02	-8.602430e-03	-6.587985e-03
299           	1.075377e-02	1.413945e-02	-3.385678e-03	-8.843613e-04	5.028522e-03	-5.912884e-03	5.470703e-03	8.762564e-03	-1.007084e-03	-1.518994e-02	-8.602056e-03	-6.587889e-03
300           	1.075334e-02	1.413894e-02	-3.385605e-03	-8.843678e-04	5.028292e-03	-5.912660e-03	5.470476e-03	8.762274e-03	-1.006945e-03	-1.518948e-02	-8.601684e-03	-6.587793e-03
301           	1.075291e-02	1.413844e-02	-3.385530e-03	-8.843744e-04	5.028066e-03	-5.912441e-03	5.470253e-03	8.761986e-03	-1.006808e-03	-1.518901e-02	-8.601314e-03	-6.587698e-03
302           	1.075250e-02	1.413795e-02	-3.385452e-03	-8.843809e-04	5.027844e-03	-5.912225e-03	5.470035e-03	8.761700e-03	-1.006671e-03	-1.518855e-02	-8.600947e-03	-6.587604e-03
303           	1.075209e-02	1.413746e-02	-3.385373e-03	-8.843874e-04	5.027626e-03	-5.912014e-03	5.469820e-03	8.761416e-03	-1.006535e-03	-1.518809e-02	-8.600582e-03	-6.587511e-03
304           	1.075168e-02	1.413698e-02	-3.385292e-03	-8.843939e-04	5.027412e-03	-5.911806e-03	5.469609e-03	8.761133e-03	-1.006400e-03	-1.518764e-02	-8.600219e-03	-6.587418e-03
305           	1.075129e-02	1.413650e-02	-3.385209e-03	-8.844003e-04	5.027202e-03	-5.911602e-03	5.469402e-03	8.760853e-03	-1.006267e-03	-1.518719e-02	-8.599860e-03	-6.587327e-03
306           	1.075090e-02	1.413603e-02	-3.385124e-03	-8.844067e-04	5.026996e-03	-5.911402e-03	5.469199e-03	8.760575e-03	-1.006134e-03	-1.518674e-02	-8.599503e-03	-6.587235e-03
307           	1.075052e-02	1.413556e-02	-3.385039e-03	-8.844130e-04	5.026793e-03	-5.911206e-03	5.469000e-03	8.760299e-03	-1.006003e-03	-1.518629e-02	-8.599150e-03	-6.587145e-03
308           	1.075015e-02	1.413510e-02	-3.384951e-03	-8.844193e-04	5.026595e-03	-5.911014e-03	5.468804e-03	8.760026e-03	-1.005872e-03	-1.518585e-02	-8.598799e-03	-6.587055e-03
309           	1.074978e-02	1.413465e-02	-3.384863e-03	-8.844255e-04	5.026400e-03	-5.910825e-03	5.468612e-03	8.759755e-03	-1.005743e-03	-1.518542e-02	-8.598452e-03	-6.586966e-03
310           	1.074942e-02	1.413420e-02	-3.384773e-03	-8.844317e-04	5.026208e-03	-5.910640e-03	5.468424e-03	8.759486e-03	-1.005615e-03	-1.518499e-02	-8.598107e-03	-6.586878e-03
311           	1.074907e-02	1.413376e-02	-3.384683e-03	-8.844378e-04	5.026020e-03	-5.910458e-03	5.468239e-03	8.759219e-03	-1.005488e-03	-1.518456e-02	-8.597766e-03	-6.586790e-03
312           	1.074873e-02	1.413332e-02	-3.384591e-03	-8.844439e-04	5.025836e-03	-5.910280e-03	5.468058e-03	8.758955e-03	-1.005362e-03	-1.518413e-02	-8.597428e-03	-6.586703e-03
313           	1.074839e-02	1.413289e-02	-3.384498e-03	-8.844499e-04	5.025655e-03	-5.910105e-03	5.467880e-03	8.758693e-03	-1.005238e-03	-1.518371e-02	-8.597092e-03	-6.586617e-03
314           	1.074806e-02	1.413246e-02	-3.384404e-03	-8.844558e-04	5.025478e-03	-5.909934e-03	5.467706e-03	8.758433e-03	-1.005114e-03	-1.518329e-02	-8.596760e-03	-6.586532e-03
315           	1.074773e-02	1.413204e-02	-3.384309e-03	-8.844617e-04	5.025304e-03	-5.909766e-03	5.467535e-03	8.758176e-03	-1.004991e-03	-1.518288e-02	-8.596430e-03	-6.586448e-03
316           	1.074741e-02	1.413163e-02	-3.384213e-03	-8.844676e-04	5.025133e-03	-5.909601e-03	5.467367e-03	8.757920e-03	-1.004869e-03	-1.518247e-02	-8.596103e-03	-6.586364e-03
317           	1.074710e-02	1.413122e-02	-3.384115e-03	-8.844734e-04	5.024966e-03	-5.909439e-03	5.467203e-03	8.757666e-03	-1.004748e-03	-1.518206e-02	-8.595778e-03	-6.586281e-03
318           	1.074680e-02	1.413081e-02	-3.384017e-03	-8.844792e-04	5.024802e-03	-5.909281e-03	5.467041e-03	8.757415e-03	-1.004628e-03	-1.518165e-02	-8.595455e-03	-6.586198e-03
319           	1.074650e-02	1.413041e-02	-3.383917e-03	-8.844849e-04	5.024641e-03	-5.909126e-03	5.466883e-03	8.757165e-03	-1.004509e-03	-1.518125e-02	-8.595135e-03	-6.586117e-03
320           	1.074620e-02	1.413002e-02	-3.383816e-03	-8.844905e-04	5.024483e-03	-5.908973e-03	5.466728e-03	8.756917e-03	-1.004391e-03	-1.518085e-02	-8.594818e-03	-6.586036e-03
321           	1.074591e-02	1.412963e-02	-3.383714e-03	-8.844961e-04	5.024328e-03	-5.908824e-03	5.466576e-03	8.756671e-03	-1.004273e-03	-1.518046e-02	-8.594502e-03	-6.585956e-03
322           	1.074563e-02	1.412924e-02	-3.383612e-03	-8.845017e-04	5.024176e-03	-5.908678e-03	5.466427e-03	8.756427e-03	-1.004156e-03	-1.518007e-02	-8.594189e-03	-6.585876e-03
323           	1.074535e-02	1.412886e-02	-3.383508e-03	-8.845072e-04	5.024027e-03	-5.908535e-03	5.466281e-03	8.756185e-03	-1.004040e-03	-1.517968e-02	-8.593878e-03	-6.585797e-03
324           	1.074508e-02	1.412849e-02	-3.383403e-03	-8.845126e-04	5.023882e-03	-5.908394e-03	5.466138e-03	8.755945e-03	-1.003925e-03	-1.517929e-02	-8.593569e-03	-6.585719e-03
325           	1.074482e-02	1.412812e-02	-3.383297e-03	-8.845179e-04	5.023739e-03	-5.908257e-03	5.465998e-03	8.755706e-03	-1.003811e-03	-1.517890e-02	-8.593263e-03	-6.585642e-03
326           	1.074456e-02	1.412775e-02	-3.383191e-03	-8.845232e-04	5.023599e-03	-5.908122e-03	5.465860e-03	8.755470e-03	-1.003697e-03	-1.517852e-02	-8.592959e-03	-6.585565e-03
327           	1.074430e-02	1.412739e-02	-3.383083e-03	-8.845285e-04	5.023461e-03	-5.907990e-03	5.465725e-03	8.755235e-03	-1.003584e-03	-1.517815e-02	-8.592657e-03	-6.585489e-03
328           	1.074405e-02	1.412703e-02	-3.382975e-03	-8.845337e-04	5.023327e-03	-5.907860e-03	5.465593e-03	8.755002e-03	-1.003472e-03	-1.517777e-02	-8.592357e-03	-6.585414e-03
329           	1.074381e-02	1.412668e-02	-3.382866e-03	-8.845388e-04	5.023195e-03	-5.907734e-03	5.465464e-03	8.754771e-03	-1.003360e-03	-1.517740e-02	-8.592059e-03	-6.585339e-03
330           	1.074357e-02	1.412633e-02	-3.382756e-03	-8.845438e-04	5.023066e-03	-5.907610e-03	5.465338e-03	8.754542e-03	-1.003249e-03	-1.517703e-02	-8.591763e-03	-6.585265e-03
331           	1.074334e-02	1.412598e-02	-3.382645e-03	-8.845488e-04	5.022939e-03	-5.907488e-03	5.465214e-03	8.754314e-03	-1.003139e-03	-1.517666e-02	-8.591469e-03	-6.585191e-03
332           	1.074311e-02	1.412564e-02	-3.382533e-03	-8.845538e-04	5.022815e-03	-5.907369e-03	5.465092e-03	8.754088e-03	-1.003029e-03	-1.517630e-02	-8.591177e-03	-6.585119e-03
333           	1.074289e-02	1.412531e-02	-3.382421e-03	-8.845587e-04	5.022694e-03	-5.907253e-03	5.464973e-03	8.753864e-03	-1.002920e-03	-1.517593e-02	-8.590887e-03	-6.585047e-03
334           	1.074267e-02	1.412497e-02	-3.382308e-03	-8.845635e-04	5.022575e-03	-5.907139e-03	5.464857e-03	8.753641e-03	-1.002812e-03	-1.517557e-02	-8.590598e-03	-6.584975e-03
335           	1.074245e-02	1.412465e-02	-3.382194e-03	-8.845682e-04	5.022459e-03	-5.907027e-03	5.464743e-03	8.753420e-03	-1.002704e-03	-1.517522e-02	-8.590312e-03	-6.584904e-03
336           	1.074224e-02	1.412432e-02	-3.382079e-03	-8.845729e-04	5.022345e-03	-5.906918e-03	5.464631e-03	8.753201e-03	-1.002597e-03	-1.517486e-02	-8.590028e-03	-6.584834e-03
337           	1.074204e-02	1.412400e-02	-3.381964e-03	-8.845775e-04	5.022233e-03	-5.906811e-03	5.464522e-03	8.752983e-03	-1.002490e-03	-1.517451e-02	-8.589745e-03	-6.584764e-03
338           	1.074184e-02	1.412369e-02	-3.381848e-03	-8.845821e-04	5.022124e-03	-5.906706e-03	5.464415e-03	8.752766e-03	-1.002384e-03	-1.517416e-02	-8.589464e-03	-6.584695e-03
339           	1.074164e-02	1.412337e-02	-3.381731e-03	-8.845866e-04	5.022017e-03	-5.906604e-03	5.464310e-03	8.752551e-03	-1.002279e-03	-1.517381e-02	-8.589185e-03	-6.584627e-03
340           	1.074145e-02	1.412306e-02	-3.381613e-03	-8.845911e-04	5.021912e-03	-5.906503e-03	5.464208e-03	8.752338e-03	-1.002174e-03	-1.517347e-02	-8.588907e-03	-6.584559e-03
341           	1.074126e-02	1.412277e-02	-3.381508e-03	-8.845948e-04	5.021810e-03	-5.906405e-03	5.464108e-03	8.752140e-03	-1.002077e-03	-1.517315e-02	-8.588651e-03	-6.584497e-03
342           	1.074108e-02	1.412246e-02	-3.381385e-03	-8.845993e-04	5.021710e-03	-5.906309e-03	5.464010e-03	8.751925e-03	-1.001971e-03	-1.517280e-02	-8.588370e-03	-6.584429e-03
343           	1.074090e-02	1.412218e-02	-3.381274e-03	-8.846032e-04	5.021612e-03	-5.906216e-03	5.463914e-03	8.751725e-03	-1.001872e-03	-1.517248e-02	-8.588110e-03	-6.584366e-03
344           	1.074073e-02	1.412189e-02	-3.381159e-03	-8.846072e-04	5.021516e-03	-5.906124e-03	5.463820e-03	8.751522e-03	-1.001772e-03	-1.517215e-02	-8.587846e-03	-6.584303e-03
345           	1.074056e-02	1.412159e-02	-3.381040e-03	-8.846113e-04	5.021423e-03	-5.906034e-03	5.463728e-03	8.751317e-03	-1.001670e-03	-1.517182e-02	-8.587579e-03	-6.584239e-03
346           	1.074039e-02	1.412129e-02	-3.380902e-03	-8.846161e-04	5.021330e-03	-5.905946e-03	5.463638e-03	8.751096e-03	-1.001559e-03	-1.517146e-02	-8.587288e-03	-6.584169e-03
347           	1.074022e-02	1.412100e-02	-3.380781e-03	-8.846201e-04	5.021241e-03	-5.905861e-03	5.463551e-03	8.750893e-03	-1.001458e-03	-1.517113e-02	-8.587022e-03	-6.584106e-03
348           	1.074006e-02	1.412072e-02	-3.380658e-03	-8.846241e-04	5.021153e-03	-5.905777e-03	5.463465e-03	8.750691e-03	-1.001357e-03	-1.517080e-02	-8.586757e-03	-6.584043e-03
349           	1.073991e-02	1.412044e-02	-3.380535e-03	-8.846280e-04	5.021067e-03	-5.905695e-03	5.463381e-03	8.750489e-03	-1.001257e-03	-1.517047e-02	-8.586494e-03	-6.583980e-03
350           	1.073974e-02	1.412015e-02	-3.380409e-03	-8.846357e-04	5.020974e-03	-5.905610e-03	5.463292e-03	8.750278e-03	-1.001142e-03	-1.517012e-02	-8.586204e-03	-6.583920e-03
351           	1.073958e-02	1.411986e-02	-3.380286e-03	-8.846419e-04	5.020886e-03	-5.905528e-03	5.463207e-03	8.750075e-03	-1.001033e-03	-1.516979e-02	-8.585928e-03	-6.583862e-03
352           	1.073943e-02	1.411959e-02	-3.380163e-03	-8.846468e-04	5.020803e-03	-5.905450e-03	5.463127e-03	8.749877e-03	-1.000930e-03	-1.516947e-02	-8.585663e-03	-6.583803e-03
353           	1.073929e-02	1.411933e-02	-3.380039e-03	-8.846503e-04	5.020726e-03	-5.905376e-03	5.463051e-03	8.749683e-03	-1.000832e-03	-1.516915e-02	-8.585408e-03	-6.583743e-03
354           	1.073916e-02	1.411907e-02	-3.379913e-03	-8.846529e-04	5.020652e-03	-5.905305e-03	5.462978e-03	8.749492e-03	-1.000739e-03	-1.516884e-02	-8.585160e-03	-6.583683e-03
355           	1.073903e-02	1.411882e-02	-3.379787e-03	-8.846547e-04	5.020582e-03	-5.905236e-03	5.462909e-03	8.749303e-03	-1.000648e-03	-1.516854e-02	-8.584919e-03	-6.583623e-03
356           	1.073889e-02	1.411855e-02	-3.379661e-03	-8.846599e-04	5.020505e-03	-5.905165e-03	5.462835e-03	8.749107e-03	-1.000544e-03	-1.516822e-02	-8.584654e-03	-6.583565e-03
357           	1.073876e-02	1.411830e-02	-3.379537e-03	-8.846637e-04	5.020433e-03	-5.905097e-03	5.462765e-03	8.748919e-03	-1.000447e-03	-1.516791e-02	-8.584403e-03	-6.583508e-03
358           	1.073862e-02	1.411804e-02	-3.379412e-03	-8.846702e-04	5.020356e-03	-5.905027e-03	5.462691e-03	8.748724e-03	-1.000340e-03	-1.516759e-02	-8.584134e-03	-6.583455e-03
359           	1.073850e-02	1.411779e-02	-3.379291e-03	-8.846746e-04	5.020286e-03	-5.904960e-03	5.462623e-03	8.748539e-03	-1.000242e-03	-1.516728e-02	-8.583884e-03	-6.583401e-03
360           	1.073838e-02	1.411755e-02	-3.379168e-03	-8.846773e-04	5.020221e-03	-5.904898e-03	5.462560e-03	8.748360e-03	-1.000151e-03	-1.516699e-02	-8.583648e-03	-6.583345e-03
361           	1.073828e-02	1.411732e-02	-3.379044e-03	-8.846786e-04	5.020161e-03	-5.904840e-03	5.462501e-03	8.748183e-03	-1.000066e-03	-1.516671e-02	-8.583421e-03	-6.583289e-03
362           	1.073816e-02	1.411708e-02	-3.378919e-03	-8.846826e-04	5.020096e-03	-5.904779e-03	5.462438e-03	8.748000e-03	-9.999697e-04	-1.516641e-02	-8.583174e-03	-6.583235e-03
363           	1.073804e-02	1.411683e-02	-3.378793e-03	-8.846887e-04	5.020028e-03	-5.904716e-03	5.462372e-03	8.747812e-03	-9.998641e-04	-1.516610e-02	-8.582912e-03	-6.583184e-03
364           	1.073793e-02	1.411660e-02	-3.378669e-03	-8.846923e-04	5.019966e-03	-5.904658e-03	5.462312e-03	8.747634e-03	-9.997700e-04	-1.516580e-02	-8.582672e-03	-6.583132e-03
365           	1.073783e-02	1.411638e-02	-3.378545e-03	-8.846940e-04	5.019911e-03	-5.904605e-03	5.462258e-03	8.747461e-03	-9.996849e-04	-1.516553e-02	-8.582448e-03	-6.583078e-03
366           	1.073773e-02	1.411615e-02	-3.378419e-03	-8.846979e-04	5.019852e-03	-5.904550e-03	5.462201e-03	8.747283e-03	-9.995901e-04	-1.516523e-02	-8.582207e-03	-6.583027e-03
367           	1.073764e-02	1.411593e-02	-3.378294e-03	-8.846997e-04	5.019799e-03	-5.904498e-03	5.462149e-03	8.747112e-03	-9.995047e-04	-1.516496e-02	-8.581983e-03	-6.582974e-03
368           	1.073754e-02	1.411570e-02	-3.378169e-03	-8.847035e-04	5.019742e-03	-5.904446e-03	5.462094e-03	8.746936e-03	-9.994104e-04	-1.516467e-02	-8.581744e-03	-6.582923e-03
369           	1.073745e-02	1.411549e-02	-3.378043e-03	-8.847053e-04	5.019692e-03	-5.904397e-03	5.462045e-03	8.746768e-03	-9.993261e-04	-1.516439e-02	-8.581523e-03	-6.582871e-03
370           	1.073735e-02	1.411527e-02	-3.377918e-03	-8.847090e-04	5.019638e-03	-5.904348e-03	5.461993e-03	8.746596e-03	-9.992332e-04	-1.516411e-02	-8.581288e-03	-6.582821e-03
371           	1.073726e-02	1.411505e-02	-3.377794e-03	-8.847141e-04	5.019583e-03	-5.904297e-03	5.461940e-03	8.746421e-03	-9.991338e-04	-1.516382e-02	-8.581042e-03	-6.582775e-03
372           	1.073717e-02	1.411484e-02	-3.377671e-03	-8.847165e-04	5.019534e-03	-5.904251e-03	5.461893e-03	8.746256e-03	-9.990481e-04	-1.516355e-02	-8.580821e-03	-6.582725e-03
373           	1.073710e-02	1.411465e-02	-3.377546e-03	-8.847169e-04	5.019493e-03	-5.904210e-03	5.461851e-03	8.746097e-03	-9.989725e-04	-1.516329e-02	-8.580618e-03	-6.582673e-03
374           	1.073702e-02	1.411444e-02	-3.377421e-03	-8.847192e-04	5.019448e-03	-5.904167e-03	5.461807e-03	8.745933e-03	-9.988879e-04	-1.516302e-02	-8.580399e-03	-6.582623e-03
375           	1.073694e-02	1.411424e-02	-3.377296e-03	-8.847229e-04	5.019400e-03	-5.904123e-03	5.461761e-03	8.745767e-03	-9.987962e-04	-1.516275e-02	-8.580169e-03	-6.582576e-03
376           	1.073685e-02	1.411403e-02	-3.377173e-03	-8.847276e-04	5.019350e-03	-5.904078e-03	5.461714e-03	8.745600e-03	-9.986995e-04	-1.516246e-02	-8.579931e-03	-6.582532e-03
377           	1.073678e-02	1.411383e-02	-3.377051e-03	-8.847296e-04	5.019309e-03	-5.904039e-03	5.461674e-03	8.745443e-03	-9.986181e-04	-1.516221e-02	-8.579721e-03	-6.582485e-03
378           	1.073673e-02	1.411365e-02	-3.376927e-03	-8.847296e-04	5.019274e-03	-5.904004e-03	5.461639e-03	8.745291e-03	-9.985477e-04	-1.516196e-02	-8.579529e-03	-6.582433e-03
379           	1.073666e-02	1.411347e-02	-3.376804e-03	-8.847312e-04	5.019236e-03	-5.903967e-03	5.461602e-03	8.745135e-03	-9.984686e-04	-1.516171e-02	-8.579322e-03	-6.582385e-03
380           	1.073659e-02	1.411327e-02	-3.376680e-03	-8.847341e-04	5.019196e-03	-5.903930e-03	5.461563e-03	8.744977e-03	-9.983825e-04	-1.516144e-02	-8.579105e-03	-6.582340e-03
381           	1.073652e-02	1.411308e-02	-3.376558e-03	-8.847380e-04	5.019154e-03	-5.903892e-03	5.461523e-03	8.744819e-03	-9.982913e-04	-1.516118e-02	-8.578880e-03	-6.582297e-03
382           	1.073645e-02	1.411288e-02	-3.376437e-03	-8.847426e-04	5.019111e-03	-5.903854e-03	5.461483e-03	8.744661e-03	-9.981969e-04	-1.516091e-02	-8.578651e-03	-6.582257e-03
383           	1.073639e-02	1.411271e-02	-3.376317e-03	-8.847442e-04	5.019077e-03	-5.903821e-03	5.461449e-03	8.744512e-03	-9.981194e-04	-1.516066e-02	-8.578451e-03	-6.582212e-03
384           	1.073633e-02	1.411253e-02	-3.376196e-03	-8.847467e-04	5.019042e-03	-5.903788e-03	5.461415e-03	8.744362e-03	-9.980372e-04	-1.516041e-02	-8.578243e-03	-6.582169e-03
385           	1.073629e-02	1.411236e-02	-3.376073e-03	-8.847467e-04	5.019014e-03	-5.903760e-03	5.461387e-03	8.744216e-03	-9.979686e-04	-1.516018e-02	-8.578058e-03	-6.582121e-03
386           	1.073624e-02	1.411219e-02	-3.375950e-03	-8.847480e-04	5.018983e-03	-5.903731e-03	5.461357e-03	8.744069e-03	-9.978931e-04	-1.515994e-02	-8.577862e-03	-6.582075e-03
387           	1.073619e-02	1.411201e-02	-3.375827e-03	-8.847501e-04	5.018952e-03	-5.903702e-03	5.461327e-03	8.743920e-03	-9.978120e-04	-1.515969e-02	-8.577657e-03	-6.582033e-03
388           	1.073613e-02	1.411184e-02	-3.375705e-03	-8.847531e-04	5.018919e-03	-5.903672e-03	5.461295e-03	8.743771e-03	-9.977269e-04	-1.515944e-02	-8.577446e-03	-6.581992e-03
389           	1.073607e-02	1.411166e-02	-3.375585e-03	-8.847564e-04	5.018886e-03	-5.903642e-03	5.461264e-03	8.743622e-03	-9.976391e-04	-1.515918e-02	-8.577232e-03	-6.581953e-03
390           	1.073602e-02	1.411148e-02	-3.375466e-03	-8.847600e-04	5.018853e-03	-5.903613e-03	5.461233e-03	8.743475e-03	-9.975503e-04	-1.515893e-02	-8.577017e-03	-6.581916e-03
391           	1.073598e-02	1.411133e-02	-3.375345e-03	-8.847607e-04	5.018828e-03	-5.903589e-03	5.461208e-03	8.743335e-03	-9.974797e-04	-1.515870e-02	-8.576832e-03	-6.581873e-03
392           	1.073594e-02	1.411116e-02	-3.375224e-03	-8.847620e-04	5.018803e-03	-5.903565e-03	5.461184e-03	8.743194e-03	-9.974051e-04	-1.515847e-02	-8.576641e-03	-6.581831e-03
393           	1.073590e-02	1.411100e-02	-3.375103e-03	-8.847638e-04	5.018777e-03	-5.903541e-03	5.461159e-03	8.743053e-03	-9.973274e-04	-1.515824e-02	-8.576446e-03	-6.581791e-03
394           	1.073586e-02	1.411084e-02	-3.374982e-03	-8.847660e-04	5.018751e-03	-5.903517e-03	5.461134e-03	8.742912e-03	-9.972474e-04	-1.515800e-02	-8.576247e-03	-6.581752e-03
395           	1.073582e-02	1.411068e-02	-3.374863e-03	-8.847684e-04	5.018725e-03	-5.903494e-03	5.461110e-03	8.742771e-03	-9.971662e-04	-1.515776e-02	-8.576047e-03	-6.581715e-03
396           	1.073578e-02	1.411052e-02	-3.374744e-03	-8.847708e-04	5.018700e-03	-5.903471e-03	5.461086e-03	8.742632e-03	-9.970846e-04	-1.515753e-02	-8.575847e-03	-6.581678e-03
397           	1.073575e-02	1.411037e-02	-3.374622e-03	-8.847705e-04	5.018683e-03	-5.903454e-03	5.461068e-03	8.742498e-03	-9.970211e-04	-1.515731e-02	-8.575676e-03	-6.581634e-03
398           	1.073573e-02	1.411023e-02	-3.374500e-03	-8.847709e-04	5.018665e-03	-5.903436e-03	5.461051e-03	8.742364e-03	-9.969536e-04	-1.515709e-02	-8.575499e-03	-6.581592e-03
399           	1.073570e-02	1.411008e-02	-3.374379e-03	-8.847718e-04	5.018646e-03	-5.903418e-03	5.461032e-03	8.742229e-03	-9.968826e-04	-1.515687e-02	-8.575317e-03	-6.581552e-03
400           	1.073567e-02	1.410993e-02	-3.374260e-03	-8.847731e-04	5.018627e-03	-5.903400e-03	5.461014e-03	8.742095e-03	-9.968087e-04	-1.515664e-02	-8.575131e-03	-6.581514e-03
401           	1.073564e-02	1.410978e-02	-3.374141e-03	-8.847748e-04	5.018608e-03	-5.903382e-03	5.460995e-03	8.741962e-03	-9.967328e-04	-1.515642e-02	-8.574943e-03	-6.581477e-03
402           	1.073561e-02	1.410964e-02	-3.374024e-03	-8.847768e-04	5.018588e-03	-5.903365e-03	5.460976e-03	8.741830e-03	-9.966557e-04	-1.515620e-02	-8.574753e-03	-6.581442e-03
403           	1.073558e-02	1.410949e-02	-3.373908e-03	-8.847789e-04	5.018569e-03	-5.903348e-03	5.460958e-03	8.741699e-03	-9.965782e-04	-1.515597e-02	-8.574564e-03	-6.581408e-03
404           	1.073555e-02	1.410935e-02	-3.373793e-03	-8.847810e-04	5.018550e-03	-5.903331e-03	5.460941e-03	8.741569e-03	-9.965009e-04	-1.515575e-02	-8.574376e-03	-6.581374e-03
405           	1.073553e-02	1.410920e-02	-3.373678e-03	-8.847830e-04	5.018532e-03	-5.903315e-03	5.460924e-03	8.741441e-03	-9.964244e-04	-1.515553e-02	-8.574190e-03	-6.581341e-03
406           	1.073550e-02	1.410906e-02	-3.373562e-03	-8.847848e-04	5.018515e-03	-5.903300e-03	5.460908e-03	8.741313e-03	-9.963491e-04	-1.515531e-02	-8.574006e-03	-6.581307e-03
407           	1.073548e-02	1.410893e-02	-3.373447e-03	-8.847865e-04	5.018500e-03	-5.903286e-03	5.460893e-03	8.741187e-03	-9.962752e-04	-1.515510e-02	-8.573824e-03	-6.581274e-03
408           	1.073546e-02	1.410879e-02	-3.373332e-03	-8.847880e-04	5.018485e-03	-5.903273e-03	5.460879e-03	8.741061e-03	-9.962030e-04	-1.515489e-02	-8.573646e-03	-6.581240e-03
409           	1.073544e-02	1.410866e-02	-3.373216e-03	-8.847893e-04	5.018472e-03	-5.903261e-03	5.460866e-03	8.740937e-03	-9.961326e-04	-1.515468e-02	-8.573471e-03	-6.581206e-03
410           	1.073542e-02	1.410853e-02	-3.373101e-03	-8.847903e-04	5.018459e-03	-5.903250e-03	5.460854e-03	8.740813e-03	-9.960638e-04	-1.515447e-02	-8.573299e-03	-6.581171e-03
411           	1.073541e-02	1.410840e-02	-3.372986e-03	-8.847912e-04	5.018448e-03	-5.903239e-03	5.460844e-03	8.740691e-03	-9.959966e-04	-1.515427e-02	-8.573130e-03	-6.581137e-03
412           	1.073540e-02	1.410827e-02	-3.372871e-03	-8.847919e-04	5.018438e-03	-5.903230e-03	5.460834e-03	8.740571e-03	-9.959309e-04	-1.515407e-02	-8.572964e-03	-6.581102e-03
413           	1.073539e-02	1.410815e-02	-3.372757e-03	-8.847925e-04	5.018428e-03	-5.903221e-03	5.460825e-03	8.740452e-03	-9.958664e-04	-1.515387e-02	-8.572800e-03	-6.581067e-03
414           	1.073538e-02	1.410802e-02	-3.372643e-03	-8.847930e-04	5.018420e-03	-5.903213e-03	5.460816e-03	8.740334e-03	-9.958030e-04	-1.515367e-02	-8.572639e-03	-6.581033e-03
415           	1.073537e-02	1.410790e-02	-3.372531e-03	-8.847935e-04	5.018412e-03	-5.903205e-03	5.460808e-03	8.740217e-03	-9.957403e-04	-1.515348e-02	-8.572479e-03	-6.580999e-03
416           	1.073537e-02	1.410779e-02	-3.372419e-03	-8.847940e-04	5.018404e-03	-5.903198e-03	5.460801e-03	8.740102e-03	-9.956783e-04	-1.515329e-02	-8.572321e-03	-6.580965e-03
417           	1.073536e-02	1.410767e-02	-3.372308e-03	-8.847944e-04	5.018397e-03	-5.903192e-03	5.460794e-03	8.739989e-03	-9.956167e-04	-1.515310e-02	-8.572164e-03	-6.580931e-03
418           	1.073536e-02	1.410755e-02	-3.372198e-03	-8.847949e-04	5.018391e-03	-5.903185e-03	5.460788e-03	8.739876e-03	-9.955554e-04	-1.515291e-02	-8.572009e-03	-6.580898e-03
419           	1.073535e-02	1.410746e-02	-3.372105e-03	-8.847951e-04	5.018385e-03	-5.903180e-03	5.460782e-03	8.739781e-03	-9.955039e-04	-1.515275e-02	-8.571877e-03	-6.580870e-03
420           	1.073535e-02	1.410734e-02	-3.371993e-03	-8.847957e-04	5.018379e-03	-5.903175e-03	5.460777e-03	8.739667e-03	-9.954407e-04	-1.515255e-02	-8.571718e-03	-6.580836e-03
421           	1.073535e-02	1.410724e-02	-3.371897e-03	-8.847960e-04	5.018374e-03	-5.903170e-03	5.460772e-03	8.739570e-03	-9.953873e-04	-1.515239e-02	-8.571582e-03	-6.580808e-03
422           	1.073534e-02	1.410712e-02	-3.371782e-03	-8.847968e-04	5.018368e-03	-5.903165e-03	5.460767e-03	8.739453e-03	-9.953218e-04	-1.515219e-02	-8.571418e-03	-6.580774e-03
423           	1.073534e-02	1.410701e-02	-3.371667e-03	-8.847976e-04	5.018363e-03	-5.903161e-03	5.460762e-03	8.739337e-03	-9.952565e-04	-1.515199e-02	-8.571254e-03	-6.580741e-03
424           	1.073534e-02	1.410691e-02	-3.371570e-03	-8.847980e-04	5.018359e-03	-5.903157e-03	5.460758e-03	8.739240e-03	-9.952019e-04	-1.515183e-02	-8.571116e-03	-6.580712e-03
425           	1.073534e-02	1.410681e-02	-3.371471e-03	-8.847985e-04	5.018355e-03	-5.903154e-03	5.460754e-03	8.739141e-03	-9.951462e-04	-1.515166e-02	-8.570976e-03	-6.580684e-03
426           	1.073534e-02	1.410669e-02	-3.371353e-03	-8.847994e-04	5.018351e-03	-5.903150e-03	5.460751e-03	8.739022e-03	-9.950788e-04	-1.515146e-02	-8.570808e-03	-6.580650e-03
427           	1.073534e-02	1.410659e-02	-3.371253e-03	-8.847999e-04	5.018348e-03	-5.903148e-03	5.460748e-03	8.738923e-03	-9.950228e-04	-1.515129e-02	-8.570668e-03	-6.580622e-03
428           	1.073534e-02	1.410649e-02	-3.371152e-03	-8.848004e-04	5.018345e-03	-5.903145e-03	5.460745e-03	8.738823e-03	-9.949663e-04	-1.515112e-02	-8.570526e-03	-6.580594e-03
429           	1.073534e-02	1.410638e-02	-3.371033e-03	-8.848014e-04	5.018342e-03	-5.903143e-03	5.460743e-03	8.738704e-03	-9.948987e-04	-1.515092e-02	-8.570358e-03	-6.580560e-03
430           	1.073535e-02	1.410628e-02	-3.370933e-03	-8.848018e-04	5.018340e-03	-5.903142e-03	5.460741e-03	8.738606e-03	-9.948432e-04	-1.515075e-02	-8.570219e-03	-6.580532e-03
431           	1.073535e-02	1.410618e-02	-3.370833e-03	-8.848023e-04	5.018338e-03	-5.903141e-03	5.460739e-03	8.738508e-03	-9.947877e-04	-1.515058e-02	-8.570080e-03	-6.580504e-03
432           	1.073535e-02	1.410609e-02	-3.370733e-03	-8.848027e-04	5.018337e-03	-5.903140e-03	5.460739e-03	8.738410e-03	-9.947322e-04	-1.515042e-02	-8.569941e-03	-6.580476e-03
433           	1.073536e-02	1.410599e-02	-3.370632e-03	-8.848031e-04	5.018336e-03	-5.903139e-03	5.460738e-03	8.738312e-03	-9.946768e-04	-1.515025e-02	-8.569802e-03	-6.580448e-03
434           	1.073537e-02	1.410590e-02	-3.370531e-03	-8.848035e-04	5.018336e-03	-5.903139e-03	5.460738e-03	8.738214e-03	-9.946214e-04	-1.515008e-02	-8.569663e-03	-6.580420e-03
435           	1.073537e-02	1.410580e-02	-3.370430e-03	-8.848039e-04	5.018336e-03	-5.903140e-03	5.460738e-03	8.738117e-03	-9.945661e-04	-1.514992e-02	-8.569525e-03	-6.580393e-03
436           	1.073538e-02	1.410571e-02	-3.370330e-03	-8.848043e-04	5.018336e-03	-5.903140e-03	5.460738e-03	8.738020e-03	-9.945111e-04	-1.514975e-02	-8.569387e-03	-6.580365e-03
437           	1.073539e-02	1.410562e-02	-3.370229e-03	-8.848046e-04	5.018337e-03	-5.903141e-03	5.460739e-03	8.737923e-03	-9.944564e-04	-1.514959e-02	-8.569250e-03	-6.580337e-03
438           	1.073540e-02	1.410553e-02	-3.370129e-03	-8.848049e-04	5.018337e-03	-5.903142e-03	5.460740e-03	8.737828e-03	-9.944022e-04	-1.514942e-02	-8.569114e-03	-6.580310e-03
439           	1.073541e-02	1.410544e-02	-3.370030e-03	-8.848052e-04	5.018339e-03	-5.903144e-03	5.460741e-03	8.737733e-03	-9.943485e-04	-1.514926e-02	-8.568980e-03	-6.580283e-03
440           	1.073542e-02	1.410535e-02	-3.369932e-03	-8.848055e-04	5.018340e-03	-5.903146e-03	5.460743e-03	8.737639e-03	-9.942954e-04	-1.514910e-02	-8.568847e-03	-6.580256e-03
441           	1.073543e-02	1.410526e-02	-3.369834e-03	-8.848058e-04	5.018342e-03	-5.903148e-03	5.460745e-03	8.737547e-03	-9.942430e-04	-1.514895e-02	-8.568716e-03	-6.580230e-03
442           	1.073544e-02	1.410517e-02	-3.369738e-03	-8.848060e-04	5.018344e-03	-5.903150e-03	5.460747e-03	8.737456e-03	-9.941912e-04	-1.514879e-02	-8.568586e-03	-6.580204e-03
443           	1.073545e-02	1.410509e-02	-3.369642e-03	-8.848062e-04	5.018347e-03	-5.903153e-03	5.460750e-03	8.737366e-03	-9.941402e-04	-1.514864e-02	-8.568459e-03	-6.580178e-03
444           	1.073546e-02	1.410501e-02	-3.369548e-03	-8.848064e-04	5.018349e-03	-5.903156e-03	5.460753e-03	8.737278e-03	-9.940900e-04	-1.514849e-02	-8.568333e-03	-6.580153e-03
445           	1.073547e-02	1.410493e-02	-3.369454e-03	-8.848066e-04	5.018352e-03	-5.903159e-03	5.460756e-03	8.737190e-03	-9.940404e-04	-1.514834e-02	-8.568209e-03	-6.580128e-03
446           	1.073548e-02	1.410485e-02	-3.369362e-03	-8.848067e-04	5.018356e-03	-5.903162e-03	5.460759e-03	8.737104e-03	-9.939916e-04	-1.514819e-02	-8.568086e-03	-6.580103e-03
447           	1.073550e-02	1.410477e-02	-3.369271e-03	-8.848068e-04	5.018359e-03	-5.903166e-03	5.460763e-03	8.737020e-03	-9.939434e-04	-1.514804e-02	-8.567966e-03	-6.580079e-03
448           	1.073551e-02	1.410469e-02	-3.369180e-03	-8.848069e-04	5.018363e-03	-5.903170e-03	5.460766e-03	8.736936e-03	-9.938960e-04	-1.514790e-02	-8.567847e-03	-6.580055e-03
449           	1.073553e-02	1.410462e-02	-3.369090e-03	-8.848070e-04	5.018367e-03	-5.903174e-03	5.460771e-03	8.736853e-03	-9.938491e-04	-1.514776e-02	-8.567729e-03	-6.580031e-03
450           	1.073554e-02	1.410454e-02	-3.369002e-03	-8.848071e-04	5.018371e-03	-5.903178e-03	5.460775e-03	8.736772e-03	-9.938028e-04	-1.514762e-02	-8.567613e-03	-6.580007e-03
451           	1.073556e-02	1.410447e-02	-3.368914e-03	-8.848071e-04	5.018376e-03	-5.903183e-03	5.460779e-03	8.736692e-03	-9.937571e-04	-1.514748e-02	-8.567498e-03	-6.579984e-03
452           	1.073557e-02	1.410440e-02	-3.368827e-03	-8.848072e-04	5.018380e-03	-5.903188e-03	5.460784e-03	8.736612e-03	-9.937120e-04	-1.514735e-02	-8.567385e-03	-6.579961e-03
453           	1.073559e-02	1.410433e-02	-3.368741e-03	-8.848072e-04	5.018385e-03	-5.903193e-03	5.460789e-03	8.736534e-03	-9.936674e-04	-1.514721e-02	-8.567273e-03	-6.579939e-03
454           	1.073560e-02	1.410426e-02	-3.368655e-03	-8.848072e-04	5.018390e-03	-5.903198e-03	5.460794e-03	8.736456e-03	-9.936233e-04	-1.514708e-02	-8.567163e-03	-6.579916e-03
455           	1.073562e-02	1.410419e-02	-3.368571e-03	-8.848072e-04	5.018396e-03	-5.903203e-03	5.460799e-03	8.736380e-03	-9.935798e-04	-1.514695e-02	-8.567054e-03	-6.579894e-03
456           	1.073564e-02	1.410412e-02	-3.368487e-03	-8.848072e-04	5.018401e-03	-5.903208e-03	5.460805e-03	8.736305e-03	-9.935367e-04	-1.514682e-02	-8.566946e-03	-6.579872e-03
457           	1.073565e-02	1.410406e-02	-3.368404e-03	-8.848072e-04	5.018407e-03	-5.903214e-03	5.460810e-03	8.736230e-03	-9.934942e-04	-1.514669e-02	-8.566839e-03	-6.579851e-03
458           	1.073567e-02	1.410399e-02	-3.368322e-03	-8.848071e-04	5.018413e-03	-5.903220e-03	5.460816e-03	8.736157e-03	-9.934522e-04	-1.514656e-02	-8.566734e-03	-6.579829e-03
459           	1.073569e-02	1.410393e-02	-3.368241e-03	-8.848071e-04	5.018419e-03	-5.903226e-03	5.460822e-03	8.736085e-03	-9.934108e-04	-1.514644e-02	-8.566630e-03	-6.579808e-03
460           	1.073571e-02	1.410387e-02	-3.368161e-03	-8.848070e-04	5.018425e-03	-5.903232e-03	5.460828e-03	8.736014e-03	-9.933700e-04	-1.514631e-02	-8.566527e-03	-6.579787e-03
461           	1.073572e-02	1.410381e-02	-3.368082e-03	-8.848070e-04	5.018431e-03	-5.903238e-03	5.460835e-03	8.735944e-03	-9.933297e-04	-1.514619e-02	-8.566426e-03	-6.579767e-03
462           	1.073574e-02	1.410375e-02	-3.368003e-03	-8.848069e-04	5.018438e-03	-5.903245e-03	5.460841e-03	8.735875e-03	-9.932900e-04	-1.514607e-02	-8.566327e-03	-6.579747e-03
463           	1.073576e-02	1.410369e-02	-3.367926e-03	-8.848068e-04	5.018444e-03	-5.903251e-03	5.460848e-03	8.735807e-03	-9.932509e-04	-1.514595e-02	-8.566228e-03	-6.579727e-03
464           	1.073578e-02	1.410363e-02	-3.367850e-03	-8.848067e-04	5.018451e-03	-5.903258e-03	5.460855e-03	8.735740e-03	-9.932123e-04	-1.514584e-02	-8.566132e-03	-6.579707e-03
465           	1.073580e-02	1.410357e-02	-3.367775e-03	-8.848066e-04	5.018458e-03	-5.903265e-03	5.460861e-03	8.735674e-03	-9.931744e-04	-1.514572e-02	-8.566036e-03	-6.579687e-03
466           	1.073582e-02	1.410352e-02	-3.367701e-03	-8.848064e-04	5.018465e-03	-5.903272e-03	5.460869e-03	8.735610e-03	-9.931372e-04	-1.514561e-02	-8.565943e-03	-6.579668e-03
467           	1.073584e-02	1.410347e-02	-3.367627e-03	-8.848063e-04	5.018473e-03	-5.903279e-03	5.460876e-03	8.735547e-03	-9.931005e-04	-1.514550e-02	-8.565850e-03	-6.579649e-03
468           	1.073586e-02	1.410343e-02	-3.367575e-03	-8.848059e-04	5.018480e-03	-5.903286e-03	5.460883e-03	8.735505e-03	-9.930768e-04	-1.514543e-02	-8.565790e-03	-6.579636e-03
469           	1.073588e-02	1.410338e-02	-3.367499e-03	-8.848058e-04	5.018488e-03	-5.903294e-03	5.460891e-03	8.735439e-03	-9.930384e-04	-1.514531e-02	-8.565693e-03	-6.579616e-03
470           	1.073590e-02	1.410332e-02	-3.367424e-03	-8.848057e-04	5.018495e-03	-5.903301e-03	5.460898e-03	8.735374e-03	-9.930005e-04	-1.514519e-02	-8.565598e-03	-6.579597e-03
