# Force and moment coefficients
# dragDir     : (1.000000e+00 0.000000e+00 0.000000e+00)
# sideDir     : (0.000000e+00 0.000000e+00 -1.000000e+00)
# liftDir     : (0.000000e+00 1.000000e+00 0.000000e+00)
# rollAxis    : (1.000000e+00 0.000000e+00 0.000000e+00)
# pitchAxis   : (0.000000e+00 0.000000e+00 -1.000000e+00)
# yawAxis     : (0.000000e+00 1.000000e+00 0.000000e+00)
# magUInf     : 9.000000e+00
# lRef        : 1.000000e-01
# Aref        : 1.200000e-02
# CofR        : (2.500000e-02 0.000000e+00 0.000000e+00)
#
# Time        	Cd            	Cd(f)         	Cd(r)         	Cl            	Cl(f)         	Cl(r)         	CmPitch       	CmRoll        	CmYaw         	Cs            	Cs(f)         	Cs(r)         
1e-06         	9.124150e+01	4.670478e+01	4.453673e+01	-1.330136e+00	1.276616e-01	-1.457798e+00	7.927296e-01	1.084023e+00	6.030625e+01	1.556780e+01	6.809015e+01	-5.252235e+01
2e-06         	-8.079251e+00	-6.804349e+00	-1.274902e+00	4.058665e+00	8.175162e-01	3.241149e+00	-1.211816e+00	-2.764723e+00	-5.427193e+00	-1.558130e+00	-6.206258e+00	4.648128e+00
3e-06         	-1.875855e+01	-1.069963e+01	-8.058916e+00	1.688491e+00	-3.464355e-01	2.034926e+00	-1.190681e+00	-1.320359e+00	-1.201992e+01	-3.412324e+00	-1.372608e+01	1.031376e+01
4e-06         	2.161805e-01	3.308146e+00	-3.091965e+00	-4.016936e+00	-4.565398e-01	-3.560396e+00	1.551928e+00	3.200056e+00	2.456402e-01	-6.072723e-02	2.152765e-01	-2.760038e-01
5e-06         	1.077456e+00	-3.985803e-01	1.476036e+00	1.162368e+00	3.987305e-01	7.636376e-01	-1.824535e-01	-9.373084e-01	8.088706e-01	1.121806e-01	8.649609e-01	-7.527803e-01
6e-06         	-2.799758e-01	8.681908e-02	-3.667949e-01	-3.985891e-01	-1.090721e-01	-2.895171e-01	9.022250e-02	2.268070e-01	-1.923907e-01	-9.061740e-02	-2.376994e-01	1.470820e-01
7e-06         	-2.770047e-01	8.757116e-02	-3.645758e-01	-3.747121e-01	-9.715347e-02	-2.775586e-01	9.020259e-02	2.260735e-01	-1.880686e-01	-8.590591e-02	-2.310216e-01	1.451157e-01
8e-06         	-2.075694e-01	-4.518547e-03	-2.030509e-01	-1.451558e-01	3.114957e-03	-1.482707e-01	7.569283e-02	9.926615e-02	-1.359169e-01	-7.525523e-02	-1.735445e-01	9.828927e-02
9e-06         	-1.668685e-01	-6.321957e-02	-1.036489e-01	-4.964665e-02	7.072073e-03	-5.671872e-02	3.189540e-02	2.021466e-02	-1.096095e-01	-6.866870e-02	-1.439438e-01	7.527512e-02
1e-05         	-1.359368e-01	-4.235468e-02	-9.358211e-02	-4.723381e-02	-1.971669e-03	-4.526214e-02	2.164524e-02	2.561371e-02	-8.955659e-02	-6.014551e-02	-1.196293e-01	5.948384e-02
1.1e-05       	-1.078186e-01	-2.086172e-02	-8.695683e-02	-5.868170e-02	-5.199496e-03	-5.348220e-02	2.414135e-02	3.304755e-02	-7.077660e-02	-5.359999e-02	-9.757660e-02	4.397661e-02
1.2e-05       	-8.501886e-02	-1.914539e-02	-6.587347e-02	-4.000756e-02	-3.095239e-03	-3.691232e-02	1.690854e-02	2.336404e-02	-5.571870e-02	-4.832729e-02	-7.988235e-02	3.155506e-02
1.3e-05       	-6.373191e-02	-1.011423e-02	-5.361768e-02	-4.080037e-02	-3.720592e-03	-3.707977e-02	1.667959e-02	2.175172e-02	-4.163143e-02	-4.367491e-02	-6.346888e-02	1.979397e-02
1.4e-05       	-4.702546e-02	-6.211690e-03	-4.081377e-02	-3.186040e-02	-3.058811e-03	-2.880159e-02	1.287139e-02	1.730104e-02	-3.059086e-02	-3.966417e-02	-5.042295e-02	1.075878e-02
1.5e-05       	-3.147489e-02	-2.234138e-04	-3.125147e-02	-2.957251e-02	-2.807506e-03	-2.676500e-02	1.197875e-02	1.551403e-02	-2.022072e-02	-3.607207e-02	-3.825676e-02	2.184688e-03
1.6e-05       	-1.830212e-02	4.404911e-03	-2.270703e-02	-2.568507e-02	-2.611860e-03	-2.307321e-02	1.023068e-02	1.355597e-02	-1.152805e-02	-3.295957e-02	-2.800783e-02	-4.951738e-03
1.7e-05       	-6.349642e-03	8.998468e-03	-1.534811e-02	-2.410220e-02	-2.638780e-03	-2.146342e-02	9.412320e-03	1.217329e-02	-3.575445e-03	-3.012503e-02	-1.863796e-02	-1.148707e-02
1.8e-05       	4.023639e-03	1.317356e-02	-9.149919e-03	-2.187915e-02	-2.444368e-03	-1.943478e-02	8.495206e-03	1.116174e-02	3.301275e-03	-2.764301e-02	-1.052023e-02	-1.712278e-02
1.9e-05       	1.342101e-02	1.656881e-02	-3.147797e-03	-2.005775e-02	-2.268433e-03	-1.778931e-02	7.760439e-03	9.858302e-03	9.524738e-03	-2.539306e-02	-3.171791e-03	-2.222127e-02
2e-05         	2.173697e-02	1.969969e-02	2.037279e-03	-1.823157e-02	-2.125837e-03	-1.610574e-02	6.989950e-03	8.831207e-03	1.504905e-02	-2.336835e-02	3.364881e-03	-2.673323e-02
2.1e-05       	2.925089e-02	2.276090e-02	6.489996e-03	-1.708306e-02	-1.995001e-03	-1.508806e-02	6.546531e-03	8.135450e-03	2.004421e-02	-2.153606e-02	9.276183e-03	-3.081224e-02
2.2e-05       	3.599415e-02	2.554839e-02	1.044577e-02	-1.595462e-02	-1.927647e-03	-1.402697e-02	6.049661e-03	7.551308e-03	2.452761e-02	-1.989069e-02	1.458227e-02	-3.447296e-02
2.3e-05       	4.211850e-02	2.804345e-02	1.407505e-02	-1.505070e-02	-1.845205e-03	-1.320549e-02	5.680144e-03	6.984200e-03	2.860465e-02	-1.838314e-02	1.941307e-02	-3.779622e-02
2.4e-05       	4.765745e-02	3.043675e-02	1.722070e-02	-1.425793e-02	-1.785499e-03	-1.247243e-02	5.343468e-03	6.608027e-03	3.229192e-02	-1.700613e-02	2.378885e-02	-4.079498e-02
2.5e-05       	5.270628e-02	3.255793e-02	2.014835e-02	-1.354675e-02	-1.704044e-03	-1.184271e-02	5.069333e-03	6.204787e-03	3.566276e-02	-1.574091e-02	2.779231e-02	-4.353322e-02
2.6e-05       	5.729358e-02	3.424467e-02	2.304892e-02	-1.254206e-02	-1.568198e-03	-1.097386e-02	4.702831e-03	5.597873e-03	3.871111e-02	-1.457786e-02	3.142218e-02	-4.600004e-02
2.7e-05       	6.149473e-02	3.591288e-02	2.558185e-02	-1.179792e-02	-1.486504e-03	-1.031141e-02	4.412454e-03	5.165512e-03	4.151685e-02	-1.350332e-02	3.476519e-02	-4.826851e-02
2.8e-05       	6.533235e-02	3.756422e-02	2.776813e-02	-1.117047e-02	-1.409518e-03	-9.760948e-03	4.175715e-03	4.898044e-03	4.407517e-02	-1.251566e-02	3.781734e-02	-5.033300e-02
2.9e-05       	6.885519e-02	3.902150e-02	2.983369e-02	-1.061398e-02	-1.355374e-03	-9.258611e-03	3.951619e-03	4.593908e-03	4.642107e-02	-1.159959e-02	4.062128e-02	-5.222087e-02
3e-05         	7.209132e-02	4.043934e-02	3.165198e-02	-1.017053e-02	-1.322315e-03	-8.848218e-03	3.762952e-03	4.393682e-03	4.857671e-02	-1.074181e-02	4.320580e-02	-5.394761e-02
3.1e-05       	7.505965e-02	4.163608e-02	3.342358e-02	-9.617378e-03	-1.223853e-03	-8.393525e-03	3.584836e-03	4.106250e-03	5.055655e-02	-9.939963e-03	4.558657e-02	-5.552653e-02
3.2e-05       	7.780036e-02	4.276294e-02	3.503742e-02	-9.124657e-03	-1.163980e-03	-7.960676e-03	3.398348e-03	3.862761e-03	5.237616e-02	-9.200361e-03	4.777598e-02	-5.697634e-02
3.3e-05       	8.032370e-02	4.382781e-02	3.649589e-02	-8.788322e-03	-1.136287e-03	-7.652034e-03	3.257874e-03	3.665958e-03	5.405384e-02	-8.507948e-03	4.979987e-02	-5.830782e-02
3.4e-05       	8.267241e-02	4.479162e-02	3.788079e-02	-8.373408e-03	-1.097252e-03	-7.276156e-03	3.089452e-03	3.455413e-03	5.560812e-02	-7.857230e-03	5.167950e-02	-5.953673e-02
3.5e-05       	8.482089e-02	4.563788e-02	3.918301e-02	-7.946961e-03	-1.037909e-03	-6.909052e-03	2.935572e-03	3.227436e-03	5.702975e-02	-7.251680e-03	5.340391e-02	-6.065559e-02
3.6e-05       	8.680742e-02	4.644587e-02	4.036156e-02	-7.574449e-03	-9.900200e-04	-6.584429e-03	2.797204e-03	3.042154e-03	5.834325e-02	-6.680060e-03	5.500322e-02	-6.168328e-02
3.7e-05       	8.864586e-02	4.719523e-02	4.145063e-02	-7.248723e-03	-9.558853e-04	-6.292838e-03	2.668476e-03	2.872298e-03	5.955724e-02	-6.144859e-03	5.648481e-02	-6.262967e-02
3.8e-05       	9.034571e-02	4.786479e-02	4.248092e-02	-6.917640e-03	-9.218238e-04	-5.995816e-03	2.536996e-03	2.691932e-03	6.067806e-02	-5.642725e-03	5.785669e-02	-6.349942e-02
3.9e-05       	9.191431e-02	4.848864e-02	4.342567e-02	-6.631470e-03	-9.107276e-04	-5.720742e-03	2.405007e-03	2.531483e-03	6.171101e-02	-5.170148e-03	5.912594e-02	-6.429609e-02
4e-05         	9.336421e-02	4.908215e-02	4.428206e-02	-6.395617e-03	-8.953829e-04	-5.500235e-03	2.302426e-03	2.400046e-03	6.266576e-02	-4.724405e-03	6.030356e-02	-6.502797e-02
4.1e-05       	9.470715e-02	4.959600e-02	4.511115e-02	-6.092753e-03	-8.627395e-04	-5.230013e-03	2.183637e-03	2.242427e-03	6.354999e-02	-4.305501e-03	6.139724e-02	-6.570274e-02
4.2e-05       	9.595622e-02	5.010487e-02	4.585135e-02	-5.872168e-03	-8.630559e-04	-5.009112e-03	2.073028e-03	2.126756e-03	6.437192e-02	-3.907355e-03	6.241824e-02	-6.632560e-02
4.3e-05       	9.710565e-02	5.053633e-02	4.656932e-02	-5.608449e-03	-8.417287e-04	-4.766721e-03	1.962496e-03	1.983501e-03	6.513011e-02	-3.528748e-03	6.336573e-02	-6.689448e-02
4.4e-05       	9.817061e-02	5.093803e-02	4.723258e-02	-5.370747e-03	-8.236841e-04	-4.547063e-03	1.861690e-03	1.852725e-03	6.583301e-02	-3.172948e-03	6.424653e-02	-6.741948e-02
4.5e-05       	9.914613e-02	5.130881e-02	4.783732e-02	-5.137519e-03	-8.076440e-04	-4.329875e-03	1.761115e-03	1.735746e-03	6.647498e-02	-2.840867e-03	6.505455e-02	-6.789542e-02
4.6e-05       	1.000562e-01	5.168591e-02	4.837031e-02	-4.986866e-03	-8.079764e-04	-4.178890e-03	1.685457e-03	1.657798e-03	6.707550e-02	-2.522425e-03	6.581428e-02	-6.833671e-02
4.7e-05       	1.008976e-01	5.197668e-02	4.892089e-02	-4.763616e-03	-7.941278e-04	-3.969489e-03	1.587680e-03	1.527898e-03	6.762907e-02	-2.223527e-03	6.651731e-02	-6.874084e-02
4.8e-05       	1.016775e-01	5.230408e-02	4.937345e-02	-4.605632e-03	-7.909139e-04	-3.814718e-03	1.511902e-03	1.465313e-03	6.814655e-02	-1.934071e-03	6.717952e-02	-6.911359e-02
4.9e-05       	1.023966e-01	5.256969e-02	4.982695e-02	-4.429129e-03	-7.886994e-04	-3.640429e-03	1.425865e-03	1.371371e-03	6.862400e-02	-1.659831e-03	6.779408e-02	-6.945391e-02
5e-05         	1.030567e-01	5.281410e-02	5.024265e-02	-4.265200e-03	-7.839993e-04	-3.481200e-03	1.348600e-03	1.285722e-03	6.906206e-02	-1.401260e-03	6.836143e-02	-6.976269e-02
5.1e-05       	1.036715e-01	5.302279e-02	5.064874e-02	-4.083438e-03	-7.751345e-04	-3.308303e-03	1.266584e-03	1.187021e-03	6.947023e-02	-1.155792e-03	6.889233e-02	-7.004812e-02
5.2e-05       	1.042344e-01	5.320384e-02	5.103051e-02	-3.900042e-03	-7.658035e-04	-3.134239e-03	1.184218e-03	1.086665e-03	6.984426e-02	-9.220183e-04	6.938325e-02	-7.030527e-02
5.3e-05       	1.047572e-01	5.340480e-02	5.135242e-02	-3.752540e-03	-7.572788e-04	-2.995261e-03	1.118991e-03	1.026190e-03	7.019342e-02	-6.988462e-04	6.984400e-02	-7.054284e-02
5.4e-05       	1.052352e-01	5.357807e-02	5.165714e-02	-3.633409e-03	-7.544280e-04	-2.878981e-03	1.062276e-03	9.604659e-04	7.051038e-02	-4.874355e-04	7.026666e-02	-7.075410e-02
5.5e-05       	1.056769e-01	5.372622e-02	5.195071e-02	-3.489848e-03	-7.474488e-04	-2.742399e-03	9.974750e-04	8.877551e-04	7.080343e-02	-2.864276e-04	7.066022e-02	-7.094665e-02
5.6e-05       	1.060831e-01	5.386147e-02	5.222167e-02	-3.344700e-03	-7.359671e-04	-2.608733e-03	9.363829e-04	8.199002e-04	7.107399e-02	-9.195973e-05	7.102801e-02	-7.111997e-02
5.7e-05       	1.064537e-01	5.397794e-02	5.247575e-02	-3.201126e-03	-7.215113e-04	-2.479615e-03	8.790518e-04	7.510939e-04	7.132045e-02	9.208281e-05	7.136649e-02	-7.127441e-02
5.8e-05       	1.067948e-01	5.404763e-02	5.274713e-02	-3.042852e-03	-7.151945e-04	-2.327658e-03	8.062316e-04	6.502457e-04	7.154799e-02	2.685048e-04	7.168225e-02	-7.141374e-02
5.9e-05       	1.071075e-01	5.411974e-02	5.298779e-02	-2.894476e-03	-7.078932e-04	-2.186583e-03	7.393450e-04	5.659746e-04	7.175667e-02	4.380621e-04	7.197570e-02	-7.153764e-02
6e-05         	1.073929e-01	5.421731e-02	5.317561e-02	-2.792138e-03	-7.028392e-04	-2.089299e-03	6.932298e-04	5.208524e-04	7.194782e-02	6.011241e-04	7.224838e-02	-7.164725e-02
6.1e-05       	1.076502e-01	5.427819e-02	5.337198e-02	-2.659734e-03	-7.015054e-04	-1.958229e-03	6.283616e-04	4.531029e-04	7.211941e-02	7.563863e-04	7.249761e-02	-7.174122e-02
6.2e-05       	1.078835e-01	5.431899e-02	5.356454e-02	-2.519542e-03	-6.958155e-04	-1.823726e-03	5.639554e-04	3.772257e-04	7.227486e-02	9.046121e-04	7.272716e-02	-7.182255e-02
6.3e-05       	1.080970e-01	5.437738e-02	5.371962e-02	-2.419612e-03	-6.945321e-04	-1.725080e-03	5.152742e-04	3.288828e-04	7.241830e-02	1.046854e-03	7.294173e-02	-7.189488e-02
6.4e-05       	1.082856e-01	5.439443e-02	5.389113e-02	-2.275575e-03	-6.844224e-04	-1.591153e-03	4.533653e-04	2.516502e-04	7.254501e-02	1.182005e-03	7.313601e-02	-7.195400e-02
6.5e-05       	1.084547e-01	5.441352e-02	5.404114e-02	-2.158718e-03	-6.798064e-04	-1.478912e-03	3.995527e-04	1.861880e-04	7.265820e-02	1.312807e-03	7.331460e-02	-7.200180e-02
6.6e-05       	1.086071e-01	5.443126e-02	5.417580e-02	-2.052762e-03	-6.814217e-04	-1.371341e-03	3.449595e-04	1.277331e-04	7.276156e-02	1.439018e-03	7.348107e-02	-7.204205e-02
6.7e-05       	1.087386e-01	5.445620e-02	5.428240e-02	-1.975281e-03	-6.860368e-04	-1.289244e-03	3.016037e-04	8.690392e-05	7.285070e-02	1.559153e-03	7.363028e-02	-7.207113e-02
6.8e-05       	1.088507e-01	5.446367e-02	5.438707e-02	-1.893753e-03	-6.865214e-04	-1.207232e-03	2.603551e-04	3.829702e-05	7.292529e-02	1.671512e-03	7.376104e-02	-7.208953e-02
6.9e-05       	1.089495e-01	5.445482e-02	5.449473e-02	-1.785161e-03	-6.826632e-04	-1.102498e-03	2.099175e-04	-1.995628e-05	7.299220e-02	1.781440e-03	7.388292e-02	-7.210148e-02
7e-05         	1.090333e-01	5.445329e-02	5.457997e-02	-1.695763e-03	-6.818894e-04	-1.013874e-03	1.659922e-04	-6.334073e-05	7.304918e-02	1.887385e-03	7.399288e-02	-7.210549e-02
7.1e-05       	1.091030e-01	5.443659e-02	5.466646e-02	-1.597122e-03	-6.785689e-04	-9.185534e-04	1.199923e-04	-1.149383e-04	7.309641e-02	1.989433e-03	7.409113e-02	-7.210169e-02
7.2e-05       	1.091594e-01	5.441905e-02	5.474039e-02	-1.507372e-03	-6.783819e-04	-8.289901e-04	7.530411e-05	-1.606673e-04	7.313531e-02	2.088230e-03	7.417943e-02	-7.209120e-02
7.3e-05       	1.092021e-01	5.440175e-02	5.480034e-02	-1.448499e-03	-6.846476e-04	-7.638518e-04	3.960214e-05	-1.992939e-04	7.316508e-02	2.181573e-03	7.425587e-02	-7.207429e-02
7.4e-05       	1.092327e-01	5.435498e-02	5.487767e-02	-1.348250e-03	-6.809881e-04	-6.672617e-04	-6.863178e-06	-2.613477e-04	7.318653e-02	2.271333e-03	7.432220e-02	-7.205087e-02
7.5e-05       	1.092524e-01	5.431175e-02	5.494062e-02	-1.255775e-03	-6.803898e-04	-5.753853e-04	-5.250225e-05	-3.144376e-04	7.320075e-02	2.358413e-03	7.437996e-02	-7.202154e-02
7.6e-05       	1.092627e-01	5.427144e-02	5.499121e-02	-1.173622e-03	-6.840397e-04	-4.895819e-04	-9.722891e-05	-3.598830e-04	7.320878e-02	2.443211e-03	7.443039e-02	-7.198718e-02
7.7e-05       	1.092603e-01	5.422356e-02	5.503675e-02	-1.091583e-03	-6.819909e-04	-4.095917e-04	-1.361996e-04	-4.065917e-04	7.320716e-02	2.522040e-03	7.446818e-02	-7.194614e-02
7.8e-05       	1.092513e-01	5.419368e-02	5.505766e-02	-1.040554e-03	-6.878816e-04	-3.526726e-04	-1.676045e-04	-4.319911e-04	7.320236e-02	2.598913e-03	7.450182e-02	-7.190290e-02
7.9e-05       	1.092372e-01	5.416180e-02	5.507543e-02	-9.804080e-04	-6.918743e-04	-2.885337e-04	-2.016703e-04	-4.568191e-04	7.319631e-02	2.675015e-03	7.453382e-02	-7.185880e-02
8e-05         	1.092115e-01	5.411602e-02	5.509546e-02	-9.145577e-04	-6.901572e-04	-2.244005e-04	-2.328784e-04	-4.897227e-04	7.318118e-02	2.748302e-03	7.455533e-02	-7.180703e-02
8.1e-05       	1.091720e-01	5.404935e-02	5.512263e-02	-8.336746e-04	-6.866080e-04	-1.470666e-04	-2.697707e-04	-5.366426e-04	7.315358e-02	2.817192e-03	7.456217e-02	-7.174498e-02
8.2e-05       	1.091303e-01	5.400632e-02	5.512393e-02	-7.873230e-04	-6.895892e-04	-9.773372e-05	-2.959278e-04	-5.588022e-04	7.312690e-02	2.883598e-03	7.456870e-02	-7.168510e-02
8.3e-05       	1.090827e-01	5.396212e-02	5.512057e-02	-7.550846e-04	-6.905228e-04	-6.456187e-05	-3.129804e-04	-5.792257e-04	7.309704e-02	2.945664e-03	7.456987e-02	-7.162421e-02
8.4e-05       	1.090265e-01	5.389237e-02	5.513413e-02	-6.869490e-04	-6.869930e-04	4.400502e-08	-3.435185e-04	-6.208817e-04	7.306051e-02	3.005522e-03	7.456328e-02	-7.155775e-02
8.5e-05       	1.089651e-01	5.384436e-02	5.512074e-02	-6.488637e-04	-6.891982e-04	4.033443e-05	-3.647663e-04	-6.381898e-04	7.301965e-02	3.068473e-03	7.455389e-02	-7.148541e-02
8.6e-05       	1.088981e-01	5.378446e-02	5.511366e-02	-6.125031e-04	-6.929264e-04	8.042326e-05	-3.866748e-04	-6.646012e-04	7.297541e-02	3.129256e-03	7.454004e-02	-7.141078e-02
8.7e-05       	1.088242e-01	5.374415e-02	5.508004e-02	-5.904521e-04	-6.955099e-04	1.050578e-04	-4.002839e-04	-6.679409e-04	7.292767e-02	3.177966e-03	7.451666e-02	-7.133869e-02
8.8e-05       	1.087459e-01	5.366864e-02	5.507726e-02	-5.284029e-04	-6.908942e-04	1.624913e-04	-4.266927e-04	-7.043082e-04	7.287640e-02	3.230960e-03	7.449188e-02	-7.126092e-02
8.9e-05       	1.086639e-01	5.360966e-02	5.505420e-02	-4.935363e-04	-6.929046e-04	1.993683e-04	-4.461365e-04	-7.222681e-04	7.282181e-02	3.285452e-03	7.446453e-02	-7.117908e-02
9e-05         	1.085766e-01	5.354373e-02	5.503286e-02	-4.569749e-04	-6.928979e-04	2.359229e-04	-4.644104e-04	-7.445656e-04	7.276405e-02	3.336914e-03	7.443251e-02	-7.109559e-02
9.1e-05       	1.084851e-01	5.348935e-02	5.499573e-02	-4.445972e-04	-6.939714e-04	2.493742e-04	-4.716728e-04	-7.531922e-04	7.270333e-02	3.385182e-03	7.439592e-02	-7.101074e-02
9.2e-05       	1.083892e-01	5.342080e-02	5.496838e-02	-4.139864e-04	-6.931128e-04	2.791264e-04	-4.861196e-04	-7.737865e-04	7.264012e-02	3.432905e-03	7.435658e-02	-7.092367e-02
9.3e-05       	1.082896e-01	5.334403e-02	5.494560e-02	-3.656617e-04	-6.930315e-04	3.273698e-04	-5.102006e-04	-8.007863e-04	7.257415e-02	3.478899e-03	7.431360e-02	-7.083470e-02
9.4e-05       	1.081872e-01	5.328552e-02	5.490169e-02	-3.360373e-04	-6.909023e-04	3.548651e-04	-5.228837e-04	-8.080864e-04	7.250615e-02	3.523447e-03	7.426788e-02	-7.074443e-02
9.5e-05       	1.080811e-01	5.321724e-02	5.486390e-02	-3.044032e-04	-6.900225e-04	3.856193e-04	-5.378209e-04	-8.233302e-04	7.243574e-02	3.566433e-03	7.421896e-02	-7.065253e-02
9.6e-05       	1.079725e-01	5.314172e-02	5.483077e-02	-2.703063e-04	-6.890082e-04	4.187019e-04	-5.538551e-04	-8.445242e-04	7.236339e-02	3.608285e-03	7.416753e-02	-7.055925e-02
9.7e-05       	1.078606e-01	5.309683e-02	5.476378e-02	-2.711090e-04	-6.911245e-04	4.200155e-04	-5.555700e-04	-8.334720e-04	7.228880e-02	3.648636e-03	7.411312e-02	-7.046449e-02
9.8e-05       	1.077456e-01	5.305338e-02	5.469218e-02	-2.770056e-04	-6.882257e-04	4.112202e-04	-5.497230e-04	-8.194005e-04	7.221212e-02	3.687463e-03	7.405585e-02	-7.036839e-02
9.9e-05       	1.076272e-01	5.299022e-02	5.463702e-02	-2.642841e-04	-6.897509e-04	4.254667e-04	-5.576088e-04	-8.234001e-04	7.213389e-02	3.725627e-03	7.399670e-02	-7.027108e-02
0.0001        	1.075074e-01	5.293823e-02	5.456913e-02	-2.824690e-04	-6.821062e-04	3.996372e-04	-5.408717e-04	-8.154489e-04	7.205336e-02	3.762420e-03	7.393457e-02	-7.017215e-02
0.000101      	1.073854e-01	5.292758e-02	5.445786e-02	-3.588039e-04	-6.853999e-04	3.265960e-04	-5.059980e-04	-7.651401e-04	7.197157e-02	3.797285e-03	7.387021e-02	-7.007293e-02
0.000102      	1.072613e-01	5.289108e-02	5.437026e-02	-3.866074e-04	-6.809749e-04	2.943675e-04	-4.876712e-04	-7.395900e-04	7.188814e-02	3.831682e-03	7.380399e-02	-6.997230e-02
0.000103      	1.071380e-01	5.285781e-02	5.428020e-02	-4.190718e-04	-6.752142e-04	2.561424e-04	-4.656783e-04	-7.111981e-04	7.180791e-02	3.866100e-03	7.374096e-02	-6.987486e-02
0.000104      	1.070090e-01	5.280785e-02	5.420114e-02	-4.278994e-04	-6.711778e-04	2.432784e-04	-4.572281e-04	-6.966484e-04	7.172148e-02	3.898545e-03	7.367075e-02	-6.977221e-02
0.000105      	1.068821e-01	5.274095e-02	5.414113e-02	-4.168081e-04	-6.714247e-04	2.546166e-04	-4.630206e-04	-7.000900e-04	7.163889e-02	3.930676e-03	7.360423e-02	-6.967356e-02
0.000106      	1.067477e-01	5.265628e-02	5.409143e-02	-3.881113e-04	-6.646502e-04	2.765388e-04	-4.705945e-04	-7.175765e-04	7.154704e-02	3.960530e-03	7.352731e-02	-6.956678e-02
0.000107      	1.066153e-01	5.258992e-02	5.402539e-02	-3.879237e-04	-6.630594e-04	2.751356e-04	-4.690975e-04	-7.177361e-04	7.145836e-02	3.990801e-03	7.345376e-02	-6.946296e-02
0.000108      	1.064818e-01	5.251895e-02	5.396281e-02	-3.871685e-04	-6.627271e-04	2.755587e-04	-4.691429e-04	-7.219309e-04	7.136964e-02	4.019888e-03	7.337959e-02	-6.935970e-02
0.000109      	1.063457e-01	5.243838e-02	5.390731e-02	-3.680256e-04	-6.574418e-04	2.894162e-04	-4.734290e-04	-7.344622e-04	7.127807e-02	4.047682e-03	7.330191e-02	-6.925423e-02
0.00011       	1.062081e-01	5.236806e-02	5.384006e-02	-3.613176e-04	-6.541083e-04	2.927908e-04	-4.734496e-04	-7.359995e-04	7.118623e-02	4.075536e-03	7.322400e-02	-6.914846e-02
0.000111      	1.060710e-01	5.230231e-02	5.376866e-02	-3.602792e-04	-6.507360e-04	2.904568e-04	-4.705964e-04	-7.331753e-04	7.109404e-02	4.102532e-03	7.314531e-02	-6.904278e-02
0.000112      	1.059329e-01	5.223453e-02	5.369834e-02	-3.516226e-04	-6.481049e-04	2.964823e-04	-4.722936e-04	-7.319043e-04	7.100221e-02	4.128643e-03	7.306653e-02	-6.893789e-02
0.000113      	1.057914e-01	5.216032e-02	5.363105e-02	-3.457291e-04	-6.426934e-04	2.969644e-04	-4.698289e-04	-7.353620e-04	7.090694e-02	4.153098e-03	7.298349e-02	-6.883039e-02
0.000114      	1.056555e-01	5.209178e-02	5.356376e-02	-3.264221e-04	-6.354487e-04	3.090266e-04	-4.722376e-04	-7.359914e-04	7.081888e-02	4.180167e-03	7.290896e-02	-6.872879e-02
0.000115      	1.055109e-01	5.202198e-02	5.348895e-02	-3.214421e-04	-6.287009e-04	3.072587e-04	-4.679798e-04	-7.334815e-04	7.072129e-02	4.204065e-03	7.282333e-02	-6.861926e-02
0.000116      	1.053703e-01	5.196057e-02	5.340975e-02	-3.265696e-04	-6.273482e-04	3.007786e-04	-4.640634e-04	-7.245907e-04	7.062867e-02	4.226097e-03	7.274172e-02	-6.851562e-02
0.000117      	1.052279e-01	5.189098e-02	5.333696e-02	-3.226622e-04	-6.231937e-04	3.005314e-04	-4.618626e-04	-7.229871e-04	7.053306e-02	4.249924e-03	7.265802e-02	-6.840810e-02
0.000118      	1.050831e-01	5.181453e-02	5.326855e-02	-3.194605e-04	-6.187447e-04	2.992842e-04	-4.590144e-04	-7.270083e-04	7.043568e-02	4.269532e-03	7.257045e-02	-6.830092e-02
0.000119      	1.049392e-01	5.175191e-02	5.318724e-02	-3.244109e-04	-6.151758e-04	2.907650e-04	-4.529704e-04	-7.176644e-04	7.033964e-02	4.291054e-03	7.248517e-02	-6.819411e-02
0.00012       	1.047946e-01	5.168514e-02	5.310942e-02	-3.255333e-04	-6.108381e-04	2.853047e-04	-4.480714e-04	-7.121431e-04	7.024308e-02	4.312662e-03	7.239942e-02	-6.808675e-02
0.000121      	1.046491e-01	5.160977e-02	5.303932e-02	-3.154968e-04	-6.046930e-04	2.891962e-04	-4.469446e-04	-7.147728e-04	7.014546e-02	4.333027e-03	7.231198e-02	-6.797895e-02
0.000122      	1.045031e-01	5.154197e-02	5.296112e-02	-3.209908e-04	-6.006415e-04	2.796507e-04	-4.401461e-04	-7.095747e-04	7.004781e-02	4.352792e-03	7.222421e-02	-6.787141e-02
0.000123      	1.043578e-01	5.147401e-02	5.288378e-02	-3.210922e-04	-5.972625e-04	2.761703e-04	-4.367164e-04	-7.048863e-04	6.995110e-02	4.372173e-03	7.213718e-02	-6.776501e-02
0.000124      	1.042105e-01	5.140549e-02	5.280500e-02	-3.211863e-04	-5.936844e-04	2.724981e-04	-4.330913e-04	-6.997510e-04	6.985153e-02	4.390908e-03	7.204698e-02	-6.765608e-02
0.000125      	1.040643e-01	5.134322e-02	5.272107e-02	-3.319063e-04	-5.914617e-04	2.595554e-04	-4.255085e-04	-6.889281e-04	6.975428e-02	4.409735e-03	7.195915e-02	-6.754942e-02
0.000126      	1.039166e-01	5.127377e-02	5.264283e-02	-3.327225e-04	-5.862827e-04	2.535602e-04	-4.199214e-04	-6.845314e-04	6.965529e-02	4.426820e-03	7.186870e-02	-6.744188e-02
0.000127      	1.037676e-01	5.118093e-02	5.258662e-02	-2.978956e-04	-5.732322e-04	2.753366e-04	-4.242844e-04	-7.028471e-04	6.955430e-02	4.442303e-03	7.177545e-02	-6.733315e-02
0.000128      	1.036223e-01	5.111018e-02	5.251212e-02	-2.971105e-04	-5.677219e-04	2.706113e-04	-4.191666e-04	-7.009685e-04	6.945834e-02	4.459823e-03	7.168825e-02	-6.722843e-02
0.000129      	1.034749e-01	5.105067e-02	5.242427e-02	-3.125834e-04	-5.670392e-04	2.544559e-04	-4.107475e-04	-6.867989e-04	6.936022e-02	4.477006e-03	7.159873e-02	-6.712172e-02
0.00013       	1.033276e-01	5.099387e-02	5.233369e-02	-3.349390e-04	-5.628616e-04	2.279226e-04	-3.953921e-04	-6.699100e-04	6.926171e-02	4.493158e-03	7.150828e-02	-6.701513e-02
0.000131      	1.031811e-01	5.092418e-02	5.225696e-02	-3.369839e-04	-5.568483e-04	2.198644e-04	-3.883563e-04	-6.663892e-04	6.916472e-02	4.508470e-03	7.141896e-02	-6.691049e-02
0.000132      	1.030327e-01	5.086087e-02	5.217188e-02	-3.496783e-04	-5.549438e-04	2.052655e-04	-3.801047e-04	-6.555046e-04	6.906488e-02	4.523097e-03	7.132643e-02	-6.680333e-02
0.000133      	1.028866e-01	5.079728e-02	5.208934e-02	-3.643340e-04	-5.490863e-04	1.847523e-04	-3.669193e-04	-6.460306e-04	6.896811e-02	4.538935e-03	7.123757e-02	-6.669864e-02
0.000134      	1.027390e-01	5.072745e-02	5.201151e-02	-3.658587e-04	-5.433836e-04	1.775249e-04	-3.604543e-04	-6.420301e-04	6.887008e-02	4.553508e-03	7.114683e-02	-6.659332e-02
0.000135      	1.025913e-01	5.066287e-02	5.192844e-02	-3.735951e-04	-5.409175e-04	1.673224e-04	-3.541200e-04	-6.327864e-04	6.877120e-02	4.567560e-03	7.105498e-02	-6.648742e-02
0.000136      	1.024427e-01	5.059755e-02	5.184515e-02	-3.794860e-04	-5.367370e-04	1.572510e-04	-3.469940e-04	-6.237978e-04	6.867162e-02	4.581714e-03	7.096248e-02	-6.638076e-02
0.000137      	1.022949e-01	5.052970e-02	5.176519e-02	-3.819774e-04	-5.320013e-04	1.500238e-04	-3.410125e-04	-6.177452e-04	6.857306e-02	4.595321e-03	7.087072e-02	-6.627540e-02
0.000138      	1.021474e-01	5.046067e-02	5.168676e-02	-3.799429e-04	-5.239827e-04	1.440398e-04	-3.340113e-04	-6.130486e-04	6.847463e-02	4.608226e-03	7.077874e-02	-6.617051e-02
0.000139      	1.019994e-01	5.040004e-02	5.159940e-02	-3.915565e-04	-5.216147e-04	1.300582e-04	-3.258364e-04	-5.996775e-04	6.837532e-02	4.620619e-03	7.068563e-02	-6.606501e-02
0.00014       	1.018518e-01	5.033603e-02	5.151573e-02	-4.024205e-04	-5.192380e-04	1.168175e-04	-3.180278e-04	-5.898532e-04	6.827691e-02	4.633838e-03	7.059383e-02	-6.595999e-02
0.000141      	1.017047e-01	5.027118e-02	5.143347e-02	-4.022709e-04	-5.119026e-04	1.096316e-04	-3.107671e-04	-5.811470e-04	6.817852e-02	4.645559e-03	7.050130e-02	-6.585574e-02
0.000142      	1.015576e-01	5.020994e-02	5.134768e-02	-4.129583e-04	-5.076294e-04	9.467107e-05	-3.011502e-04	-5.688682e-04	6.808003e-02	4.657118e-03	7.040859e-02	-6.575147e-02
0.000143      	1.014118e-01	5.015402e-02	5.125777e-02	-4.266133e-04	-5.031109e-04	7.649769e-05	-2.898043e-04	-5.518733e-04	6.798293e-02	4.669617e-03	7.031774e-02	-6.564812e-02
0.000144      	1.012628e-01	5.007324e-02	5.118958e-02	-4.163097e-04	-4.950838e-04	7.877414e-05	-2.869290e-04	-5.581666e-04	6.788240e-02	4.678631e-03	7.022171e-02	-6.554308e-02
0.000145      	1.011160e-01	5.001066e-02	5.110529e-02	-4.233960e-04	-4.894048e-04	6.600872e-05	-2.777067e-04	-5.473132e-04	6.778408e-02	4.690084e-03	7.012912e-02	-6.543903e-02
0.000146      	1.009722e-01	4.996166e-02	5.101056e-02	-4.460076e-04	-4.867235e-04	4.071597e-05	-2.637198e-04	-5.244498e-04	6.768891e-02	4.701415e-03	7.003961e-02	-6.533820e-02
0.000147      	1.008231e-01	4.985983e-02	5.096326e-02	-4.047605e-04	-4.738158e-04	6.905535e-05	-2.714356e-04	-5.517148e-04	6.758841e-02	4.709350e-03	6.994308e-02	-6.523373e-02
0.000148      	1.006768e-01	4.978124e-02	5.089560e-02	-3.908563e-04	-4.654137e-04	7.455747e-05	-2.699856e-04	-5.571802e-04	6.749084e-02	4.720409e-03	6.985105e-02	-6.513064e-02
0.000149      	1.005316e-01	4.972178e-02	5.080983e-02	-4.061396e-04	-4.629333e-04	5.679373e-05	-2.598635e-04	-5.440244e-04	6.739380e-02	4.731401e-03	6.975950e-02	-6.502810e-02
0.00015       	1.003882e-01	4.965765e-02	5.073054e-02	-4.068660e-04	-4.552949e-04	4.842888e-05	-2.518619e-04	-5.364487e-04	6.729884e-02	4.741352e-03	6.966952e-02	-6.492817e-02
0.000151      	1.002417e-01	4.959498e-02	5.064669e-02	-4.136138e-04	-4.485162e-04	3.490235e-05	-2.417093e-04	-5.258583e-04	6.719950e-02	4.750223e-03	6.957461e-02	-6.482439e-02
0.000152      	1.000962e-01	4.954235e-02	5.055380e-02	-4.411979e-04	-4.512563e-04	1.005844e-05	-2.306574e-04	-5.057222e-04	6.710236e-02	4.758990e-03	6.948185e-02	-6.472286e-02
0.000153      	9.995264e-02	4.947705e-02	5.047559e-02	-4.420731e-04	-4.442479e-04	2.174846e-06	-2.232114e-04	-4.992697e-04	6.700664e-02	4.768350e-03	6.939082e-02	-6.462247e-02
0.000154      	9.980760e-02	4.941503e-02	5.039257e-02	-4.516687e-04	-4.396988e-04	-1.196988e-05	-2.138645e-04	-4.887679e-04	6.690882e-02	4.776951e-03	6.929729e-02	-6.452034e-02
0.000155      	9.966394e-02	4.935375e-02	5.031019e-02	-4.615728e-04	-4.361468e-04	-2.542596e-05	-2.053604e-04	-4.782226e-04	6.681266e-02	4.785541e-03	6.920543e-02	-6.441989e-02
0.000156      	9.952277e-02	4.930039e-02	5.022238e-02	-4.737796e-04	-4.327955e-04	-4.098414e-05	-1.959057e-04	-4.609977e-04	6.671973e-02	4.795000e-03	6.911723e-02	-6.432223e-02
0.000157      	9.937848e-02	4.923371e-02	5.014477e-02	-4.767585e-04	-4.267587e-04	-4.999980e-05	-1.883794e-04	-4.555313e-04	6.662214e-02	4.803034e-03	6.902366e-02	-6.422062e-02
0.000158      	9.923949e-02	4.918329e-02	5.005620e-02	-4.888412e-04	-4.240354e-04	-6.480578e-05	-1.796148e-04	-4.364573e-04	6.653174e-02	4.812038e-03	6.893776e-02	-6.412572e-02
0.000159      	9.909615e-02	4.911491e-02	4.998125e-02	-4.908496e-04	-4.172170e-04	-7.363264e-05	-1.717922e-04	-4.331691e-04	6.643427e-02	4.819059e-03	6.884380e-02	-6.402474e-02
0.00016       	9.895332e-02	4.905470e-02	4.989863e-02	-5.021418e-04	-4.133053e-04	-8.883653e-05	-1.622344e-04	-4.219648e-04	6.633773e-02	4.826669e-03	6.875106e-02	-6.392439e-02
0.000161      	9.881201e-02	4.899453e-02	4.981748e-02	-5.071895e-04	-4.078349e-04	-9.935457e-05	-1.542402e-04	-4.114746e-04	6.624377e-02	4.836004e-03	6.866177e-02	-6.382576e-02
0.000162      	9.867123e-02	4.893723e-02	4.973400e-02	-5.178160e-04	-4.021661e-04	-1.156499e-04	-1.432581e-04	-3.983844e-04	6.615026e-02	4.842918e-03	6.857172e-02	-6.372880e-02
0.000163      	9.853252e-02	4.888137e-02	4.965114e-02	-5.297041e-04	-4.000595e-04	-1.296447e-04	-1.352074e-04	-3.848858e-04	6.605831e-02	4.850290e-03	6.848345e-02	-6.363316e-02
0.000164      	9.839154e-02	4.882111e-02	4.957043e-02	-5.393908e-04	-3.960603e-04	-1.433305e-04	-1.263649e-04	-3.746579e-04	6.596343e-02	4.856971e-03	6.839192e-02	-6.353495e-02
0.000165      	9.825241e-02	4.876408e-02	4.948832e-02	-5.486499e-04	-3.926414e-04	-1.560085e-04	-1.183164e-04	-3.621206e-04	6.587085e-02	4.864904e-03	6.830331e-02	-6.343840e-02
0.000166      	9.811174e-02	4.870460e-02	4.940714e-02	-5.568066e-04	-3.882933e-04	-1.685133e-04	-1.098900e-04	-3.512715e-04	6.577581e-02	4.871164e-03	6.821140e-02	-6.334023e-02
0.000167      	9.797255e-02	4.865184e-02	4.932071e-02	-5.812956e-04	-3.870340e-04	-1.942616e-04	-9.638618e-05	-3.344348e-04	6.568263e-02	4.877296e-03	6.812128e-02	-6.324398e-02
0.000168      	9.783570e-02	4.858964e-02	4.924605e-02	-5.831396e-04	-3.798946e-04	-2.032449e-04	-8.832484e-05	-3.282055e-04	6.559226e-02	4.884206e-03	6.803436e-02	-6.315016e-02
0.000169      	9.769671e-02	4.852780e-02	4.916891e-02	-5.848666e-04	-3.732875e-04	-2.115792e-04	-8.085414e-05	-3.205571e-04	6.549840e-02	4.890078e-03	6.794344e-02	-6.305336e-02
0.00017       	9.756038e-02	4.846130e-02	4.909908e-02	-5.881167e-04	-3.663041e-04	-2.218126e-04	-7.224576e-05	-3.188921e-04	6.540861e-02	4.896802e-03	6.785701e-02	-6.296021e-02
0.000171      	9.742160e-02	4.840587e-02	4.901573e-02	-5.988151e-04	-3.628520e-04	-2.359631e-04	-6.344447e-05	-3.049301e-04	6.531453e-02	4.902192e-03	6.776563e-02	-6.286343e-02
0.000172      	9.728580e-02	4.834753e-02	4.893827e-02	-6.072940e-04	-3.575886e-04	-2.497054e-04	-5.394163e-05	-2.953678e-04	6.522404e-02	4.908050e-03	6.767807e-02	-6.277002e-02
0.000173      	9.714948e-02	4.828937e-02	4.886011e-02	-6.167246e-04	-3.533175e-04	-2.634071e-04	-4.495521e-05	-2.853695e-04	6.513286e-02	4.913832e-03	6.758977e-02	-6.267594e-02
0.000174      	9.701472e-02	4.822898e-02	4.878573e-02	-6.246732e-04	-3.491975e-04	-2.754757e-04	-3.686090e-05	-2.783746e-04	6.504376e-02	4.919676e-03	6.750360e-02	-6.258392e-02
0.000175      	9.687747e-02	4.817428e-02	4.870319e-02	-6.352083e-04	-3.463847e-04	-2.888236e-04	-2.878054e-05	-2.644599e-04	6.495066e-02	4.924300e-03	6.741281e-02	-6.248851e-02
0.000176      	9.674150e-02	4.811891e-02	4.862259e-02	-6.545000e-04	-3.424704e-04	-3.120296e-04	-1.522043e-05	-2.518372e-04	6.485897e-02	4.929886e-03	6.732391e-02	-6.239403e-02
0.000177      	9.660722e-02	4.805918e-02	4.854804e-02	-6.599336e-04	-3.370010e-04	-3.229326e-04	-7.034191e-06	-2.444319e-04	6.476930e-02	4.935011e-03	6.723680e-02	-6.230179e-02
0.000178      	9.647428e-02	4.800263e-02	4.847165e-02	-6.672253e-04	-3.312321e-04	-3.359932e-04	2.380571e-06	-2.345113e-04	6.468105e-02	4.940933e-03	6.715152e-02	-6.221058e-02
0.000179      	9.633989e-02	4.794719e-02	4.839270e-02	-6.875472e-04	-3.271006e-04	-3.604466e-04	1.667303e-05	-2.227558e-04	6.459024e-02	4.945383e-03	6.706293e-02	-6.211754e-02
0.00018       	9.620641e-02	4.789276e-02	4.831365e-02	-6.972063e-04	-3.244243e-04	-3.727820e-04	2.417887e-05	-2.104451e-04	6.450100e-02	4.950223e-03	6.697611e-02	-6.202589e-02
0.000181      	9.607404e-02	4.783569e-02	4.823835e-02	-7.016418e-04	-3.191124e-04	-3.825295e-04	3.170854e-05	-2.013295e-04	6.441226e-02	4.955210e-03	6.688987e-02	-6.193466e-02
0.000182      	9.594214e-02	4.778560e-02	4.815654e-02	-7.180073e-04	-3.191207e-04	-3.988866e-04	3.988292e-05	-1.854693e-04	6.432432e-02	4.959975e-03	6.680431e-02	-6.184433e-02
0.000183      	9.581004e-02	4.772522e-02	4.808482e-02	-7.232293e-04	-3.143355e-04	-4.088938e-04	4.727915e-05	-1.797977e-04	6.423520e-02	4.964351e-03	6.671738e-02	-6.175302e-02
0.000184      	9.567733e-02	4.766337e-02	4.801396e-02	-7.247401e-04	-3.077522e-04	-4.169879e-04	5.461784e-05	-1.752973e-04	6.414576e-02	4.968376e-03	6.662995e-02	-6.166157e-02
0.000185      	9.554639e-02	4.760740e-02	4.793899e-02	-7.311773e-04	-3.031842e-04	-4.279930e-04	6.240441e-05	-1.657969e-04	6.405829e-02	4.972585e-03	6.654458e-02	-6.157200e-02
0.000186      	9.541545e-02	4.754986e-02	4.786558e-02	-7.386752e-04	-2.985344e-04	-4.401408e-04	7.080322e-05	-1.578617e-04	6.397017e-02	4.976678e-03	6.645851e-02	-6.148183e-02
0.000187      	9.528504e-02	4.749183e-02	4.779321e-02	-7.445451e-04	-2.934419e-04	-4.511032e-04	7.883066e-05	-1.506912e-04	6.388232e-02	4.980893e-03	6.637276e-02	-6.139187e-02
0.000188      	9.515547e-02	4.743725e-02	4.771823e-02	-7.542508e-04	-2.907207e-04	-4.635301e-04	8.640472e-05	-1.404913e-04	6.379528e-02	4.984919e-03	6.628774e-02	-6.130282e-02
0.000189      	9.502646e-02	4.737982e-02	4.764664e-02	-7.597256e-04	-2.867443e-04	-4.729813e-04	9.311848e-05	-1.334123e-04	6.370864e-02	4.988896e-03	6.620308e-02	-6.121419e-02
0.00019       	9.489774e-02	4.732214e-02	4.757560e-02	-7.649962e-04	-2.825233e-04	-4.824729e-04	9.997476e-05	-1.267323e-04	6.362199e-02	4.992639e-03	6.611831e-02	-6.112567e-02
0.000191      	9.476950e-02	4.726727e-02	4.750223e-02	-7.723909e-04	-2.784206e-04	-4.939703e-04	1.077749e-04	-1.174760e-04	6.353571e-02	4.996470e-03	6.603395e-02	-6.103748e-02
0.000192      	9.464125e-02	4.721302e-02	4.742823e-02	-7.813482e-04	-2.746285e-04	-5.067197e-04	1.160456e-04	-1.076067e-04	6.344948e-02	5.000103e-03	6.594954e-02	-6.094943e-02
0.000193      	9.451366e-02	4.715768e-02	4.735598e-02	-7.881484e-04	-2.707224e-04	-5.174261e-04	1.233518e-04	-9.914914e-05	6.336354e-02	5.003561e-03	6.586532e-02	-6.086176e-02
0.000194      	9.438700e-02	4.710037e-02	4.728663e-02	-7.941598e-04	-2.678604e-04	-5.262993e-04	1.292194e-04	-9.312754e-05	6.327854e-02	5.007208e-03	6.578214e-02	-6.077493e-02
0.000195      	9.426135e-02	4.704917e-02	4.721218e-02	-8.042227e-04	-2.651556e-04	-5.390671e-04	1.369557e-04	-8.150508e-05	6.319455e-02	5.010845e-03	6.569997e-02	-6.068913e-02
0.000196      	9.413472e-02	4.699088e-02	4.714384e-02	-8.083193e-04	-2.600618e-04	-5.482574e-04	1.440978e-04	-7.647929e-05	6.310901e-02	5.013698e-03	6.561586e-02	-6.060216e-02
0.000197      	9.401044e-02	4.694344e-02	4.706700e-02	-8.216017e-04	-2.592126e-04	-5.623891e-04	1.515882e-04	-6.177920e-05	6.302653e-02	5.017289e-03	6.553518e-02	-6.051789e-02
0.000198      	9.388484e-02	4.688334e-02	4.700150e-02	-8.224990e-04	-2.532672e-04	-5.692318e-04	1.579823e-04	-5.907803e-05	6.294147e-02	5.019976e-03	6.545146e-02	-6.043148e-02
0.000199      	9.376171e-02	4.683721e-02	4.692451e-02	-8.366314e-04	-2.527493e-04	-5.838821e-04	1.655664e-04	-4.364972e-05	6.285960e-02	5.023608e-03	6.537140e-02	-6.034779e-02
0.0002        	9.363727e-02	4.677995e-02	4.685732e-02	-8.394610e-04	-2.484079e-04	-5.910531e-04	1.713226e-04	-3.868184e-05	6.277573e-02	5.026584e-03	6.528902e-02	-6.026243e-02
0.000201      	9.351274e-02	4.672114e-02	4.679161e-02	-8.420867e-04	-2.440675e-04	-5.980192e-04	1.769758e-04	-3.523448e-05	6.269142e-02	5.029228e-03	6.520604e-02	-6.017681e-02
0.000202      	9.339048e-02	4.666612e-02	4.672436e-02	-8.456554e-04	-2.394683e-04	-6.061870e-04	1.833594e-04	-2.911892e-05	6.260984e-02	5.032543e-03	6.512612e-02	-6.009357e-02
0.000203      	9.326923e-02	4.662597e-02	4.664326e-02	-8.649657e-04	-2.364342e-04	-6.285315e-04	1.960486e-04	-8.640411e-06	6.252911e-02	5.036318e-03	6.504727e-02	-6.001096e-02
0.000204      	9.314733e-02	4.656598e-02	4.658135e-02	-8.674973e-04	-2.329931e-04	-6.345042e-04	2.007556e-04	-7.684854e-06	6.244725e-02	5.039118e-03	6.496681e-02	-5.992770e-02
0.000205      	9.302606e-02	4.651290e-02	4.651316e-02	-8.745535e-04	-2.287956e-04	-6.457579e-04	2.084812e-04	-1.318115e-07	6.236604e-02	5.041765e-03	6.488692e-02	-5.984515e-02
0.000206      	9.290509e-02	4.647129e-02	4.643380e-02	-8.913403e-04	-2.260649e-04	-6.652753e-04	2.196052e-04	1.874462e-05	6.228476e-02	5.044260e-03	6.480689e-02	-5.976263e-02
0.000207      	9.278340e-02	4.642093e-02	4.636247e-02	-8.949118e-04	-2.206218e-04	-6.742900e-04	2.268341e-04	2.922896e-05	6.220256e-02	5.046538e-03	6.472583e-02	-5.967929e-02
0.000208      	9.266400e-02	4.636184e-02	4.630216e-02	-8.983075e-04	-2.180654e-04	-6.802421e-04	2.310884e-04	2.983967e-05	6.212267e-02	5.049264e-03	6.464730e-02	-5.959803e-02
0.000209      	9.254537e-02	4.630770e-02	4.623767e-02	-9.043257e-04	-2.142735e-04	-6.900522e-04	2.378894e-04	3.501051e-05	6.204353e-02	5.051922e-03	6.456949e-02	-5.951756e-02
0.00021       	9.242527e-02	4.625690e-02	4.616837e-02	-9.130618e-04	-2.128361e-04	-7.002257e-04	2.436948e-04	4.426306e-05	6.196199e-02	5.054042e-03	6.448901e-02	-5.943497e-02
0.000211      	9.230916e-02	4.620266e-02	4.610649e-02	-9.182053e-04	-2.088003e-04	-7.094051e-04	2.503024e-04	4.808529e-05	6.188551e-02	5.057159e-03	6.441409e-02	-5.935693e-02
0.000212      	9.218986e-02	4.615095e-02	4.603891e-02	-9.248174e-04	-2.068437e-04	-7.179737e-04	2.555650e-04	5.601950e-05	6.180481e-02	5.059113e-03	6.433436e-02	-5.927525e-02
0.000213      	9.207396e-02	4.609786e-02	4.597611e-02	-9.300931e-04	-2.028940e-04	-7.271991e-04	2.621526e-04	6.087536e-05	6.172786e-02	5.061748e-03	6.425873e-02	-5.919699e-02
0.000214      	9.195622e-02	4.604664e-02	4.590958e-02	-9.373024e-04	-2.004597e-04	-7.368426e-04	2.681914e-04	6.853272e-05	6.164847e-02	5.063774e-03	6.418036e-02	-5.911658e-02
0.000215      	9.183891e-02	4.599404e-02	4.584487e-02	-9.433468e-04	-1.978829e-04	-7.454640e-04	2.737905e-04	7.458768e-05	6.156938e-02	5.065665e-03	6.410221e-02	-5.903655e-02
0.000216      	9.172257e-02	4.594112e-02	4.578144e-02	-9.487530e-04	-1.950870e-04	-7.536660e-04	2.792895e-04	7.984014e-05	6.149121e-02	5.067722e-03	6.402507e-02	-5.895734e-02
0.000217      	9.160714e-02	4.589002e-02	4.571712e-02	-9.553590e-04	-1.925656e-04	-7.627934e-04	2.851139e-04	8.645061e-05	6.141369e-02	5.069708e-03	6.394855e-02	-5.887884e-02
0.000218      	9.149139e-02	4.584024e-02	4.565115e-02	-9.641609e-04	-1.913074e-04	-7.728535e-04	2.907730e-04	9.454757e-05	6.133554e-02	5.071468e-03	6.387128e-02	-5.879981e-02
0.000219      	9.137609e-02	4.578926e-02	4.558683e-02	-9.694704e-04	-1.878357e-04	-7.816347e-04	2.968995e-04	1.012179e-04	6.125819e-02	5.073282e-03	6.379483e-02	-5.872155e-02
0.00022       	9.126262e-02	4.573949e-02	4.552313e-02	-9.772865e-04	-1.855398e-04	-7.917467e-04	3.031034e-04	1.081810e-04	6.118220e-02	5.075529e-03	6.371996e-02	-5.864443e-02
0.000221      	9.114873e-02	4.569062e-02	4.545811e-02	-9.874596e-04	-1.848619e-04	-8.025977e-04	3.088679e-04	1.162521e-04	6.110541e-02	5.077222e-03	6.364402e-02	-5.856680e-02
0.000222      	9.103508e-02	4.563607e-02	4.539901e-02	-9.873403e-04	-1.810865e-04	-8.062539e-04	3.125837e-04	1.185267e-04	6.102897e-02	5.078919e-03	6.356843e-02	-5.848951e-02
0.000223      	9.092169e-02	4.558250e-02	4.533920e-02	-9.859986e-04	-1.763299e-04	-8.096687e-04	3.166694e-04	1.216504e-04	6.095270e-02	5.080265e-03	6.349283e-02	-5.841257e-02
0.000224      	9.080913e-02	4.553362e-02	4.527550e-02	-9.919122e-04	-1.733033e-04	-8.186088e-04	3.226528e-04	1.290607e-04	6.087709e-02	5.082064e-03	6.341812e-02	-5.833605e-02
0.000225      	9.069718e-02	4.548535e-02	4.521184e-02	-9.991622e-04	-1.709963e-04	-8.281658e-04	3.285847e-04	1.367558e-04	6.080186e-02	5.083896e-03	6.334381e-02	-5.825991e-02
0.000226      	9.058580e-02	4.544096e-02	4.514484e-02	-1.008389e-03	-1.680853e-04	-8.403036e-04	3.361092e-04	1.480612e-04	6.072716e-02	5.085191e-03	6.326976e-02	-5.818457e-02
0.000227      	9.047482e-02	4.538281e-02	4.509201e-02	-9.974079e-04	-1.627684e-04	-8.346395e-04	3.359355e-04	1.454029e-04	6.065254e-02	5.086651e-03	6.319587e-02	-5.810922e-02
0.000228      	9.036387e-02	4.533890e-02	4.502497e-02	-1.014187e-03	-1.631095e-04	-8.510772e-04	3.439839e-04	1.569614e-04	6.057798e-02	5.087896e-03	6.312193e-02	-5.803404e-02
0.000229      	9.025335e-02	4.527999e-02	4.497336e-02	-1.001390e-03	-1.571208e-04	-8.442690e-04	3.435741e-04	1.533119e-04	6.050364e-02	5.089270e-03	6.304827e-02	-5.795900e-02
0.00023       	9.014366e-02	4.523921e-02	4.490444e-02	-1.019739e-03	-1.575084e-04	-8.622302e-04	3.523609e-04	1.673855e-04	6.043019e-02	5.090756e-03	6.297557e-02	-5.788481e-02
0.000231      	9.003387e-02	4.519075e-02	4.484311e-02	-1.028185e-03	-1.559524e-04	-8.722326e-04	3.581401e-04	1.738208e-04	6.035603e-02	5.091923e-03	6.290199e-02	-5.781007e-02
0.000232      	8.992514e-02	4.513672e-02	4.478842e-02	-1.025517e-03	-1.520165e-04	-8.735001e-04	3.607418e-04	1.741518e-04	6.028300e-02	5.093068e-03	6.282954e-02	-5.773647e-02
0.000233      	8.981678e-02	4.508857e-02	4.472821e-02	-1.030367e-03	-1.489886e-04	-8.813788e-04	3.661951e-04	1.801773e-04	6.021028e-02	5.094512e-03	6.275754e-02	-5.766302e-02
0.000234      	8.970849e-02	4.504838e-02	4.466011e-02	-1.039015e-03	-1.434925e-04	-8.955221e-04	3.760148e-04	1.941320e-04	6.013729e-02	5.095555e-03	6.268507e-02	-5.758952e-02
0.000235      	8.960101e-02	4.499837e-02	4.460264e-02	-1.046144e-03	-1.433287e-04	-9.028152e-04	3.797432e-04	1.978660e-04	6.006513e-02	5.096880e-03	6.261357e-02	-5.751669e-02
0.000236      	8.949361e-02	4.494774e-02	4.454586e-02	-1.050020e-03	-1.421585e-04	-9.078617e-04	3.828516e-04	2.009390e-04	5.999282e-02	5.098048e-03	6.254185e-02	-5.744380e-02
0.000237      	8.938652e-02	4.489578e-02	4.449074e-02	-1.051779e-03	-1.399989e-04	-9.117796e-04	3.858903e-04	2.025166e-04	5.992072e-02	5.098923e-03	6.247018e-02	-5.737125e-02
0.000238      	8.928036e-02	4.485134e-02	4.442901e-02	-1.060468e-03	-1.391553e-04	-9.213128e-04	3.910787e-04	2.111669e-04	5.984955e-02	5.100327e-03	6.239971e-02	-5.729938e-02
0.000239      	8.917441e-02	4.480340e-02	4.437101e-02	-1.065713e-03	-1.373459e-04	-9.283676e-04	3.955108e-04	2.161970e-04	5.977835e-02	5.101177e-03	6.232894e-02	-5.722776e-02
0.00024       	8.906909e-02	4.475422e-02	4.431487e-02	-1.069656e-03	-1.353808e-04	-9.342748e-04	3.994470e-04	2.196738e-04	5.970752e-02	5.102238e-03	6.225864e-02	-5.715640e-02
0.000241      	8.896430e-02	4.470881e-02	4.425549e-02	-1.078086e-03	-1.351467e-04	-9.429391e-04	4.038962e-04	2.266645e-04	5.963703e-02	5.103394e-03	6.218873e-02	-5.708533e-02
0.000242      	8.885969e-02	4.466083e-02	4.419886e-02	-1.082711e-03	-1.333612e-04	-9.493496e-04	4.079942e-04	2.309840e-04	5.956656e-02	5.104238e-03	6.211867e-02	-5.701444e-02
0.000243      	8.875531e-02	4.460020e-02	4.415510e-02	-1.076272e-03	-1.316088e-04	-9.446633e-04	4.065272e-04	2.225484e-04	5.949635e-02	5.105034e-03	6.204887e-02	-5.694384e-02
0.000244      	8.865154e-02	4.455430e-02	4.409725e-02	-1.083275e-03	-1.304130e-04	-9.528618e-04	4.112244e-04	2.285266e-04	5.942650e-02	5.105941e-03	6.197947e-02	-5.687352e-02
0.000245      	8.854793e-02	4.450951e-02	4.403843e-02	-1.089279e-03	-1.287520e-04	-9.605270e-04	4.158875e-04	2.355412e-04	5.935707e-02	5.107174e-03	6.191066e-02	-5.680349e-02
0.000246      	8.844500e-02	4.446299e-02	4.398201e-02	-1.094140e-03	-1.270503e-04	-9.670895e-04	4.200196e-04	2.404938e-04	5.928785e-02	5.108202e-03	6.184195e-02	-5.673375e-02
0.000247      	8.834252e-02	4.441800e-02	4.392452e-02	-1.101160e-03	-1.259987e-04	-9.751614e-04	4.245813e-04	2.467366e-04	5.921882e-02	5.108971e-03	6.177330e-02	-5.666433e-02
0.000248      	8.824049e-02	4.437060e-02	4.386989e-02	-1.104502e-03	-1.234011e-04	-9.811008e-04	4.288498e-04	2.503588e-04	5.915023e-02	5.109887e-03	6.170517e-02	-5.659528e-02
0.000249      	8.813898e-02	4.432705e-02	4.381193e-02	-1.111807e-03	-1.223349e-04	-9.894724e-04	4.335688e-04	2.575568e-04	5.908195e-02	5.110723e-03	6.163732e-02	-5.652659e-02
0.00025       	8.803770e-02	4.428095e-02	4.375676e-02	-1.116646e-03	-1.207799e-04	-9.958663e-04	4.375432e-04	2.620955e-04	5.901385e-02	5.111528e-03	6.156961e-02	-5.645808e-02
0.000251      	8.793687e-02	4.423410e-02	4.370277e-02	-1.120248e-03	-1.186656e-04	-1.001582e-03	4.414582e-04	2.656656e-04	5.894590e-02	5.112278e-03	6.150204e-02	-5.638976e-02
0.000252      	8.783676e-02	4.419123e-02	4.364553e-02	-1.127259e-03	-1.182131e-04	-1.009046e-03	4.454164e-04	2.728491e-04	5.887856e-02	5.113111e-03	6.143512e-02	-5.632201e-02
0.000253      	8.773668e-02	4.414778e-02	4.358890e-02	-1.134464e-03	-1.171479e-04	-1.017316e-03	4.500840e-04	2.794353e-04	5.881125e-02	5.113870e-03	6.136818e-02	-5.625432e-02
0.000254      	8.763691e-02	4.409861e-02	4.353830e-02	-1.134908e-03	-1.149199e-04	-1.019988e-03	4.525340e-04	2.801572e-04	5.874405e-02	5.114392e-03	6.130124e-02	-5.618685e-02
0.000255      	8.753781e-02	4.405268e-02	4.348513e-02	-1.139918e-03	-1.143967e-04	-1.025521e-03	4.555621e-04	2.837719e-04	5.867733e-02	5.114757e-03	6.123471e-02	-5.611995e-02
0.000256      	8.743901e-02	4.400838e-02	4.343063e-02	-1.145218e-03	-1.129818e-04	-1.032237e-03	4.596274e-04	2.888744e-04	5.861080e-02	5.115420e-03	6.116851e-02	-5.605309e-02
0.000257      	8.734083e-02	4.396525e-02	4.337558e-02	-1.149617e-03	-1.111506e-04	-1.038467e-03	4.636581e-04	2.948318e-04	5.854461e-02	5.116133e-03	6.110267e-02	-5.598654e-02
0.000258      	8.724271e-02	4.392128e-02	4.332143e-02	-1.154375e-03	-1.096818e-04	-1.044693e-03	4.675057e-04	2.999281e-04	5.847864e-02	5.116679e-03	6.103698e-02	-5.592030e-02
0.000259      	8.714505e-02	4.387646e-02	4.326859e-02	-1.158764e-03	-1.080617e-04	-1.050702e-03	4.713204e-04	3.039359e-04	5.841290e-02	5.117177e-03	6.097149e-02	-5.585431e-02
0.00026       	8.704810e-02	4.383355e-02	4.321454e-02	-1.163988e-03	-1.066463e-04	-1.057342e-03	4.753476e-04	3.095036e-04	5.834756e-02	5.118059e-03	6.090659e-02	-5.578853e-02
0.000261      	8.695121e-02	4.379141e-02	4.315980e-02	-1.171169e-03	-1.061527e-04	-1.065016e-03	4.794317e-04	3.158064e-04	5.828239e-02	5.118445e-03	6.084161e-02	-5.572317e-02
0.000262      	8.685429e-02	4.374491e-02	4.310938e-02	-1.175301e-03	-1.059204e-04	-1.069381e-03	4.817302e-04	3.177642e-04	5.821719e-02	5.119474e-03	6.077693e-02	-5.565746e-02
0.000263      	8.675879e-02	4.370448e-02	4.305431e-02	-1.181379e-03	-1.033110e-04	-1.078068e-03	4.873787e-04	3.250868e-04	5.815266e-02	5.118990e-03	6.071216e-02	-5.559317e-02
0.000264      	8.666229e-02	4.365685e-02	4.300543e-02	-1.184827e-03	-1.034967e-04	-1.081331e-03	4.889170e-04	3.257088e-04	5.808789e-02	5.120586e-03	6.064819e-02	-5.552760e-02
0.000265      	8.656760e-02	4.361519e-02	4.295241e-02	-1.188711e-03	-1.009278e-04	-1.087784e-03	4.934279e-04	3.313905e-04	5.802396e-02	5.120273e-03	6.058410e-02	-5.546383e-02
0.000266      	8.647228e-02	4.356979e-02	4.290250e-02	-1.189701e-03	-9.786411e-05	-1.091837e-03	4.969863e-04	3.336472e-04	5.795976e-02	5.120551e-03	6.052004e-02	-5.539948e-02
0.000267      	8.637735e-02	4.352497e-02	4.285238e-02	-1.194654e-03	-9.839803e-05	-1.096256e-03	4.989289e-04	3.362940e-04	5.789611e-02	5.121764e-03	6.045700e-02	-5.533523e-02
0.000268      	8.628351e-02	4.348683e-02	4.279668e-02	-1.199892e-03	-9.420879e-05	-1.105683e-03	5.057373e-04	3.450796e-04	5.783269e-02	5.120827e-03	6.039310e-02	-5.527227e-02
0.000269      	8.618983e-02	4.344521e-02	4.274462e-02	-1.206404e-03	-9.473991e-05	-1.111664e-03	5.084620e-04	3.502956e-04	5.776998e-02	5.122225e-03	6.033109e-02	-5.520887e-02
0.00027       	8.609712e-02	4.340882e-02	4.268831e-02	-1.218136e-03	-9.514479e-05	-1.122991e-03	5.139232e-04	3.602561e-04	5.770769e-02	5.122698e-03	6.026904e-02	-5.514634e-02
0.000271      	8.600397e-02	4.336212e-02	4.264185e-02	-1.214359e-03	-9.211526e-05	-1.122243e-03	5.150641e-04	3.601333e-04	5.764468e-02	5.122295e-03	6.020583e-02	-5.508353e-02
0.000272      	8.591092e-02	4.331554e-02	4.259538e-02	-1.215503e-03	-9.162488e-05	-1.123878e-03	5.161266e-04	3.600790e-04	5.758232e-02	5.123751e-03	6.014420e-02	-5.502045e-02
0.000273      	8.581872e-02	4.327444e-02	4.254428e-02	-1.217049e-03	-8.866828e-05	-1.128381e-03	5.198563e-04	3.650783e-04	5.752017e-02	5.123832e-03	6.008209e-02	-5.495826e-02
0.000274      	8.572723e-02	4.323640e-02	4.249083e-02	-1.225813e-03	-8.793055e-05	-1.137883e-03	5.249761e-04	3.727877e-04	5.745848e-02	5.123765e-03	6.002036e-02	-5.489660e-02
0.000275      	8.563526e-02	4.319627e-02	4.243899e-02	-1.238179e-03	-8.973984e-05	-1.148440e-03	5.293499e-04	3.786374e-04	5.739668e-02	5.124618e-03	5.995899e-02	-5.483437e-02
0.000276      	8.554456e-02	4.316176e-02	4.238279e-02	-1.252547e-03	-9.014151e-05	-1.162406e-03	5.361321e-04	3.894854e-04	5.733547e-02	5.124369e-03	5.989765e-02	-5.477328e-02
0.000277      	8.545432e-02	4.312204e-02	4.233228e-02	-1.251155e-03	-8.597423e-05	-1.165180e-03	5.396031e-04	3.948813e-04	5.727477e-02	5.124644e-03	5.983709e-02	-5.471245e-02
0.000278      	8.536350e-02	4.307792e-02	4.228558e-02	-1.254404e-03	-8.567920e-05	-1.168725e-03	5.415227e-04	3.961725e-04	5.721381e-02	5.125540e-03	5.977658e-02	-5.465104e-02
0.000279      	8.527316e-02	4.304117e-02	4.223199e-02	-1.265848e-03	-8.608607e-05	-1.179762e-03	5.468379e-04	4.045878e-04	5.715268e-02	5.125234e-03	5.971530e-02	-5.459007e-02
0.00028       	8.518383e-02	4.300178e-02	4.218205e-02	-1.270858e-03	-8.565274e-05	-1.185205e-03	5.497762e-04	4.098693e-04	5.709285e-02	5.125597e-03	5.965565e-02	-5.453005e-02
0.000281      	8.509390e-02	4.295825e-02	4.213566e-02	-1.272639e-03	-8.416620e-05	-1.188473e-03	5.521534e-04	4.112965e-04	5.703239e-02	5.126430e-03	5.959560e-02	-5.446917e-02
0.000282      	8.500486e-02	4.292120e-02	4.208366e-02	-1.281096e-03	-8.429389e-05	-1.196802e-03	5.562540e-04	4.187746e-04	5.697243e-02	5.126452e-03	5.953566e-02	-5.440921e-02
0.000283      	8.491652e-02	4.288160e-02	4.203492e-02	-1.285612e-03	-8.318281e-05	-1.202429e-03	5.596232e-04	4.233395e-04	5.691267e-02	5.125985e-03	5.947566e-02	-5.434968e-02
0.000284      	8.482791e-02	4.283983e-02	4.198807e-02	-1.289307e-03	-8.213343e-05	-1.207173e-03	5.625198e-04	4.258798e-04	5.685306e-02	5.126466e-03	5.941630e-02	-5.428983e-02
0.000285      	8.474006e-02	4.280141e-02	4.193865e-02	-1.295516e-03	-8.181266e-05	-1.213704e-03	5.659455e-04	4.313823e-04	5.679390e-02	5.126619e-03	5.935720e-02	-5.423059e-02
0.000286      	8.465240e-02	4.276070e-02	4.189170e-02	-1.298537e-03	-7.989953e-05	-1.218638e-03	5.693690e-04	4.345012e-04	5.673485e-02	5.126457e-03	5.929807e-02	-5.417162e-02
0.000287      	8.456492e-02	4.272099e-02	4.184394e-02	-1.303422e-03	-7.916646e-05	-1.224256e-03	5.725446e-04	4.385237e-04	5.667600e-02	5.126687e-03	5.923934e-02	-5.411265e-02
0.000288      	8.447831e-02	4.268337e-02	4.179494e-02	-1.310395e-03	-7.924266e-05	-1.231152e-03	5.759546e-04	4.442157e-04	5.661756e-02	5.126974e-03	5.918105e-02	-5.405408e-02
0.000289      	8.439181e-02	4.264626e-02	4.174555e-02	-1.317317e-03	-7.854146e-05	-1.238776e-03	5.801172e-04	4.503560e-04	5.655930e-02	5.126741e-03	5.912267e-02	-5.399593e-02
0.00029       	8.430552e-02	4.260720e-02	4.169831e-02	-1.322123e-03	-7.752380e-05	-1.244600e-03	5.835379e-04	4.544457e-04	5.650118e-02	5.126758e-03	5.906456e-02	-5.393780e-02
0.000291      	8.421952e-02	4.256625e-02	4.165327e-02	-1.325294e-03	-7.664067e-05	-1.248653e-03	5.860063e-04	4.564911e-04	5.644318e-02	5.126549e-03	5.900646e-02	-5.387991e-02
0.000292      	8.413403e-02	4.252973e-02	4.160430e-02	-1.332087e-03	-7.610415e-05	-1.255983e-03	5.899393e-04	4.627155e-04	5.638563e-02	5.126049e-03	5.894865e-02	-5.382260e-02
0.000293      	8.404895e-02	4.249269e-02	4.155626e-02	-1.338023e-03	-7.558671e-05	-1.262437e-03	5.934250e-04	4.682117e-04	5.632846e-02	5.125054e-03	5.889099e-02	-5.376594e-02
0.000294      	8.396398e-02	4.245491e-02	4.150907e-02	-1.344233e-03	-7.514352e-05	-1.269089e-03	5.969727e-04	4.729206e-04	5.627102e-02	5.127111e-03	5.883457e-02	-5.370746e-02
0.000295      	8.387962e-02	4.241931e-02	4.146031e-02	-1.352077e-03	-7.433493e-05	-1.277742e-03	6.017033e-04	4.794989e-04	5.621407e-02	5.127889e-03	5.877802e-02	-5.365013e-02
0.000296      	8.379491e-02	4.237647e-02	4.141844e-02	-1.349974e-03	-7.276203e-05	-1.277212e-03	6.022251e-04	4.790174e-04	5.615685e-02	5.131138e-03	5.872242e-02	-5.359128e-02
0.000297      	8.371085e-02	4.233882e-02	4.137203e-02	-1.352236e-03	-7.111597e-05	-1.281120e-03	6.050018e-04	4.833949e-04	5.610020e-02	5.131725e-03	5.866607e-02	-5.353434e-02
0.000298      	8.362732e-02	4.230290e-02	4.132442e-02	-1.358641e-03	-7.033861e-05	-1.288302e-03	6.089817e-04	4.892360e-04	5.604382e-02	5.131298e-03	5.860947e-02	-5.347818e-02
0.000299      	8.354415e-02	4.226769e-02	4.127646e-02	-1.366501e-03	-7.022103e-05	-1.296280e-03	6.130294e-04	4.956185e-04	5.598775e-02	5.131246e-03	5.855337e-02	-5.342212e-02
0.0003        	8.346087e-02	4.223073e-02	4.123014e-02	-1.372379e-03	-6.953447e-05	-1.302845e-03	6.166550e-04	5.002928e-04	5.593177e-02	5.131511e-03	5.849753e-02	-5.336602e-02
0.000301      	8.337820e-02	4.219360e-02	4.118461e-02	-1.377595e-03	-6.881683e-05	-1.308778e-03	6.199805e-04	5.044959e-04	5.587612e-02	5.131411e-03	5.844183e-02	-5.331042e-02
0.000302      	8.329602e-02	4.215827e-02	4.113775e-02	-1.384520e-03	-6.867570e-05	-1.315845e-03	6.235844e-04	5.102605e-04	5.582067e-02	5.131181e-03	5.838626e-02	-5.325508e-02
0.000303      	8.321393e-02	4.212320e-02	4.109073e-02	-1.391227e-03	-6.812473e-05	-1.323102e-03	6.274888e-04	5.162314e-04	5.576553e-02	5.131161e-03	5.833111e-02	-5.319995e-02
0.000304      	8.313235e-02	4.208634e-02	4.104601e-02	-1.396518e-03	-6.733993e-05	-1.329178e-03	6.309193e-04	5.201621e-04	5.571067e-02	5.131079e-03	5.827621e-02	-5.314513e-02
0.000305      	8.305121e-02	4.205188e-02	4.099933e-02	-1.403796e-03	-6.704316e-05	-1.336753e-03	6.348548e-04	5.262777e-04	5.565582e-02	5.130795e-03	5.822122e-02	-5.309042e-02
0.000306      	8.296963e-02	4.201378e-02	4.095585e-02	-1.405802e-03	-6.497322e-05	-1.340829e-03	6.379279e-04	5.289665e-04	5.560110e-02	5.130259e-03	5.816623e-02	-5.303597e-02
0.000307      	8.288912e-02	4.197616e-02	4.091296e-02	-1.405879e-03	-6.182449e-05	-1.344054e-03	6.411148e-04	5.316001e-04	5.554667e-02	5.131303e-03	5.811233e-02	-5.298102e-02
0.000308      	8.280876e-02	4.194366e-02	4.086510e-02	-1.416513e-03	-6.316819e-05	-1.353345e-03	6.450885e-04	5.392820e-04	5.549236e-02	5.132215e-03	5.805847e-02	-5.292625e-02
0.000309      	8.272838e-02	4.190847e-02	4.081991e-02	-1.421031e-03	-6.164009e-05	-1.359391e-03	6.488755e-04	5.442826e-04	5.543840e-02	5.131797e-03	5.800430e-02	-5.287250e-02
0.00031       	8.264874e-02	4.187356e-02	4.077518e-02	-1.426722e-03	-6.080955e-05	-1.365913e-03	6.525516e-04	5.491905e-04	5.538466e-02	5.131388e-03	5.795036e-02	-5.281897e-02
0.000311      	8.256953e-02	4.184017e-02	4.072936e-02	-1.432880e-03	-6.108963e-05	-1.371790e-03	6.553502e-04	5.554036e-04	5.533108e-02	5.131231e-03	5.789670e-02	-5.276546e-02
0.000312      	8.249018e-02	4.180433e-02	4.068585e-02	-1.437207e-03	-6.008645e-05	-1.377121e-03	6.585172e-04	5.592426e-04	5.527772e-02	5.131386e-03	5.784342e-02	-5.271203e-02
0.000313      	8.241132e-02	4.176973e-02	4.064159e-02	-1.442733e-03	-5.981614e-05	-1.382917e-03	6.615504e-04	5.640735e-04	5.522425e-02	5.131344e-03	5.778992e-02	-5.265858e-02
0.000314      	8.233269e-02	4.173449e-02	4.059820e-02	-1.447989e-03	-5.904744e-05	-1.388941e-03	6.649469e-04	5.681451e-04	5.517144e-02	5.131245e-03	5.773706e-02	-5.260581e-02
0.000315      	8.225428e-02	4.169950e-02	4.055478e-02	-1.452767e-03	-5.773067e-05	-1.395036e-03	6.686528e-04	5.723584e-04	5.511876e-02	5.131035e-03	5.768428e-02	-5.255325e-02
0.000316      	8.217641e-02	4.166725e-02	4.050916e-02	-1.460924e-03	-5.798573e-05	-1.402938e-03	6.724763e-04	5.790430e-04	5.506612e-02	5.130902e-03	5.763157e-02	-5.250067e-02
0.000317      	8.209875e-02	4.163466e-02	4.046409e-02	-1.467904e-03	-5.778586e-05	-1.410118e-03	6.761663e-04	5.852856e-04	5.501383e-02	5.130851e-03	5.757925e-02	-5.244840e-02
0.000318      	8.202110e-02	4.160099e-02	4.042011e-02	-1.473914e-03	-5.715798e-05	-1.416756e-03	6.797988e-04	5.904412e-04	5.496156e-02	5.130576e-03	5.752685e-02	-5.239627e-02
0.000319      	8.194422e-02	4.156491e-02	4.037931e-02	-1.472947e-03	-5.395563e-05	-1.418992e-03	6.825179e-04	5.928027e-04	5.490969e-02	5.130205e-03	5.747480e-02	-5.234459e-02
0.00032       	8.186754e-02	4.153477e-02	4.033277e-02	-1.485469e-03	-5.637939e-05	-1.429090e-03	6.863551e-04	6.010014e-04	5.485800e-02	5.129938e-03	5.742297e-02	-5.229303e-02
0.000321      	8.179064e-02	4.149942e-02	4.029122e-02	-1.485848e-03	-5.325042e-05	-1.432598e-03	6.896738e-04	6.041017e-04	5.480624e-02	5.129728e-03	5.737110e-02	-5.224138e-02
0.000322      	8.171458e-02	4.146625e-02	4.024833e-02	-1.492651e-03	-5.328812e-05	-1.439363e-03	6.930374e-04	6.089575e-04	5.475497e-02	5.129640e-03	5.731979e-02	-5.219015e-02
0.000323      	8.163858e-02	4.143602e-02	4.020256e-02	-1.503076e-03	-5.455615e-05	-1.448520e-03	6.969820e-04	6.167300e-04	5.470382e-02	5.129606e-03	5.726862e-02	-5.213902e-02
0.000324      	8.156251e-02	4.140257e-02	4.015995e-02	-1.504569e-03	-5.136036e-05	-1.453209e-03	7.009242e-04	6.213083e-04	5.465265e-02	5.129486e-03	5.721739e-02	-5.208790e-02
0.000325      	8.148695e-02	4.136637e-02	4.012058e-02	-1.509397e-03	-5.102937e-05	-1.458368e-03	7.036694e-04	6.228931e-04	5.460159e-02	5.129210e-03	5.716620e-02	-5.203699e-02
0.000326      	8.141144e-02	4.133751e-02	4.007393e-02	-1.521188e-03	-5.317343e-05	-1.468015e-03	7.074207e-04	6.317942e-04	5.455081e-02	5.128987e-03	5.711530e-02	-5.198631e-02
0.000327      	8.133658e-02	4.130386e-02	4.003272e-02	-1.522872e-03	-5.020116e-05	-1.472671e-03	7.112350e-04	6.355662e-04	5.450045e-02	5.128382e-03	5.706464e-02	-5.193626e-02
0.000328      	8.126237e-02	4.127321e-02	3.998915e-02	-1.532910e-03	-5.180972e-05	-1.481101e-03	7.146455e-04	6.420300e-04	5.445034e-02	5.127879e-03	5.701428e-02	-5.188640e-02
0.000329      	8.118745e-02	4.124006e-02	3.994739e-02	-1.539274e-03	-5.207941e-05	-1.487194e-03	7.175575e-04	6.463360e-04	5.439993e-02	5.127694e-03	5.696377e-02	-5.183608e-02
0.00033       	8.111373e-02	4.120783e-02	3.990590e-02	-1.542613e-03	-5.011144e-05	-1.492502e-03	7.211953e-04	6.509652e-04	5.435030e-02	5.127863e-03	5.691423e-02	-5.178637e-02
0.000331      	8.103989e-02	4.117569e-02	3.986419e-02	-1.548733e-03	-5.023405e-05	-1.498499e-03	7.241326e-04	6.557509e-04	5.430050e-02	5.127794e-03	5.686440e-02	-5.173661e-02
0.000332      	8.096672e-02	4.114579e-02	3.982093e-02	-1.557627e-03	-5.009277e-05	-1.507534e-03	7.287207e-04	6.624305e-04	5.425098e-02	5.127183e-03	5.681457e-02	-5.168738e-02
0.000333      	8.089339e-02	4.111671e-02	3.977668e-02	-1.564519e-03	-4.900402e-05	-1.515515e-03	7.332554e-04	6.700139e-04	5.420183e-02	5.127012e-03	5.676534e-02	-5.163833e-02
0.000334      	8.082069e-02	4.108568e-02	3.973501e-02	-1.570752e-03	-4.906537e-05	-1.521687e-03	7.363106e-04	6.753373e-04	5.415283e-02	5.126246e-03	5.671595e-02	-5.158971e-02
0.000335      	8.074802e-02	4.105367e-02	3.969436e-02	-1.575926e-03	-4.873978e-05	-1.527186e-03	7.392232e-04	6.796563e-04	5.410386e-02	5.126131e-03	5.666693e-02	-5.154080e-02
0.000336      	8.067558e-02	4.102322e-02	3.965236e-02	-1.582106e-03	-4.806790e-05	-1.534038e-03	7.429851e-04	6.854291e-04	5.405504e-02	5.126420e-03	5.661825e-02	-5.149183e-02
0.000337      	8.060337e-02	4.099191e-02	3.961146e-02	-1.586973e-03	-4.693228e-05	-1.540041e-03	7.465542e-04	6.902232e-04	5.400645e-02	5.126140e-03	5.656952e-02	-5.144338e-02
0.000338      	8.053146e-02	4.096004e-02	3.957142e-02	-1.591667e-03	-4.607472e-05	-1.545592e-03	7.497588e-04	6.943058e-04	5.395799e-02	5.125989e-03	5.652098e-02	-5.139499e-02
0.000339      	8.045976e-02	4.092950e-02	3.953025e-02	-1.597730e-03	-4.633085e-05	-1.551399e-03	7.525341e-04	6.996246e-04	5.390982e-02	5.125805e-03	5.647272e-02	-5.134691e-02
0.00034       	8.038838e-02	4.089947e-02	3.948891e-02	-1.604389e-03	-4.636918e-05	-1.558020e-03	7.558255e-04	7.052830e-04	5.386180e-02	5.125373e-03	5.642449e-02	-5.129911e-02
0.000341      	8.031737e-02	4.086884e-02	3.944853e-02	-1.609542e-03	-4.556534e-05	-1.563977e-03	7.592057e-04	7.101519e-04	5.381390e-02	5.125015e-03	5.637641e-02	-5.125140e-02
0.000342      	8.024648e-02	4.084293e-02	3.940355e-02	-1.619695e-03	-4.519905e-05	-1.574496e-03	7.646485e-04	7.196930e-04	5.376613e-02	5.124700e-03	5.632848e-02	-5.120378e-02
0.000343      	8.017600e-02	4.081548e-02	3.936052e-02	-1.627299e-03	-4.398236e-05	-1.583316e-03	7.696670e-04	7.274775e-04	5.371856e-02	5.124561e-03	5.628084e-02	-5.115628e-02
0.000344      	8.010617e-02	4.078335e-02	3.932282e-02	-1.630461e-03	-4.307569e-05	-1.587385e-03	7.721548e-04	7.302653e-04	5.367120e-02	5.124735e-03	5.623357e-02	-5.110883e-02
0.000345      	8.003582e-02	4.075248e-02	3.928334e-02	-1.636981e-03	-4.355942e-05	-1.593421e-03	7.749310e-04	7.345736e-04	5.362409e-02	5.124019e-03	5.618610e-02	-5.106208e-02
0.000346      	7.996601e-02	4.072327e-02	3.924273e-02	-1.643995e-03	-4.355903e-05	-1.600436e-03	7.784387e-04	7.402683e-04	5.357709e-02	5.123525e-03	5.613885e-02	-5.101533e-02
0.000347      	7.989636e-02	4.069297e-02	3.920339e-02	-1.648724e-03	-4.278256e-05	-1.605941e-03	7.815795e-04	7.447935e-04	5.353023e-02	5.123275e-03	5.609187e-02	-5.096859e-02
0.000348      	7.982684e-02	4.066111e-02	3.916573e-02	-1.651534e-03	-4.152230e-05	-1.610012e-03	7.842447e-04	7.476935e-04	5.348344e-02	5.123112e-03	5.604499e-02	-5.092188e-02
0.000349      	7.975760e-02	4.063137e-02	3.912623e-02	-1.656905e-03	-4.120879e-05	-1.615696e-03	7.872435e-04	7.525707e-04	5.343678e-02	5.122655e-03	5.599810e-02	-5.087545e-02
0.00035       	7.968863e-02	4.060263e-02	3.908600e-02	-1.663673e-03	-4.116193e-05	-1.622511e-03	7.906747e-04	7.583148e-04	5.339027e-02	5.122233e-03	5.595139e-02	-5.082915e-02
0.000351      	7.962012e-02	4.057349e-02	3.904663e-02	-1.669777e-03	-4.126015e-05	-1.628517e-03	7.936282e-04	7.634315e-04	5.334409e-02	5.121831e-03	5.590501e-02	-5.078318e-02
0.000352      	7.955188e-02	4.054639e-02	3.900549e-02	-1.677994e-03	-4.138916e-05	-1.636605e-03	7.976078e-04	7.704522e-04	5.329830e-02	5.121777e-03	5.585919e-02	-5.073741e-02
0.000353      	7.948374e-02	4.051676e-02	3.896698e-02	-1.683589e-03	-4.105155e-05	-1.642538e-03	8.007430e-04	7.748915e-04	5.325230e-02	5.121178e-03	5.581289e-02	-5.069171e-02
0.000354      	7.941595e-02	4.048784e-02	3.892811e-02	-1.689350e-03	-4.094668e-05	-1.648404e-03	8.037284e-04	7.798661e-04	5.320664e-02	5.120843e-03	5.576706e-02	-5.064622e-02
0.000355      	7.934800e-02	4.045833e-02	3.888967e-02	-1.694321e-03	-4.041683e-05	-1.653904e-03	8.067436e-04	7.843332e-04	5.316078e-02	5.120407e-03	5.572099e-02	-5.060058e-02
0.000356      	7.928062e-02	4.042894e-02	3.885168e-02	-1.699222e-03	-3.968187e-05	-1.659541e-03	8.099294e-04	7.886327e-04	5.311542e-02	5.120033e-03	5.567544e-02	-5.055541e-02
0.000357      	7.921360e-02	4.040091e-02	3.881270e-02	-1.705926e-03	-3.975474e-05	-1.666171e-03	8.132083e-04	7.941046e-04	5.307029e-02	5.119678e-03	5.563013e-02	-5.051045e-02
0.000358      	7.914653e-02	4.037106e-02	3.877546e-02	-1.709610e-03	-3.863513e-05	-1.670975e-03	8.161698e-04	7.977995e-04	5.302505e-02	5.119265e-03	5.558468e-02	-5.046542e-02
0.000359      	7.907976e-02	4.034237e-02	3.873738e-02	-1.715712e-03	-3.825731e-05	-1.677455e-03	8.195988e-04	8.024967e-04	5.298014e-02	5.118831e-03	5.553956e-02	-5.042072e-02
0.00036       	7.901329e-02	4.031645e-02	3.869684e-02	-1.725436e-03	-3.917230e-05	-1.686264e-03	8.235458e-04	8.098017e-04	5.293536e-02	5.118460e-03	5.549459e-02	-5.037613e-02
0.000361      	7.894720e-02	4.028783e-02	3.865938e-02	-1.730714e-03	-3.896851e-05	-1.691745e-03	8.263883e-04	8.142257e-04	5.289091e-02	5.118131e-03	5.544997e-02	-5.033184e-02
0.000362      	7.888123e-02	4.025991e-02	3.862132e-02	-1.736548e-03	-3.874078e-05	-1.697808e-03	8.295334e-04	8.192969e-04	5.284646e-02	5.117649e-03	5.540529e-02	-5.028764e-02
0.000363      	7.881549e-02	4.023216e-02	3.858333e-02	-1.742833e-03	-3.869992e-05	-1.704133e-03	8.327166e-04	8.244105e-04	5.280216e-02	5.117252e-03	5.536079e-02	-5.024354e-02
0.000364      	7.874995e-02	4.020396e-02	3.854599e-02	-1.748097e-03	-3.830749e-05	-1.709790e-03	8.357412e-04	8.289861e-04	5.275805e-02	5.116899e-03	5.531650e-02	-5.019960e-02
0.000365      	7.868477e-02	4.017666e-02	3.850811e-02	-1.754514e-03	-3.807722e-05	-1.716437e-03	8.391798e-04	8.342768e-04	5.271409e-02	5.116463e-03	5.527232e-02	-5.015585e-02
0.000366      	7.861967e-02	4.014758e-02	3.847209e-02	-1.759351e-03	-3.757415e-05	-1.721777e-03	8.421014e-04	8.377459e-04	5.267010e-02	5.116025e-03	5.522811e-02	-5.011208e-02
0.000367      	7.855459e-02	4.011862e-02	3.843597e-02	-1.763250e-03	-3.667063e-05	-1.726580e-03	8.449545e-04	8.413248e-04	5.262625e-02	5.115575e-03	5.518403e-02	-5.006846e-02
0.000368      	7.849000e-02	4.009070e-02	3.839930e-02	-1.767428e-03	-3.571325e-05	-1.731715e-03	8.480009e-04	8.457020e-04	5.258284e-02	5.115151e-03	5.514042e-02	-5.002526e-02
0.000369      	7.842564e-02	4.006390e-02	3.836174e-02	-1.774138e-03	-3.598130e-05	-1.738157e-03	8.510879e-04	8.510769e-04	5.253943e-02	5.114743e-03	5.509680e-02	-4.998206e-02
0.00037       	7.836142e-02	4.003608e-02	3.832534e-02	-1.779033e-03	-3.548131e-05	-1.743552e-03	8.540353e-04	8.553691e-04	5.249611e-02	5.114265e-03	5.505325e-02	-4.993898e-02
0.000371      	7.829712e-02	4.000827e-02	3.828884e-02	-1.784006e-03	-3.510676e-05	-1.748899e-03	8.568961e-04	8.597154e-04	5.245264e-02	5.113687e-03	5.500948e-02	-4.989580e-02
0.000372      	7.823356e-02	3.998112e-02	3.825244e-02	-1.789518e-03	-3.483495e-05	-1.754683e-03	8.599240e-04	8.643421e-04	5.240985e-02	5.113344e-03	5.496652e-02	-4.985318e-02
0.000373      	7.816982e-02	3.995344e-02	3.821638e-02	-1.795064e-03	-3.470233e-05	-1.760361e-03	8.628294e-04	8.685279e-04	5.236672e-02	5.112909e-03	5.492317e-02	-4.981027e-02
0.000374      	7.810687e-02	3.992805e-02	3.817882e-02	-1.801770e-03	-3.486904e-05	-1.766901e-03	8.660160e-04	8.746159e-04	5.232453e-02	5.112556e-03	5.488080e-02	-4.976825e-02
0.000375      	7.804389e-02	3.990035e-02	3.814354e-02	-1.806180e-03	-3.441869e-05	-1.771762e-03	8.686715e-04	8.784049e-04	5.228221e-02	5.112244e-03	5.483833e-02	-4.972609e-02
0.000376      	7.798099e-02	3.987495e-02	3.810604e-02	-1.813236e-03	-3.420282e-05	-1.779033e-03	8.724149e-04	8.844522e-04	5.223993e-02	5.112073e-03	5.479596e-02	-4.968389e-02
0.000377      	7.791843e-02	3.984762e-02	3.807081e-02	-1.818858e-03	-3.417341e-05	-1.784684e-03	8.752554e-04	8.884033e-04	5.219780e-02	5.111579e-03	5.475359e-02	-4.964201e-02
0.000378      	7.785598e-02	3.982175e-02	3.803423e-02	-1.825658e-03	-3.381436e-05	-1.791844e-03	8.790146e-04	8.937622e-04	5.215595e-02	5.111545e-03	5.471172e-02	-4.960018e-02
0.000379      	7.779381e-02	3.979737e-02	3.799644e-02	-1.833091e-03	-3.430765e-05	-1.798783e-03	8.822379e-04	9.004614e-04	5.211403e-02	5.111019e-03	5.466954e-02	-4.955852e-02
0.00038       	7.773196e-02	3.977117e-02	3.796079e-02	-1.839098e-03	-3.440325e-05	-1.804695e-03	8.851459e-04	9.051900e-04	5.207229e-02	5.110420e-03	5.462750e-02	-4.951708e-02
0.000381      	7.767012e-02	3.974491e-02	3.792521e-02	-1.843971e-03	-3.365825e-05	-1.810313e-03	8.883272e-04	9.098525e-04	5.203063e-02	5.110047e-03	5.458566e-02	-4.947561e-02
0.000382      	7.760862e-02	3.971779e-02	3.789083e-02	-1.847642e-03	-3.277504e-05	-1.814867e-03	8.910459e-04	9.134835e-04	5.198916e-02	5.109490e-03	5.454390e-02	-4.943441e-02
0.000383      	7.754714e-02	3.969195e-02	3.785519e-02	-1.854123e-03	-3.329237e-05	-1.820830e-03	8.937689e-04	9.183796e-04	5.194776e-02	5.109096e-03	5.450231e-02	-4.939322e-02
0.000384      	7.748595e-02	3.966665e-02	3.781930e-02	-1.860412e-03	-3.335397e-05	-1.827058e-03	8.968523e-04	9.236757e-04	5.190653e-02	5.108622e-03	5.446084e-02	-4.935221e-02
0.000385      	7.742503e-02	3.963886e-02	3.778617e-02	-1.863411e-03	-3.278923e-05	-1.830621e-03	8.989161e-04	9.263492e-04	5.186543e-02	5.108292e-03	5.441958e-02	-4.931128e-02
0.000386      	7.736405e-02	3.961333e-02	3.775072e-02	-1.869849e-03	-3.288874e-05	-1.836960e-03	9.020356e-04	9.313044e-04	5.182435e-02	5.107935e-03	5.437832e-02	-4.927039e-02
0.000387      	7.730416e-02	3.958955e-02	3.771462e-02	-1.876324e-03	-3.313774e-05	-1.843186e-03	9.050242e-04	9.374658e-04	5.178428e-02	5.107516e-03	5.433804e-02	-4.923053e-02
0.000388      	7.724442e-02	3.956529e-02	3.767912e-02	-1.882313e-03	-3.320226e-05	-1.849110e-03	9.079541e-04	9.430850e-04	5.174447e-02	5.107240e-03	5.429809e-02	-4.919085e-02
0.000389      	7.718401e-02	3.954021e-02	3.764380e-02	-1.889426e-03	-3.371677e-05	-1.855710e-03	9.109964e-04	9.482083e-04	5.170362e-02	5.106734e-03	5.425698e-02	-4.915025e-02
0.00039       	7.712410e-02	3.951331e-02	3.761079e-02	-1.892464e-03	-3.232982e-05	-1.860134e-03	9.139023e-04	9.512600e-04	5.166331e-02	5.106203e-03	5.421642e-02	-4.911021e-02
0.000391      	7.706420e-02	3.948699e-02	3.757721e-02	-1.896587e-03	-3.136633e-05	-1.865221e-03	9.169271e-04	9.548913e-04	5.162287e-02	5.105655e-03	5.417570e-02	-4.907005e-02
0.000392      	7.700527e-02	3.946470e-02	3.754057e-02	-1.904405e-03	-3.214620e-05	-1.872259e-03	9.200565e-04	9.620650e-04	5.158380e-02	5.105424e-03	5.413651e-02	-4.903109e-02
0.000393      	7.694592e-02	3.943926e-02	3.750666e-02	-1.909253e-03	-3.168420e-05	-1.877569e-03	9.229422e-04	9.662978e-04	5.154369e-02	5.104906e-03	5.409615e-02	-4.899124e-02
0.000394      	7.688647e-02	3.941239e-02	3.747408e-02	-1.913352e-03	-3.088658e-05	-1.882465e-03	9.257892e-04	9.691572e-04	5.150335e-02	5.104329e-03	5.405551e-02	-4.895118e-02
0.000395      	7.682800e-02	3.939203e-02	3.743596e-02	-1.924689e-03	-3.291429e-05	-1.891775e-03	9.294304e-04	9.780347e-04	5.146443e-02	5.104034e-03	5.401645e-02	-4.891242e-02
0.000396      	7.676931e-02	3.936682e-02	3.740249e-02	-1.928972e-03	-3.242767e-05	-1.896545e-03	9.320586e-04	9.821616e-04	5.142469e-02	5.103490e-03	5.397644e-02	-4.887295e-02
0.000397      	7.671065e-02	3.934198e-02	3.736867e-02	-1.934800e-03	-3.230642e-05	-1.902493e-03	9.350935e-04	9.866545e-04	5.138518e-02	5.103132e-03	5.393675e-02	-4.883362e-02
0.000398      	7.665270e-02	3.931594e-02	3.733676e-02	-1.936855e-03	-3.136650e-05	-1.905488e-03	9.370608e-04	9.895926e-04	5.134632e-02	5.102787e-03	5.389772e-02	-4.879493e-02
0.000399      	7.659452e-02	3.929100e-02	3.730353e-02	-1.942055e-03	-3.133604e-05	-1.910719e-03	9.396916e-04	9.937364e-04	5.130715e-02	5.102399e-03	5.385835e-02	-4.875595e-02
0.0004        	7.653657e-02	3.926381e-02	3.727275e-02	-1.944174e-03	-3.027468e-05	-1.913900e-03	9.418125e-04	9.955290e-04	5.126816e-02	5.101613e-03	5.381896e-02	-4.871735e-02
0.000401      	7.647874e-02	3.924261e-02	3.723613e-02	-1.955865e-03	-3.257623e-05	-1.923289e-03	9.453564e-04	1.003242e-03	5.122920e-02	5.100987e-03	5.377970e-02	-4.867871e-02
0.000402      	7.642114e-02	3.922052e-02	3.720061e-02	-1.964331e-03	-3.317636e-05	-1.931155e-03	9.489893e-04	1.009956e-03	5.119054e-02	5.100179e-03	5.374063e-02	-4.864045e-02
0.000403      	7.636381e-02	3.919219e-02	3.717162e-02	-1.962256e-03	-3.067256e-05	-1.931584e-03	9.504557e-04	1.010284e-03	5.115193e-02	5.099707e-03	5.370178e-02	-4.860207e-02
0.000404      	7.630654e-02	3.916961e-02	3.713693e-02	-1.968917e-03	-3.067120e-05	-1.938246e-03	9.537872e-04	1.016339e-03	5.111329e-02	5.099212e-03	5.366289e-02	-4.856368e-02
0.000405      	7.624957e-02	3.914563e-02	3.710394e-02	-1.973600e-03	-2.993171e-05	-1.943668e-03	9.568682e-04	1.020846e-03	5.107501e-02	5.098378e-03	5.362420e-02	-4.852582e-02
0.000406      	7.619317e-02	3.912174e-02	3.707143e-02	-1.979429e-03	-3.027340e-05	-1.949156e-03	9.594411e-04	1.025157e-03	5.103731e-02	5.097520e-03	5.358607e-02	-4.848855e-02
0.000407      	7.613680e-02	3.909802e-02	3.703878e-02	-1.983710e-03	-2.961327e-05	-1.954097e-03	9.622417e-04	1.029618e-03	5.099923e-02	5.097122e-03	5.354779e-02	-4.845067e-02
0.000408      	7.608045e-02	3.907504e-02	3.700541e-02	-1.991162e-03	-3.038698e-05	-1.960775e-03	9.651940e-04	1.034817e-03	5.096128e-02	5.097647e-03	5.351011e-02	-4.841246e-02
0.000409      	7.602404e-02	3.905183e-02	3.697220e-02	-1.997568e-03	-3.052965e-05	-1.967039e-03	9.682545e-04	1.039815e-03	5.092336e-02	5.097027e-03	5.347187e-02	-4.837485e-02
0.00041       	7.596781e-02	3.902762e-02	3.694019e-02	-2.002447e-03	-3.016481e-05	-1.972283e-03	9.710589e-04	1.043714e-03	5.088537e-02	5.098900e-03	5.343482e-02	-4.833592e-02
0.000411      	7.591205e-02	3.900583e-02	3.690623e-02	-2.011823e-03	-3.155899e-05	-1.980264e-03	9.743524e-04	1.049800e-03	5.084788e-02	5.098437e-03	5.339710e-02	-4.829867e-02
0.000412      	7.585639e-02	3.898157e-02	3.687483e-02	-2.012110e-03	-2.912913e-05	-1.982981e-03	9.769257e-04	1.053370e-03	5.081028e-02	5.100395e-03	5.336048e-02	-4.826008e-02
0.000413      	7.580097e-02	3.895945e-02	3.684152e-02	-2.021666e-03	-3.074592e-05	-1.990921e-03	9.800873e-04	1.058963e-03	5.077301e-02	5.099640e-03	5.332283e-02	-4.822319e-02
0.000414      	7.574576e-02	3.893625e-02	3.680951e-02	-2.027184e-03	-3.081677e-05	-1.996367e-03	9.827751e-04	1.063368e-03	5.073596e-02	5.098025e-03	5.328497e-02	-4.818695e-02
0.000415      	7.569063e-02	3.891227e-02	3.677836e-02	-2.030962e-03	-3.014293e-05	-2.000819e-03	9.853380e-04	1.066955e-03	5.069878e-02	5.098362e-03	5.324796e-02	-4.814960e-02
0.000416      	7.563577e-02	3.889067e-02	3.674510e-02	-2.040167e-03	-3.143655e-05	-2.008731e-03	9.886470e-04	1.072781e-03	5.066178e-02	5.098658e-03	5.321111e-02	-4.811245e-02
0.000417      	7.558112e-02	3.886777e-02	3.671335e-02	-2.045123e-03	-3.116653e-05	-2.013956e-03	9.913949e-04	1.077212e-03	5.062501e-02	5.098072e-03	5.317404e-02	-4.807597e-02
0.000418      	7.552646e-02	3.884397e-02	3.668249e-02	-2.049196e-03	-3.053468e-05	-2.018662e-03	9.940635e-04	1.080743e-03	5.058830e-02	5.097464e-03	5.313704e-02	-4.803957e-02
0.000419      	7.547171e-02	3.882252e-02	3.664918e-02	-2.056731e-03	-3.126964e-05	-2.025461e-03	9.970958e-04	1.086670e-03	5.055155e-02	5.096722e-03	5.309991e-02	-4.800319e-02
0.00042       	7.541768e-02	3.880340e-02	3.661429e-02	-2.065109e-03	-3.130757e-05	-2.033801e-03	1.001247e-03	1.094554e-03	5.051519e-02	5.096099e-03	5.306324e-02	-4.796714e-02
0.000421      	7.536367e-02	3.877795e-02	3.658573e-02	-2.067984e-03	-3.113501e-05	-2.036849e-03	1.002857e-03	1.096110e-03	5.047879e-02	5.095503e-03	5.302654e-02	-4.793103e-02
0.000422      	7.530995e-02	3.875641e-02	3.655354e-02	-2.073752e-03	-3.051189e-05	-2.043241e-03	1.006364e-03	1.101433e-03	5.044272e-02	5.095138e-03	5.299028e-02	-4.789515e-02
0.000423      	7.525636e-02	3.873379e-02	3.652257e-02	-2.078724e-03	-3.018079e-05	-2.048543e-03	1.009181e-03	1.105614e-03	5.040669e-02	5.094679e-03	5.295403e-02	-4.785935e-02
0.000424      	7.520268e-02	3.871209e-02	3.649059e-02	-2.083671e-03	-2.976690e-05	-2.053904e-03	1.012068e-03	1.110752e-03	5.037046e-02	5.094091e-03	5.291751e-02	-4.782342e-02
0.000425      	7.514974e-02	3.869731e-02	3.645243e-02	-2.097268e-03	-3.071439e-05	-2.066554e-03	1.017920e-03	1.122440e-03	5.033503e-02	5.093778e-03	5.288192e-02	-4.778814e-02
0.000426      	7.509685e-02	3.867386e-02	3.642299e-02	-2.102459e-03	-3.135190e-05	-2.071107e-03	1.019877e-03	1.125433e-03	5.029908e-02	5.093640e-03	5.284590e-02	-4.775226e-02
0.000427      	7.504346e-02	3.865122e-02	3.639224e-02	-2.107409e-03	-3.137102e-05	-2.076038e-03	1.022334e-03	1.129491e-03	5.026332e-02	5.093022e-03	5.280983e-02	-4.771681e-02
0.000428      	7.499070e-02	3.862993e-02	3.636077e-02	-2.114458e-03	-3.161723e-05	-2.082841e-03	1.025612e-03	1.134582e-03	5.022792e-02	5.092835e-03	5.277434e-02	-4.768151e-02
0.000429      	7.493766e-02	3.860750e-02	3.633016e-02	-2.117054e-03	-3.004408e-05	-2.087010e-03	1.028483e-03	1.138668e-03	5.019221e-02	5.092696e-03	5.273856e-02	-4.764586e-02
0.00043       	7.488520e-02	3.858668e-02	3.629852e-02	-2.125347e-03	-3.099759e-05	-2.094349e-03	1.031676e-03	1.144081e-03	5.015684e-02	5.092369e-03	5.270303e-02	-4.761066e-02
0.000431      	7.483288e-02	3.856419e-02	3.626869e-02	-2.130577e-03	-3.081961e-05	-2.099758e-03	1.034469e-03	1.147750e-03	5.012165e-02	5.092511e-03	5.266790e-02	-4.757539e-02
0.000432      	7.478077e-02	3.854261e-02	3.623816e-02	-2.136163e-03	-3.099966e-05	-2.105164e-03	1.037082e-03	1.152223e-03	5.008661e-02	5.092248e-03	5.263274e-02	-4.754049e-02
0.000433      	7.472902e-02	3.852205e-02	3.620697e-02	-2.142276e-03	-3.082871e-05	-2.111447e-03	1.040309e-03	1.157539e-03	5.005236e-02	5.087085e-03	5.259590e-02	-4.750882e-02
0.000434      	7.467724e-02	3.850140e-02	3.617585e-02	-2.149083e-03	-3.115213e-05	-2.117931e-03	1.043389e-03	1.162776e-03	5.001751e-02	5.086582e-03	5.256080e-02	-4.747422e-02
0.000435      	7.462568e-02	3.847891e-02	3.614676e-02	-2.154202e-03	-3.113230e-05	-2.123070e-03	1.045969e-03	1.166075e-03	4.998266e-02	5.086769e-03	5.252605e-02	-4.743928e-02
0.000436      	7.457413e-02	3.845731e-02	3.611682e-02	-2.159121e-03	-3.133066e-05	-2.127791e-03	1.048230e-03	1.170242e-03	4.994793e-02	5.086286e-03	5.249108e-02	-4.740479e-02
0.000437      	7.452302e-02	3.843822e-02	3.608480e-02	-2.166424e-03	-3.215201e-05	-2.134272e-03	1.051060e-03	1.176712e-03	4.991395e-02	5.086200e-03	5.245705e-02	-4.737085e-02
0.000438      	7.447131e-02	3.841300e-02	3.605832e-02	-2.167622e-03	-3.071925e-05	-2.136903e-03	1.053092e-03	1.177339e-03	4.987871e-02	5.085332e-03	5.242137e-02	-4.733604e-02
0.000439      	7.442059e-02	3.839497e-02	3.602562e-02	-2.175807e-03	-3.167145e-05	-2.144136e-03	1.056232e-03	1.184671e-03	4.984493e-02	5.085209e-03	5.238753e-02	-4.730232e-02
0.00044       	7.436966e-02	3.837257e-02	3.599710e-02	-2.178543e-03	-3.150234e-05	-2.147041e-03	1.057769e-03	1.187735e-03	4.981066e-02	5.084822e-03	5.235307e-02	-4.726825e-02
0.000441      	7.431861e-02	3.835099e-02	3.596762e-02	-2.186300e-03	-3.088569e-05	-2.155414e-03	1.062264e-03	1.191686e-03	4.977600e-02	5.084038e-03	5.231802e-02	-4.723398e-02
0.000442      	7.426818e-02	3.832903e-02	3.593915e-02	-2.188631e-03	-3.042067e-05	-2.158210e-03	1.063895e-03	1.194938e-03	4.974235e-02	5.083688e-03	5.228419e-02	-4.720051e-02
0.000443      	7.421782e-02	3.830856e-02	3.590926e-02	-2.193938e-03	-3.065298e-05	-2.163285e-03	1.066316e-03	1.199653e-03	4.970846e-02	5.083272e-03	5.225009e-02	-4.716682e-02
0.000444      	7.416717e-02	3.828764e-02	3.587954e-02	-2.200586e-03	-3.032767e-05	-2.170259e-03	1.069965e-03	1.204048e-03	4.967427e-02	5.083108e-03	5.221582e-02	-4.713271e-02
0.000445      	7.411735e-02	3.826688e-02	3.585047e-02	-2.205703e-03	-3.037193e-05	-2.175331e-03	1.072479e-03	1.208202e-03	4.964078e-02	5.081966e-03	5.218177e-02	-4.709980e-02
0.000446      	7.406739e-02	3.824649e-02	3.582090e-02	-2.210846e-03	-3.047151e-05	-2.180375e-03	1.074952e-03	1.212793e-03	4.960719e-02	5.080970e-03	5.214768e-02	-4.706671e-02
0.000447      	7.401753e-02	3.822707e-02	3.579046e-02	-2.217698e-03	-3.055671e-05	-2.187142e-03	1.078293e-03	1.218306e-03	4.957365e-02	5.080232e-03	5.211377e-02	-4.703353e-02
0.000448      	7.396851e-02	3.820652e-02	3.576199e-02	-2.221552e-03	-2.987206e-05	-2.191680e-03	1.080904e-03	1.222267e-03	4.954110e-02	5.079070e-03	5.208063e-02	-4.700156e-02
0.000449      	7.391852e-02	3.818445e-02	3.573407e-02	-2.226412e-03	-2.969077e-05	-2.196721e-03	1.083515e-03	1.225190e-03	4.950722e-02	5.079243e-03	5.204685e-02	-4.696760e-02
0.00045       	7.386937e-02	3.816349e-02	3.570588e-02	-2.230863e-03	-2.940918e-05	-2.201454e-03	1.086022e-03	1.228807e-03	4.947426e-02	5.081547e-03	5.201503e-02	-4.693348e-02
0.000451      	7.382022e-02	3.814319e-02	3.567703e-02	-2.236196e-03	-2.932963e-05	-2.206867e-03	1.088769e-03	1.233081e-03	4.944115e-02	5.079423e-03	5.198086e-02	-4.690144e-02
0.000452      	7.377122e-02	3.812356e-02	3.564766e-02	-2.241405e-03	-2.932946e-05	-2.212076e-03	1.091373e-03	1.237946e-03	4.940817e-02	5.080834e-03	5.194858e-02	-4.686775e-02
0.000453      	7.372215e-02	3.810399e-02	3.561816e-02	-2.249059e-03	-3.019721e-05	-2.218861e-03	1.094332e-03	1.242914e-03	4.937516e-02	5.079362e-03	5.191484e-02	-4.683548e-02
0.000454      	7.367337e-02	3.808603e-02	3.558734e-02	-2.258033e-03	-3.074057e-05	-2.227292e-03	1.098276e-03	1.249340e-03	4.934230e-02	5.080455e-03	5.188253e-02	-4.680207e-02
0.000455      	7.362498e-02	3.806636e-02	3.555861e-02	-2.262238e-03	-3.005871e-05	-2.232179e-03	1.101060e-03	1.253875e-03	4.930981e-02	5.078090e-03	5.184886e-02	-4.677077e-02
0.000456      	7.357703e-02	3.804791e-02	3.552913e-02	-2.268348e-03	-3.045870e-05	-2.237890e-03	1.103715e-03	1.259388e-03	4.927798e-02	5.080307e-03	5.181814e-02	-4.673783e-02
0.000457      	7.352775e-02	3.802070e-02	3.550704e-02	-2.270315e-03	-3.055594e-05	-2.239759e-03	1.104601e-03	1.256829e-03	4.924405e-02	5.077940e-03	5.178302e-02	-4.670508e-02
0.000458      	7.348067e-02	3.800453e-02	3.547615e-02	-2.276681e-03	-3.104810e-05	-2.245633e-03	1.107293e-03	1.264191e-03	4.921334e-02	5.078151e-03	5.175242e-02	-4.667427e-02
0.000459      	7.343223e-02	3.798321e-02	3.544902e-02	-2.281267e-03	-3.063934e-05	-2.250628e-03	1.109994e-03	1.267096e-03	4.918041e-02	5.078308e-03	5.171956e-02	-4.664125e-02
0.00046       	7.338386e-02	3.796288e-02	3.542098e-02	-2.288720e-03	-3.088319e-05	-2.257837e-03	1.113477e-03	1.270953e-03	4.914746e-02	5.076734e-03	5.168583e-02	-4.660909e-02
0.000461      	7.333707e-02	3.794841e-02	3.538866e-02	-2.299584e-03	-3.258972e-05	-2.266994e-03	1.117202e-03	1.279875e-03	4.911675e-02	5.076794e-03	5.165515e-02	-4.657835e-02
0.000462      	7.328902e-02	3.792416e-02	3.536486e-02	-2.297466e-03	-2.964909e-05	-2.267817e-03	1.119084e-03	1.279654e-03	4.908399e-02	5.076571e-03	5.162228e-02	-4.654570e-02
0.000463      	7.324121e-02	3.790639e-02	3.533481e-02	-2.309170e-03	-3.227690e-05	-2.276893e-03	1.122308e-03	1.285789e-03	4.905168e-02	5.075816e-03	5.158958e-02	-4.651377e-02
0.000464      	7.319461e-02	3.788653e-02	3.530807e-02	-2.311372e-03	-3.129798e-05	-2.280074e-03	1.124388e-03	1.289230e-03	4.902088e-02	5.075704e-03	5.155873e-02	-4.648303e-02
0.000465      	7.314721e-02	3.786597e-02	3.528124e-02	-2.313743e-03	-2.948178e-05	-2.284261e-03	1.127390e-03	1.292366e-03	4.898873e-02	5.075180e-03	5.152632e-02	-4.645114e-02
0.000466      	7.309984e-02	3.785052e-02	3.524932e-02	-2.326383e-03	-3.142713e-05	-2.294956e-03	1.131764e-03	1.300604e-03	4.895672e-02	5.074469e-03	5.149396e-02	-4.641949e-02
0.000467      	7.305338e-02	3.782930e-02	3.522408e-02	-2.327265e-03	-3.014250e-05	-2.297123e-03	1.133490e-03	1.302612e-03	4.892588e-02	5.074226e-03	5.146299e-02	-4.638876e-02
0.000468      	7.300652e-02	3.781026e-02	3.519626e-02	-2.332493e-03	-3.012498e-05	-2.302368e-03	1.136121e-03	1.306998e-03	4.889438e-02	5.073713e-03	5.143123e-02	-4.635752e-02
0.000469      	7.295933e-02	3.779107e-02	3.516826e-02	-2.339870e-03	-3.040205e-05	-2.309468e-03	1.139533e-03	1.311405e-03	4.886231e-02	5.072969e-03	5.139879e-02	-4.632582e-02
0.00047       	7.291314e-02	3.777123e-02	3.514191e-02	-2.343234e-03	-2.957701e-05	-2.313657e-03	1.142040e-03	1.314657e-03	4.883139e-02	5.072557e-03	5.136767e-02	-4.629511e-02
0.000471      	7.286699e-02	3.775127e-02	3.511572e-02	-2.344959e-03	-2.799347e-05	-2.316966e-03	1.144486e-03	1.317773e-03	4.880047e-02	5.072166e-03	5.133655e-02	-4.626439e-02
0.000472      	7.282083e-02	3.773381e-02	3.508702e-02	-2.354512e-03	-2.984035e-05	-2.324672e-03	1.147416e-03	1.323396e-03	4.876932e-02	5.071635e-03	5.130514e-02	-4.623351e-02
0.000473      	7.277486e-02	3.771464e-02	3.506022e-02	-2.358361e-03	-2.906293e-05	-2.329298e-03	1.150117e-03	1.327214e-03	4.873851e-02	5.071247e-03	5.127413e-02	-4.620289e-02
0.000474      	7.272901e-02	3.769468e-02	3.503433e-02	-2.362518e-03	-2.894280e-05	-2.333576e-03	1.152316e-03	1.330172e-03	4.870767e-02	5.070716e-03	5.124302e-02	-4.617231e-02
0.000475      	7.268320e-02	3.767630e-02	3.500690e-02	-2.369064e-03	-2.926001e-05	-2.339804e-03	1.155272e-03	1.334698e-03	4.867681e-02	5.070214e-03	5.121192e-02	-4.614171e-02
0.000476      	7.263763e-02	3.765788e-02	3.497974e-02	-2.373138e-03	-2.863302e-05	-2.344505e-03	1.157936e-03	1.339070e-03	4.864617e-02	5.069670e-03	5.118100e-02	-4.611133e-02
0.000477      	7.259215e-02	3.764128e-02	3.495087e-02	-2.382219e-03	-3.033771e-05	-2.351881e-03	1.160772e-03	1.345207e-03	4.861552e-02	5.069115e-03	5.115008e-02	-4.608097e-02
0.000478      	7.254673e-02	3.762137e-02	3.492536e-02	-2.385087e-03	-2.902130e-05	-2.356066e-03	1.163522e-03	1.348007e-03	4.858503e-02	5.068576e-03	5.111932e-02	-4.605075e-02
0.000479      	7.250142e-02	3.760425e-02	3.489717e-02	-2.393847e-03	-2.978171e-05	-2.364065e-03	1.167142e-03	1.353543e-03	4.855457e-02	5.068063e-03	5.108860e-02	-4.602053e-02
0.00048       	7.245637e-02	3.758627e-02	3.487011e-02	-2.400255e-03	-3.069293e-05	-2.369562e-03	1.169435e-03	1.358080e-03	4.852425e-02	5.067575e-03	5.105804e-02	-4.599046e-02
0.000481      	7.241135e-02	3.756457e-02	3.484678e-02	-2.399397e-03	-2.812668e-05	-2.371270e-03	1.171572e-03	1.358899e-03	4.849402e-02	5.067071e-03	5.102755e-02	-4.596048e-02
0.000482      	7.236652e-02	3.754656e-02	3.481996e-02	-2.407766e-03	-2.994536e-05	-2.377820e-03	1.173938e-03	1.363303e-03	4.846384e-02	5.066559e-03	5.099712e-02	-4.593056e-02
0.000483      	7.232180e-02	3.752810e-02	3.479371e-02	-2.412131e-03	-2.925469e-05	-2.382877e-03	1.176811e-03	1.367194e-03	4.843381e-02	5.066089e-03	5.096685e-02	-4.590076e-02
0.000484      	7.227713e-02	3.750916e-02	3.476797e-02	-2.415696e-03	-2.826444e-05	-2.387432e-03	1.179584e-03	1.370594e-03	4.840382e-02	5.065627e-03	5.093664e-02	-4.587101e-02
0.000485      	7.223276e-02	3.749314e-02	3.473962e-02	-2.426415e-03	-3.068469e-05	-2.395730e-03	1.182523e-03	1.376758e-03	4.837396e-02	5.065115e-03	5.090652e-02	-4.584141e-02
0.000486      	7.218837e-02	3.747818e-02	3.471020e-02	-2.432564e-03	-2.900623e-05	-2.403558e-03	1.187276e-03	1.383992e-03	4.834422e-02	5.064673e-03	5.087655e-02	-4.581188e-02
0.000487      	7.214418e-02	3.745058e-02	3.469360e-02	-2.429032e-03	-2.916008e-05	-2.399871e-03	1.185356e-03	1.378492e-03	4.831441e-02	5.064198e-03	5.084651e-02	-4.578231e-02
0.000488      	7.210018e-02	3.743967e-02	3.466051e-02	-2.439671e-03	-2.955529e-05	-2.410115e-03	1.190280e-03	1.389582e-03	4.828489e-02	5.063796e-03	5.081679e-02	-4.575299e-02
0.000489      	7.205607e-02	3.741692e-02	3.463915e-02	-2.437604e-03	-2.756700e-05	-2.410037e-03	1.191235e-03	1.388888e-03	4.825520e-02	5.063226e-03	5.078681e-02	-4.572358e-02
0.00049       	7.201242e-02	3.739886e-02	3.461356e-02	-2.446686e-03	-2.995749e-05	-2.416729e-03	1.193386e-03	1.392647e-03	4.822595e-02	5.062824e-03	5.075736e-02	-4.569454e-02
0.000491      	7.196869e-02	3.738883e-02	3.457987e-02	-2.458314e-03	-2.934898e-05	-2.428965e-03	1.199808e-03	1.404479e-03	4.819669e-02	5.062351e-03	5.072787e-02	-4.566552e-02
0.000492      	7.192493e-02	3.736072e-02	3.456421e-02	-2.452303e-03	-2.761465e-05	-2.424688e-03	1.198537e-03	1.398258e-03	4.816723e-02	5.061875e-03	5.069817e-02	-4.563630e-02
0.000493      	7.188159e-02	3.734494e-02	3.453665e-02	-2.462032e-03	-2.958334e-05	-2.432449e-03	1.201433e-03	1.404146e-03	4.813804e-02	5.061404e-03	5.066874e-02	-4.560734e-02
0.000494      	7.183815e-02	3.733710e-02	3.450105e-02	-2.474747e-03	-2.865975e-05	-2.446088e-03	1.208714e-03	1.418027e-03	4.810889e-02	5.060800e-03	5.063929e-02	-4.557849e-02
0.000495      	7.179493e-02	3.731337e-02	3.448156e-02	-2.474711e-03	-2.880211e-05	-2.445909e-03	1.208553e-03	1.415902e-03	4.807982e-02	5.060408e-03	5.061003e-02	-4.554962e-02
0.000496      	7.175199e-02	3.729815e-02	3.445384e-02	-2.484528e-03	-3.026369e-05	-2.454264e-03	1.212000e-03	1.422152e-03	4.805094e-02	5.059985e-03	5.058094e-02	-4.552095e-02
0.000497      	7.170923e-02	3.728193e-02	3.442729e-02	-2.487730e-03	-2.849005e-05	-2.459240e-03	1.215375e-03	1.427318e-03	4.802244e-02	5.059565e-03	5.055222e-02	-4.549265e-02
0.000498      	7.166643e-02	3.726001e-02	3.440642e-02	-2.489176e-03	-2.943850e-05	-2.459738e-03	1.215150e-03	1.426794e-03	4.799371e-02	5.059121e-03	5.052327e-02	-4.546415e-02
0.000499      	7.162376e-02	3.724600e-02	3.437776e-02	-2.499335e-03	-3.047964e-05	-2.468856e-03	1.219188e-03	1.434121e-03	4.796497e-02	5.058638e-03	5.049429e-02	-4.543565e-02
0.0005        	7.158142e-02	3.723057e-02	3.435085e-02	-2.503162e-03	-2.924366e-05	-2.473918e-03	1.222337e-03	1.439857e-03	4.793679e-02	5.058249e-03	5.046592e-02	-4.540767e-02
