# Force and moment coefficients
# dragDir     : (1.000000e+00 0.000000e+00 0.000000e+00)
# sideDir     : (0.000000e+00 1.000000e+00 0.000000e+00)
# liftDir     : (0.000000e+00 0.000000e+00 1.000000e+00)
# rollAxis    : (1.000000e+00 0.000000e+00 0.000000e+00)
# pitchAxis   : (0.000000e+00 1.000000e+00 0.000000e+00)
# yawAxis     : (0.000000e+00 0.000000e+00 1.000000e+00)
# magUInf     : 6.661800e+00
# lRef        : 1.499270e-01
# Aref        : 5.000000e-02
# CofR        : (3.750000e-02 0.000000e+00 0.000000e+00)
#
# Time        	Cd            	Cd(f)         	Cd(r)         	Cl            	Cl(f)         	Cl(r)         	CmPitch       	CmRoll        	CmYaw         	Cs            	Cs(f)         	Cs(r)         
1             	8.517305e-02	4.251970e-02	4.265336e-02	-1.104763e-02	1.549253e-02	-2.654017e-02	2.101635e-02	-6.683079e-05	8.884994e-05	3.300222e-04	2.538610e-04	7.616116e-05
2             	6.587633e-02	3.288172e-02	3.299461e-02	-1.492001e-02	9.248177e-03	-2.416819e-02	1.670818e-02	-5.644531e-05	7.050558e-05	2.767975e-04	2.089043e-04	6.789317e-05
3             	5.202915e-02	2.597331e-02	2.605584e-02	-1.531948e-02	5.723970e-03	-2.104345e-02	1.338371e-02	-4.126706e-05	4.748149e-05	1.958962e-04	1.454296e-04	5.046661e-05
4             	4.073357e-02	2.034013e-02	2.039344e-02	-1.304086e-02	3.877751e-03	-1.691861e-02	1.039818e-02	-2.665548e-05	3.009055e-05	1.146833e-04	8.743219e-05	2.725109e-05
5             	3.106008e-02	1.551409e-02	1.554598e-02	-9.142421e-03	3.058690e-03	-1.220111e-02	7.629900e-03	-1.594593e-05	2.268631e-05	4.962607e-05	4.749935e-05	2.126722e-06
6             	2.297463e-02	1.147600e-02	1.149863e-02	-4.712205e-03	2.833034e-03	-7.545239e-03	5.189136e-03	-1.131516e-05	2.784024e-05	1.397506e-05	3.482778e-05	-2.085271e-05
7             	1.668586e-02	8.329880e-03	8.355985e-03	-6.650748e-04	2.899287e-03	-3.564362e-03	3.231824e-03	-1.305247e-05	4.419671e-05	1.145188e-05	4.992265e-05	-3.847077e-05
8             	1.231970e-02	6.139770e-03	6.179929e-03	2.379339e-03	3.052373e-03	-6.730339e-04	1.862703e-03	-2.007974e-05	6.848271e-05	3.861279e-05	8.778911e-05	-4.917631e-05
9             	9.787236e-03	4.863421e-03	4.923815e-03	4.136727e-03	3.163234e-03	9.734938e-04	1.094870e-03	-3.019717e-05	9.550789e-05	8.537062e-05	1.381932e-04	-5.282258e-05
10            	8.792000e-03	4.355142e-03	4.436858e-03	4.623201e-03	3.165566e-03	1.457634e-03	8.539661e-04	-4.085799e-05	1.199854e-04	1.389503e-04	1.894605e-04	-5.051023e-05
11            	8.898187e-03	4.399239e-03	4.498949e-03	4.075952e-03	3.041366e-03	1.034586e-03	1.003390e-03	-4.985498e-05	1.379045e-04	1.874478e-04	2.316284e-04	-4.418056e-05
12            	9.625714e-03	4.757024e-03	4.868689e-03	2.853813e-03	2.806467e-03	4.734590e-05	1.379560e-03	-5.583265e-05	1.472987e-04	2.225405e-04	2.585689e-04	-3.602845e-05
13            	1.054519e-02	5.214435e-03	5.330754e-03	1.341312e-03	2.498633e-03	-1.157321e-03	1.827977e-03	-5.815955e-05	1.478251e-04	2.398947e-04	2.677725e-04	-2.787780e-05
14            	1.132974e-02	5.607780e-03	5.721961e-03	-1.260159e-04	2.162695e-03	-2.288711e-03	2.225703e-03	-5.709038e-05	1.409824e-04	2.397861e-04	2.608754e-04	-2.108930e-05
15            	1.178356e-02	5.838334e-03	5.945224e-03	-1.308352e-03	1.840677e-03	-3.149029e-03	2.494853e-03	-5.344525e-05	1.292261e-04	2.255607e-04	2.420065e-04	-1.644575e-05
16            	1.183961e-02	5.871370e-03	5.968242e-03	-2.079168e-03	1.564919e-03	-3.644087e-03	2.604503e-03	-4.843631e-05	1.156135e-04	2.028888e-04	2.170580e-04	-1.416912e-05
17            	1.153344e-02	5.723495e-03	5.809949e-03	-2.416849e-03	1.354723e-03	-3.771572e-03	2.563148e-03	-4.322718e-05	1.028002e-04	1.777726e-04	1.916865e-04	-1.391392e-05
18            	1.096830e-02	5.445396e-03	5.522902e-03	-2.380569e-03	1.216591e-03	-3.597160e-03	2.406876e-03	-3.875276e-05	9.265982e-05	1.552336e-04	1.702766e-04	-1.504300e-05
19            	1.027264e-02	5.100856e-03	5.171779e-03	-2.077874e-03	1.145115e-03	-3.222989e-03	2.184052e-03	-3.546185e-05	8.582059e-05	1.381919e-04	1.549166e-04	-1.672463e-05
20            	9.566647e-03	4.749857e-03	4.816790e-03	-1.632708e-03	1.126256e-03	-2.758964e-03	1.942610e-03	-3.346662e-05	8.209808e-05	1.277442e-04	1.459702e-04	-1.822600e-05
21            	8.941805e-03	4.438382e-03	4.503423e-03	-1.159425e-03	1.141687e-03	-2.301112e-03	1.721400e-03	-3.252014e-05	8.052787e-05	1.230877e-04	1.420717e-04	-1.898400e-05
22            	8.451098e-03	4.193365e-03	4.257733e-03	-7.456753e-04	1.172611e-03	-1.918286e-03	1.545449e-03	-3.218364e-05	7.983318e-05	1.222770e-04	1.409717e-04	-1.869467e-05
23            	8.109338e-03	4.022704e-03	4.086634e-03	-4.447185e-04	1.202715e-03	-1.647434e-03	1.425074e-03	-3.196467e-05	7.874738e-05	1.228897e-04	1.401922e-04	-1.730253e-05
24            	7.900664e-03	3.918917e-03	3.981746e-03	-2.757917e-04	1.220056e-03	-1.495847e-03	1.357951e-03	-3.141464e-05	7.624795e-05	1.225336e-04	1.375147e-04	-1.498116e-05
25            	7.790388e-03	3.864917e-03	3.925471e-03	-2.304364e-04	1.217920e-03	-1.448357e-03	1.333139e-03	-3.027706e-05	7.188865e-05	1.196294e-04	1.317034e-04	-1.207393e-05
26            	7.737945e-03	3.840455e-03	3.897489e-03	-2.818096e-04	1.194893e-03	-1.476702e-03	1.335797e-03	-2.851691e-05	6.584128e-05	1.136890e-04	1.226858e-04	-8.996769e-06
27            	7.706468e-03	3.827007e-03	3.879461e-03	-3.944816e-04	1.153825e-03	-1.548307e-03	1.351066e-03	-2.622684e-05	5.857589e-05	1.049309e-04	1.110413e-04	-6.110422e-06
28            	7.668640e-03	3.810703e-03	3.857937e-03	-5.328810e-04	1.100313e-03	-1.633194e-03	1.366753e-03	-2.361693e-05	5.080352e-05	9.423356e-05	9.792030e-05	-3.686734e-06
29            	7.609173e-03	3.783633e-03	3.825540e-03	-6.673483e-04	1.041134e-03	-1.708482e-03	1.374808e-03	-2.095371e-05	4.330738e-05	8.285828e-05	8.473652e-05	-1.878247e-06
30            	7.524105e-03	3.743568e-03	3.780537e-03	-7.774197e-04	9.828471e-04	-1.760267e-03	1.371557e-03	-1.848485e-05	3.673694e-05	7.204966e-05	7.276177e-05	-7.121167e-07
31            	7.417847e-03	3.692522e-03	3.725325e-03	-8.525624e-04	9.307050e-04	-1.783267e-03	1.356986e-03	-1.640161e-05	3.153022e-05	6.284423e-05	6.295233e-05	-1.081032e-07
32            	7.299272e-03	3.634855e-03	3.664417e-03	-8.910037e-04	8.879989e-04	-1.779003e-03	1.333501e-03	-1.478098e-05	2.777618e-05	5.574659e-05	5.564947e-05	9.711351e-08
33            	7.178198e-03	3.575494e-03	3.602703e-03	-8.974495e-04	8.559160e-04	-1.753365e-03	1.304641e-03	-1.360450e-05	2.529140e-05	5.077891e-05	5.068086e-05	9.805466e-08
34            	7.062752e-03	3.518595e-03	3.544157e-03	-8.803936e-04	8.337792e-04	-1.714173e-03	1.273976e-03	-1.278061e-05	2.370666e-05	4.757226e-05	4.749280e-05	7.946707e-08
35            	6.957925e-03	3.466789e-03	3.491136e-03	-8.496046e-04	8.195490e-04	-1.669154e-03	1.244351e-03	-1.217303e-05	2.256530e-05	4.550048e-05	4.531554e-05	1.849455e-07
36            	6.865297e-03	3.421012e-03	3.444284e-03	-8.141624e-04	8.104516e-04	-1.624614e-03	1.217533e-03	-1.163607e-05	2.142749e-05	4.385443e-05	4.335471e-05	4.997232e-07
37            	6.783658e-03	3.380782e-03	3.402876e-03	-7.812083e-04	8.035986e-04	-1.584807e-03	1.194203e-03	-1.104677e-05	1.995498e-05	4.200310e-05	4.095653e-05	1.046569e-06
38            	6.710134e-03	3.344746e-03	3.365388e-03	-7.553885e-04	7.964991e-04	-1.551888e-03	1.174193e-03	-1.032093e-05	1.795135e-05	3.949249e-05	3.769759e-05	1.794895e-06
39            	6.641442e-03	3.311295e-03	3.330147e-03	-7.388742e-04	7.874046e-04	-1.526279e-03	1.156842e-03	-9.426275e-06	1.538638e-05	3.612201e-05	3.344738e-05	2.674629e-06
40            	6.574873e-03	3.279055e-03	3.295819e-03	-7.317644e-04	7.754479e-04	-1.507212e-03	1.141330e-03	-8.382074e-06	1.237994e-05	3.195343e-05	2.835666e-05	3.596770e-06
41            	6.508837e-03	3.247174e-03	3.261662e-03	-7.326979e-04	7.605915e-04	-1.493289e-03	1.126940e-03	-7.243946e-06	9.148590e-06	2.724461e-05	2.277089e-05	4.473715e-06
42            	6.442998e-03	3.215414e-03	3.227584e-03	-7.394954e-04	7.434481e-04	-1.482943e-03	1.113196e-03	-6.085018e-06	5.944785e-06	2.235978e-05	1.712467e-05	5.235105e-06
43            	6.378033e-03	3.184038e-03	3.193995e-03	-7.497281e-04	7.250246e-04	-1.474753e-03	1.099889e-03	-4.978509e-06	3.000212e-06	1.767659e-05	1.183851e-05	5.838084e-06
44            	6.315178e-03	3.153608e-03	3.161570e-03	-7.611483e-04	7.064502e-04	-1.467598e-03	1.087024e-03	-3.981411e-06	4.796562e-07	1.350109e-05	7.230202e-06	6.270890e-06
45            	6.255717e-03	3.124733e-03	3.130984e-03	-7.719608e-04	6.887408e-04	-1.460702e-03	1.074721e-03	-3.125709e-06	-1.541870e-06	1.001688e-05	3.466568e-06	6.550309e-06
46            	6.200551e-03	3.097858e-03	3.102693e-03	-7.809474e-04	6.726310e-04	-1.453578e-03	1.063105e-03	-2.417733e-06	-3.076857e-06	7.272507e-06	5.593965e-07	6.713110e-06
47            	6.149972e-03	3.073149e-03	3.076824e-03	-7.874733e-04	6.584988e-04	-1.445972e-03	1.052235e-03	-1.837533e-06	-4.217565e-06	5.179882e-06	-1.627624e-06	6.807506e-06
48            	6.103621e-03	3.050462e-03	3.053160e-03	-7.914096e-04	6.463673e-04	-1.437777e-03	1.042072e-03	-1.348947e-06	-5.102153e-06	3.559899e-06	-3.322204e-06	6.882102e-06
49            	6.060614e-03	3.029398e-03	3.031216e-03	-7.930121e-04	6.359707e-04	-1.428983e-03	1.032477e-03	-9.091607e-07	-5.882255e-06	2.191054e-06	-4.786727e-06	6.977782e-06
50            	6.019789e-03	3.009417e-03	3.010371e-03	-7.927873e-04	6.268586e-04	-1.419646e-03	1.023252e-03	-4.771639e-07	-6.694315e-06	8.571788e-07	-6.265726e-06	7.122905e-06
51            	5.979977e-03	2.989967e-03	2.990010e-03	-7.913604e-04	6.185125e-04	-1.409873e-03	1.014193e-03	-2.174485e-08	-7.636101e-06	-6.115324e-07	-7.941867e-06	7.330335e-06
52            	5.940254e-03	2.970603e-03	2.969652e-03	-7.893647e-04	6.104507e-04	-1.399815e-03	1.005133e-03	4.754771e-07	-8.758003e-06	-2.318586e-06	-9.917296e-06	7.598710e-06
53            	5.900099e-03	2.951069e-03	2.949030e-03	-7.873574e-04	6.023065e-04	-1.389664e-03	9.959852e-04	1.019422e-06	-1.006270e-05	-4.294785e-06	-1.221009e-05	7.915309e-06
54            	5.859435e-03	2.931320e-03	2.928115e-03	-7.857637e-04	5.938669e-04	-1.379631e-03	9.867487e-04	1.602793e-06	-1.151263e-05	-6.503423e-06	-1.476434e-05	8.260920e-06
55            	5.818584e-03	2.911502e-03	2.907081e-03	-7.848511e-04	5.850769e-04	-1.369928e-03	9.775024e-04	2.210448e-06	-1.304492e-05	-8.862051e-06	-1.747595e-05	8.613899e-06
56            	5.778127e-03	2.891888e-03	2.886240e-03	-7.847264e-04	5.760136e-04	-1.360740e-03	9.683768e-04	2.823899e-06	-1.458926e-05	-1.126732e-05	-2.022292e-05	8.955595e-06
57            	5.738752e-03	2.872801e-03	2.865950e-03	-7.853556e-04	5.668432e-04	-1.352199e-03	9.595210e-04	3.425631e-06	-1.608167e-05	-1.361926e-05	-2.289130e-05	9.272043e-06
58            	5.701083e-03	2.854544e-03	2.846538e-03	-7.865962e-04	5.577693e-04	-1.344365e-03	9.510674e-04	4.003111e-06	-1.747776e-05	-1.584303e-05	-2.539927e-05	9.556245e-06
59            	5.665555e-03	2.837326e-03	2.828229e-03	-7.882374e-04	5.489861e-04	-1.337224e-03	9.431048e-04	4.548678e-06	-1.875377e-05	-1.789216e-05	-2.769985e-05	9.807691e-06
60            	5.632347e-03	2.821236e-03	2.811111e-03	-7.900464e-04	5.406419e-04	-1.330688e-03	9.356652e-04	5.062294e-06	-1.991310e-05	-1.976328e-05	-2.979474e-05	1.003146e-05
61            	5.601380e-03	2.806239e-03	2.795141e-03	-7.918040e-04	5.328217e-04	-1.324626e-03	9.287237e-04	5.549319e-06	-2.097824e-05	-2.148342e-05	-3.171995e-05	1.023653e-05
62            	5.572355e-03	2.792194e-03	2.780161e-03	-7.933336e-04	5.255417e-04	-1.318875e-03	9.222085e-04	6.016431e-06	-2.197837e-05	-2.309215e-05	-3.352444e-05	1.043229e-05
63            	5.544839e-03	2.778892e-03	2.765947e-03	-7.945267e-04	5.187574e-04	-1.313284e-03	9.160208e-04	6.472749e-06	-2.294868e-05	-2.464346e-05	-3.527041e-05	1.062695e-05
64            	5.518354e-03	2.766103e-03	2.752251e-03	-7.953432e-04	5.123829e-04	-1.307726e-03	9.100545e-04	6.925568e-06	-2.391769e-05	-2.618176e-05	-3.700857e-05	1.082681e-05
65            	5.492461e-03	2.753609e-03	2.738852e-03	-7.958019e-04	5.063121e-04	-1.302114e-03	9.042130e-04	7.378540e-06	-2.490185e-05	-2.773543e-05	-3.876956e-05	1.103413e-05
66            	5.466842e-03	2.741255e-03	2.725586e-03	-7.959781e-04	5.004405e-04	-1.296419e-03	8.984296e-04	7.834455e-06	-2.591134e-05	-2.932406e-05	-4.057337e-05	1.124931e-05
67            	5.441317e-03	2.728951e-03	2.712366e-03	-7.959748e-04	4.946811e-04	-1.290656e-03	8.926685e-04	8.292949e-06	-2.694424e-05	-3.094865e-05	-4.241857e-05	1.146992e-05
68            	5.415855e-03	2.716679e-03	2.699176e-03	-7.959038e-04	4.889742e-04	-1.284878e-03	8.869261e-04	8.751319e-06	-2.798987e-05	-3.259563e-05	-4.428769e-05	1.169206e-05
69            	5.390547e-03	2.704479e-03	2.686068e-03	-7.958656e-04	4.832912e-04	-1.279157e-03	8.812240e-04	9.205148e-06	-2.903195e-05	-3.424134e-05	-4.615262e-05	1.191128e-05
70            	5.365557e-03	2.692429e-03	2.673128e-03	-7.959343e-04	4.776308e-04	-1.273565e-03	8.755979e-04	9.650567e-06	-3.005477e-05	-3.586108e-05	-4.798531e-05	1.212423e-05
71            	5.341081e-03	2.680625e-03	2.660456e-03	-7.961504e-04	4.720128e-04	-1.268163e-03	8.700880e-04	1.008436e-05	-3.104508e-05	-3.743345e-05	-4.976181e-05	1.232836e-05
72            	5.317296e-03	2.669152e-03	2.648144e-03	-7.965190e-04	4.664690e-04	-1.262988e-03	8.647285e-04	1.050430e-05	-3.199379e-05	-3.894239e-05	-5.146499e-05	1.252260e-05
73            	5.294330e-03	2.658075e-03	2.636255e-03	-7.970160e-04	4.610344e-04	-1.258050e-03	8.595424e-04	1.091028e-05	-3.289937e-05	-4.038379e-05	-5.309126e-05	1.270747e-05
74            	5.272245e-03	2.647427e-03	2.624818e-03	-7.975959e-04	4.557397e-04	-1.253336e-03	8.545377e-04	1.130429e-05	-3.376698e-05	-4.176437e-05	-5.464917e-05	1.288480e-05
75            	5.251028e-03	2.637204e-03	2.613825e-03	-7.982038e-04	4.506064e-04	-1.248810e-03	8.497083e-04	1.168941e-05	-3.460639e-05	-4.309797e-05	-5.615537e-05	1.305740e-05
76            	5.230612e-03	2.627375e-03	2.603237e-03	-7.987861e-04	4.456441e-04	-1.244430e-03	8.450372e-04	1.206860e-05	-3.542767e-05	-4.439922e-05	-5.762727e-05	1.322806e-05
77            	5.210891e-03	2.617891e-03	2.593000e-03	-7.993001e-04	4.408522e-04	-1.240152e-03	8.405022e-04	1.244568e-05	-3.624405e-05	-4.568831e-05	-5.908820e-05	1.339989e-05
78            	5.191744e-03	2.608695e-03	2.583048e-03	-7.997191e-04	4.362207e-04	-1.235940e-03	8.360803e-04	1.282330e-05	-3.706504e-05	-4.698003e-05	-6.055505e-05	1.357502e-05
79            	5.173058e-03	2.599732e-03	2.573326e-03	-8.000350e-04	4.317342e-04	-1.231769e-03	8.317517e-04	1.320304e-05	-3.789642e-05	-4.828387e-05	-6.203836e-05	1.375449e-05
80            	5.154744e-03	2.590955e-03	2.563788e-03	-8.002549e-04	4.273745e-04	-1.227629e-03	8.275019e-04	1.358325e-05	-3.873552e-05	-4.959703e-05	-6.353404e-05	1.393701e-05
81            	5.136749e-03	2.582341e-03	2.554408e-03	-8.004029e-04	4.231258e-04	-1.223529e-03	8.233273e-04	1.396652e-05	-3.958719e-05	-5.092802e-05	-6.505120e-05	1.412318e-05
82            	5.119055e-03	2.573879e-03	2.545175e-03	-8.005084e-04	4.189745e-04	-1.219483e-03	8.192287e-04	1.435196e-05	-4.044773e-05	-5.227254e-05	-6.658400e-05	1.431146e-05
83            	5.101669e-03	2.565573e-03	2.536097e-03	-8.006017e-04	4.149105e-04	-1.215512e-03	8.152114e-04	1.473812e-05	-4.131168e-05	-5.362333e-05	-6.812335e-05	1.450002e-05
84            	5.084620e-03	2.557433e-03	2.527187e-03	-8.007090e-04	4.109283e-04	-1.211637e-03	8.112828e-04	1.512333e-05	-4.217320e-05	-5.497196e-05	-6.965918e-05	1.468722e-05
85            	5.067944e-03	2.549479e-03	2.518464e-03	-8.008497e-04	4.070255e-04	-1.207875e-03	8.074504e-04	1.550756e-05	-4.303006e-05	-5.631485e-05	-7.118748e-05	1.487263e-05
86            	5.051670e-03	2.541722e-03	2.509948e-03	-8.010307e-04	4.032017e-04	-1.204232e-03	8.037170e-04	1.588743e-05	-4.387400e-05	-5.763985e-05	-7.269392e-05	1.505408e-05
87            	5.035820e-03	2.534172e-03	2.501648e-03	-8.012506e-04	3.994579e-04	-1.200708e-03	8.000832e-04	1.626192e-05	-4.470222e-05	-5.894240e-05	-7.417341e-05	1.523102e-05
88            	5.020400e-03	2.526831e-03	2.493570e-03	-8.015005e-04	3.957951e-04	-1.197296e-03	7.965453e-04	1.663051e-05	-4.551367e-05	-6.022059e-05	-7.562397e-05	1.540337e-05
89            	5.005397e-03	2.519690e-03	2.485708e-03	-8.017649e-04	3.922130e-04	-1.193978e-03	7.930954e-04	1.699089e-05	-4.630370e-05	-6.146697e-05	-7.703719e-05	1.557022e-05
90            	4.990792e-03	2.512742e-03	2.478050e-03	-8.020298e-04	3.887119e-04	-1.190742e-03	7.897268e-04	1.734603e-05	-4.708018e-05	-6.269288e-05	-7.842662e-05	1.573374e-05
91            	4.976554e-03	2.505974e-03	2.470581e-03	-8.022805e-04	3.852903e-04	-1.187571e-03	7.864306e-04	1.769633e-05	-4.784500e-05	-6.390108e-05	-7.979554e-05	1.589447e-05
92            	4.962649e-03	2.499367e-03	2.463282e-03	-8.025055e-04	3.819458e-04	-1.184451e-03	7.831985e-04	1.804216e-05	-4.860008e-05	-6.509433e-05	-8.114724e-05	1.605291e-05
93            	4.949044e-03	2.492906e-03	2.456138e-03	-8.026979e-04	3.786754e-04	-1.181373e-03	7.800244e-04	1.838384e-05	-4.934706e-05	-6.627501e-05	-8.248456e-05	1.620955e-05
94            	4.935712e-03	2.486578e-03	2.449135e-03	-8.028561e-04	3.754764e-04	-1.178333e-03	7.769045e-04	1.872154e-05	-5.008698e-05	-6.744449e-05	-8.380923e-05	1.636474e-05
95            	4.922637e-03	2.480374e-03	2.442263e-03	-8.029832e-04	3.723461e-04	-1.175329e-03	7.738377e-04	1.905550e-05	-5.082089e-05	-6.860417e-05	-8.512298e-05	1.651881e-05
96            	4.909808e-03	2.474290e-03	2.435518e-03	-8.030855e-04	3.692826e-04	-1.172368e-03	7.708253e-04	1.938590e-05	-5.154925e-05	-6.975475e-05	-8.642663e-05	1.667188e-05
97            	4.897226e-03	2.468326e-03	2.428900e-03	-8.031712e-04	3.662843e-04	-1.169455e-03	7.678699e-04	1.971281e-05	-5.227205e-05	-7.089635e-05	-8.772022e-05	1.682387e-05
98            	4.884895e-03	2.462484e-03	2.422411e-03	-8.032487e-04	3.633501e-04	-1.166599e-03	7.649744e-04	2.003625e-05	-5.298895e-05	-7.202857e-05	-8.900324e-05	1.697466e-05
99            	4.872821e-03	2.456767e-03	2.416054e-03	-8.033253e-04	3.604792e-04	-1.163805e-03	7.621419e-04	2.035615e-05	-5.369931e-05	-7.315060e-05	-9.027461e-05	1.712401e-05
100           	4.861011e-03	2.451178e-03	2.409833e-03	-8.034064e-04	3.576710e-04	-1.161077e-03	7.593742e-04	2.067259e-05	-5.440284e-05	-7.426214e-05	-9.153391e-05	1.727177e-05
101           	4.849470e-03	2.445721e-03	2.403749e-03	-8.034948e-04	3.549247e-04	-1.158419e-03	7.566721e-04	2.098563e-05	-5.509928e-05	-7.536302e-05	-9.278078e-05	1.741777e-05
102           	4.838197e-03	2.440394e-03	2.397803e-03	-8.035907e-04	3.522392e-04	-1.155830e-03	7.540346e-04	2.129534e-05	-5.578854e-05	-7.645333e-05	-9.401520e-05	1.756187e-05
103           	4.827187e-03	2.435195e-03	2.391992e-03	-8.036926e-04	3.496133e-04	-1.153306e-03	7.514596e-04	2.160156e-05	-5.647006e-05	-7.753246e-05	-9.523629e-05	1.770383e-05
104           	4.816433e-03	2.430120e-03	2.386313e-03	-8.037968e-04	3.470448e-04	-1.150842e-03	7.489432e-04	2.190334e-05	-5.714109e-05	-7.859636e-05	-9.643927e-05	1.784291e-05
105           	4.805924e-03	2.425164e-03	2.380760e-03	-8.039004e-04	3.445324e-04	-1.148433e-03	7.464826e-04	2.220166e-05	-5.780462e-05	-7.964983e-05	-9.762953e-05	1.797970e-05
106           	4.795649e-03	2.420321e-03	2.375328e-03	-8.039997e-04	3.420744e-04	-1.146074e-03	7.440742e-04	2.249639e-05	-5.846035e-05	-8.069280e-05	-9.880675e-05	1.811395e-05
107           	4.785595e-03	2.415585e-03	2.370010e-03	-8.040918e-04	3.396687e-04	-1.143761e-03	7.417146e-04	2.278717e-05	-5.910748e-05	-8.172404e-05	-9.996949e-05	1.824546e-05
108           	4.775751e-03	2.410949e-03	2.364802e-03	-8.041750e-04	3.373135e-04	-1.141489e-03	7.394011e-04	2.307351e-05	-5.974490e-05	-8.274177e-05	-1.011158e-04	1.837401e-05
109           	4.766107e-03	2.406409e-03	2.359699e-03	-8.042487e-04	3.350074e-04	-1.139256e-03	7.371317e-04	2.335493e-05	-6.037139e-05	-8.374401e-05	-1.022434e-04	1.849939e-05
110           	4.756655e-03	2.401959e-03	2.354697e-03	-8.043133e-04	3.327488e-04	-1.137062e-03	7.349054e-04	2.363101e-05	-6.098582e-05	-8.472888e-05	-1.033503e-04	1.862138e-05
111           	4.747391e-03	2.397597e-03	2.349794e-03	-8.043700e-04	3.305367e-04	-1.134907e-03	7.327216e-04	2.390143e-05	-6.158731e-05	-8.569500e-05	-1.044348e-04	1.873981e-05
112           	4.738310e-03	2.393321e-03	2.344989e-03	-8.044205e-04	3.283702e-04	-1.132791e-03	7.305805e-04	2.416611e-05	-6.217560e-05	-8.664176e-05	-1.054965e-04	1.885472e-05
113           	4.729412e-03	2.389131e-03	2.340281e-03	-8.044670e-04	3.262486e-04	-1.130716e-03	7.284821e-04	2.442510e-05	-6.275094e-05	-8.756924e-05	-1.065356e-04	1.896632e-05
114           	4.720694e-03	2.385026e-03	2.335668e-03	-8.045110e-04	3.241713e-04	-1.128682e-03	7.264268e-04	2.467864e-05	-6.331401e-05	-8.847815e-05	-1.075531e-04	1.907494e-05
115           	4.712156e-03	2.381005e-03	2.331151e-03	-8.045541e-04	3.221376e-04	-1.126692e-03	7.244146e-04	2.492694e-05	-6.386537e-05	-8.936909e-05	-1.085499e-04	1.918082e-05
116           	4.703797e-03	2.377069e-03	2.326728e-03	-8.045972e-04	3.201469e-04	-1.124744e-03	7.224455e-04	2.517029e-05	-6.440574e-05	-9.024306e-05	-1.095273e-04	1.928421e-05
117           	4.695614e-03	2.373216e-03	2.322398e-03	-8.046406e-04	3.181986e-04	-1.122839e-03	7.205189e-04	2.540899e-05	-6.493594e-05	-9.110123e-05	-1.104865e-04	1.938532e-05
118           	4.687606e-03	2.369446e-03	2.318159e-03	-8.046845e-04	3.162918e-04	-1.120976e-03	7.186340e-04	2.564329e-05	-6.545661e-05	-9.194451e-05	-1.114289e-04	1.948435e-05
119           	4.679767e-03	2.365757e-03	2.314010e-03	-8.047283e-04	3.144257e-04	-1.119154e-03	7.167899e-04	2.587331e-05	-6.596805e-05	-9.277333e-05	-1.123547e-04	1.958138e-05
120           	4.672091e-03	2.362144e-03	2.309947e-03	-8.047712e-04	3.125990e-04	-1.117370e-03	7.149846e-04	2.609856e-05	-6.646855e-05	-9.358558e-05	-1.132613e-04	1.967576e-05
121           	4.664578e-03	2.358609e-03	2.305969e-03	-8.048132e-04	3.108114e-04	-1.115625e-03	7.132180e-04	2.631983e-05	-6.696055e-05	-9.438461e-05	-1.141529e-04	1.976824e-05
122           	4.657222e-03	2.355148e-03	2.302074e-03	-8.048539e-04	3.090619e-04	-1.113916e-03	7.114888e-04	2.653702e-05	-6.744366e-05	-9.516994e-05	-1.150286e-04	1.985869e-05
123           	4.650017e-03	2.351759e-03	2.298259e-03	-8.048929e-04	3.073496e-04	-1.112242e-03	7.097960e-04	2.675000e-05	-6.791749e-05	-9.594121e-05	-1.158881e-04	1.994688e-05
124           	4.642961e-03	2.348439e-03	2.294522e-03	-8.049301e-04	3.056735e-04	-1.110604e-03	7.081386e-04	2.695866e-05	-6.838158e-05	-9.669796e-05	-1.167306e-04	2.003260e-05
125           	4.636048e-03	2.345187e-03	2.290861e-03	-8.049656e-04	3.040328e-04	-1.108998e-03	7.065156e-04	2.716295e-05	-6.883564e-05	-9.743986e-05	-1.175556e-04	2.011571e-05
126           	4.629276e-03	2.342001e-03	2.287275e-03	-8.049995e-04	3.024266e-04	-1.107426e-03	7.049264e-04	2.736291e-05	-6.927977e-05	-9.816709e-05	-1.183633e-04	2.019623e-05
127           	4.622642e-03	2.338880e-03	2.283762e-03	-8.050322e-04	3.008541e-04	-1.105886e-03	7.033702e-04	2.755862e-05	-6.971423e-05	-9.887998e-05	-1.191542e-04	2.027424e-05
128           	4.616142e-03	2.335821e-03	2.280321e-03	-8.050640e-04	2.993147e-04	-1.104379e-03	7.018467e-04	2.775019e-05	-7.013933e-05	-9.957889e-05	-1.199288e-04	2.034988e-05
129           	4.609774e-03	2.332825e-03	2.276949e-03	-8.050954e-04	2.978076e-04	-1.102903e-03	7.003552e-04	2.793772e-05	-7.055540e-05	-1.002642e-04	-1.206875e-04	2.042331e-05
130           	4.603536e-03	2.329889e-03	2.273647e-03	-8.051265e-04	2.963321e-04	-1.101459e-03	6.988954e-04	2.812130e-05	-7.096268e-05	-1.009360e-04	-1.214307e-04	2.049468e-05
131           	4.597426e-03	2.327014e-03	2.270412e-03	-8.051576e-04	2.948878e-04	-1.100045e-03	6.974666e-04	2.830103e-05	-7.136140e-05	-1.015946e-04	-1.221587e-04	2.056410e-05
132           	4.591440e-03	2.324197e-03	2.267243e-03	-8.051888e-04	2.934739e-04	-1.098663e-03	6.960683e-04	2.847702e-05	-7.175178e-05	-1.022403e-04	-1.228719e-04	2.063163e-05
133           	4.585578e-03	2.321438e-03	2.264140e-03	-8.052201e-04	2.920899e-04	-1.097310e-03	6.947000e-04	2.864929e-05	-7.213374e-05	-1.028729e-04	-1.235702e-04	2.069727e-05
134           	4.579837e-03	2.318736e-03	2.261100e-03	-8.052516e-04	2.907352e-04	-1.095987e-03	6.933610e-04	2.881780e-05	-7.250715e-05	-1.034923e-04	-1.242533e-04	2.076100e-05
135           	4.574213e-03	2.316089e-03	2.258124e-03	-8.052831e-04	2.894092e-04	-1.094692e-03	6.920507e-04	2.898255e-05	-7.287187e-05	-1.040981e-04	-1.249209e-04	2.082281e-05
136           	4.568705e-03	2.313496e-03	2.255209e-03	-8.053146e-04	2.881113e-04	-1.093426e-03	6.907686e-04	2.914353e-05	-7.322783e-05	-1.046903e-04	-1.255730e-04	2.088269e-05
137           	4.563310e-03	2.310956e-03	2.252354e-03	-8.053460e-04	2.868409e-04	-1.092187e-03	6.895140e-04	2.930075e-05	-7.357499e-05	-1.052687e-04	-1.262094e-04	2.094062e-05
138           	4.558026e-03	2.308467e-03	2.249559e-03	-8.053773e-04	2.855976e-04	-1.090975e-03	6.882862e-04	2.945412e-05	-7.391310e-05	-1.058330e-04	-1.268296e-04	2.099657e-05
139           	4.552850e-03	2.306029e-03	2.246822e-03	-8.054085e-04	2.843806e-04	-1.089789e-03	6.870848e-04	2.960357e-05	-7.424206e-05	-1.063831e-04	-1.274336e-04	2.105052e-05
140           	4.547781e-03	2.303640e-03	2.244141e-03	-8.054395e-04	2.831895e-04	-1.088629e-03	6.859092e-04	2.974935e-05	-7.456252e-05	-1.069199e-04	-1.280225e-04	2.110255e-05
141           	4.542814e-03	2.301298e-03	2.241516e-03	-8.054698e-04	2.820230e-04	-1.087493e-03	6.847579e-04	2.989136e-05	-7.487365e-05	-1.074432e-04	-1.285952e-04	2.115206e-05
142           	4.537950e-03	2.299005e-03	2.238945e-03	-8.055002e-04	2.808816e-04	-1.086382e-03	6.836317e-04	3.003005e-05	-7.517750e-05	-1.079547e-04	-1.291549e-04	2.120014e-05
143           	4.533186e-03	2.296758e-03	2.236427e-03	-8.055308e-04	2.797647e-04	-1.085295e-03	6.825301e-04	3.016545e-05	-7.547415e-05	-1.084546e-04	-1.297014e-04	2.124688e-05
144           	4.528521e-03	2.294558e-03	2.233963e-03	-8.055616e-04	2.786717e-04	-1.084233e-03	6.814525e-04	3.029746e-05	-7.576342e-05	-1.089423e-04	-1.302346e-04	2.129225e-05
145           	4.523952e-03	2.292402e-03	2.231550e-03	-8.055925e-04	2.776021e-04	-1.083195e-03	6.803983e-04	3.042603e-05	-7.604512e-05	-1.094179e-04	-1.307540e-04	2.133619e-05
146           	4.519479e-03	2.290291e-03	2.229188e-03	-8.056235e-04	2.765553e-04	-1.082179e-03	6.793671e-04	3.055122e-05	-7.631927e-05	-1.098813e-04	-1.312599e-04	2.137864e-05
147           	4.515097e-03	2.288222e-03	2.226876e-03	-8.056546e-04	2.755309e-04	-1.081185e-03	6.783582e-04	3.067308e-05	-7.658589e-05	-1.103327e-04	-1.317523e-04	2.141953e-05
148           	4.510806e-03	2.286195e-03	2.224612e-03	-8.056857e-04	2.745282e-04	-1.080214e-03	6.773711e-04	3.079162e-05	-7.684495e-05	-1.107723e-04	-1.322311e-04	2.145878e-05
149           	4.506604e-03	2.284209e-03	2.222395e-03	-8.057167e-04	2.735469e-04	-1.079264e-03	6.764052e-04	3.090689e-05	-7.709656e-05	-1.112004e-04	-1.326967e-04	2.149638e-05
150           	4.502488e-03	2.282263e-03	2.220225e-03	-8.057476e-04	2.725864e-04	-1.078334e-03	6.754602e-04	3.101898e-05	-7.734088e-05	-1.116171e-04	-1.331494e-04	2.153233e-05
151           	4.498458e-03	2.280357e-03	2.218101e-03	-8.057785e-04	2.716463e-04	-1.077425e-03	6.745355e-04	3.112798e-05	-7.757818e-05	-1.120229e-04	-1.335896e-04	2.156671e-05
152           	4.494510e-03	2.278489e-03	2.216021e-03	-8.058092e-04	2.707261e-04	-1.076535e-03	6.736307e-04	3.123396e-05	-7.780869e-05	-1.124182e-04	-1.340178e-04	2.159959e-05
153           	4.490644e-03	2.276659e-03	2.213985e-03	-8.058398e-04	2.698255e-04	-1.075665e-03	6.727454e-04	3.133701e-05	-7.803269e-05	-1.128032e-04	-1.344343e-04	2.163108e-05
154           	4.486858e-03	2.274866e-03	2.211992e-03	-8.058702e-04	2.689440e-04	-1.074814e-03	6.718791e-04	3.143720e-05	-7.825035e-05	-1.131781e-04	-1.348394e-04	2.166127e-05
155           	4.483150e-03	2.273110e-03	2.210041e-03	-8.059005e-04	2.680813e-04	-1.073982e-03	6.710316e-04	3.153462e-05	-7.846189e-05	-1.135432e-04	-1.352335e-04	2.169029e-05
156           	4.479519e-03	2.271389e-03	2.208130e-03	-8.059308e-04	2.672370e-04	-1.073168e-03	6.702024e-04	3.162934e-05	-7.866747e-05	-1.138985e-04	-1.356167e-04	2.171821e-05
157           	4.475964e-03	2.269703e-03	2.206260e-03	-8.059609e-04	2.664107e-04	-1.072372e-03	6.693911e-04	3.172145e-05	-7.886724e-05	-1.142444e-04	-1.359894e-04	2.174503e-05
158           	4.472482e-03	2.268052e-03	2.204430e-03	-8.059909e-04	2.656020e-04	-1.071593e-03	6.685975e-04	3.181100e-05	-7.906128e-05	-1.145811e-04	-1.363518e-04	2.177074e-05
159           	4.469072e-03	2.266434e-03	2.202638e-03	-8.060207e-04	2.648106e-04	-1.070831e-03	6.678210e-04	3.189801e-05	-7.924963e-05	-1.149086e-04	-1.367039e-04	2.179534e-05
160           	4.465733e-03	2.264849e-03	2.200884e-03	-8.060505e-04	2.640360e-04	-1.070087e-03	6.670613e-04	3.198254e-05	-7.943234e-05	-1.152271e-04	-1.370459e-04	2.181881e-05
161           	4.462463e-03	2.263296e-03	2.199167e-03	-8.060801e-04	2.632780e-04	-1.069358e-03	6.663180e-04	3.206462e-05	-7.960947e-05	-1.155367e-04	-1.373778e-04	2.184113e-05
162           	4.459262e-03	2.261775e-03	2.197487e-03	-8.061095e-04	2.625361e-04	-1.068646e-03	6.655909e-04	3.214433e-05	-7.978110e-05	-1.158376e-04	-1.376999e-04	2.186229e-05
163           	4.456127e-03	2.260285e-03	2.195842e-03	-8.061387e-04	2.618100e-04	-1.067949e-03	6.648794e-04	3.222170e-05	-7.994735e-05	-1.161300e-04	-1.380124e-04	2.188232e-05
164           	4.453057e-03	2.258825e-03	2.194232e-03	-8.061678e-04	2.610994e-04	-1.067267e-03	6.641833e-04	3.229677e-05	-8.010832e-05	-1.164141e-04	-1.383154e-04	2.190125e-05
165           	4.450048e-03	2.257393e-03	2.192655e-03	-8.061959e-04	2.604032e-04	-1.066599e-03	6.635011e-04	3.236939e-05	-8.026280e-05	-1.166888e-04	-1.386072e-04	2.191840e-05
166           	4.447102e-03	2.255991e-03	2.191111e-03	-8.062239e-04	2.597220e-04	-1.065946e-03	6.628339e-04	3.243980e-05	-8.041253e-05	-1.169555e-04	-1.388903e-04	2.193478e-05
167           	4.444219e-03	2.254618e-03	2.189602e-03	-8.062519e-04	2.590555e-04	-1.065307e-03	6.621815e-04	3.250799e-05	-8.055753e-05	-1.172142e-04	-1.391646e-04	2.195043e-05
168           	4.441397e-03	2.253272e-03	2.188124e-03	-8.062797e-04	2.584035e-04	-1.064683e-03	6.615433e-04	3.257397e-05	-8.069774e-05	-1.174648e-04	-1.394302e-04	2.196533e-05
169           	4.438633e-03	2.251954e-03	2.186679e-03	-8.063072e-04	2.577654e-04	-1.064073e-03	6.609190e-04	3.263774e-05	-8.083315e-05	-1.177075e-04	-1.396869e-04	2.197942e-05
170           	4.435928e-03	2.250663e-03	2.185265e-03	-8.063344e-04	2.571410e-04	-1.063475e-03	6.603083e-04	3.269932e-05	-8.096375e-05	-1.179422e-04	-1.399348e-04	2.199266e-05
171           	4.433279e-03	2.249398e-03	2.183881e-03	-8.063613e-04	2.565299e-04	-1.062891e-03	6.597106e-04	3.275878e-05	-8.108961e-05	-1.181692e-04	-1.401742e-04	2.200501e-05
172           	4.430685e-03	2.248159e-03	2.182527e-03	-8.063876e-04	2.559318e-04	-1.062319e-03	6.591256e-04	3.281618e-05	-8.121084e-05	-1.183888e-04	-1.404052e-04	2.201646e-05
173           	4.428146e-03	2.246944e-03	2.181201e-03	-8.064135e-04	2.553463e-04	-1.061760e-03	6.585530e-04	3.287156e-05	-8.132758e-05	-1.186012e-04	-1.406282e-04	2.202700e-05
174           	4.425659e-03	2.245754e-03	2.179904e-03	-8.064388e-04	2.547731e-04	-1.061212e-03	6.579925e-04	3.292499e-05	-8.143992e-05	-1.188065e-04	-1.408432e-04	2.203665e-05
175           	4.423224e-03	2.244588e-03	2.178635e-03	-8.064636e-04	2.542120e-04	-1.060676e-03	6.574438e-04	3.297651e-05	-8.154799e-05	-1.190051e-04	-1.410505e-04	2.204543e-05
176           	4.420839e-03	2.243446e-03	2.177393e-03	-8.064878e-04	2.536628e-04	-1.060151e-03	6.569067e-04	3.302619e-05	-8.165191e-05	-1.191971e-04	-1.412505e-04	2.205337e-05
177           	4.418504e-03	2.242326e-03	2.176178e-03	-8.065115e-04	2.531251e-04	-1.059637e-03	6.563809e-04	3.307406e-05	-8.175179e-05	-1.193825e-04	-1.414430e-04	2.206053e-05
178           	4.416218e-03	2.241229e-03	2.174989e-03	-8.065346e-04	2.525988e-04	-1.059133e-03	6.558661e-04	3.312018e-05	-8.184775e-05	-1.195616e-04	-1.416285e-04	2.206696e-05
179           	4.413980e-03	2.240154e-03	2.173825e-03	-8.065572e-04	2.520836e-04	-1.058641e-03	6.553622e-04	3.316463e-05	-8.193999e-05	-1.197345e-04	-1.418073e-04	2.207272e-05
180           	4.411788e-03	2.239102e-03	2.172686e-03	-8.065793e-04	2.515793e-04	-1.058159e-03	6.548689e-04	3.320752e-05	-8.202878e-05	-1.199017e-04	-1.419796e-04	2.207791e-05
181           	4.409642e-03	2.238070e-03	2.171572e-03	-8.066008e-04	2.510856e-04	-1.057686e-03	6.543860e-04	3.324896e-05	-8.211435e-05	-1.200636e-04	-1.421461e-04	2.208258e-05
182           	4.407541e-03	2.237060e-03	2.170482e-03	-8.066218e-04	2.506024e-04	-1.057224e-03	6.539133e-04	3.328904e-05	-8.219699e-05	-1.202204e-04	-1.423072e-04	2.208680e-05
183           	4.405485e-03	2.236070e-03	2.169414e-03	-8.066423e-04	2.501294e-04	-1.056772e-03	6.534505e-04	3.332789e-05	-8.227698e-05	-1.203726e-04	-1.424633e-04	2.209066e-05
184           	4.404771e-03	2.235721e-03	2.169050e-03	-8.067654e-04	2.499473e-04	-1.056713e-03	6.533300e-04	3.333507e-05	-8.227939e-05	-1.203904e-04	-1.424746e-04	2.208420e-05
185           	4.404238e-03	2.235442e-03	2.168796e-03	-8.069468e-04	2.497911e-04	-1.056738e-03	6.532645e-04	3.332270e-05	-8.223465e-05	-1.203267e-04	-1.423980e-04	2.207129e-05
186           	4.403753e-03	2.235179e-03	2.168574e-03	-8.071400e-04	2.496396e-04	-1.056780e-03	6.532096e-04	3.330223e-05	-8.217120e-05	-1.202307e-04	-1.422866e-04	2.205585e-05
187           	4.403204e-03	2.234885e-03	2.168319e-03	-8.073052e-04	2.494749e-04	-1.056780e-03	6.531275e-04	3.328318e-05	-8.211260e-05	-1.201425e-04	-1.421838e-04	2.204136e-05
188           	4.402509e-03	2.234525e-03	2.167983e-03	-8.074150e-04	2.492837e-04	-1.056699e-03	6.529912e-04	3.327118e-05	-8.207150e-05	-1.200836e-04	-1.421133e-04	2.202971e-05
189           	4.401641e-03	2.234091e-03	2.167550e-03	-8.074589e-04	2.490629e-04	-1.056522e-03	6.527923e-04	3.327080e-05	-8.206063e-05	-1.200757e-04	-1.420985e-04	2.202279e-05
190           	4.400605e-03	2.233585e-03	2.167020e-03	-8.074395e-04	2.488136e-04	-1.056253e-03	6.525334e-04	3.328245e-05	-8.207991e-05	-1.201190e-04	-1.421394e-04	2.202041e-05
191           	4.399443e-03	2.233026e-03	2.166417e-03	-8.073713e-04	2.485440e-04	-1.055915e-03	6.522296e-04	3.330436e-05	-8.212502e-05	-1.202065e-04	-1.422283e-04	2.202177e-05
192           	4.398203e-03	2.232434e-03	2.165770e-03	-8.072738e-04	2.482629e-04	-1.055537e-03	6.518998e-04	3.333183e-05	-8.218426e-05	-1.203173e-04	-1.423429e-04	2.202561e-05
193           	4.396942e-03	2.231832e-03	2.165111e-03	-8.071677e-04	2.479803e-04	-1.055148e-03	6.515641e-04	3.336058e-05	-8.224587e-05	-1.204316e-04	-1.424617e-04	2.203007e-05
194           	4.395711e-03	2.231243e-03	2.164468e-03	-8.070713e-04	2.477053e-04	-1.054777e-03	6.512409e-04	3.338753e-05	-8.230170e-05	-1.205359e-04	-1.425697e-04	2.203373e-05
195           	4.394547e-03	2.230684e-03	2.163863e-03	-8.069972e-04	2.474444e-04	-1.054442e-03	6.509430e-04	3.341071e-05	-8.234680e-05	-1.206221e-04	-1.426579e-04	2.203573e-05
196           	4.393471e-03	2.230165e-03	2.163306e-03	-8.069511e-04	2.472009e-04	-1.054152e-03	6.506764e-04	3.342991e-05	-8.238020e-05	-1.206898e-04	-1.427251e-04	2.203532e-05
197           	4.392480e-03	2.229684e-03	2.162796e-03	-8.069332e-04	2.469742e-04	-1.053907e-03	6.504408e-04	3.344401e-05	-8.240076e-05	-1.207351e-04	-1.427683e-04	2.203321e-05
198           	4.391565e-03	2.229237e-03	2.162328e-03	-8.069388e-04	2.467624e-04	-1.053701e-03	6.502318e-04	3.345422e-05	-8.241224e-05	-1.207646e-04	-1.427945e-04	2.202995e-05
199           	4.390709e-03	2.228817e-03	2.161892e-03	-8.069603e-04	2.465624e-04	-1.053523e-03	6.500426e-04	3.346239e-05	-8.242045e-05	-1.207875e-04	-1.428142e-04	2.202669e-05
200           	4.389881e-03	2.228410e-03	2.161470e-03	-8.069879e-04	2.463677e-04	-1.053356e-03	6.498616e-04	3.347016e-05	-8.242747e-05	-1.208094e-04	-1.428322e-04	2.202276e-05
201           	4.389065e-03	2.228011e-03	2.161054e-03	-8.070142e-04	2.461755e-04	-1.053190e-03	6.496825e-04	3.347867e-05	-8.243789e-05	-1.208367e-04	-1.428562e-04	2.201954e-05
202           	4.388244e-03	2.227611e-03	2.160633e-03	-8.070335e-04	2.459824e-04	-1.053016e-03	6.494992e-04	3.348864e-05	-8.245348e-05	-1.208723e-04	-1.428896e-04	2.201732e-05
203           	4.387409e-03	2.227205e-03	2.160204e-03	-8.070426e-04	2.457867e-04	-1.052829e-03	6.493080e-04	3.350033e-05	-8.247462e-05	-1.209169e-04	-1.429331e-04	2.201618e-05
204           	4.386555e-03	2.226791e-03	2.159764e-03	-8.070410e-04	2.455877e-04	-1.052629e-03	6.491082e-04	3.351357e-05	-8.250060e-05	-1.209691e-04	-1.429852e-04	2.201603e-05
205           	4.385685e-03	2.226370e-03	2.159314e-03	-8.070304e-04	2.453859e-04	-1.052416e-03	6.489010e-04	3.352797e-05	-8.253005e-05	-1.210267e-04	-1.430434e-04	2.201668e-05
206           	4.384805e-03	2.225946e-03	2.158860e-03	-8.070135e-04	2.451826e-04	-1.052196e-03	6.486893e-04	3.354299e-05	-8.256137e-05	-1.210870e-04	-1.431049e-04	2.201788e-05
207           	4.383924e-03	2.225520e-03	2.158404e-03	-8.069938e-04	2.449795e-04	-1.051973e-03	6.484764e-04	3.355814e-05	-8.259309e-05	-1.211474e-04	-1.431668e-04	2.201941e-05
208           	4.383050e-03	2.225098e-03	2.157952e-03	-8.069743e-04	2.447781e-04	-1.051752e-03	6.482653e-04	3.357305e-05	-8.262417e-05	-1.212061e-04	-1.432272e-04	2.202109e-05
209           	4.382189e-03	2.224682e-03	2.157507e-03	-8.069575e-04	2.445798e-04	-1.051537e-03	6.480585e-04	3.358754e-05	-8.265409e-05	-1.212625e-04	-1.432854e-04	2.202283e-05
210           	4.381346e-03	2.224274e-03	2.157071e-03	-8.069448e-04	2.443853e-04	-1.051330e-03	6.478577e-04	3.360161e-05	-8.268293e-05	-1.213166e-04	-1.433412e-04	2.202461e-05
211           	4.380522e-03	2.223876e-03	2.156645e-03	-8.069366e-04	2.441951e-04	-1.051132e-03	6.476634e-04	3.361542e-05	-8.271115e-05	-1.213694e-04	-1.433958e-04	2.202647e-05
212           	4.379717e-03	2.223488e-03	2.156229e-03	-8.069324e-04	2.440090e-04	-1.050941e-03	6.474752e-04	3.362918e-05	-8.273946e-05	-1.214220e-04	-1.434504e-04	2.202847e-05
213           	4.378930e-03	2.223108e-03	2.155822e-03	-8.069312e-04	2.438267e-04	-1.050758e-03	6.472922e-04	3.364315e-05	-8.276856e-05	-1.214757e-04	-1.435064e-04	2.203071e-05
214           	4.378156e-03	2.222736e-03	2.155421e-03	-8.069317e-04	2.436473e-04	-1.050579e-03	6.471132e-04	3.365751e-05	-8.279900e-05	-1.215315e-04	-1.435648e-04	2.203324e-05
215           	4.377394e-03	2.222369e-03	2.155024e-03	-8.069326e-04	2.434704e-04	-1.050403e-03	6.469367e-04	3.367238e-05	-8.283110e-05	-1.215900e-04	-1.436261e-04	2.203611e-05
216           	4.376639e-03	2.222007e-03	2.154632e-03	-8.069329e-04	2.432952e-04	-1.050228e-03	6.467617e-04	3.368777e-05	-8.286488e-05	-1.216512e-04	-1.436905e-04	2.203929e-05
217           	4.375890e-03	2.221648e-03	2.154241e-03	-8.069319e-04	2.431215e-04	-1.050053e-03	6.465874e-04	3.370363e-05	-8.290015e-05	-1.217148e-04	-1.437575e-04	2.204276e-05
218           	4.375145e-03	2.221292e-03	2.153853e-03	-8.069294e-04	2.429489e-04	-1.049878e-03	6.464135e-04	3.371984e-05	-8.293655e-05	-1.217802e-04	-1.438267e-04	2.204645e-05
219           	4.374405e-03	2.220939e-03	2.153466e-03	-8.069254e-04	2.427774e-04	-1.049703e-03	6.462401e-04	3.373627e-05	-8.297367e-05	-1.218467e-04	-1.438970e-04	2.205029e-05
220           	4.373669e-03	2.220587e-03	2.153082e-03	-8.069203e-04	2.426072e-04	-1.049528e-03	6.460674e-04	3.375277e-05	-8.301108e-05	-1.219137e-04	-1.439679e-04	2.205422e-05
221           	4.372940e-03	2.220239e-03	2.152701e-03	-8.069147e-04	2.424385e-04	-1.049353e-03	6.458958e-04	3.376925e-05	-8.304847e-05	-1.219806e-04	-1.440388e-04	2.205818e-05
222           	4.372217e-03	2.219894e-03	2.152323e-03	-8.069089e-04	2.422715e-04	-1.049180e-03	6.457259e-04	3.378563e-05	-8.308562e-05	-1.220470e-04	-1.441091e-04	2.206213e-05
223           	4.371503e-03	2.219554e-03	2.151950e-03	-8.069035e-04	2.421064e-04	-1.049010e-03	6.455581e-04	3.380189e-05	-8.312246e-05	-1.221128e-04	-1.441789e-04	2.206607e-05
224           	4.370798e-03	2.219217e-03	2.151581e-03	-8.068987e-04	2.419433e-04	-1.048842e-03	6.453927e-04	3.381805e-05	-8.315904e-05	-1.221781e-04	-1.442481e-04	2.207000e-05
225           	4.370102e-03	2.218885e-03	2.151217e-03	-8.068946e-04	2.417825e-04	-1.048677e-03	6.452298e-04	3.383415e-05	-8.319546e-05	-1.222431e-04	-1.443170e-04	2.207393e-05
226           	4.369416e-03	2.218558e-03	2.150858e-03	-8.068913e-04	2.416237e-04	-1.048515e-03	6.450694e-04	3.385023e-05	-8.323189e-05	-1.223080e-04	-1.443859e-04	2.207790e-05
227           	4.368739e-03	2.218236e-03	2.150503e-03	-8.068887e-04	2.414671e-04	-1.048356e-03	6.449114e-04	3.386635e-05	-8.326847e-05	-1.223731e-04	-1.444550e-04	2.208191e-05
228           	4.368071e-03	2.217918e-03	2.150153e-03	-8.068864e-04	2.413124e-04	-1.048199e-03	6.447556e-04	3.388254e-05	-8.330530e-05	-1.224386e-04	-1.445246e-04	2.208599e-05
229           	4.367410e-03	2.217604e-03	2.149806e-03	-8.068845e-04	2.411596e-04	-1.048044e-03	6.446018e-04	3.389881e-05	-8.334243e-05	-1.225046e-04	-1.445947e-04	2.209013e-05
230           	4.366758e-03	2.217294e-03	2.149464e-03	-8.068825e-04	2.410086e-04	-1.047891e-03	6.444498e-04	3.391517e-05	-8.337984e-05	-1.225710e-04	-1.446654e-04	2.209432e-05
231           	4.366113e-03	2.216988e-03	2.149125e-03	-8.068805e-04	2.408592e-04	-1.047740e-03	6.442994e-04	3.393158e-05	-8.341748e-05	-1.226378e-04	-1.447364e-04	2.209856e-05
232           	4.365474e-03	2.216685e-03	2.148789e-03	-8.068784e-04	2.407114e-04	-1.047590e-03	6.441506e-04	3.394801e-05	-8.345523e-05	-1.227048e-04	-1.448076e-04	2.210282e-05
233           	4.364843e-03	2.216386e-03	2.148457e-03	-8.068761e-04	2.405651e-04	-1.047441e-03	6.440031e-04	3.396443e-05	-8.349299e-05	-1.227718e-04	-1.448789e-04	2.210708e-05
234           	4.364218e-03	2.216090e-03	2.148128e-03	-8.068736e-04	2.404204e-04	-1.047294e-03	6.438572e-04	3.398079e-05	-8.353063e-05	-1.228386e-04	-1.449500e-04	2.211131e-05
235           	4.363597e-03	2.215796e-03	2.147801e-03	-8.068705e-04	2.402762e-04	-1.047147e-03	6.437115e-04	3.399729e-05	-8.356752e-05	-1.229056e-04	-1.450203e-04	2.211472e-05
236           	4.362983e-03	2.215505e-03	2.147478e-03	-8.068676e-04	2.401340e-04	-1.047002e-03	6.435677e-04	3.401359e-05	-8.360429e-05	-1.229720e-04	-1.450903e-04	2.211831e-05
237           	4.362378e-03	2.215218e-03	2.147159e-03	-8.068648e-04	2.399936e-04	-1.046858e-03	6.434260e-04	3.402964e-05	-8.364082e-05	-1.230375e-04	-1.451596e-04	2.212206e-05
238           	4.361779e-03	2.214935e-03	2.146844e-03	-8.068624e-04	2.398551e-04	-1.046717e-03	6.432863e-04	3.404543e-05	-8.367705e-05	-1.231022e-04	-1.452282e-04	2.212594e-05
239           	4.361189e-03	2.214655e-03	2.146533e-03	-8.068602e-04	2.397184e-04	-1.046579e-03	6.431485e-04	3.406097e-05	-8.371295e-05	-1.231661e-04	-1.452960e-04	2.212990e-05
240           	4.360605e-03	2.214379e-03	2.146226e-03	-8.068583e-04	2.395835e-04	-1.046442e-03	6.430126e-04	3.407632e-05	-8.374856e-05	-1.232293e-04	-1.453632e-04	2.213392e-05
241           	4.360029e-03	2.214106e-03	2.145923e-03	-8.068566e-04	2.394501e-04	-1.046307e-03	6.428784e-04	3.409154e-05	-8.378395e-05	-1.232920e-04	-1.454299e-04	2.213795e-05
242           	4.359460e-03	2.213836e-03	2.145623e-03	-8.068551e-04	2.393184e-04	-1.046173e-03	6.427459e-04	3.410669e-05	-8.381920e-05	-1.233544e-04	-1.454964e-04	2.214198e-05
243           	4.358897e-03	2.213570e-03	2.145327e-03	-8.068537e-04	2.391881e-04	-1.046042e-03	6.426150e-04	3.412183e-05	-8.385442e-05	-1.234169e-04	-1.455628e-04	2.214599e-05
244           	4.358341e-03	2.213307e-03	2.145033e-03	-8.068525e-04	2.390593e-04	-1.045912e-03	6.424855e-04	3.413701e-05	-8.388967e-05	-1.234794e-04	-1.456294e-04	2.214998e-05
245           	4.357791e-03	2.213048e-03	2.144743e-03	-8.068513e-04	2.389319e-04	-1.045783e-03	6.423576e-04	3.415223e-05	-8.392501e-05	-1.235421e-04	-1.456961e-04	2.215396e-05
246           	4.357247e-03	2.212791e-03	2.144456e-03	-8.068502e-04	2.388059e-04	-1.045656e-03	6.422310e-04	3.416749e-05	-8.396045e-05	-1.236051e-04	-1.457630e-04	2.215792e-05
247           	4.356710e-03	2.212538e-03	2.144172e-03	-8.068491e-04	2.386814e-04	-1.045530e-03	6.421059e-04	3.418277e-05	-8.399593e-05	-1.236681e-04	-1.458300e-04	2.216186e-05
248           	4.356179e-03	2.212287e-03	2.143891e-03	-8.068480e-04	2.385582e-04	-1.045406e-03	6.419822e-04	3.419804e-05	-8.403141e-05	-1.237312e-04	-1.458970e-04	2.216579e-05
249           	4.355653e-03	2.212040e-03	2.143613e-03	-8.068470e-04	2.384363e-04	-1.045283e-03	6.418598e-04	3.421325e-05	-8.406679e-05	-1.237942e-04	-1.459639e-04	2.216968e-05
250           	4.355134e-03	2.211795e-03	2.143339e-03	-8.068460e-04	2.383159e-04	-1.045162e-03	6.417389e-04	3.422837e-05	-8.410198e-05	-1.238569e-04	-1.460304e-04	2.217353e-05
251           	4.354620e-03	2.211553e-03	2.143067e-03	-8.068451e-04	2.381968e-04	-1.045042e-03	6.416193e-04	3.424335e-05	-8.413691e-05	-1.239191e-04	-1.460965e-04	2.217734e-05
252           	4.354112e-03	2.211314e-03	2.142798e-03	-8.068442e-04	2.380790e-04	-1.044923e-03	6.415012e-04	3.425818e-05	-8.417153e-05	-1.239809e-04	-1.461620e-04	2.218110e-05
253           	4.353610e-03	2.211078e-03	2.142532e-03	-8.068435e-04	2.379626e-04	-1.044806e-03	6.413844e-04	3.427285e-05	-8.420579e-05	-1.240420e-04	-1.462268e-04	2.218480e-05
254           	4.353114e-03	2.210844e-03	2.142270e-03	-8.068428e-04	2.378476e-04	-1.044690e-03	6.412690e-04	3.428735e-05	-8.423968e-05	-1.241025e-04	-1.462909e-04	2.218844e-05
255           	4.352624e-03	2.210613e-03	2.142010e-03	-8.068422e-04	2.377338e-04	-1.044576e-03	6.411549e-04	3.430169e-05	-8.427321e-05	-1.241624e-04	-1.463544e-04	2.219203e-05
256           	4.352139e-03	2.210385e-03	2.141753e-03	-8.068417e-04	2.376214e-04	-1.044463e-03	6.410423e-04	3.431589e-05	-8.430641e-05	-1.242217e-04	-1.464173e-04	2.219557e-05
257           	4.351659e-03	2.210160e-03	2.141500e-03	-8.068414e-04	2.375103e-04	-1.044352e-03	6.409309e-04	3.432995e-05	-8.433932e-05	-1.242805e-04	-1.464796e-04	2.219906e-05
258           	4.351186e-03	2.209937e-03	2.141249e-03	-8.068411e-04	2.374004e-04	-1.044242e-03	6.408210e-04	3.434389e-05	-8.437195e-05	-1.243389e-04	-1.465414e-04	2.220251e-05
259           	4.350717e-03	2.209716e-03	2.141001e-03	-8.068409e-04	2.372918e-04	-1.044133e-03	6.407123e-04	3.435772e-05	-8.440434e-05	-1.243968e-04	-1.466028e-04	2.220592e-05
260           	4.350255e-03	2.209499e-03	2.140756e-03	-8.068409e-04	2.371845e-04	-1.044025e-03	6.406049e-04	3.437145e-05	-8.443648e-05	-1.244544e-04	-1.466637e-04	2.220929e-05
261           	4.349797e-03	2.209284e-03	2.140514e-03	-8.068409e-04	2.370784e-04	-1.043919e-03	6.404989e-04	3.438506e-05	-8.446838e-05	-1.245115e-04	-1.467241e-04	2.221262e-05
262           	4.349345e-03	2.209071e-03	2.140274e-03	-8.068410e-04	2.369735e-04	-1.043815e-03	6.403941e-04	3.439856e-05	-8.450002e-05	-1.245682e-04	-1.467841e-04	2.221590e-05
263           	4.348898e-03	2.208861e-03	2.140037e-03	-8.068412e-04	2.368699e-04	-1.043711e-03	6.402905e-04	3.441195e-05	-8.453140e-05	-1.246245e-04	-1.468437e-04	2.221915e-05
264           	4.348457e-03	2.208654e-03	2.139803e-03	-8.068414e-04	2.367674e-04	-1.043609e-03	6.401882e-04	3.442521e-05	-8.456250e-05	-1.246803e-04	-1.469027e-04	2.222234e-05
265           	4.348020e-03	2.208448e-03	2.139572e-03	-8.068418e-04	2.366661e-04	-1.043508e-03	6.400870e-04	3.443834e-05	-8.459331e-05	-1.247356e-04	-1.469611e-04	2.222548e-05
266           	4.347588e-03	2.208246e-03	2.139343e-03	-8.068422e-04	2.365660e-04	-1.043408e-03	6.399871e-04	3.445134e-05	-8.462381e-05	-1.247905e-04	-1.470190e-04	2.222857e-05
267           	4.347162e-03	2.208045e-03	2.139117e-03	-8.068426e-04	2.364670e-04	-1.043310e-03	6.398884e-04	3.446419e-05	-8.465400e-05	-1.248448e-04	-1.470764e-04	2.223161e-05
268           	4.346740e-03	2.207847e-03	2.138893e-03	-8.068432e-04	2.363692e-04	-1.043212e-03	6.397908e-04	3.447691e-05	-8.468388e-05	-1.248986e-04	-1.471332e-04	2.223459e-05
269           	4.346323e-03	2.207651e-03	2.138672e-03	-8.068438e-04	2.362725e-04	-1.043116e-03	6.396944e-04	3.448948e-05	-8.471343e-05	-1.249518e-04	-1.471894e-04	2.223751e-05
270           	4.345911e-03	2.207457e-03	2.138454e-03	-8.068445e-04	2.361768e-04	-1.043021e-03	6.395991e-04	3.450192e-05	-8.474268e-05	-1.250046e-04	-1.472450e-04	2.224038e-05
271           	4.345504e-03	2.207266e-03	2.138238e-03	-8.068453e-04	2.360823e-04	-1.042928e-03	6.395050e-04	3.451421e-05	-8.477161e-05	-1.250568e-04	-1.473000e-04	2.224319e-05
272           	4.345101e-03	2.207077e-03	2.138024e-03	-8.068462e-04	2.359889e-04	-1.042835e-03	6.394120e-04	3.452635e-05	-8.480022e-05	-1.251085e-04	-1.473545e-04	2.224595e-05
273           	4.344703e-03	2.206890e-03	2.137813e-03	-8.068471e-04	2.358965e-04	-1.042744e-03	6.393201e-04	3.453837e-05	-8.482854e-05	-1.251598e-04	-1.474084e-04	2.224866e-05
274           	4.344310e-03	2.206705e-03	2.137605e-03	-8.068481e-04	2.358052e-04	-1.042653e-03	6.392293e-04	3.455024e-05	-8.485656e-05	-1.252105e-04	-1.474618e-04	2.225133e-05
275           	4.343921e-03	2.206523e-03	2.137399e-03	-8.068492e-04	2.357150e-04	-1.042564e-03	6.391396e-04	3.456199e-05	-8.488428e-05	-1.252607e-04	-1.475146e-04	2.225394e-05
276           	4.343537e-03	2.206342e-03	2.137195e-03	-8.068503e-04	2.356258e-04	-1.042476e-03	6.390509e-04	3.457361e-05	-8.491172e-05	-1.253104e-04	-1.475669e-04	2.225652e-05
277           	4.343157e-03	2.206164e-03	2.136993e-03	-8.068515e-04	2.355376e-04	-1.042389e-03	6.389634e-04	3.458510e-05	-8.493888e-05	-1.253597e-04	-1.476187e-04	2.225905e-05
278           	4.342782e-03	2.205987e-03	2.136794e-03	-8.068528e-04	2.354504e-04	-1.042303e-03	6.388768e-04	3.459646e-05	-8.496577e-05	-1.254085e-04	-1.476700e-04	2.226154e-05
279           	4.342411e-03	2.205813e-03	2.136598e-03	-8.068541e-04	2.353643e-04	-1.042218e-03	6.387913e-04	3.460771e-05	-8.499238e-05	-1.254568e-04	-1.477208e-04	2.226399e-05
280           	4.342044e-03	2.205641e-03	2.136403e-03	-8.068555e-04	2.352791e-04	-1.042135e-03	6.387068e-04	3.461883e-05	-8.501873e-05	-1.255047e-04	-1.477711e-04	2.226640e-05
281           	4.341681e-03	2.205470e-03	2.136211e-03	-8.068570e-04	2.351949e-04	-1.042052e-03	6.386234e-04	3.462984e-05	-8.504482e-05	-1.255521e-04	-1.478209e-04	2.226878e-05
282           	4.341323e-03	2.205302e-03	2.136021e-03	-8.068585e-04	2.351116e-04	-1.041970e-03	6.385409e-04	3.464073e-05	-8.507065e-05	-1.255991e-04	-1.478702e-04	2.227113e-05
283           	4.340969e-03	2.205136e-03	2.135833e-03	-8.068601e-04	2.350293e-04	-1.041889e-03	6.384594e-04	3.465151e-05	-8.509624e-05	-1.256456e-04	-1.479190e-04	2.227344e-05
284           	4.340619e-03	2.204972e-03	2.135647e-03	-8.068617e-04	2.349480e-04	-1.041810e-03	6.383789e-04	3.466218e-05	-8.512158e-05	-1.256917e-04	-1.479674e-04	2.227572e-05
285           	4.340273e-03	2.204809e-03	2.135464e-03	-8.068634e-04	2.348676e-04	-1.041731e-03	6.382993e-04	3.467274e-05	-8.514668e-05	-1.257374e-04	-1.480154e-04	2.227797e-05
286           	4.339931e-03	2.204649e-03	2.135282e-03	-8.068652e-04	2.347881e-04	-1.041653e-03	6.382207e-04	3.468319e-05	-8.517154e-05	-1.257827e-04	-1.480629e-04	2.228019e-05
287           	4.339593e-03	2.204490e-03	2.135103e-03	-8.068670e-04	2.347095e-04	-1.041577e-03	6.381430e-04	3.469354e-05	-8.519618e-05	-1.258276e-04	-1.481100e-04	2.228239e-05
288           	4.339259e-03	2.204333e-03	2.134926e-03	-8.068688e-04	2.346319e-04	-1.041501e-03	6.380663e-04	3.470379e-05	-8.522059e-05	-1.258721e-04	-1.481566e-04	2.228456e-05
289           	4.338929e-03	2.204178e-03	2.134750e-03	-8.068707e-04	2.345551e-04	-1.041426e-03	6.379905e-04	3.471394e-05	-8.524478e-05	-1.259161e-04	-1.482029e-04	2.228671e-05
290           	4.338603e-03	2.204025e-03	2.134577e-03	-8.068727e-04	2.344792e-04	-1.041352e-03	6.379155e-04	3.472400e-05	-8.526876e-05	-1.259599e-04	-1.482487e-04	2.228884e-05
291           	4.338280e-03	2.203874e-03	2.134406e-03	-8.068747e-04	2.344042e-04	-1.041279e-03	6.378415e-04	3.473396e-05	-8.529254e-05	-1.260032e-04	-1.482941e-04	2.229094e-05
292           	4.337961e-03	2.203725e-03	2.134237e-03	-8.068767e-04	2.343300e-04	-1.041207e-03	6.377684e-04	3.474384e-05	-8.531611e-05	-1.260462e-04	-1.483392e-04	2.229302e-05
293           	4.337646e-03	2.203577e-03	2.134070e-03	-8.068788e-04	2.342567e-04	-1.041136e-03	6.376961e-04	3.475362e-05	-8.533949e-05	-1.260888e-04	-1.483839e-04	2.229509e-05
294           	4.337335e-03	2.203431e-03	2.133904e-03	-8.068809e-04	2.341842e-04	-1.041065e-03	6.376247e-04	3.476332e-05	-8.536268e-05	-1.261311e-04	-1.484282e-04	2.229713e-05
295           	4.337027e-03	2.203287e-03	2.133741e-03	-8.068831e-04	2.341126e-04	-1.040996e-03	6.375541e-04	3.477292e-05	-8.538568e-05	-1.261730e-04	-1.484722e-04	2.229916e-05
296           	4.336723e-03	2.203144e-03	2.133579e-03	-8.068853e-04	2.340418e-04	-1.040927e-03	6.374844e-04	3.478244e-05	-8.540848e-05	-1.262146e-04	-1.485158e-04	2.230117e-05
297           	4.336423e-03	2.203003e-03	2.133420e-03	-8.068875e-04	2.339718e-04	-1.040859e-03	6.374156e-04	3.479187e-05	-8.543110e-05	-1.262559e-04	-1.485590e-04	2.230316e-05
298           	4.336126e-03	2.202864e-03	2.133262e-03	-8.068898e-04	2.339026e-04	-1.040792e-03	6.373475e-04	3.480121e-05	-8.545352e-05	-1.262968e-04	-1.486019e-04	2.230514e-05
299           	4.335832e-03	2.202727e-03	2.133106e-03	-8.068921e-04	2.338342e-04	-1.040726e-03	6.372803e-04	3.481046e-05	-8.547575e-05	-1.263373e-04	-1.486444e-04	2.230709e-05
300           	4.335542e-03	2.202591e-03	2.132952e-03	-8.068945e-04	2.337666e-04	-1.040661e-03	6.372138e-04	3.481962e-05	-8.549779e-05	-1.263775e-04	-1.486866e-04	2.230902e-05
301           	4.335256e-03	2.202457e-03	2.132799e-03	-8.068969e-04	2.336997e-04	-1.040597e-03	6.371482e-04	3.482869e-05	-8.551963e-05	-1.264174e-04	-1.487283e-04	2.231094e-05
302           	4.334972e-03	2.202324e-03	2.132649e-03	-8.068993e-04	2.336336e-04	-1.040533e-03	6.370833e-04	3.483768e-05	-8.554128e-05	-1.264569e-04	-1.487697e-04	2.231283e-05
303           	4.334692e-03	2.202193e-03	2.132500e-03	-8.069017e-04	2.335683e-04	-1.040470e-03	6.370192e-04	3.484657e-05	-8.556274e-05	-1.264961e-04	-1.488108e-04	2.231470e-05
304           	4.334416e-03	2.202063e-03	2.132352e-03	-8.069042e-04	2.335038e-04	-1.040408e-03	6.369559e-04	3.485537e-05	-8.558401e-05	-1.265349e-04	-1.488515e-04	2.231655e-05
305           	4.334142e-03	2.201935e-03	2.132207e-03	-8.069067e-04	2.334399e-04	-1.040347e-03	6.368933e-04	3.486409e-05	-8.560508e-05	-1.265734e-04	-1.488918e-04	2.231839e-05
306           	4.333872e-03	2.201809e-03	2.132063e-03	-8.069093e-04	2.333769e-04	-1.040286e-03	6.368315e-04	3.487271e-05	-8.562597e-05	-1.266116e-04	-1.489317e-04	2.232020e-05
307           	4.333605e-03	2.201684e-03	2.131921e-03	-8.069118e-04	2.333145e-04	-1.040226e-03	6.367704e-04	3.488126e-05	-8.564668e-05	-1.266494e-04	-1.489714e-04	2.232199e-05
308           	4.333341e-03	2.201560e-03	2.131781e-03	-8.069144e-04	2.332528e-04	-1.040167e-03	6.367100e-04	3.488972e-05	-8.566720e-05	-1.266869e-04	-1.490106e-04	2.232376e-05
309           	4.333080e-03	2.201438e-03	2.131642e-03	-8.069170e-04	2.331919e-04	-1.040109e-03	6.366504e-04	3.489811e-05	-8.568756e-05	-1.267241e-04	-1.490496e-04	2.232552e-05
310           	4.332823e-03	2.201318e-03	2.131505e-03	-8.069197e-04	2.331317e-04	-1.040051e-03	6.365915e-04	3.490642e-05	-8.570775e-05	-1.267610e-04	-1.490882e-04	2.232727e-05
311           	4.332568e-03	2.201199e-03	2.131369e-03	-8.069223e-04	2.330721e-04	-1.039994e-03	6.365333e-04	3.491466e-05	-8.572779e-05	-1.267976e-04	-1.491266e-04	2.232901e-05
312           	4.332316e-03	2.201081e-03	2.131235e-03	-8.069250e-04	2.330133e-04	-1.039938e-03	6.364758e-04	3.492284e-05	-8.574768e-05	-1.268339e-04	-1.491646e-04	2.233074e-05
313           	4.332068e-03	2.200965e-03	2.131103e-03	-8.069277e-04	2.329551e-04	-1.039883e-03	6.364189e-04	3.493095e-05	-8.576743e-05	-1.268699e-04	-1.492024e-04	2.233246e-05
314           	4.331822e-03	2.200850e-03	2.130972e-03	-8.069304e-04	2.328976e-04	-1.039828e-03	6.363628e-04	3.493900e-05	-8.578705e-05	-1.269057e-04	-1.492399e-04	2.233419e-05
315           	4.331579e-03	2.200737e-03	2.130843e-03	-8.069331e-04	2.328407e-04	-1.039774e-03	6.363073e-04	3.494700e-05	-8.580653e-05	-1.269413e-04	-1.492772e-04	2.233590e-05
316           	4.331338e-03	2.200624e-03	2.130714e-03	-8.069354e-04	2.327839e-04	-1.039719e-03	6.362516e-04	3.495490e-05	-8.582528e-05	-1.269763e-04	-1.493134e-04	2.233711e-05
317           	4.331101e-03	2.200513e-03	2.130588e-03	-8.069383e-04	2.327285e-04	-1.039667e-03	6.361977e-04	3.496281e-05	-8.584472e-05	-1.270115e-04	-1.493505e-04	2.233898e-05
318           	4.330865e-03	2.200403e-03	2.130462e-03	-8.069407e-04	2.326732e-04	-1.039614e-03	6.361435e-04	3.497063e-05	-8.586344e-05	-1.270462e-04	-1.493866e-04	2.234033e-05
319           	4.330633e-03	2.200295e-03	2.130338e-03	-8.069433e-04	2.326186e-04	-1.039562e-03	6.360903e-04	3.497842e-05	-8.588221e-05	-1.270808e-04	-1.494226e-04	2.234181e-05
320           	4.330401e-03	2.200188e-03	2.130212e-03	-8.069437e-04	2.325654e-04	-1.039509e-03	6.360373e-04	3.498789e-05	-8.590616e-05	-1.271238e-04	-1.494681e-04	2.234427e-05
321           	4.330171e-03	2.200082e-03	2.130089e-03	-8.069439e-04	2.325120e-04	-1.039456e-03	6.359839e-04	3.499653e-05	-8.592740e-05	-1.271628e-04	-1.495088e-04	2.234600e-05
322           	4.329946e-03	2.199977e-03	2.129969e-03	-8.069458e-04	2.324593e-04	-1.039405e-03	6.359322e-04	3.500437e-05	-8.594643e-05	-1.271976e-04	-1.495452e-04	2.234765e-05
323           	4.329725e-03	2.199874e-03	2.129851e-03	-8.069493e-04	2.324074e-04	-1.039357e-03	6.358821e-04	3.501156e-05	-8.596369e-05	-1.272289e-04	-1.495782e-04	2.234922e-05
324           	4.329508e-03	2.199772e-03	2.129736e-03	-8.069540e-04	2.323563e-04	-1.039310e-03	6.358333e-04	3.501832e-05	-8.597982e-05	-1.272582e-04	-1.496089e-04	2.235073e-05
325           	4.329295e-03	2.199672e-03	2.129623e-03	-8.069593e-04	2.323058e-04	-1.039265e-03	6.357854e-04	3.502487e-05	-8.599546e-05	-1.272864e-04	-1.496387e-04	2.235223e-05
326           	4.329080e-03	2.199573e-03	2.129507e-03	-8.069621e-04	2.322559e-04	-1.039218e-03	6.357370e-04	3.503316e-05	-8.601596e-05	-1.273238e-04	-1.496778e-04	2.235408e-05
327           	4.328865e-03	2.199475e-03	2.129390e-03	-8.069620e-04	2.322064e-04	-1.039168e-03	6.356875e-04	3.504261e-05	-8.603973e-05	-1.273671e-04	-1.497233e-04	2.235618e-05
328           	4.328655e-03	2.199378e-03	2.129277e-03	-8.069629e-04	2.321574e-04	-1.039120e-03	6.356389e-04	3.505077e-05	-8.605990e-05	-1.274037e-04	-1.497617e-04	2.235807e-05
329           	4.328450e-03	2.199283e-03	2.129167e-03	-8.069662e-04	2.321091e-04	-1.039075e-03	6.355922e-04	3.505785e-05	-8.607699e-05	-1.274345e-04	-1.497942e-04	2.235976e-05
330           	4.328249e-03	2.199188e-03	2.129060e-03	-8.069714e-04	2.320615e-04	-1.039033e-03	6.355472e-04	3.506415e-05	-8.609194e-05	-1.274613e-04	-1.498226e-04	2.236127e-05
331           	4.328051e-03	2.199096e-03	2.128956e-03	-8.069776e-04	2.320145e-04	-1.038992e-03	6.355033e-04	3.507005e-05	-8.610580e-05	-1.274862e-04	-1.498489e-04	2.236268e-05
332           	4.327853e-03	2.199004e-03	2.128849e-03	-8.069816e-04	2.319680e-04	-1.038950e-03	6.354589e-04	3.507758e-05	-8.612425e-05	-1.275197e-04	-1.498841e-04	2.236438e-05
333           	4.327654e-03	2.198913e-03	2.128741e-03	-8.069829e-04	2.319219e-04	-1.038905e-03	6.354133e-04	3.508628e-05	-8.614598e-05	-1.275594e-04	-1.499257e-04	2.236629e-05
334           	4.327460e-03	2.198824e-03	2.128636e-03	-8.069849e-04	2.318762e-04	-1.038861e-03	6.353686e-04	3.509382e-05	-8.616451e-05	-1.275930e-04	-1.499610e-04	2.236801e-05
335           	4.327269e-03	2.198735e-03	2.128534e-03	-8.069887e-04	2.318312e-04	-1.038820e-03	6.353255e-04	3.510042e-05	-8.618041e-05	-1.276217e-04	-1.499913e-04	2.236954e-05
336           	4.327079e-03	2.198647e-03	2.128431e-03	-8.069914e-04	2.317867e-04	-1.038778e-03	6.352824e-04	3.510811e-05	-8.619938e-05	-1.276562e-04	-1.500275e-04	2.237125e-05
337           	4.326888e-03	2.198561e-03	2.128328e-03	-8.069923e-04	2.317425e-04	-1.038735e-03	6.352387e-04	3.511650e-05	-8.622029e-05	-1.276944e-04	-1.500675e-04	2.237308e-05
338           	4.326703e-03	2.198475e-03	2.128228e-03	-8.069949e-04	2.316989e-04	-1.038694e-03	6.351963e-04	3.512336e-05	-8.623690e-05	-1.277246e-04	-1.500992e-04	2.237461e-05
339           	4.326523e-03	2.198390e-03	2.128132e-03	-8.069999e-04	2.316559e-04	-1.038656e-03	6.351559e-04	3.512905e-05	-8.625032e-05	-1.277488e-04	-1.501247e-04	2.237591e-05
340           	4.326342e-03	2.198307e-03	2.128035e-03	-8.070040e-04	2.316135e-04	-1.038617e-03	6.351155e-04	3.513580e-05	-8.626668e-05	-1.277786e-04	-1.501560e-04	2.237736e-05
341           	4.326162e-03	2.198224e-03	2.127938e-03	-8.070062e-04	2.315714e-04	-1.038578e-03	6.350746e-04	3.514331e-05	-8.628520e-05	-1.278125e-04	-1.501915e-04	2.237894e-05
342           	4.325987e-03	2.198143e-03	2.127844e-03	-8.070099e-04	2.315299e-04	-1.038540e-03	6.350349e-04	3.514945e-05	-8.629995e-05	-1.278394e-04	-1.502196e-04	2.238027e-05
343           	4.325812e-03	2.198062e-03	2.127750e-03	-8.070131e-04	2.314889e-04	-1.038502e-03	6.349954e-04	3.515640e-05	-8.631694e-05	-1.278704e-04	-1.502522e-04	2.238174e-05
344           	4.325642e-03	2.197983e-03	2.127659e-03	-8.070175e-04	2.314484e-04	-1.038466e-03	6.349571e-04	3.516207e-05	-8.633046e-05	-1.278950e-04	-1.502779e-04	2.238297e-05
345           	4.325472e-03	2.197905e-03	2.127567e-03	-8.070212e-04	2.314083e-04	-1.038430e-03	6.349189e-04	3.516865e-05	-8.634654e-05	-1.279243e-04	-1.503087e-04	2.238437e-05
346           	4.325302e-03	2.197827e-03	2.127475e-03	-8.070234e-04	2.313687e-04	-1.038392e-03	6.348804e-04	3.517588e-05	-8.636440e-05	-1.279570e-04	-1.503429e-04	2.238588e-05
347           	4.325138e-03	2.197750e-03	2.127387e-03	-8.070271e-04	2.313295e-04	-1.038357e-03	6.348431e-04	3.518163e-05	-8.637821e-05	-1.279821e-04	-1.503693e-04	2.238714e-05
348           	4.324973e-03	2.197675e-03	2.127299e-03	-8.070304e-04	2.312909e-04	-1.038321e-03	6.348061e-04	3.518810e-05	-8.639403e-05	-1.280110e-04	-1.503995e-04	2.238851e-05
349           	4.324810e-03	2.197600e-03	2.127210e-03	-8.070325e-04	2.312526e-04	-1.038285e-03	6.347688e-04	3.519504e-05	-8.641118e-05	-1.280424e-04	-1.504324e-04	2.238996e-05
350           	4.324651e-03	2.197526e-03	2.127125e-03	-8.070364e-04	2.312148e-04	-1.038251e-03	6.347330e-04	3.520041e-05	-8.642396e-05	-1.280657e-04	-1.504568e-04	2.239112e-05
351           	4.324493e-03	2.197453e-03	2.127040e-03	-8.070401e-04	2.311775e-04	-1.038218e-03	6.346976e-04	3.520644e-05	-8.643859e-05	-1.280924e-04	-1.504848e-04	2.239237e-05
352           	4.324336e-03	2.197381e-03	2.126955e-03	-8.070427e-04	2.311406e-04	-1.038183e-03	6.346619e-04	3.521293e-05	-8.645454e-05	-1.281217e-04	-1.505154e-04	2.239370e-05
353           	4.324180e-03	2.197310e-03	2.126870e-03	-8.070445e-04	2.311040e-04	-1.038149e-03	6.346263e-04	3.521967e-05	-8.647117e-05	-1.281522e-04	-1.505473e-04	2.239506e-05
354           	4.324029e-03	2.197239e-03	2.126790e-03	-8.070486e-04	2.310680e-04	-1.038117e-03	6.345923e-04	3.522463e-05	-8.648289e-05	-1.281736e-04	-1.505697e-04	2.239610e-05
355           	4.323879e-03	2.197170e-03	2.126709e-03	-8.070527e-04	2.310324e-04	-1.038085e-03	6.345588e-04	3.523014e-05	-8.649616e-05	-1.281979e-04	-1.505951e-04	2.239721e-05
356           	4.323730e-03	2.197101e-03	2.126629e-03	-8.070558e-04	2.309972e-04	-1.038053e-03	6.345251e-04	3.523607e-05	-8.651060e-05	-1.282244e-04	-1.506228e-04	2.239839e-05
357           	4.323581e-03	2.197033e-03	2.126548e-03	-8.070583e-04	2.309624e-04	-1.038021e-03	6.344915e-04	3.524224e-05	-8.652576e-05	-1.282523e-04	-1.506519e-04	2.239960e-05
358           	4.323435e-03	2.196966e-03	2.126469e-03	-8.070604e-04	2.309279e-04	-1.037988e-03	6.344581e-04	3.524850e-05	-8.654114e-05	-1.282806e-04	-1.506815e-04	2.240082e-05
359           	4.323293e-03	2.196900e-03	2.126394e-03	-8.070650e-04	2.308940e-04	-1.037959e-03	6.344265e-04	3.525287e-05	-8.655136e-05	-1.282993e-04	-1.507010e-04	2.240171e-05
360           	4.323153e-03	2.196834e-03	2.126319e-03	-8.070696e-04	2.308605e-04	-1.037930e-03	6.343953e-04	3.525776e-05	-8.656300e-05	-1.283207e-04	-1.507233e-04	2.240266e-05
361           	4.323013e-03	2.196770e-03	2.126244e-03	-8.070733e-04	2.308274e-04	-1.037901e-03	6.343640e-04	3.526307e-05	-8.657587e-05	-1.283444e-04	-1.507481e-04	2.240368e-05
362           	4.322875e-03	2.196706e-03	2.126169e-03	-8.070762e-04	2.307946e-04	-1.037871e-03	6.343327e-04	3.526868e-05	-8.658959e-05	-1.283697e-04	-1.507744e-04	2.240476e-05
363           	4.322737e-03	2.196643e-03	2.126094e-03	-8.070786e-04	2.307622e-04	-1.037841e-03	6.343015e-04	3.527444e-05	-8.660373e-05	-1.283957e-04	-1.508016e-04	2.240586e-05
364           	4.322601e-03	2.196581e-03	2.126020e-03	-8.070808e-04	2.307300e-04	-1.037811e-03	6.342705e-04	3.528020e-05	-8.661787e-05	-1.284218e-04	-1.508288e-04	2.240696e-05
365           	4.322466e-03	2.196519e-03	2.125947e-03	-8.070830e-04	2.306983e-04	-1.037781e-03	6.342398e-04	3.528584e-05	-8.663166e-05	-1.284473e-04	-1.508553e-04	2.240803e-05
366           	4.322333e-03	2.196458e-03	2.125875e-03	-8.070854e-04	2.306669e-04	-1.037752e-03	6.342096e-04	3.529128e-05	-8.664489e-05	-1.284717e-04	-1.508807e-04	2.240904e-05
367           	4.322206e-03	2.196398e-03	2.125808e-03	-8.070905e-04	2.306362e-04	-1.037727e-03	6.341814e-04	3.529469e-05	-8.665252e-05	-1.284857e-04	-1.508954e-04	2.240967e-05
368           	4.322080e-03	2.196338e-03	2.125741e-03	-8.070957e-04	2.306059e-04	-1.037702e-03	6.341537e-04	3.529854e-05	-8.666141e-05	-1.285021e-04	-1.509125e-04	2.241035e-05
369           	4.321954e-03	2.196280e-03	2.125674e-03	-8.071002e-04	2.305758e-04	-1.037676e-03	6.341259e-04	3.530285e-05	-8.667160e-05	-1.285210e-04	-1.509321e-04	2.241110e-05
370           	4.321829e-03	2.196222e-03	2.125607e-03	-8.071038e-04	2.305461e-04	-1.037650e-03	6.340980e-04	3.530754e-05	-8.668289e-05	-1.285419e-04	-1.509539e-04	2.241192e-05
371           	4.321705e-03	2.196165e-03	2.125540e-03	-8.071067e-04	2.305166e-04	-1.037623e-03	6.340700e-04	3.531251e-05	-8.669494e-05	-1.285643e-04	-1.509771e-04	2.241280e-05
372           	4.321582e-03	2.196109e-03	2.125473e-03	-8.071091e-04	2.304875e-04	-1.037597e-03	6.340420e-04	3.531759e-05	-8.670736e-05	-1.285873e-04	-1.510010e-04	2.241370e-05
373           	4.321460e-03	2.196053e-03	2.125407e-03	-8.071113e-04	2.304586e-04	-1.037570e-03	6.340142e-04	3.532267e-05	-8.671974e-05	-1.286103e-04	-1.510249e-04	2.241461e-05
374           	4.321340e-03	2.195997e-03	2.125342e-03	-8.071134e-04	2.304301e-04	-1.037543e-03	6.339868e-04	3.532763e-05	-8.673178e-05	-1.286326e-04	-1.510481e-04	2.241548e-05
375           	4.321221e-03	2.195943e-03	2.125278e-03	-8.071155e-04	2.304019e-04	-1.037517e-03	6.339597e-04	3.533239e-05	-8.674327e-05	-1.286539e-04	-1.510702e-04	2.241630e-05
376           	4.321103e-03	2.195889e-03	2.125215e-03	-8.071180e-04	2.303741e-04	-1.037492e-03	6.339331e-04	3.533693e-05	-8.675412e-05	-1.286741e-04	-1.510912e-04	2.241705e-05
377           	4.320988e-03	2.195835e-03	2.125153e-03	-8.071207e-04	2.303466e-04	-1.037467e-03	6.339069e-04	3.534124e-05	-8.676433e-05	-1.286932e-04	-1.511109e-04	2.241774e-05
378           	4.320874e-03	2.195782e-03	2.125091e-03	-8.071236e-04	2.303195e-04	-1.037443e-03	6.338813e-04	3.534534e-05	-8.677399e-05	-1.287112e-04	-1.511296e-04	2.241836e-05
379           	4.320761e-03	2.195730e-03	2.125031e-03	-8.071269e-04	2.302927e-04	-1.037420e-03	6.338561e-04	3.534928e-05	-8.678321e-05	-1.287286e-04	-1.511475e-04	2.241894e-05
380           	4.320651e-03	2.195678e-03	2.124972e-03	-8.071303e-04	2.302663e-04	-1.037397e-03	6.338314e-04	3.535311e-05	-8.679214e-05	-1.287453e-04	-1.511648e-04	2.241948e-05
381           	4.320542e-03	2.195628e-03	2.124914e-03	-8.071338e-04	2.302402e-04	-1.037374e-03	6.338071e-04	3.535687e-05	-8.680089e-05	-1.287618e-04	-1.511818e-04	2.241999e-05
382           	4.320434e-03	2.195578e-03	2.124856e-03	-8.071373e-04	2.302144e-04	-1.037352e-03	6.337831e-04	3.536058e-05	-8.680956e-05	-1.287781e-04	-1.511986e-04	2.242050e-05
383           	4.320328e-03	2.195528e-03	2.124800e-03	-8.071408e-04	2.301890e-04	-1.037330e-03	6.337594e-04	3.536427e-05	-8.681819e-05	-1.287944e-04	-1.512154e-04	2.242100e-05
384           	4.320223e-03	2.195479e-03	2.124743e-03	-8.071443e-04	2.301638e-04	-1.037308e-03	6.337359e-04	3.536794e-05	-8.682682e-05	-1.288106e-04	-1.512321e-04	2.242149e-05
385           	4.320119e-03	2.195431e-03	2.124688e-03	-8.071476e-04	2.301389e-04	-1.037286e-03	6.337127e-04	3.537160e-05	-8.683541e-05	-1.288269e-04	-1.512488e-04	2.242199e-05
386           	4.320016e-03	2.195383e-03	2.124633e-03	-8.071507e-04	2.301143e-04	-1.037265e-03	6.336897e-04	3.537522e-05	-8.684395e-05	-1.288430e-04	-1.512654e-04	2.242247e-05
387           	4.319915e-03	2.195336e-03	2.124579e-03	-8.071537e-04	2.300900e-04	-1.037244e-03	6.336669e-04	3.537880e-05	-8.685238e-05	-1.288589e-04	-1.512818e-04	2.242294e-05
388           	4.319814e-03	2.195289e-03	2.124525e-03	-8.071566e-04	2.300660e-04	-1.037223e-03	6.336443e-04	3.538233e-05	-8.686065e-05	-1.288745e-04	-1.512979e-04	2.242339e-05
389           	4.319715e-03	2.195243e-03	2.124472e-03	-8.071595e-04	2.300422e-04	-1.037202e-03	6.336220e-04	3.538577e-05	-8.686874e-05	-1.288898e-04	-1.513137e-04	2.242382e-05
390           	4.319615e-03	2.195197e-03	2.124419e-03	-8.071615e-04	2.300182e-04	-1.037180e-03	6.335989e-04	3.538904e-05	-8.687630e-05	-1.289042e-04	-1.513284e-04	2.242418e-05
391           	4.319517e-03	2.195151e-03	2.124366e-03	-8.071636e-04	2.299946e-04	-1.037158e-03	6.335764e-04	3.539235e-05	-8.688394e-05	-1.289188e-04	-1.513433e-04	2.242454e-05
392           	4.319422e-03	2.195107e-03	2.124315e-03	-8.071668e-04	2.299720e-04	-1.037139e-03	6.335554e-04	3.539572e-05	-8.689186e-05	-1.289338e-04	-1.513588e-04	2.242496e-05
393           	4.319329e-03	2.195063e-03	2.124265e-03	-8.071699e-04	2.299496e-04	-1.037120e-03	6.335346e-04	3.539900e-05	-8.689952e-05	-1.289483e-04	-1.513737e-04	2.242535e-05
394           	4.319234e-03	2.195019e-03	2.124215e-03	-8.071721e-04	2.299270e-04	-1.037099e-03	6.335130e-04	3.540213e-05	-8.690672e-05	-1.289621e-04	-1.513878e-04	2.242568e-05
395           	4.319141e-03	2.194976e-03	2.124165e-03	-8.071745e-04	2.299047e-04	-1.037079e-03	6.334919e-04	3.540521e-05	-8.691381e-05	-1.289756e-04	-1.514016e-04	2.242600e-05
396           	4.319050e-03	2.194933e-03	2.124117e-03	-8.071770e-04	2.298827e-04	-1.037060e-03	6.334712e-04	3.540826e-05	-8.692082e-05	-1.289890e-04	-1.514153e-04	2.242631e-05
397           	4.318959e-03	2.194891e-03	2.124068e-03	-8.071796e-04	2.298611e-04	-1.037041e-03	6.334509e-04	3.541127e-05	-8.692773e-05	-1.290022e-04	-1.514289e-04	2.242661e-05
398           	4.318872e-03	2.194850e-03	2.124022e-03	-8.071830e-04	2.298403e-04	-1.037023e-03	6.334318e-04	3.541417e-05	-8.693454e-05	-1.290152e-04	-1.514421e-04	2.242694e-05
399           	4.318784e-03	2.194809e-03	2.123975e-03	-8.071855e-04	2.298192e-04	-1.037005e-03	6.334119e-04	3.541699e-05	-8.694100e-05	-1.290276e-04	-1.514548e-04	2.242720e-05
400           	4.318697e-03	2.194768e-03	2.123929e-03	-8.071880e-04	2.297983e-04	-1.036986e-03	6.333923e-04	3.541974e-05	-8.694730e-05	-1.290397e-04	-1.514672e-04	2.242744e-05
401           	4.318612e-03	2.194728e-03	2.123883e-03	-8.071905e-04	2.297777e-04	-1.036968e-03	6.333730e-04	3.542245e-05	-8.695346e-05	-1.290516e-04	-1.514793e-04	2.242765e-05
402           	4.318527e-03	2.194689e-03	2.123838e-03	-8.071930e-04	2.297574e-04	-1.036950e-03	6.333540e-04	3.542511e-05	-8.695954e-05	-1.290634e-04	-1.514912e-04	2.242786e-05
403           	4.318444e-03	2.194650e-03	2.123794e-03	-8.071956e-04	2.297374e-04	-1.036933e-03	6.333352e-04	3.542773e-05	-8.696553e-05	-1.290749e-04	-1.515030e-04	2.242806e-05
404           	4.318361e-03	2.194611e-03	2.123750e-03	-8.071981e-04	2.297176e-04	-1.036916e-03	6.333167e-04	3.543033e-05	-8.697145e-05	-1.290864e-04	-1.515146e-04	2.242824e-05
405           	4.318280e-03	2.194573e-03	2.123707e-03	-8.072007e-04	2.296981e-04	-1.036899e-03	6.332984e-04	3.543290e-05	-8.697729e-05	-1.290977e-04	-1.515262e-04	2.242843e-05
406           	4.318200e-03	2.194535e-03	2.123664e-03	-8.072032e-04	2.296788e-04	-1.036882e-03	6.332804e-04	3.543543e-05	-8.698304e-05	-1.291089e-04	-1.515375e-04	2.242860e-05
407           	4.318121e-03	2.194498e-03	2.123622e-03	-8.072057e-04	2.296597e-04	-1.036865e-03	6.332626e-04	3.543792e-05	-8.698869e-05	-1.291199e-04	-1.515486e-04	2.242876e-05
408           	4.318042e-03	2.194461e-03	2.123581e-03	-8.072082e-04	2.296409e-04	-1.036849e-03	6.332450e-04	3.544036e-05	-8.699423e-05	-1.291307e-04	-1.515596e-04	2.242890e-05
409           	4.317965e-03	2.194425e-03	2.123540e-03	-8.072106e-04	2.296223e-04	-1.036833e-03	6.332276e-04	3.544276e-05	-8.699965e-05	-1.291412e-04	-1.515703e-04	2.242904e-05
410           	4.317888e-03	2.194389e-03	2.123499e-03	-8.072130e-04	2.296039e-04	-1.036817e-03	6.332104e-04	3.544511e-05	-8.700494e-05	-1.291516e-04	-1.515807e-04	2.242915e-05
411           	4.317813e-03	2.194354e-03	2.123459e-03	-8.072154e-04	2.295857e-04	-1.036801e-03	6.331934e-04	3.544741e-05	-8.701011e-05	-1.291617e-04	-1.515910e-04	2.242924e-05
412           	4.317738e-03	2.194319e-03	2.123419e-03	-8.072178e-04	2.295677e-04	-1.036785e-03	6.331766e-04	3.544967e-05	-8.701515e-05	-1.291717e-04	-1.516010e-04	2.242932e-05
413           	4.317664e-03	2.194284e-03	2.123380e-03	-8.072201e-04	2.295499e-04	-1.036770e-03	6.331600e-04	3.545188e-05	-8.702008e-05	-1.291814e-04	-1.516108e-04	2.242938e-05
414           	4.317591e-03	2.194250e-03	2.123342e-03	-8.072224e-04	2.295323e-04	-1.036755e-03	6.331435e-04	3.545405e-05	-8.702489e-05	-1.291909e-04	-1.516204e-04	2.242943e-05
415           	4.317519e-03	2.194216e-03	2.123303e-03	-8.072247e-04	2.295150e-04	-1.036740e-03	6.331273e-04	3.545618e-05	-8.702960e-05	-1.292003e-04	-1.516297e-04	2.242946e-05
416           	4.317448e-03	2.194182e-03	2.123266e-03	-8.072270e-04	2.294978e-04	-1.036725e-03	6.331113e-04	3.545827e-05	-8.703421e-05	-1.292095e-04	-1.516389e-04	2.242947e-05
417           	4.317378e-03	2.194149e-03	2.123229e-03	-8.072293e-04	2.294808e-04	-1.036710e-03	6.330955e-04	3.546032e-05	-8.703871e-05	-1.292185e-04	-1.516479e-04	2.242947e-05
418           	4.317308e-03	2.194117e-03	2.123192e-03	-8.072315e-04	2.294641e-04	-1.036696e-03	6.330798e-04	3.546234e-05	-8.704312e-05	-1.292273e-04	-1.516568e-04	2.242946e-05
419           	4.317240e-03	2.194084e-03	2.123156e-03	-8.072337e-04	2.294475e-04	-1.036681e-03	6.330643e-04	3.546425e-05	-8.704704e-05	-1.292356e-04	-1.516648e-04	2.242926e-05
420           	4.317172e-03	2.194052e-03	2.123120e-03	-8.072358e-04	2.294311e-04	-1.036667e-03	6.330490e-04	3.546614e-05	-8.705094e-05	-1.292437e-04	-1.516728e-04	2.242908e-05
421           	4.317105e-03	2.194020e-03	2.123084e-03	-8.072380e-04	2.294149e-04	-1.036653e-03	6.330339e-04	3.546801e-05	-8.705482e-05	-1.292518e-04	-1.516807e-04	2.242892e-05
422           	4.317039e-03	2.193989e-03	2.123049e-03	-8.072402e-04	2.293989e-04	-1.036639e-03	6.330190e-04	3.546984e-05	-8.705866e-05	-1.292597e-04	-1.516885e-04	2.242878e-05
423           	4.316973e-03	2.193958e-03	2.123015e-03	-8.072424e-04	2.293831e-04	-1.036625e-03	6.330043e-04	3.547162e-05	-8.706243e-05	-1.292675e-04	-1.516962e-04	2.242866e-05
424           	4.316909e-03	2.193928e-03	2.122981e-03	-8.072445e-04	2.293675e-04	-1.036612e-03	6.329898e-04	3.547336e-05	-8.706610e-05	-1.292751e-04	-1.517037e-04	2.242854e-05
425           	4.316845e-03	2.193898e-03	2.122947e-03	-8.072467e-04	2.293521e-04	-1.036599e-03	6.329755e-04	3.547503e-05	-8.706965e-05	-1.292825e-04	-1.517109e-04	2.242842e-05
426           	4.316782e-03	2.193868e-03	2.122914e-03	-8.072488e-04	2.293369e-04	-1.036586e-03	6.329613e-04	3.547666e-05	-8.707309e-05	-1.292896e-04	-1.517179e-04	2.242829e-05
427           	4.316720e-03	2.193838e-03	2.122882e-03	-8.072508e-04	2.293219e-04	-1.036573e-03	6.329473e-04	3.547823e-05	-8.707640e-05	-1.292965e-04	-1.517247e-04	2.242814e-05
428           	4.316659e-03	2.193809e-03	2.122850e-03	-8.072529e-04	2.293071e-04	-1.036560e-03	6.329335e-04	3.547975e-05	-8.707961e-05	-1.293032e-04	-1.517312e-04	2.242799e-05
429           	4.316598e-03	2.193780e-03	2.122818e-03	-8.072549e-04	2.292924e-04	-1.036547e-03	6.329199e-04	3.548125e-05	-8.708272e-05	-1.293098e-04	-1.517376e-04	2.242784e-05
430           	4.316538e-03	2.193752e-03	2.122786e-03	-8.072569e-04	2.292779e-04	-1.036535e-03	6.329063e-04	3.548271e-05	-8.708577e-05	-1.293162e-04	-1.517439e-04	2.242767e-05
431           	4.316479e-03	2.193723e-03	2.122755e-03	-8.072589e-04	2.292635e-04	-1.036522e-03	6.328930e-04	3.548417e-05	-8.708878e-05	-1.293225e-04	-1.517501e-04	2.242751e-05
432           	4.316420e-03	2.193696e-03	2.122724e-03	-8.072609e-04	2.292494e-04	-1.036510e-03	6.328798e-04	3.548561e-05	-8.709175e-05	-1.293288e-04	-1.517562e-04	2.242734e-05
433           	4.316362e-03	2.193668e-03	2.122694e-03	-8.072628e-04	2.292354e-04	-1.036498e-03	6.328667e-04	3.548704e-05	-8.709471e-05	-1.293351e-04	-1.517622e-04	2.242718e-05
434           	4.316305e-03	2.193641e-03	2.122664e-03	-8.072647e-04	2.292215e-04	-1.036486e-03	6.328539e-04	3.548848e-05	-8.709766e-05	-1.293413e-04	-1.517683e-04	2.242703e-05
435           	4.316249e-03	2.193614e-03	2.122634e-03	-8.072666e-04	2.292078e-04	-1.036474e-03	6.328411e-04	3.548990e-05	-8.710059e-05	-1.293474e-04	-1.517743e-04	2.242688e-05
436           	4.316190e-03	2.193586e-03	2.122604e-03	-8.072671e-04	2.291934e-04	-1.036460e-03	6.328269e-04	3.549100e-05	-8.710280e-05	-1.293519e-04	-1.517788e-04	2.242683e-05
437           	4.316136e-03	2.193560e-03	2.122575e-03	-8.072693e-04	2.291802e-04	-1.036450e-03	6.328149e-04	3.549267e-05	-8.710623e-05	-1.293591e-04	-1.517858e-04	2.242669e-05
438           	4.316082e-03	2.193535e-03	2.122546e-03	-8.072715e-04	2.291672e-04	-1.036439e-03	6.328030e-04	3.549436e-05	-8.710970e-05	-1.293662e-04	-1.517928e-04	2.242658e-05
