# Force and moment coefficients
# dragDir     : (1.000000e+00 0.000000e+00 0.000000e+00)
# sideDir     : (0.000000e+00 1.000000e+00 0.000000e+00)
# liftDir     : (0.000000e+00 0.000000e+00 1.000000e+00)
# rollAxis    : (1.000000e+00 0.000000e+00 0.000000e+00)
# pitchAxis   : (0.000000e+00 1.000000e+00 0.000000e+00)
# yawAxis     : (0.000000e+00 0.000000e+00 1.000000e+00)
# magUInf     : 6.661800e+00
# lRef        : 1.499270e-01
# Aref        : 5.000000e-02
# CofR        : (0.000000e+00 0.000000e+00 0.000000e+00)
#
# Time        	Cd            	Cd(f)         	Cd(r)         	Cl            	Cl(f)         	Cl(r)         	CmPitch       	CmRoll        	CmYaw         	Cs            	Cs(f)         	Cs(r)         
1             	3.987368e-01	1.972665e-01	2.014703e-01	-2.661394e-02	3.419834e-01	-3.685974e-01	3.552904e-01	-2.101897e-03	1.343628e-03	1.410926e-03	2.049091e-03	-6.381647e-04
2             	2.983333e-01	1.471605e-01	1.511728e-01	-3.312152e-02	2.555561e-01	-2.886777e-01	2.721169e-01	-2.006169e-03	1.274051e-03	1.412715e-03	1.980408e-03	-5.676933e-04
3             	2.308686e-01	1.139215e-01	1.169471e-01	-3.250564e-02	1.970942e-01	-2.295998e-01	2.133470e-01	-1.512815e-03	9.468219e-04	1.144691e-03	1.519167e-03	-3.744765e-04
4             	1.794137e-01	8.888156e-02	9.053218e-02	-2.697506e-02	1.522331e-01	-1.792081e-01	1.657206e-01	-8.253106e-04	5.062176e-04	7.085599e-04	8.604975e-04	-1.519376e-04
5             	1.376619e-01	6.869160e-02	6.897027e-02	-1.890103e-02	1.157304e-01	-1.346315e-01	1.251810e-01	-1.393308e-04	8.469014e-05	2.305707e-04	1.999755e-04	3.059522e-05
6             	1.040714e-01	5.240885e-02	5.166258e-02	-1.044950e-02	8.640684e-02	-9.685634e-02	9.163159e-02	3.731363e-04	-2.039781e-04	-1.554297e-04	-2.816930e-04	1.262633e-04
7             	7.853673e-02	3.987650e-02	3.866023e-02	-3.222725e-03	6.425033e-02	-6.747306e-02	6.586170e-02	6.081317e-04	-2.965111e-04	-3.546670e-04	-4.738446e-04	1.191776e-04
8             	6.087045e-02	3.097901e-02	2.989144e-02	1.871080e-03	4.911243e-02	-4.724135e-02	4.817689e-02	5.437850e-04	-1.882982e-04	-3.337867e-04	-3.551916e-04	2.140487e-05
9             	5.024408e-02	2.535553e-02	2.488855e-02	4.589137e-03	4.023412e-02	-3.564498e-02	3.793955e-02	2.334915e-04	7.325295e-05	-1.220475e-04	1.222918e-05	-1.342767e-04
10            	4.523382e-02	2.239491e-02	2.283891e-02	5.192716e-03	3.630711e-02	-3.111440e-02	3.371075e-02	-2.220005e-04	4.104528e-04	2.074202e-04	5.141629e-04	-3.067427e-04
11            	4.408898e-02	2.133913e-02	2.274985e-02	4.246241e-03	3.573187e-02	-3.148562e-02	3.360875e-02	-7.053598e-04	7.383936e-04	5.617598e-04	1.019273e-03	-4.575137e-04
12            	4.506690e-02	2.142333e-02	2.364358e-02	2.417954e-03	3.692816e-02	-3.451021e-02	3.571918e-02	-1.110125e-03	9.854060e-04	8.538290e-04	1.412320e-03	-5.584915e-04
13            	4.670998e-02	2.199023e-02	2.471975e-02	3.213634e-04	3.859013e-02	-3.826876e-02	3.842945e-02	-1.364757e-03	1.108811e-03	1.024710e-03	1.621166e-03	-5.964559e-04
14            	4.800414e-02	2.256229e-02	2.544186e-02	-1.582635e-03	3.982669e-02	-4.140933e-02	4.061801e-02	-1.439784e-03	1.098180e-03	1.050076e-03	1.623218e-03	-5.731416e-04
15            	4.841657e-02	2.286204e-02	2.555454e-02	-3.024430e-03	4.019112e-02	-4.321555e-02	4.170334e-02	-1.346249e-03	9.717336e-04	9.393342e-04	1.441401e-03	-5.020665e-04
16            	4.783368e-02	2.279040e-02	2.504328e-02	-3.915189e-03	3.961998e-02	-4.353517e-02	4.157757e-02	-1.126439e-03	7.680639e-04	7.288221e-04	1.132475e-03	-4.036528e-04
17            	4.643252e-02	2.237486e-02	2.405766e-02	-4.301890e-03	3.830720e-02	-4.260909e-02	4.045815e-02	-8.414018e-04	5.356422e-04	4.703745e-04	7.708295e-04	-3.004550e-04
18            	4.454548e-02	2.171815e-02	2.282732e-02	-4.313278e-03	3.657886e-02	-4.089214e-02	3.873550e-02	-5.545863e-04	3.205753e-04	2.176706e-04	4.294106e-04	-2.117400e-04
19            	4.252661e-02	2.094366e-02	2.158295e-02	-4.104187e-03	3.476845e-02	-3.887264e-02	3.682054e-02	-3.196421e-04	1.584391e-04	1.574395e-05	1.663111e-04	-1.505672e-04
20            	4.065890e-02	2.015810e-02	2.050079e-02	-3.813698e-03	3.313348e-02	-3.694718e-02	3.504033e-02	-1.713437e-04	6.879227e-05	-1.067613e-04	1.541162e-05	-1.221729e-04
21            	3.910861e-02	1.943201e-02	1.967660e-02	-3.541321e-03	3.181660e-02	-3.535792e-02	3.358726e-02	-1.222973e-04	5.433838e-05	-1.403736e-04	-1.584841e-05	-1.245252e-04
22            	3.792060e-02	1.879575e-02	1.912486e-02	-3.339625e-03	3.084517e-02	-3.418479e-02	3.251498e-02	-1.645549e-04	1.033237e-04	-9.363512e-05	5.650610e-05	-1.501412e-04
23            	3.704396e-02	1.824749e-02	1.879647e-02	-3.220084e-03	3.015787e-02	-3.337795e-02	3.176791e-02	-2.744928e-04	1.939092e-04	1.122137e-05	1.995198e-04	-1.882985e-04
24            	3.637105e-02	1.776564e-02	1.860541e-02	-3.165578e-03	2.964362e-02	-3.280920e-02	3.122641e-02	-4.198869e-04	3.001356e-04	1.448122e-04	3.725417e-04	-2.277295e-04
25            	3.578378e-02	1.732414e-02	1.845964e-02	-3.146982e-03	2.918663e-02	-3.233362e-02	3.076013e-02	-5.677502e-04	3.977842e-04	2.774857e-04	5.365270e-04	-2.590414e-04
26            	3.518765e-02	1.690413e-02	1.828352e-02	-3.136341e-03	2.869715e-02	-3.183349e-02	3.026532e-02	-6.896972e-04	4.673822e-04	3.836693e-04	6.592168e-04	-2.755475e-04
27            	3.452836e-02	1.649766e-02	1.803070e-02	-3.114565e-03	2.812706e-02	-3.124162e-02	2.968434e-02	-7.665206e-04	4.975938e-04	4.464640e-04	7.208258e-04	-2.743619e-04
28            	3.379684e-02	1.610836e-02	1.768848e-02	-3.075013e-03	2.747322e-02	-3.054824e-02	2.901073e-02	-7.900588e-04	4.858202e-04	4.591882e-04	7.154143e-04	-2.562261e-04
29            	3.302142e-02	1.574824e-02	1.727318e-02	-3.022438e-03	2.676879e-02	-2.979123e-02	2.828001e-02	-7.624704e-04	4.368290e-04	4.244478e-04	6.490529e-04	-2.246051e-04
30            	3.225258e-02	1.543220e-02	1.682038e-02	-2.968955e-03	2.606730e-02	-2.903626e-02	2.755178e-02	-6.940896e-04	3.607357e-04	3.521773e-04	5.368244e-04	-1.846471e-04
31            	3.154366e-02	1.517165e-02	1.637202e-02	-2.928302e-03	2.542380e-02	-2.835210e-02	2.688795e-02	-6.001870e-04	2.703733e-04	2.566874e-04	3.987170e-04	-1.420296e-04
32            	3.093592e-02	1.497032e-02	1.596560e-02	-2.911169e-03	2.488036e-02	-2.779153e-02	2.633595e-02	-4.976392e-04	1.790007e-04	1.538629e-04	2.559322e-04	-1.020693e-04
33            	3.044974e-02	1.482320e-02	1.562654e-02	-2.922440e-03	2.445761e-02	-2.738005e-02	2.591883e-02	-4.016721e-04	9.776910e-05	5.798255e-05	1.267604e-04	-6.877782e-05
34            	3.008240e-02	1.471751e-02	1.536489e-02	-2.960353e-03	2.415266e-02	-2.711301e-02	2.563283e-02	-3.236883e-04	3.434704e-05	-2.025370e-05	2.422019e-05	-4.447389e-05
35            	2.981129e-02	1.463541e-02	1.517587e-02	-3.017438e-03	2.394259e-02	-2.696003e-02	2.545131e-02	-2.702306e-04	-7.544186e-06	-7.466817e-05	-4.487827e-05	-2.978990e-05
36            	2.960105e-02	1.455763e-02	1.504342e-02	-3.082756e-03	2.379180e-02	-2.687456e-02	2.533318e-02	-2.428911e-04	-2.792252e-05	-1.036712e-04	-7.975812e-05	-2.391308e-05
37            	2.941265e-02	1.446728e-02	1.494537e-02	-3.144655e-03	2.366101e-02	-2.680566e-02	2.523334e-02	-2.390433e-04	-2.976815e-05	-1.095681e-04	-8.455223e-05	-2.501592e-05
38            	2.921190e-02	1.435284e-02	1.485905e-02	-3.193391e-03	2.351576e-02	-2.670915e-02	2.511246e-02	-2.531069e-04	-1.798835e-05	-9.745769e-05	-6.671719e-05	-3.074050e-05
39            	2.897548e-02	1.420974e-02	1.476574e-02	-3.222916e-03	2.333242e-02	-2.655533e-02	2.494387e-02	-2.780018e-04	1.659710e-06	-7.393793e-05	-3.530926e-05	-3.862868e-05
40            	2.869377e-02	1.404030e-02	1.465347e-02	-3.231617e-03	2.310094e-02	-2.633256e-02	2.471675e-02	-3.065822e-04	2.361434e-05	-4.579409e-05	7.172987e-07	-4.651138e-05
41            	2.837025e-02	1.385235e-02	1.451789e-02	-3.221997e-03	2.282445e-02	-2.604644e-02	2.443544e-02	-3.327709e-04	4.329624e-05	-1.894083e-05	3.382583e-05	-5.276666e-05
42            	2.801843e-02	1.365692e-02	1.436152e-02	-3.199556e-03	2.251615e-02	-2.571571e-02	2.411593e-02	-3.523008e-04	5.758746e-05	2.290355e-06	5.873264e-05	-5.644229e-05
43            	2.765737e-02	1.346577e-02	1.419160e-02	-3.171259e-03	2.219500e-02	-2.536626e-02	2.378063e-02	-3.629172e-04	6.489672e-05	1.539143e-05	7.259243e-05	-5.720100e-05
44            	2.730670e-02	1.328909e-02	1.401761e-02	-3.143938e-03	2.188080e-02	-2.502474e-02	2.345277e-02	-3.642559e-04	6.501689e-05	1.961150e-05	7.482264e-05	-5.521114e-05
45            	2.698265e-02	1.313382e-02	1.384882e-02	-3.123007e-03	2.159022e-02	-2.471323e-02	2.315172e-02	-3.574989e-04	5.884882e-05	1.568408e-05	6.669086e-05	-5.100678e-05
46            	2.669530e-02	1.300284e-02	1.369246e-02	-3.111666e-03	2.133400e-02	-2.444567e-02	2.288984e-02	-3.448110e-04	4.798314e-05	5.349976e-06	5.065813e-05	-4.530815e-05
47            	2.644764e-02	1.289507e-02	1.355257e-02	-3.110681e-03	2.111596e-02	-2.422664e-02	2.267130e-02	-3.287476e-04	3.427763e-05	-9.161138e-06	2.969706e-05	-3.885819e-05
48            	2.623619e-02	1.280635e-02	1.342984e-02	-3.118678e-03	2.093342e-02	-2.405210e-02	2.249276e-02	-3.117433e-04	1.949762e-05	-2.560403e-05	6.695610e-06	-3.229964e-05
49            	2.605275e-02	1.273060e-02	1.332215e-02	-3.132804e-03	2.077891e-02	-2.391171e-02	2.234531e-02	-2.957773e-04	5.113215e-06	-4.202710e-05	-1.590033e-05	-2.612676e-05
50            	2.588674e-02	1.266119e-02	1.322555e-02	-3.149546e-03	2.064234e-02	-2.379189e-02	2.221712e-02	-2.821826e-04	-7.822836e-06	-5.697689e-05	-3.631128e-05	-2.066561e-05
51            	2.572762e-02	1.259219e-02	1.313543e-02	-3.165529e-03	2.051339e-02	-2.367892e-02	2.209616e-02	-2.716179e-04	-1.868831e-05	-6.955876e-05	-5.346768e-05	-1.609107e-05
52            	2.556681e-02	1.251925e-02	1.304756e-02	-3.178151e-03	2.038338e-02	-2.356153e-02	2.197246e-02	-2.641568e-04	-2.723662e-05	-7.939890e-05	-6.693607e-05	-1.246283e-05
53            	2.539891e-02	1.244002e-02	1.295890e-02	-3.185933e-03	2.024654e-02	-2.343247e-02	2.183951e-02	-2.594416e-04	-3.350898e-05	-8.654079e-05	-7.677938e-05	-9.761414e-06
54            	2.522207e-02	1.235414e-02	1.286793e-02	-3.188601e-03	2.010047e-02	-2.328907e-02	2.169477e-02	-2.568966e-04	-3.770199e-05	-9.127771e-05	-8.334084e-05	-7.936870e-06
55            	2.503760e-02	1.226290e-02	1.277470e-02	-3.186910e-03	1.994588e-02	-2.313279e-02	2.153933e-02	-2.558970e-04	-4.008034e-05	-9.402178e-05	-8.709123e-05	-6.930557e-06
56            	2.484909e-02	1.216864e-02	1.268046e-02	-3.182310e-03	1.978579e-02	-2.296810e-02	2.137694e-02	-2.559090e-04	-4.090239e-05	-9.518391e-05	-8.849435e-05	-6.689564e-06
57            	2.466125e-02	1.207407e-02	1.258717e-02	-3.176541e-03	1.962448e-02	-2.280102e-02	2.121275e-02	-2.565497e-04	-4.040335e-05	-9.511906e-05	-8.796289e-05	-7.156177e-06
58            	2.447875e-02	1.198179e-02	1.249696e-02	-3.171248e-03	1.946642e-02	-2.263767e-02	2.105204e-02	-2.575871e-04	-3.880629e-05	-9.411429e-05	-8.586343e-05	-8.250859e-06
59            	2.430532e-02	1.189375e-02	1.241157e-02	-3.167687e-03	1.931537e-02	-2.248306e-02	2.089921e-02	-2.589073e-04	-3.634378e-05	-9.240394e-05	-8.254574e-05	-9.858193e-06
60            	2.414318e-02	1.181113e-02	1.233205e-02	-3.166560e-03	1.917379e-02	-2.234035e-02	2.075707e-02	-2.604587e-04	-3.327902e-05	-9.019263e-05	-7.837533e-05	-1.181730e-05
61            	2.399289e-02	1.173426e-02	1.225864e-02	-3.167986e-03	1.904263e-02	-2.221062e-02	2.062663e-02	-2.621897e-04	-2.992620e-05	-8.769514e-05	-7.377377e-05	-1.392137e-05
62            	2.385351e-02	1.166275e-02	1.219076e-02	-3.171588e-03	1.892143e-02	-2.209302e-02	2.050723e-02	-2.640011e-04	-2.664804e-05	-8.515707e-05	-6.922658e-05	-1.593049e-05
63            	2.372301e-02	1.159578e-02	1.212723e-02	-3.176654e-03	1.880866e-02	-2.198532e-02	2.039699e-02	-2.657230e-04	-2.384170e-05	-8.286526e-05	-6.527433e-05	-1.759093e-05
64            	2.359888e-02	1.153230e-02	1.206658e-02	-3.182334e-03	1.870221e-02	-2.188454e-02	2.029338e-02	-2.671383e-04	-2.187650e-05	-8.110605e-05	-6.242953e-05	-1.867653e-05
65            	2.347857e-02	1.147128e-02	1.200730e-02	-3.187821e-03	1.859984e-02	-2.178766e-02	2.019375e-02	-2.680108e-04	-2.105042e-05	-8.013860e-05	-6.111972e-05	-1.901888e-05
66            	2.336001e-02	1.141187e-02	1.194814e-02	-3.192488e-03	1.849962e-02	-2.169211e-02	2.009586e-02	-2.681320e-04	-2.153904e-05	-8.015083e-05	-6.161446e-05	-1.853638e-05
67            	2.324181e-02	1.135355e-02	1.188827e-02	-3.195974e-03	1.840016e-02	-2.159613e-02	1.999814e-02	-2.673607e-04	-2.337521e-05	-8.123555e-05	-6.399298e-05	-1.724257e-05
68            	2.312339e-02	1.129604e-02	1.182735e-02	-3.198196e-03	1.830073e-02	-2.149892e-02	1.989983e-02	-2.656563e-04	-2.643288e-05	-8.336331e-05	-6.811453e-05	-1.524877e-05
69            	2.300485e-02	1.123931e-02	1.176554e-02	-3.199306e-03	1.820124e-02	-2.140054e-02	1.980089e-02	-2.631132e-04	-3.041908e-05	-8.636063e-05	-7.359940e-05	-1.276123e-05
70            	2.288684e-02	1.118347e-02	1.170337e-02	-3.199620e-03	1.810207e-02	-2.130169e-02	1.970188e-02	-2.599505e-04	-3.491563e-05	-8.993348e-05	-7.988237e-05	-1.005111e-05
71            	2.277025e-02	1.112864e-02	1.164161e-02	-3.199525e-03	1.800389e-02	-2.120341e-02	1.960365e-02	-2.564853e-04	-3.943193e-05	-9.370290e-05	-8.628338e-05	-7.419517e-06
72            	2.265605e-02	1.107493e-02	1.158112e-02	-3.199396e-03	1.790745e-02	-2.110685e-02	1.950715e-02	-2.530940e-04	-4.346419e-05	-9.724942e-05	-9.208890e-05	-5.160521e-06
73            	2.254502e-02	1.102235e-02	1.152267e-02	-3.199530e-03	1.781342e-02	-2.101296e-02	1.941319e-02	-2.501584e-04	-4.656088e-05	-1.001689e-04	-9.664532e-05	-3.523557e-06
74            	2.243766e-02	1.097081e-02	1.146684e-02	-3.200107e-03	1.772226e-02	-2.092237e-02	1.932232e-02	-2.480160e-04	-4.837293e-05	-1.021190e-04	-9.943245e-05	-2.686594e-06
75            	2.233412e-02	1.092015e-02	1.141397e-02	-3.201180e-03	1.763418e-02	-2.083536e-02	1.923477e-02	-2.469122e-04	-4.870219e-05	-1.028676e-04	-1.001360e-04	-2.731615e-06
76            	2.223428e-02	1.087017e-02	1.136411e-02	-3.202696e-03	1.754913e-02	-2.075182e-02	1.915047e-02	-2.469690e-04	-4.751799e-05	-1.023202e-04	-9.867810e-05	-3.642120e-06
77            	2.213777e-02	1.082071e-02	1.131706e-02	-3.204522e-03	1.746686e-02	-2.067138e-02	1.906912e-02	-2.481733e-04	-4.495344e-05	-1.005245e-04	-9.521569e-05	-5.308817e-06
78            	2.204408e-02	1.077165e-02	1.127243e-02	-3.206489e-03	1.738703e-02	-2.059352e-02	1.899027e-02	-2.503923e-04	-4.127127e-05	-9.764947e-05	-9.009601e-05	-7.553461e-06
79            	2.195273e-02	1.072299e-02	1.122974e-02	-3.208433e-03	1.730927e-02	-2.051771e-02	1.891349e-02	-2.533786e-04	-3.684933e-05	-9.397894e-05	-8.383880e-05	-1.014014e-05
80            	2.186329e-02	1.067482e-02	1.118847e-02	-3.210225e-03	1.723327e-02	-2.044350e-02	1.883838e-02	-2.568275e-04	-3.210237e-05	-8.984826e-05	-7.702649e-05	-1.282176e-05
81            	2.177546e-02	1.062732e-02	1.114814e-02	-3.211785e-03	1.715879e-02	-2.037057e-02	1.876468e-02	-2.604082e-04	-2.744082e-05	-8.560937e-05	-7.024550e-05	-1.536387e-05
82            	2.168910e-02	1.058074e-02	1.110836e-02	-3.213091e-03	1.708570e-02	-2.029879e-02	1.869225e-02	-2.638075e-04	-2.322533e-05	-8.159207e-05	-6.402137e-05	-1.757070e-05
83            	2.160419e-02	1.053532e-02	1.106886e-02	-3.214171e-03	1.701399e-02	-2.022817e-02	1.862108e-02	-2.667683e-04	-1.972685e-05	-7.806471e-05	-5.875920e-05	-1.930551e-05
84            	2.152082e-02	1.049130e-02	1.102952e-02	-3.215090e-03	1.694372e-02	-2.015881e-02	1.855126e-02	-2.691118e-04	-1.710671e-05	-7.521171e-05	-5.471257e-05	-2.049914e-05
85            	2.143913e-02	1.044879e-02	1.099034e-02	-3.215925e-03	1.687497e-02	-2.009089e-02	1.848293e-02	-2.707722e-04	-1.538609e-05	-7.310186e-05	-5.193702e-05	-2.116484e-05
86            	2.135929e-02	1.040789e-02	1.095139e-02	-3.216759e-03	1.680786e-02	-2.002462e-02	1.841624e-02	-2.717505e-04	-1.450985e-05	-7.173194e-05	-5.037583e-05	-2.135612e-05
87            	2.128142e-02	1.036856e-02	1.091285e-02	-3.217657e-03	1.674246e-02	-1.996012e-02	1.835129e-02	-2.721431e-04	-1.431552e-05	-7.100105e-05	-4.981604e-05	-2.118500e-05
88            	2.120557e-02	1.033068e-02	1.087489e-02	-3.218658e-03	1.667882e-02	-1.989747e-02	1.828814e-02	-2.721056e-04	-1.458127e-05	-7.074671e-05	-4.995463e-05	-2.079208e-05
89            	2.113175e-02	1.029405e-02	1.083770e-02	-3.219772e-03	1.661689e-02	-1.983666e-02	1.822678e-02	-2.718277e-04	-1.505779e-05	-7.077005e-05	-5.044281e-05	-2.032724e-05
90            	2.105988e-02	1.025843e-02	1.080145e-02	-3.220986e-03	1.655662e-02	-1.977760e-02	1.816711e-02	-2.715077e-04	-1.549939e-05	-7.086250e-05	-5.093064e-05	-1.993186e-05
91            	2.098985e-02	1.022359e-02	1.076625e-02	-3.222268e-03	1.649789e-02	-1.972015e-02	1.810902e-02	-2.713286e-04	-1.569148e-05	-7.083076e-05	-5.110686e-05	-1.972390e-05
92            	2.092149e-02	1.018931e-02	1.073218e-02	-3.223574e-03	1.644057e-02	-1.966415e-02	1.805236e-02	-2.714362e-04	-1.547131e-05	-7.051730e-05	-5.072996e-05	-1.978734e-05
93            	2.085467e-02	1.015540e-02	1.069927e-02	-3.224863e-03	1.638455e-02	-1.960942e-02	1.799698e-02	-2.719330e-04	-1.473900e-05	-6.981273e-05	-4.964536e-05	-2.016737e-05
94            	2.078926e-02	1.012177e-02	1.066749e-02	-3.226098e-03	1.632972e-02	-1.955582e-02	1.794277e-02	-2.728620e-04	-1.346166e-05	-6.866402e-05	-4.779367e-05	-2.087035e-05
95            	2.072515e-02	1.008836e-02	1.063679e-02	-3.227256e-03	1.627600e-02	-1.950326e-02	1.788963e-02	-2.742184e-04	-1.166343e-05	-6.706714e-05	-4.519700e-05	-2.187014e-05
96            	2.066229e-02	1.005519e-02	1.060710e-02	-3.228325e-03	1.622335e-02	-1.945167e-02	1.783751e-02	-2.759538e-04	-9.419741e-06	-6.506788e-05	-4.195368e-05	-2.311420e-05
97            	2.060064e-02	1.002233e-02	1.057831e-02	-3.229309e-03	1.617173e-02	-1.940104e-02	1.778638e-02	-2.779884e-04	-6.839586e-06	-6.274619e-05	-3.821268e-05	-2.453351e-05
98            	2.054020e-02	9.989869e-03	1.055033e-02	-3.230219e-03	1.612115e-02	-1.935137e-02	1.773626e-02	-2.802305e-04	-4.044959e-06	-6.019830e-05	-3.414411e-05	-2.605419e-05
99            	2.048100e-02	9.957917e-03	1.052308e-02	-3.231078e-03	1.607165e-02	-1.930273e-02	1.768719e-02	-2.825835e-04	-1.157366e-06	-5.752648e-05	-2.992061e-05	-2.760587e-05
100           	2.042307e-02	9.926579e-03	1.049649e-02	-3.231908e-03	1.602324e-02	-1.925514e-02	1.763919e-02	-2.849566e-04	1.713567e-06	-5.482784e-05	-2.570035e-05	-2.912749e-05
101           	2.036644e-02	9.895945e-03	1.047049e-02	-3.232730e-03	1.597594e-02	-1.920867e-02	1.759230e-02	-2.872744e-04	4.480826e-06	-5.218388e-05	-2.161112e-05	-3.057277e-05
102           	2.031112e-02	9.866075e-03	1.044504e-02	-3.233561e-03	1.592977e-02	-1.916333e-02	1.754655e-02	-2.894837e-04	7.086569e-06	-4.965366e-05	-1.774026e-05	-3.191340e-05
103           	2.025711e-02	9.837002e-03	1.042011e-02	-3.234412e-03	1.588472e-02	-1.911914e-02	1.750193e-02	-2.915537e-04	9.501466e-06	-4.727268e-05	-1.413487e-05	-3.313780e-05
104           	2.020440e-02	9.808728e-03	1.039567e-02	-3.235287e-03	1.584079e-02	-1.907608e-02	1.745844e-02	-2.934727e-04	1.172023e-05	-4.505528e-05	-1.080741e-05	-3.424786e-05
105           	2.015296e-02	9.781234e-03	1.037172e-02	-3.236183e-03	1.579794e-02	-1.903413e-02	1.741603e-02	-2.952453e-04	1.375709e-05	-4.299723e-05	-7.741526e-06	-3.525570e-05
106           	2.010274e-02	9.754481e-03	1.034826e-02	-3.237094e-03	1.575614e-02	-1.899323e-02	1.737468e-02	-2.968871e-04	1.564023e-05	-4.108027e-05	-4.899905e-06	-3.618036e-05
107           	2.005369e-02	9.728419e-03	1.032527e-02	-3.238010e-03	1.571533e-02	-1.895334e-02	1.733434e-02	-2.984261e-04	1.740687e-05	-3.927507e-05	-2.230663e-06	-3.704440e-05
108           	2.000577e-02	9.702996e-03	1.030277e-02	-3.238923e-03	1.567548e-02	-1.891440e-02	1.729494e-02	-2.998875e-04	1.909199e-05	-3.755248e-05	3.157497e-07	-3.786823e-05
109           	1.995892e-02	9.678167e-03	1.028076e-02	-3.239822e-03	1.563655e-02	-1.887637e-02	1.725646e-02	-3.012944e-04	2.072713e-05	-3.588399e-05	2.785136e-06	-3.866913e-05
110           	1.991311e-02	9.653891e-03	1.025922e-02	-3.240700e-03	1.559849e-02	-1.883919e-02	1.721884e-02	-3.026660e-04	2.233762e-05	-3.424507e-05	5.215087e-06	-3.946016e-05
111           	1.986830e-02	9.630136e-03	1.023817e-02	-3.241553e-03	1.556128e-02	-1.880283e-02	1.718206e-02	-3.040168e-04	2.394124e-05	-3.261755e-05	7.632462e-06	-4.025001e-05
112           	1.982447e-02	9.606878e-03	1.021759e-02	-3.242378e-03	1.552489e-02	-1.876727e-02	1.714608e-02	-3.053556e-04	2.554707e-05	-3.099086e-05	1.005164e-05	-4.104250e-05
113           	1.978158e-02	9.584109e-03	1.019747e-02	-3.243175e-03	1.548931e-02	-1.873248e-02	1.711089e-02	-3.066821e-04	2.715439e-05	-2.936307e-05	1.247286e-05	-4.183593e-05
114           	1.973963e-02	9.561827e-03	1.017781e-02	-3.243948e-03	1.545451e-02	-1.869845e-02	1.707648e-02	-3.079892e-04	2.875474e-05	-2.773928e-05	1.488510e-05	-4.262437e-05
115           	1.969861e-02	9.540035e-03	1.015857e-02	-3.244698e-03	1.542048e-02	-1.866518e-02	1.704283e-02	-3.092676e-04	3.033613e-05	-2.612826e-05	1.727200e-05	-4.340026e-05
116           	1.965849e-02	9.518736e-03	1.013975e-02	-3.245430e-03	1.538722e-02	-1.863265e-02	1.700994e-02	-3.105084e-04	3.188687e-05	-2.453898e-05	1.961738e-05	-4.415636e-05
117           	1.961927e-02	9.497935e-03	1.012134e-02	-3.246146e-03	1.535472e-02	-1.860086e-02	1.697779e-02	-3.117018e-04	3.339431e-05	-2.298161e-05	2.190350e-05	-4.488511e-05
118           	1.958095e-02	9.477635e-03	1.010331e-02	-3.246850e-03	1.532296e-02	-1.856981e-02	1.694638e-02	-3.128386e-04	3.484618e-05	-2.146667e-05	2.411284e-05	-4.557951e-05
119           	1.954349e-02	9.457837e-03	1.008566e-02	-3.247542e-03	1.529193e-02	-1.853947e-02	1.691570e-02	-3.139093e-04	3.623164e-05	-2.000422e-05	2.622953e-05	-4.623375e-05
120           	1.950690e-02	9.438537e-03	1.006836e-02	-3.248224e-03	1.526162e-02	-1.850984e-02	1.688573e-02	-3.149105e-04	3.754455e-05	-1.859980e-05	2.824465e-05	-4.684445e-05
121           	1.947114e-02	9.419730e-03	1.005141e-02	-3.248896e-03	1.523202e-02	-1.848091e-02	1.685647e-02	-3.158402e-04	3.878207e-05	-1.725658e-05	3.015378e-05	-4.741036e-05
122           	1.943621e-02	9.401405e-03	1.003480e-02	-3.249558e-03	1.520310e-02	-1.845266e-02	1.682788e-02	-3.166986e-04	3.994478e-05	-1.597499e-05	3.195729e-05	-4.793228e-05
123           	1.940208e-02	9.383551e-03	1.001853e-02	-3.250209e-03	1.517486e-02	-1.842507e-02	1.679996e-02	-3.174871e-04	4.103491e-05	-1.475445e-05	3.365768e-05	-4.841213e-05
124           	1.936873e-02	9.366157e-03	1.000257e-02	-3.250848e-03	1.514727e-02	-1.839812e-02	1.677270e-02	-3.182081e-04	4.205666e-05	-1.359254e-05	3.526039e-05	-4.885293e-05
125           	1.933615e-02	9.349206e-03	9.986941e-03	-3.251473e-03	1.512033e-02	-1.837180e-02	1.674606e-02	-3.188675e-04	4.301773e-05	-1.248364e-05	3.677591e-05	-4.925955e-05
126           	1.930431e-02	9.332686e-03	9.971624e-03	-3.252083e-03	1.509400e-02	-1.834609e-02	1.672004e-02	-3.194688e-04	4.392286e-05	-1.142440e-05	3.821066e-05	-4.963506e-05
127           	1.927320e-02	9.316589e-03	9.956614e-03	-3.252680e-03	1.506829e-02	-1.832097e-02	1.669463e-02	-3.200125e-04	4.477284e-05	-1.041444e-05	3.956562e-05	-4.998006e-05
128           	1.924281e-02	9.300904e-03	9.941905e-03	-3.253260e-03	1.504317e-02	-1.829643e-02	1.666980e-02	-3.205004e-04	4.556953e-05	-9.452397e-06	4.084333e-05	-5.029573e-05
129           	1.921311e-02	9.285620e-03	9.927492e-03	-3.253826e-03	1.501862e-02	-1.827245e-02	1.664554e-02	-3.209358e-04	4.631652e-05	-8.535535e-06	4.204875e-05	-5.058429e-05
130           	1.918410e-02	9.270726e-03	9.913372e-03	-3.254375e-03	1.499465e-02	-1.824903e-02	1.662184e-02	-3.213229e-04	4.701916e-05	-7.659666e-06	4.318932e-05	-5.084899e-05
131           	1.915575e-02	9.256208e-03	9.899543e-03	-3.254910e-03	1.497123e-02	-1.822614e-02	1.659869e-02	-3.216672e-04	4.768318e-05	-6.820394e-06	4.427298e-05	-5.109338e-05
132           	1.912806e-02	9.242055e-03	9.886004e-03	-3.255429e-03	1.494836e-02	-1.820378e-02	1.657607e-02	-3.219745e-04	4.831350e-05	-6.013821e-06	4.530659e-05	-5.132041e-05
133           	1.910101e-02	9.228256e-03	9.872753e-03	-3.255933e-03	1.492601e-02	-1.818194e-02	1.655398e-02	-3.222486e-04	4.891232e-05	-5.238292e-06	4.629317e-05	-5.153147e-05
134           	1.907458e-02	9.214793e-03	9.859786e-03	-3.256420e-03	1.490418e-02	-1.816060e-02	1.653239e-02	-3.224966e-04	4.948499e-05	-4.490294e-06	4.723984e-05	-5.173013e-05
135           	1.904877e-02	9.201669e-03	9.847097e-03	-3.256893e-03	1.488286e-02	-1.813975e-02	1.651131e-02	-3.227140e-04	5.002405e-05	-3.775498e-06	4.813630e-05	-5.191180e-05
136           	1.902356e-02	9.188878e-03	9.834680e-03	-3.257353e-03	1.486204e-02	-1.811939e-02	1.649072e-02	-3.229011e-04	5.052828e-05	-3.095026e-06	4.898076e-05	-5.207579e-05
137           	1.899894e-02	9.176412e-03	9.822529e-03	-3.257799e-03	1.484171e-02	-1.809951e-02	1.647061e-02	-3.230581e-04	5.099660e-05	-2.450080e-06	4.977156e-05	-5.222164e-05
138           	1.897491e-02	9.164270e-03	9.810644e-03	-3.258233e-03	1.482188e-02	-1.808011e-02	1.645099e-02	-3.231871e-04	5.143192e-05	-1.836926e-06	5.051346e-05	-5.235038e-05
139           	1.895145e-02	9.152437e-03	9.799012e-03	-3.258654e-03	1.480251e-02	-1.806116e-02	1.643184e-02	-3.232875e-04	5.183163e-05	-1.259028e-06	5.120211e-05	-5.246114e-05
140           	1.892853e-02	9.140909e-03	9.787625e-03	-3.259061e-03	1.478360e-02	-1.804266e-02	1.641313e-02	-3.233577e-04	5.219238e-05	-7.208243e-07	5.183196e-05	-5.255279e-05
141           	1.890616e-02	9.129681e-03	9.776476e-03	-3.259455e-03	1.476513e-02	-1.802458e-02	1.639485e-02	-3.233974e-04	5.251223e-05	-2.253285e-07	5.239957e-05	-5.262490e-05
142           	1.888430e-02	9.118745e-03	9.765560e-03	-3.259834e-03	1.474709e-02	-1.800693e-02	1.637701e-02	-3.234075e-04	5.279106e-05	2.263797e-07	5.290425e-05	-5.267787e-05
143           	1.886297e-02	9.108092e-03	9.754874e-03	-3.260201e-03	1.472949e-02	-1.798969e-02	1.635959e-02	-3.233909e-04	5.303076e-05	6.354928e-07	5.334851e-05	-5.271301e-05
144           	1.884213e-02	9.097715e-03	9.744416e-03	-3.260555e-03	1.471230e-02	-1.797285e-02	1.634258e-02	-3.233505e-04	5.323403e-05	1.004195e-06	5.373613e-05	-5.273193e-05
145           	1.882179e-02	9.087607e-03	9.734183e-03	-3.260897e-03	1.469552e-02	-1.795641e-02	1.632596e-02	-3.232879e-04	5.340296e-05	1.334276e-06	5.407010e-05	-5.273583e-05
146           	1.880193e-02	9.077761e-03	9.724169e-03	-3.261227e-03	1.467913e-02	-1.794036e-02	1.630975e-02	-3.232040e-04	5.353889e-05	1.627083e-06	5.435244e-05	-5.272535e-05
147           	1.878254e-02	9.068170e-03	9.714370e-03	-3.261546e-03	1.466314e-02	-1.792469e-02	1.629392e-02	-3.231003e-04	5.364384e-05	1.884868e-06	5.458627e-05	-5.270141e-05
148           	1.876361e-02	9.058830e-03	9.704781e-03	-3.261854e-03	1.464753e-02	-1.790939e-02	1.627846e-02	-3.229753e-04	5.371672e-05	2.106698e-06	5.477007e-05	-5.266337e-05
149           	1.874513e-02	9.049736e-03	9.695396e-03	-3.262152e-03	1.463230e-02	-1.789445e-02	1.626337e-02	-3.228305e-04	5.375892e-05	2.294116e-06	5.490598e-05	-5.261186e-05
150           	1.872709e-02	9.040878e-03	9.686214e-03	-3.262439e-03	1.461742e-02	-1.787986e-02	1.624864e-02	-3.226677e-04	5.377217e-05	2.448679e-06	5.499651e-05	-5.254783e-05
151           	1.870948e-02	9.032252e-03	9.677229e-03	-3.262716e-03	1.460291e-02	-1.786562e-02	1.623427e-02	-3.224887e-04	5.375832e-05	2.571798e-06	5.504422e-05	-5.247242e-05
152           	1.869229e-02	9.023849e-03	9.668439e-03	-3.262983e-03	1.458874e-02	-1.785172e-02	1.622023e-02	-3.222949e-04	5.371914e-05	2.664780e-06	5.505153e-05	-5.238675e-05
153           	1.867551e-02	9.015665e-03	9.659841e-03	-3.263240e-03	1.457491e-02	-1.783815e-02	1.620653e-02	-3.220878e-04	5.365657e-05	2.729063e-06	5.502111e-05	-5.229204e-05
154           	1.865912e-02	9.007693e-03	9.651431e-03	-3.263487e-03	1.456142e-02	-1.782491e-02	1.619316e-02	-3.218693e-04	5.357336e-05	2.766948e-06	5.495683e-05	-5.218988e-05
155           	1.864313e-02	8.999922e-03	9.643208e-03	-3.263724e-03	1.454824e-02	-1.781197e-02	1.618011e-02	-3.216428e-04	5.347492e-05	2.783141e-06	5.486649e-05	-5.208335e-05
156           	1.862752e-02	8.992352e-03	9.635169e-03	-3.263953e-03	1.453539e-02	-1.779934e-02	1.616737e-02	-3.214084e-04	5.336107e-05	2.777806e-06	5.474998e-05	-5.197217e-05
157           	1.861229e-02	8.984976e-03	9.627311e-03	-3.264173e-03	1.452285e-02	-1.778702e-02	1.615493e-02	-3.211677e-04	5.323464e-05	2.753762e-06	5.461152e-05	-5.185776e-05
158           	1.859742e-02	8.977788e-03	9.619632e-03	-3.264386e-03	1.451061e-02	-1.777500e-02	1.614280e-02	-3.209219e-04	5.309867e-05	2.714110e-06	5.445572e-05	-5.174161e-05
159           	1.858291e-02	8.970783e-03	9.612128e-03	-3.264590e-03	1.449867e-02	-1.776326e-02	1.613097e-02	-3.206726e-04	5.295646e-05	2.662263e-06	5.428759e-05	-5.162532e-05
160           	1.856875e-02	8.963955e-03	9.604797e-03	-3.264787e-03	1.448702e-02	-1.775181e-02	1.611942e-02	-3.204210e-04	5.281089e-05	2.601328e-06	5.411155e-05	-5.151022e-05
161           	1.855493e-02	8.957298e-03	9.597637e-03	-3.264976e-03	1.447566e-02	-1.774063e-02	1.610815e-02	-3.201695e-04	5.266512e-05	2.534641e-06	5.393244e-05	-5.139780e-05
162           	1.854145e-02	8.950805e-03	9.590646e-03	-3.265158e-03	1.446457e-02	-1.772973e-02	1.609715e-02	-3.199206e-04	5.252210e-05	2.465174e-06	5.375469e-05	-5.128951e-05
163           	1.852829e-02	8.944470e-03	9.583823e-03	-3.265332e-03	1.445375e-02	-1.771908e-02	1.608642e-02	-3.196764e-04	5.238396e-05	2.394920e-06	5.358142e-05	-5.118650e-05
164           	1.851545e-02	8.938287e-03	9.577165e-03	-3.265499e-03	1.444320e-02	-1.770870e-02	1.607595e-02	-3.194390e-04	5.225285e-05	2.325873e-06	5.341579e-05	-5.108992e-05
165           	1.850292e-02	8.932251e-03	9.570671e-03	-3.265660e-03	1.443290e-02	-1.769856e-02	1.606573e-02	-3.192100e-04	5.213046e-05	2.259648e-06	5.326028e-05	-5.100063e-05
166           	1.849070e-02	8.926357e-03	9.564339e-03	-3.265813e-03	1.442285e-02	-1.768867e-02	1.605576e-02	-3.189906e-04	5.201846e-05	2.197977e-06	5.311744e-05	-5.091947e-05
167           	1.847877e-02	8.920603e-03	9.558165e-03	-3.265960e-03	1.441305e-02	-1.767901e-02	1.604603e-02	-3.187811e-04	5.191758e-05	2.141888e-06	5.298852e-05	-5.084663e-05
168           	1.846713e-02	8.914985e-03	9.552146e-03	-3.266101e-03	1.440350e-02	-1.766960e-02	1.603655e-02	-3.185807e-04	5.182777e-05	2.091716e-06	5.287363e-05	-5.078191e-05
169           	1.845578e-02	8.909501e-03	9.546277e-03	-3.266237e-03	1.439418e-02	-1.766041e-02	1.602729e-02	-3.183882e-04	5.174849e-05	2.047341e-06	5.277216e-05	-5.072482e-05
170           	1.844471e-02	8.904150e-03	9.540555e-03	-3.266367e-03	1.438509e-02	-1.765145e-02	1.601827e-02	-3.182025e-04	5.167907e-05	2.008476e-06	5.268331e-05	-5.067483e-05
171           	1.843390e-02	8.898929e-03	9.534975e-03	-3.266491e-03	1.437622e-02	-1.764271e-02	1.600947e-02	-3.180234e-04	5.161960e-05	1.975503e-06	5.260735e-05	-5.063185e-05
172           	1.842337e-02	8.893830e-03	9.529535e-03	-3.266609e-03	1.436758e-02	-1.763418e-02	1.600088e-02	-3.178529e-04	5.157345e-05	1.951744e-06	5.254933e-05	-5.059758e-05
173           	1.841309e-02	8.888854e-03	9.524235e-03	-3.266722e-03	1.435915e-02	-1.762587e-02	1.599251e-02	-3.176905e-04	5.153933e-05	1.936248e-06	5.250745e-05	-5.057121e-05
174           	1.840307e-02	8.883995e-03	9.519072e-03	-3.266831e-03	1.435093e-02	-1.761776e-02	1.598435e-02	-3.175385e-04	5.151958e-05	1.931144e-06	5.248515e-05	-5.055401e-05
175           	1.839330e-02	8.879249e-03	9.514048e-03	-3.266936e-03	1.434292e-02	-1.760986e-02	1.597639e-02	-3.173992e-04	5.151649e-05	1.938441e-06	5.248571e-05	-5.054727e-05
176           	1.838377e-02	8.874611e-03	9.509160e-03	-3.267037e-03	1.433511e-02	-1.760215e-02	1.596863e-02	-3.172749e-04	5.153212e-05	1.959993e-06	5.251211e-05	-5.055212e-05
177           	1.837448e-02	8.870074e-03	9.504409e-03	-3.267133e-03	1.432750e-02	-1.759464e-02	1.596107e-02	-3.171674e-04	5.156803e-05	1.997196e-06	5.256663e-05	-5.056944e-05
178           	1.836543e-02	8.865636e-03	9.499792e-03	-3.267225e-03	1.432009e-02	-1.758731e-02	1.595370e-02	-3.170779e-04	5.162517e-05	2.050914e-06	5.265062e-05	-5.059971e-05
179           	1.835660e-02	8.861293e-03	9.495306e-03	-3.267313e-03	1.431286e-02	-1.758017e-02	1.594651e-02	-3.170066e-04	5.170310e-05	2.120910e-06	5.276356e-05	-5.064265e-05
180           	1.834799e-02	8.857043e-03	9.490948e-03	-3.267397e-03	1.430581e-02	-1.757321e-02	1.593951e-02	-3.169526e-04	5.179974e-05	2.205520e-06	5.290250e-05	-5.069698e-05
181           	1.833960e-02	8.852886e-03	9.486714e-03	-3.267476e-03	1.429894e-02	-1.756642e-02	1.593268e-02	-3.169138e-04	5.191211e-05	2.302447e-06	5.306334e-05	-5.076089e-05
182           	1.833142e-02	8.848822e-03	9.482598e-03	-3.267552e-03	1.429225e-02	-1.755980e-02	1.592602e-02	-3.168878e-04	5.203706e-05	2.409246e-06	5.324169e-05	-5.083244e-05
183           	1.832345e-02	8.844851e-03	9.478596e-03	-3.267624e-03	1.428572e-02	-1.755335e-02	1.591953e-02	-3.168723e-04	5.217146e-05	2.523371e-06	5.343315e-05	-5.090978e-05
184           	1.831568e-02	8.840973e-03	9.474703e-03	-3.267692e-03	1.427937e-02	-1.754706e-02	1.591321e-02	-3.168648e-04	5.231235e-05	2.642311e-06	5.363350e-05	-5.099119e-05
185           	1.830810e-02	8.837188e-03	9.470915e-03	-3.267757e-03	1.427317e-02	-1.754093e-02	1.590705e-02	-3.168631e-04	5.245719e-05	2.764058e-06	5.383922e-05	-5.107516e-05
186           	1.830072e-02	8.833497e-03	9.467227e-03	-3.267819e-03	1.426714e-02	-1.753496e-02	1.590105e-02	-3.168653e-04	5.260395e-05	2.887083e-06	5.404749e-05	-5.116041e-05
187           	1.829353e-02	8.829897e-03	9.463637e-03	-3.267879e-03	1.426126e-02	-1.752914e-02	1.589520e-02	-3.168700e-04	5.275115e-05	3.010276e-06	5.425629e-05	-5.124601e-05
188           	1.828652e-02	8.826385e-03	9.460138e-03	-3.267933e-03	1.425554e-02	-1.752347e-02	1.588950e-02	-3.168765e-04	5.289870e-05	3.133822e-06	5.446561e-05	-5.133179e-05
189           	1.827970e-02	8.822966e-03	9.456731e-03	-3.267986e-03	1.424996e-02	-1.751794e-02	1.588395e-02	-3.168824e-04	5.304243e-05	3.253936e-06	5.466940e-05	-5.141547e-05
190           	1.827305e-02	8.819638e-03	9.453410e-03	-3.268037e-03	1.424453e-02	-1.751257e-02	1.587855e-02	-3.168861e-04	5.318044e-05	3.368824e-06	5.486485e-05	-5.149602e-05
191           	1.826657e-02	8.816401e-03	9.450173e-03	-3.268087e-03	1.423924e-02	-1.750733e-02	1.587329e-02	-3.168862e-04	5.331077e-05	3.476652e-06	5.504910e-05	-5.157245e-05
192           	1.826027e-02	8.813254e-03	9.447016e-03	-3.268134e-03	1.423410e-02	-1.750223e-02	1.586817e-02	-3.168811e-04	5.343134e-05	3.575410e-06	5.521904e-05	-5.164363e-05
193           	1.825413e-02	8.810196e-03	9.443935e-03	-3.268179e-03	1.422909e-02	-1.749727e-02	1.586318e-02	-3.168694e-04	5.353996e-05	3.662987e-06	5.537145e-05	-5.170846e-05
194           	1.824815e-02	8.807226e-03	9.440926e-03	-3.268223e-03	1.422421e-02	-1.749244e-02	1.585833e-02	-3.168497e-04	5.363467e-05	3.737498e-06	5.550342e-05	-5.176592e-05
195           	1.824233e-02	8.804345e-03	9.437986e-03	-3.268264e-03	1.421947e-02	-1.748773e-02	1.585360e-02	-3.168204e-04	5.371364e-05	3.797248e-06	5.561227e-05	-5.181502e-05
196           	1.823666e-02	8.801551e-03	9.435111e-03	-3.268304e-03	1.421485e-02	-1.748315e-02	1.584900e-02	-3.167799e-04	5.377499e-05	3.840497e-06	5.569524e-05	-5.185474e-05
197           	1.823114e-02	8.798844e-03	9.432297e-03	-3.268341e-03	1.421035e-02	-1.747869e-02	1.584452e-02	-3.167266e-04	5.381693e-05	3.865576e-06	5.574972e-05	-5.188414e-05
198           	1.822577e-02	8.796224e-03	9.429543e-03	-3.268377e-03	1.420597e-02	-1.747435e-02	1.584016e-02	-3.166593e-04	5.383825e-05	3.871406e-06	5.577395e-05	-5.190254e-05
199           	1.822053e-02	8.793690e-03	9.426844e-03	-3.268411e-03	1.420171e-02	-1.747012e-02	1.583591e-02	-3.165768e-04	5.383803e-05	3.857190e-06	5.576662e-05	-5.190943e-05
200           	1.821544e-02	8.791242e-03	9.424199e-03	-3.268444e-03	1.419756e-02	-1.746600e-02	1.583178e-02	-3.164788e-04	5.381572e-05	3.822425e-06	5.572693e-05	-5.190451e-05
201           	1.821048e-02	8.788877e-03	9.421607e-03	-3.268475e-03	1.419353e-02	-1.746200e-02	1.582776e-02	-3.163648e-04	5.377108e-05	3.766835e-06	5.565450e-05	-5.188766e-05
202           	1.820566e-02	8.786595e-03	9.419065e-03	-3.268505e-03	1.418960e-02	-1.745811e-02	1.582385e-02	-3.162351e-04	5.370436e-05	3.690534e-06	5.554963e-05	-5.185909e-05
203           	1.820097e-02	8.784393e-03	9.416572e-03	-3.268534e-03	1.418578e-02	-1.745432e-02	1.582005e-02	-3.160898e-04	5.361586e-05	3.593633e-06	5.541267e-05	-5.181904e-05
204           	1.819639e-02	8.782265e-03	9.414127e-03	-3.268560e-03	1.418206e-02	-1.745062e-02	1.581634e-02	-3.159312e-04	5.350846e-05	3.478551e-06	5.524774e-05	-5.176919e-05
205           	1.819195e-02	8.780216e-03	9.411730e-03	-3.268586e-03	1.417845e-02	-1.744704e-02	1.581274e-02	-3.157569e-04	5.337894e-05	3.342226e-06	5.505006e-05	-5.170783e-05
206           	1.818762e-02	8.778244e-03	9.409378e-03	-3.268612e-03	1.417494e-02	-1.744355e-02	1.580924e-02	-3.155672e-04	5.322759e-05	3.184760e-06	5.481997e-05	-5.163521e-05
207           	1.818342e-02	8.776346e-03	9.407072e-03	-3.268638e-03	1.417152e-02	-1.744016e-02	1.580584e-02	-3.153625e-04	5.305495e-05	3.006527e-06	5.455822e-05	-5.155169e-05
208           	1.817933e-02	8.774522e-03	9.404808e-03	-3.268663e-03	1.416821e-02	-1.743687e-02	1.580254e-02	-3.151433e-04	5.286159e-05	2.807996e-06	5.426559e-05	-5.145759e-05
209           	1.817535e-02	8.772768e-03	9.402587e-03	-3.268688e-03	1.416498e-02	-1.743367e-02	1.579933e-02	-3.149098e-04	5.264818e-05	2.589827e-06	5.394309e-05	-5.135326e-05
210           	1.817149e-02	8.771082e-03	9.400406e-03	-3.268712e-03	1.416185e-02	-1.743056e-02	1.579620e-02	-3.146622e-04	5.241548e-05	2.352818e-06	5.359189e-05	-5.123907e-05
211           	1.816773e-02	8.769464e-03	9.398265e-03	-3.268735e-03	1.415880e-02	-1.742753e-02	1.579317e-02	-3.144008e-04	5.216422e-05	2.097711e-06	5.321307e-05	-5.111536e-05
212           	1.816407e-02	8.767910e-03	9.396162e-03	-3.268758e-03	1.415584e-02	-1.742459e-02	1.579022e-02	-3.141259e-04	5.189539e-05	1.825488e-06	5.280814e-05	-5.098265e-05
213           	1.816052e-02	8.766420e-03	9.394097e-03	-3.268780e-03	1.415296e-02	-1.742174e-02	1.578735e-02	-3.138381e-04	5.161015e-05	1.537293e-06	5.237880e-05	-5.084151e-05
214           	1.815706e-02	8.764992e-03	9.392068e-03	-3.268801e-03	1.415016e-02	-1.741896e-02	1.578456e-02	-3.135380e-04	5.130959e-05	1.234211e-06	5.192669e-05	-5.069248e-05
215           	1.815370e-02	8.763624e-03	9.390076e-03	-3.268821e-03	1.414744e-02	-1.741626e-02	1.578185e-02	-3.132260e-04	5.099458e-05	9.171033e-07	5.145313e-05	-5.053603e-05
216           	1.815230e-02	8.763086e-03	9.389215e-03	-3.268908e-03	1.414633e-02	-1.741524e-02	1.578079e-02	-3.130643e-04	5.085418e-05	7.618651e-07	5.123512e-05	-5.047325e-05
217           	1.815108e-02	8.762533e-03	9.388543e-03	-3.269032e-03	1.414538e-02	-1.741441e-02	1.577989e-02	-3.130050e-04	5.083220e-05	7.163081e-07	5.119036e-05	-5.047405e-05
218           	1.814991e-02	8.761970e-03	9.387942e-03	-3.269163e-03	1.414447e-02	-1.741364e-02	1.577906e-02	-3.129861e-04	5.085639e-05	7.143354e-07	5.121356e-05	-5.049923e-05
219           	1.814870e-02	8.761392e-03	9.387311e-03	-3.269273e-03	1.414353e-02	-1.741280e-02	1.577816e-02	-3.129595e-04	5.087069e-05	7.050613e-07	5.122322e-05	-5.051815e-05
220           	1.814738e-02	8.760797e-03	9.386579e-03	-3.269342e-03	1.414247e-02	-1.741181e-02	1.577714e-02	-3.128913e-04	5.083529e-05	6.525044e-07	5.116154e-05	-5.050903e-05
221           	1.814589e-02	8.760184e-03	9.385711e-03	-3.269362e-03	1.414127e-02	-1.741063e-02	1.577595e-02	-3.127632e-04	5.072872e-05	5.375748e-07	5.099751e-05	-5.045993e-05
222           	1.814427e-02	8.759560e-03	9.384710e-03	-3.269334e-03	1.413993e-02	-1.740926e-02	1.577460e-02	-3.125752e-04	5.055051e-05	3.585419e-07	5.072978e-05	-5.037124e-05
223           	1.814254e-02	8.758932e-03	9.383605e-03	-3.269271e-03	1.413850e-02	-1.740777e-02	1.577313e-02	-3.123362e-04	5.031139e-05	1.244422e-07	5.037361e-05	-5.024917e-05
224           	1.814074e-02	8.758310e-03	9.382434e-03	-3.269187e-03	1.413701e-02	-1.740619e-02	1.577160e-02	-3.120617e-04	5.002990e-05	-1.482005e-07	4.995580e-05	-5.010400e-05
225           	1.813894e-02	8.757701e-03	9.381243e-03	-3.269098e-03	1.413551e-02	-1.740461e-02	1.577006e-02	-3.117714e-04	4.972949e-05	-4.382999e-07	4.951034e-05	-4.994864e-05
226           	1.813719e-02	8.757109e-03	9.380076e-03	-3.269018e-03	1.413406e-02	-1.740308e-02	1.576857e-02	-3.114835e-04	4.943176e-05	-7.267122e-07	4.906840e-05	-4.979511e-05
227           	1.813550e-02	8.756536e-03	9.378967e-03	-3.268958e-03	1.413268e-02	-1.740164e-02	1.576716e-02	-3.112155e-04	4.915647e-05	-9.966994e-07	4.865812e-05	-4.965482e-05
228           	1.813392e-02	8.755994e-03	9.377925e-03	-3.268923e-03	1.413139e-02	-1.740031e-02	1.576585e-02	-3.109655e-04	4.890254e-05	-1.248019e-06	4.827853e-05	-4.952655e-05
229           	1.813243e-02	8.755477e-03	9.376956e-03	-3.268914e-03	1.413019e-02	-1.739910e-02	1.576465e-02	-3.107398e-04	4.867653e-05	-1.475704e-06	4.793868e-05	-4.941438e-05
230           	1.813103e-02	8.754982e-03	9.376051e-03	-3.268926e-03	1.412907e-02	-1.739800e-02	1.576353e-02	-3.105348e-04	4.847419e-05	-1.683495e-06	4.763244e-05	-4.931593e-05
231           	1.812970e-02	8.754506e-03	9.375194e-03	-3.268953e-03	1.412801e-02	-1.739697e-02	1.576249e-02	-3.103441e-04	4.828775e-05	-1.878005e-06	4.734875e-05	-4.922675e-05
232           	1.812841e-02	8.754045e-03	9.374364e-03	-3.268987e-03	1.412699e-02	-1.739598e-02	1.576149e-02	-3.101598e-04	4.810816e-05	-2.066836e-06	4.707474e-05	-4.914158e-05
233           	1.812714e-02	8.753595e-03	9.373544e-03	-3.269021e-03	1.412599e-02	-1.739501e-02	1.576050e-02	-3.099746e-04	4.792680e-05	-2.257089e-06	4.679826e-05	-4.905535e-05
234           	1.812587e-02	8.753153e-03	9.372718e-03	-3.269049e-03	1.412498e-02	-1.739403e-02	1.575950e-02	-3.097825e-04	4.773682e-05	-2.454374e-06	4.650963e-05	-4.896400e-05
235           	1.812460e-02	8.752718e-03	9.371878e-03	-3.269069e-03	1.412396e-02	-1.739303e-02	1.575850e-02	-3.095797e-04	4.753376e-05	-2.662262e-06	4.620263e-05	-4.886489e-05
236           	1.812331e-02	8.752292e-03	9.371020e-03	-3.269079e-03	1.412293e-02	-1.739201e-02	1.575747e-02	-3.093644e-04	4.731578e-05	-2.882219e-06	4.587467e-05	-4.875689e-05
237           	1.812202e-02	8.751873e-03	9.370147e-03	-3.269080e-03	1.412189e-02	-1.739097e-02	1.575643e-02	-3.091368e-04	4.708323e-05	-3.113935e-06	4.552626e-05	-4.864019e-05
238           	1.812073e-02	8.751465e-03	9.369263e-03	-3.269076e-03	1.412085e-02	-1.738992e-02	1.575538e-02	-3.088987e-04	4.683808e-05	-3.355808e-06	4.516017e-05	-4.851598e-05
239           	1.811944e-02	8.751065e-03	9.368377e-03	-3.269067e-03	1.411980e-02	-1.738887e-02	1.575434e-02	-3.086560e-04	4.658731e-05	-3.601922e-06	4.478635e-05	-4.838827e-05
240           	1.811817e-02	8.750680e-03	9.367493e-03	-3.269058e-03	1.411877e-02	-1.738783e-02	1.575330e-02	-3.084064e-04	4.632851e-05	-3.854643e-06	4.440119e-05	-4.825583e-05
241           	1.811693e-02	8.750313e-03	9.366617e-03	-3.269052e-03	1.411777e-02	-1.738682e-02	1.575229e-02	-3.081523e-04	4.606451e-05	-4.111749e-06	4.400864e-05	-4.812039e-05
242           	1.811572e-02	8.749962e-03	9.365753e-03	-3.269050e-03	1.411679e-02	-1.738584e-02	1.575131e-02	-3.078957e-04	4.579769e-05	-4.371369e-06	4.361201e-05	-4.798338e-05
243           	1.811453e-02	8.749628e-03	9.364904e-03	-3.269051e-03	1.411583e-02	-1.738489e-02	1.575036e-02	-3.076380e-04	4.552979e-05	-4.632131e-06	4.321372e-05	-4.784586e-05
244           	1.811338e-02	8.749309e-03	9.364069e-03	-3.269057e-03	1.411491e-02	-1.738396e-02	1.574944e-02	-3.073801e-04	4.526189e-05	-4.893163e-06	4.281531e-05	-4.770847e-05
245           	1.811225e-02	8.749002e-03	9.363247e-03	-3.269065e-03	1.411400e-02	-1.738307e-02	1.574854e-02	-3.071225e-04	4.499454e-05	-5.153982e-06	4.241755e-05	-4.757153e-05
246           	1.811115e-02	8.748708e-03	9.362438e-03	-3.269075e-03	1.411312e-02	-1.738220e-02	1.574766e-02	-3.068652e-04	4.472782e-05	-5.414465e-06	4.202059e-05	-4.743505e-05
247           	1.811006e-02	8.748423e-03	9.361638e-03	-3.269086e-03	1.411226e-02	-1.738134e-02	1.574680e-02	-3.066079e-04	4.446151e-05	-5.674701e-06	4.162416e-05	-4.729886e-05
248           	1.810899e-02	8.748146e-03	9.360847e-03	-3.269097e-03	1.411140e-02	-1.738050e-02	1.574595e-02	-3.063503e-04	4.419528e-05	-5.934872e-06	4.122784e-05	-4.716271e-05
249           	1.810794e-02	8.747878e-03	9.360062e-03	-3.269107e-03	1.411056e-02	-1.737967e-02	1.574512e-02	-3.060922e-04	4.392880e-05	-6.195161e-06	4.083122e-05	-4.702638e-05
250           	1.810690e-02	8.747616e-03	9.359283e-03	-3.269116e-03	1.410973e-02	-1.737885e-02	1.574429e-02	-3.058334e-04	4.366185e-05	-6.455684e-06	4.043401e-05	-4.688969e-05
251           	1.810587e-02	8.747362e-03	9.358510e-03	-3.269123e-03	1.410891e-02	-1.737803e-02	1.574347e-02	-3.055737e-04	4.339434e-05	-6.716454e-06	4.003612e-05	-4.675257e-05
252           	1.810486e-02	8.747116e-03	9.357742e-03	-3.269130e-03	1.410810e-02	-1.737723e-02	1.574266e-02	-3.053133e-04	4.312636e-05	-6.977379e-06	3.963768e-05	-4.661505e-05
253           	1.810385e-02	8.746868e-03	9.356986e-03	-3.269134e-03	1.410730e-02	-1.737643e-02	1.574186e-02	-3.050593e-04	4.286607e-05	-7.231588e-06	3.925027e-05	-4.648186e-05
254           	1.810287e-02	8.746642e-03	9.356229e-03	-3.269140e-03	1.410651e-02	-1.737565e-02	1.574108e-02	-3.047936e-04	4.259242e-05	-7.496953e-06	3.884395e-05	-4.634090e-05
255           	1.810190e-02	8.746423e-03	9.355480e-03	-3.269146e-03	1.410574e-02	-1.737488e-02	1.574031e-02	-3.045286e-04	4.231982e-05	-7.761172e-06	3.843923e-05	-4.620040e-05
256           	1.810095e-02	8.746211e-03	9.354741e-03	-3.269152e-03	1.410497e-02	-1.737413e-02	1.573955e-02	-3.042649e-04	4.204927e-05	-8.023394e-06	3.803757e-05	-4.606096e-05
257           	1.810002e-02	8.746005e-03	9.354011e-03	-3.269159e-03	1.410423e-02	-1.737339e-02	1.573881e-02	-3.040032e-04	4.178130e-05	-8.283192e-06	3.763970e-05	-4.592289e-05
258           	1.809910e-02	8.745805e-03	9.353292e-03	-3.269166e-03	1.410349e-02	-1.737266e-02	1.573808e-02	-3.037437e-04	4.151609e-05	-8.540440e-06	3.724587e-05	-4.578631e-05
259           	1.809819e-02	8.745611e-03	9.352583e-03	-3.269173e-03	1.410277e-02	-1.737194e-02	1.573736e-02	-3.034862e-04	4.125356e-05	-8.795201e-06	3.685596e-05	-4.565116e-05
260           	1.809731e-02	8.745422e-03	9.351883e-03	-3.269180e-03	1.410206e-02	-1.737124e-02	1.573665e-02	-3.032307e-04	4.099352e-05	-9.047640e-06	3.646970e-05	-4.551734e-05
261           	1.809643e-02	8.745239e-03	9.351192e-03	-3.269188e-03	1.410137e-02	-1.737055e-02	1.573596e-02	-3.029769e-04	4.073574e-05	-9.297940e-06	3.608677e-05	-4.538471e-05
262           	1.809557e-02	8.745061e-03	9.350510e-03	-3.269195e-03	1.410068e-02	-1.736987e-02	1.573528e-02	-3.027247e-04	4.047998e-05	-9.546270e-06	3.570684e-05	-4.525311e-05
263           	1.809473e-02	8.744889e-03	9.349837e-03	-3.269202e-03	1.410001e-02	-1.736921e-02	1.573461e-02	-3.024739e-04	4.022608e-05	-9.792747e-06	3.532971e-05	-4.512245e-05
264           	1.809389e-02	8.744722e-03	9.349171e-03	-3.269209e-03	1.409934e-02	-1.736855e-02	1.573395e-02	-3.022245e-04	3.997396e-05	-1.003742e-05	3.495525e-05	-4.499267e-05
265           	1.809307e-02	8.744560e-03	9.348514e-03	-3.269216e-03	1.409869e-02	-1.736791e-02	1.573330e-02	-3.019766e-04	3.972361e-05	-1.028027e-05	3.458348e-05	-4.486374e-05
266           	1.809226e-02	8.744395e-03	9.347869e-03	-3.269222e-03	1.409805e-02	-1.736727e-02	1.573266e-02	-3.017369e-04	3.948276e-05	-1.051471e-05	3.422541e-05	-4.474012e-05
267           	1.809147e-02	8.744239e-03	9.347231e-03	-3.269228e-03	1.409741e-02	-1.736664e-02	1.573203e-02	-3.014963e-04	3.924082e-05	-1.074977e-05	3.386594e-05	-4.461571e-05
268           	1.809069e-02	8.744090e-03	9.346600e-03	-3.269235e-03	1.409679e-02	-1.736603e-02	1.573141e-02	-3.012550e-04	3.899802e-05	-1.098523e-05	3.350540e-05	-4.449063e-05
269           	1.808992e-02	8.743948e-03	9.345975e-03	-3.269241e-03	1.409618e-02	-1.736542e-02	1.573080e-02	-3.010135e-04	3.875504e-05	-1.122047e-05	3.314481e-05	-4.436528e-05
270           	1.808917e-02	8.743813e-03	9.345358e-03	-3.269248e-03	1.409558e-02	-1.736483e-02	1.573021e-02	-3.007726e-04	3.851281e-05	-1.145470e-05	3.278546e-05	-4.424016e-05
271           	1.808843e-02	8.743683e-03	9.344749e-03	-3.269256e-03	1.409500e-02	-1.736425e-02	1.572962e-02	-3.005331e-04	3.827222e-05	-1.168716e-05	3.242864e-05	-4.411580e-05
272           	1.808770e-02	8.743557e-03	9.344148e-03	-3.269263e-03	1.409442e-02	-1.736368e-02	1.572905e-02	-3.002957e-04	3.803404e-05	-1.191719e-05	3.207545e-05	-4.399264e-05
273           	1.808699e-02	8.743434e-03	9.343556e-03	-3.269270e-03	1.409385e-02	-1.736312e-02	1.572849e-02	-3.000609e-04	3.779882e-05	-1.214434e-05	3.172665e-05	-4.387099e-05
274           	1.808629e-02	8.743315e-03	9.342973e-03	-3.269278e-03	1.409329e-02	-1.736257e-02	1.572793e-02	-2.998290e-04	3.756688e-05	-1.236835e-05	3.138270e-05	-4.375106e-05
275           	1.808560e-02	8.743198e-03	9.342399e-03	-3.269285e-03	1.409275e-02	-1.736203e-02	1.572739e-02	-2.996002e-04	3.733831e-05	-1.258917e-05	3.104373e-05	-4.363290e-05
276           	1.808492e-02	8.743084e-03	9.341833e-03	-3.269292e-03	1.409221e-02	-1.736150e-02	1.572685e-02	-2.993744e-04	3.711306e-05	-1.280685e-05	3.070963e-05	-4.351649e-05
277           	1.808425e-02	8.742973e-03	9.341276e-03	-3.269299e-03	1.409168e-02	-1.736098e-02	1.572633e-02	-2.991515e-04	3.689096e-05	-1.302156e-05	3.038018e-05	-4.340174e-05
278           	1.808359e-02	8.742865e-03	9.340727e-03	-3.269307e-03	1.409116e-02	-1.736046e-02	1.572581e-02	-2.989313e-04	3.667181e-05	-1.323346e-05	3.005508e-05	-4.328854e-05
279           	1.808295e-02	8.742760e-03	9.340187e-03	-3.269314e-03	1.409065e-02	-1.735996e-02	1.572530e-02	-2.987138e-04	3.645542e-05	-1.344275e-05	2.973404e-05	-4.317679e-05
280           	1.808231e-02	8.742657e-03	9.339655e-03	-3.269321e-03	1.409014e-02	-1.735946e-02	1.572480e-02	-2.984988e-04	3.624163e-05	-1.364954e-05	2.941687e-05	-4.306640e-05
281           	1.808169e-02	8.742558e-03	9.339131e-03	-3.269328e-03	1.408965e-02	-1.735898e-02	1.572431e-02	-2.982863e-04	3.603040e-05	-1.385388e-05	2.910346e-05	-4.295733e-05
282           	1.808108e-02	8.742462e-03	9.338615e-03	-3.269335e-03	1.408917e-02	-1.735850e-02	1.572383e-02	-2.980763e-04	3.582172e-05	-1.405575e-05	2.879385e-05	-4.284960e-05
283           	1.808047e-02	8.742369e-03	9.338106e-03	-3.269342e-03	1.408869e-02	-1.735803e-02	1.572336e-02	-2.978688e-04	3.561572e-05	-1.425506e-05	2.848819e-05	-4.274325e-05
284           	1.807988e-02	8.742278e-03	9.337606e-03	-3.269349e-03	1.408823e-02	-1.735757e-02	1.572290e-02	-2.976641e-04	3.541253e-05	-1.445169e-05	2.818669e-05	-4.263838e-05
285           	1.807930e-02	8.742189e-03	9.337114e-03	-3.269357e-03	1.408777e-02	-1.735712e-02	1.572245e-02	-2.974623e-04	3.521235e-05	-1.464549e-05	2.788961e-05	-4.253509e-05
286           	1.807873e-02	8.742103e-03	9.336630e-03	-3.269364e-03	1.408732e-02	-1.735668e-02	1.572200e-02	-2.972635e-04	3.501535e-05	-1.483630e-05	2.759720e-05	-4.243349e-05
287           	1.807817e-02	8.742018e-03	9.336154e-03	-3.269371e-03	1.408688e-02	-1.735625e-02	1.572156e-02	-2.970679e-04	3.482168e-05	-1.502399e-05	2.730969e-05	-4.233368e-05
288           	1.807762e-02	8.741935e-03	9.335687e-03	-3.269379e-03	1.408644e-02	-1.735582e-02	1.572113e-02	-2.968756e-04	3.463147e-05	-1.520849e-05	2.702722e-05	-4.223571e-05
289           	1.807708e-02	8.741854e-03	9.335227e-03	-3.269386e-03	1.408602e-02	-1.735540e-02	1.572071e-02	-2.966867e-04	3.444475e-05	-1.538974e-05	2.674988e-05	-4.213962e-05
290           	1.807655e-02	8.741774e-03	9.334776e-03	-3.269393e-03	1.408560e-02	-1.735499e-02	1.572029e-02	-2.965012e-04	3.426158e-05	-1.556773e-05	2.647771e-05	-4.204544e-05
291           	1.807603e-02	8.741695e-03	9.334333e-03	-3.269400e-03	1.408519e-02	-1.735459e-02	1.571989e-02	-2.963192e-04	3.408191e-05	-1.574249e-05	2.621066e-05	-4.195316e-05
292           	1.807552e-02	8.741619e-03	9.333897e-03	-3.269407e-03	1.408478e-02	-1.735419e-02	1.571949e-02	-2.961392e-04	3.390341e-05	-1.591639e-05	2.594521e-05	-4.186161e-05
293           	1.807501e-02	8.741542e-03	9.333470e-03	-3.269415e-03	1.408439e-02	-1.735380e-02	1.571910e-02	-2.959642e-04	3.373117e-05	-1.608427e-05	2.568904e-05	-4.177330e-05
294           	1.807452e-02	8.741468e-03	9.333050e-03	-3.269422e-03	1.408400e-02	-1.735342e-02	1.571871e-02	-2.957912e-04	3.355997e-05	-1.625140e-05	2.543428e-05	-4.168567e-05
295           	1.807403e-02	8.741395e-03	9.332638e-03	-3.269429e-03	1.408362e-02	-1.735305e-02	1.571833e-02	-2.956216e-04	3.339259e-05	-1.641496e-05	2.518511e-05	-4.160007e-05
296           	1.807356e-02	8.741323e-03	9.332234e-03	-3.269436e-03	1.408325e-02	-1.735268e-02	1.571796e-02	-2.954556e-04	3.322902e-05	-1.657494e-05	2.494155e-05	-4.151650e-05
297           	1.807309e-02	8.741251e-03	9.331837e-03	-3.269443e-03	1.408288e-02	-1.735232e-02	1.571760e-02	-2.952931e-04	3.306921e-05	-1.673138e-05	2.470352e-05	-4.143490e-05
298           	1.807263e-02	8.741180e-03	9.331448e-03	-3.269450e-03	1.408252e-02	-1.735197e-02	1.571724e-02	-2.951339e-04	3.291298e-05	-1.688444e-05	2.447075e-05	-4.135520e-05
299           	1.807218e-02	8.741111e-03	9.331067e-03	-3.269457e-03	1.408216e-02	-1.735162e-02	1.571689e-02	-2.949780e-04	3.276010e-05	-1.703432e-05	2.424294e-05	-4.127726e-05
300           	1.807173e-02	8.741042e-03	9.330692e-03	-3.269465e-03	1.408182e-02	-1.735128e-02	1.571655e-02	-2.948253e-04	3.261036e-05	-1.718122e-05	2.401975e-05	-4.120097e-05
301           	1.807130e-02	8.740974e-03	9.330325e-03	-3.269472e-03	1.408148e-02	-1.735095e-02	1.571621e-02	-2.946755e-04	3.246355e-05	-1.732534e-05	2.380087e-05	-4.112622e-05
302           	1.807087e-02	8.740908e-03	9.329965e-03	-3.269479e-03	1.408115e-02	-1.735062e-02	1.571588e-02	-2.945285e-04	3.231947e-05	-1.746688e-05	2.358603e-05	-4.105290e-05
303           	1.807045e-02	8.740843e-03	9.329612e-03	-3.269486e-03	1.408082e-02	-1.735030e-02	1.571556e-02	-2.943842e-04	3.217798e-05	-1.760595e-05	2.337500e-05	-4.098095e-05
304           	1.807004e-02	8.740780e-03	9.329265e-03	-3.269493e-03	1.408050e-02	-1.734999e-02	1.571524e-02	-2.942426e-04	3.203900e-05	-1.774265e-05	2.316767e-05	-4.091033e-05
305           	1.806964e-02	8.740717e-03	9.328924e-03	-3.269500e-03	1.408018e-02	-1.734968e-02	1.571493e-02	-2.941037e-04	3.190251e-05	-1.787701e-05	2.296400e-05	-4.084101e-05
306           	1.806925e-02	8.740656e-03	9.328590e-03	-3.269507e-03	1.407988e-02	-1.734938e-02	1.571463e-02	-2.939672e-04	3.176851e-05	-1.800900e-05	2.276402e-05	-4.077301e-05
307           	1.806886e-02	8.740596e-03	9.328263e-03	-3.269515e-03	1.407957e-02	-1.734909e-02	1.571433e-02	-2.938334e-04	3.163704e-05	-1.813859e-05	2.256775e-05	-4.070634e-05
308           	1.806848e-02	8.740537e-03	9.327941e-03	-3.269522e-03	1.407928e-02	-1.734880e-02	1.571404e-02	-2.937021e-04	3.150813e-05	-1.826575e-05	2.237525e-05	-4.064100e-05
309           	1.806810e-02	8.740479e-03	9.327626e-03	-3.269529e-03	1.407899e-02	-1.734852e-02	1.571375e-02	-2.935734e-04	3.138181e-05	-1.839042e-05	2.218660e-05	-4.057702e-05
310           	1.806774e-02	8.740422e-03	9.327316e-03	-3.269536e-03	1.407870e-02	-1.734824e-02	1.571347e-02	-2.934472e-04	3.125811e-05	-1.851258e-05	2.200182e-05	-4.051441e-05
311           	1.806738e-02	8.740366e-03	9.327013e-03	-3.269543e-03	1.407842e-02	-1.734797e-02	1.571319e-02	-2.933235e-04	3.113705e-05	-1.863222e-05	2.182094e-05	-4.045316e-05
312           	1.806703e-02	8.740311e-03	9.326715e-03	-3.269550e-03	1.407815e-02	-1.734770e-02	1.571292e-02	-2.932023e-04	3.101860e-05	-1.874933e-05	2.164393e-05	-4.039327e-05
313           	1.806668e-02	8.740256e-03	9.326423e-03	-3.269556e-03	1.407788e-02	-1.734744e-02	1.571266e-02	-2.930836e-04	3.090274e-05	-1.886395e-05	2.147076e-05	-4.033471e-05
314           	1.806634e-02	8.740203e-03	9.326137e-03	-3.269563e-03	1.407762e-02	-1.734718e-02	1.571240e-02	-2.929673e-04	3.078942e-05	-1.897611e-05	2.130136e-05	-4.027747e-05
315           	1.806601e-02	8.740150e-03	9.325857e-03	-3.269570e-03	1.407736e-02	-1.734693e-02	1.571214e-02	-2.928534e-04	3.067858e-05	-1.908586e-05	2.113565e-05	-4.022151e-05
316           	1.806568e-02	8.740098e-03	9.325582e-03	-3.269577e-03	1.407710e-02	-1.734668e-02	1.571189e-02	-2.927418e-04	3.057016e-05	-1.919327e-05	2.097352e-05	-4.016679e-05
317           	1.806536e-02	8.740047e-03	9.325312e-03	-3.269583e-03	1.407686e-02	-1.734644e-02	1.571165e-02	-2.926325e-04	3.046408e-05	-1.929840e-05	2.081488e-05	-4.011327e-05
318           	1.806505e-02	8.739997e-03	9.325048e-03	-3.269590e-03	1.407661e-02	-1.734620e-02	1.571141e-02	-2.925255e-04	3.036026e-05	-1.940133e-05	2.065960e-05	-4.006092e-05
319           	1.806474e-02	8.739948e-03	9.324789e-03	-3.269596e-03	1.407638e-02	-1.734597e-02	1.571117e-02	-2.924206e-04	3.025867e-05	-1.950209e-05	2.050762e-05	-4.000971e-05
320           	1.806444e-02	8.739900e-03	9.324536e-03	-3.269603e-03	1.407614e-02	-1.734575e-02	1.571094e-02	-2.923178e-04	3.015928e-05	-1.960071e-05	2.035893e-05	-3.995964e-05
321           	1.806414e-02	8.739853e-03	9.324287e-03	-3.269610e-03	1.407591e-02	-1.734552e-02	1.571072e-02	-2.922172e-04	3.006210e-05	-1.969720e-05	2.021350e-05	-3.991070e-05
322           	1.806385e-02	8.739806e-03	9.324044e-03	-3.269616e-03	1.407569e-02	-1.734531e-02	1.571050e-02	-2.921187e-04	2.996711e-05	-1.979155e-05	2.007134e-05	-3.986288e-05
323           	1.806357e-02	8.739760e-03	9.323805e-03	-3.269622e-03	1.407547e-02	-1.734509e-02	1.571028e-02	-2.920224e-04	2.987430e-05	-1.988378e-05	1.993242e-05	-3.981619e-05
324           	1.806329e-02	8.739715e-03	9.323572e-03	-3.269629e-03	1.407526e-02	-1.734489e-02	1.571007e-02	-2.919280e-04	2.978366e-05	-1.997391e-05	1.979671e-05	-3.977061e-05
325           	1.806301e-02	8.739671e-03	9.323343e-03	-3.269635e-03	1.407505e-02	-1.734468e-02	1.570986e-02	-2.918357e-04	2.969514e-05	-2.006196e-05	1.966416e-05	-3.972612e-05
326           	1.806275e-02	8.739628e-03	9.323118e-03	-3.269641e-03	1.407484e-02	-1.734448e-02	1.570966e-02	-2.917454e-04	2.960871e-05	-2.014799e-05	1.953472e-05	-3.968270e-05
327           	1.806248e-02	8.739585e-03	9.322899e-03	-3.269648e-03	1.407464e-02	-1.734429e-02	1.570946e-02	-2.916570e-04	2.952431e-05	-2.023202e-05	1.940830e-05	-3.964032e-05
328           	1.806223e-02	8.739543e-03	9.322684e-03	-3.269654e-03	1.407444e-02	-1.734409e-02	1.570927e-02	-2.915704e-04	2.944188e-05	-2.031412e-05	1.928482e-05	-3.959894e-05
329           	1.806197e-02	8.739502e-03	9.322473e-03	-3.269660e-03	1.407425e-02	-1.734391e-02	1.570908e-02	-2.914857e-04	2.936137e-05	-2.039433e-05	1.916421e-05	-3.955854e-05
330           	1.806173e-02	8.739461e-03	9.322267e-03	-3.269666e-03	1.407406e-02	-1.734372e-02	1.570889e-02	-2.914027e-04	2.928272e-05	-2.047270e-05	1.904637e-05	-3.951907e-05
331           	1.806149e-02	8.739422e-03	9.322065e-03	-3.269672e-03	1.407387e-02	-1.734354e-02	1.570871e-02	-2.913215e-04	2.920588e-05	-2.054927e-05	1.893125e-05	-3.948052e-05
332           	1.806125e-02	8.739383e-03	9.321867e-03	-3.269678e-03	1.407369e-02	-1.734337e-02	1.570853e-02	-2.912419e-04	2.913083e-05	-2.062407e-05	1.881880e-05	-3.944287e-05
333           	1.806102e-02	8.739345e-03	9.321673e-03	-3.269684e-03	1.407351e-02	-1.734320e-02	1.570836e-02	-2.911641e-04	2.905753e-05	-2.069713e-05	1.870897e-05	-3.940609e-05
334           	1.806079e-02	8.739307e-03	9.321483e-03	-3.269690e-03	1.407334e-02	-1.734303e-02	1.570819e-02	-2.910878e-04	2.898594e-05	-2.076847e-05	1.860171e-05	-3.937018e-05
335           	1.806057e-02	8.739271e-03	9.321297e-03	-3.269695e-03	1.407317e-02	-1.734287e-02	1.570802e-02	-2.910132e-04	2.891602e-05	-2.083814e-05	1.849695e-05	-3.933510e-05
336           	1.806035e-02	8.739235e-03	9.321115e-03	-3.269701e-03	1.407300e-02	-1.734271e-02	1.570785e-02	-2.909401e-04	2.884772e-05	-2.090619e-05	1.839462e-05	-3.930082e-05
337           	1.806014e-02	8.739200e-03	9.320937e-03	-3.269707e-03	1.407284e-02	-1.734255e-02	1.570769e-02	-2.908684e-04	2.878099e-05	-2.097265e-05	1.829466e-05	-3.926731e-05
338           	1.805993e-02	8.739166e-03	9.320762e-03	-3.269712e-03	1.407268e-02	-1.734239e-02	1.570754e-02	-2.907982e-04	2.871578e-05	-2.103757e-05	1.819700e-05	-3.923456e-05
339           	1.805972e-02	8.739133e-03	9.320592e-03	-3.269718e-03	1.407253e-02	-1.734224e-02	1.570739e-02	-2.907295e-04	2.865206e-05	-2.110097e-05	1.810158e-05	-3.920255e-05
340           	1.805952e-02	8.739100e-03	9.320424e-03	-3.269723e-03	1.407237e-02	-1.734210e-02	1.570724e-02	-2.906621e-04	2.858980e-05	-2.116290e-05	1.800835e-05	-3.917125e-05
341           	1.805933e-02	8.739068e-03	9.320260e-03	-3.269729e-03	1.407223e-02	-1.734195e-02	1.570709e-02	-2.905960e-04	2.852894e-05	-2.122340e-05	1.791724e-05	-3.914065e-05
342           	1.805914e-02	8.739037e-03	9.320100e-03	-3.269734e-03	1.407208e-02	-1.734181e-02	1.570695e-02	-2.905312e-04	2.846946e-05	-2.128251e-05	1.782821e-05	-3.911072e-05
343           	1.805895e-02	8.739007e-03	9.319942e-03	-3.269739e-03	1.407194e-02	-1.734168e-02	1.570681e-02	-2.904677e-04	2.841131e-05	-2.134028e-05	1.774117e-05	-3.908145e-05
344           	1.805877e-02	8.738977e-03	9.319788e-03	-3.269744e-03	1.407180e-02	-1.734154e-02	1.570667e-02	-2.904054e-04	2.835445e-05	-2.139674e-05	1.765608e-05	-3.905281e-05
345           	1.805859e-02	8.738949e-03	9.319638e-03	-3.269750e-03	1.407166e-02	-1.734141e-02	1.570654e-02	-2.903444e-04	2.829886e-05	-2.145190e-05	1.757291e-05	-3.902482e-05
346           	1.805841e-02	8.738921e-03	9.319490e-03	-3.269755e-03	1.407153e-02	-1.734128e-02	1.570641e-02	-2.902846e-04	2.824455e-05	-2.150580e-05	1.749165e-05	-3.899744e-05
347           	1.805824e-02	8.738894e-03	9.319346e-03	-3.269760e-03	1.407140e-02	-1.734116e-02	1.570628e-02	-2.902260e-04	2.819148e-05	-2.155843e-05	1.741227e-05	-3.897070e-05
348           	1.805807e-02	8.738867e-03	9.319204e-03	-3.269765e-03	1.407127e-02	-1.734104e-02	1.570616e-02	-2.901686e-04	2.813966e-05	-2.160982e-05	1.733476e-05	-3.894457e-05
349           	1.805791e-02	8.738841e-03	9.319066e-03	-3.269769e-03	1.407115e-02	-1.734092e-02	1.570603e-02	-2.901124e-04	2.808906e-05	-2.165999e-05	1.725906e-05	-3.891905e-05
350           	1.805775e-02	8.738816e-03	9.318931e-03	-3.269774e-03	1.407103e-02	-1.734080e-02	1.570592e-02	-2.900573e-04	2.803963e-05	-2.170898e-05	1.718514e-05	-3.889412e-05
351           	1.805759e-02	8.738791e-03	9.318798e-03	-3.269779e-03	1.407091e-02	-1.734069e-02	1.570580e-02	-2.900033e-04	2.799138e-05	-2.175679e-05	1.711298e-05	-3.886978e-05
352           	1.805744e-02	8.738768e-03	9.318669e-03	-3.269784e-03	1.407079e-02	-1.734058e-02	1.570569e-02	-2.899505e-04	2.794427e-05	-2.180347e-05	1.704254e-05	-3.884600e-05
353           	1.805729e-02	8.738744e-03	9.318542e-03	-3.269788e-03	1.407068e-02	-1.734047e-02	1.570558e-02	-2.898987e-04	2.789827e-05	-2.184903e-05	1.697376e-05	-3.882278e-05
354           	1.805714e-02	8.738722e-03	9.318418e-03	-3.269793e-03	1.407057e-02	-1.734036e-02	1.570547e-02	-2.898480e-04	2.785335e-05	-2.189350e-05	1.690660e-05	-3.880010e-05
355           	1.805700e-02	8.738700e-03	9.318297e-03	-3.269797e-03	1.407046e-02	-1.734026e-02	1.570536e-02	-2.897983e-04	2.780947e-05	-2.193693e-05	1.684101e-05	-3.877794e-05
356           	1.805686e-02	8.738679e-03	9.318178e-03	-3.269802e-03	1.407036e-02	-1.734016e-02	1.570526e-02	-2.897496e-04	2.776660e-05	-2.197936e-05	1.677692e-05	-3.875628e-05
357           	1.805672e-02	8.738658e-03	9.318062e-03	-3.269806e-03	1.407026e-02	-1.734006e-02	1.570516e-02	-2.897019e-04	2.772471e-05	-2.202080e-05	1.671431e-05	-3.873511e-05
358           	1.805659e-02	8.738638e-03	9.317948e-03	-3.269811e-03	1.407016e-02	-1.733997e-02	1.570506e-02	-2.896552e-04	2.768379e-05	-2.206128e-05	1.665315e-05	-3.871443e-05
359           	1.805646e-02	8.738619e-03	9.317838e-03	-3.269815e-03	1.407006e-02	-1.733988e-02	1.570497e-02	-2.896093e-04	2.764381e-05	-2.210081e-05	1.659341e-05	-3.869422e-05
360           	1.805633e-02	8.738600e-03	9.317729e-03	-3.269819e-03	1.406997e-02	-1.733978e-02	1.570488e-02	-2.895644e-04	2.760476e-05	-2.213941e-05	1.653506e-05	-3.867447e-05
361           	1.805620e-02	8.738582e-03	9.317623e-03	-3.269823e-03	1.406987e-02	-1.733970e-02	1.570478e-02	-2.895205e-04	2.756663e-05	-2.217710e-05	1.647808e-05	-3.865518e-05
362           	1.805608e-02	8.738564e-03	9.317519e-03	-3.269827e-03	1.406978e-02	-1.733961e-02	1.570470e-02	-2.894773e-04	2.752939e-05	-2.221388e-05	1.642246e-05	-3.863633e-05
363           	1.805597e-02	8.738548e-03	9.317418e-03	-3.269831e-03	1.406970e-02	-1.733953e-02	1.570461e-02	-2.894351e-04	2.749303e-05	-2.224979e-05	1.636814e-05	-3.861792e-05
364           	1.805585e-02	8.738531e-03	9.317319e-03	-3.269835e-03	1.406961e-02	-1.733944e-02	1.570453e-02	-2.893937e-04	2.745752e-05	-2.228484e-05	1.631510e-05	-3.859994e-05
365           	1.805574e-02	8.738516e-03	9.317222e-03	-3.269839e-03	1.406953e-02	-1.733937e-02	1.570445e-02	-2.893531e-04	2.742284e-05	-2.231904e-05	1.626331e-05	-3.858236e-05
366           	1.805563e-02	8.738500e-03	9.317127e-03	-3.269843e-03	1.406944e-02	-1.733929e-02	1.570437e-02	-2.893133e-04	2.738896e-05	-2.235244e-05	1.621274e-05	-3.856518e-05
367           	1.805552e-02	8.738486e-03	9.317034e-03	-3.269847e-03	1.406937e-02	-1.733921e-02	1.570429e-02	-2.892743e-04	2.735586e-05	-2.238504e-05	1.616334e-05	-3.854839e-05
368           	1.805542e-02	8.738472e-03	9.316944e-03	-3.269850e-03	1.406929e-02	-1.733914e-02	1.570421e-02	-2.892360e-04	2.732352e-05	-2.241689e-05	1.611508e-05	-3.853197e-05
369           	1.805532e-02	8.738459e-03	9.316856e-03	-3.269854e-03	1.406921e-02	-1.733907e-02	1.570414e-02	-2.891982e-04	2.729077e-05	-2.244944e-05	1.606605e-05	-3.851549e-05
370           	1.805522e-02	8.738446e-03	9.316769e-03	-3.269858e-03	1.406914e-02	-1.733900e-02	1.570407e-02	-2.891614e-04	2.726013e-05	-2.247952e-05	1.602037e-05	-3.849989e-05
371           	1.805512e-02	8.738435e-03	9.316685e-03	-3.269862e-03	1.406907e-02	-1.733893e-02	1.570400e-02	-2.891250e-04	2.722910e-05	-2.251029e-05	1.597395e-05	-3.848424e-05
372           	1.805502e-02	8.738423e-03	9.316602e-03	-3.269865e-03	1.406900e-02	-1.733887e-02	1.570393e-02	-2.890898e-04	2.720037e-05	-2.253837e-05	1.593119e-05	-3.846955e-05
373           	1.805493e-02	8.738412e-03	9.316522e-03	-3.269868e-03	1.406893e-02	-1.733880e-02	1.570387e-02	-2.890550e-04	2.717115e-05	-2.256726e-05	1.588752e-05	-3.845478e-05
374           	1.805484e-02	8.738400e-03	9.316443e-03	-3.269871e-03	1.406887e-02	-1.733874e-02	1.570380e-02	-2.890212e-04	2.714415e-05	-2.259352e-05	1.584739e-05	-3.844091e-05
375           	1.805476e-02	8.738390e-03	9.316366e-03	-3.269875e-03	1.406880e-02	-1.733868e-02	1.570374e-02	-2.889878e-04	2.711646e-05	-2.262083e-05	1.580604e-05	-3.842687e-05
376           	1.805467e-02	8.738381e-03	9.316291e-03	-3.269878e-03	1.406874e-02	-1.733862e-02	1.570368e-02	-2.889549e-04	2.708940e-05	-2.264746e-05	1.576567e-05	-3.841313e-05
377           	1.805459e-02	8.738373e-03	9.316213e-03	-3.269880e-03	1.406868e-02	-1.733856e-02	1.570362e-02	-2.889198e-04	2.706100e-05	-2.267501e-05	1.572349e-05	-3.839851e-05
378           	1.805451e-02	8.738366e-03	9.316139e-03	-3.269883e-03	1.406862e-02	-1.733851e-02	1.570356e-02	-2.888864e-04	2.703322e-05	-2.270234e-05	1.568205e-05	-3.838439e-05
379           	1.805443e-02	8.738359e-03	9.316068e-03	-3.269886e-03	1.406857e-02	-1.733845e-02	1.570351e-02	-2.888545e-04	2.700705e-05	-2.272797e-05	1.564307e-05	-3.837104e-05
380           	1.805435e-02	8.738352e-03	9.316000e-03	-3.269890e-03	1.406851e-02	-1.733840e-02	1.570346e-02	-2.888240e-04	2.698237e-05	-2.275207e-05	1.560633e-05	-3.835840e-05
381           	1.805428e-02	8.738345e-03	9.315934e-03	-3.269893e-03	1.406846e-02	-1.733835e-02	1.570341e-02	-2.887946e-04	2.695892e-05	-2.277487e-05	1.557149e-05	-3.834635e-05
382           	1.805421e-02	8.738340e-03	9.315866e-03	-3.269895e-03	1.406841e-02	-1.733830e-02	1.570335e-02	-2.887631e-04	2.693336e-05	-2.279975e-05	1.553349e-05	-3.833324e-05
383           	1.805414e-02	8.738335e-03	9.315802e-03	-3.269898e-03	1.406836e-02	-1.733825e-02	1.570331e-02	-2.887333e-04	2.690961e-05	-2.282276e-05	1.549823e-05	-3.832099e-05
384           	1.805407e-02	8.738330e-03	9.315739e-03	-3.269901e-03	1.406831e-02	-1.733821e-02	1.570326e-02	-2.887049e-04	2.688743e-05	-2.284417e-05	1.546534e-05	-3.830951e-05
385           	1.805400e-02	8.738326e-03	9.315676e-03	-3.269903e-03	1.406826e-02	-1.733816e-02	1.570321e-02	-2.886748e-04	2.686340e-05	-2.286739e-05	1.542970e-05	-3.829709e-05
386           	1.805394e-02	8.738323e-03	9.315616e-03	-3.269906e-03	1.406821e-02	-1.733812e-02	1.570317e-02	-2.886465e-04	2.684135e-05	-2.288859e-05	1.539706e-05	-3.828565e-05
387           	1.805388e-02	8.738318e-03	9.315558e-03	-3.269909e-03	1.406817e-02	-1.733808e-02	1.570313e-02	-2.886200e-04	2.682097e-05	-2.290813e-05	1.536691e-05	-3.827504e-05
388           	1.805382e-02	8.738316e-03	9.315500e-03	-3.269912e-03	1.406813e-02	-1.733804e-02	1.570308e-02	-2.885916e-04	2.679876e-05	-2.292947e-05	1.533403e-05	-3.826350e-05
389           	1.805376e-02	8.738314e-03	9.315444e-03	-3.269915e-03	1.406809e-02	-1.733800e-02	1.570304e-02	-2.885653e-04	2.677848e-05	-2.294891e-05	1.530402e-05	-3.825294e-05
390           	1.805370e-02	8.738313e-03	9.315388e-03	-3.269917e-03	1.406805e-02	-1.733796e-02	1.570300e-02	-2.885374e-04	2.675665e-05	-2.296985e-05	1.527173e-05	-3.824158e-05
391           	1.805365e-02	8.738311e-03	9.315335e-03	-3.269920e-03	1.406801e-02	-1.733793e-02	1.570297e-02	-2.885118e-04	2.673707e-05	-2.298860e-05	1.524276e-05	-3.823137e-05
392           	1.805359e-02	8.738309e-03	9.315285e-03	-3.269923e-03	1.406797e-02	-1.733789e-02	1.570293e-02	-2.884881e-04	2.671929e-05	-2.300559e-05	1.521650e-05	-3.822209e-05
393           	1.805354e-02	8.738309e-03	9.315234e-03	-3.269925e-03	1.406794e-02	-1.733786e-02	1.570290e-02	-2.884626e-04	2.669981e-05	-2.302424e-05	1.518769e-05	-3.821192e-05
394           	1.805349e-02	8.738310e-03	9.315182e-03	-3.269927e-03	1.406790e-02	-1.733783e-02	1.570286e-02	-2.884361e-04	2.667915e-05	-2.304400e-05	1.515715e-05	-3.820115e-05
395           	1.805344e-02	8.738310e-03	9.315135e-03	-3.269930e-03	1.406787e-02	-1.733780e-02	1.570283e-02	-2.884121e-04	2.666110e-05	-2.306123e-05	1.513049e-05	-3.819172e-05
396           	1.805340e-02	8.738309e-03	9.315090e-03	-3.269933e-03	1.406784e-02	-1.733777e-02	1.570280e-02	-2.883903e-04	2.664518e-05	-2.307641e-05	1.510698e-05	-3.818339e-05
397           	1.805335e-02	8.738310e-03	9.315044e-03	-3.269935e-03	1.406781e-02	-1.733774e-02	1.570277e-02	-2.883669e-04	2.662777e-05	-2.309300e-05	1.508127e-05	-3.817428e-05
398           	1.805331e-02	8.738313e-03	9.314998e-03	-3.269937e-03	1.406778e-02	-1.733771e-02	1.570274e-02	-2.883425e-04	2.660930e-05	-2.311058e-05	1.505401e-05	-3.816459e-05
399           	1.805327e-02	8.738314e-03	9.314955e-03	-3.269940e-03	1.406775e-02	-1.733769e-02	1.570272e-02	-2.883206e-04	2.659340e-05	-2.312568e-05	1.503056e-05	-3.815625e-05
400           	1.805323e-02	8.738317e-03	9.314912e-03	-3.269942e-03	1.406772e-02	-1.733766e-02	1.570269e-02	-2.882977e-04	2.657648e-05	-2.314172e-05	1.500562e-05	-3.814734e-05
401           	1.805319e-02	8.738321e-03	9.314869e-03	-3.269944e-03	1.406769e-02	-1.733764e-02	1.570267e-02	-2.882742e-04	2.655894e-05	-2.315831e-05	1.497978e-05	-3.813809e-05
402           	1.805315e-02	8.738323e-03	9.314830e-03	-3.269947e-03	1.406767e-02	-1.733762e-02	1.570264e-02	-2.882536e-04	2.654433e-05	-2.317208e-05	1.495829e-05	-3.813037e-05
403           	1.805312e-02	8.738326e-03	9.314791e-03	-3.269949e-03	1.406765e-02	-1.733759e-02	1.570262e-02	-2.882322e-04	2.652887e-05	-2.318661e-05	1.493557e-05	-3.812218e-05
404           	1.805308e-02	8.738328e-03	9.314755e-03	-3.269952e-03	1.406762e-02	-1.733758e-02	1.570260e-02	-2.882134e-04	2.651597e-05	-2.319873e-05	1.491660e-05	-3.811533e-05
405           	1.805305e-02	8.738332e-03	9.314718e-03	-3.269954e-03	1.406760e-02	-1.733756e-02	1.570258e-02	-2.881933e-04	2.650182e-05	-2.321197e-05	1.489583e-05	-3.810780e-05
406           	1.805302e-02	8.738337e-03	9.314681e-03	-3.269956e-03	1.406758e-02	-1.733754e-02	1.570256e-02	-2.881723e-04	2.648671e-05	-2.322606e-05	1.487368e-05	-3.809974e-05
407           	1.805299e-02	8.738343e-03	9.314644e-03	-3.269958e-03	1.406756e-02	-1.733752e-02	1.570254e-02	-2.881507e-04	2.647105e-05	-2.324063e-05	1.485073e-05	-3.809136e-05
408           	1.805296e-02	8.738347e-03	9.314612e-03	-3.269961e-03	1.406754e-02	-1.733751e-02	1.570252e-02	-2.881322e-04	2.645837e-05	-2.325240e-05	1.483217e-05	-3.808457e-05
409           	1.805293e-02	8.738353e-03	9.314579e-03	-3.269963e-03	1.406753e-02	-1.733749e-02	1.570251e-02	-2.881129e-04	2.644490e-05	-2.326488e-05	1.481246e-05	-3.807734e-05
410           	1.805290e-02	8.738359e-03	9.314545e-03	-3.269965e-03	1.406751e-02	-1.733747e-02	1.570249e-02	-2.880930e-04	2.643086e-05	-2.327783e-05	1.479195e-05	-3.806978e-05
411           	1.805288e-02	8.738367e-03	9.314512e-03	-3.269967e-03	1.406749e-02	-1.733746e-02	1.570248e-02	-2.880728e-04	2.641655e-05	-2.329099e-05	1.477105e-05	-3.806204e-05
412           	1.805286e-02	8.738372e-03	9.314483e-03	-3.269970e-03	1.406748e-02	-1.733745e-02	1.570246e-02	-2.880558e-04	2.640537e-05	-2.330124e-05	1.475475e-05	-3.805599e-05
413           	1.805283e-02	8.738378e-03	9.314454e-03	-3.269972e-03	1.406747e-02	-1.733744e-02	1.570245e-02	-2.880380e-04	2.639341e-05	-2.331217e-05	1.473733e-05	-3.804950e-05
414           	1.805281e-02	8.738386e-03	9.314425e-03	-3.269974e-03	1.406745e-02	-1.733743e-02	1.570244e-02	-2.880196e-04	2.638080e-05	-2.332365e-05	1.471898e-05	-3.804262e-05
415           	1.805279e-02	8.738394e-03	9.314395e-03	-3.269976e-03	1.406744e-02	-1.733742e-02	1.570243e-02	-2.880006e-04	2.636776e-05	-2.333546e-05	1.470003e-05	-3.803549e-05
416           	1.805277e-02	8.738403e-03	9.314366e-03	-3.269977e-03	1.406743e-02	-1.733741e-02	1.570242e-02	-2.879815e-04	2.635455e-05	-2.334737e-05	1.468087e-05	-3.802824e-05
417           	1.805275e-02	8.738413e-03	9.314338e-03	-3.269979e-03	1.406742e-02	-1.733740e-02	1.570241e-02	-2.879624e-04	2.634146e-05	-2.335913e-05	1.466189e-05	-3.802102e-05
418           	1.805273e-02	8.738420e-03	9.314314e-03	-3.269983e-03	1.406741e-02	-1.733739e-02	1.570240e-02	-2.879471e-04	2.633186e-05	-2.336772e-05	1.464800e-05	-3.801572e-05
419           	1.805272e-02	8.738428e-03	9.314290e-03	-3.269985e-03	1.406740e-02	-1.733739e-02	1.570239e-02	-2.879311e-04	2.632175e-05	-2.337675e-05	1.463337e-05	-3.801012e-05
420           	1.805270e-02	8.738437e-03	9.314266e-03	-3.269987e-03	1.406739e-02	-1.733738e-02	1.570239e-02	-2.879147e-04	2.631117e-05	-2.338616e-05	1.461809e-05	-3.800425e-05
421           	1.805269e-02	8.738446e-03	9.314242e-03	-3.269988e-03	1.406739e-02	-1.733738e-02	1.570238e-02	-2.878979e-04	2.630026e-05	-2.339583e-05	1.460234e-05	-3.799817e-05
422           	1.805267e-02	8.738456e-03	9.314218e-03	-3.269990e-03	1.406738e-02	-1.733737e-02	1.570238e-02	-2.878809e-04	2.628921e-05	-2.340560e-05	1.458641e-05	-3.799200e-05
423           	1.805266e-02	8.738467e-03	9.314195e-03	-3.269992e-03	1.406737e-02	-1.733737e-02	1.570237e-02	-2.878640e-04	2.627821e-05	-2.341528e-05	1.457057e-05	-3.798585e-05
424           	1.805265e-02	8.738478e-03	9.314172e-03	-3.269994e-03	1.406737e-02	-1.733736e-02	1.570237e-02	-2.878473e-04	2.626745e-05	-2.342471e-05	1.455509e-05	-3.797981e-05
425           	1.805264e-02	8.738489e-03	9.314151e-03	-3.269996e-03	1.406737e-02	-1.733736e-02	1.570236e-02	-2.878309e-04	2.625708e-05	-2.343377e-05	1.454019e-05	-3.797396e-05
426           	1.805263e-02	8.738500e-03	9.314130e-03	-3.269997e-03	1.406736e-02	-1.733736e-02	1.570236e-02	-2.878150e-04	2.624718e-05	-2.344238e-05	1.452598e-05	-3.796837e-05
427           	1.805262e-02	8.738511e-03	9.314110e-03	-3.269999e-03	1.406736e-02	-1.733736e-02	1.570236e-02	-2.877997e-04	2.623779e-05	-2.345051e-05	1.451253e-05	-3.796304e-05
428           	1.805261e-02	8.738521e-03	9.314091e-03	-3.270001e-03	1.406736e-02	-1.733736e-02	1.570236e-02	-2.877848e-04	2.622890e-05	-2.345818e-05	1.449981e-05	-3.795799e-05
429           	1.805261e-02	8.738532e-03	9.314073e-03	-3.270003e-03	1.406736e-02	-1.733736e-02	1.570236e-02	-2.877704e-04	2.622049e-05	-2.346540e-05	1.448779e-05	-3.795319e-05
430           	1.805260e-02	8.738543e-03	9.314056e-03	-3.270005e-03	1.406735e-02	-1.733736e-02	1.570236e-02	-2.877564e-04	2.621250e-05	-2.347224e-05	1.447638e-05	-3.794862e-05
431           	1.805259e-02	8.738554e-03	9.314040e-03	-3.270007e-03	1.406735e-02	-1.733736e-02	1.570236e-02	-2.877429e-04	2.620485e-05	-2.347876e-05	1.446546e-05	-3.794423e-05
432           	1.805259e-02	8.738565e-03	9.314024e-03	-3.270009e-03	1.406736e-02	-1.733736e-02	1.570236e-02	-2.877296e-04	2.619748e-05	-2.348503e-05	1.445496e-05	-3.793999e-05
