# Force and moment coefficients
# dragDir     : (1.000000e+00 0.000000e+00 0.000000e+00)
# sideDir     : (0.000000e+00 1.000000e+00 0.000000e+00)
# liftDir     : (0.000000e+00 0.000000e+00 1.000000e+00)
# rollAxis    : (1.000000e+00 0.000000e+00 0.000000e+00)
# pitchAxis   : (0.000000e+00 1.000000e+00 0.000000e+00)
# yawAxis     : (0.000000e+00 0.000000e+00 1.000000e+00)
# magUInf     : 6.661800e+00
# lRef        : 1.499270e-01
# Aref        : 5.000000e-02
# CofR        : (0.000000e+00 0.000000e+00 0.000000e+00)
#
# Time        	Cd            	Cd(f)         	Cd(r)         	Cl            	Cl(f)         	Cl(r)         	CmPitch       	CmRoll        	CmYaw         	Cs            	Cs(f)         	Cs(r)         
1             	3.563174e-01	1.663845e-01	1.899329e-01	-3.479318e-02	3.187439e-01	-3.535371e-01	3.361405e-01	-1.177420e-02	1.075104e-02	8.465415e-03	1.498375e-02	-6.518337e-03
2             	2.747889e-01	1.274882e-01	1.473007e-01	-4.287390e-02	2.456342e-01	-2.885081e-01	2.670712e-01	-9.906265e-03	8.955731e-03	7.053873e-03	1.248267e-02	-5.428794e-03
3             	2.172976e-01	1.021213e-01	1.151763e-01	-4.166771e-02	1.927936e-01	-2.344613e-01	2.136274e-01	-6.527489e-03	5.782105e-03	4.542579e-03	8.053394e-03	-3.510816e-03
4             	1.708140e-01	8.275104e-02	8.806300e-02	-3.407197e-02	1.491072e-01	-1.831792e-01	1.661432e-01	-2.655984e-03	2.187453e-03	1.676016e-03	3.025461e-03	-1.349445e-03
5             	1.312084e-01	6.654797e-02	6.466047e-02	-2.321996e-02	1.114773e-01	-1.346972e-01	1.230873e-01	9.437487e-04	-1.119646e-03	-9.715904e-04	-1.605442e-03	6.338513e-04
6             	9.823488e-02	5.272989e-02	4.550498e-02	-1.197893e-02	8.021391e-02	-9.219284e-02	8.620337e-02	3.612455e-03	-3.532390e-03	-2.904699e-03	-4.984740e-03	2.080041e-03
7             	7.261878e-02	4.131906e-02	3.129972e-02	-2.471800e-03	5.629229e-02	-5.876409e-02	5.752819e-02	5.009671e-03	-4.746725e-03	-3.869417e-03	-6.681434e-03	2.812017e-03
8             	5.469484e-02	3.244597e-02	2.224887e-02	4.110188e-03	4.010966e-02	-3.599947e-02	3.805456e-02	5.098551e-03	-4.742286e-03	-3.844979e-03	-6.664776e-03	2.819797e-03
9             	4.394073e-02	2.609004e-02	1.785068e-02	7.468917e-03	3.109080e-02	-2.362189e-02	2.735635e-02	4.119682e-03	-3.758640e-03	-3.023924e-03	-5.270601e-03	2.246678e-03
10            	3.907557e-02	2.201405e-02	1.706151e-02	7.983663e-03	2.784881e-02	-1.986515e-02	2.385698e-02	2.476270e-03	-2.184266e-03	-1.722874e-03	-3.045703e-03	1.322829e-03
11            	3.836952e-02	1.982005e-02	1.854947e-02	6.442148e-03	2.853817e-02	-2.209602e-02	2.531709e-02	6.352891e-04	-4.616501e-04	-3.044786e-04	-6.138893e-04	3.094108e-04
12            	4.002237e-02	1.902419e-02	2.099818e-02	3.768171e-03	3.126865e-02	-2.750048e-02	2.938457e-02	-9.869965e-04	1.022065e-03	9.127034e-04	1.478416e-03	-5.657129e-04
13            	4.247721e-02	1.913540e-02	2.334180e-02	8.051013e-04	3.443983e-02	-3.363472e-02	3.403728e-02	-2.103199e-03	2.006216e-03	1.713907e-03	2.863169e-03	-1.149262e-03
14            	4.461123e-02	1.971978e-02	2.489145e-02	-1.819285e-03	3.693733e-02	-3.875662e-02	3.784697e-02	-2.585835e-03	2.383773e-03	2.011369e-03	3.389457e-03	-1.378088e-03
15            	4.579744e-02	2.043997e-02	2.535747e-02	-3.746429e-03	3.819044e-02	-4.193686e-02	4.006365e-02	-2.458752e-03	2.190600e-03	1.835568e-03	3.108384e-03	-1.272816e-03
16            	4.585441e-02	2.106264e-02	2.479177e-02	-4.870568e-03	3.810675e-02	-4.297732e-02	4.054204e-02	-1.864563e-03	1.572120e-03	1.307575e-03	2.225908e-03	-9.183325e-04
17            	4.492748e-02	2.145212e-02	2.347536e-02	-5.276916e-03	3.693345e-02	-4.221036e-02	3.957191e-02	-1.011617e-03	7.318777e-04	5.966235e-04	1.030189e-03	-4.335659e-04
18            	4.334519e-02	2.155348e-02	2.179171e-02	-5.162198e-03	3.509464e-02	-4.025684e-02	3.767574e-02	-1.191164e-04	-1.214368e-04	-1.237854e-04	-1.833295e-04	5.954407e-05
19            	4.148249e-02	2.136736e-02	2.011512e-02	-4.756678e-03	3.303925e-02	-3.779593e-02	3.541759e-02	6.261186e-04	-8.146439e-04	-7.096468e-04	-1.169467e-03	4.598205e-04
20            	3.965708e-02	2.093534e-02	1.872174e-02	-4.263590e-03	3.112796e-02	-3.539155e-02	3.325976e-02	1.106797e-03	-1.244110e-03	-1.073825e-03	-1.781023e-03	7.071972e-04
21            	3.807605e-02	2.031855e-02	1.775749e-02	-3.825777e-03	2.957940e-02	-3.340518e-02	3.149229e-02	1.280529e-03	-1.378577e-03	-1.189409e-03	-1.973281e-03	7.838727e-04
22            	3.682349e-02	1.958685e-02	1.723664e-02	-3.515860e-03	2.846253e-02	-3.197839e-02	3.022046e-02	1.175103e-03	-1.253087e-03	-1.084504e-03	-1.795338e-03	7.108348e-04
23            	3.588045e-02	1.880729e-02	1.707316e-02	-3.344779e-03	2.772554e-02	-3.107032e-02	2.939793e-02	8.670626e-04	-9.467103e-04	-8.243947e-04	-1.358908e-03	5.345129e-04
24            	3.516334e-02	1.804129e-02	1.712205e-02	-3.281926e-03	2.724467e-02	-3.052660e-02	2.888563e-02	4.596198e-04	-5.609228e-04	-4.934372e-04	-8.076414e-04	3.142042e-04
25            	3.456822e-02	1.734226e-02	1.722596e-02	-3.279472e-03	2.687866e-02	-3.015814e-02	2.851840e-02	5.815152e-05	-1.960025e-04	-1.753780e-04	-2.836915e-04	1.083135e-04
26            	3.400447e-02	1.674499e-02	1.725948e-02	-3.291558e-03	2.650916e-02	-2.980071e-02	2.815494e-02	-2.572434e-04	7.515167e-05	6.733452e-05	1.088189e-04	-4.148441e-05
27            	3.341489e-02	1.626957e-02	1.714532e-02	-3.286633e-03	2.606398e-02	-2.935062e-02	2.770730e-02	-4.378787e-04	2.112571e-04	1.981442e-04	3.103292e-04	-1.121850e-04
28            	3.278255e-02	1.592061e-02	1.686194e-02	-3.252639e-03	2.552428e-02	-2.877692e-02	2.715060e-02	-4.706641e-04	2.055498e-04	2.090426e-04	3.100711e-04	-1.010285e-04
29            	3.212530e-02	1.568898e-02	1.643632e-02	-3.195334e-03	2.491657e-02	-2.811190e-02	2.651423e-02	-3.736695e-04	8.044628e-05	1.165543e-04	1.387234e-04	-2.216915e-05
30            	3.148249e-02	1.555399e-02	1.592850e-02	-3.132191e-03	2.429540e-02	-2.742759e-02	2.586150e-02	-1.872570e-04	-1.217500e-04	-4.574211e-05	-1.446210e-04	9.887893e-05
31            	3.089729e-02	1.548686e-02	1.541043e-02	-3.083519e-03	2.372053e-02	-2.680405e-02	2.526229e-02	3.821618e-05	-3.510850e-04	-2.370740e-04	-4.696220e-04	2.325480e-04
32            	3.040226e-02	1.545712e-02	1.494514e-02	-3.065150e-03	2.323869e-02	-2.630384e-02	2.477127e-02	2.559921e-04	-5.631842e-04	-4.200386e-04	-7.732035e-04	3.531648e-04
33            	3.001229e-02	1.543604e-02	1.457625e-02	-3.084640e-03	2.287421e-02	-2.595885e-02	2.441653e-02	4.298976e-04	-7.254105e-04	-5.660877e-04	-1.008454e-03	4.423667e-04
34            	2.972199e-02	1.540022e-02	1.432177e-02	-3.139765e-03	2.262546e-02	-2.576522e-02	2.419534e-02	5.392257e-04	-8.209391e-04	-6.591748e-04	-1.150526e-03	4.913516e-04
35            	2.950874e-02	1.533388e-02	1.417486e-02	-3.219887e-03	2.246834e-02	-2.568823e-02	2.407828e-02	5.795096e-04	-8.487936e-04	-6.961732e-04	-1.196880e-03	5.007070e-04
36            	2.933952e-02	1.522995e-02	1.410958e-02	-3.309376e-03	2.236463e-02	-2.567401e-02	2.401932e-02	5.601853e-04	-8.209956e-04	-6.849141e-04	-1.163453e-03	4.785386e-04
37            	2.917915e-02	1.508924e-02	1.408991e-02	-3.391649e-03	2.227211e-02	-2.566376e-02	2.396793e-02	4.996610e-04	-7.572694e-04	-6.401416e-04	-1.077340e-03	4.371986e-04
38            	2.899802e-02	1.491911e-02	1.407891e-02	-3.453072e-03	2.215435e-02	-2.560742e-02	2.388089e-02	4.200976e-04	-6.798705e-04	-5.794483e-04	-9.695947e-04	3.901464e-04
39            	2.877759e-02	1.473106e-02	1.404653e-02	-3.485670e-03	2.198780e-02	-2.547347e-02	2.373064e-02	3.422647e-04	-6.086569e-04	-5.192946e-04	-8.683042e-04	3.490096e-04
40            	2.851237e-02	1.453787e-02	1.397450e-02	-3.488081e-03	2.176457e-02	-2.525265e-02	2.350861e-02	2.816810e-04	-5.575130e-04	-4.719705e-04	-7.934982e-04	3.215277e-04
41            	2.820895e-02	1.435127e-02	1.385769e-02	-3.464973e-03	2.149154e-02	-2.495652e-02	2.322403e-02	2.467888e-04	-5.329665e-04	-4.442352e-04	-7.550840e-04	3.108489e-04
42            	2.788262e-02	1.418015e-02	1.370247e-02	-3.425242e-03	2.118649e-02	-2.461174e-02	2.289912e-02	2.388378e-04	-5.344351e-04	-4.372241e-04	-7.530471e-04	3.158231e-04
43            	2.755280e-02	1.402964e-02	1.352315e-02	-3.379635e-03	2.087263e-02	-2.425226e-02	2.256245e-02	2.532460e-04	-5.559207e-04	-4.475420e-04	-7.796917e-04	3.321497e-04
44            	2.723836e-02	1.390100e-02	1.333736e-02	-3.338326e-03	2.057288e-02	-2.391121e-02	2.224204e-02	2.818229e-04	-5.884101e-04	-4.689804e-04	-8.229003e-04	3.539199e-04
45            	2.695386e-02	1.379218e-02	1.316168e-02	-3.309001e-03	2.030524e-02	-2.361424e-02	2.195974e-02	3.152487e-04	-6.224079e-04	-4.944309e-04	-8.696233e-04	3.751924e-04
46            	2.670724e-02	1.369884e-02	1.300840e-02	-3.295742e-03	2.007987e-02	-2.337562e-02	2.172775e-02	3.452192e-04	-6.500094e-04	-5.175349e-04	-9.087768e-04	3.912419e-04
47            	2.649930e-02	1.361557e-02	1.288373e-02	-3.298812e-03	1.989832e-02	-2.319713e-02	2.154772e-02	3.659227e-04	-6.662168e-04	-5.338155e-04	-9.331246e-04	3.993091e-04
48            	2.632467e-02	1.353706e-02	1.278761e-02	-3.315257e-03	1.975459e-02	-2.306985e-02	2.141222e-02	3.747263e-04	-6.694287e-04	-5.412159e-04	-9.400367e-04	3.988208e-04
49            	2.617382e-02	1.345898e-02	1.271484e-02	-3.340016e-03	1.963755e-02	-2.297757e-02	2.130756e-02	3.720674e-04	-6.611183e-04	-5.400118e-04	-9.311242e-04	3.911124e-04
50            	2.603560e-02	1.337852e-02	1.265708e-02	-3.367263e-03	1.953393e-02	-2.290119e-02	2.121756e-02	3.607162e-04	-6.449120e-04	-5.322435e-04	-9.110338e-04	3.787902e-04
51            	2.589958e-02	1.329451e-02	1.260507e-02	-3.391672e-03	1.943120e-02	-2.282287e-02	2.112703e-02	3.447212e-04	-6.254224e-04	-5.209215e-04	-8.858832e-04	3.649617e-04
52            	2.575792e-02	1.320727e-02	1.255065e-02	-3.409368e-03	1.931987e-02	-2.272923e-02	2.102455e-02	3.283080e-04	-6.071019e-04	-5.091960e-04	-8.616999e-04	3.525039e-04
53            	2.560637e-02	1.311814e-02	1.248824e-02	-3.418427e-03	1.919474e-02	-2.261317e-02	2.090395e-02	3.149493e-04	-5.933281e-04	-4.996515e-04	-8.431538e-04	3.435024e-04
54            	2.544442e-02	1.302899e-02	1.241543e-02	-3.418910e-03	1.905513e-02	-2.247404e-02	2.076459e-02	3.067782e-04	-5.858907e-04	-4.938676e-04	-8.328245e-04	3.389569e-04
55            	2.527467e-02	1.294173e-02	1.233293e-02	-3.412514e-03	1.890415e-02	-2.231666e-02	2.061041e-02	3.044002e-04	-5.849046e-04	-4.922790e-04	-8.310441e-04	3.387651e-04
56            	2.510173e-02	1.285790e-02	1.224383e-02	-3.401958e-03	1.874740e-02	-2.214936e-02	2.044838e-02	3.070378e-04	-5.890641e-04	-4.942811e-04	-8.362047e-04	3.419236e-04
57            	2.493097e-02	1.277842e-02	1.215255e-02	-3.390295e-03	1.859144e-02	-2.198173e-02	2.028659e-02	3.129331e-04	-5.961516e-04	-4.985426e-04	-8.454229e-04	3.468803e-04
58            	2.476729e-02	1.270355e-02	1.206374e-02	-3.380272e-03	1.844231e-02	-2.182258e-02	2.013244e-02	3.199092e-04	-6.036690e-04	-5.034295e-04	-8.553837e-04	3.519542e-04
59            	2.461425e-02	1.263299e-02	1.198126e-02	-3.373868e-03	1.830445e-02	-2.167831e-02	1.999138e-02	3.258645e-04	-6.093678e-04	-5.073760e-04	-8.630558e-04	3.556798e-04
60            	2.447359e-02	1.256600e-02	1.190759e-02	-3.372053e-03	1.818010e-02	-2.155216e-02	1.986613e-02	3.292085e-04	-6.116874e-04	-5.092154e-04	-8.662951e-04	3.570797e-04
61            	2.434519e-02	1.250171e-02	1.184348e-02	-3.374784e-03	1.806928e-02	-2.144406e-02	1.975667e-02	3.291155e-04	-6.099797e-04	-5.083704e-04	-8.641649e-04	3.557945e-04
62            	2.422737e-02	1.243923e-02	1.178814e-02	-3.381192e-03	1.797008e-02	-2.135127e-02	1.966067e-02	3.255435e-04	-6.044728e-04	-5.048596e-04	-8.569026e-04	3.520430e-04
63            	2.411748e-02	1.237789e-02	1.173959e-02	-3.389883e-03	1.787939e-02	-2.126928e-02	1.957433e-02	3.191504e-04	-5.961284e-04	-4.992339e-04	-8.457453e-04	3.465114e-04
64            	2.401250e-02	1.231729e-02	1.169522e-02	-3.399287e-03	1.779365e-02	-2.119294e-02	1.949329e-02	3.110361e-04	-5.863203e-04	-4.923696e-04	-8.325051e-04	3.401356e-04
65            	2.390964e-02	1.225730e-02	1.165234e-02	-3.407975e-03	1.770954e-02	-2.111751e-02	1.941352e-02	3.024823e-04	-5.765344e-04	-4.852739e-04	-8.191713e-04	3.338975e-04
66            	2.380678e-02	1.219807e-02	1.160872e-02	-3.414895e-03	1.762454e-02	-2.103943e-02	1.933199e-02	2.946762e-04	-5.680640e-04	-4.788726e-04	-8.075003e-04	3.286277e-04
67            	2.370272e-02	1.213985e-02	1.156287e-02	-3.419488e-03	1.753722e-02	-2.095671e-02	1.924697e-02	2.884934e-04	-5.617831e-04	-4.738393e-04	-7.987027e-04	3.248635e-04
68            	2.359719e-02	1.208299e-02	1.151421e-02	-3.421705e-03	1.744728e-02	-2.086898e-02	1.915813e-02	2.843890e-04	-5.580515e-04	-4.705154e-04	-7.933092e-04	3.227939e-04
69            	2.349073e-02	1.202773e-02	1.146300e-02	-3.421914e-03	1.735535e-02	-2.077727e-02	1.906631e-02	2.823651e-04	-5.567068e-04	-4.688839e-04	-7.911488e-04	3.222648e-04
70            	2.338438e-02	1.197423e-02	1.141015e-02	-3.420760e-03	1.726271e-02	-2.068347e-02	1.897309e-02	2.820372e-04	-5.571658e-04	-4.686241e-04	-7.914779e-04	3.228537e-04
71            	2.327942e-02	1.192247e-02	1.135696e-02	-3.418995e-03	1.717089e-02	-2.058988e-02	1.888039e-02	2.827551e-04	-5.585797e-04	-4.692057e-04	-7.931826e-04	3.239769e-04
72            	2.317707e-02	1.187228e-02	1.130479e-02	-3.417327e-03	1.708134e-02	-2.049867e-02	1.879001e-02	2.837424e-04	-5.600013e-04	-4.699953e-04	-7.949990e-04	3.250036e-04
73            	2.307827e-02	1.182340e-02	1.125487e-02	-3.416297e-03	1.699519e-02	-2.041148e-02	1.870334e-02	2.842637e-04	-5.605795e-04	-4.703945e-04	-7.957767e-04	3.253822e-04
74            	2.298353e-02	1.177550e-02	1.120803e-02	-3.416218e-03	1.691305e-02	-2.032927e-02	1.862116e-02	2.837354e-04	-5.596789e-04	-4.699248e-04	-7.946413e-04	3.247165e-04
75            	2.289294e-02	1.172827e-02	1.116467e-02	-3.417166e-03	1.683503e-02	-2.025220e-02	1.854362e-02	2.817955e-04	-5.569502e-04	-4.682854e-04	-7.910930e-04	3.228075e-04
76            	2.280622e-02	1.168144e-02	1.112478e-02	-3.419008e-03	1.676081e-02	-2.017982e-02	1.847031e-02	2.783277e-04	-5.523440e-04	-4.653721e-04	-7.850301e-04	3.196580e-04
77            	2.272282e-02	1.163486e-02	1.108796e-02	-3.421470e-03	1.668973e-02	-2.011120e-02	1.840047e-02	2.734489e-04	-5.460831e-04	-4.612701e-04	-7.767182e-04	3.154481e-04
78            	2.264205e-02	1.158849e-02	1.105356e-02	-3.424214e-03	1.662103e-02	-2.004525e-02	1.833314e-02	2.674614e-04	-5.385947e-04	-4.562169e-04	-7.667031e-04	3.104862e-04
79            	2.256325e-02	1.154241e-02	1.102085e-02	-3.426910e-03	1.655396e-02	-1.998087e-02	1.826741e-02	2.607791e-04	-5.304180e-04	-4.505456e-04	-7.556908e-04	3.051451e-04
80            	2.248589e-02	1.149679e-02	1.098910e-02	-3.429296e-03	1.648790e-02	-1.991720e-02	1.820255e-02	2.538448e-04	-5.221041e-04	-4.446173e-04	-7.444128e-04	2.997955e-04
81            	2.240960e-02	1.145188e-02	1.095772e-02	-3.431215e-03	1.642251e-02	-1.985373e-02	1.813812e-02	2.470782e-04	-5.141556e-04	-4.387858e-04	-7.335485e-04	2.947627e-04
82            	2.233423e-02	1.140792e-02	1.092631e-02	-3.432620e-03	1.635766e-02	-1.979028e-02	1.807397e-02	2.408041e-04	-5.069434e-04	-4.333299e-04	-7.236083e-04	2.902784e-04
83            	2.225982e-02	1.136514e-02	1.089468e-02	-3.433562e-03	1.629342e-02	-1.972698e-02	1.801020e-02	2.352305e-04	-5.006861e-04	-4.284366e-04	-7.149044e-04	2.864678e-04
84            	2.218653e-02	1.132371e-02	1.086283e-02	-3.434163e-03	1.623005e-02	-1.966421e-02	1.794713e-02	2.304411e-04	-4.954465e-04	-4.241922e-04	-7.075426e-04	2.833504e-04
85            	2.211463e-02	1.128371e-02	1.083091e-02	-3.434579e-03	1.616785e-02	-1.960243e-02	1.788514e-02	2.264006e-04	-4.911436e-04	-4.205835e-04	-7.014353e-04	2.808518e-04
86            	2.204433e-02	1.124515e-02	1.079918e-02	-3.434969e-03	1.610712e-02	-1.954209e-02	1.782461e-02	2.229886e-04	-4.875957e-04	-4.175235e-04	-6.963575e-04	2.788339e-04
87            	2.197585e-02	1.120795e-02	1.076790e-02	-3.435466e-03	1.604811e-02	-1.948357e-02	1.776584e-02	2.200281e-04	-4.845584e-04	-4.148743e-04	-6.919956e-04	2.771213e-04
88            	2.190930e-02	1.117197e-02	1.073733e-02	-3.436155e-03	1.599093e-02	-1.942708e-02	1.770900e-02	2.173176e-04	-4.817656e-04	-4.124723e-04	-6.880018e-04	2.755295e-04
89            	2.184472e-02	1.113702e-02	1.070770e-02	-3.437070e-03	1.593560e-02	-1.937267e-02	1.765413e-02	2.146605e-04	-4.789660e-04	-4.101527e-04	-6.840424e-04	2.738897e-04
90            	2.178203e-02	1.110290e-02	1.067913e-02	-3.438197e-03	1.588203e-02	-1.932022e-02	1.760112e-02	2.118860e-04	-4.759493e-04	-4.077686e-04	-6.798336e-04	2.720650e-04
91            	2.172110e-02	1.106941e-02	1.065170e-02	-3.439482e-03	1.583004e-02	-1.926952e-02	1.754978e-02	2.088543e-04	-4.725503e-04	-4.051927e-04	-6.751467e-04	2.699539e-04
92            	2.166178e-02	1.103639e-02	1.062539e-02	-3.440856e-03	1.577944e-02	-1.922030e-02	1.749987e-02	2.054969e-04	-4.686964e-04	-4.023619e-04	-6.698774e-04	2.675155e-04
93            	2.160387e-02	1.100371e-02	1.060016e-02	-3.442239e-03	1.573001e-02	-1.917225e-02	1.745113e-02	2.017765e-04	-4.643574e-04	-3.992357e-04	-6.639753e-04	2.647396e-04
94            	2.154723e-02	1.097131e-02	1.057592e-02	-3.443563e-03	1.568157e-02	-1.912513e-02	1.740335e-02	1.976987e-04	-4.595564e-04	-3.958107e-04	-6.574618e-04	2.616510e-04
95            	2.149172e-02	1.093916e-02	1.055256e-02	-3.444778e-03	1.563399e-02	-1.907877e-02	1.735638e-02	1.933024e-04	-4.543563e-04	-3.921129e-04	-6.504128e-04	2.582998e-04
96            	2.143727e-02	1.090728e-02	1.052999e-02	-3.445858e-03	1.558718e-02	-1.903304e-02	1.731011e-02	1.886474e-04	-4.488433e-04	-3.881878e-04	-6.429372e-04	2.547494e-04
97            	2.138383e-02	1.087572e-02	1.050811e-02	-3.446802e-03	1.554115e-02	-1.898795e-02	1.726455e-02	1.838053e-04	-4.431150e-04	-3.840930e-04	-6.351615e-04	2.510685e-04
98            	2.133142e-02	1.084456e-02	1.048686e-02	-3.447627e-03	1.549591e-02	-1.894354e-02	1.721973e-02	1.788498e-04	-4.372680e-04	-3.798902e-04	-6.272131e-04	2.473229e-04
99            	2.128005e-02	1.081388e-02	1.046618e-02	-3.448366e-03	1.545153e-02	-1.889990e-02	1.717572e-02	1.738510e-04	-4.313903e-04	-3.756397e-04	-6.192101e-04	2.435704e-04
100           	2.122978e-02	1.078376e-02	1.044602e-02	-3.449058e-03	1.540809e-02	-1.885715e-02	1.713262e-02	1.688693e-04	-4.255545e-04	-3.713941e-04	-6.112515e-04	2.398574e-04
101           	2.118064e-02	1.075427e-02	1.042637e-02	-3.449738e-03	1.536564e-02	-1.881538e-02	1.709051e-02	1.639528e-04	-4.198150e-04	-3.671962e-04	-6.034131e-04	2.362170e-04
102           	2.113266e-02	1.072547e-02	1.040720e-02	-3.450437e-03	1.532424e-02	-1.877467e-02	1.704945e-02	1.591346e-04	-4.142057e-04	-3.630742e-04	-5.957428e-04	2.326686e-04
103           	2.108586e-02	1.069737e-02	1.038849e-02	-3.451176e-03	1.528390e-02	-1.873508e-02	1.700949e-02	1.544386e-04	-4.087501e-04	-3.590520e-04	-5.882761e-04	2.292240e-04
104           	2.104024e-02	1.066999e-02	1.037024e-02	-3.451964e-03	1.524463e-02	-1.869660e-02	1.697061e-02	1.498753e-04	-4.034541e-04	-3.551392e-04	-5.810237e-04	2.258845e-04
105           	2.099576e-02	1.064333e-02	1.035244e-02	-3.452799e-03	1.520640e-02	-1.865920e-02	1.693280e-02	1.454451e-04	-3.983120e-04	-3.513361e-04	-5.739801e-04	2.226439e-04
106           	2.095239e-02	1.061734e-02	1.033505e-02	-3.453672e-03	1.516915e-02	-1.862283e-02	1.689599e-02	1.411426e-04	-3.933110e-04	-3.476367e-04	-5.671293e-04	2.194926e-04
107           	2.091008e-02	1.059200e-02	1.031808e-02	-3.454568e-03	1.513284e-02	-1.858741e-02	1.686012e-02	1.369577e-04	-3.884341e-04	-3.440313e-04	-5.604497e-04	2.164185e-04
108           	2.086879e-02	1.056727e-02	1.030151e-02	-3.455472e-03	1.509739e-02	-1.855286e-02	1.682513e-02	1.328792e-04	-3.836640e-04	-3.405083e-04	-5.539182e-04	2.134098e-04
109           	2.082845e-02	1.054312e-02	1.028533e-02	-3.456368e-03	1.506275e-02	-1.851912e-02	1.679094e-02	1.288958e-04	-3.789851e-04	-3.370572e-04	-5.475137e-04	2.104565e-04
110           	2.078903e-02	1.051951e-02	1.026952e-02	-3.457243e-03	1.502888e-02	-1.848612e-02	1.675750e-02	1.249960e-04	-3.743821e-04	-3.336662e-04	-5.412152e-04	2.075489e-04
111           	2.075049e-02	1.049641e-02	1.025407e-02	-3.458089e-03	1.499573e-02	-1.845382e-02	1.672477e-02	1.211700e-04	-3.698439e-04	-3.303265e-04	-5.350072e-04	2.046807e-04
112           	2.071280e-02	1.047381e-02	1.023899e-02	-3.458902e-03	1.496328e-02	-1.842218e-02	1.669273e-02	1.174097e-04	-3.653629e-04	-3.270307e-04	-5.288782e-04	2.018475e-04
113           	2.067595e-02	1.045168e-02	1.022427e-02	-3.459682e-03	1.493152e-02	-1.839120e-02	1.666136e-02	1.137037e-04	-3.609294e-04	-3.237697e-04	-5.228143e-04	1.990446e-04
114           	2.063992e-02	1.043001e-02	1.020991e-02	-3.460431e-03	1.490043e-02	-1.836086e-02	1.663065e-02	1.100502e-04	-3.565434e-04	-3.205405e-04	-5.168136e-04	1.962731e-04
115           	2.060470e-02	1.040881e-02	1.019589e-02	-3.461156e-03	1.487002e-02	-1.833118e-02	1.660060e-02	1.064611e-04	-3.522238e-04	-3.173566e-04	-5.109021e-04	1.935454e-04
116           	2.057028e-02	1.038809e-02	1.018219e-02	-3.461861e-03	1.484028e-02	-1.830214e-02	1.657121e-02	1.029475e-04	-3.479873e-04	-3.142293e-04	-5.051019e-04	1.908727e-04
117           	2.053664e-02	1.036784e-02	1.016880e-02	-3.462552e-03	1.481121e-02	-1.827376e-02	1.654248e-02	9.952118e-05	-3.438501e-04	-3.111692e-04	-4.994347e-04	1.882655e-04
118           	2.050379e-02	1.034809e-02	1.015570e-02	-3.463235e-03	1.478280e-02	-1.824603e-02	1.651442e-02	9.619242e-05	-3.398254e-04	-3.081855e-04	-4.939182e-04	1.857327e-04
119           	2.047171e-02	1.032882e-02	1.014288e-02	-3.463911e-03	1.475505e-02	-1.821896e-02	1.648701e-02	9.297019e-05	-3.359245e-04	-3.052858e-04	-4.885674e-04	1.832816e-04
120           	2.044038e-02	1.031005e-02	1.013033e-02	-3.464582e-03	1.472795e-02	-1.819253e-02	1.646024e-02	8.986068e-05	-3.321551e-04	-3.024757e-04	-4.833930e-04	1.809173e-04
121           	2.040979e-02	1.029177e-02	1.011803e-02	-3.465250e-03	1.470148e-02	-1.816673e-02	1.643411e-02	8.686902e-05	-3.285240e-04	-2.997603e-04	-4.784041e-04	1.786439e-04
122           	2.037993e-02	1.027396e-02	1.010597e-02	-3.465911e-03	1.467563e-02	-1.814154e-02	1.640859e-02	8.399936e-05	-3.250364e-04	-2.971437e-04	-4.736082e-04	1.764645e-04
123           	2.035078e-02	1.025664e-02	1.009414e-02	-3.466565e-03	1.465038e-02	-1.811695e-02	1.638366e-02	8.125185e-05	-3.216924e-04	-2.946267e-04	-4.690058e-04	1.743790e-04
124           	2.032231e-02	1.023978e-02	1.008253e-02	-3.467210e-03	1.462572e-02	-1.809293e-02	1.635932e-02	7.862283e-05	-3.184875e-04	-2.922061e-04	-4.645906e-04	1.723845e-04
125           	2.029451e-02	1.022336e-02	1.007115e-02	-3.467843e-03	1.460162e-02	-1.806946e-02	1.633554e-02	7.610472e-05	-3.154112e-04	-2.898737e-04	-4.603481e-04	1.704744e-04
126           	2.026737e-02	1.020738e-02	1.005998e-02	-3.468463e-03	1.457807e-02	-1.804653e-02	1.631230e-02	7.370045e-05	-3.124676e-04	-2.876352e-04	-4.562852e-04	1.686500e-04
127           	2.024086e-02	1.019184e-02	1.004902e-02	-3.469069e-03	1.455505e-02	-1.802412e-02	1.628959e-02	7.140812e-05	-3.096537e-04	-2.854898e-04	-4.523986e-04	1.669088e-04
128           	2.021498e-02	1.017672e-02	1.003826e-02	-3.469661e-03	1.453256e-02	-1.800222e-02	1.626739e-02	6.922573e-05	-3.069663e-04	-2.834359e-04	-4.486843e-04	1.652484e-04
129           	2.018971e-02	1.016200e-02	1.002770e-02	-3.470238e-03	1.451058e-02	-1.798082e-02	1.624570e-02	6.714937e-05	-3.044002e-04	-2.814701e-04	-4.451352e-04	1.636651e-04
130           	2.016503e-02	1.014769e-02	1.001734e-02	-3.470800e-03	1.448910e-02	-1.795990e-02	1.622450e-02	6.517478e-05	-3.019500e-04	-2.795890e-04	-4.417445e-04	1.621555e-04
131           	2.014093e-02	1.013376e-02	1.000717e-02	-3.471348e-03	1.446810e-02	-1.793945e-02	1.620378e-02	6.329722e-05	-2.996102e-04	-2.777889e-04	-4.385047e-04	1.607158e-04
132           	2.011741e-02	1.012021e-02	9.997190e-03	-3.471882e-03	1.444759e-02	-1.791947e-02	1.618353e-02	6.151221e-05	-2.973763e-04	-2.760666e-04	-4.354097e-04	1.593430e-04
133           	2.009443e-02	1.010702e-02	9.987406e-03	-3.472400e-03	1.442753e-02	-1.789993e-02	1.616373e-02	5.980943e-05	-2.952388e-04	-2.744134e-04	-4.324455e-04	1.580321e-04
134           	2.007200e-02	1.009419e-02	9.977809e-03	-3.472906e-03	1.440794e-02	-1.788084e-02	1.614439e-02	5.819227e-05	-2.932017e-04	-2.728346e-04	-4.296190e-04	1.567844e-04
135           	2.005011e-02	1.008171e-02	9.968402e-03	-3.473401e-03	1.438880e-02	-1.786220e-02	1.612550e-02	5.665174e-05	-2.912556e-04	-2.713235e-04	-4.269173e-04	1.555938e-04
136           	2.002874e-02	1.006955e-02	9.959186e-03	-3.473884e-03	1.437009e-02	-1.784398e-02	1.610704e-02	5.518312e-05	-2.893947e-04	-2.698758e-04	-4.243326e-04	1.544568e-04
137           	2.000788e-02	1.005772e-02	9.950158e-03	-3.474356e-03	1.435182e-02	-1.782618e-02	1.608900e-02	5.378100e-05	-2.876132e-04	-2.684871e-04	-4.218567e-04	1.533696e-04
138           	1.998752e-02	1.004620e-02	9.941316e-03	-3.474816e-03	1.433398e-02	-1.780879e-02	1.607138e-02	5.244155e-05	-2.859063e-04	-2.671542e-04	-4.194834e-04	1.523292e-04
139           	1.996764e-02	1.003498e-02	9.932658e-03	-3.475265e-03	1.431654e-02	-1.779180e-02	1.605417e-02	5.116214e-05	-2.842707e-04	-2.658742e-04	-4.172079e-04	1.513336e-04
140           	1.994824e-02	1.002406e-02	9.924181e-03	-3.475701e-03	1.429950e-02	-1.777521e-02	1.603736e-02	4.994013e-05	-2.827026e-04	-2.646443e-04	-4.150248e-04	1.503805e-04
141           	1.992931e-02	1.001343e-02	9.915882e-03	-3.476125e-03	1.428286e-02	-1.775899e-02	1.602093e-02	4.877157e-05	-2.811961e-04	-2.634600e-04	-4.129261e-04	1.494662e-04
142           	1.991082e-02	1.000306e-02	9.907766e-03	-3.476536e-03	1.426660e-02	-1.774314e-02	1.600487e-02	4.764531e-05	-2.797357e-04	-2.623082e-04	-4.108899e-04	1.485816e-04
143           	1.989278e-02	9.992960e-03	9.899825e-03	-3.476936e-03	1.425072e-02	-1.772765e-02	1.598918e-02	4.656722e-05	-2.783294e-04	-2.611975e-04	-4.089282e-04	1.477307e-04
144           	1.987518e-02	9.983123e-03	9.892058e-03	-3.477324e-03	1.423520e-02	-1.771253e-02	1.597386e-02	4.553239e-05	-2.769714e-04	-2.601236e-04	-4.070332e-04	1.469095e-04
145           	1.985800e-02	9.973536e-03	9.884468e-03	-3.477702e-03	1.422005e-02	-1.769775e-02	1.595890e-02	4.453404e-05	-2.756536e-04	-2.590811e-04	-4.051942e-04	1.461131e-04
146           	1.984124e-02	9.964188e-03	9.877055e-03	-3.478068e-03	1.420525e-02	-1.768332e-02	1.594428e-02	4.356639e-05	-2.743697e-04	-2.580648e-04	-4.034021e-04	1.453372e-04
147           	1.982489e-02	9.955070e-03	9.869819e-03	-3.478424e-03	1.419079e-02	-1.766922e-02	1.593001e-02	4.262536e-05	-2.731147e-04	-2.570711e-04	-4.016503e-04	1.445792e-04
148           	1.980893e-02	9.946174e-03	9.862756e-03	-3.478768e-03	1.417668e-02	-1.765544e-02	1.591606e-02	4.170898e-05	-2.718869e-04	-2.560976e-04	-3.999357e-04	1.438381e-04
149           	1.979336e-02	9.937498e-03	9.855862e-03	-3.479102e-03	1.416289e-02	-1.764199e-02	1.590244e-02	4.081782e-05	-2.706878e-04	-2.551452e-04	-3.982604e-04	1.431152e-04
150           	1.977817e-02	9.929037e-03	9.849131e-03	-3.479424e-03	1.414943e-02	-1.762885e-02	1.588914e-02	3.995300e-05	-2.695203e-04	-2.542157e-04	-3.966281e-04	1.424124e-04
151           	1.976335e-02	9.920789e-03	9.842558e-03	-3.479735e-03	1.413628e-02	-1.761601e-02	1.587614e-02	3.911539e-05	-2.683867e-04	-2.533113e-04	-3.950424e-04	1.417311e-04
152           	1.974889e-02	9.912749e-03	9.836137e-03	-3.480035e-03	1.412344e-02	-1.760347e-02	1.586345e-02	3.830617e-05	-2.672899e-04	-2.524345e-04	-3.935072e-04	1.410727e-04
153           	1.973478e-02	9.904914e-03	9.829865e-03	-3.480325e-03	1.411090e-02	-1.759122e-02	1.585106e-02	3.752489e-05	-2.662305e-04	-2.515862e-04	-3.920236e-04	1.404374e-04
154           	1.972102e-02	9.897279e-03	9.823738e-03	-3.480604e-03	1.409865e-02	-1.757926e-02	1.583895e-02	3.677075e-05	-2.652081e-04	-2.507667e-04	-3.905914e-04	1.398248e-04
155           	1.970759e-02	9.889839e-03	9.817752e-03	-3.480873e-03	1.408670e-02	-1.756757e-02	1.582713e-02	3.604330e-05	-2.642224e-04	-2.499758e-04	-3.892103e-04	1.392345e-04
156           	1.969449e-02	9.882589e-03	9.811905e-03	-3.481132e-03	1.407502e-02	-1.755616e-02	1.581559e-02	3.534181e-05	-2.632724e-04	-2.492132e-04	-3.878790e-04	1.386658e-04
157           	1.968172e-02	9.875524e-03	9.806195e-03	-3.481382e-03	1.406363e-02	-1.754501e-02	1.580432e-02	3.466461e-05	-2.623556e-04	-2.484772e-04	-3.865942e-04	1.381170e-04
158           	1.966926e-02	9.868640e-03	9.800619e-03	-3.481623e-03	1.405250e-02	-1.753412e-02	1.579331e-02	3.401047e-05	-2.614702e-04	-2.477663e-04	-3.853533e-04	1.375870e-04
159           	1.965710e-02	9.861932e-03	9.795173e-03	-3.481855e-03	1.404164e-02	-1.752350e-02	1.578257e-02	3.337949e-05	-2.606161e-04	-2.470806e-04	-3.841564e-04	1.370758e-04
160           	1.964525e-02	9.855397e-03	9.789853e-03	-3.482078e-03	1.403104e-02	-1.751312e-02	1.577208e-02	3.277170e-05	-2.597932e-04	-2.464201e-04	-3.830033e-04	1.365831e-04
161           	1.963368e-02	9.849022e-03	9.784662e-03	-3.482292e-03	1.402068e-02	-1.750298e-02	1.576183e-02	3.217986e-05	-2.589916e-04	-2.457758e-04	-3.818795e-04	1.361038e-04
162           	1.962241e-02	9.842816e-03	9.779589e-03	-3.482498e-03	1.401058e-02	-1.749308e-02	1.575183e-02	3.161354e-05	-2.582245e-04	-2.451594e-04	-3.808042e-04	1.356447e-04
163           	1.961141e-02	9.836776e-03	9.774630e-03	-3.482698e-03	1.400072e-02	-1.748341e-02	1.574207e-02	3.107299e-05	-2.574916e-04	-2.445710e-04	-3.797771e-04	1.352061e-04
164           	1.960068e-02	9.830898e-03	9.769783e-03	-3.482890e-03	1.399109e-02	-1.747398e-02	1.573254e-02	3.055750e-05	-2.567917e-04	-2.440091e-04	-3.787962e-04	1.347871e-04
165           	1.959022e-02	9.825177e-03	9.765045e-03	-3.483076e-03	1.398170e-02	-1.746478e-02	1.572324e-02	3.006600e-05	-2.561228e-04	-2.434720e-04	-3.778588e-04	1.343868e-04
166           	1.958002e-02	9.819608e-03	9.760413e-03	-3.483255e-03	1.397253e-02	-1.745579e-02	1.571416e-02	2.959753e-05	-2.554833e-04	-2.429582e-04	-3.769623e-04	1.340042e-04
167           	1.957007e-02	9.814188e-03	9.755886e-03	-3.483428e-03	1.396358e-02	-1.744701e-02	1.570530e-02	2.915101e-05	-2.548709e-04	-2.424656e-04	-3.761037e-04	1.336381e-04
168           	1.956037e-02	9.808911e-03	9.751461e-03	-3.483593e-03	1.395485e-02	-1.743845e-02	1.569665e-02	2.872485e-05	-2.542834e-04	-2.419924e-04	-3.752796e-04	1.332872e-04
169           	1.955091e-02	9.803773e-03	9.747138e-03	-3.483753e-03	1.394633e-02	-1.743008e-02	1.568821e-02	2.831752e-05	-2.537182e-04	-2.415365e-04	-3.744864e-04	1.329500e-04
170           	1.954169e-02	9.798770e-03	9.742915e-03	-3.483906e-03	1.393801e-02	-1.742192e-02	1.567996e-02	2.792782e-05	-2.531735e-04	-2.410963e-04	-3.737216e-04	1.326253e-04
171           	1.953269e-02	9.793899e-03	9.738789e-03	-3.484053e-03	1.392989e-02	-1.741394e-02	1.567192e-02	2.755491e-05	-2.526477e-04	-2.406711e-04	-3.729833e-04	1.323122e-04
172           	1.952391e-02	9.789155e-03	9.734758e-03	-3.484195e-03	1.392197e-02	-1.740616e-02	1.566406e-02	2.719810e-05	-2.521401e-04	-2.402601e-04	-3.722701e-04	1.320100e-04
173           	1.951536e-02	9.784535e-03	9.730822e-03	-3.484331e-03	1.391423e-02	-1.739856e-02	1.565640e-02	2.685679e-05	-2.516498e-04	-2.398633e-04	-3.715815e-04	1.317182e-04
174           	1.950701e-02	9.780037e-03	9.726976e-03	-3.484462e-03	1.390669e-02	-1.739115e-02	1.564892e-02	2.653035e-05	-2.511765e-04	-2.394804e-04	-3.709167e-04	1.314363e-04
175           	1.949888e-02	9.775657e-03	9.723221e-03	-3.484588e-03	1.389932e-02	-1.738391e-02	1.564161e-02	2.621823e-05	-2.507197e-04	-2.391114e-04	-3.702754e-04	1.311640e-04
176           	1.949094e-02	9.771392e-03	9.719553e-03	-3.484709e-03	1.389213e-02	-1.737684e-02	1.563449e-02	2.591970e-05	-2.502790e-04	-2.387559e-04	-3.696570e-04	1.309011e-04
177           	1.948321e-02	9.767230e-03	9.715976e-03	-3.484824e-03	1.388512e-02	-1.736994e-02	1.562753e-02	2.562745e-05	-2.498445e-04	-2.384051e-04	-3.690470e-04	1.306419e-04
178           	1.947566e-02	9.763180e-03	9.712483e-03	-3.484936e-03	1.387827e-02	-1.736321e-02	1.562074e-02	2.534855e-05	-2.494267e-04	-2.380688e-04	-3.684611e-04	1.303923e-04
179           	1.946831e-02	9.759236e-03	9.709072e-03	-3.485044e-03	1.387159e-02	-1.735664e-02	1.561412e-02	2.508194e-05	-2.490244e-04	-2.377460e-04	-3.678975e-04	1.301514e-04
180           	1.946114e-02	9.755397e-03	9.705744e-03	-3.485148e-03	1.386508e-02	-1.735023e-02	1.560766e-02	2.482640e-05	-2.486361e-04	-2.374354e-04	-3.673538e-04	1.299184e-04
181           	1.945415e-02	9.751657e-03	9.702496e-03	-3.485250e-03	1.385873e-02	-1.734398e-02	1.560135e-02	2.458073e-05	-2.482598e-04	-2.371353e-04	-3.668275e-04	1.296922e-04
182           	1.944734e-02	9.748014e-03	9.699326e-03	-3.485347e-03	1.385253e-02	-1.733788e-02	1.559520e-02	2.434390e-05	-2.478940e-04	-2.368443e-04	-3.663162e-04	1.294719e-04
183           	1.944070e-02	9.744465e-03	9.696234e-03	-3.485441e-03	1.384648e-02	-1.733193e-02	1.558920e-02	2.411529e-05	-2.475375e-04	-2.365613e-04	-3.658182e-04	1.292569e-04
184           	1.943423e-02	9.741007e-03	9.693218e-03	-3.485532e-03	1.384058e-02	-1.732612e-02	1.558335e-02	2.389486e-05	-2.471901e-04	-2.362861e-04	-3.653331e-04	1.290470e-04
185           	1.942791e-02	9.737639e-03	9.690274e-03	-3.485619e-03	1.383483e-02	-1.732045e-02	1.557764e-02	2.368296e-05	-2.468520e-04	-2.360187e-04	-3.648614e-04	1.288427e-04
186           	1.942176e-02	9.734360e-03	9.687400e-03	-3.485702e-03	1.382921e-02	-1.731491e-02	1.557206e-02	2.348019e-05	-2.465240e-04	-2.357597e-04	-3.644038e-04	1.286442e-04
187           	1.941576e-02	9.731167e-03	9.684593e-03	-3.485783e-03	1.382373e-02	-1.730951e-02	1.556662e-02	2.328708e-05	-2.462068e-04	-2.355095e-04	-3.639616e-04	1.284521e-04
188           	1.940991e-02	9.728060e-03	9.681852e-03	-3.485859e-03	1.381839e-02	-1.730425e-02	1.556132e-02	2.310398e-05	-2.459010e-04	-2.352687e-04	-3.635354e-04	1.282666e-04
189           	1.940421e-02	9.725037e-03	9.679175e-03	-3.485933e-03	1.381317e-02	-1.729910e-02	1.555614e-02	2.293109e-05	-2.456071e-04	-2.350379e-04	-3.631261e-04	1.280882e-04
190           	1.939866e-02	9.722096e-03	9.676559e-03	-3.486004e-03	1.380808e-02	-1.729409e-02	1.555109e-02	2.276856e-05	-2.453256e-04	-2.348176e-04	-3.627344e-04	1.279168e-04
191           	1.939324e-02	9.719236e-03	9.674004e-03	-3.486073e-03	1.380312e-02	-1.728920e-02	1.554616e-02	2.261641e-05	-2.450567e-04	-2.346079e-04	-3.623607e-04	1.277528e-04
192           	1.938796e-02	9.716456e-03	9.671506e-03	-3.486139e-03	1.379828e-02	-1.728442e-02	1.554135e-02	2.247486e-05	-2.448011e-04	-2.344094e-04	-3.620058e-04	1.275964e-04
193           	1.938282e-02	9.713754e-03	9.669065e-03	-3.486202e-03	1.379356e-02	-1.727977e-02	1.553667e-02	2.234443e-05	-2.445596e-04	-2.342229e-04	-3.616711e-04	1.274482e-04
194           	1.937780e-02	9.711121e-03	9.666680e-03	-3.486261e-03	1.378896e-02	-1.727522e-02	1.553209e-02	2.222032e-05	-2.443254e-04	-2.340417e-04	-3.613462e-04	1.273045e-04
195           	1.937291e-02	9.708567e-03	9.664347e-03	-3.486319e-03	1.378447e-02	-1.727078e-02	1.552763e-02	2.211001e-05	-2.441097e-04	-2.338764e-04	-3.610479e-04	1.271715e-04
196           	1.936815e-02	9.706091e-03	9.662063e-03	-3.486375e-03	1.378009e-02	-1.726646e-02	1.552328e-02	2.201404e-05	-2.439136e-04	-2.337276e-04	-3.607774e-04	1.270498e-04
197           	1.936352e-02	9.703690e-03	9.659825e-03	-3.486430e-03	1.377582e-02	-1.726225e-02	1.551904e-02	2.193272e-05	-2.437372e-04	-2.335954e-04	-3.605349e-04	1.269395e-04
198           	1.935900e-02	9.701365e-03	9.657632e-03	-3.486483e-03	1.377166e-02	-1.725815e-02	1.551490e-02	2.186611e-05	-2.435803e-04	-2.334795e-04	-3.603200e-04	1.268406e-04
199           	1.935459e-02	9.699111e-03	9.655483e-03	-3.486535e-03	1.376761e-02	-1.725414e-02	1.551087e-02	2.181420e-05	-2.434426e-04	-2.333793e-04	-3.601322e-04	1.267529e-04
200           	1.935030e-02	9.696930e-03	9.653375e-03	-3.486584e-03	1.376365e-02	-1.725024e-02	1.550694e-02	2.177702e-05	-2.433235e-04	-2.332944e-04	-3.599707e-04	1.266763e-04
201           	1.934613e-02	9.694817e-03	9.651308e-03	-3.486632e-03	1.375980e-02	-1.724643e-02	1.550311e-02	2.175476e-05	-2.432230e-04	-2.332246e-04	-3.598353e-04	1.266107e-04
202           	1.934205e-02	9.692774e-03	9.649279e-03	-3.486677e-03	1.375604e-02	-1.724271e-02	1.549938e-02	2.174744e-05	-2.431409e-04	-2.331695e-04	-3.597256e-04	1.265561e-04
203           	1.933808e-02	9.690797e-03	9.647287e-03	-3.486720e-03	1.375237e-02	-1.723909e-02	1.549573e-02	2.175495e-05	-2.430767e-04	-2.331288e-04	-3.596411e-04	1.265123e-04
204           	1.933422e-02	9.688886e-03	9.645331e-03	-3.486762e-03	1.374880e-02	-1.723556e-02	1.549218e-02	2.177713e-05	-2.430301e-04	-2.331023e-04	-3.595812e-04	1.264789e-04
205           	1.933045e-02	9.687039e-03	9.643411e-03	-3.486801e-03	1.374531e-02	-1.723211e-02	1.548871e-02	2.181375e-05	-2.430007e-04	-2.330895e-04	-3.595454e-04	1.264559e-04
206           	1.932678e-02	9.685254e-03	9.641525e-03	-3.486839e-03	1.374191e-02	-1.722875e-02	1.548533e-02	2.186458e-05	-2.429881e-04	-2.330904e-04	-3.595333e-04	1.264429e-04
207           	1.932320e-02	9.683532e-03	9.639673e-03	-3.486876e-03	1.373860e-02	-1.722547e-02	1.548204e-02	2.192938e-05	-2.429921e-04	-2.331046e-04	-3.595444e-04	1.264398e-04
208           	1.931972e-02	9.681869e-03	9.637853e-03	-3.486911e-03	1.373537e-02	-1.722228e-02	1.547883e-02	2.200787e-05	-2.430123e-04	-2.331319e-04	-3.595783e-04	1.264464e-04
209           	1.931633e-02	9.680265e-03	9.636065e-03	-3.486945e-03	1.373222e-02	-1.721917e-02	1.547570e-02	2.209986e-05	-2.430484e-04	-2.331721e-04	-3.596345e-04	1.264624e-04
210           	1.931303e-02	9.678718e-03	9.634308e-03	-3.486977e-03	1.372916e-02	-1.721614e-02	1.547265e-02	2.220520e-05	-2.431003e-04	-2.332249e-04	-3.597127e-04	1.264878e-04
211           	1.931166e-02	9.677827e-03	9.633836e-03	-3.487147e-03	1.372799e-02	-1.721513e-02	1.547156e-02	2.199570e-05	-2.428755e-04	-2.330576e-04	-3.594043e-04	1.263467e-04
212           	1.931049e-02	9.676844e-03	9.633650e-03	-3.487399e-03	1.372704e-02	-1.721444e-02	1.547074e-02	2.159683e-05	-2.424872e-04	-2.327623e-04	-3.588683e-04	1.261060e-04
213           	1.930939e-02	9.675830e-03	9.633556e-03	-3.487668e-03	1.372616e-02	-1.721383e-02	1.546999e-02	2.113702e-05	-2.420487e-04	-2.324279e-04	-3.582627e-04	1.258347e-04
214           	1.930823e-02	9.674842e-03	9.633383e-03	-3.487899e-03	1.372520e-02	-1.721310e-02	1.546915e-02	2.072933e-05	-2.416606e-04	-2.321325e-04	-3.577268e-04	1.255943e-04
215           	1.930693e-02	9.673919e-03	9.633014e-03	-3.488054e-03	1.372408e-02	-1.721213e-02	1.546811e-02	2.045258e-05	-2.413930e-04	-2.319300e-04	-3.573580e-04	1.254280e-04
216           	1.930548e-02	9.673081e-03	9.632394e-03	-3.488116e-03	1.372274e-02	-1.721086e-02	1.546680e-02	2.034348e-05	-2.412783e-04	-2.318453e-04	-3.572009e-04	1.253556e-04
217           	1.930386e-02	9.672323e-03	9.631535e-03	-3.488088e-03	1.372120e-02	-1.720929e-02	1.546524e-02	2.039420e-05	-2.413059e-04	-2.318699e-04	-3.572409e-04	1.253710e-04
218           	1.930212e-02	9.671637e-03	9.630485e-03	-3.487992e-03	1.371950e-02	-1.720750e-02	1.546350e-02	2.057592e-05	-2.414529e-04	-2.319871e-04	-3.574465e-04	1.254594e-04
219           	1.930032e-02	9.670997e-03	9.629325e-03	-3.487854e-03	1.371773e-02	-1.720558e-02	1.546165e-02	2.083579e-05	-2.416680e-04	-2.321573e-04	-3.577466e-04	1.255894e-04
220           	1.929851e-02	9.670380e-03	9.628131e-03	-3.487702e-03	1.371593e-02	-1.720363e-02	1.545978e-02	2.112469e-05	-2.419058e-04	-2.323471e-04	-3.580793e-04	1.257322e-04
221           	1.929674e-02	9.669762e-03	9.626977e-03	-3.487562e-03	1.371418e-02	-1.720174e-02	1.545796e-02	2.139226e-05	-2.421185e-04	-2.325199e-04	-3.583785e-04	1.258586e-04
222           	1.929504e-02	9.669127e-03	9.625918e-03	-3.487452e-03	1.371252e-02	-1.719997e-02	1.545625e-02	2.160452e-05	-2.422751e-04	-2.326519e-04	-3.586010e-04	1.259491e-04
223           	1.929345e-02	9.668470e-03	9.624976e-03	-3.487381e-03	1.371098e-02	-1.719836e-02	1.545467e-02	2.174676e-05	-2.423634e-04	-2.327335e-04	-3.587302e-04	1.259967e-04
224           	1.929195e-02	9.667800e-03	9.624147e-03	-3.487352e-03	1.370956e-02	-1.719691e-02	1.545323e-02	2.182641e-05	-2.423948e-04	-2.327740e-04	-3.587817e-04	1.260078e-04
225           	1.929054e-02	9.667121e-03	9.623415e-03	-3.487358e-03	1.370824e-02	-1.719560e-02	1.545192e-02	2.185280e-05	-2.423783e-04	-2.327784e-04	-3.587675e-04	1.259891e-04
226           	1.928919e-02	9.666445e-03	9.622748e-03	-3.487388e-03	1.370700e-02	-1.719439e-02	1.545070e-02	2.184846e-05	-2.423369e-04	-2.327636e-04	-3.587187e-04	1.259551e-04
227           	1.928789e-02	9.665785e-03	9.622109e-03	-3.487431e-03	1.370581e-02	-1.719324e-02	1.544953e-02	2.183764e-05	-2.422946e-04	-2.327469e-04	-3.586681e-04	1.259212e-04
228           	1.928661e-02	9.665149e-03	9.621466e-03	-3.487473e-03	1.370464e-02	-1.719211e-02	1.544838e-02	2.184134e-05	-2.422717e-04	-2.327433e-04	-3.586433e-04	1.259000e-04
229           	1.928534e-02	9.664543e-03	9.620795e-03	-3.487507e-03	1.370346e-02	-1.719097e-02	1.544722e-02	2.187406e-05	-2.422814e-04	-2.327627e-04	-3.586627e-04	1.259001e-04
230           	1.928405e-02	9.663969e-03	9.620083e-03	-3.487526e-03	1.370227e-02	-1.718979e-02	1.544603e-02	2.194260e-05	-2.423295e-04	-2.328095e-04	-3.587343e-04	1.259248e-04
231           	1.928275e-02	9.663424e-03	9.619331e-03	-3.487529e-03	1.370105e-02	-1.718858e-02	1.544481e-02	2.204650e-05	-2.424145e-04	-2.328828e-04	-3.588559e-04	1.259731e-04
232           	1.928145e-02	9.662904e-03	9.618545e-03	-3.487519e-03	1.369981e-02	-1.718733e-02	1.544357e-02	2.217978e-05	-2.425295e-04	-2.329780e-04	-3.590185e-04	1.260404e-04
233           	1.928014e-02	9.662404e-03	9.617737e-03	-3.487498e-03	1.369857e-02	-1.718607e-02	1.544232e-02	2.233333e-05	-2.426646e-04	-2.330882e-04	-3.592087e-04	1.261205e-04
234           	1.927884e-02	9.661918e-03	9.616923e-03	-3.487471e-03	1.369733e-02	-1.718480e-02	1.544106e-02	2.249726e-05	-2.428097e-04	-2.332061e-04	-3.594127e-04	1.262066e-04
235           	1.927756e-02	9.661441e-03	9.616115e-03	-3.487444e-03	1.369610e-02	-1.718354e-02	1.543982e-02	2.266288e-05	-2.429558e-04	-2.333253e-04	-3.596184e-04	1.262931e-04
236           	1.927629e-02	9.660971e-03	9.615323e-03	-3.487420e-03	1.369489e-02	-1.718231e-02	1.543860e-02	2.282400e-05	-2.430969e-04	-2.334415e-04	-3.598177e-04	1.263762e-04
237           	1.927506e-02	9.660500e-03	9.614558e-03	-3.487401e-03	1.369371e-02	-1.718112e-02	1.543741e-02	2.297103e-05	-2.432219e-04	-2.335457e-04	-3.599947e-04	1.264490e-04
238           	1.927385e-02	9.660038e-03	9.613813e-03	-3.487388e-03	1.369257e-02	-1.717996e-02	1.543626e-02	2.311239e-05	-2.433420e-04	-2.336471e-04	-3.601656e-04	1.265185e-04
239           	1.927267e-02	9.659586e-03	9.613086e-03	-3.487380e-03	1.369145e-02	-1.717883e-02	1.543514e-02	2.325017e-05	-2.434599e-04	-2.337475e-04	-3.603336e-04	1.265861e-04
240           	1.927152e-02	9.659146e-03	9.612371e-03	-3.487377e-03	1.369036e-02	-1.717774e-02	1.543405e-02	2.338735e-05	-2.435787e-04	-2.338490e-04	-3.605032e-04	1.266542e-04
241           	1.927039e-02	9.658720e-03	9.611666e-03	-3.487376e-03	1.368929e-02	-1.717667e-02	1.543298e-02	2.352703e-05	-2.437016e-04	-2.339539e-04	-3.606785e-04	1.267247e-04
242           	1.926927e-02	9.658307e-03	9.610964e-03	-3.487377e-03	1.368824e-02	-1.717562e-02	1.543193e-02	2.367175e-05	-2.438310e-04	-2.340634e-04	-3.608627e-04	1.267993e-04
243           	1.926817e-02	9.657909e-03	9.610263e-03	-3.487377e-03	1.368721e-02	-1.717458e-02	1.543090e-02	2.382314e-05	-2.439682e-04	-2.341786e-04	-3.610575e-04	1.268789e-04
244           	1.926709e-02	9.657525e-03	9.609562e-03	-3.487376e-03	1.368618e-02	-1.717356e-02	1.542987e-02	2.398171e-05	-2.441134e-04	-2.342994e-04	-3.612630e-04	1.269637e-04
245           	1.926601e-02	9.657154e-03	9.608860e-03	-3.487374e-03	1.368517e-02	-1.717254e-02	1.542885e-02	2.414702e-05	-2.442657e-04	-2.344251e-04	-3.614782e-04	1.270531e-04
246           	1.926495e-02	9.656794e-03	9.608158e-03	-3.487369e-03	1.368416e-02	-1.717153e-02	1.542785e-02	2.431793e-05	-2.444236e-04	-2.345548e-04	-3.617010e-04	1.271462e-04
247           	1.926390e-02	9.656444e-03	9.607458e-03	-3.487363e-03	1.368317e-02	-1.717053e-02	1.542685e-02	2.449288e-05	-2.445855e-04	-2.346872e-04	-3.619291e-04	1.272418e-04
248           	1.926286e-02	9.656093e-03	9.606769e-03	-3.487354e-03	1.368218e-02	-1.716953e-02	1.542586e-02	2.466189e-05	-2.447396e-04	-2.348128e-04	-3.621460e-04	1.273332e-04
249           	1.926184e-02	9.655754e-03	9.606085e-03	-3.487346e-03	1.368121e-02	-1.716855e-02	1.542488e-02	2.483471e-05	-2.448978e-04	-2.349419e-04	-3.623688e-04	1.274269e-04
250           	1.926083e-02	9.655426e-03	9.605405e-03	-3.487339e-03	1.368025e-02	-1.716759e-02	1.542392e-02	2.501073e-05	-2.450597e-04	-2.350743e-04	-3.625968e-04	1.275225e-04
251           	1.925984e-02	9.655109e-03	9.604731e-03	-3.487333e-03	1.367931e-02	-1.716664e-02	1.542298e-02	2.518933e-05	-2.452246e-04	-2.352095e-04	-3.628293e-04	1.276198e-04
252           	1.925887e-02	9.654803e-03	9.604063e-03	-3.487329e-03	1.367839e-02	-1.716571e-02	1.542205e-02	2.537000e-05	-2.453921e-04	-2.353471e-04	-3.630656e-04	1.277185e-04
253           	1.925791e-02	9.654506e-03	9.603401e-03	-3.487325e-03	1.367748e-02	-1.716480e-02	1.542114e-02	2.555252e-05	-2.455619e-04	-2.354868e-04	-3.633053e-04	1.278185e-04
254           	1.925696e-02	9.654219e-03	9.602746e-03	-3.487323e-03	1.367659e-02	-1.716391e-02	1.542025e-02	2.573687e-05	-2.457341e-04	-2.356282e-04	-3.635482e-04	1.279200e-04
255           	1.925604e-02	9.653942e-03	9.602095e-03	-3.487322e-03	1.367571e-02	-1.716303e-02	1.541937e-02	2.592329e-05	-2.459089e-04	-2.357714e-04	-3.637946e-04	1.280232e-04
256           	1.925512e-02	9.653673e-03	9.601449e-03	-3.487320e-03	1.367484e-02	-1.716216e-02	1.541850e-02	2.611216e-05	-2.460867e-04	-2.359166e-04	-3.640450e-04	1.281284e-04
257           	1.925422e-02	9.653414e-03	9.600807e-03	-3.487319e-03	1.367399e-02	-1.716131e-02	1.541765e-02	2.630391e-05	-2.462680e-04	-2.360638e-04	-3.642999e-04	1.282361e-04
258           	1.925333e-02	9.653165e-03	9.600167e-03	-3.487318e-03	1.367315e-02	-1.716047e-02	1.541681e-02	2.649898e-05	-2.464531e-04	-2.362134e-04	-3.645598e-04	1.283464e-04
259           	1.925246e-02	9.652926e-03	9.599531e-03	-3.487316e-03	1.367232e-02	-1.715964e-02	1.541598e-02	2.669771e-05	-2.466425e-04	-2.363657e-04	-3.648253e-04	1.284597e-04
260           	1.925159e-02	9.652697e-03	9.598896e-03	-3.487314e-03	1.367150e-02	-1.715882e-02	1.541516e-02	2.690032e-05	-2.468364e-04	-2.365208e-04	-3.650968e-04	1.285761e-04
261           	1.925074e-02	9.652478e-03	9.598264e-03	-3.487313e-03	1.367070e-02	-1.715801e-02	1.541435e-02	2.710693e-05	-2.470350e-04	-2.366789e-04	-3.653745e-04	1.286956e-04
262           	1.924990e-02	9.652268e-03	9.597634e-03	-3.487311e-03	1.366990e-02	-1.715721e-02	1.541356e-02	2.731749e-05	-2.472382e-04	-2.368400e-04	-3.656582e-04	1.288182e-04
263           	1.924908e-02	9.652069e-03	9.597006e-03	-3.487309e-03	1.366912e-02	-1.715643e-02	1.541277e-02	2.753185e-05	-2.474459e-04	-2.370042e-04	-3.659480e-04	1.289438e-04
264           	1.924826e-02	9.651880e-03	9.596381e-03	-3.487308e-03	1.366834e-02	-1.715565e-02	1.541200e-02	2.774979e-05	-2.476578e-04	-2.371712e-04	-3.662434e-04	1.290721e-04
265           	1.924746e-02	9.651700e-03	9.595758e-03	-3.487307e-03	1.366758e-02	-1.715489e-02	1.541124e-02	2.797106e-05	-2.478736e-04	-2.373411e-04	-3.665442e-04	1.292031e-04
266           	1.924667e-02	9.651530e-03	9.595139e-03	-3.487307e-03	1.366684e-02	-1.715414e-02	1.541049e-02	2.819541e-05	-2.480932e-04	-2.375135e-04	-3.668499e-04	1.293364e-04
267           	1.924589e-02	9.651368e-03	9.594523e-03	-3.487306e-03	1.366610e-02	-1.715340e-02	1.540975e-02	2.842260e-05	-2.483161e-04	-2.376883e-04	-3.671603e-04	1.294720e-04
268           	1.924513e-02	9.651215e-03	9.593910e-03	-3.487306e-03	1.366537e-02	-1.715268e-02	1.540903e-02	2.865243e-05	-2.485423e-04	-2.378654e-04	-3.674750e-04	1.296096e-04
269           	1.924437e-02	9.651070e-03	9.593301e-03	-3.487307e-03	1.366466e-02	-1.715197e-02	1.540831e-02	2.888474e-05	-2.487715e-04	-2.380447e-04	-3.677939e-04	1.297492e-04
270           	1.924363e-02	9.650934e-03	9.592695e-03	-3.487307e-03	1.366396e-02	-1.715126e-02	1.540761e-02	2.911941e-05	-2.490036e-04	-2.382260e-04	-3.681166e-04	1.298906e-04
271           	1.924290e-02	9.650805e-03	9.592092e-03	-3.487308e-03	1.366326e-02	-1.715057e-02	1.540692e-02	2.935631e-05	-2.492385e-04	-2.384093e-04	-3.684431e-04	1.300339e-04
272           	1.924218e-02	9.650684e-03	9.591493e-03	-3.487309e-03	1.366258e-02	-1.714989e-02	1.540624e-02	2.959536e-05	-2.494760e-04	-2.385943e-04	-3.687732e-04	1.301789e-04
273           	1.924147e-02	9.650570e-03	9.590898e-03	-3.487310e-03	1.366191e-02	-1.714922e-02	1.540557e-02	2.983644e-05	-2.497161e-04	-2.387812e-04	-3.691067e-04	1.303255e-04
274           	1.924077e-02	9.650464e-03	9.590305e-03	-3.487311e-03	1.366125e-02	-1.714856e-02	1.540490e-02	3.007949e-05	-2.499587e-04	-2.389697e-04	-3.694435e-04	1.304738e-04
275           	1.924008e-02	9.650365e-03	9.589716e-03	-3.487312e-03	1.366060e-02	-1.714791e-02	1.540425e-02	3.032443e-05	-2.502037e-04	-2.391599e-04	-3.697836e-04	1.306237e-04
276           	1.923940e-02	9.650273e-03	9.589131e-03	-3.487313e-03	1.365996e-02	-1.714727e-02	1.540361e-02	3.057117e-05	-2.504510e-04	-2.393518e-04	-3.701269e-04	1.307751e-04
277           	1.923874e-02	9.650188e-03	9.588549e-03	-3.487315e-03	1.365932e-02	-1.714664e-02	1.540298e-02	3.081965e-05	-2.507007e-04	-2.395453e-04	-3.704733e-04	1.309280e-04
278           	1.923808e-02	9.650110e-03	9.587970e-03	-3.487316e-03	1.365870e-02	-1.714602e-02	1.540236e-02	3.106980e-05	-2.509525e-04	-2.397403e-04	-3.708227e-04	1.310824e-04
279           	1.923743e-02	9.650022e-03	9.587411e-03	-3.487318e-03	1.365809e-02	-1.714541e-02	1.540175e-02	3.130556e-05	-2.511875e-04	-2.399219e-04	-3.711485e-04	1.312266e-04
280           	1.923680e-02	9.649945e-03	9.586850e-03	-3.487319e-03	1.365749e-02	-1.714481e-02	1.540115e-02	3.154776e-05	-2.514305e-04	-2.401097e-04	-3.714854e-04	1.313757e-04
281           	1.923617e-02	9.649897e-03	9.586271e-03	-3.487321e-03	1.365689e-02	-1.714421e-02	1.540055e-02	3.181288e-05	-2.517011e-04	-2.403189e-04	-3.718605e-04	1.315416e-04
282           	1.923555e-02	9.649838e-03	9.585712e-03	-3.487323e-03	1.365631e-02	-1.714363e-02	1.539997e-02	3.206304e-05	-2.519542e-04	-2.405143e-04	-3.722113e-04	1.316970e-04
283           	1.923494e-02	9.649789e-03	9.585154e-03	-3.487326e-03	1.365573e-02	-1.714306e-02	1.539940e-02	3.231761e-05	-2.522128e-04	-2.407139e-04	-3.725698e-04	1.318558e-04
284           	1.923434e-02	9.649748e-03	9.584596e-03	-3.487328e-03	1.365517e-02	-1.714249e-02	1.539883e-02	3.257591e-05	-2.524761e-04	-2.409172e-04	-3.729347e-04	1.320175e-04
285           	1.923375e-02	9.649714e-03	9.584041e-03	-3.487330e-03	1.365461e-02	-1.714194e-02	1.539827e-02	3.283696e-05	-2.527430e-04	-2.411231e-04	-3.733046e-04	1.321815e-04
286           	1.923318e-02	9.649687e-03	9.583488e-03	-3.487333e-03	1.365406e-02	-1.714139e-02	1.539773e-02	3.309965e-05	-2.530121e-04	-2.413308e-04	-3.736775e-04	1.323467e-04
287           	1.923260e-02	9.649665e-03	9.582939e-03	-3.487335e-03	1.365352e-02	-1.714086e-02	1.539719e-02	3.336295e-05	-2.532822e-04	-2.415392e-04	-3.740518e-04	1.325125e-04
288           	1.923204e-02	9.649647e-03	9.582395e-03	-3.487338e-03	1.365299e-02	-1.714033e-02	1.539666e-02	3.362603e-05	-2.535522e-04	-2.417477e-04	-3.744260e-04	1.326783e-04
289           	1.923149e-02	9.649633e-03	9.581857e-03	-3.487341e-03	1.365247e-02	-1.713981e-02	1.539614e-02	3.388829e-05	-2.538214e-04	-2.419556e-04	-3.747992e-04	1.328436e-04
290           	1.923095e-02	9.649622e-03	9.581323e-03	-3.487344e-03	1.365195e-02	-1.713930e-02	1.539562e-02	3.414938e-05	-2.540895e-04	-2.421627e-04	-3.751708e-04	1.330082e-04
291           	1.923041e-02	9.649614e-03	9.580796e-03	-3.487347e-03	1.365145e-02	-1.713879e-02	1.539512e-02	3.440920e-05	-2.543563e-04	-2.423689e-04	-3.755408e-04	1.331719e-04
292           	1.922988e-02	9.649609e-03	9.580274e-03	-3.487351e-03	1.365095e-02	-1.713830e-02	1.539462e-02	3.466782e-05	-2.546220e-04	-2.425743e-04	-3.759091e-04	1.333348e-04
293           	1.922936e-02	9.649608e-03	9.579757e-03	-3.487354e-03	1.365046e-02	-1.713781e-02	1.539414e-02	3.492541e-05	-2.548867e-04	-2.427791e-04	-3.762762e-04	1.334971e-04
294           	1.922885e-02	9.649609e-03	9.579245e-03	-3.487357e-03	1.364998e-02	-1.713733e-02	1.539365e-02	3.518217e-05	-2.551507e-04	-2.429835e-04	-3.766425e-04	1.336590e-04
295           	1.922835e-02	9.649614e-03	9.578738e-03	-3.487361e-03	1.364950e-02	-1.713686e-02	1.539318e-02	3.543827e-05	-2.554143e-04	-2.431877e-04	-3.770081e-04	1.338204e-04
296           	1.922786e-02	9.649623e-03	9.578235e-03	-3.487365e-03	1.364903e-02	-1.713640e-02	1.539272e-02	3.569380e-05	-2.556775e-04	-2.433917e-04	-3.773733e-04	1.339816e-04
297           	1.922737e-02	9.649634e-03	9.577737e-03	-3.487368e-03	1.364858e-02	-1.713594e-02	1.539226e-02	3.594881e-05	-2.559404e-04	-2.435956e-04	-3.777382e-04	1.341426e-04
298           	1.922689e-02	9.649649e-03	9.577243e-03	-3.487372e-03	1.364812e-02	-1.713549e-02	1.539181e-02	3.620324e-05	-2.562030e-04	-2.437994e-04	-3.781027e-04	1.343034e-04
299           	1.922642e-02	9.649668e-03	9.576754e-03	-3.487376e-03	1.364768e-02	-1.713505e-02	1.539137e-02	3.645700e-05	-2.564652e-04	-2.440029e-04	-3.784666e-04	1.344637e-04
300           	1.922596e-02	9.649689e-03	9.576269e-03	-3.487379e-03	1.364724e-02	-1.713462e-02	1.539093e-02	3.670993e-05	-2.567267e-04	-2.442060e-04	-3.788296e-04	1.346237e-04
301           	1.922550e-02	9.649712e-03	9.575789e-03	-3.487383e-03	1.364681e-02	-1.713419e-02	1.539050e-02	3.696186e-05	-2.569873e-04	-2.444086e-04	-3.791916e-04	1.347830e-04
302           	1.922505e-02	9.649739e-03	9.575314e-03	-3.487387e-03	1.364639e-02	-1.713377e-02	1.539008e-02	3.721264e-05	-2.572469e-04	-2.446105e-04	-3.795522e-04	1.349417e-04
303           	1.922461e-02	9.649768e-03	9.574843e-03	-3.487391e-03	1.364597e-02	-1.713336e-02	1.538967e-02	3.746214e-05	-2.575053e-04	-2.448115e-04	-3.799111e-04	1.350996e-04
304           	1.922418e-02	9.649798e-03	9.574378e-03	-3.487395e-03	1.364556e-02	-1.713295e-02	1.538926e-02	3.771026e-05	-2.577624e-04	-2.450117e-04	-3.802683e-04	1.352566e-04
305           	1.922375e-02	9.649831e-03	9.573918e-03	-3.487399e-03	1.364516e-02	-1.713256e-02	1.538886e-02	3.795691e-05	-2.580181e-04	-2.452110e-04	-3.806236e-04	1.354126e-04
306           	1.922333e-02	9.649866e-03	9.573462e-03	-3.487403e-03	1.364476e-02	-1.713216e-02	1.538846e-02	3.820202e-05	-2.582723e-04	-2.454092e-04	-3.809769e-04	1.355677e-04
307           	1.922292e-02	9.649903e-03	9.573012e-03	-3.487407e-03	1.364437e-02	-1.713178e-02	1.538807e-02	3.844556e-05	-2.585250e-04	-2.456064e-04	-3.813281e-04	1.357218e-04
308           	1.922251e-02	9.649942e-03	9.572567e-03	-3.487411e-03	1.364399e-02	-1.713140e-02	1.538769e-02	3.868750e-05	-2.587761e-04	-2.458024e-04	-3.816773e-04	1.358749e-04
309           	1.922211e-02	9.649982e-03	9.572127e-03	-3.487416e-03	1.364361e-02	-1.713103e-02	1.538732e-02	3.892781e-05	-2.590256e-04	-2.459974e-04	-3.820243e-04	1.360269e-04
310           	1.922172e-02	9.650024e-03	9.571691e-03	-3.487420e-03	1.364324e-02	-1.713066e-02	1.538695e-02	3.916648e-05	-2.592736e-04	-2.461913e-04	-3.823692e-04	1.361779e-04
311           	1.922133e-02	9.650068e-03	9.571261e-03	-3.487424e-03	1.364288e-02	-1.713030e-02	1.538659e-02	3.940348e-05	-2.595199e-04	-2.463840e-04	-3.827119e-04	1.363279e-04
312           	1.922095e-02	9.650113e-03	9.570835e-03	-3.487428e-03	1.364252e-02	-1.712994e-02	1.538623e-02	3.963881e-05	-2.597646e-04	-2.465756e-04	-3.830524e-04	1.364768e-04
313           	1.922057e-02	9.650159e-03	9.570414e-03	-3.487433e-03	1.364216e-02	-1.712960e-02	1.538588e-02	3.987245e-05	-2.600076e-04	-2.467660e-04	-3.833906e-04	1.366246e-04
314           	1.922021e-02	9.650207e-03	9.569998e-03	-3.487437e-03	1.364182e-02	-1.712925e-02	1.538554e-02	4.010439e-05	-2.602490e-04	-2.469553e-04	-3.837266e-04	1.367713e-04
315           	1.921984e-02	9.650256e-03	9.569587e-03	-3.487441e-03	1.364148e-02	-1.712892e-02	1.538520e-02	4.033461e-05	-2.604886e-04	-2.471433e-04	-3.840603e-04	1.369170e-04
316           	1.921949e-02	9.650307e-03	9.569180e-03	-3.487445e-03	1.364114e-02	-1.712859e-02	1.538486e-02	4.056310e-05	-2.607266e-04	-2.473301e-04	-3.843917e-04	1.370616e-04
317           	1.921914e-02	9.650358e-03	9.568779e-03	-3.487450e-03	1.364081e-02	-1.712826e-02	1.538454e-02	4.078982e-05	-2.609629e-04	-2.475157e-04	-3.847207e-04	1.372050e-04
318           	1.921879e-02	9.650411e-03	9.568382e-03	-3.487454e-03	1.364049e-02	-1.712794e-02	1.538421e-02	4.101477e-05	-2.611974e-04	-2.477001e-04	-3.850474e-04	1.373473e-04
319           	1.921845e-02	9.650465e-03	9.567989e-03	-3.487458e-03	1.364017e-02	-1.712763e-02	1.538390e-02	4.123794e-05	-2.614301e-04	-2.478832e-04	-3.853717e-04	1.374885e-04
320           	1.921812e-02	9.650520e-03	9.567601e-03	-3.487463e-03	1.363986e-02	-1.712732e-02	1.538359e-02	4.145932e-05	-2.616611e-04	-2.480650e-04	-3.856936e-04	1.376286e-04
321           	1.921779e-02	9.650576e-03	9.567218e-03	-3.487467e-03	1.363955e-02	-1.712702e-02	1.538328e-02	4.167893e-05	-2.618904e-04	-2.482456e-04	-3.860131e-04	1.377676e-04
322           	1.921747e-02	9.650633e-03	9.566839e-03	-3.487471e-03	1.363925e-02	-1.712672e-02	1.538298e-02	4.189674e-05	-2.621179e-04	-2.484249e-04	-3.863303e-04	1.379054e-04
323           	1.921716e-02	9.650691e-03	9.566465e-03	-3.487476e-03	1.363895e-02	-1.712642e-02	1.538269e-02	4.211278e-05	-2.623436e-04	-2.486030e-04	-3.866451e-04	1.380421e-04
324           	1.921684e-02	9.650749e-03	9.566095e-03	-3.487480e-03	1.363866e-02	-1.712614e-02	1.538240e-02	4.232702e-05	-2.625676e-04	-2.487797e-04	-3.869575e-04	1.381777e-04
325           	1.921654e-02	9.650809e-03	9.565730e-03	-3.487484e-03	1.363837e-02	-1.712585e-02	1.538211e-02	4.253946e-05	-2.627898e-04	-2.489553e-04	-3.872675e-04	1.383122e-04
326           	1.921624e-02	9.650869e-03	9.565369e-03	-3.487489e-03	1.363809e-02	-1.712558e-02	1.538183e-02	4.275008e-05	-2.630103e-04	-2.491295e-04	-3.875750e-04	1.384455e-04
327           	1.921594e-02	9.650930e-03	9.565013e-03	-3.487493e-03	1.363781e-02	-1.712530e-02	1.538156e-02	4.295888e-05	-2.632289e-04	-2.493023e-04	-3.878801e-04	1.385777e-04
328           	1.921565e-02	9.650992e-03	9.564660e-03	-3.487497e-03	1.363754e-02	-1.712503e-02	1.538129e-02	4.316586e-05	-2.634457e-04	-2.494739e-04	-3.881827e-04	1.387088e-04
329           	1.921537e-02	9.651055e-03	9.564313e-03	-3.487502e-03	1.363727e-02	-1.712477e-02	1.538102e-02	4.337100e-05	-2.636607e-04	-2.496441e-04	-3.884828e-04	1.388386e-04
330           	1.921509e-02	9.651118e-03	9.563969e-03	-3.487506e-03	1.363701e-02	-1.712451e-02	1.538076e-02	4.357429e-05	-2.638738e-04	-2.498130e-04	-3.887804e-04	1.389673e-04
331           	1.921481e-02	9.651181e-03	9.563630e-03	-3.487510e-03	1.363675e-02	-1.712426e-02	1.538050e-02	4.377573e-05	-2.640852e-04	-2.499806e-04	-3.890754e-04	1.390949e-04
332           	1.921454e-02	9.651245e-03	9.563295e-03	-3.487514e-03	1.363649e-02	-1.712401e-02	1.538025e-02	4.397530e-05	-2.642946e-04	-2.501467e-04	-3.893680e-04	1.392213e-04
333           	1.921427e-02	9.651310e-03	9.562964e-03	-3.487518e-03	1.363624e-02	-1.712376e-02	1.538000e-02	4.417304e-05	-2.645023e-04	-2.503116e-04	-3.896580e-04	1.393465e-04
334           	1.921401e-02	9.651375e-03	9.562637e-03	-3.487523e-03	1.363600e-02	-1.712352e-02	1.537976e-02	4.436894e-05	-2.647081e-04	-2.504751e-04	-3.899456e-04	1.394705e-04
335           	1.921375e-02	9.651440e-03	9.562314e-03	-3.487527e-03	1.363575e-02	-1.712328e-02	1.537952e-02	4.456302e-05	-2.649121e-04	-2.506372e-04	-3.902307e-04	1.395935e-04
336           	1.921350e-02	9.651506e-03	9.561995e-03	-3.487531e-03	1.363552e-02	-1.712305e-02	1.537928e-02	4.475530e-05	-2.651143e-04	-2.507980e-04	-3.905134e-04	1.397153e-04
337           	1.921325e-02	9.651572e-03	9.561681e-03	-3.487535e-03	1.363528e-02	-1.712282e-02	1.537905e-02	4.494578e-05	-2.653148e-04	-2.509575e-04	-3.907935e-04	1.398360e-04
338           	1.921301e-02	9.651639e-03	9.561370e-03	-3.487539e-03	1.363506e-02	-1.712259e-02	1.537883e-02	4.513447e-05	-2.655134e-04	-2.511157e-04	-3.910713e-04	1.399556e-04
339           	1.921277e-02	9.651706e-03	9.561063e-03	-3.487543e-03	1.363483e-02	-1.712237e-02	1.537860e-02	4.532135e-05	-2.657103e-04	-2.512725e-04	-3.913465e-04	1.400740e-04
340           	1.921253e-02	9.651773e-03	9.560760e-03	-3.487547e-03	1.363461e-02	-1.712216e-02	1.537838e-02	4.550644e-05	-2.659053e-04	-2.514280e-04	-3.916193e-04	1.401913e-04
341           	1.921230e-02	9.651840e-03	9.560461e-03	-3.487551e-03	1.363439e-02	-1.712194e-02	1.537817e-02	4.568974e-05	-2.660986e-04	-2.515821e-04	-3.918896e-04	1.403075e-04
342           	1.921207e-02	9.651908e-03	9.560166e-03	-3.487555e-03	1.363418e-02	-1.712174e-02	1.537796e-02	4.587127e-05	-2.662900e-04	-2.517349e-04	-3.921575e-04	1.404226e-04
343           	1.921185e-02	9.651976e-03	9.559874e-03	-3.487559e-03	1.363397e-02	-1.712153e-02	1.537775e-02	4.605103e-05	-2.664797e-04	-2.518863e-04	-3.924229e-04	1.405366e-04
344           	1.921163e-02	9.652044e-03	9.559586e-03	-3.487563e-03	1.363377e-02	-1.712133e-02	1.537755e-02	4.622902e-05	-2.666676e-04	-2.520364e-04	-3.926858e-04	1.406494e-04
345           	1.921141e-02	9.652113e-03	9.559302e-03	-3.487566e-03	1.363356e-02	-1.712113e-02	1.537735e-02	4.640524e-05	-2.668537e-04	-2.521852e-04	-3.929463e-04	1.407611e-04
346           	1.921120e-02	9.652169e-03	9.559034e-03	-3.487570e-03	1.363337e-02	-1.712094e-02	1.537715e-02	4.656733e-05	-2.670238e-04	-2.523217e-04	-3.931847e-04	1.408630e-04
347           	1.921100e-02	9.652242e-03	9.558754e-03	-3.487574e-03	1.363317e-02	-1.712075e-02	1.537696e-02	4.674406e-05	-2.672110e-04	-2.524713e-04	-3.934466e-04	1.409753e-04
348           	1.921079e-02	9.652303e-03	9.558488e-03	-3.487578e-03	1.363298e-02	-1.712056e-02	1.537677e-02	4.690713e-05	-2.673826e-04	-2.526090e-04	-3.936872e-04	1.410781e-04
349           	1.921059e-02	9.652379e-03	9.558211e-03	-3.487581e-03	1.363279e-02	-1.712037e-02	1.537658e-02	4.708407e-05	-2.675704e-04	-2.527591e-04	-3.939500e-04	1.411909e-04
350           	1.921039e-02	9.652443e-03	9.557950e-03	-3.487585e-03	1.363261e-02	-1.712019e-02	1.537640e-02	4.724666e-05	-2.677420e-04	-2.528967e-04	-3.941904e-04	1.412936e-04
351           	1.921020e-02	9.652509e-03	9.557690e-03	-3.487589e-03	1.363243e-02	-1.712002e-02	1.537622e-02	4.740989e-05	-2.679145e-04	-2.530351e-04	-3.944320e-04	1.413970e-04
352           	1.921001e-02	9.652589e-03	9.557419e-03	-3.487592e-03	1.363225e-02	-1.711984e-02	1.537604e-02	4.758520e-05	-2.681010e-04	-2.531841e-04	-3.946930e-04	1.415089e-04
353           	1.920982e-02	9.652656e-03	9.557165e-03	-3.487596e-03	1.363207e-02	-1.711967e-02	1.537587e-02	4.774517e-05	-2.682701e-04	-2.533198e-04	-3.949300e-04	1.416102e-04
354           	1.920964e-02	9.652723e-03	9.556915e-03	-3.487599e-03	1.363190e-02	-1.711950e-02	1.537570e-02	4.790431e-05	-2.684385e-04	-2.534549e-04	-3.951659e-04	1.417110e-04
355           	1.920946e-02	9.652791e-03	9.556666e-03	-3.487602e-03	1.363173e-02	-1.711934e-02	1.537554e-02	4.806265e-05	-2.686061e-04	-2.535894e-04	-3.954008e-04	1.418114e-04
356           	1.920928e-02	9.652860e-03	9.556420e-03	-3.487606e-03	1.363157e-02	-1.711917e-02	1.537537e-02	4.822009e-05	-2.687729e-04	-2.537233e-04	-3.956345e-04	1.419112e-04
357           	1.920911e-02	9.652930e-03	9.556177e-03	-3.487609e-03	1.363141e-02	-1.711902e-02	1.537521e-02	4.837648e-05	-2.689386e-04	-2.538563e-04	-3.958668e-04	1.420104e-04
358           	1.920894e-02	9.653000e-03	9.555937e-03	-3.487612e-03	1.363125e-02	-1.711886e-02	1.537505e-02	4.853157e-05	-2.691030e-04	-2.539884e-04	-3.960972e-04	1.421089e-04
359           	1.920877e-02	9.653070e-03	9.555699e-03	-3.487616e-03	1.363109e-02	-1.711871e-02	1.537490e-02	4.868517e-05	-2.692659e-04	-2.541192e-04	-3.963255e-04	1.422063e-04
360           	1.920860e-02	9.653139e-03	9.555465e-03	-3.487619e-03	1.363094e-02	-1.711856e-02	1.537475e-02	4.883708e-05	-2.694270e-04	-2.542487e-04	-3.965514e-04	1.423027e-04
361           	1.920844e-02	9.653209e-03	9.555234e-03	-3.487622e-03	1.363079e-02	-1.711841e-02	1.537460e-02	4.898717e-05	-2.695863e-04	-2.543767e-04	-3.967746e-04	1.423979e-04
362           	1.920828e-02	9.653278e-03	9.555007e-03	-3.487625e-03	1.363064e-02	-1.711826e-02	1.537445e-02	4.913540e-05	-2.697435e-04	-2.545032e-04	-3.969951e-04	1.424919e-04
363           	1.920813e-02	9.653346e-03	9.554783e-03	-3.487628e-03	1.363049e-02	-1.711812e-02	1.537431e-02	4.928177e-05	-2.698988e-04	-2.546282e-04	-3.972129e-04	1.425847e-04
364           	1.920798e-02	9.653415e-03	9.554562e-03	-3.487631e-03	1.363035e-02	-1.711798e-02	1.537417e-02	4.942633e-05	-2.700522e-04	-2.547518e-04	-3.974281e-04	1.426763e-04
365           	1.920783e-02	9.653483e-03	9.554344e-03	-3.487634e-03	1.363021e-02	-1.711785e-02	1.537403e-02	4.956917e-05	-2.702039e-04	-2.548740e-04	-3.976408e-04	1.427669e-04
366           	1.920768e-02	9.653550e-03	9.554130e-03	-3.487637e-03	1.363008e-02	-1.711771e-02	1.537389e-02	4.971038e-05	-2.703538e-04	-2.549948e-04	-3.978512e-04	1.428564e-04
367           	1.920754e-02	9.653618e-03	9.553918e-03	-3.487640e-03	1.362994e-02	-1.711758e-02	1.537376e-02	4.985000e-05	-2.705021e-04	-2.551145e-04	-3.980594e-04	1.429449e-04
368           	1.920739e-02	9.653685e-03	9.553709e-03	-3.487643e-03	1.362981e-02	-1.711745e-02	1.537363e-02	4.998811e-05	-2.706489e-04	-2.552329e-04	-3.982654e-04	1.430325e-04
369           	1.920726e-02	9.653752e-03	9.553503e-03	-3.487646e-03	1.362968e-02	-1.711733e-02	1.537350e-02	5.012474e-05	-2.707942e-04	-2.553501e-04	-3.984692e-04	1.431191e-04
370           	1.920712e-02	9.653819e-03	9.553300e-03	-3.487649e-03	1.362955e-02	-1.711720e-02	1.537338e-02	5.025989e-05	-2.709379e-04	-2.554662e-04	-3.986710e-04	1.432048e-04
371           	1.920699e-02	9.653886e-03	9.553099e-03	-3.487652e-03	1.362943e-02	-1.711708e-02	1.537325e-02	5.039358e-05	-2.710802e-04	-2.555811e-04	-3.988707e-04	1.432896e-04
372           	1.920685e-02	9.653970e-03	9.552882e-03	-3.487654e-03	1.362930e-02	-1.711696e-02	1.537313e-02	5.054432e-05	-2.712412e-04	-2.557111e-04	-3.990967e-04	1.433856e-04
373           	1.920672e-02	9.654047e-03	9.552675e-03	-3.487656e-03	1.362918e-02	-1.711684e-02	1.537301e-02	5.068623e-05	-2.713927e-04	-2.558335e-04	-3.993094e-04	1.434759e-04
374           	1.920660e-02	9.654117e-03	9.552478e-03	-3.487659e-03	1.362906e-02	-1.711672e-02	1.537289e-02	5.081973e-05	-2.715350e-04	-2.559486e-04	-3.995093e-04	1.435607e-04
375           	1.920647e-02	9.654182e-03	9.552289e-03	-3.487661e-03	1.362895e-02	-1.711661e-02	1.537278e-02	5.094615e-05	-2.716697e-04	-2.560576e-04	-3.996984e-04	1.436409e-04
376           	1.920635e-02	9.654242e-03	9.552108e-03	-3.487664e-03	1.362884e-02	-1.711650e-02	1.537267e-02	5.106728e-05	-2.717984e-04	-2.561619e-04	-3.998794e-04	1.437175e-04
377           	1.920623e-02	9.654301e-03	9.551931e-03	-3.487667e-03	1.362873e-02	-1.711639e-02	1.537256e-02	5.118495e-05	-2.719234e-04	-2.562633e-04	-4.000551e-04	1.437918e-04
378           	1.920611e-02	9.654375e-03	9.551738e-03	-3.487670e-03	1.362862e-02	-1.711629e-02	1.537245e-02	5.131861e-05	-2.720660e-04	-2.563788e-04	-4.002554e-04	1.438766e-04
379           	1.920600e-02	9.654461e-03	9.551535e-03	-3.487671e-03	1.362851e-02	-1.711618e-02	1.537234e-02	5.146312e-05	-2.722206e-04	-2.565041e-04	-4.004726e-04	1.439686e-04
380           	1.920588e-02	9.654535e-03	9.551348e-03	-3.487673e-03	1.362840e-02	-1.711608e-02	1.537224e-02	5.159364e-05	-2.723600e-04	-2.566172e-04	-4.006686e-04	1.440514e-04
381           	1.920577e-02	9.654599e-03	9.551174e-03	-3.487676e-03	1.362830e-02	-1.711598e-02	1.537214e-02	5.171223e-05	-2.724864e-04	-2.567198e-04	-4.008463e-04	1.441265e-04
382           	1.920567e-02	9.654655e-03	9.551011e-03	-3.487679e-03	1.362820e-02	-1.711588e-02	1.537204e-02	5.182192e-05	-2.726030e-04	-2.568146e-04	-4.010103e-04	1.441957e-04
383           	1.920556e-02	9.654723e-03	9.550835e-03	-3.487681e-03	1.362810e-02	-1.711578e-02	1.537194e-02	5.194407e-05	-2.727333e-04	-2.569205e-04	-4.011935e-04	1.442731e-04
384           	1.920546e-02	9.654784e-03	9.550671e-03	-3.487684e-03	1.362801e-02	-1.711569e-02	1.537185e-02	5.205641e-05	-2.728529e-04	-2.570177e-04	-4.013617e-04	1.443440e-04
385           	1.920535e-02	9.654856e-03	9.550496e-03	-3.487686e-03	1.362791e-02	-1.711560e-02	1.537175e-02	5.217979e-05	-2.729846e-04	-2.571248e-04	-4.015470e-04	1.444222e-04
386           	1.920525e-02	9.654918e-03	9.550334e-03	-3.487689e-03	1.362782e-02	-1.711551e-02	1.537166e-02	5.229169e-05	-2.731039e-04	-2.572218e-04	-4.017148e-04	1.444930e-04
387           	1.920515e-02	9.654990e-03	9.550164e-03	-3.487691e-03	1.362773e-02	-1.711542e-02	1.537157e-02	5.241319e-05	-2.732337e-04	-2.573273e-04	-4.018974e-04	1.445701e-04
388           	1.920506e-02	9.655051e-03	9.550007e-03	-3.487694e-03	1.362764e-02	-1.711533e-02	1.537149e-02	5.252197e-05	-2.733497e-04	-2.574217e-04	-4.020606e-04	1.446389e-04
389           	1.920496e-02	9.655121e-03	9.549842e-03	-3.487696e-03	1.362755e-02	-1.711525e-02	1.537140e-02	5.263951e-05	-2.734753e-04	-2.575238e-04	-4.022373e-04	1.447134e-04
390           	1.920487e-02	9.655179e-03	9.549691e-03	-3.487699e-03	1.362747e-02	-1.711516e-02	1.537132e-02	5.274397e-05	-2.735867e-04	-2.576144e-04	-4.023939e-04	1.447795e-04
391           	1.920478e-02	9.655247e-03	9.549533e-03	-3.487701e-03	1.362738e-02	-1.711508e-02	1.537123e-02	5.285701e-05	-2.737075e-04	-2.577127e-04	-4.025638e-04	1.448512e-04
392           	1.920469e-02	9.655303e-03	9.549388e-03	-3.487703e-03	1.362730e-02	-1.711500e-02	1.537115e-02	5.295726e-05	-2.738143e-04	-2.577996e-04	-4.027141e-04	1.449145e-04
393           	1.920460e-02	9.655368e-03	9.549236e-03	-3.487706e-03	1.362722e-02	-1.711493e-02	1.537107e-02	5.306628e-05	-2.739308e-04	-2.578943e-04	-4.028780e-04	1.449836e-04
394           	1.920452e-02	9.655440e-03	9.549077e-03	-3.487707e-03	1.362714e-02	-1.711485e-02	1.537099e-02	5.318123e-05	-2.740538e-04	-2.579944e-04	-4.030510e-04	1.450566e-04
395           	1.920443e-02	9.655497e-03	9.548936e-03	-3.487710e-03	1.362706e-02	-1.711477e-02	1.537092e-02	5.328052e-05	-2.741598e-04	-2.580806e-04	-4.032001e-04	1.451195e-04
396           	1.920435e-02	9.655562e-03	9.548790e-03	-3.487712e-03	1.362699e-02	-1.711470e-02	1.537084e-02	5.338626e-05	-2.742728e-04	-2.581726e-04	-4.033591e-04	1.451865e-04
397           	1.920427e-02	9.655614e-03	9.548658e-03	-3.487715e-03	1.362692e-02	-1.711463e-02	1.537077e-02	5.347794e-05	-2.743704e-04	-2.582521e-04	-4.034965e-04	1.452444e-04
398           	1.920419e-02	9.655674e-03	9.548519e-03	-3.487717e-03	1.362684e-02	-1.711456e-02	1.537070e-02	5.357752e-05	-2.744768e-04	-2.583386e-04	-4.036461e-04	1.453075e-04
399           	1.920412e-02	9.655741e-03	9.548375e-03	-3.487719e-03	1.362677e-02	-1.711449e-02	1.537063e-02	5.368275e-05	-2.745894e-04	-2.584302e-04	-4.038044e-04	1.453743e-04
400           	1.920404e-02	9.655811e-03	9.548228e-03	-3.487720e-03	1.362670e-02	-1.711442e-02	1.537056e-02	5.379109e-05	-2.747054e-04	-2.585246e-04	-4.039677e-04	1.454432e-04
401           	1.920397e-02	9.655864e-03	9.548101e-03	-3.487723e-03	1.362663e-02	-1.711436e-02	1.537050e-02	5.388171e-05	-2.748022e-04	-2.586033e-04	-4.041038e-04	1.455005e-04
402           	1.920389e-02	9.655924e-03	9.547969e-03	-3.487725e-03	1.362657e-02	-1.711429e-02	1.537043e-02	5.397720e-05	-2.749042e-04	-2.586864e-04	-4.042474e-04	1.455610e-04
403           	1.920382e-02	9.655987e-03	9.547835e-03	-3.487727e-03	1.362650e-02	-1.711423e-02	1.537037e-02	5.407594e-05	-2.750099e-04	-2.587724e-04	-4.043961e-04	1.456237e-04
404           	1.920375e-02	9.656035e-03	9.547718e-03	-3.487730e-03	1.362644e-02	-1.711417e-02	1.537031e-02	5.415818e-05	-2.750975e-04	-2.588437e-04	-4.045194e-04	1.456756e-04
405           	1.920368e-02	9.656089e-03	9.547596e-03	-3.487732e-03	1.362638e-02	-1.711411e-02	1.537024e-02	5.424635e-05	-2.751916e-04	-2.589204e-04	-4.046518e-04	1.457314e-04
406           	1.920362e-02	9.656148e-03	9.547470e-03	-3.487734e-03	1.362632e-02	-1.711405e-02	1.537018e-02	5.433900e-05	-2.752907e-04	-2.590011e-04	-4.047912e-04	1.457902e-04
407           	1.920355e-02	9.656210e-03	9.547342e-03	-3.487736e-03	1.362626e-02	-1.711399e-02	1.537012e-02	5.443432e-05	-2.753928e-04	-2.590842e-04	-4.049349e-04	1.458507e-04
408           	1.920349e-02	9.656274e-03	9.547213e-03	-3.487737e-03	1.362620e-02	-1.711393e-02	1.537007e-02	5.453047e-05	-2.754959e-04	-2.591681e-04	-4.050799e-04	1.459118e-04
409           	1.920343e-02	9.656321e-03	9.547105e-03	-3.487740e-03	1.362614e-02	-1.711388e-02	1.537001e-02	5.460797e-05	-2.755785e-04	-2.592355e-04	-4.051963e-04	1.459608e-04
410           	1.920336e-02	9.656372e-03	9.546993e-03	-3.487742e-03	1.362609e-02	-1.711383e-02	1.536996e-02	5.468951e-05	-2.756656e-04	-2.593065e-04	-4.053189e-04	1.460124e-04
411           	1.920330e-02	9.656426e-03	9.546878e-03	-3.487744e-03	1.362603e-02	-1.711378e-02	1.536990e-02	5.477413e-05	-2.757562e-04	-2.593803e-04	-4.054463e-04	1.460660e-04
412           	1.920325e-02	9.656483e-03	9.546762e-03	-3.487746e-03	1.362598e-02	-1.711372e-02	1.536985e-02	5.486061e-05	-2.758488e-04	-2.594558e-04	-4.055767e-04	1.461209e-04
413           	1.920319e-02	9.656541e-03	9.546646e-03	-3.487747e-03	1.362592e-02	-1.711367e-02	1.536980e-02	5.494765e-05	-2.759421e-04	-2.595318e-04	-4.057080e-04	1.461762e-04
414           	1.920313e-02	9.656599e-03	9.546531e-03	-3.487749e-03	1.362587e-02	-1.711362e-02	1.536975e-02	5.503406e-05	-2.760348e-04	-2.596074e-04	-4.058385e-04	1.462311e-04
415           	1.920307e-02	9.656656e-03	9.546418e-03	-3.487750e-03	1.362582e-02	-1.711357e-02	1.536970e-02	5.511891e-05	-2.761258e-04	-2.596817e-04	-4.059666e-04	1.462850e-04
416           	1.920302e-02	9.656695e-03	9.546327e-03	-3.487753e-03	1.362578e-02	-1.711353e-02	1.536965e-02	5.518407e-05	-2.761952e-04	-2.597384e-04	-4.060644e-04	1.463260e-04
417           	1.920297e-02	9.656738e-03	9.546232e-03	-3.487755e-03	1.362573e-02	-1.711348e-02	1.536961e-02	5.525256e-05	-2.762682e-04	-2.597981e-04	-4.061673e-04	1.463691e-04
418           	1.920292e-02	9.656784e-03	9.546135e-03	-3.487757e-03	1.362568e-02	-1.711344e-02	1.536956e-02	5.532417e-05	-2.763447e-04	-2.598607e-04	-4.062751e-04	1.464144e-04
419           	1.920287e-02	9.656832e-03	9.546036e-03	-3.487759e-03	1.362564e-02	-1.711340e-02	1.536952e-02	5.539819e-05	-2.764239e-04	-2.599255e-04	-4.063867e-04	1.464612e-04
420           	1.920282e-02	9.656883e-03	9.545936e-03	-3.487761e-03	1.362559e-02	-1.711335e-02	1.536947e-02	5.547366e-05	-2.765048e-04	-2.599916e-04	-4.065006e-04	1.465090e-04
421           	1.920277e-02	9.656935e-03	9.545836e-03	-3.487762e-03	1.362555e-02	-1.711331e-02	1.536943e-02	5.554954e-05	-2.765862e-04	-2.600581e-04	-4.066153e-04	1.465572e-04
422           	1.920272e-02	9.656986e-03	9.545736e-03	-3.487764e-03	1.362551e-02	-1.711327e-02	1.536939e-02	5.562484e-05	-2.766671e-04	-2.601242e-04	-4.067292e-04	1.466050e-04
