# Force and moment coefficients
# dragDir     : (1.000000e+00 0.000000e+00 0.000000e+00)
# sideDir     : (0.000000e+00 0.000000e+00 -1.000000e+00)
# liftDir     : (0.000000e+00 1.000000e+00 0.000000e+00)
# rollAxis    : (1.000000e+00 0.000000e+00 0.000000e+00)
# pitchAxis   : (0.000000e+00 0.000000e+00 -1.000000e+00)
# yawAxis     : (0.000000e+00 1.000000e+00 0.000000e+00)
# magUInf     : 6.661800e+00
# lRef        : 1.499270e-01
# Aref        : 5.000000e-02
# CofR        : (3.750000e-02 0.000000e+00 0.000000e+00)
#
# Time        	Cd            	Cd(f)         	Cd(r)         	Cl            	Cl(f)         	Cl(r)         	CmPitch       	CmRoll        	CmYaw         	Cs            	Cs(f)         	Cs(r)         
1             	1.990631e-01	9.909871e-02	9.996434e-02	1.051989e-03	1.641736e-04	8.878159e-04	-3.618211e-04	-4.328134e-04	9.710934e-02	2.604910e-02	1.101339e-01	-8.408479e-02
2             	1.554696e-01	7.736817e-02	7.810148e-02	8.968074e-04	1.824539e-04	7.143535e-04	-2.659498e-04	-3.666526e-04	7.979231e-02	3.285561e-02	9.622012e-02	-6.336451e-02
3             	1.236590e-01	6.160597e-02	6.205302e-02	5.449400e-04	1.537684e-04	3.911716e-04	-1.187016e-04	-2.235242e-04	6.501232e-02	3.237931e-02	8.120198e-02	-4.882267e-02
4             	9.701978e-02	4.846033e-02	4.855945e-02	1.117868e-04	9.560083e-05	1.618597e-05	3.970743e-05	-4.956190e-05	5.070512e-02	2.659682e-02	6.400353e-02	-3.740671e-02
5             	7.368482e-02	3.695274e-02	3.673208e-02	-2.921283e-04	2.882930e-05	-3.209576e-04	1.748935e-04	1.103269e-04	3.696723e-02	1.787878e-02	4.590662e-02	-2.802784e-02
6             	5.388966e-02	2.716562e-02	2.672404e-02	-5.786032e-04	-2.869658e-05	-5.499066e-04	2.606050e-04	2.207885e-04	2.475679e-02	8.531534e-03	2.902256e-02	-2.049102e-02
7             	3.836241e-02	1.944550e-02	1.891691e-02	-7.029374e-04	-6.485723e-05	-6.380801e-04	2.866115e-04	2.642976e-04	1.504186e-02	3.803012e-04	1.523201e-02	-1.485171e-02
8             	2.754057e-02	1.401161e-02	1.352896e-02	-6.649715e-04	-7.547738e-05	-5.894941e-04	2.570083e-04	2.413260e-04	8.391189e-03	-5.438732e-03	5.671823e-03	-1.111056e-02
9             	2.126279e-02	1.079960e-02	1.046319e-02	-5.030020e-04	-6.298367e-05	-4.400183e-04	1.885173e-04	1.682061e-04	4.827421e-03	-8.516422e-03	5.692096e-04	-9.085631e-03
10            	1.881747e-02	9.478758e-03	9.338708e-03	-2.767380e-04	-3.441526e-05	-2.423228e-04	1.039538e-04	7.002505e-05	3.907003e-03	-9.045057e-03	-6.155256e-04	-8.429532e-03
11            	1.913080e-02	9.538647e-03	9.592157e-03	-4.952979e-05	1.154641e-06	-5.068443e-05	2.591954e-05	-2.675519e-05	4.882332e-03	-7.622958e-03	1.070853e-03	-8.693811e-03
12            	2.101885e-02	1.040901e-02	1.060983e-02	1.263816e-04	3.496494e-05	9.141668e-05	-2.822587e-05	-1.004118e-04	6.903131e-03	-5.033480e-03	4.386391e-03	-9.419871e-03
13            	2.341038e-02	1.156729e-02	1.184308e-02	2.189121e-04	6.005404e-05	1.588581e-04	-4.940203e-05	-1.378946e-04	9.191350e-03	-2.050929e-03	8.165886e-03	-1.021681e-02
14            	2.549450e-02	1.261123e-02	1.288326e-02	2.190688e-04	7.273749e-05	1.463313e-04	-3.679692e-05	-1.360132e-04	1.115728e-02	6.966704e-04	1.150562e-02	-1.080895e-02
15            	2.678457e-02	1.329163e-02	1.349294e-02	1.399916e-04	7.253656e-05	6.745507e-05	2.540748e-06	-1.006562e-04	1.245079e-02	2.799400e-03	1.385049e-02	-1.105109e-02
16            	2.711181e-02	1.351201e-02	1.359980e-02	9.461579e-06	6.183356e-05	-5.237198e-05	5.710277e-05	-4.389320e-05	1.295880e-02	4.079863e-03	1.499873e-02	-1.091887e-02
17            	2.655929e-02	1.329949e-02	1.325980e-02	-1.387677e-04	4.509995e-05	-1.838677e-04	1.144838e-04	1.984149e-05	1.275693e-02	4.558450e-03	1.503615e-02	-1.047770e-02
18            	2.537016e-02	1.276210e-02	1.260806e-02	-2.725547e-04	2.759544e-05	-3.001501e-04	1.638728e-04	7.702461e-05	1.204093e-02	4.393200e-03	1.423753e-02	-9.844327e-03
19            	2.384743e-02	1.204139e-02	1.180603e-02	-3.680094e-04	1.406063e-05	-3.820700e-04	1.980653e-04	1.176811e-04	1.104993e-02	3.809234e-03	1.295454e-02	-9.145311e-03
20            	2.227594e-02	1.127485e-02	1.100109e-02	-4.129552e-04	7.783112e-06	-4.207383e-04	2.142607e-04	1.368843e-04	1.000792e-02	3.038062e-03	1.152695e-02	-8.488888e-03
21            	2.087079e-02	1.057032e-02	1.030048e-02	-4.075838e-04	1.004581e-05	-4.176296e-04	2.138377e-04	1.349186e-04	9.084110e-03	2.273426e-03	1.022082e-02	-7.947397e-03
22            	1.975510e-02	9.993908e-03	9.761187e-03	-3.623160e-04	2.017340e-05	-3.824894e-04	2.013314e-04	1.163603e-04	8.375873e-03	1.647419e-03	9.199583e-03	-7.552164e-03
23            	1.896232e-02	9.569604e-03	9.392716e-03	-2.939384e-04	3.600024e-05	-3.299387e-04	1.829695e-04	8.844359e-05	7.910500e-03	1.224966e-03	8.522983e-03	-7.298017e-03
24            	1.845639e-02	9.287275e-03	9.169117e-03	-2.211891e-04	5.442600e-05	-2.756151e-04	1.650206e-04	5.907877e-05	7.660832e-03	1.012991e-03	8.167327e-03	-7.154337e-03
25            	1.816028e-02	9.115276e-03	9.045006e-03	-1.604627e-04	7.219639e-05	-2.326591e-04	1.524277e-04	3.513485e-05	7.567346e-03	9.776125e-04	8.056153e-03	-7.078540e-03
26            	1.798601e-02	9.014300e-03	8.971708e-03	-1.231904e-04	8.659013e-05	-2.097805e-04	1.481853e-04	2.129591e-05	7.561572e-03	1.064444e-03	8.093794e-03	-7.029350e-03
27            	1.785550e-02	8.947288e-03	8.908216e-03	-1.144728e-04	9.586913e-05	-2.103419e-04	1.531055e-04	1.953601e-05	7.582440e-03	1.215314e-03	8.190098e-03	-6.974783e-03
28            	1.771346e-02	8.885869e-03	8.827588e-03	-1.330576e-04	9.943358e-05	-2.324912e-04	1.659624e-04	2.914069e-05	7.586481e-03	1.380484e-03	8.276723e-03	-6.896239e-03
29            	1.753186e-02	8.813270e-03	8.718594e-03	-1.727645e-04	9.774290e-05	-2.705074e-04	1.841251e-04	4.733818e-05	7.551577e-03	1.525529e-03	8.314341e-03	-6.788812e-03
30            	1.730700e-02	8.723660e-03	8.583338e-03	-2.244512e-04	9.211251e-05	-3.165637e-04	2.043381e-04	7.016130e-05	7.474730e-03	1.632690e-03	8.291075e-03	-6.658385e-03
31            	1.705189e-02	8.619384e-03	8.432503e-03	-2.783160e-04	8.432708e-05	-3.626431e-04	2.234851e-04	9.344068e-05	7.366331e-03	1.698449e-03	8.215555e-03	-6.517106e-03
32            	1.678674e-02	8.506985e-03	8.279751e-03	-3.258037e-04	7.625247e-05	-4.020562e-04	2.391543e-04	1.136174e-04	7.242731e-03	1.728800e-03	8.107131e-03	-6.378331e-03
33            	1.653110e-02	8.393837e-03	8.137262e-03	-3.609186e-04	6.948314e-05	-4.304017e-04	2.499424e-04	1.282876e-04	7.120077e-03	1.734377e-03	7.987266e-03	-6.252888e-03
34            	1.629873e-02	8.285824e-03	8.012903e-03	-3.809136e-04	6.511885e-05	-4.460324e-04	2.555756e-04	1.364604e-04	7.010162e-03	1.726399e-03	7.873361e-03	-6.146963e-03
35            	1.609527e-02	8.186118e-03	7.909156e-03	-3.861897e-04	6.365886e-05	-4.498486e-04	2.567537e-04	1.384810e-04	6.918491e-03	1.713909e-03	7.775446e-03	-6.061536e-03
36            	1.591871e-02	8.095074e-03	7.823639e-03	-3.796159e-04	6.501290e-05	-4.446288e-04	2.548208e-04	1.357176e-04	6.844466e-03	1.702549e-03	7.695741e-03	-5.993192e-03
37            	1.576160e-02	8.010903e-03	7.750698e-03	-3.655264e-04	6.861394e-05	-4.341403e-04	2.513771e-04	1.301025e-04	6.783049e-03	1.694574e-03	7.630336e-03	-5.935762e-03
38            	1.561430e-02	7.930836e-03	7.683463e-03	-3.486810e-04	7.361990e-05	-4.223009e-04	2.479604e-04	1.236867e-04	6.727237e-03	1.689772e-03	7.572122e-03	-5.882351e-03
39            	1.546811e-02	7.852276e-03	7.615839e-03	-3.332976e-04	7.909510e-05	-4.123927e-04	2.457439e-04	1.182184e-04	6.670496e-03	1.686721e-03	7.513857e-03	-5.827136e-03
40            	1.531741e-02	7.773602e-03	7.543807e-03	-3.224213e-04	8.419358e-05	-4.066149e-04	2.454043e-04	1.148974e-04	6.608456e-03	1.683893e-03	7.450402e-03	-5.766510e-03
41            	1.516048e-02	7.694494e-03	7.465990e-03	-3.175911e-04	8.828537e-05	-4.058765e-04	2.470809e-04	1.142517e-04	6.539665e-03	1.680364e-03	7.379847e-03	-5.699483e-03
42            	1.499928e-02	7.615822e-03	7.383457e-03	-3.188870e-04	9.102401e-05	-4.099110e-04	2.504675e-04	1.161824e-04	6.465448e-03	1.676099e-03	7.303497e-03	-5.627399e-03
43            	1.483824e-02	7.539235e-03	7.299001e-03	-3.252332e-04	9.235420e-05	-4.175874e-04	2.549708e-04	1.201171e-04	6.389108e-03	1.671823e-03	7.225020e-03	-5.553197e-03
44            	1.468276e-02	7.466596e-03	7.216159e-03	-3.348482e-04	9.246752e-05	-4.273157e-04	2.598916e-04	1.252180e-04	6.314766e-03	1.668653e-03	7.149092e-03	-5.480439e-03
45            	1.453765e-02	7.399422e-03	7.138228e-03	-3.457276e-04	9.172257e-05	-4.374502e-04	2.645864e-04	1.305970e-04	6.246194e-03	1.667648e-03	7.080018e-03	-5.412370e-03
46            	1.440602e-02	7.338506e-03	7.067513e-03	-3.560688e-04	9.055197e-05	-4.466207e-04	2.685863e-04	1.354963e-04	6.185937e-03	1.669432e-03	7.020653e-03	-5.351221e-03
47            	1.428871e-02	7.283756e-03	7.004953e-03	-3.645544e-04	8.936814e-05	-4.539226e-04	2.716454e-04	1.394013e-04	6.134869e-03	1.674011e-03	6.971874e-03	-5.297863e-03
48            	1.418439e-02	7.234281e-03	6.950105e-03	-3.704949e-04	8.849686e-05	-4.589918e-04	2.737443e-04	1.420878e-04	6.092210e-03	1.680775e-03	6.932597e-03	-5.251823e-03
49            	1.409008e-02	7.188639e-03	6.901438e-03	-3.738138e-04	8.813443e-05	-4.619483e-04	2.750413e-04	1.436004e-04	6.055905e-03	1.688670e-03	6.900240e-03	-5.211570e-03
50            	1.400199e-02	7.145175e-03	6.856811e-03	-3.749187e-04	8.833700e-05	-4.632558e-04	2.757964e-04	1.441819e-04	6.023227e-03	1.696472e-03	6.871463e-03	-5.174992e-03
51            	1.391639e-02	7.102374e-03	6.814014e-03	-3.745076e-04	8.903490e-05	-4.635425e-04	2.762887e-04	1.441799e-04	5.991440e-03	1.703070e-03	6.842975e-03	-5.139905e-03
52            	1.383035e-02	7.059134e-03	6.771221e-03	-3.733697e-04	9.006963e-05	-4.634393e-04	2.767545e-04	1.439565e-04	5.958353e-03	1.707704e-03	6.812205e-03	-5.104501e-03
53            	1.374219e-02	7.014900e-03	6.727289e-03	-3.721913e-04	9.123605e-05	-4.634274e-04	2.773317e-04	1.438053e-04	5.922678e-03	1.710090e-03	6.777723e-03	-5.067633e-03
54            	1.365156e-02	6.969698e-03	6.681863e-03	-3.714689e-04	9.233286e-05	-4.638018e-04	2.780673e-04	1.439175e-04	5.884130e-03	1.710418e-03	6.739339e-03	-5.028921e-03
55            	1.355932e-02	6.924019e-03	6.635297e-03	-3.714369e-04	9.319714e-05	-4.646340e-04	2.789156e-04	1.443606e-04	5.843314e-03	1.709257e-03	6.697943e-03	-4.988685e-03
56            	1.346709e-02	6.878640e-03	6.588446e-03	-3.720918e-04	9.373107e-05	-4.658229e-04	2.797770e-04	1.450968e-04	5.801440e-03	1.707383e-03	6.655131e-03	-4.947748e-03
57            	1.337680e-02	6.834414e-03	6.542381e-03	-3.732517e-04	9.391142e-05	-4.671631e-04	2.805373e-04	1.460168e-04	5.759964e-03	1.705590e-03	6.612759e-03	-4.907170e-03
58            	1.329020e-02	6.792083e-03	6.498115e-03	-3.746451e-04	9.378390e-05	-4.684290e-04	2.811065e-04	1.469839e-04	5.720248e-03	1.704524e-03	6.572510e-03	-4.867987e-03
59            	1.320853e-02	6.752135e-03	6.456393e-03	-3.759927e-04	9.344596e-05	-4.694386e-04	2.814423e-04	1.478713e-04	5.683283e-03	1.704570e-03	6.535568e-03	-4.830998e-03
60            	1.313231e-02	6.714747e-03	6.417561e-03	-3.770790e-04	9.302355e-05	-4.701025e-04	2.815630e-04	1.485931e-04	5.649549e-03	1.705814e-03	6.502456e-03	-4.796642e-03
61            	1.306135e-02	6.679795e-03	6.381555e-03	-3.777929e-04	9.264483e-05	-4.704377e-04	2.815413e-04	1.491197e-04	5.618999e-03	1.708073e-03	6.473035e-03	-4.764962e-03
62            	1.299489e-02	6.646918e-03	6.347970e-03	-3.781339e-04	9.241574e-05	-4.705496e-04	2.814827e-04	1.494739e-04	5.591149e-03	1.710973e-03	6.446636e-03	-4.735663e-03
63            	1.293180e-02	6.615620e-03	6.316181e-03	-3.781955e-04	9.240589e-05	-4.706014e-04	2.815036e-04	1.497198e-04	5.565240e-03	1.714053e-03	6.422266e-03	-4.708213e-03
64            	1.287087e-02	6.585378e-03	6.285495e-03	-3.781272e-04	9.264034e-05	-4.707675e-04	2.817039e-04	1.499413e-04	5.540420e-03	1.716877e-03	6.398859e-03	-4.681982e-03
65            	1.281104e-02	6.555738e-03	6.255301e-03	-3.780877e-04	9.309803e-05	-4.711857e-04	2.821419e-04	1.502186e-04	5.515934e-03	1.719120e-03	6.375494e-03	-4.656374e-03
66            	1.275154e-02	6.526382e-03	6.225162e-03	-3.782063e-04	9.372181e-05	-4.719281e-04	2.828249e-04	1.506100e-04	5.491234e-03	1.720616e-03	6.351542e-03	-4.630926e-03
67            	1.269202e-02	6.497152e-03	6.194871e-03	-3.785552e-04	9.443041e-05	-4.729856e-04	2.837080e-04	1.511401e-04	5.466051e-03	1.721369e-03	6.326735e-03	-4.605367e-03
68            	1.263249e-02	6.468044e-03	6.164450e-03	-3.791379e-04	9.513499e-05	-4.742729e-04	2.847040e-04	1.517970e-04	5.440386e-03	1.721523e-03	6.301147e-03	-4.579624e-03
69            	1.257327e-02	6.439170e-03	6.134099e-03	-3.798932e-04	9.575403e-05	-4.756472e-04	2.857006e-04	1.525359e-04	5.414457e-03	1.721318e-03	6.275116e-03	-4.553799e-03
70            	1.251484e-02	6.410711e-03	6.104127e-03	-3.807145e-04	9.622587e-05	-4.769404e-04	2.865831e-04	1.532919e-04	5.388615e-03	1.721022e-03	6.249125e-03	-4.528104e-03
71            	1.245773e-02	6.382857e-03	6.074869e-03	-3.814761e-04	9.651676e-05	-4.779929e-04	2.872548e-04	1.539940e-04	5.363239e-03	1.720875e-03	6.223676e-03	-4.502801e-03
72            	1.240238e-02	6.355768e-03	6.046610e-03	-3.820600e-04	9.662281e-05	-4.786828e-04	2.876528e-04	1.545790e-04	5.338660e-03	1.721046e-03	6.199183e-03	-4.478137e-03
73            	1.234908e-02	6.329544e-03	6.019536e-03	-3.823791e-04	9.656794e-05	-4.789471e-04	2.877575e-04	1.550036e-04	5.315099e-03	1.721609e-03	6.175904e-03	-4.454295e-03
74            	1.229792e-02	6.304210e-03	5.993708e-03	-3.823919e-04	9.639664e-05	-4.787885e-04	2.875926e-04	1.552511e-04	5.292642e-03	1.722544e-03	6.153914e-03	-4.431370e-03
75            	1.224879e-02	6.279731e-03	5.969062e-03	-3.821117e-04	9.616594e-05	-4.782777e-04	2.872218e-04	1.553344e-04	5.271241e-03	1.723754e-03	6.133118e-03	-4.409364e-03
76            	1.220146e-02	6.256022e-03	5.945442e-03	-3.815967e-04	9.593454e-05	-4.775313e-04	2.867329e-04	1.552901e-04	5.250751e-03	1.725098e-03	6.113300e-03	-4.388202e-03
77            	1.215561e-02	6.232977e-03	5.922629e-03	-3.809422e-04	9.575597e-05	-4.766982e-04	2.862271e-04	1.551740e-04	5.230969e-03	1.726422e-03	6.094180e-03	-4.367758e-03
78            	1.211089e-02	6.210493e-03	5.900395e-03	-3.802586e-04	9.567079e-05	-4.759294e-04	2.858001e-04	1.550491e-04	5.211682e-03	1.727593e-03	6.075479e-03	-4.347886e-03
79            	1.206702e-02	6.188485e-03	5.878536e-03	-3.796510e-04	9.570191e-05	-4.753529e-04	2.855274e-04	1.549746e-04	5.192711e-03	1.728520e-03	6.056971e-03	-4.328451e-03
80            	1.202381e-02	6.166900e-03	5.856905e-03	-3.792021e-04	9.585344e-05	-4.750556e-04	2.854545e-04	1.549975e-04	5.173934e-03	1.729169e-03	6.038519e-03	-4.309349e-03
81            	1.198115e-02	6.145719e-03	5.835428e-03	-3.789596e-04	9.611219e-05	-4.750718e-04	2.855920e-04	1.551454e-04	5.155301e-03	1.729559e-03	6.020081e-03	-4.290522e-03
82            	1.193905e-02	6.124951e-03	5.814098e-03	-3.789354e-04	9.645281e-05	-4.753882e-04	2.859205e-04	1.554269e-04	5.136828e-03	1.729749e-03	6.001702e-03	-4.271953e-03
83            	1.189759e-02	6.104625e-03	5.792967e-03	-3.791018e-04	9.684177e-05	-4.759435e-04	2.863927e-04	1.558292e-04	5.118579e-03	1.729826e-03	5.983492e-03	-4.253666e-03
84            	1.185689e-02	6.084767e-03	5.772124e-03	-3.793974e-04	9.724152e-05	-4.766389e-04	2.869402e-04	1.563213e-04	5.100643e-03	1.729883e-03	5.965585e-03	-4.235701e-03
85            	1.181707e-02	6.065399e-03	5.751673e-03	-3.797454e-04	9.761783e-05	-4.773632e-04	2.874905e-04	1.568629e-04	5.083111e-03	1.730001e-03	5.948112e-03	-4.218111e-03
86            	1.177824e-02	6.046529e-03	5.731709e-03	-3.800641e-04	9.794361e-05	-4.780078e-04	2.879757e-04	1.574103e-04	5.066057e-03	1.730234e-03	5.931173e-03	-4.200940e-03
87            	1.174045e-02	6.028148e-03	5.712301e-03	-3.802798e-04	9.820127e-05	-4.784811e-04	2.883412e-04	1.579233e-04	5.049518e-03	1.730606e-03	5.914821e-03	-4.184215e-03
88            	1.170371e-02	6.010225e-03	5.693485e-03	-3.803360e-04	9.838374e-05	-4.787197e-04	2.885517e-04	1.583700e-04	5.033499e-03	1.731112e-03	5.899055e-03	-4.167943e-03
89            	1.166798e-02	5.992721e-03	5.675258e-03	-3.802028e-04	9.849499e-05	-4.786978e-04	2.885964e-04	1.587317e-04	5.017967e-03	1.731717e-03	5.883825e-03	-4.152108e-03
90            	1.163318e-02	5.975590e-03	5.657588e-03	-3.798714e-04	9.854575e-05	-4.784171e-04	2.884814e-04	1.590007e-04	5.002868e-03	1.732376e-03	5.869056e-03	-4.136681e-03
91            	1.159921e-02	5.958786e-03	5.640420e-03	-3.793591e-04	9.855342e-05	-4.779125e-04	2.882330e-04	1.591827e-04	4.988137e-03	1.733037e-03	5.854656e-03	-4.121619e-03
92            	1.156596e-02	5.942273e-03	5.623685e-03	-3.787026e-04	9.853818e-05	-4.772407e-04	2.878895e-04	1.592939e-04	4.973706e-03	1.733651e-03	5.840532e-03	-4.106880e-03
93            	1.153334e-02	5.926029e-03	5.607315e-03	-3.779504e-04	9.851990e-05	-4.764703e-04	2.874951e-04	1.593573e-04	4.959520e-03	1.734186e-03	5.826612e-03	-4.092427e-03
94            	1.150130e-02	5.910047e-03	5.591250e-03	-3.771546e-04	9.851550e-05	-4.756701e-04	2.870928e-04	1.593984e-04	4.945542e-03	1.734621e-03	5.812852e-03	-4.078231e-03
95            	1.146978e-02	5.894332e-03	5.575449e-03	-3.763630e-04	9.853714e-05	-4.749002e-04	2.867187e-04	1.594415e-04	4.931757e-03	1.734958e-03	5.799236e-03	-4.064278e-03
96            	1.143879e-02	5.878900e-03	5.559887e-03	-3.756144e-04	9.859156e-05	-4.742060e-04	2.863988e-04	1.595068e-04	4.918172e-03	1.735210e-03	5.785777e-03	-4.050567e-03
97            	1.140833e-02	5.863772e-03	5.544556e-03	-3.749333e-04	9.867987e-05	-4.736132e-04	2.861465e-04	1.596080e-04	4.904806e-03	1.735404e-03	5.772508e-03	-4.037104e-03
98            	1.137843e-02	5.848969e-03	5.529464e-03	-3.743305e-04	9.879845e-05	-4.731289e-04	2.859637e-04	1.597524e-04	4.891688e-03	1.735568e-03	5.759472e-03	-4.023904e-03
99            	1.134913e-02	5.834508e-03	5.514627e-03	-3.738034e-04	9.894021e-05	-4.727436e-04	2.858419e-04	1.599402e-04	4.878850e-03	1.735731e-03	5.746716e-03	-4.010984e-03
100           	1.132046e-02	5.820397e-03	5.500066e-03	-3.733377e-04	9.909590e-05	-4.724336e-04	2.857648e-04	1.601657e-04	4.866316e-03	1.735918e-03	5.734275e-03	-3.998357e-03
101           	1.129243e-02	5.806636e-03	5.485798e-03	-3.729120e-04	9.925575e-05	-4.721678e-04	2.857118e-04	1.604190e-04	4.854103e-03	1.736142e-03	5.722174e-03	-3.986032e-03
102           	1.126506e-02	5.793216e-03	5.471840e-03	-3.725008e-04	9.941051e-05	-4.719113e-04	2.856609e-04	1.606878e-04	4.842215e-03	1.736411e-03	5.710420e-03	-3.974010e-03
103           	1.123831e-02	5.780117e-03	5.458198e-03	-3.720790e-04	9.955278e-05	-4.716318e-04	2.855923e-04	1.609597e-04	4.830646e-03	1.736720e-03	5.699006e-03	-3.962286e-03
104           	1.121219e-02	5.767318e-03	5.444872e-03	-3.716247e-04	9.967735e-05	-4.713020e-04	2.854897e-04	1.612229e-04	4.819379e-03	1.737060e-03	5.687909e-03	-3.950850e-03
105           	1.118665e-02	5.754792e-03	5.431855e-03	-3.711226e-04	9.978123e-05	-4.709038e-04	2.853425e-04	1.614687e-04	4.808393e-03	1.737418e-03	5.677103e-03	-3.939684e-03
106           	1.116165e-02	5.742518e-03	5.419136e-03	-3.705645e-04	9.986378e-05	-4.704282e-04	2.851460e-04	1.616909e-04	4.797663e-03	1.737781e-03	5.666553e-03	-3.928773e-03
107           	1.113717e-02	5.730473e-03	5.406699e-03	-3.699482e-04	9.992622e-05	-4.698744e-04	2.849003e-04	1.618868e-04	4.787165e-03	1.738134e-03	5.656232e-03	-3.918098e-03
108           	1.111317e-02	5.718643e-03	5.394530e-03	-3.692771e-04	9.997129e-05	-4.692484e-04	2.846098e-04	1.620563e-04	4.776879e-03	1.738469e-03	5.646113e-03	-3.907645e-03
109           	1.108963e-02	5.707017e-03	5.382614e-03	-3.685586e-04	1.000024e-04	-4.685610e-04	2.842817e-04	1.622015e-04	4.766791e-03	1.738780e-03	5.636181e-03	-3.897401e-03
110           	1.106653e-02	5.695594e-03	5.370938e-03	-3.678064e-04	1.000242e-04	-4.678306e-04	2.839274e-04	1.623281e-04	4.756892e-03	1.739066e-03	5.626425e-03	-3.887359e-03
111           	1.104387e-02	5.684372e-03	5.359495e-03	-3.670272e-04	1.000387e-04	-4.670659e-04	2.835523e-04	1.624384e-04	4.747180e-03	1.739330e-03	5.616846e-03	-3.877515e-03
112           	1.102163e-02	5.673352e-03	5.348277e-03	-3.662316e-04	1.000487e-04	-4.662804e-04	2.831645e-04	1.625375e-04	4.737657e-03	1.739579e-03	5.607447e-03	-3.867868e-03
113           	1.099982e-02	5.662541e-03	5.337282e-03	-3.654288e-04	1.000563e-04	-4.654850e-04	2.827707e-04	1.626296e-04	4.728327e-03	1.739818e-03	5.598236e-03	-3.858418e-03
114           	1.097845e-02	5.651942e-03	5.326506e-03	-3.646251e-04	1.000626e-04	-4.646878e-04	2.823752e-04	1.627180e-04	4.719194e-03	1.740055e-03	5.589221e-03	-3.849167e-03
115           	1.095751e-02	5.641559e-03	5.315949e-03	-3.638249e-04	1.000685e-04	-4.638934e-04	2.819809e-04	1.628048e-04	4.710263e-03	1.740294e-03	5.580410e-03	-3.840115e-03
116           	1.093700e-02	5.631391e-03	5.305609e-03	-3.630296e-04	1.000736e-04	-4.631032e-04	2.815884e-04	1.628911e-04	4.701535e-03	1.740542e-03	5.571806e-03	-3.831264e-03
117           	1.091692e-02	5.621437e-03	5.295484e-03	-3.622380e-04	1.000774e-04	-4.623153e-04	2.811963e-04	1.629763e-04	4.693011e-03	1.740798e-03	5.563410e-03	-3.822612e-03
118           	1.089726e-02	5.611692e-03	5.285572e-03	-3.614483e-04	1.000786e-04	-4.615269e-04	2.808027e-04	1.630600e-04	4.684689e-03	1.741064e-03	5.555221e-03	-3.814157e-03
119           	1.087802e-02	5.602152e-03	5.275871e-03	-3.606584e-04	1.000761e-04	-4.607345e-04	2.804053e-04	1.631408e-04	4.676563e-03	1.741338e-03	5.547232e-03	-3.805894e-03
120           	1.085919e-02	5.592810e-03	5.266376e-03	-3.598652e-04	1.000689e-04	-4.599341e-04	2.800015e-04	1.632171e-04	4.668626e-03	1.741618e-03	5.539435e-03	-3.797817e-03
121           	1.084074e-02	5.583658e-03	5.257080e-03	-3.590698e-04	1.000574e-04	-4.591272e-04	2.795923e-04	1.632890e-04	4.660872e-03	1.741901e-03	5.531823e-03	-3.789922e-03
122           	1.082267e-02	5.574687e-03	5.247983e-03	-3.582646e-04	1.000395e-04	-4.583041e-04	2.791718e-04	1.633522e-04	4.653294e-03	1.742184e-03	5.524386e-03	-3.782202e-03
123           	1.080497e-02	5.565891e-03	5.239079e-03	-3.574489e-04	1.000151e-04	-4.574640e-04	2.787395e-04	1.634058e-04	4.645885e-03	1.742466e-03	5.517118e-03	-3.774652e-03
124           	1.078763e-02	5.557264e-03	5.230365e-03	-3.566238e-04	9.998445e-05	-4.566083e-04	2.782964e-04	1.634494e-04	4.638639e-03	1.742746e-03	5.510012e-03	-3.767266e-03
125           	1.077064e-02	5.548801e-03	5.221834e-03	-3.557918e-04	9.994826e-05	-4.557401e-04	2.778442e-04	1.634837e-04	4.631551e-03	1.743022e-03	5.503062e-03	-3.760040e-03
126           	1.075398e-02	5.540501e-03	5.213482e-03	-3.549560e-04	9.990742e-05	-4.548634e-04	2.773854e-04	1.635095e-04	4.624616e-03	1.743295e-03	5.496264e-03	-3.752969e-03
127           	1.073767e-02	5.532361e-03	5.205305e-03	-3.541201e-04	9.986294e-05	-4.539830e-04	2.769230e-04	1.635281e-04	4.617832e-03	1.743565e-03	5.489615e-03	-3.746050e-03
128           	1.072168e-02	5.524379e-03	5.197298e-03	-3.532873e-04	9.981597e-05	-4.531033e-04	2.764596e-04	1.635407e-04	4.611196e-03	1.743833e-03	5.483112e-03	-3.739280e-03
129           	1.070601e-02	5.516554e-03	5.189457e-03	-3.524606e-04	9.976724e-05	-4.522279e-04	2.759975e-04	1.635483e-04	4.604706e-03	1.744099e-03	5.476755e-03	-3.732656e-03
130           	1.069066e-02	5.508883e-03	5.181777e-03	-3.516463e-04	9.971789e-05	-4.513642e-04	2.755411e-04	1.635534e-04	4.598356e-03	1.744365e-03	5.470538e-03	-3.726173e-03
131           	1.067562e-02	5.501366e-03	5.174258e-03	-3.508409e-04	9.966698e-05	-4.505079e-04	2.750874e-04	1.635542e-04	4.592149e-03	1.744631e-03	5.464464e-03	-3.719833e-03
132           	1.066090e-02	5.493999e-03	5.166897e-03	-3.500447e-04	9.961472e-05	-4.496594e-04	2.746371e-04	1.635510e-04	4.586082e-03	1.744898e-03	5.458531e-03	-3.713633e-03
133           	1.064647e-02	5.486780e-03	5.159693e-03	-3.492579e-04	9.956122e-05	-4.488191e-04	2.741902e-04	1.635438e-04	4.580152e-03	1.745166e-03	5.452735e-03	-3.707569e-03
134           	1.063235e-02	5.479708e-03	5.152641e-03	-3.484817e-04	9.950687e-05	-4.479886e-04	2.737477e-04	1.635334e-04	4.574359e-03	1.745434e-03	5.447076e-03	-3.701642e-03
135           	1.061852e-02	5.472777e-03	5.145739e-03	-3.477149e-04	9.945102e-05	-4.471659e-04	2.733085e-04	1.635191e-04	4.568696e-03	1.745703e-03	5.441548e-03	-3.695845e-03
136           	1.060497e-02	5.465985e-03	5.138983e-03	-3.469581e-04	9.939378e-05	-4.463519e-04	2.728728e-04	1.635010e-04	4.563161e-03	1.745971e-03	5.436147e-03	-3.690176e-03
137           	1.059170e-02	5.459328e-03	5.132369e-03	-3.462124e-04	9.933533e-05	-4.455477e-04	2.724415e-04	1.634796e-04	4.557751e-03	1.746239e-03	5.430871e-03	-3.684631e-03
138           	1.057870e-02	5.452805e-03	5.125894e-03	-3.454791e-04	9.927593e-05	-4.447550e-04	2.720155e-04	1.634554e-04	4.552462e-03	1.746507e-03	5.425715e-03	-3.679208e-03
139           	1.056596e-02	5.446413e-03	5.119551e-03	-3.447644e-04	9.921713e-05	-4.439816e-04	2.715993e-04	1.634312e-04	4.547288e-03	1.746772e-03	5.420674e-03	-3.673902e-03
140           	1.055349e-02	5.440150e-03	5.113342e-03	-3.440622e-04	9.915739e-05	-4.432196e-04	2.711885e-04	1.634042e-04	4.542230e-03	1.747036e-03	5.415748e-03	-3.668713e-03
141           	1.054128e-02	5.434012e-03	5.107263e-03	-3.433730e-04	9.909697e-05	-4.424700e-04	2.707835e-04	1.633745e-04	4.537287e-03	1.747298e-03	5.410936e-03	-3.663638e-03
142           	1.052931e-02	5.427999e-03	5.101313e-03	-3.426986e-04	9.903622e-05	-4.417348e-04	2.703855e-04	1.633429e-04	4.532454e-03	1.747559e-03	5.406234e-03	-3.658675e-03
143           	1.051759e-02	5.422107e-03	5.095487e-03	-3.420400e-04	9.897547e-05	-4.410155e-04	2.699955e-04	1.633098e-04	4.527730e-03	1.747819e-03	5.401640e-03	-3.653821e-03
144           	1.050612e-02	5.416335e-03	5.089783e-03	-3.413980e-04	9.891501e-05	-4.403130e-04	2.696140e-04	1.632759e-04	4.523112e-03	1.748076e-03	5.397150e-03	-3.649074e-03
145           	1.049488e-02	5.410681e-03	5.084198e-03	-3.407730e-04	9.885515e-05	-4.396281e-04	2.692416e-04	1.632414e-04	4.518597e-03	1.748332e-03	5.392763e-03	-3.644431e-03
146           	1.048387e-02	5.405142e-03	5.078729e-03	-3.401646e-04	9.879609e-05	-4.389607e-04	2.688784e-04	1.632064e-04	4.514182e-03	1.748587e-03	5.388476e-03	-3.639889e-03
147           	1.047309e-02	5.399717e-03	5.073374e-03	-3.395728e-04	9.873801e-05	-4.383108e-04	2.685244e-04	1.631713e-04	4.509867e-03	1.748839e-03	5.384286e-03	-3.635447e-03
148           	1.046253e-02	5.394404e-03	5.068131e-03	-3.389977e-04	9.868107e-05	-4.376788e-04	2.681799e-04	1.631365e-04	4.505647e-03	1.749090e-03	5.380192e-03	-3.631103e-03
149           	1.045220e-02	5.389200e-03	5.062995e-03	-3.384396e-04	9.862544e-05	-4.370650e-04	2.678452e-04	1.631024e-04	4.501523e-03	1.749338e-03	5.376192e-03	-3.626853e-03
150           	1.044207e-02	5.384107e-03	5.057961e-03	-3.379058e-04	9.857346e-05	-4.364793e-04	2.675264e-04	1.630728e-04	4.497488e-03	1.749584e-03	5.372280e-03	-3.622696e-03
151           	1.043215e-02	5.379119e-03	5.053033e-03	-3.373863e-04	9.852232e-05	-4.359086e-04	2.672155e-04	1.630430e-04	4.493544e-03	1.749828e-03	5.368458e-03	-3.618630e-03
152           	1.042244e-02	5.374235e-03	5.048208e-03	-3.368810e-04	9.847212e-05	-4.353531e-04	2.669126e-04	1.630131e-04	4.489690e-03	1.750070e-03	5.364725e-03	-3.614655e-03
153           	1.041294e-02	5.369451e-03	5.043485e-03	-3.363904e-04	9.842313e-05	-4.348135e-04	2.666183e-04	1.629834e-04	4.485922e-03	1.750310e-03	5.361077e-03	-3.610767e-03
154           	1.040363e-02	5.364768e-03	5.038859e-03	-3.359157e-04	9.837573e-05	-4.342914e-04	2.663336e-04	1.629547e-04	4.482239e-03	1.750547e-03	5.357512e-03	-3.606965e-03
155           	1.039451e-02	5.360184e-03	5.034329e-03	-3.354581e-04	9.833029e-05	-4.337884e-04	2.660594e-04	1.629276e-04	4.478638e-03	1.750782e-03	5.354029e-03	-3.603247e-03
156           	1.038559e-02	5.355697e-03	5.029892e-03	-3.350188e-04	9.828712e-05	-4.333059e-04	2.657965e-04	1.629026e-04	4.475118e-03	1.751015e-03	5.350625e-03	-3.599611e-03
157           	1.037685e-02	5.351306e-03	5.025545e-03	-3.345986e-04	9.824645e-05	-4.328450e-04	2.655457e-04	1.628803e-04	4.471677e-03	1.751244e-03	5.347299e-03	-3.596055e-03
158           	1.036830e-02	5.347009e-03	5.021287e-03	-3.341977e-04	9.820836e-05	-4.324060e-04	2.653072e-04	1.628609e-04	4.468312e-03	1.751470e-03	5.344047e-03	-3.592577e-03
159           	1.035992e-02	5.342804e-03	5.017115e-03	-3.338159e-04	9.817273e-05	-4.319886e-04	2.650807e-04	1.628446e-04	4.465022e-03	1.751694e-03	5.340869e-03	-3.589175e-03
160           	1.035172e-02	5.338690e-03	5.013027e-03	-3.334525e-04	9.813941e-05	-4.315919e-04	2.648657e-04	1.628312e-04	4.461805e-03	1.751914e-03	5.337762e-03	-3.585848e-03
161           	1.034369e-02	5.334664e-03	5.009023e-03	-3.331066e-04	9.810817e-05	-4.312147e-04	2.646615e-04	1.628207e-04	4.458660e-03	1.752131e-03	5.334726e-03	-3.582595e-03
162           	1.033583e-02	5.330726e-03	5.005100e-03	-3.327771e-04	9.807879e-05	-4.308559e-04	2.644673e-04	1.628128e-04	4.455585e-03	1.752345e-03	5.331758e-03	-3.579413e-03
163           	1.032813e-02	5.326872e-03	5.001258e-03	-3.324630e-04	9.805103e-05	-4.305140e-04	2.642825e-04	1.628072e-04	4.452579e-03	1.752556e-03	5.328857e-03	-3.576301e-03
164           	1.032060e-02	5.323102e-03	4.997495e-03	-3.321629e-04	9.802464e-05	-4.301876e-04	2.641061e-04	1.628036e-04	4.449639e-03	1.752763e-03	5.326021e-03	-3.573258e-03
165           	1.031322e-02	5.319412e-03	4.993809e-03	-3.318757e-04	9.799944e-05	-4.298751e-04	2.639373e-04	1.628015e-04	4.446765e-03	1.752968e-03	5.323249e-03	-3.570281e-03
166           	1.030600e-02	5.315802e-03	4.990200e-03	-3.316002e-04	9.797523e-05	-4.295754e-04	2.637753e-04	1.628006e-04	4.443955e-03	1.753169e-03	5.320540e-03	-3.567371e-03
167           	1.029894e-02	5.312268e-03	4.986667e-03	-3.313358e-04	9.795184e-05	-4.292877e-04	2.636198e-04	1.628008e-04	4.441208e-03	1.753367e-03	5.317892e-03	-3.564525e-03
168           	1.029202e-02	5.308814e-03	4.983202e-03	-3.310902e-04	9.793138e-05	-4.290216e-04	2.634765e-04	1.628058e-04	4.438520e-03	1.753560e-03	5.315301e-03	-3.561740e-03
169           	1.028524e-02	5.305432e-03	4.979812e-03	-3.308524e-04	9.791073e-05	-4.287631e-04	2.633369e-04	1.628102e-04	4.435893e-03	1.753751e-03	5.312769e-03	-3.559018e-03
170           	1.027862e-02	5.302122e-03	4.976494e-03	-3.306220e-04	9.788986e-05	-4.285119e-04	2.632009e-04	1.628141e-04	4.433325e-03	1.753938e-03	5.310294e-03	-3.556356e-03
171           	1.027213e-02	5.298882e-03	4.973247e-03	-3.303991e-04	9.786893e-05	-4.282681e-04	2.630685e-04	1.628177e-04	4.430815e-03	1.754122e-03	5.307876e-03	-3.553754e-03
172           	1.026578e-02	5.295712e-03	4.970069e-03	-3.301841e-04	9.784816e-05	-4.280323e-04	2.629402e-04	1.628213e-04	4.428361e-03	1.754303e-03	5.305512e-03	-3.551210e-03
173           	1.025957e-02	5.292610e-03	4.966959e-03	-3.299774e-04	9.782781e-05	-4.278052e-04	2.628165e-04	1.628254e-04	4.425962e-03	1.754480e-03	5.303202e-03	-3.548722e-03
174           	1.025349e-02	5.289575e-03	4.963914e-03	-3.297792e-04	9.780806e-05	-4.275873e-04	2.626977e-04	1.628302e-04	4.423616e-03	1.754654e-03	5.300943e-03	-3.546289e-03
175           	1.024754e-02	5.286605e-03	4.960933e-03	-3.295896e-04	9.778906e-05	-4.273787e-04	2.625839e-04	1.628360e-04	4.421322e-03	1.754824e-03	5.298734e-03	-3.543911e-03
176           	1.024171e-02	5.283700e-03	4.958014e-03	-3.294085e-04	9.777085e-05	-4.271794e-04	2.624751e-04	1.628429e-04	4.419079e-03	1.754990e-03	5.296574e-03	-3.541584e-03
177           	1.023601e-02	5.280858e-03	4.955156e-03	-3.292355e-04	9.775342e-05	-4.269890e-04	2.623712e-04	1.628510e-04	4.416886e-03	1.755153e-03	5.294462e-03	-3.539310e-03
178           	1.023044e-02	5.278078e-03	4.952358e-03	-3.290700e-04	9.773667e-05	-4.268066e-04	2.622716e-04	1.628600e-04	4.414741e-03	1.755312e-03	5.292397e-03	-3.537085e-03
179           	1.022498e-02	5.275359e-03	4.949620e-03	-3.289108e-04	9.772042e-05	-4.266312e-04	2.621758e-04	1.628697e-04	4.412644e-03	1.755467e-03	5.290378e-03	-3.534910e-03
180           	1.021964e-02	5.272698e-03	4.946939e-03	-3.287570e-04	9.770449e-05	-4.264615e-04	2.620830e-04	1.628798e-04	4.410593e-03	1.755619e-03	5.288403e-03	-3.532784e-03
181           	1.021441e-02	5.270095e-03	4.944315e-03	-3.286080e-04	9.768872e-05	-4.262967e-04	2.619927e-04	1.628900e-04	4.408588e-03	1.755767e-03	5.286472e-03	-3.530704e-03
182           	1.020930e-02	5.267548e-03	4.941748e-03	-3.284630e-04	9.767305e-05	-4.261360e-04	2.619045e-04	1.629002e-04	4.406628e-03	1.755912e-03	5.284583e-03	-3.528672e-03
183           	1.020429e-02	5.265056e-03	4.939236e-03	-3.283217e-04	9.765741e-05	-4.259791e-04	2.618182e-04	1.629103e-04	4.404711e-03	1.756053e-03	5.282737e-03	-3.526684e-03
184           	1.019940e-02	5.262618e-03	4.936778e-03	-3.281837e-04	9.764181e-05	-4.258255e-04	2.617336e-04	1.629202e-04	4.402836e-03	1.756191e-03	5.280932e-03	-3.524741e-03
185           	1.019461e-02	5.260233e-03	4.934373e-03	-3.280487e-04	9.762627e-05	-4.256750e-04	2.616506e-04	1.629300e-04	4.401004e-03	1.756325e-03	5.279167e-03	-3.522841e-03
186           	1.018992e-02	5.257899e-03	4.932020e-03	-3.279167e-04	9.761081e-05	-4.255275e-04	2.615692e-04	1.629396e-04	4.399212e-03	1.756456e-03	5.277440e-03	-3.520984e-03
187           	1.018533e-02	5.255619e-03	4.929712e-03	-3.277957e-04	9.759777e-05	-4.253935e-04	2.614956e-04	1.629533e-04	4.397458e-03	1.756583e-03	5.275750e-03	-3.519167e-03
188           	1.018084e-02	5.253387e-03	4.927456e-03	-3.276745e-04	9.758404e-05	-4.252585e-04	2.614213e-04	1.629655e-04	4.395744e-03	1.756707e-03	5.274098e-03	-3.517391e-03
189           	1.017645e-02	5.251203e-03	4.925250e-03	-3.275528e-04	9.756965e-05	-4.251225e-04	2.613461e-04	1.629762e-04	4.394069e-03	1.756828e-03	5.272483e-03	-3.515655e-03
190           	1.017216e-02	5.249065e-03	4.923094e-03	-3.274313e-04	9.755481e-05	-4.249861e-04	2.612704e-04	1.629857e-04	4.392432e-03	1.756946e-03	5.270905e-03	-3.513959e-03
191           	1.016796e-02	5.246974e-03	4.920985e-03	-3.273106e-04	9.753980e-05	-4.248504e-04	2.611951e-04	1.629945e-04	4.390832e-03	1.757061e-03	5.269363e-03	-3.512302e-03
192           	1.016385e-02	5.244929e-03	4.918923e-03	-3.271918e-04	9.752498e-05	-4.247168e-04	2.611209e-04	1.630032e-04	4.389268e-03	1.757174e-03	5.267855e-03	-3.510682e-03
193           	1.015983e-02	5.242929e-03	4.916904e-03	-3.270756e-04	9.751065e-05	-4.245862e-04	2.610484e-04	1.630121e-04	4.387739e-03	1.757283e-03	5.266381e-03	-3.509098e-03
194           	1.015590e-02	5.240973e-03	4.914929e-03	-3.269623e-04	9.749701e-05	-4.244594e-04	2.609782e-04	1.630217e-04	4.386245e-03	1.757389e-03	5.264939e-03	-3.507550e-03
195           	1.015206e-02	5.239060e-03	4.912996e-03	-3.268523e-04	9.748412e-05	-4.243364e-04	2.609102e-04	1.630320e-04	4.384783e-03	1.757492e-03	5.263529e-03	-3.506037e-03
196           	1.014829e-02	5.237190e-03	4.911104e-03	-3.267451e-04	9.747192e-05	-4.242170e-04	2.608445e-04	1.630430e-04	4.383354e-03	1.757593e-03	5.262150e-03	-3.504558e-03
197           	1.014462e-02	5.235362e-03	4.909253e-03	-3.266404e-04	9.746026e-05	-4.241007e-04	2.607805e-04	1.630544e-04	4.381956e-03	1.757690e-03	5.260801e-03	-3.503111e-03
198           	1.014102e-02	5.233574e-03	4.907442e-03	-3.265378e-04	9.744895e-05	-4.239868e-04	2.607179e-04	1.630661e-04	4.380590e-03	1.757785e-03	5.259482e-03	-3.501698e-03
199           	1.013749e-02	5.231825e-03	4.905669e-03	-3.264366e-04	9.743782e-05	-4.238745e-04	2.606561e-04	1.630779e-04	4.379254e-03	1.757876e-03	5.258192e-03	-3.500316e-03
200           	1.013405e-02	5.230115e-03	4.903936e-03	-3.263365e-04	9.742677e-05	-4.237632e-04	2.605950e-04	1.630895e-04	4.377948e-03	1.757966e-03	5.256931e-03	-3.498965e-03
201           	1.013068e-02	5.228442e-03	4.902241e-03	-3.262368e-04	9.741568e-05	-4.236525e-04	2.605341e-04	1.631007e-04	4.376671e-03	1.758052e-03	5.255697e-03	-3.497645e-03
202           	1.012739e-02	5.226806e-03	4.900583e-03	-3.261375e-04	9.740449e-05	-4.235420e-04	2.604733e-04	1.631114e-04	4.375423e-03	1.758136e-03	5.254491e-03	-3.496355e-03
203           	1.012417e-02	5.225205e-03	4.898962e-03	-3.260384e-04	9.739311e-05	-4.234316e-04	2.604123e-04	1.631216e-04	4.374203e-03	1.758218e-03	5.253312e-03	-3.495094e-03
204           	1.012102e-02	5.223639e-03	4.897376e-03	-3.259394e-04	9.738155e-05	-4.233210e-04	2.603513e-04	1.631312e-04	4.373011e-03	1.758297e-03	5.252159e-03	-3.493862e-03
205           	1.011793e-02	5.222107e-03	4.895827e-03	-3.258405e-04	9.736983e-05	-4.232103e-04	2.602901e-04	1.631401e-04	4.371845e-03	1.758374e-03	5.251032e-03	-3.492658e-03
206           	1.011492e-02	5.220608e-03	4.894311e-03	-3.257415e-04	9.735797e-05	-4.230994e-04	2.602287e-04	1.631484e-04	4.370706e-03	1.758449e-03	5.249930e-03	-3.491481e-03
207           	1.011197e-02	5.219142e-03	4.892830e-03	-3.256423e-04	9.734600e-05	-4.229883e-04	2.601672e-04	1.631561e-04	4.369592e-03	1.758522e-03	5.248853e-03	-3.490331e-03
208           	1.010909e-02	5.217708e-03	4.891382e-03	-3.255429e-04	9.733395e-05	-4.228769e-04	2.601054e-04	1.631630e-04	4.368503e-03	1.758593e-03	5.247800e-03	-3.489207e-03
209           	1.010627e-02	5.216305e-03	4.889966e-03	-3.254433e-04	9.732182e-05	-4.227651e-04	2.600435e-04	1.631693e-04	4.367439e-03	1.758661e-03	5.246770e-03	-3.488108e-03
210           	1.010351e-02	5.214932e-03	4.888582e-03	-3.253433e-04	9.730962e-05	-4.226529e-04	2.599813e-04	1.631749e-04	4.366399e-03	1.758728e-03	5.245763e-03	-3.487035e-03
211           	1.010082e-02	5.213589e-03	4.887229e-03	-3.252431e-04	9.729733e-05	-4.225404e-04	2.599189e-04	1.631798e-04	4.365382e-03	1.758793e-03	5.244778e-03	-3.485986e-03
212           	1.009818e-02	5.212275e-03	4.885907e-03	-3.251424e-04	9.728495e-05	-4.224274e-04	2.598562e-04	1.631839e-04	4.364388e-03	1.758856e-03	5.243816e-03	-3.484960e-03
213           	1.009560e-02	5.210992e-03	4.884609e-03	-3.250493e-04	9.727471e-05	-4.223240e-04	2.597994e-04	1.631916e-04	4.363414e-03	1.758915e-03	5.242872e-03	-3.483957e-03
214           	1.009471e-02	5.210510e-03	4.884200e-03	-3.249255e-04	9.724048e-05	-4.221660e-04	2.597032e-04	1.631548e-04	4.363285e-03	1.759214e-03	5.242892e-03	-3.483678e-03
215           	1.009408e-02	5.210130e-03	4.883950e-03	-3.247823e-04	9.719101e-05	-4.219733e-04	2.595822e-04	1.630901e-04	4.363343e-03	1.759652e-03	5.243169e-03	-3.483517e-03
216           	1.009353e-02	5.209777e-03	4.883750e-03	-3.246308e-04	9.713524e-05	-4.217661e-04	2.594507e-04	1.630135e-04	4.363448e-03	1.760125e-03	5.243511e-03	-3.483385e-03
217           	1.009290e-02	5.209387e-03	4.883509e-03	-3.244810e-04	9.708090e-05	-4.215619e-04	2.593214e-04	1.629388e-04	4.363480e-03	1.760545e-03	5.243752e-03	-3.483208e-03
218           	1.009208e-02	5.208915e-03	4.883163e-03	-3.243402e-04	9.703352e-05	-4.213737e-04	2.592036e-04	1.628758e-04	4.363357e-03	1.760848e-03	5.243781e-03	-3.482933e-03
219           	1.009103e-02	5.208343e-03	4.882684e-03	-3.242130e-04	9.699611e-05	-4.212091e-04	2.591026e-04	1.628295e-04	4.363042e-03	1.761007e-03	5.243545e-03	-3.482538e-03
220           	1.008975e-02	5.207676e-03	4.882070e-03	-3.241055e-04	9.697071e-05	-4.210762e-04	2.590235e-04	1.628033e-04	4.362540e-03	1.761027e-03	5.243054e-03	-3.482027e-03
221           	1.008829e-02	5.206936e-03	4.881358e-03	-3.240052e-04	9.695246e-05	-4.209576e-04	2.589551e-04	1.627893e-04	4.361898e-03	1.760938e-03	5.242367e-03	-3.481429e-03
222           	1.008673e-02	5.206149e-03	4.880583e-03	-3.239096e-04	9.693936e-05	-4.208489e-04	2.588941e-04	1.627830e-04	4.361167e-03	1.760779e-03	5.241556e-03	-3.480777e-03
223           	1.008514e-02	5.205352e-03	4.879787e-03	-3.238222e-04	9.693049e-05	-4.207527e-04	2.588416e-04	1.627824e-04	4.360405e-03	1.760592e-03	5.240702e-03	-3.480109e-03
224           	1.008358e-02	5.204575e-03	4.879007e-03	-3.237425e-04	9.692405e-05	-4.206665e-04	2.587953e-04	1.627843e-04	4.359669e-03	1.760418e-03	5.239878e-03	-3.479460e-03
225           	1.008211e-02	5.203841e-03	4.878269e-03	-3.236682e-04	9.691822e-05	-4.205864e-04	2.587523e-04	1.627857e-04	4.358997e-03	1.760285e-03	5.239139e-03	-3.478854e-03
226           	1.008075e-02	5.203160e-03	4.877591e-03	-3.235967e-04	9.691153e-05	-4.205083e-04	2.587099e-04	1.627844e-04	4.358407e-03	1.760206e-03	5.238511e-03	-3.478304e-03
227           	1.007950e-02	5.202531e-03	4.876974e-03	-3.235245e-04	9.690273e-05	-4.204272e-04	2.586650e-04	1.627786e-04	4.357904e-03	1.760184e-03	5.237996e-03	-3.477812e-03
228           	1.007836e-02	5.201946e-03	4.876412e-03	-3.234475e-04	9.689089e-05	-4.203384e-04	2.586146e-04	1.627669e-04	4.357474e-03	1.760209e-03	5.237579e-03	-3.477369e-03
229           	1.007729e-02	5.201394e-03	4.875894e-03	-3.233643e-04	9.687592e-05	-4.202402e-04	2.585581e-04	1.627498e-04	4.357098e-03	1.760268e-03	5.237232e-03	-3.476964e-03
230           	1.007626e-02	5.200859e-03	4.875401e-03	-3.232757e-04	9.685852e-05	-4.201342e-04	2.584964e-04	1.627289e-04	4.356751e-03	1.760342e-03	5.236922e-03	-3.476580e-03
231           	1.007525e-02	5.200331e-03	4.874919e-03	-3.231837e-04	9.683974e-05	-4.200234e-04	2.584316e-04	1.627059e-04	4.356411e-03	1.760417e-03	5.236619e-03	-3.476202e-03
232           	1.007423e-02	5.199799e-03	4.874434e-03	-3.230908e-04	9.682069e-05	-4.199114e-04	2.583661e-04	1.626828e-04	4.356060e-03	1.760479e-03	5.236299e-03	-3.475820e-03
233           	1.007320e-02	5.199259e-03	4.873937e-03	-3.229992e-04	9.680229e-05	-4.198015e-04	2.583019e-04	1.626609e-04	4.355687e-03	1.760523e-03	5.235948e-03	-3.475426e-03
234           	1.007214e-02	5.198709e-03	4.873427e-03	-3.229108e-04	9.678519e-05	-4.196960e-04	2.582406e-04	1.626412e-04	4.355290e-03	1.760545e-03	5.235562e-03	-3.475017e-03
235           	1.007106e-02	5.198152e-03	4.872904e-03	-3.228266e-04	9.676973e-05	-4.195963e-04	2.581830e-04	1.626239e-04	4.354871e-03	1.760549e-03	5.235146e-03	-3.474597e-03
236           	1.006996e-02	5.197590e-03	4.872373e-03	-3.227468e-04	9.675596e-05	-4.195027e-04	2.581294e-04	1.626089e-04	4.354438e-03	1.760539e-03	5.234707e-03	-3.474168e-03
237           	1.006887e-02	5.197031e-03	4.871839e-03	-3.226714e-04	9.674376e-05	-4.194151e-04	2.580794e-04	1.625958e-04	4.353998e-03	1.760522e-03	5.234259e-03	-3.473738e-03
238           	1.006779e-02	5.196477e-03	4.871309e-03	-3.225998e-04	9.673288e-05	-4.193327e-04	2.580328e-04	1.625842e-04	4.353562e-03	1.760503e-03	5.233813e-03	-3.473310e-03
239           	1.006672e-02	5.195934e-03	4.870787e-03	-3.225314e-04	9.672298e-05	-4.192544e-04	2.579887e-04	1.625736e-04	4.353134e-03	1.760488e-03	5.233378e-03	-3.472890e-03
240           	1.006568e-02	5.195403e-03	4.870276e-03	-3.224651e-04	9.671371e-05	-4.191788e-04	2.579463e-04	1.625635e-04	4.352721e-03	1.760479e-03	5.232960e-03	-3.472481e-03
241           	1.006466e-02	5.194884e-03	4.869777e-03	-3.224001e-04	9.670473e-05	-4.191048e-04	2.579048e-04	1.625535e-04	4.352322e-03	1.760479e-03	5.232562e-03	-3.472083e-03
242           	1.006367e-02	5.194380e-03	4.869285e-03	-3.223440e-04	9.669754e-05	-4.190415e-04	2.578695e-04	1.625474e-04	4.351936e-03	1.760483e-03	5.232178e-03	-3.471695e-03
243           	1.006269e-02	5.193886e-03	4.868807e-03	-3.222852e-04	9.668966e-05	-4.189749e-04	2.578323e-04	1.625399e-04	4.351563e-03	1.760494e-03	5.231810e-03	-3.471316e-03
244           	1.006174e-02	5.193400e-03	4.868338e-03	-3.222231e-04	9.668089e-05	-4.189040e-04	2.577925e-04	1.625306e-04	4.351200e-03	1.760507e-03	5.231454e-03	-3.470947e-03
245           	1.006080e-02	5.192919e-03	4.867879e-03	-3.221579e-04	9.667125e-05	-4.188291e-04	2.577502e-04	1.625198e-04	4.350844e-03	1.760522e-03	5.231105e-03	-3.470583e-03
246           	1.005987e-02	5.192442e-03	4.867426e-03	-3.220902e-04	9.666092e-05	-4.187512e-04	2.577060e-04	1.625079e-04	4.350492e-03	1.760536e-03	5.230760e-03	-3.470224e-03
247           	1.005895e-02	5.191968e-03	4.866978e-03	-3.220212e-04	9.665017e-05	-4.186714e-04	2.576608e-04	1.624953e-04	4.350142e-03	1.760549e-03	5.230416e-03	-3.469868e-03
248           	1.005803e-02	5.191498e-03	4.866533e-03	-3.219520e-04	9.663930e-05	-4.185913e-04	2.576153e-04	1.624825e-04	4.349792e-03	1.760558e-03	5.230071e-03	-3.469513e-03
249           	1.005712e-02	5.191031e-03	4.866091e-03	-3.218834e-04	9.662859e-05	-4.185120e-04	2.575703e-04	1.624701e-04	4.349443e-03	1.760564e-03	5.229725e-03	-3.469161e-03
250           	1.005622e-02	5.190568e-03	4.865652e-03	-3.218163e-04	9.661824e-05	-4.184346e-04	2.575264e-04	1.624581e-04	4.349096e-03	1.760569e-03	5.229380e-03	-3.468811e-03
251           	1.005533e-02	5.190110e-03	4.865217e-03	-3.217510e-04	9.660836e-05	-4.183593e-04	2.574839e-04	1.624468e-04	4.348750e-03	1.760572e-03	5.229036e-03	-3.468464e-03
252           	1.005444e-02	5.189658e-03	4.864785e-03	-3.216875e-04	9.659898e-05	-4.182865e-04	2.574427e-04	1.624362e-04	4.348408e-03	1.760574e-03	5.228695e-03	-3.468121e-03
253           	1.005357e-02	5.189211e-03	4.864358e-03	-3.216256e-04	9.659006e-05	-4.182157e-04	2.574029e-04	1.624262e-04	4.348070e-03	1.760577e-03	5.228358e-03	-3.467782e-03
254           	1.005271e-02	5.188770e-03	4.863937e-03	-3.215650e-04	9.658148e-05	-4.181465e-04	2.573640e-04	1.624166e-04	4.347737e-03	1.760580e-03	5.228027e-03	-3.467447e-03
255           	1.005186e-02	5.188336e-03	4.863522e-03	-3.215053e-04	9.657313e-05	-4.180784e-04	2.573258e-04	1.624072e-04	4.347410e-03	1.760584e-03	5.227702e-03	-3.467118e-03
256           	1.005102e-02	5.187908e-03	4.863112e-03	-3.214459e-04	9.656487e-05	-4.180108e-04	2.572878e-04	1.623978e-04	4.347088e-03	1.760589e-03	5.227383e-03	-3.466793e-03
257           	1.005019e-02	5.187486e-03	4.862709e-03	-3.213866e-04	9.655659e-05	-4.179432e-04	2.572499e-04	1.623884e-04	4.346771e-03	1.760595e-03	5.227069e-03	-3.466474e-03
258           	1.004938e-02	5.187069e-03	4.862311e-03	-3.213272e-04	9.654822e-05	-4.178754e-04	2.572118e-04	1.623788e-04	4.346460e-03	1.760602e-03	5.226761e-03	-3.466159e-03
259           	1.004858e-02	5.186657e-03	4.861919e-03	-3.212675e-04	9.653972e-05	-4.178072e-04	2.571734e-04	1.623689e-04	4.346152e-03	1.760609e-03	5.226457e-03	-3.465848e-03
260           	1.004778e-02	5.186249e-03	4.861532e-03	-3.212075e-04	9.653108e-05	-4.177386e-04	2.571348e-04	1.623589e-04	4.345849e-03	1.760615e-03	5.226156e-03	-3.465541e-03
261           	1.004700e-02	5.185846e-03	4.861149e-03	-3.211474e-04	9.652234e-05	-4.176697e-04	2.570960e-04	1.623486e-04	4.345548e-03	1.760622e-03	5.225859e-03	-3.465238e-03
262           	1.004622e-02	5.185448e-03	4.860771e-03	-3.210873e-04	9.651351e-05	-4.176008e-04	2.570571e-04	1.623382e-04	4.345251e-03	1.760627e-03	5.225565e-03	-3.464938e-03
263           	1.004545e-02	5.185053e-03	4.860398e-03	-3.210273e-04	9.650466e-05	-4.175319e-04	2.570183e-04	1.623276e-04	4.344957e-03	1.760633e-03	5.225274e-03	-3.464641e-03
264           	1.004469e-02	5.184663e-03	4.860029e-03	-3.209675e-04	9.649581e-05	-4.174633e-04	2.569796e-04	1.623171e-04	4.344666e-03	1.760638e-03	5.224985e-03	-3.464348e-03
265           	1.004394e-02	5.184277e-03	4.859664e-03	-3.209082e-04	9.648700e-05	-4.173951e-04	2.569411e-04	1.623065e-04	4.344379e-03	1.760642e-03	5.224700e-03	-3.464058e-03
266           	1.004320e-02	5.183895e-03	4.859304e-03	-3.208492e-04	9.647825e-05	-4.173274e-04	2.569028e-04	1.622958e-04	4.344094e-03	1.760646e-03	5.224417e-03	-3.463771e-03
267           	1.004247e-02	5.183518e-03	4.858948e-03	-3.207906e-04	9.646958e-05	-4.172602e-04	2.568649e-04	1.622853e-04	4.343813e-03	1.760650e-03	5.224138e-03	-3.463488e-03
268           	1.004174e-02	5.183146e-03	4.858596e-03	-3.207325e-04	9.646098e-05	-4.171934e-04	2.568272e-04	1.622747e-04	4.343535e-03	1.760654e-03	5.223862e-03	-3.463208e-03
269           	1.004103e-02	5.182777e-03	4.858249e-03	-3.206747e-04	9.645246e-05	-4.171272e-04	2.567898e-04	1.622641e-04	4.343261e-03	1.760658e-03	5.223590e-03	-3.462932e-03
270           	1.004032e-02	5.182414e-03	4.857906e-03	-3.206173e-04	9.644400e-05	-4.170613e-04	2.567527e-04	1.622536e-04	4.342991e-03	1.760662e-03	5.223321e-03	-3.462660e-03
271           	1.003962e-02	5.182054e-03	4.857568e-03	-3.205603e-04	9.643559e-05	-4.169959e-04	2.567157e-04	1.622431e-04	4.342724e-03	1.760666e-03	5.223057e-03	-3.462391e-03
272           	1.003893e-02	5.181699e-03	4.857234e-03	-3.205035e-04	9.642721e-05	-4.169307e-04	2.566790e-04	1.622325e-04	4.342460e-03	1.760670e-03	5.222795e-03	-3.462125e-03
273           	1.003825e-02	5.181348e-03	4.856905e-03	-3.204470e-04	9.641885e-05	-4.168659e-04	2.566424e-04	1.622219e-04	4.342200e-03	1.760674e-03	5.222537e-03	-3.461863e-03
274           	1.003758e-02	5.181002e-03	4.856579e-03	-3.203908e-04	9.641052e-05	-4.168013e-04	2.566059e-04	1.622113e-04	4.341943e-03	1.760678e-03	5.222282e-03	-3.461604e-03
275           	1.003692e-02	5.180659e-03	4.856258e-03	-3.203347e-04	9.640219e-05	-4.167369e-04	2.565696e-04	1.622006e-04	4.341690e-03	1.760682e-03	5.222031e-03	-3.461348e-03
276           	1.003626e-02	5.180321e-03	4.855941e-03	-3.202790e-04	9.639388e-05	-4.166729e-04	2.565334e-04	1.621899e-04	4.341439e-03	1.760686e-03	5.221782e-03	-3.461096e-03
277           	1.003561e-02	5.179986e-03	4.855628e-03	-3.202235e-04	9.638559e-05	-4.166091e-04	2.564973e-04	1.621792e-04	4.341192e-03	1.760690e-03	5.221537e-03	-3.460847e-03
278           	1.003497e-02	5.179656e-03	4.855319e-03	-3.201683e-04	9.637732e-05	-4.165457e-04	2.564615e-04	1.621685e-04	4.340948e-03	1.760694e-03	5.221295e-03	-3.460600e-03
279           	1.003434e-02	5.179329e-03	4.855013e-03	-3.201135e-04	9.636908e-05	-4.164826e-04	2.564258e-04	1.621577e-04	4.340706e-03	1.760698e-03	5.221055e-03	-3.460357e-03
280           	1.003372e-02	5.179006e-03	4.854712e-03	-3.200589e-04	9.636087e-05	-4.164198e-04	2.563903e-04	1.621469e-04	4.340468e-03	1.760702e-03	5.220819e-03	-3.460117e-03
281           	1.003310e-02	5.178686e-03	4.854414e-03	-3.200047e-04	9.635269e-05	-4.163574e-04	2.563551e-04	1.621361e-04	4.340233e-03	1.760705e-03	5.220585e-03	-3.459880e-03
282           	1.003249e-02	5.178371e-03	4.854120e-03	-3.199509e-04	9.634455e-05	-4.162954e-04	2.563200e-04	1.621254e-04	4.340000e-03	1.760709e-03	5.220354e-03	-3.459646e-03
283           	1.003189e-02	5.178064e-03	4.853823e-03	-3.199095e-04	9.633922e-05	-4.162487e-04	2.562939e-04	1.621205e-04	4.339769e-03	1.760712e-03	5.220124e-03	-3.459413e-03
284           	1.003129e-02	5.177759e-03	4.853532e-03	-3.198644e-04	9.633300e-05	-4.161974e-04	2.562652e-04	1.621138e-04	4.339541e-03	1.760715e-03	5.219898e-03	-3.459183e-03
285           	1.003070e-02	5.177457e-03	4.853247e-03	-3.198154e-04	9.632576e-05	-4.161412e-04	2.562335e-04	1.621049e-04	4.339316e-03	1.760718e-03	5.219675e-03	-3.458957e-03
286           	1.003012e-02	5.177156e-03	4.852967e-03	-3.197628e-04	9.631757e-05	-4.160804e-04	2.561990e-04	1.620942e-04	4.339095e-03	1.760721e-03	5.219455e-03	-3.458734e-03
287           	1.002955e-02	5.176857e-03	4.852693e-03	-3.197075e-04	9.630863e-05	-4.160161e-04	2.561624e-04	1.620820e-04	4.338877e-03	1.760724e-03	5.219239e-03	-3.458514e-03
288           	1.002898e-02	5.176561e-03	4.852423e-03	-3.196506e-04	9.629922e-05	-4.159498e-04	2.561245e-04	1.620688e-04	4.338662e-03	1.760728e-03	5.219025e-03	-3.458298e-03
289           	1.002842e-02	5.176268e-03	4.852157e-03	-3.195933e-04	9.628963e-05	-4.158829e-04	2.560863e-04	1.620552e-04	4.338449e-03	1.760731e-03	5.218815e-03	-3.458084e-03
290           	1.002787e-02	5.175978e-03	4.851895e-03	-3.195365e-04	9.628016e-05	-4.158167e-04	2.560484e-04	1.620417e-04	4.338240e-03	1.760734e-03	5.218607e-03	-3.457873e-03
291           	1.002733e-02	5.175693e-03	4.851635e-03	-3.194811e-04	9.627100e-05	-4.157521e-04	2.560116e-04	1.620287e-04	4.338033e-03	1.760738e-03	5.218402e-03	-3.457664e-03
292           	1.002679e-02	5.175411e-03	4.851378e-03	-3.194274e-04	9.626227e-05	-4.156897e-04	2.559760e-04	1.620163e-04	4.337829e-03	1.760741e-03	5.218199e-03	-3.457458e-03
293           	1.002626e-02	5.175133e-03	4.851124e-03	-3.193755e-04	9.625402e-05	-4.156295e-04	2.559418e-04	1.620045e-04	4.337627e-03	1.760745e-03	5.217999e-03	-3.457255e-03
294           	1.002573e-02	5.174860e-03	4.850873e-03	-3.193251e-04	9.624621e-05	-4.155713e-04	2.559088e-04	1.619934e-04	4.337428e-03	1.760748e-03	5.217802e-03	-3.457054e-03
295           	1.002521e-02	5.174590e-03	4.850624e-03	-3.192761e-04	9.623874e-05	-4.155148e-04	2.558768e-04	1.619828e-04	4.337231e-03	1.760752e-03	5.217607e-03	-3.456855e-03
296           	1.002470e-02	5.174323e-03	4.850378e-03	-3.192280e-04	9.623152e-05	-4.154595e-04	2.558455e-04	1.619725e-04	4.337037e-03	1.760756e-03	5.217415e-03	-3.456659e-03
297           	1.002420e-02	5.174060e-03	4.850135e-03	-3.191805e-04	9.622442e-05	-4.154049e-04	2.558147e-04	1.619624e-04	4.336845e-03	1.760759e-03	5.217224e-03	-3.456465e-03
298           	1.002370e-02	5.173800e-03	4.849895e-03	-3.191333e-04	9.621735e-05	-4.153506e-04	2.557840e-04	1.619522e-04	4.336655e-03	1.760763e-03	5.217037e-03	-3.456274e-03
299           	1.002320e-02	5.173543e-03	4.849659e-03	-3.190861e-04	9.621024e-05	-4.152964e-04	2.557533e-04	1.619420e-04	4.336468e-03	1.760766e-03	5.216851e-03	-3.456085e-03
300           	1.002271e-02	5.173288e-03	4.849425e-03	-3.190390e-04	9.620304e-05	-4.152420e-04	2.557225e-04	1.619316e-04	4.336283e-03	1.760769e-03	5.216668e-03	-3.455898e-03
301           	1.002223e-02	5.173036e-03	4.849194e-03	-3.189918e-04	9.619576e-05	-4.151876e-04	2.556917e-04	1.619211e-04	4.336101e-03	1.760773e-03	5.216487e-03	-3.455714e-03
302           	1.002175e-02	5.172788e-03	4.848967e-03	-3.189448e-04	9.618840e-05	-4.151332e-04	2.556608e-04	1.619104e-04	4.335920e-03	1.760776e-03	5.216308e-03	-3.455532e-03
303           	1.002128e-02	5.172542e-03	4.848742e-03	-3.188978e-04	9.618099e-05	-4.150788e-04	2.556299e-04	1.618996e-04	4.335742e-03	1.760779e-03	5.216132e-03	-3.455353e-03
304           	1.002082e-02	5.172298e-03	4.848521e-03	-3.188512e-04	9.617357e-05	-4.150247e-04	2.555992e-04	1.618887e-04	4.335567e-03	1.760783e-03	5.215958e-03	-3.455175e-03
305           	1.002036e-02	5.172058e-03	4.848302e-03	-3.188049e-04	9.616618e-05	-4.149710e-04	2.555686e-04	1.618779e-04	4.335393e-03	1.760786e-03	5.215786e-03	-3.455000e-03
306           	1.001991e-02	5.171821e-03	4.848086e-03	-3.187590e-04	9.615884e-05	-4.149178e-04	2.555383e-04	1.618671e-04	4.335222e-03	1.760790e-03	5.215617e-03	-3.454827e-03
307           	1.001946e-02	5.171586e-03	4.847873e-03	-3.187136e-04	9.615157e-05	-4.148652e-04	2.555084e-04	1.618564e-04	4.335053e-03	1.760793e-03	5.215450e-03	-3.454657e-03
308           	1.001902e-02	5.171354e-03	4.847663e-03	-3.186687e-04	9.614439e-05	-4.148131e-04	2.554787e-04	1.618458e-04	4.334886e-03	1.760797e-03	5.215285e-03	-3.454488e-03
309           	1.001858e-02	5.171126e-03	4.847455e-03	-3.186243e-04	9.613729e-05	-4.147616e-04	2.554495e-04	1.618353e-04	4.334722e-03	1.760800e-03	5.215122e-03	-3.454322e-03
310           	1.001815e-02	5.170900e-03	4.847250e-03	-3.185804e-04	9.613028e-05	-4.147107e-04	2.554205e-04	1.618248e-04	4.334559e-03	1.760804e-03	5.214961e-03	-3.454157e-03
311           	1.001772e-02	5.170676e-03	4.847047e-03	-3.185369e-04	9.612334e-05	-4.146602e-04	2.553918e-04	1.618145e-04	4.334399e-03	1.760808e-03	5.214803e-03	-3.453995e-03
312           	1.001730e-02	5.170456e-03	4.846847e-03	-3.184938e-04	9.611646e-05	-4.146103e-04	2.553634e-04	1.618042e-04	4.334241e-03	1.760811e-03	5.214646e-03	-3.453835e-03
313           	1.001689e-02	5.170238e-03	4.846650e-03	-3.184511e-04	9.610965e-05	-4.145607e-04	2.553352e-04	1.617939e-04	4.334084e-03	1.760815e-03	5.214492e-03	-3.453677e-03
314           	1.001648e-02	5.170022e-03	4.846455e-03	-3.184088e-04	9.610288e-05	-4.145117e-04	2.553073e-04	1.617837e-04	4.333930e-03	1.760818e-03	5.214339e-03	-3.453521e-03
315           	1.001607e-02	5.169809e-03	4.846262e-03	-3.183669e-04	9.609617e-05	-4.144631e-04	2.552796e-04	1.617736e-04	4.333778e-03	1.760822e-03	5.214189e-03	-3.453367e-03
316           	1.001567e-02	5.169599e-03	4.846072e-03	-3.183254e-04	9.608951e-05	-4.144149e-04	2.552522e-04	1.617635e-04	4.333627e-03	1.760826e-03	5.214040e-03	-3.453215e-03
317           	1.001528e-02	5.169391e-03	4.845884e-03	-3.182843e-04	9.608290e-05	-4.143672e-04	2.552250e-04	1.617534e-04	4.333479e-03	1.760829e-03	5.213894e-03	-3.453064e-03
318           	1.001488e-02	5.169186e-03	4.845699e-03	-3.182436e-04	9.607636e-05	-4.143199e-04	2.551982e-04	1.617435e-04	4.333332e-03	1.760833e-03	5.213749e-03	-3.452916e-03
319           	1.001450e-02	5.168983e-03	4.845516e-03	-3.182033e-04	9.606987e-05	-4.142732e-04	2.551715e-04	1.617336e-04	4.333188e-03	1.760837e-03	5.213606e-03	-3.452769e-03
320           	1.001412e-02	5.168783e-03	4.845335e-03	-3.181635e-04	9.606345e-05	-4.142270e-04	2.551452e-04	1.617237e-04	4.333045e-03	1.760840e-03	5.213465e-03	-3.452625e-03
321           	1.001374e-02	5.168585e-03	4.845157e-03	-3.181241e-04	9.605710e-05	-4.141812e-04	2.551192e-04	1.617140e-04	4.332904e-03	1.760844e-03	5.213326e-03	-3.452482e-03
322           	1.001337e-02	5.168389e-03	4.844981e-03	-3.180851e-04	9.605081e-05	-4.141360e-04	2.550934e-04	1.617044e-04	4.332765e-03	1.760848e-03	5.213189e-03	-3.452341e-03
323           	1.001300e-02	5.168194e-03	4.844802e-03	-3.180443e-04	9.604535e-05	-4.140897e-04	2.550675e-04	1.616957e-04	4.332623e-03	1.760846e-03	5.213046e-03	-3.452200e-03
324           	1.001263e-02	5.168002e-03	4.844628e-03	-3.180051e-04	9.603978e-05	-4.140449e-04	2.550423e-04	1.616869e-04	4.332484e-03	1.760846e-03	5.212907e-03	-3.452061e-03
325           	1.001227e-02	5.167813e-03	4.844457e-03	-3.179674e-04	9.603407e-05	-4.140015e-04	2.550178e-04	1.616780e-04	4.332348e-03	1.760848e-03	5.212772e-03	-3.451924e-03
326           	1.001192e-02	5.167627e-03	4.844289e-03	-3.179311e-04	9.602823e-05	-4.139593e-04	2.549938e-04	1.616690e-04	4.332216e-03	1.760852e-03	5.212643e-03	-3.451790e-03
327           	1.001157e-02	5.167444e-03	4.844124e-03	-3.178956e-04	9.602228e-05	-4.139179e-04	2.549701e-04	1.616598e-04	4.332088e-03	1.760859e-03	5.212517e-03	-3.451658e-03
328           	1.001122e-02	5.167261e-03	4.843958e-03	-3.178584e-04	9.601700e-05	-4.138754e-04	2.549462e-04	1.616515e-04	4.331956e-03	1.760860e-03	5.212386e-03	-3.451526e-03
329           	1.001088e-02	5.167082e-03	4.843796e-03	-3.178226e-04	9.601149e-05	-4.138341e-04	2.549228e-04	1.616429e-04	4.331828e-03	1.760863e-03	5.212260e-03	-3.451396e-03
330           	1.001054e-02	5.166905e-03	4.843637e-03	-3.177879e-04	9.600580e-05	-4.137937e-04	2.548998e-04	1.616340e-04	4.331703e-03	1.760869e-03	5.212138e-03	-3.451269e-03
331           	1.001021e-02	5.166729e-03	4.843477e-03	-3.177517e-04	9.600070e-05	-4.137524e-04	2.548766e-04	1.616259e-04	4.331576e-03	1.760870e-03	5.212011e-03	-3.451142e-03
332           	1.000988e-02	5.166556e-03	4.843321e-03	-3.177171e-04	9.599533e-05	-4.137125e-04	2.548539e-04	1.616175e-04	4.331453e-03	1.760873e-03	5.211890e-03	-3.451017e-03
333           	1.000955e-02	5.166383e-03	4.843164e-03	-3.176815e-04	9.599049e-05	-4.136720e-04	2.548312e-04	1.616097e-04	4.331329e-03	1.760873e-03	5.211765e-03	-3.450893e-03
334           	1.000923e-02	5.166215e-03	4.843012e-03	-3.176480e-04	9.598531e-05	-4.136333e-04	2.548093e-04	1.616015e-04	4.331209e-03	1.760876e-03	5.211647e-03	-3.450771e-03
335           	1.000891e-02	5.166049e-03	4.842863e-03	-3.176160e-04	9.597984e-05	-4.135959e-04	2.547878e-04	1.615931e-04	4.331093e-03	1.760882e-03	5.211534e-03	-3.450652e-03
336           	1.000860e-02	5.165884e-03	4.842714e-03	-3.175828e-04	9.597490e-05	-4.135577e-04	2.547663e-04	1.615852e-04	4.330976e-03	1.760885e-03	5.211418e-03	-3.450533e-03
337           	1.000828e-02	5.165720e-03	4.842564e-03	-3.175488e-04	9.597038e-05	-4.135192e-04	2.547448e-04	1.615779e-04	4.330857e-03	1.760885e-03	5.211299e-03	-3.450415e-03
338           	1.000798e-02	5.165560e-03	4.842419e-03	-3.175171e-04	9.596546e-05	-4.134826e-04	2.547240e-04	1.615702e-04	4.330743e-03	1.760888e-03	5.211188e-03	-3.450299e-03
339           	1.000768e-02	5.165403e-03	4.842278e-03	-3.174872e-04	9.596019e-05	-4.134473e-04	2.547038e-04	1.615620e-04	4.330634e-03	1.760896e-03	5.211082e-03	-3.450186e-03
340           	1.000738e-02	5.165246e-03	4.842137e-03	-3.174560e-04	9.595541e-05	-4.134114e-04	2.546834e-04	1.615545e-04	4.330523e-03	1.760900e-03	5.210973e-03	-3.450074e-03
341           	1.000709e-02	5.165090e-03	4.841995e-03	-3.174239e-04	9.595103e-05	-4.133750e-04	2.546630e-04	1.615474e-04	4.330411e-03	1.760901e-03	5.210862e-03	-3.449961e-03
342           	1.000680e-02	5.164938e-03	4.841858e-03	-3.173941e-04	9.594625e-05	-4.133404e-04	2.546433e-04	1.615398e-04	4.330304e-03	1.760905e-03	5.210757e-03	-3.449852e-03
343           	1.000651e-02	5.164786e-03	4.841721e-03	-3.173635e-04	9.594187e-05	-4.133054e-04	2.546236e-04	1.615328e-04	4.330196e-03	1.760907e-03	5.210650e-03	-3.449743e-03
344           	1.000623e-02	5.164638e-03	4.841588e-03	-3.173350e-04	9.593709e-05	-4.132721e-04	2.546046e-04	1.615253e-04	4.330093e-03	1.760913e-03	5.210550e-03	-3.449637e-03
345           	1.000595e-02	5.164491e-03	4.841454e-03	-3.173056e-04	9.593273e-05	-4.132384e-04	2.545856e-04	1.615183e-04	4.329989e-03	1.760916e-03	5.210447e-03	-3.449531e-03
346           	1.000567e-02	5.164345e-03	4.841321e-03	-3.172758e-04	9.592872e-05	-4.132045e-04	2.545666e-04	1.615117e-04	4.329884e-03	1.760917e-03	5.210342e-03	-3.449425e-03
347           	1.000539e-02	5.164202e-03	4.841193e-03	-3.172483e-04	9.592427e-05	-4.131726e-04	2.545484e-04	1.615047e-04	4.329784e-03	1.760922e-03	5.210245e-03	-3.449323e-03
348           	1.000512e-02	5.164060e-03	4.841064e-03	-3.172202e-04	9.592017e-05	-4.131404e-04	2.545303e-04	1.614981e-04	4.329683e-03	1.760925e-03	5.210146e-03	-3.449221e-03
349           	1.000485e-02	5.163919e-03	4.840935e-03	-3.171918e-04	9.591636e-05	-4.131082e-04	2.545123e-04	1.614918e-04	4.329582e-03	1.760926e-03	5.210045e-03	-3.449119e-03
350           	1.000459e-02	5.163782e-03	4.840812e-03	-3.171659e-04	9.591207e-05	-4.130780e-04	2.544950e-04	1.614851e-04	4.329487e-03	1.760931e-03	5.209952e-03	-3.449021e-03
351           	1.000433e-02	5.163646e-03	4.840688e-03	-3.171394e-04	9.590808e-05	-4.130475e-04	2.544778e-04	1.614787e-04	4.329391e-03	1.760935e-03	5.209858e-03	-3.448923e-03
352           	1.000408e-02	5.163510e-03	4.840565e-03	-3.171125e-04	9.590436e-05	-4.130168e-04	2.544606e-04	1.614726e-04	4.329294e-03	1.760937e-03	5.209762e-03	-3.448825e-03
353           	1.000382e-02	5.163376e-03	4.840442e-03	-3.170855e-04	9.590086e-05	-4.129863e-04	2.544436e-04	1.614668e-04	4.329197e-03	1.760937e-03	5.209666e-03	-3.448729e-03
354           	1.000357e-02	5.163246e-03	4.840325e-03	-3.170612e-04	9.589680e-05	-4.129580e-04	2.544274e-04	1.614605e-04	4.329107e-03	1.760943e-03	5.209579e-03	-3.448636e-03
355           	1.000332e-02	5.163116e-03	4.840208e-03	-3.170364e-04	9.589300e-05	-4.129294e-04	2.544112e-04	1.614544e-04	4.329016e-03	1.760948e-03	5.209490e-03	-3.448542e-03
356           	1.000308e-02	5.162988e-03	4.840091e-03	-3.170113e-04	9.588941e-05	-4.129007e-04	2.543950e-04	1.614486e-04	4.328925e-03	1.760950e-03	5.209400e-03	-3.448450e-03
357           	1.000284e-02	5.162861e-03	4.839975e-03	-3.169860e-04	9.588600e-05	-4.128720e-04	2.543790e-04	1.614430e-04	4.328834e-03	1.760952e-03	5.209310e-03	-3.448358e-03
358           	1.000260e-02	5.162737e-03	4.839864e-03	-3.169633e-04	9.588203e-05	-4.128454e-04	2.543637e-04	1.614369e-04	4.328750e-03	1.760959e-03	5.209229e-03	-3.448270e-03
359           	1.000237e-02	5.162617e-03	4.839749e-03	-3.169460e-04	9.587945e-05	-4.128255e-04	2.543525e-04	1.614340e-04	4.328663e-03	1.760963e-03	5.209145e-03	-3.448181e-03
360           	1.000213e-02	5.162497e-03	4.839636e-03	-3.169265e-04	9.587670e-05	-4.128032e-04	2.543399e-04	1.614304e-04	4.328576e-03	1.760966e-03	5.209059e-03	-3.448093e-03
361           	1.000190e-02	5.162377e-03	4.839525e-03	-3.169047e-04	9.587372e-05	-4.127784e-04	2.543261e-04	1.614261e-04	4.328490e-03	1.760968e-03	5.208974e-03	-3.448006e-03
362           	1.000167e-02	5.162254e-03	4.839418e-03	-3.168749e-04	9.586933e-05	-4.127442e-04	2.543068e-04	1.614181e-04	4.328405e-03	1.760969e-03	5.208889e-03	-3.447920e-03
363           	1.000145e-02	5.162136e-03	4.839310e-03	-3.168520e-04	9.586622e-05	-4.127182e-04	2.542922e-04	1.614133e-04	4.328320e-03	1.760969e-03	5.208804e-03	-3.447835e-03
364           	1.000122e-02	5.162019e-03	4.839202e-03	-3.168288e-04	9.586305e-05	-4.126918e-04	2.542774e-04	1.614083e-04	4.328236e-03	1.760970e-03	5.208721e-03	-3.447751e-03
365           	1.000101e-02	5.161903e-03	4.839104e-03	-3.168018e-04	9.585798e-05	-4.126598e-04	2.542589e-04	1.613995e-04	4.328160e-03	1.760977e-03	5.208649e-03	-3.447671e-03
366           	1.000079e-02	5.161792e-03	4.839003e-03	-3.167821e-04	9.585462e-05	-4.126367e-04	2.542457e-04	1.613945e-04	4.328083e-03	1.760983e-03	5.208574e-03	-3.447591e-03
367           	1.000058e-02	5.161681e-03	4.838901e-03	-3.167620e-04	9.585138e-05	-4.126133e-04	2.542324e-04	1.613897e-04	4.328005e-03	1.760988e-03	5.208499e-03	-3.447511e-03
368           	1.000037e-02	5.161571e-03	4.838801e-03	-3.167414e-04	9.584824e-05	-4.125896e-04	2.542189e-04	1.613849e-04	4.327928e-03	1.760991e-03	5.208424e-03	-3.447432e-03
369           	1.000016e-02	5.161462e-03	4.838702e-03	-3.167204e-04	9.584519e-05	-4.125656e-04	2.542054e-04	1.613801e-04	4.327851e-03	1.760994e-03	5.208348e-03	-3.447354e-03
370           	9.999958e-03	5.161354e-03	4.838603e-03	-3.166992e-04	9.584221e-05	-4.125415e-04	2.541918e-04	1.613753e-04	4.327775e-03	1.760996e-03	5.208273e-03	-3.447277e-03
371           	9.999754e-03	5.161247e-03	4.838506e-03	-3.166781e-04	9.583930e-05	-4.125174e-04	2.541784e-04	1.613706e-04	4.327699e-03	1.760998e-03	5.208198e-03	-3.447200e-03
372           	9.999552e-03	5.161142e-03	4.838410e-03	-3.166573e-04	9.583646e-05	-4.124937e-04	2.541651e-04	1.613659e-04	4.327625e-03	1.761000e-03	5.208125e-03	-3.447125e-03
373           	9.999353e-03	5.161038e-03	4.838315e-03	-3.166368e-04	9.583367e-05	-4.124705e-04	2.541521e-04	1.613613e-04	4.327551e-03	1.761002e-03	5.208052e-03	-3.447051e-03
374           	9.999157e-03	5.160935e-03	4.838222e-03	-3.166169e-04	9.583093e-05	-4.124478e-04	2.541394e-04	1.613567e-04	4.327479e-03	1.761004e-03	5.207981e-03	-3.446977e-03
375           	9.998964e-03	5.160834e-03	4.838130e-03	-3.165975e-04	9.582823e-05	-4.124258e-04	2.541270e-04	1.613523e-04	4.327408e-03	1.761007e-03	5.207912e-03	-3.446905e-03
376           	9.998773e-03	5.160735e-03	4.838039e-03	-3.165787e-04	9.582556e-05	-4.124042e-04	2.541149e-04	1.613479e-04	4.327338e-03	1.761010e-03	5.207843e-03	-3.446833e-03
377           	9.998586e-03	5.160636e-03	4.837949e-03	-3.165603e-04	9.582290e-05	-4.123832e-04	2.541030e-04	1.613436e-04	4.327270e-03	1.761013e-03	5.207777e-03	-3.446763e-03
378           	9.998400e-03	5.160539e-03	4.837861e-03	-3.165423e-04	9.582026e-05	-4.123625e-04	2.540914e-04	1.613393e-04	4.327202e-03	1.761017e-03	5.207711e-03	-3.446694e-03
379           	9.998218e-03	5.160444e-03	4.837774e-03	-3.165246e-04	9.581762e-05	-4.123422e-04	2.540799e-04	1.613350e-04	4.327136e-03	1.761021e-03	5.207647e-03	-3.446625e-03
380           	9.998037e-03	5.160350e-03	4.837688e-03	-3.165071e-04	9.581501e-05	-4.123221e-04	2.540686e-04	1.613308e-04	4.327070e-03	1.761025e-03	5.207583e-03	-3.446558e-03
381           	9.997859e-03	5.160256e-03	4.837603e-03	-3.164899e-04	9.581241e-05	-4.123023e-04	2.540573e-04	1.613267e-04	4.327006e-03	1.761029e-03	5.207521e-03	-3.446491e-03
382           	9.997684e-03	5.160164e-03	4.837519e-03	-3.164728e-04	9.580983e-05	-4.122826e-04	2.540462e-04	1.613225e-04	4.326942e-03	1.761033e-03	5.207459e-03	-3.446425e-03
383           	9.997510e-03	5.160073e-03	4.837436e-03	-3.164559e-04	9.580728e-05	-4.122632e-04	2.540352e-04	1.613184e-04	4.326879e-03	1.761037e-03	5.207398e-03	-3.446360e-03
384           	9.997338e-03	5.159984e-03	4.837355e-03	-3.164391e-04	9.580477e-05	-4.122439e-04	2.540243e-04	1.613144e-04	4.326817e-03	1.761041e-03	5.207337e-03	-3.446296e-03
385           	9.997169e-03	5.159895e-03	4.837274e-03	-3.164226e-04	9.580230e-05	-4.122249e-04	2.540136e-04	1.613105e-04	4.326755e-03	1.761045e-03	5.207278e-03	-3.446233e-03
386           	9.997001e-03	5.159807e-03	4.837194e-03	-3.164063e-04	9.579987e-05	-4.122062e-04	2.540030e-04	1.613066e-04	4.326695e-03	1.761048e-03	5.207219e-03	-3.446171e-03
387           	9.996835e-03	5.159720e-03	4.837115e-03	-3.163902e-04	9.579748e-05	-4.121877e-04	2.539926e-04	1.613027e-04	4.326635e-03	1.761051e-03	5.207160e-03	-3.446109e-03
388           	9.996672e-03	5.159635e-03	4.837037e-03	-3.163744e-04	9.579514e-05	-4.121696e-04	2.539823e-04	1.612989e-04	4.326575e-03	1.761055e-03	5.207103e-03	-3.446048e-03
389           	9.996510e-03	5.159550e-03	4.836960e-03	-3.163588e-04	9.579284e-05	-4.121517e-04	2.539723e-04	1.612952e-04	4.326517e-03	1.761058e-03	5.207046e-03	-3.445988e-03
390           	9.996350e-03	5.159467e-03	4.836884e-03	-3.163435e-04	9.579057e-05	-4.121340e-04	2.539623e-04	1.612916e-04	4.326459e-03	1.761061e-03	5.206990e-03	-3.445928e-03
391           	9.996193e-03	5.159384e-03	4.836808e-03	-3.163283e-04	9.578833e-05	-4.121167e-04	2.539525e-04	1.612880e-04	4.326402e-03	1.761064e-03	5.206934e-03	-3.445870e-03
392           	9.996037e-03	5.159303e-03	4.836734e-03	-3.163134e-04	9.578612e-05	-4.120995e-04	2.539428e-04	1.612844e-04	4.326346e-03	1.761068e-03	5.206879e-03	-3.445812e-03
393           	9.995883e-03	5.159222e-03	4.836661e-03	-3.162987e-04	9.578393e-05	-4.120826e-04	2.539333e-04	1.612809e-04	4.326290e-03	1.761071e-03	5.206826e-03	-3.445755e-03
394           	9.995731e-03	5.159143e-03	4.836588e-03	-3.162841e-04	9.578177e-05	-4.120659e-04	2.539238e-04	1.612774e-04	4.326235e-03	1.761074e-03	5.206772e-03	-3.445698e-03
395           	9.995581e-03	5.159065e-03	4.836517e-03	-3.162697e-04	9.577962e-05	-4.120494e-04	2.539145e-04	1.612739e-04	4.326181e-03	1.761078e-03	5.206720e-03	-3.445642e-03
396           	9.995433e-03	5.158987e-03	4.836446e-03	-3.162555e-04	9.577750e-05	-4.120330e-04	2.539052e-04	1.612704e-04	4.326128e-03	1.761081e-03	5.206668e-03	-3.445587e-03
397           	9.995287e-03	5.158911e-03	4.836377e-03	-3.162414e-04	9.577539e-05	-4.120168e-04	2.538961e-04	1.612670e-04	4.326075e-03	1.761084e-03	5.206617e-03	-3.445533e-03
398           	9.995143e-03	5.158835e-03	4.836308e-03	-3.162275e-04	9.577331e-05	-4.120008e-04	2.538871e-04	1.612636e-04	4.326023e-03	1.761088e-03	5.206567e-03	-3.445480e-03
399           	9.995000e-03	5.158760e-03	4.836240e-03	-3.162137e-04	9.577125e-05	-4.119850e-04	2.538781e-04	1.612603e-04	4.325972e-03	1.761091e-03	5.206518e-03	-3.445427e-03
400           	9.994859e-03	5.158687e-03	4.836173e-03	-3.162001e-04	9.576920e-05	-4.119693e-04	2.538693e-04	1.612569e-04	4.325922e-03	1.761094e-03	5.206469e-03	-3.445375e-03
401           	9.994720e-03	5.158614e-03	4.836106e-03	-3.161866e-04	9.576718e-05	-4.119538e-04	2.538605e-04	1.612536e-04	4.325872e-03	1.761098e-03	5.206421e-03	-3.445323e-03
402           	9.994583e-03	5.158542e-03	4.836041e-03	-3.161733e-04	9.576517e-05	-4.119385e-04	2.538518e-04	1.612503e-04	4.325823e-03	1.761101e-03	5.206373e-03	-3.445272e-03
403           	9.994447e-03	5.158471e-03	4.835976e-03	-3.161601e-04	9.576319e-05	-4.119233e-04	2.538433e-04	1.612471e-04	4.325774e-03	1.761104e-03	5.206326e-03	-3.445222e-03
404           	9.994313e-03	5.158400e-03	4.835913e-03	-3.161471e-04	9.576122e-05	-4.119083e-04	2.538348e-04	1.612439e-04	4.325726e-03	1.761107e-03	5.206280e-03	-3.445172e-03
405           	9.994181e-03	5.158331e-03	4.835850e-03	-3.161342e-04	9.575926e-05	-4.118935e-04	2.538264e-04	1.612407e-04	4.325679e-03	1.761111e-03	5.206234e-03	-3.445123e-03
406           	9.994050e-03	5.158262e-03	4.835787e-03	-3.161215e-04	9.575732e-05	-4.118788e-04	2.538181e-04	1.612375e-04	4.325632e-03	1.761114e-03	5.206189e-03	-3.445075e-03
407           	9.993921e-03	5.158195e-03	4.835726e-03	-3.161089e-04	9.575540e-05	-4.118643e-04	2.538098e-04	1.612343e-04	4.325586e-03	1.761117e-03	5.206145e-03	-3.445027e-03
408           	9.993793e-03	5.158128e-03	4.835665e-03	-3.160964e-04	9.575348e-05	-4.118499e-04	2.538017e-04	1.612312e-04	4.325540e-03	1.761121e-03	5.206101e-03	-3.444980e-03
409           	9.993667e-03	5.158062e-03	4.835606e-03	-3.160840e-04	9.575158e-05	-4.118356e-04	2.537936e-04	1.612281e-04	4.325496e-03	1.761124e-03	5.206058e-03	-3.444934e-03
410           	9.993543e-03	5.157996e-03	4.835546e-03	-3.160718e-04	9.574969e-05	-4.118215e-04	2.537856e-04	1.612249e-04	4.325451e-03	1.761127e-03	5.206015e-03	-3.444888e-03
411           	9.993420e-03	5.157932e-03	4.835488e-03	-3.160596e-04	9.574780e-05	-4.118074e-04	2.537776e-04	1.612218e-04	4.325408e-03	1.761130e-03	5.205973e-03	-3.444842e-03
412           	9.993298e-03	5.157868e-03	4.835430e-03	-3.160476e-04	9.574593e-05	-4.117935e-04	2.537697e-04	1.612187e-04	4.325364e-03	1.761134e-03	5.205931e-03	-3.444798e-03
413           	9.993178e-03	5.157805e-03	4.835374e-03	-3.160356e-04	9.574406e-05	-4.117797e-04	2.537619e-04	1.612156e-04	4.325322e-03	1.761137e-03	5.205890e-03	-3.444753e-03
414           	9.993060e-03	5.157743e-03	4.835317e-03	-3.160237e-04	9.574221e-05	-4.117659e-04	2.537541e-04	1.612126e-04	4.325280e-03	1.761140e-03	5.205850e-03	-3.444710e-03
415           	9.992943e-03	5.157681e-03	4.835262e-03	-3.160120e-04	9.574036e-05	-4.117523e-04	2.537463e-04	1.612095e-04	4.325238e-03	1.761143e-03	5.205810e-03	-3.444667e-03
416           	9.992827e-03	5.157620e-03	4.835207e-03	-3.160003e-04	9.573852e-05	-4.117388e-04	2.537387e-04	1.612064e-04	4.325197e-03	1.761146e-03	5.205771e-03	-3.444624e-03
417           	9.992713e-03	5.157560e-03	4.835153e-03	-3.159887e-04	9.573670e-05	-4.117253e-04	2.537310e-04	1.612034e-04	4.325157e-03	1.761150e-03	5.205732e-03	-3.444582e-03
418           	9.992600e-03	5.157501e-03	4.835100e-03	-3.159771e-04	9.573488e-05	-4.117120e-04	2.537234e-04	1.612003e-04	4.325117e-03	1.761153e-03	5.205694e-03	-3.444541e-03
419           	9.992489e-03	5.157442e-03	4.835047e-03	-3.159657e-04	9.573308e-05	-4.116987e-04	2.537159e-04	1.611973e-04	4.325078e-03	1.761156e-03	5.205656e-03	-3.444500e-03
420           	9.992379e-03	5.157384e-03	4.834995e-03	-3.159543e-04	9.573128e-05	-4.116856e-04	2.537084e-04	1.611943e-04	4.325039e-03	1.761159e-03	5.205619e-03	-3.444459e-03
421           	9.992270e-03	5.157326e-03	4.834944e-03	-3.159430e-04	9.572949e-05	-4.116725e-04	2.537010e-04	1.611912e-04	4.325001e-03	1.761162e-03	5.205582e-03	-3.444420e-03
422           	9.992163e-03	5.157270e-03	4.834893e-03	-3.159318e-04	9.572771e-05	-4.116595e-04	2.536936e-04	1.611882e-04	4.324963e-03	1.761166e-03	5.205546e-03	-3.444380e-03
423           	9.992057e-03	5.157214e-03	4.834843e-03	-3.159206e-04	9.572594e-05	-4.116466e-04	2.536863e-04	1.611852e-04	4.324926e-03	1.761169e-03	5.205510e-03	-3.444341e-03
424           	9.991952e-03	5.157158e-03	4.834794e-03	-3.159096e-04	9.572417e-05	-4.116337e-04	2.536790e-04	1.611822e-04	4.324889e-03	1.761172e-03	5.205475e-03	-3.444303e-03
425           	9.991849e-03	5.157104e-03	4.834745e-03	-3.158986e-04	9.572241e-05	-4.116210e-04	2.536717e-04	1.611792e-04	4.324853e-03	1.761175e-03	5.205440e-03	-3.444265e-03
426           	9.991747e-03	5.157049e-03	4.834697e-03	-3.158877e-04	9.572066e-05	-4.116083e-04	2.536645e-04	1.611762e-04	4.324817e-03	1.761178e-03	5.205406e-03	-3.444228e-03
427           	9.991646e-03	5.156996e-03	4.834650e-03	-3.158768e-04	9.571891e-05	-4.115957e-04	2.536573e-04	1.611732e-04	4.324781e-03	1.761181e-03	5.205372e-03	-3.444191e-03
428           	9.991546e-03	5.156943e-03	4.834603e-03	-3.158661e-04	9.571717e-05	-4.115832e-04	2.536502e-04	1.611702e-04	4.324746e-03	1.761185e-03	5.205339e-03	-3.444154e-03
429           	9.991447e-03	5.156891e-03	4.834556e-03	-3.158554e-04	9.571543e-05	-4.115708e-04	2.536431e-04	1.611672e-04	4.324712e-03	1.761188e-03	5.205306e-03	-3.444118e-03
430           	9.991350e-03	5.156839e-03	4.834511e-03	-3.158447e-04	9.571370e-05	-4.115584e-04	2.536361e-04	1.611643e-04	4.324678e-03	1.761191e-03	5.205273e-03	-3.444083e-03
431           	9.991254e-03	5.156788e-03	4.834466e-03	-3.158341e-04	9.571198e-05	-4.115461e-04	2.536291e-04	1.611613e-04	4.324644e-03	1.761194e-03	5.205241e-03	-3.444047e-03
432           	9.991159e-03	5.156738e-03	4.834421e-03	-3.158236e-04	9.571027e-05	-4.115339e-04	2.536221e-04	1.611583e-04	4.324611e-03	1.761197e-03	5.205210e-03	-3.444013e-03
433           	9.991065e-03	5.156688e-03	4.834377e-03	-3.158131e-04	9.570856e-05	-4.115217e-04	2.536151e-04	1.611554e-04	4.324578e-03	1.761200e-03	5.205179e-03	-3.443978e-03
434           	9.990972e-03	5.156639e-03	4.834334e-03	-3.158027e-04	9.570686e-05	-4.115096e-04	2.536082e-04	1.611524e-04	4.324546e-03	1.761203e-03	5.205148e-03	-3.443945e-03
435           	9.990881e-03	5.156590e-03	4.834291e-03	-3.157923e-04	9.570516e-05	-4.114975e-04	2.536013e-04	1.611495e-04	4.324514e-03	1.761206e-03	5.205117e-03	-3.443911e-03
436           	9.990790e-03	5.156542e-03	4.834249e-03	-3.157820e-04	9.570346e-05	-4.114855e-04	2.535945e-04	1.611465e-04	4.324483e-03	1.761209e-03	5.205088e-03	-3.443878e-03
437           	9.990700e-03	5.156495e-03	4.834204e-03	-3.157759e-04	9.570266e-05	-4.114786e-04	2.535906e-04	1.611453e-04	4.324451e-03	1.761212e-03	5.205056e-03	-3.443845e-03
438           	9.990612e-03	5.156448e-03	4.834164e-03	-3.157646e-04	9.570075e-05	-4.114653e-04	2.535830e-04	1.611419e-04	4.324420e-03	1.761215e-03	5.205028e-03	-3.443813e-03
439           	9.990523e-03	5.156402e-03	4.834121e-03	-3.157576e-04	9.569978e-05	-4.114573e-04	2.535786e-04	1.611404e-04	4.324389e-03	1.761218e-03	5.204998e-03	-3.443780e-03
440           	9.990438e-03	5.156355e-03	4.834082e-03	-3.157452e-04	9.569761e-05	-4.114428e-04	2.535702e-04	1.611365e-04	4.324360e-03	1.761221e-03	5.204970e-03	-3.443749e-03
441           	9.990353e-03	5.156309e-03	4.834044e-03	-3.157329e-04	9.569543e-05	-4.114283e-04	2.535619e-04	1.611326e-04	4.324331e-03	1.761224e-03	5.204943e-03	-3.443719e-03
442           	9.990268e-03	5.156265e-03	4.834003e-03	-3.157254e-04	9.569432e-05	-4.114197e-04	2.535570e-04	1.611308e-04	4.324301e-03	1.761227e-03	5.204914e-03	-3.443688e-03
443           	9.990184e-03	5.156221e-03	4.833963e-03	-3.157174e-04	9.569309e-05	-4.114105e-04	2.535518e-04	1.611287e-04	4.324272e-03	1.761229e-03	5.204886e-03	-3.443657e-03
