# Force and moment coefficients
# dragDir     : (1.000000e+00 0.000000e+00 0.000000e+00)
# sideDir     : (0.000000e+00 1.000000e+00 0.000000e+00)
# liftDir     : (0.000000e+00 0.000000e+00 1.000000e+00)
# rollAxis    : (1.000000e+00 0.000000e+00 0.000000e+00)
# pitchAxis   : (0.000000e+00 1.000000e+00 0.000000e+00)
# yawAxis     : (0.000000e+00 0.000000e+00 1.000000e+00)
# magUInf     : 1.000000e+01
# lRef        : 1.499270e-01
# Aref        : 5.000000e-02
# CofR        : (3.750000e-02 0.000000e+00 0.000000e+00)
#
# Time        	Cd            	Cd(f)         	Cd(r)         	Cl            	Cl(f)         	Cl(r)         	CmPitch       	CmRoll        	CmYaw         	Cs            	Cs(f)         	Cs(r)         
1             	1.230079e-01	1.046890e-01	1.831897e-02	-5.427746e-03	5.183356e-02	-5.726130e-02	5.454743e-02	4.318499e-02	-2.240687e-02	-9.569744e-02	-7.025559e-02	-2.544185e-02
2             	1.012230e-01	8.563756e-02	1.558540e-02	-6.859399e-03	4.110312e-02	-4.796252e-02	4.453282e-02	3.502608e-02	-1.836557e-02	-7.764529e-02	-5.718822e-02	-2.045707e-02
3             	8.195003e-02	6.325978e-02	1.869025e-02	-6.825068e-03	3.257841e-02	-3.940348e-02	3.599095e-02	2.228476e-02	-1.171996e-02	-4.947325e-02	-3.645658e-02	-1.301666e-02
4             	6.349836e-02	3.972428e-02	2.377409e-02	-5.804911e-03	2.506343e-02	-3.086834e-02	2.796588e-02	7.975097e-03	-4.089413e-03	-1.786962e-02	-1.302422e-02	-4.845397e-03
5             	4.648196e-02	1.842693e-02	2.805503e-02	-4.280363e-03	1.846822e-02	-2.274858e-02	2.060840e-02	-4.814051e-03	2.824456e-03	1.034315e-02	7.996033e-03	2.347120e-03
6             	3.212262e-02	2.143050e-03	2.997957e-02	-2.670082e-03	1.305816e-02	-1.572824e-02	1.439320e-02	-1.391826e-02	7.797427e-03	3.041836e-02	2.300661e-02	7.411751e-03
7             	2.134918e-02	-7.679969e-03	2.902915e-02	-1.275485e-03	9.066521e-03	-1.034201e-02	9.704264e-03	-1.835456e-02	1.023750e-02	4.021219e-02	3.034359e-02	9.868596e-03
8             	1.443556e-02	-1.104577e-02	2.548133e-02	-2.628951e-04	6.530084e-03	-6.792979e-03	6.661532e-03	-1.826355e-02	1.017902e-02	4.005190e-02	3.020497e-02	9.846927e-03
9             	1.100975e-02	-9.145064e-03	2.015481e-02	3.227417e-04	5.275737e-03	-4.952995e-03	5.114366e-03	-1.464994e-02	8.152836e-03	3.215709e-02	2.423138e-02	7.925709e-03
10            	1.025741e-02	-3.862622e-03	1.412003e-02	5.250136e-04	4.984033e-03	-4.459019e-03	4.721526e-03	-8.991324e-03	4.973806e-03	1.977961e-02	1.486361e-02	4.915999e-03
11            	1.117821e-02	2.728598e-03	8.449614e-03	4.384292e-04	5.277818e-03	-4.839389e-03	5.058603e-03	-2.860508e-03	1.526753e-03	6.375849e-03	4.714677e-03	1.661172e-03
12            	1.281963e-02	8.829261e-03	3.990365e-03	1.749987e-04	5.806222e-03	-5.631224e-03	5.718723e-03	2.419448e-03	-1.434151e-03	-5.157173e-03	-4.012737e-03	-1.144436e-03
13            	1.443833e-02	1.319898e-02	1.239352e-03	-1.615371e-04	6.301662e-03	-6.463200e-03	6.382431e-03	5.979814e-03	-3.407617e-03	-1.292348e-02	-9.869359e-03	-3.054125e-03
14            	1.557695e-02	1.527106e-02	3.058910e-04	-4.911685e-04	6.606164e-03	-7.097333e-03	6.851748e-03	7.482583e-03	-4.197268e-03	-1.619599e-02	-1.229526e-02	-3.900726e-03
15            	1.606176e-02	1.510888e-02	9.528803e-04	-7.641165e-04	6.668091e-03	-7.432207e-03	7.050149e-03	7.078002e-03	-3.892150e-03	-1.531399e-02	-1.154914e-02	-3.764845e-03
16            	1.594233e-02	1.324369e-02	2.698642e-03	-9.589399e-04	6.517234e-03	-7.476174e-03	6.996704e-03	5.272524e-03	-2.789939e-03	-1.139704e-02	-8.488459e-03	-2.908580e-03
17            	1.540314e-02	1.044285e-02	4.960285e-03	-1.076005e-03	6.230475e-03	-7.306480e-03	6.768477e-03	2.741283e-03	-1.289304e-03	-5.923946e-03	-4.251277e-03	-1.672669e-03
18            	1.467759e-02	7.507184e-03	7.170404e-03	-1.129097e-03	5.898788e-03	-7.027885e-03	6.463337e-03	1.683899e-04	2.067315e-04	-3.833808e-04	1.504108e-05	-3.984218e-04
19            	1.397376e-02	5.077913e-03	8.895843e-03	-1.137727e-03	5.599376e-03	-6.737104e-03	6.168240e-03	-1.908965e-03	1.384128e-03	4.062331e-03	3.415293e-03	6.470379e-04
20            	1.343223e-02	3.545386e-03	9.886843e-03	-1.121102e-03	5.380900e-03	-6.502002e-03	5.941451e-03	-3.170728e-03	2.060745e-03	6.729522e-03	5.425506e-03	1.304016e-03
21            	1.311026e-02	3.021902e-03	1.008836e-02	-1.094430e-03	5.258865e-03	-6.353294e-03	5.806080e-03	-3.533228e-03	2.197924e-03	7.451195e-03	5.923521e-03	1.527674e-03
22            	1.299115e-02	3.380152e-03	9.611000e-03	-1.067467e-03	5.220250e-03	-6.287717e-03	5.753984e-03	-3.115424e-03	1.879067e-03	6.500551e-03	5.129343e-03	1.371208e-03
23            	1.300769e-02	4.333549e-03	8.674144e-03	-1.044813e-03	5.233691e-03	-6.278504e-03	5.756097e-03	-2.170298e-03	1.266185e-03	4.436945e-03	3.484657e-03	9.522881e-04
24            	1.307201e-02	5.530317e-03	7.541690e-03	-1.027204e-03	5.261538e-03	-6.288742e-03	5.775140e-03	-1.005687e-03	5.502895e-04	1.931674e-03	1.516127e-03	4.155476e-04
25            	1.310320e-02	6.646108e-03	6.457090e-03	-1.013165e-03	5.270773e-03	-6.283937e-03	5.777355e-03	9.450902e-05	-9.687307e-05	-4.029250e-04	-2.983356e-04	-1.045894e-04
26            	1.304537e-02	7.443852e-03	5.601520e-03	-1.000584e-03	5.239722e-03	-6.240307e-03	5.740015e-03	9.211663e-04	-5.536595e-04	-2.123594e-03	-1.615456e-03	-5.081373e-04
27            	1.287595e-02	7.804017e-03	5.071931e-03	-9.878021e-04	5.160887e-03	-6.148689e-03	5.654788e-03	1.366043e-03	-7.634860e-04	-3.009438e-03	-2.268205e-03	-7.412332e-04
28            	1.260449e-02	7.724275e-03	4.880217e-03	-9.741931e-04	5.039883e-03	-6.014076e-03	5.526979e-03	1.422029e-03	-7.332026e-04	-3.059623e-03	-2.263014e-03	-7.966089e-04
29            	1.226488e-02	7.296570e-03	4.968312e-03	-9.602264e-04	4.891895e-03	-5.852122e-03	5.372008e-03	1.164129e-03	-5.197110e-04	-2.449558e-03	-1.744490e-03	-7.050680e-04
30            	1.190329e-02	6.668863e-03	5.234426e-03	-9.471421e-04	4.736567e-03	-5.683709e-03	5.210138e-03	7.172188e-04	-2.080308e-04	-1.457851e-03	-9.369562e-04	-5.208945e-04
31            	1.156541e-02	6.000077e-03	5.565336e-03	-9.364836e-04	4.592763e-03	-5.529246e-03	5.061005e-03	2.173708e-04	1.137663e-04	-3.816126e-04	-7.704005e-05	-3.045726e-04
32            	1.128721e-02	5.427018e-03	5.860194e-03	-9.296022e-04	4.474918e-03	-5.404520e-03	4.939719e-03	-2.165881e-04	3.724628e-04	5.253513e-04	6.351385e-04	-1.097872e-04
33            	1.108927e-02	5.041323e-03	6.047947e-03	-9.272954e-04	4.390878e-03	-5.318173e-03	4.854525e-03	-5.033121e-04	5.218135e-04	1.095074e-03	1.069351e-03	2.572343e-05
34            	1.097525e-02	4.879920e-03	6.095334e-03	-9.296325e-04	4.341475e-03	-5.271108e-03	4.806291e-03	-6.077071e-04	5.469493e-04	1.262334e-03	1.178116e-03	8.421764e-05
35            	1.093401e-02	4.928461e-03	6.005551e-03	-9.359570e-04	4.321565e-03	-5.257522e-03	4.789543e-03	-5.385452e-04	4.614316e-04	1.057241e-03	9.900519e-04	6.718866e-05
36            	1.094430e-02	5.134327e-03	5.809974e-03	-9.450705e-04	4.322059e-03	-5.267130e-03	4.794595e-03	-3.378240e-04	2.991390e-04	5.801106e-04	5.891943e-04	-9.083651e-06
37            	1.098040e-02	5.424443e-03	5.555957e-03	-9.554812e-04	4.332294e-03	-5.287775e-03	4.810034e-03	-6.575743e-05	1.036015e-04	-3.252877e-05	8.733715e-05	-1.198659e-04
38            	1.101758e-02	5.723626e-03	5.293958e-03	-9.656854e-04	4.342231e-03	-5.307916e-03	4.825073e-03	2.148338e-04	-8.258899e-05	-6.425267e-04	-4.038524e-04	-2.386744e-04
39            	1.103631e-02	5.969619e-03	5.066693e-03	-9.744118e-04	4.344130e-03	-5.318542e-03	4.831336e-03	4.514631e-04	-2.261705e-04	-1.138113e-03	-7.952269e-04	-3.428858e-04
40            	1.102465e-02	6.122481e-03	4.902168e-03	-9.807818e-04	4.333449e-03	-5.314231e-03	4.823840e-03	6.101566e-04	-3.080593e-04	-1.450780e-03	-1.033449e-03	-4.173305e-04
41            	1.097877e-02	6.167736e-03	4.811030e-03	-9.843931e-04	4.308968e-03	-5.293361e-03	4.801164e-03	6.783530e-04	-3.244486e-04	-1.560270e-03	-1.104584e-03	-4.556864e-04
42            	1.090194e-02	6.113992e-03	4.787946e-03	-9.852948e-04	4.272317e-03	-5.257612e-03	4.764964e-03	6.630226e-04	-2.847127e-04	-1.488996e-03	-1.029211e-03	-4.597854e-04
43            	1.080252e-02	5.986706e-03	4.815810e-03	-9.839068e-04	4.227092e-03	-5.210999e-03	4.719045e-03	5.854481e-04	-2.071625e-04	-1.289375e-03	-8.518498e-04	-4.375249e-04
44            	1.069140e-02	5.820050e-03	4.871351e-03	-9.808922e-04	4.177813e-03	-5.158706e-03	4.668260e-03	4.743495e-04	-1.138919e-04	-1.027932e-03	-6.278580e-04	-4.000742e-04
45            	1.057967e-02	5.648841e-03	4.930826e-03	-9.770116e-04	4.128951e-03	-5.105963e-03	4.617457e-03	3.590072e-04	-2.590368e-05	-7.699057e-04	-4.108565e-04	-3.590492e-04
46            	1.047660e-02	5.502025e-03	4.974576e-03	-9.729967e-04	4.084171e-03	-5.057167e-03	4.570669e-03	2.637245e-04	4.059869e-05	-5.673073e-04	-2.430550e-04	-3.242523e-04
47            	1.038849e-02	5.398593e-03	4.989900e-03	-9.694493e-04	4.045879e-03	-5.015328e-03	4.530604e-03	2.043461e-04	7.629905e-05	-4.518455e-04	-1.496237e-04	-3.022218e-04
48            	1.031826e-02	5.346196e-03	4.972064e-03	-9.667773e-04	4.015085e-03	-4.981862e-03	4.498474e-03	1.870660e-04	7.916582e-05	-4.331164e-04	-1.373924e-04	-2.957240e-04
49            	1.026559e-02	5.342059e-03	4.923530e-03	-9.651774e-04	3.991509e-03	-4.956686e-03	4.474098e-03	2.092646e-04	5.341918e-05	-5.012718e-04	-1.972167e-04	-3.040551e-04
50            	1.022768e-02	5.375638e-03	4.852037e-03	-9.646532e-04	3.973908e-03	-4.938562e-03	4.456235e-03	2.618005e-04	7.546261e-06	-6.327772e-04	-3.088423e-04	-3.239349e-04
51            	1.020017e-02	5.432077e-03	4.768093e-03	-9.650563e-04	3.960469e-03	-4.925525e-03	4.442997e-03	3.319920e-04	-4.806285e-05	-7.974605e-04	-4.467931e-04	-3.506674e-04
52            	1.017820e-02	5.495720e-03	4.682480e-03	-9.661378e-04	3.949206e-03	-4.915344e-03	4.432275e-03	4.066202e-04	-1.033508e-04	-9.653164e-04	-5.860090e-04	-3.793075e-04
53            	1.015726e-02	5.553027e-03	4.604229e-03	-9.676049e-04	3.938310e-03	-4.905915e-03	4.422113e-03	4.743989e-04	-1.503203e-04	-1.111891e-03	-7.062660e-04	-4.056254e-04
54            	1.013375e-02	5.594433e-03	4.539319e-03	-9.691760e-04	3.926383e-03	-4.895559e-03	4.410971e-03	5.275569e-04	-1.840288e-04	-1.221474e-03	-7.947660e-04	-4.267083e-04
55            	1.010543e-02	5.615179e-03	4.490249e-03	-9.706142e-04	3.912558e-03	-4.883173e-03	4.397866e-03	5.624653e-04	-2.028364e-04	-1.288063e-03	-8.468680e-04	-4.411952e-04
56            	1.007141e-02	5.615089e-03	4.456322e-03	-9.717494e-04	3.896520e-03	-4.868269e-03	4.382394e-03	5.793837e-04	-2.080087e-04	-1.314347e-03	-8.651821e-04	-4.491646e-04
57            	1.003203e-02	5.597607e-03	4.434426e-03	-9.724891e-04	3.878425e-03	-4.850914e-03	4.364669e-03	5.815906e-04	-2.028945e-04	-1.309396e-03	-8.575924e-04	-4.518033e-04
58            	9.988549e-03	5.568445e-03	4.420104e-03	-9.728127e-04	3.858785e-03	-4.831598e-03	4.345192e-03	5.741707e-04	-1.919127e-04	-1.285715e-03	-8.347703e-04	-4.509450e-04
59            	9.942738e-03	5.534111e-03	4.408627e-03	-9.727576e-04	3.838311e-03	-4.811069e-03	4.324690e-03	5.627422e-04	-1.795595e-04	-1.256309e-03	-8.077141e-04	-4.485951e-04
60            	9.896570e-03	5.500679e-03	4.395891e-03	-9.723997e-04	3.817775e-03	-4.790175e-03	4.303975e-03	5.523939e-04	-1.696247e-04	-1.232341e-03	-7.857952e-04	-4.465459e-04
61            	9.851878e-03	5.472875e-03	4.379003e-03	-9.718354e-04	3.797886e-03	-4.769721e-03	4.283803e-03	5.469359e-04	-1.646966e-04	-1.221615e-03	-7.755042e-04	-4.461109e-04
62            	9.810093e-03	5.453587e-03	4.356507e-03	-9.711673e-04	3.779201e-03	-4.750369e-03	4.264785e-03	5.485401e-04	-1.659831e-04	-1.227989e-03	-7.799778e-04	-4.480116e-04
63            	9.772162e-03	5.443826e-03	4.328335e-03	-9.704864e-04	3.762086e-03	-4.732572e-03	4.247329e-03	5.577454e-04	-1.734125e-04	-1.251603e-03	-7.992141e-04	-4.523890e-04
64            	9.738495e-03	5.442985e-03	4.295510e-03	-9.698646e-04	3.746694e-03	-4.716558e-03	4.231626e-03	5.737374e-04	-1.859304e-04	-1.289725e-03	-8.307927e-04	-4.589320e-04
65            	9.708990e-03	5.449279e-03	4.259711e-03	-9.693521e-04	3.732988e-03	-4.702341e-03	4.217665e-03	5.947840e-04	-2.018916e-04	-1.337842e-03	-8.708126e-04	-4.670295e-04
66            	9.683156e-03	5.460317e-03	4.222839e-03	-9.689739e-04	3.720786e-03	-4.689760e-03	4.205273e-03	6.187388e-04	-2.194709e-04	-1.390865e-03	-9.149032e-04	-4.759615e-04
67            	9.660196e-03	5.473591e-03	4.186605e-03	-9.687367e-04	3.709799e-03	-4.678535e-03	4.194167e-03	6.434928e-04	-2.370108e-04	-1.444123e-03	-9.590726e-04	-4.850509e-04
68            	9.639229e-03	5.486913e-03	4.152316e-03	-9.686259e-04	3.699687e-03	-4.668313e-03	4.184000e-03	6.672987e-04	-2.532469e-04	-1.494016e-03	-1.000255e-03	-4.937611e-04
69            	9.619377e-03	5.498674e-03	4.120703e-03	-9.686169e-04	3.690117e-03	-4.658734e-03	4.174426e-03	6.889857e-04	-2.674354e-04	-1.538399e-03	-1.036635e-03	-5.017642e-04
70            	9.599845e-03	5.507925e-03	4.091920e-03	-9.686808e-04	3.680790e-03	-4.649471e-03	4.165131e-03	7.080026e-04	-2.793435e-04	-1.576564e-03	-1.067625e-03	-5.089383e-04
71            	9.580058e-03	5.514388e-03	4.065670e-03	-9.687849e-04	3.671474e-03	-4.640259e-03	4.155866e-03	7.243594e-04	-2.891650e-04	-1.608993e-03	-1.093661e-03	-5.153314e-04
72            	9.559648e-03	5.518312e-03	4.041336e-03	-9.688997e-04	3.662012e-03	-4.630912e-03	4.146462e-03	7.384876e-04	-2.973823e-04	-1.636981e-03	-1.115873e-03	-5.211082e-04
73            	9.538494e-03	5.520332e-03	4.018162e-03	-9.690026e-04	3.652341e-03	-4.621343e-03	4.136842e-03	7.510847e-04	-3.046260e-04	-1.662251e-03	-1.135752e-03	-5.264995e-04
74            	9.516638e-03	5.521236e-03	3.995402e-03	-9.690756e-04	3.642458e-03	-4.611533e-03	4.126996e-03	7.629166e-04	-3.115227e-04	-1.686510e-03	-1.154778e-03	-5.317321e-04
75            	9.494273e-03	5.521827e-03	3.972446e-03	-9.691081e-04	3.632424e-03	-4.601532e-03	4.116978e-03	7.746906e-04	-3.186005e-04	-1.711195e-03	-1.174198e-03	-5.369970e-04
76            	9.471708e-03	5.522810e-03	3.948898e-03	-9.690949e-04	3.622339e-03	-4.591433e-03	4.106886e-03	7.869563e-04	-3.262296e-04	-1.737306e-03	-1.194883e-03	-5.424233e-04
77            	9.449287e-03	5.524705e-03	3.924582e-03	-9.690370e-04	3.612323e-03	-4.581360e-03	4.096842e-03	8.000615e-04	-3.346022e-04	-1.765356e-03	-1.217280e-03	-5.480756e-04
78            	9.427323e-03	5.527809e-03	3.899514e-03	-9.689425e-04	3.602496e-03	-4.571439e-03	4.086968e-03	8.141478e-04	-3.437495e-04	-1.795422e-03	-1.241460e-03	-5.539613e-04
79            	9.406111e-03	5.532236e-03	3.873875e-03	-9.688206e-04	3.592964e-03	-4.561784e-03	4.077374e-03	8.291804e-04	-3.535805e-04	-1.827251e-03	-1.267206e-03	-5.600448e-04
80            	9.385854e-03	5.537929e-03	3.847924e-03	-9.686840e-04	3.583803e-03	-4.552487e-03	4.068145e-03	8.450025e-04	-3.639286e-04	-1.860398e-03	-1.294128e-03	-5.662704e-04
81            	9.366664e-03	5.544719e-03	3.821945e-03	-9.685459e-04	3.575060e-03	-4.543606e-03	4.059333e-03	8.613872e-04	-3.746016e-04	-1.894358e-03	-1.321781e-03	-5.725776e-04
82            	9.348550e-03	5.552366e-03	3.796184e-03	-9.684197e-04	3.566750e-03	-4.535170e-03	4.050960e-03	8.780907e-04	-3.854189e-04	-1.928671e-03	-1.349755e-03	-5.789167e-04
83            	9.331450e-03	5.560615e-03	3.770835e-03	-9.683155e-04	3.558858e-03	-4.527173e-03	4.043015e-03	8.948897e-04	-3.962356e-04	-1.962978e-03	-1.377725e-03	-5.852533e-04
84            	9.315248e-03	5.569238e-03	3.746010e-03	-9.682410e-04	3.551346e-03	-4.519587e-03	4.035467e-03	9.116144e-04	-4.069571e-04	-1.997062e-03	-1.405488e-03	-5.915739e-04
85            	9.299791e-03	5.578047e-03	3.721745e-03	-9.682002e-04	3.544164e-03	-4.512364e-03	4.028264e-03	9.281512e-04	-4.175343e-04	-2.030829e-03	-1.432949e-03	-5.978803e-04
86            	9.284909e-03	5.586904e-03	3.698005e-03	-9.681959e-04	3.537255e-03	-4.505451e-03	4.021353e-03	9.444496e-04	-4.279606e-04	-2.064295e-03	-1.460108e-03	-6.041867e-04
87            	9.270471e-03	5.595742e-03	3.674729e-03	-9.682258e-04	3.530566e-03	-4.498792e-03	4.014679e-03	9.605068e-04	-4.382554e-04	-2.097531e-03	-1.487021e-03	-6.105100e-04
88            	9.256361e-03	5.604534e-03	3.651826e-03	-9.682864e-04	3.524049e-03	-4.492335e-03	4.008192e-03	9.763541e-04	-4.484508e-04	-2.130634e-03	-1.513768e-03	-6.168661e-04
89            	9.242502e-03	5.613292e-03	3.629211e-03	-9.683727e-04	3.517670e-03	-4.486043e-03	4.001856e-03	9.920406e-04	-4.585798e-04	-2.163689e-03	-1.540424e-03	-6.232646e-04
90            	9.228840e-03	5.622038e-03	3.606802e-03	-9.684798e-04	3.511406e-03	-4.479886e-03	3.995646e-03	1.007618e-03	-4.686668e-04	-2.196749e-03	-1.567041e-03	-6.297077e-04
91            	9.215367e-03	5.630815e-03	3.584552e-03	-9.686011e-04	3.505248e-03	-4.473849e-03	3.989548e-03	1.023131e-03	-4.787248e-04	-2.229826e-03	-1.593638e-03	-6.361883e-04
92            	9.202091e-03	5.639621e-03	3.562470e-03	-9.687301e-04	3.499192e-03	-4.467922e-03	3.983557e-03	1.038575e-03	-4.887311e-04	-2.262816e-03	-1.620139e-03	-6.426771e-04
93            	9.189043e-03	5.648523e-03	3.540520e-03	-9.688626e-04	3.493252e-03	-4.462115e-03	3.977683e-03	1.054001e-03	-4.987024e-04	-2.295751e-03	-1.646578e-03	-6.491731e-04
94            	9.176268e-03	5.657572e-03	3.518696e-03	-9.689952e-04	3.487443e-03	-4.456438e-03	3.971940e-03	1.069438e-03	-5.086442e-04	-2.328629e-03	-1.672959e-03	-6.556703e-04
95            	9.163802e-03	5.666733e-03	3.497069e-03	-9.691244e-04	3.481773e-03	-4.450897e-03	3.966335e-03	1.084832e-03	-5.185112e-04	-2.361289e-03	-1.699156e-03	-6.621333e-04
96            	9.151676e-03	5.675992e-03	3.475684e-03	-9.692491e-04	3.476253e-03	-4.445502e-03	3.960877e-03	1.100154e-03	-5.282848e-04	-2.393660e-03	-1.725115e-03	-6.685454e-04
97            	9.139915e-03	5.685334e-03	3.454581e-03	-9.693690e-04	3.470890e-03	-4.440259e-03	3.955574e-03	1.115377e-03	-5.379501e-04	-2.425688e-03	-1.750794e-03	-6.748939e-04
98            	9.128517e-03	5.694693e-03	3.433824e-03	-9.694869e-04	3.465686e-03	-4.435173e-03	3.950430e-03	1.130434e-03	-5.474761e-04	-2.457263e-03	-1.776108e-03	-6.811556e-04
99            	9.117477e-03	5.704077e-03	3.413400e-03	-9.696035e-04	3.460641e-03	-4.430245e-03	3.945443e-03	1.145338e-03	-5.568824e-04	-2.488453e-03	-1.801109e-03	-6.873441e-04
100           	9.106783e-03	5.713457e-03	3.393325e-03	-9.697187e-04	3.455749e-03	-4.425468e-03	3.940609e-03	1.160066e-03	-5.661667e-04	-2.519252e-03	-1.825793e-03	-6.934593e-04
101           	9.096396e-03	5.722799e-03	3.373597e-03	-9.698340e-04	3.451003e-03	-4.420837e-03	3.935920e-03	1.174601e-03	-5.753302e-04	-2.549670e-03	-1.850165e-03	-6.995048e-04
102           	9.086300e-03	5.732083e-03	3.354216e-03	-9.699492e-04	3.446393e-03	-4.416342e-03	3.931368e-03	1.188934e-03	-5.843768e-04	-2.579721e-03	-1.874237e-03	-7.054838e-04
103           	9.076480e-03	5.741331e-03	3.335149e-03	-9.700651e-04	3.441915e-03	-4.411980e-03	3.926948e-03	1.203091e-03	-5.933319e-04	-2.609489e-03	-1.898076e-03	-7.114125e-04
104           	9.066903e-03	5.750452e-03	3.316452e-03	-9.701810e-04	3.437552e-03	-4.407733e-03	3.922642e-03	1.217000e-03	-6.021493e-04	-2.638819e-03	-1.921559e-03	-7.172603e-04
105           	9.057564e-03	5.759478e-03	3.298086e-03	-9.702983e-04	3.433300e-03	-4.403599e-03	3.918450e-03	1.230696e-03	-6.108546e-04	-2.667789e-03	-1.944749e-03	-7.230400e-04
106           	9.048451e-03	5.768416e-03	3.280035e-03	-9.704173e-04	3.429156e-03	-4.399573e-03	3.914365e-03	1.244190e-03	-6.194515e-04	-2.696419e-03	-1.967661e-03	-7.287582e-04
107           	9.039558e-03	5.777263e-03	3.262296e-03	-9.705372e-04	3.425114e-03	-4.395651e-03	3.910383e-03	1.257483e-03	-6.279369e-04	-2.724697e-03	-1.990285e-03	-7.344116e-04
108           	9.030886e-03	5.786020e-03	3.244866e-03	-9.706571e-04	3.421172e-03	-4.391829e-03	3.906501e-03	1.270577e-03	-6.363062e-04	-2.752603e-03	-2.012608e-03	-7.399955e-04
109           	9.022419e-03	5.794679e-03	3.227740e-03	-9.707771e-04	3.417328e-03	-4.388105e-03	3.902717e-03	1.283470e-03	-6.445537e-04	-2.780119e-03	-2.034613e-03	-7.455057e-04
110           	9.014163e-03	5.803243e-03	3.210920e-03	-9.708961e-04	3.413581e-03	-4.384477e-03	3.899029e-03	1.296161e-03	-6.526743e-04	-2.807223e-03	-2.056286e-03	-7.509371e-04
111           	9.006120e-03	5.811710e-03	3.194410e-03	-9.710132e-04	3.409931e-03	-4.380944e-03	3.895437e-03	1.308650e-03	-6.606630e-04	-2.833897e-03	-2.077611e-03	-7.562854e-04
112           	8.998292e-03	5.820079e-03	3.178214e-03	-9.711280e-04	3.406376e-03	-4.377504e-03	3.891940e-03	1.320933e-03	-6.685157e-04	-2.860125e-03	-2.098578e-03	-7.615467e-04
113           	8.990671e-03	5.828341e-03	3.162330e-03	-9.712405e-04	3.402916e-03	-4.374156e-03	3.888536e-03	1.333006e-03	-6.762287e-04	-2.885893e-03	-2.119175e-03	-7.667180e-04
114           	8.983257e-03	5.836493e-03	3.146764e-03	-9.713500e-04	3.399548e-03	-4.370898e-03	3.885223e-03	1.344864e-03	-6.837989e-04	-2.911191e-03	-2.139394e-03	-7.717965e-04
115           	8.976043e-03	5.844524e-03	3.131519e-03	-9.714562e-04	3.396272e-03	-4.367728e-03	3.882000e-03	1.356503e-03	-6.912236e-04	-2.936007e-03	-2.159227e-03	-7.767797e-04
116           	8.969023e-03	5.852427e-03	3.116597e-03	-9.715584e-04	3.393085e-03	-4.364643e-03	3.878864e-03	1.367915e-03	-6.985006e-04	-2.960332e-03	-2.178667e-03	-7.816656e-04
117           	8.962179e-03	5.860175e-03	3.102004e-03	-9.716570e-04	3.389982e-03	-4.361639e-03	3.875811e-03	1.379085e-03	-7.056210e-04	-2.984135e-03	-2.197688e-03	-7.864463e-04
118           	8.955512e-03	5.867776e-03	3.087736e-03	-9.717520e-04	3.386963e-03	-4.358715e-03	3.872839e-03	1.390020e-03	-7.125921e-04	-3.007442e-03	-2.216313e-03	-7.911287e-04
119           	8.949018e-03	5.875223e-03	3.073795e-03	-9.718435e-04	3.384025e-03	-4.355868e-03	3.869946e-03	1.400714e-03	-7.194127e-04	-3.030248e-03	-2.234536e-03	-7.957111e-04
120           	8.942695e-03	5.882509e-03	3.060186e-03	-9.719318e-04	3.381164e-03	-4.353096e-03	3.867130e-03	1.411162e-03	-7.260812e-04	-3.052545e-03	-2.252354e-03	-8.001913e-04
121           	8.936530e-03	5.889625e-03	3.046905e-03	-9.720178e-04	3.378379e-03	-4.350397e-03	3.864388e-03	1.421360e-03	-7.325959e-04	-3.074327e-03	-2.269760e-03	-8.045677e-04
122           	8.930523e-03	5.896567e-03	3.033956e-03	-9.721011e-04	3.375666e-03	-4.347767e-03	3.861716e-03	1.431305e-03	-7.389553e-04	-3.095587e-03	-2.286749e-03	-8.088384e-04
123           	8.924670e-03	5.903331e-03	3.021339e-03	-9.721819e-04	3.373023e-03	-4.345205e-03	3.859114e-03	1.440996e-03	-7.451581e-04	-3.116319e-03	-2.303318e-03	-8.130015e-04
124           	8.918963e-03	5.909914e-03	3.009050e-03	-9.722603e-04	3.370449e-03	-4.342710e-03	3.856579e-03	1.450432e-03	-7.512037e-04	-3.136519e-03	-2.319463e-03	-8.170560e-04
125           	8.913400e-03	5.916314e-03	2.997086e-03	-9.723363e-04	3.367942e-03	-4.340278e-03	3.854110e-03	1.459614e-03	-7.570921e-04	-3.156186e-03	-2.335185e-03	-8.210011e-04
126           	8.907978e-03	5.922530e-03	2.985448e-03	-9.724100e-04	3.365500e-03	-4.337910e-03	3.851705e-03	1.468541e-03	-7.628236e-04	-3.175319e-03	-2.350483e-03	-8.248360e-04
127           	8.902696e-03	5.928565e-03	2.974131e-03	-9.724816e-04	3.363122e-03	-4.335603e-03	3.849362e-03	1.477217e-03	-7.683992e-04	-3.193919e-03	-2.365359e-03	-8.285604e-04
128           	8.897554e-03	5.934420e-03	2.963134e-03	-9.725509e-04	3.360806e-03	-4.333357e-03	3.847081e-03	1.485643e-03	-7.738203e-04	-3.211989e-03	-2.379815e-03	-8.321740e-04
129           	8.892543e-03	5.940092e-03	2.952452e-03	-9.726187e-04	3.358550e-03	-4.331169e-03	3.844860e-03	1.493820e-03	-7.790880e-04	-3.229530e-03	-2.393853e-03	-8.356770e-04
130           	8.887664e-03	5.945583e-03	2.942081e-03	-9.726846e-04	3.356354e-03	-4.329039e-03	3.842697e-03	1.501751e-03	-7.842041e-04	-3.246547e-03	-2.407478e-03	-8.390694e-04
131           	8.882914e-03	5.950894e-03	2.932020e-03	-9.727482e-04	3.354216e-03	-4.326964e-03	3.840590e-03	1.509437e-03	-7.891704e-04	-3.263043e-03	-2.420692e-03	-8.423510e-04
132           	8.878279e-03	5.956013e-03	2.922266e-03	-9.728097e-04	3.352132e-03	-4.324942e-03	3.838537e-03	1.516873e-03	-7.939810e-04	-3.278993e-03	-2.433478e-03	-8.455157e-04
133           	8.873765e-03	5.960957e-03	2.912808e-03	-9.728692e-04	3.350104e-03	-4.322973e-03	3.836538e-03	1.524075e-03	-7.986484e-04	-3.294445e-03	-2.445871e-03	-8.485739e-04
134           	8.869368e-03	5.965728e-03	2.903640e-03	-9.729267e-04	3.348129e-03	-4.321056e-03	3.834593e-03	1.531044e-03	-8.031747e-04	-3.309402e-03	-2.457876e-03	-8.515264e-04
135           	8.865087e-03	5.970328e-03	2.894759e-03	-9.729822e-04	3.346208e-03	-4.319190e-03	3.832699e-03	1.537785e-03	-8.075613e-04	-3.323870e-03	-2.469497e-03	-8.543739e-04
136           	8.860916e-03	5.974757e-03	2.886159e-03	-9.730361e-04	3.344337e-03	-4.317373e-03	3.830855e-03	1.544299e-03	-8.118094e-04	-3.337853e-03	-2.480736e-03	-8.571173e-04
137           	8.856852e-03	5.979016e-03	2.877836e-03	-9.730885e-04	3.342515e-03	-4.315603e-03	3.829059e-03	1.550590e-03	-8.159201e-04	-3.351355e-03	-2.491598e-03	-8.597574e-04
138           	8.852893e-03	5.983106e-03	2.869786e-03	-9.731391e-04	3.340741e-03	-4.313880e-03	3.827310e-03	1.556660e-03	-8.198944e-04	-3.364379e-03	-2.502084e-03	-8.622950e-04
139           	8.849037e-03	5.987030e-03	2.862007e-03	-9.731879e-04	3.339013e-03	-4.312201e-03	3.825607e-03	1.562512e-03	-8.237337e-04	-3.376929e-03	-2.512198e-03	-8.647307e-04
140           	8.845276e-03	5.990787e-03	2.854489e-03	-9.732351e-04	3.337330e-03	-4.310565e-03	3.823947e-03	1.568149e-03	-8.274397e-04	-3.389012e-03	-2.521946e-03	-8.670661e-04
141           	8.841610e-03	5.994380e-03	2.847230e-03	-9.732806e-04	3.335691e-03	-4.308971e-03	3.822331e-03	1.573575e-03	-8.310147e-04	-3.400635e-03	-2.531332e-03	-8.693027e-04
142           	8.838037e-03	5.997814e-03	2.840223e-03	-9.733248e-04	3.334094e-03	-4.307419e-03	3.820756e-03	1.578796e-03	-8.344616e-04	-3.411808e-03	-2.540366e-03	-8.714423e-04
143           	8.834560e-03	6.001095e-03	2.833465e-03	-9.733674e-04	3.332538e-03	-4.305906e-03	3.819222e-03	1.583815e-03	-8.377835e-04	-3.422540e-03	-2.549053e-03	-8.734865e-04
144           	8.831169e-03	6.004222e-03	2.826947e-03	-9.734092e-04	3.331023e-03	-4.304432e-03	3.817728e-03	1.588638e-03	-8.409829e-04	-3.432841e-03	-2.557403e-03	-8.754373e-04
145           	8.827865e-03	6.007200e-03	2.820665e-03	-9.734499e-04	3.329548e-03	-4.302997e-03	3.816272e-03	1.593267e-03	-8.440628e-04	-3.442718e-03	-2.565422e-03	-8.772964e-04
146           	8.824649e-03	6.010032e-03	2.814616e-03	-9.734893e-04	3.328110e-03	-4.301600e-03	3.814855e-03	1.597708e-03	-8.470257e-04	-3.452182e-03	-2.573117e-03	-8.790653e-04
147           	8.821515e-03	6.012721e-03	2.808794e-03	-9.735275e-04	3.326711e-03	-4.300238e-03	3.813475e-03	1.601963e-03	-8.498741e-04	-3.461239e-03	-2.580494e-03	-8.807455e-04
148           	8.818462e-03	6.015269e-03	2.803193e-03	-9.735646e-04	3.325348e-03	-4.298913e-03	3.812130e-03	1.606038e-03	-8.526107e-04	-3.469900e-03	-2.587561e-03	-8.823392e-04
149           	8.815487e-03	6.017680e-03	2.797808e-03	-9.736005e-04	3.324021e-03	-4.297622e-03	3.810821e-03	1.609936e-03	-8.552381e-04	-3.478172e-03	-2.594324e-03	-8.838479e-04
150           	8.812591e-03	6.019958e-03	2.792633e-03	-9.736354e-04	3.322729e-03	-4.296365e-03	3.809547e-03	1.613662e-03	-8.577590e-04	-3.486066e-03	-2.600792e-03	-8.852738e-04
151           	8.809769e-03	6.022098e-03	2.787671e-03	-9.736690e-04	3.321469e-03	-4.295138e-03	3.808304e-03	1.617214e-03	-8.601684e-04	-3.493560e-03	-2.606948e-03	-8.866116e-04
152           	8.807019e-03	6.024113e-03	2.782906e-03	-9.737021e-04	3.320243e-03	-4.293946e-03	3.807095e-03	1.620604e-03	-8.624792e-04	-3.500703e-03	-2.612831e-03	-8.878722e-04
153           	8.804342e-03	6.026007e-03	2.778335e-03	-9.737343e-04	3.319051e-03	-4.292785e-03	3.805918e-03	1.623836e-03	-8.646942e-04	-3.507504e-03	-2.618446e-03	-8.890577e-04
154           	8.801741e-03	6.027786e-03	2.773955e-03	-9.737652e-04	3.317891e-03	-4.291656e-03	3.804773e-03	1.626916e-03	-8.668157e-04	-3.513971e-03	-2.623801e-03	-8.901698e-04
155           	8.799205e-03	6.029450e-03	2.769756e-03	-9.737953e-04	3.316762e-03	-4.290558e-03	3.803660e-03	1.629847e-03	-8.688452e-04	-3.520112e-03	-2.628901e-03	-8.912108e-04
156           	8.796738e-03	6.031001e-03	2.765736e-03	-9.738244e-04	3.315664e-03	-4.289488e-03	3.802576e-03	1.632633e-03	-8.707844e-04	-3.525932e-03	-2.633751e-03	-8.921817e-04
157           	8.794336e-03	6.032444e-03	2.761891e-03	-9.738525e-04	3.314595e-03	-4.288448e-03	3.801522e-03	1.635277e-03	-8.726348e-04	-3.531438e-03	-2.638354e-03	-8.930840e-04
158           	8.791999e-03	6.033782e-03	2.758217e-03	-9.738799e-04	3.313555e-03	-4.287435e-03	3.800495e-03	1.637783e-03	-8.743983e-04	-3.536635e-03	-2.642716e-03	-8.939191e-04
159           	8.789724e-03	6.035016e-03	2.754708e-03	-9.739066e-04	3.312543e-03	-4.286449e-03	3.799496e-03	1.640154e-03	-8.760768e-04	-3.541532e-03	-2.646843e-03	-8.946891e-04
160           	8.787508e-03	6.036149e-03	2.751358e-03	-9.739328e-04	3.311557e-03	-4.285490e-03	3.798524e-03	1.642395e-03	-8.776725e-04	-3.546138e-03	-2.650741e-03	-8.953964e-04
161           	8.785350e-03	6.037185e-03	2.748165e-03	-9.739581e-04	3.310598e-03	-4.284556e-03	3.797577e-03	1.644510e-03	-8.791875e-04	-3.550461e-03	-2.654418e-03	-8.960429e-04
162           	8.783254e-03	6.038128e-03	2.745126e-03	-9.739822e-04	3.309665e-03	-4.283647e-03	3.796656e-03	1.646501e-03	-8.806239e-04	-3.554509e-03	-2.657878e-03	-8.966304e-04
163           	8.781209e-03	6.038977e-03	2.742233e-03	-9.740058e-04	3.308756e-03	-4.282762e-03	3.795759e-03	1.648372e-03	-8.819836e-04	-3.558289e-03	-2.661128e-03	-8.971611e-04
164           	8.779220e-03	6.039736e-03	2.739484e-03	-9.740285e-04	3.307872e-03	-4.281901e-03	3.794887e-03	1.650126e-03	-8.832683e-04	-3.561810e-03	-2.664173e-03	-8.976365e-04
165           	8.777284e-03	6.040407e-03	2.736877e-03	-9.740506e-04	3.307013e-03	-4.281063e-03	3.794038e-03	1.651765e-03	-8.844798e-04	-3.565076e-03	-2.667018e-03	-8.980582e-04
166           	8.775406e-03	6.040995e-03	2.734411e-03	-9.740720e-04	3.306177e-03	-4.280249e-03	3.793213e-03	1.653292e-03	-8.856200e-04	-3.568095e-03	-2.669667e-03	-8.984273e-04
167           	8.773574e-03	6.041495e-03	2.732079e-03	-9.740933e-04	3.305364e-03	-4.279457e-03	3.792410e-03	1.654708e-03	-8.866902e-04	-3.570872e-03	-2.672126e-03	-8.987458e-04
168           	8.771794e-03	6.041913e-03	2.729881e-03	-9.741139e-04	3.304573e-03	-4.278687e-03	3.791630e-03	1.656016e-03	-8.876920e-04	-3.573414e-03	-2.674399e-03	-8.990150e-04
169           	8.770063e-03	6.042248e-03	2.727814e-03	-9.741338e-04	3.303805e-03	-4.277939e-03	3.790872e-03	1.657217e-03	-8.886267e-04	-3.575726e-03	-2.676490e-03	-8.992362e-04
170           	8.768382e-03	6.042504e-03	2.725877e-03	-9.741529e-04	3.303059e-03	-4.277212e-03	3.790135e-03	1.658314e-03	-8.894956e-04	-3.577812e-03	-2.678402e-03	-8.994105e-04
171           	8.766745e-03	6.042680e-03	2.724065e-03	-9.741713e-04	3.302334e-03	-4.276505e-03	3.789419e-03	1.659307e-03	-8.902997e-04	-3.579678e-03	-2.680138e-03	-8.995391e-04
172           	8.766163e-03	6.043928e-03	2.722234e-03	-9.741622e-04	3.302088e-03	-4.276250e-03	3.789169e-03	1.660847e-03	-8.912661e-04	-3.582716e-03	-2.682624e-03	-9.000918e-04
173           	8.765655e-03	6.045484e-03	2.720170e-03	-9.741349e-04	3.301883e-03	-4.276018e-03	3.788951e-03	1.662657e-03	-8.922922e-04	-3.586337e-03	-2.685461e-03	-9.008761e-04
174           	8.765156e-03	6.047057e-03	2.718100e-03	-9.740991e-04	3.301685e-03	-4.275785e-03	3.788735e-03	1.664478e-03	-8.932827e-04	-3.590007e-03	-2.688286e-03	-9.017206e-04
175           	8.764606e-03	6.048371e-03	2.716235e-03	-9.740629e-04	3.301463e-03	-4.275526e-03	3.788494e-03	1.666068e-03	-8.941405e-04	-3.593216e-03	-2.690748e-03	-9.024674e-04
176           	8.763962e-03	6.049243e-03	2.714719e-03	-9.740319e-04	3.301195e-03	-4.275226e-03	3.788210e-03	1.667262e-03	-8.948003e-04	-3.595618e-03	-2.692609e-03	-9.030085e-04
177           	8.763204e-03	6.049589e-03	2.713615e-03	-9.740091e-04	3.300870e-03	-4.274879e-03	3.787875e-03	1.667987e-03	-8.952350e-04	-3.597059e-03	-2.693765e-03	-9.032946e-04
178           	8.762340e-03	6.049430e-03	2.712910e-03	-9.739951e-04	3.300492e-03	-4.274488e-03	3.787490e-03	1.668260e-03	-8.954490e-04	-3.597549e-03	-2.694223e-03	-9.033253e-04
179           	8.761411e-03	6.048926e-03	2.712485e-03	-9.739889e-04	3.300082e-03	-4.274071e-03	3.787076e-03	1.668220e-03	-8.955201e-04	-3.597383e-03	-2.694212e-03	-9.031716e-04
180           	8.760449e-03	6.048192e-03	2.712257e-03	-9.739888e-04	3.299653e-03	-4.273642e-03	3.786648e-03	1.667967e-03	-8.954976e-04	-3.596759e-03	-2.693877e-03	-9.028819e-04
181           	8.759486e-03	6.047349e-03	2.712138e-03	-9.739929e-04	3.299223e-03	-4.273216e-03	3.786220e-03	1.667606e-03	-8.954328e-04	-3.595891e-03	-2.693379e-03	-9.025130e-04
182           	8.758554e-03	6.046516e-03	2.712039e-03	-9.739991e-04	3.298806e-03	-4.272805e-03	3.785805e-03	1.667239e-03	-8.953747e-04	-3.594997e-03	-2.692873e-03	-9.021238e-04
183           	8.757675e-03	6.045783e-03	2.711893e-03	-9.740058e-04	3.298413e-03	-4.272419e-03	3.785416e-03	1.666945e-03	-8.953599e-04	-3.594241e-03	-2.692480e-03	-9.017607e-04
184           	8.756861e-03	6.045198e-03	2.711663e-03	-9.740119e-04	3.298050e-03	-4.272062e-03	3.785056e-03	1.666767e-03	-8.954075e-04	-3.593717e-03	-2.692266e-03	-9.014507e-04
185           	8.756114e-03	6.044771e-03	2.711343e-03	-9.740168e-04	3.297719e-03	-4.271735e-03	3.784727e-03	1.666714e-03	-8.955200e-04	-3.593444e-03	-2.692242e-03	-9.012021e-04
186           	8.755427e-03	6.044480e-03	2.710947e-03	-9.740204e-04	3.297415e-03	-4.271436e-03	3.784426e-03	1.666767e-03	-8.956860e-04	-3.593390e-03	-2.692381e-03	-9.010089e-04
187           	8.754785e-03	6.044281e-03	2.710504e-03	-9.740228e-04	3.297134e-03	-4.271157e-03	3.784146e-03	1.666888e-03	-8.958848e-04	-3.593480e-03	-2.692625e-03	-9.008552e-04
188           	8.754174e-03	6.044120e-03	2.710054e-03	-9.740241e-04	3.296867e-03	-4.270891e-03	3.783879e-03	1.667033e-03	-8.960918e-04	-3.593625e-03	-2.692904e-03	-9.007206e-04
189           	8.753576e-03	6.043944e-03	2.709632e-03	-9.740251e-04	3.296607e-03	-4.270632e-03	3.783619e-03	1.667156e-03	-8.962835e-04	-3.593736e-03	-2.693151e-03	-9.005844e-04
190           	8.752979e-03	6.043714e-03	2.709265e-03	-9.740260e-04	3.296346e-03	-4.270372e-03	3.783359e-03	1.667225e-03	-8.964414e-04	-3.593743e-03	-2.693313e-03	-9.004300e-04
191           	8.752374e-03	6.043404e-03	2.708970e-03	-9.740272e-04	3.296082e-03	-4.270109e-03	3.783096e-03	1.667217e-03	-8.965550e-04	-3.593604e-03	-2.693357e-03	-9.002469e-04
192           	8.751758e-03	6.043004e-03	2.708753e-03	-9.740291e-04	3.295812e-03	-4.269841e-03	3.782827e-03	1.667125e-03	-8.966211e-04	-3.593304e-03	-2.693273e-03	-9.000309e-04
193           	8.751131e-03	6.042522e-03	2.708609e-03	-9.740317e-04	3.295537e-03	-4.269568e-03	3.782553e-03	1.666956e-03	-8.966433e-04	-3.592853e-03	-2.693070e-03	-8.997832e-04
194           	8.750498e-03	6.041972e-03	2.708526e-03	-9.740349e-04	3.295257e-03	-4.269292e-03	3.782275e-03	1.666723e-03	-8.966294e-04	-3.592277e-03	-2.692768e-03	-8.995089e-04
195           	8.749863e-03	6.041373e-03	2.708490e-03	-9.740387e-04	3.294977e-03	-4.269016e-03	3.781996e-03	1.666442e-03	-8.965893e-04	-3.591608e-03	-2.692393e-03	-8.992147e-04
196           	8.749235e-03	6.040748e-03	2.708486e-03	-9.740431e-04	3.294698e-03	-4.268742e-03	3.781720e-03	1.666131e-03	-8.965329e-04	-3.590881e-03	-2.691973e-03	-8.989075e-04
197           	8.748616e-03	6.040112e-03	2.708504e-03	-9.740477e-04	3.294424e-03	-4.268472e-03	3.781448e-03	1.665804e-03	-8.964682e-04	-3.590124e-03	-2.691530e-03	-8.985935e-04
198           	8.748013e-03	6.039478e-03	2.708534e-03	-9.740527e-04	3.294156e-03	-4.268209e-03	3.781183e-03	1.665472e-03	-8.964009e-04	-3.589356e-03	-2.691079e-03	-8.982769e-04
199           	8.747426e-03	6.038852e-03	2.708574e-03	-9.740578e-04	3.293895e-03	-4.267953e-03	3.780924e-03	1.665139e-03	-8.963335e-04	-3.588587e-03	-2.690627e-03	-8.979599e-04
200           	8.746856e-03	6.038235e-03	2.708621e-03	-9.740630e-04	3.293642e-03	-4.267705e-03	3.780674e-03	1.664807e-03	-8.962660e-04	-3.587818e-03	-2.690175e-03	-8.976430e-04
201           	8.746301e-03	6.037622e-03	2.708679e-03	-9.740683e-04	3.293396e-03	-4.267464e-03	3.780430e-03	1.664471e-03	-8.961966e-04	-3.587043e-03	-2.689718e-03	-8.973251e-04
202           	8.745760e-03	6.037009e-03	2.708751e-03	-9.740736e-04	3.293156e-03	-4.267230e-03	3.780193e-03	1.664129e-03	-8.961222e-04	-3.586253e-03	-2.689249e-03	-8.970044e-04
203           	8.745230e-03	6.036388e-03	2.708842e-03	-9.740791e-04	3.292922e-03	-4.267001e-03	3.779961e-03	1.663773e-03	-8.960393e-04	-3.585437e-03	-2.688758e-03	-8.966790e-04
204           	8.744709e-03	6.035754e-03	2.708955e-03	-9.740846e-04	3.292691e-03	-4.266776e-03	3.779733e-03	1.663400e-03	-8.959452e-04	-3.584584e-03	-2.688237e-03	-8.963468e-04
205           	8.744195e-03	6.035103e-03	2.709092e-03	-9.740901e-04	3.292464e-03	-4.266554e-03	3.779509e-03	1.663005e-03	-8.958377e-04	-3.583689e-03	-2.687682e-03	-8.960066e-04
206           	8.743686e-03	6.034431e-03	2.709255e-03	-9.740958e-04	3.292239e-03	-4.266335e-03	3.779287e-03	1.662588e-03	-8.957160e-04	-3.582748e-03	-2.687090e-03	-8.956579e-04
207           	8.743183e-03	6.033739e-03	2.709443e-03	-9.741016e-04	3.292017e-03	-4.266119e-03	3.779068e-03	1.662148e-03	-8.955800e-04	-3.581761e-03	-2.686461e-03	-8.953005e-04
208           	8.742684e-03	6.033029e-03	2.709656e-03	-9.741075e-04	3.291797e-03	-4.265905e-03	3.778851e-03	1.661687e-03	-8.954309e-04	-3.580732e-03	-2.685797e-03	-8.949351e-04
209           	8.742191e-03	6.032302e-03	2.709890e-03	-9.741135e-04	3.291580e-03	-4.265693e-03	3.778637e-03	1.661206e-03	-8.952700e-04	-3.579665e-03	-2.685103e-03	-8.945626e-04
210           	8.741705e-03	6.031561e-03	2.710144e-03	-9.741196e-04	3.291365e-03	-4.265485e-03	3.778425e-03	1.660708e-03	-8.950992e-04	-3.578566e-03	-2.684382e-03	-8.941839e-04
211           	8.741226e-03	6.030809e-03	2.710416e-03	-9.741258e-04	3.291154e-03	-4.265280e-03	3.778217e-03	1.660197e-03	-8.949202e-04	-3.577440e-03	-2.683640e-03	-8.938000e-04
212           	8.740755e-03	6.030050e-03	2.710705e-03	-9.741321e-04	3.290946e-03	-4.265078e-03	3.778012e-03	1.659673e-03	-8.947342e-04	-3.576292e-03	-2.682880e-03	-8.934118e-04
213           	8.740289e-03	6.029293e-03	2.710996e-03	-9.741381e-04	3.290740e-03	-4.264879e-03	3.777810e-03	1.659149e-03	-8.945442e-04	-3.575154e-03	-2.682121e-03	-8.930326e-04
214           	8.739833e-03	6.028529e-03	2.711304e-03	-9.741443e-04	3.290539e-03	-4.264683e-03	3.777611e-03	1.658612e-03	-8.943483e-04	-3.573988e-03	-2.681342e-03	-8.926460e-04
215           	8.739390e-03	6.027745e-03	2.711644e-03	-9.741512e-04	3.290343e-03	-4.264494e-03	3.777419e-03	1.658051e-03	-8.941444e-04	-3.572766e-03	-2.680527e-03	-8.922385e-04
216           	8.738952e-03	6.026967e-03	2.711985e-03	-9.741577e-04	3.290149e-03	-4.264307e-03	3.777228e-03	1.657491e-03	-8.939374e-04	-3.571557e-03	-2.679716e-03	-8.918409e-04
217           	8.738523e-03	6.026182e-03	2.712342e-03	-9.741644e-04	3.289960e-03	-4.264124e-03	3.777042e-03	1.656920e-03	-8.937248e-04	-3.570325e-03	-2.678887e-03	-8.914375e-04
218           	8.738103e-03	6.025389e-03	2.712714e-03	-9.741713e-04	3.289774e-03	-4.263945e-03	3.776859e-03	1.656337e-03	-8.935064e-04	-3.569070e-03	-2.678042e-03	-8.910287e-04
219           	8.737690e-03	6.024589e-03	2.713101e-03	-9.741783e-04	3.289591e-03	-4.263769e-03	3.776680e-03	1.655744e-03	-8.932825e-04	-3.567795e-03	-2.677180e-03	-8.906151e-04
220           	8.737285e-03	6.023783e-03	2.713502e-03	-9.741854e-04	3.289411e-03	-4.263597e-03	3.776504e-03	1.655140e-03	-8.930530e-04	-3.566501e-03	-2.676304e-03	-8.901977e-04
221           	8.736887e-03	6.022971e-03	2.713915e-03	-9.741926e-04	3.289235e-03	-4.263427e-03	3.776331e-03	1.654528e-03	-8.928182e-04	-3.565191e-03	-2.675414e-03	-8.897773e-04
222           	8.736495e-03	6.022155e-03	2.714340e-03	-9.741998e-04	3.289061e-03	-4.263261e-03	3.776161e-03	1.653907e-03	-8.925785e-04	-3.563867e-03	-2.674512e-03	-8.893548e-04
223           	8.736109e-03	6.021334e-03	2.714775e-03	-9.742071e-04	3.288890e-03	-4.263098e-03	3.775994e-03	1.653279e-03	-8.923341e-04	-3.562530e-03	-2.673599e-03	-8.889307e-04
224           	8.735730e-03	6.020509e-03	2.715221e-03	-9.742143e-04	3.288722e-03	-4.262937e-03	3.775830e-03	1.652644e-03	-8.920851e-04	-3.561181e-03	-2.672676e-03	-8.885054e-04
225           	8.735357e-03	6.019681e-03	2.715676e-03	-9.742215e-04	3.288557e-03	-4.262778e-03	3.775668e-03	1.652002e-03	-8.918316e-04	-3.559821e-03	-2.671742e-03	-8.880789e-04
226           	8.734989e-03	6.018848e-03	2.716141e-03	-9.742286e-04	3.288394e-03	-4.262623e-03	3.775509e-03	1.651354e-03	-8.915736e-04	-3.558450e-03	-2.670799e-03	-8.876513e-04
227           	8.734627e-03	6.018012e-03	2.716615e-03	-9.742356e-04	3.288234e-03	-4.262470e-03	3.775352e-03	1.650698e-03	-8.913112e-04	-3.557067e-03	-2.669845e-03	-8.872223e-04
228           	8.734272e-03	6.017172e-03	2.717100e-03	-9.742425e-04	3.288077e-03	-4.262320e-03	3.775199e-03	1.650036e-03	-8.910441e-04	-3.555672e-03	-2.668880e-03	-8.867918e-04
229           	8.733922e-03	6.016326e-03	2.717595e-03	-9.742493e-04	3.287923e-03	-4.262172e-03	3.775048e-03	1.649366e-03	-8.907724e-04	-3.554264e-03	-2.667904e-03	-8.863595e-04
230           	8.733577e-03	6.015477e-03	2.718101e-03	-9.742559e-04	3.287771e-03	-4.262027e-03	3.774899e-03	1.648688e-03	-8.904960e-04	-3.552843e-03	-2.666917e-03	-8.859254e-04
231           	8.733238e-03	6.014623e-03	2.718616e-03	-9.742624e-04	3.287622e-03	-4.261885e-03	3.774754e-03	1.648003e-03	-8.902149e-04	-3.551409e-03	-2.665919e-03	-8.854894e-04
232           	8.732905e-03	6.013764e-03	2.719141e-03	-9.742687e-04	3.287476e-03	-4.261745e-03	3.774610e-03	1.647311e-03	-8.899293e-04	-3.549962e-03	-2.664910e-03	-8.850515e-04
233           	8.732577e-03	6.012901e-03	2.719676e-03	-9.742748e-04	3.287333e-03	-4.261607e-03	3.774470e-03	1.646612e-03	-8.896393e-04	-3.548502e-03	-2.663890e-03	-8.846118e-04
234           	8.732255e-03	6.012034e-03	2.720221e-03	-9.742807e-04	3.287192e-03	-4.261473e-03	3.774332e-03	1.645906e-03	-8.893451e-04	-3.547031e-03	-2.662861e-03	-8.841704e-04
235           	8.731938e-03	6.011163e-03	2.720774e-03	-9.742866e-04	3.287054e-03	-4.261340e-03	3.774197e-03	1.645194e-03	-8.890467e-04	-3.545548e-03	-2.661821e-03	-8.837275e-04
236           	8.731626e-03	6.010289e-03	2.721337e-03	-9.742923e-04	3.286918e-03	-4.261211e-03	3.774064e-03	1.644476e-03	-8.887445e-04	-3.544055e-03	-2.660772e-03	-8.832832e-04
237           	8.731320e-03	6.009412e-03	2.721907e-03	-9.742980e-04	3.286785e-03	-4.261083e-03	3.773934e-03	1.643752e-03	-8.884384e-04	-3.542552e-03	-2.659714e-03	-8.828376e-04
238           	8.731019e-03	6.008532e-03	2.722486e-03	-9.743038e-04	3.286655e-03	-4.260958e-03	3.773806e-03	1.643023e-03	-8.881287e-04	-3.541039e-03	-2.658648e-03	-8.823909e-04
239           	8.730724e-03	6.007650e-03	2.723074e-03	-9.743096e-04	3.286526e-03	-4.260836e-03	3.773681e-03	1.642288e-03	-8.878154e-04	-3.539517e-03	-2.657574e-03	-8.819432e-04
240           	8.730435e-03	6.006765e-03	2.723669e-03	-9.743156e-04	3.286400e-03	-4.260716e-03	3.773558e-03	1.641548e-03	-8.874985e-04	-3.537986e-03	-2.656491e-03	-8.814944e-04
241           	8.730151e-03	6.005879e-03	2.724273e-03	-9.743219e-04	3.286276e-03	-4.260598e-03	3.773437e-03	1.640803e-03	-8.871782e-04	-3.536446e-03	-2.655401e-03	-8.810446e-04
242           	8.729874e-03	6.004990e-03	2.724885e-03	-9.743285e-04	3.286154e-03	-4.260483e-03	3.773319e-03	1.640053e-03	-8.868545e-04	-3.534897e-03	-2.654303e-03	-8.805939e-04
243           	8.729603e-03	6.004099e-03	2.725504e-03	-9.743355e-04	3.286035e-03	-4.260370e-03	3.773202e-03	1.639297e-03	-8.865275e-04	-3.533340e-03	-2.653197e-03	-8.801423e-04
244           	8.729339e-03	6.003207e-03	2.726132e-03	-9.743429e-04	3.285917e-03	-4.260260e-03	3.773088e-03	1.638538e-03	-8.861973e-04	-3.531774e-03	-2.652085e-03	-8.796899e-04
245           	8.729081e-03	6.002314e-03	2.726767e-03	-9.743508e-04	3.285801e-03	-4.260151e-03	3.772976e-03	1.637774e-03	-8.858640e-04	-3.530202e-03	-2.650965e-03	-8.792368e-04
246           	8.728828e-03	6.001420e-03	2.727409e-03	-9.743590e-04	3.285686e-03	-4.260045e-03	3.772866e-03	1.637005e-03	-8.855279e-04	-3.528622e-03	-2.649839e-03	-8.787830e-04
247           	8.728583e-03	6.000525e-03	2.728058e-03	-9.743676e-04	3.285574e-03	-4.259941e-03	3.772758e-03	1.636233e-03	-8.851889e-04	-3.527035e-03	-2.648707e-03	-8.783288e-04
248           	8.728342e-03	5.999629e-03	2.728713e-03	-9.743765e-04	3.285463e-03	-4.259840e-03	3.772652e-03	1.635458e-03	-8.848472e-04	-3.525442e-03	-2.647568e-03	-8.778740e-04
249           	8.728108e-03	5.998732e-03	2.729376e-03	-9.743854e-04	3.285355e-03	-4.259740e-03	3.772547e-03	1.634678e-03	-8.845027e-04	-3.523843e-03	-2.646424e-03	-8.774187e-04
250           	8.727878e-03	5.997833e-03	2.730044e-03	-9.743943e-04	3.285248e-03	-4.259642e-03	3.772445e-03	1.633894e-03	-8.841554e-04	-3.522236e-03	-2.645274e-03	-8.769628e-04
251           	8.727652e-03	5.996933e-03	2.730720e-03	-9.744029e-04	3.285144e-03	-4.259547e-03	3.772345e-03	1.633106e-03	-8.838051e-04	-3.520623e-03	-2.644116e-03	-8.765061e-04
252           	8.727430e-03	5.996029e-03	2.731401e-03	-9.744111e-04	3.285042e-03	-4.259453e-03	3.772247e-03	1.632314e-03	-8.834518e-04	-3.519001e-03	-2.642952e-03	-8.760487e-04
253           	8.727211e-03	5.995123e-03	2.732088e-03	-9.744185e-04	3.284942e-03	-4.259361e-03	3.772151e-03	1.631517e-03	-8.830953e-04	-3.517372e-03	-2.641781e-03	-8.755906e-04
254           	8.726995e-03	5.994213e-03	2.732782e-03	-9.744250e-04	3.284845e-03	-4.259270e-03	3.772057e-03	1.630716e-03	-8.827354e-04	-3.515734e-03	-2.640603e-03	-8.751316e-04
255           	8.726779e-03	5.993299e-03	2.733480e-03	-9.744302e-04	3.284751e-03	-4.259181e-03	3.771966e-03	1.629909e-03	-8.823723e-04	-3.514089e-03	-2.639417e-03	-8.746721e-04
256           	8.726564e-03	5.992381e-03	2.734183e-03	-9.744340e-04	3.284659e-03	-4.259093e-03	3.771876e-03	1.629099e-03	-8.820060e-04	-3.512436e-03	-2.638224e-03	-8.742121e-04
257           	8.726350e-03	5.991461e-03	2.734889e-03	-9.744363e-04	3.284571e-03	-4.259007e-03	3.771789e-03	1.628286e-03	-8.816371e-04	-3.510779e-03	-2.637027e-03	-8.737526e-04
258           	8.726135e-03	5.990539e-03	2.735596e-03	-9.744369e-04	3.284485e-03	-4.258922e-03	3.771704e-03	1.627472e-03	-8.812666e-04	-3.509122e-03	-2.635828e-03	-8.732944e-04
259           	8.725919e-03	5.989617e-03	2.736302e-03	-9.744361e-04	3.284402e-03	-4.258838e-03	3.771620e-03	1.626657e-03	-8.808948e-04	-3.507465e-03	-2.634627e-03	-8.728377e-04
260           	8.725704e-03	5.988694e-03	2.737010e-03	-9.744339e-04	3.284322e-03	-4.258756e-03	3.771539e-03	1.625842e-03	-8.805212e-04	-3.505807e-03	-2.633424e-03	-8.723821e-04
261           	8.725490e-03	5.987769e-03	2.737721e-03	-9.744308e-04	3.284245e-03	-4.258675e-03	3.771460e-03	1.625024e-03	-8.801452e-04	-3.504144e-03	-2.632217e-03	-8.719266e-04
262           	8.725276e-03	5.986840e-03	2.738436e-03	-9.744270e-04	3.284169e-03	-4.258596e-03	3.771383e-03	1.624202e-03	-8.797664e-04	-3.502474e-03	-2.631004e-03	-8.714708e-04
263           	8.725066e-03	5.985909e-03	2.739157e-03	-9.744230e-04	3.284096e-03	-4.258519e-03	3.771307e-03	1.623376e-03	-8.793847e-04	-3.500798e-03	-2.629784e-03	-8.710142e-04
264           	8.724859e-03	5.984976e-03	2.739883e-03	-9.744195e-04	3.284023e-03	-4.258443e-03	3.771233e-03	1.622546e-03	-8.790001e-04	-3.499114e-03	-2.628557e-03	-8.705567e-04
265           	8.724659e-03	5.984042e-03	2.740617e-03	-9.744170e-04	3.283952e-03	-4.258369e-03	3.771161e-03	1.621713e-03	-8.786129e-04	-3.497423e-03	-2.627324e-03	-8.700985e-04
266           	8.724467e-03	5.983109e-03	2.741358e-03	-9.744163e-04	3.283881e-03	-4.258298e-03	3.771090e-03	1.620876e-03	-8.782231e-04	-3.495725e-03	-2.626086e-03	-8.696393e-04
267           	8.724285e-03	5.982178e-03	2.742108e-03	-9.744183e-04	3.283810e-03	-4.258229e-03	3.771020e-03	1.620035e-03	-8.778310e-04	-3.494020e-03	-2.624841e-03	-8.691791e-04
268           	8.724116e-03	5.981249e-03	2.742867e-03	-9.744236e-04	3.283739e-03	-4.258162e-03	3.770950e-03	1.619191e-03	-8.774362e-04	-3.492307e-03	-2.623590e-03	-8.687174e-04
269           	8.723961e-03	5.980322e-03	2.743640e-03	-9.744330e-04	3.283665e-03	-4.258098e-03	3.770882e-03	1.618341e-03	-8.770382e-04	-3.490583e-03	-2.622330e-03	-8.682535e-04
270           	8.723823e-03	5.979402e-03	2.744421e-03	-9.744472e-04	3.283590e-03	-4.258037e-03	3.770813e-03	1.617490e-03	-8.766390e-04	-3.488856e-03	-2.621067e-03	-8.677889e-04
271           	8.723701e-03	5.978499e-03	2.745203e-03	-9.744661e-04	3.283513e-03	-4.257979e-03	3.770746e-03	1.616648e-03	-8.762432e-04	-3.487143e-03	-2.619815e-03	-8.673282e-04
272           	8.723597e-03	5.977607e-03	2.745990e-03	-9.744893e-04	3.283434e-03	-4.257923e-03	3.770678e-03	1.615809e-03	-8.758485e-04	-3.485435e-03	-2.618566e-03	-8.668689e-04
273           	8.723508e-03	5.976723e-03	2.746785e-03	-9.745166e-04	3.283353e-03	-4.257870e-03	3.770611e-03	1.614969e-03	-8.754528e-04	-3.483723e-03	-2.617314e-03	-8.664089e-04
274           	8.723433e-03	5.975843e-03	2.747590e-03	-9.745471e-04	3.283271e-03	-4.257818e-03	3.770545e-03	1.614127e-03	-8.750555e-04	-3.482006e-03	-2.616058e-03	-8.659474e-04
275           	8.723368e-03	5.974965e-03	2.748403e-03	-9.745796e-04	3.283189e-03	-4.257768e-03	3.770479e-03	1.613281e-03	-8.746563e-04	-3.480281e-03	-2.614797e-03	-8.654842e-04
276           	8.723310e-03	5.974088e-03	2.749222e-03	-9.746124e-04	3.283108e-03	-4.257720e-03	3.770414e-03	1.612433e-03	-8.742553e-04	-3.478550e-03	-2.613530e-03	-8.650197e-04
277           	8.723253e-03	5.973209e-03	2.750044e-03	-9.746434e-04	3.283029e-03	-4.257672e-03	3.770350e-03	1.611583e-03	-8.738526e-04	-3.476814e-03	-2.612259e-03	-8.645543e-04
278           	8.723190e-03	5.972325e-03	2.750865e-03	-9.746703e-04	3.282954e-03	-4.257624e-03	3.770289e-03	1.610730e-03	-8.734481e-04	-3.475074e-03	-2.610985e-03	-8.640887e-04
279           	8.723115e-03	5.971433e-03	2.751682e-03	-9.746907e-04	3.282885e-03	-4.257575e-03	3.770230e-03	1.609876e-03	-8.730420e-04	-3.473331e-03	-2.609708e-03	-8.636236e-04
280           	8.723020e-03	5.970530e-03	2.752490e-03	-9.747022e-04	3.282823e-03	-4.257525e-03	3.770174e-03	1.609020e-03	-8.726339e-04	-3.471587e-03	-2.608427e-03	-8.631596e-04
281           	8.722900e-03	5.969612e-03	2.753288e-03	-9.747025e-04	3.282770e-03	-4.257473e-03	3.770121e-03	1.608162e-03	-8.722236e-04	-3.469841e-03	-2.607144e-03	-8.626971e-04
282           	8.722749e-03	5.968675e-03	2.754074e-03	-9.746899e-04	3.282728e-03	-4.257418e-03	3.770073e-03	1.607301e-03	-8.718102e-04	-3.468093e-03	-2.605857e-03	-8.622364e-04
283           	8.722561e-03	5.967724e-03	2.754838e-03	-9.746629e-04	3.282697e-03	-4.257360e-03	3.770029e-03	1.606443e-03	-8.713967e-04	-3.466356e-03	-2.604575e-03	-8.617812e-04
284           	8.722337e-03	5.966761e-03	2.755575e-03	-9.746217e-04	3.282678e-03	-4.257300e-03	3.769989e-03	1.605593e-03	-8.709850e-04	-3.464638e-03	-2.603304e-03	-8.613337e-04
285           	8.722075e-03	5.965783e-03	2.756292e-03	-9.745666e-04	3.282670e-03	-4.257237e-03	3.769953e-03	1.604746e-03	-8.705728e-04	-3.462929e-03	-2.602037e-03	-8.608919e-04
286           	8.721682e-03	5.964728e-03	2.756954e-03	-9.744797e-04	3.282686e-03	-4.257166e-03	3.769926e-03	1.603887e-03	-8.701523e-04	-3.461204e-03	-2.600754e-03	-8.604495e-04
287           	8.721544e-03	5.963814e-03	2.757731e-03	-9.744543e-04	3.282660e-03	-4.257115e-03	3.769887e-03	1.603042e-03	-8.697385e-04	-3.459501e-03	-2.599489e-03	-8.600119e-04
288           	8.721360e-03	5.962878e-03	2.758482e-03	-9.744146e-04	3.282646e-03	-4.257061e-03	3.769854e-03	1.602198e-03	-8.693237e-04	-3.457807e-03	-2.598227e-03	-8.595796e-04
289           	8.721166e-03	5.961939e-03	2.759227e-03	-9.743751e-04	3.282634e-03	-4.257009e-03	3.769822e-03	1.601356e-03	-8.689074e-04	-3.456118e-03	-2.596966e-03	-8.591514e-04
290           	8.720967e-03	5.960998e-03	2.759970e-03	-9.743401e-04	3.282620e-03	-4.256960e-03	3.769790e-03	1.600514e-03	-8.684894e-04	-3.454431e-03	-2.595705e-03	-8.587261e-04
291           	8.720681e-03	5.959996e-03	2.760685e-03	-9.742953e-04	3.282615e-03	-4.256910e-03	3.769763e-03	1.599656e-03	-8.680566e-04	-3.452738e-03	-2.594425e-03	-8.583123e-04
292           	8.720677e-03	5.959143e-03	2.761534e-03	-9.743285e-04	3.282555e-03	-4.256883e-03	3.769719e-03	1.598805e-03	-8.676421e-04	-3.450993e-03	-2.593139e-03	-8.578546e-04
293           	8.720673e-03	5.958292e-03	2.762381e-03	-9.743681e-04	3.282492e-03	-4.256860e-03	3.769676e-03	1.597956e-03	-8.672287e-04	-3.449250e-03	-2.591854e-03	-8.573963e-04
294           	8.720704e-03	5.957463e-03	2.763241e-03	-9.744241e-04	3.282418e-03	-4.256842e-03	3.769630e-03	1.597111e-03	-8.668178e-04	-3.447512e-03	-2.590574e-03	-8.569380e-04
295           	8.720769e-03	5.956653e-03	2.764116e-03	-9.744960e-04	3.282334e-03	-4.256830e-03	3.769582e-03	1.596268e-03	-8.664079e-04	-3.445774e-03	-2.589295e-03	-8.564789e-04
296           	8.720866e-03	5.955861e-03	2.765005e-03	-9.745813e-04	3.282240e-03	-4.256821e-03	3.769530e-03	1.595428e-03	-8.659989e-04	-3.444037e-03	-2.588018e-03	-8.560197e-04
297           	8.721104e-03	5.955129e-03	2.765975e-03	-9.746988e-04	3.282123e-03	-4.256822e-03	3.769472e-03	1.594577e-03	-8.655851e-04	-3.442274e-03	-2.586722e-03	-8.555521e-04
298           	8.721021e-03	5.954250e-03	2.766771e-03	-9.747355e-04	3.282064e-03	-4.256800e-03	3.769432e-03	1.593739e-03	-8.651753e-04	-3.440549e-03	-2.585450e-03	-8.550991e-04
299           	8.720979e-03	5.953394e-03	2.767585e-03	-9.747801e-04	3.282000e-03	-4.256780e-03	3.769390e-03	1.592905e-03	-8.647664e-04	-3.438827e-03	-2.584180e-03	-8.546469e-04
300           	8.720934e-03	5.952538e-03	2.768396e-03	-9.748144e-04	3.281943e-03	-4.256757e-03	3.769350e-03	1.592071e-03	-8.643577e-04	-3.437106e-03	-2.582910e-03	-8.541950e-04
301           	8.720881e-03	5.951678e-03	2.769202e-03	-9.748335e-04	3.281897e-03	-4.256730e-03	3.769313e-03	1.591238e-03	-8.639486e-04	-3.435384e-03	-2.581640e-03	-8.537432e-04
302           	8.720815e-03	5.950811e-03	2.770003e-03	-9.748348e-04	3.281864e-03	-4.256698e-03	3.769281e-03	1.590404e-03	-8.635385e-04	-3.433660e-03	-2.580369e-03	-8.532916e-04
303           	8.720731e-03	5.949935e-03	2.770796e-03	-9.748174e-04	3.281844e-03	-4.256662e-03	3.769253e-03	1.589569e-03	-8.631271e-04	-3.431937e-03	-2.579095e-03	-8.528412e-04
304           	8.720623e-03	5.949046e-03	2.771577e-03	-9.747823e-04	3.281839e-03	-4.256621e-03	3.769230e-03	1.588735e-03	-8.627144e-04	-3.430216e-03	-2.577822e-03	-8.523936e-04
305           	8.720488e-03	5.948146e-03	2.772342e-03	-9.747319e-04	3.281845e-03	-4.256577e-03	3.769211e-03	1.587902e-03	-8.623009e-04	-3.428504e-03	-2.576553e-03	-8.519509e-04
306           	8.720322e-03	5.947233e-03	2.773088e-03	-9.746696e-04	3.281862e-03	-4.256531e-03	3.769196e-03	1.587073e-03	-8.618867e-04	-3.426803e-03	-2.575288e-03	-8.515150e-04
307           	8.720124e-03	5.946308e-03	2.773816e-03	-9.745990e-04	3.281886e-03	-4.256485e-03	3.769185e-03	1.586246e-03	-8.614716e-04	-3.425117e-03	-2.574030e-03	-8.510871e-04
308           	8.719897e-03	5.945372e-03	2.774524e-03	-9.745238e-04	3.281915e-03	-4.256439e-03	3.769177e-03	1.585424e-03	-8.610554e-04	-3.423448e-03	-2.572779e-03	-8.506686e-04
309           	8.719532e-03	5.944358e-03	2.775174e-03	-9.744244e-04	3.281963e-03	-4.256387e-03	3.769175e-03	1.584592e-03	-8.606329e-04	-3.421760e-03	-2.571513e-03	-8.502472e-04
310           	8.719486e-03	5.943517e-03	2.775969e-03	-9.744112e-04	3.281951e-03	-4.256362e-03	3.769156e-03	1.583774e-03	-8.602099e-04	-3.420125e-03	-2.570273e-03	-8.498528e-04
311           	8.719405e-03	5.942661e-03	2.776745e-03	-9.743941e-04	3.281943e-03	-4.256337e-03	3.769140e-03	1.582958e-03	-8.597844e-04	-3.418509e-03	-2.569039e-03	-8.494702e-04
312           	8.719332e-03	5.941811e-03	2.777521e-03	-9.743877e-04	3.281930e-03	-4.256317e-03	3.769124e-03	1.582145e-03	-8.593562e-04	-3.416908e-03	-2.567810e-03	-8.490978e-04
313           	8.719270e-03	5.940967e-03	2.778303e-03	-9.743939e-04	3.281908e-03	-4.256302e-03	3.769105e-03	1.581332e-03	-8.589252e-04	-3.415317e-03	-2.566584e-03	-8.487335e-04
314           	8.719222e-03	5.940132e-03	2.779091e-03	-9.744131e-04	3.281878e-03	-4.256291e-03	3.769085e-03	1.580520e-03	-8.584921e-04	-3.413734e-03	-2.565359e-03	-8.483747e-04
315           	8.719194e-03	5.939307e-03	2.779887e-03	-9.744446e-04	3.281840e-03	-4.256284e-03	3.769062e-03	1.579710e-03	-8.580581e-04	-3.412153e-03	-2.564135e-03	-8.480185e-04
316           	8.719183e-03	5.938478e-03	2.780705e-03	-9.744870e-04	3.281793e-03	-4.256280e-03	3.769037e-03	1.578886e-03	-8.575969e-04	-3.410623e-03	-2.562908e-03	-8.477146e-04
317           	8.719218e-03	5.937685e-03	2.781532e-03	-9.745424e-04	3.281738e-03	-4.256280e-03	3.769009e-03	1.578076e-03	-8.571956e-04	-3.408900e-03	-2.561646e-03	-8.472546e-04
318           	8.719282e-03	5.936911e-03	2.782371e-03	-9.746048e-04	3.281678e-03	-4.256283e-03	3.768980e-03	1.577270e-03	-8.568001e-04	-3.407164e-03	-2.560382e-03	-8.467818e-04
319           	8.719378e-03	5.936156e-03	2.783222e-03	-9.746725e-04	3.281614e-03	-4.256286e-03	3.768950e-03	1.576467e-03	-8.564109e-04	-3.405411e-03	-2.559117e-03	-8.462948e-04
320           	8.719501e-03	5.935418e-03	2.784083e-03	-9.747428e-04	3.281547e-03	-4.256290e-03	3.768919e-03	1.575668e-03	-8.560272e-04	-3.403649e-03	-2.557852e-03	-8.457973e-04
321           	8.719759e-03	5.934739e-03	2.785020e-03	-9.748353e-04	3.281465e-03	-4.256300e-03	3.768883e-03	1.574859e-03	-8.556514e-04	-3.401811e-03	-2.556557e-03	-8.452543e-04
322           	8.719689e-03	5.933908e-03	2.785780e-03	-9.748404e-04	3.281445e-03	-4.256286e-03	3.768865e-03	1.574064e-03	-8.552567e-04	-3.400108e-03	-2.555311e-03	-8.447973e-04
323           	8.719652e-03	5.933098e-03	2.786554e-03	-9.748492e-04	3.281423e-03	-4.256272e-03	3.768848e-03	1.573272e-03	-8.548638e-04	-3.398408e-03	-2.554068e-03	-8.443403e-04
324           	8.719604e-03	5.932283e-03	2.787320e-03	-9.748465e-04	3.281409e-03	-4.256256e-03	3.768833e-03	1.572481e-03	-8.544715e-04	-3.396715e-03	-2.552829e-03	-8.438860e-04
325           	8.719539e-03	5.931462e-03	2.788077e-03	-9.748302e-04	3.281406e-03	-4.256236e-03	3.768821e-03	1.571693e-03	-8.540793e-04	-3.395029e-03	-2.551594e-03	-8.434349e-04
326           	8.719455e-03	5.930633e-03	2.788822e-03	-9.747994e-04	3.281413e-03	-4.256212e-03	3.768813e-03	1.570905e-03	-8.536867e-04	-3.393351e-03	-2.550362e-03	-8.429886e-04
327           	8.719347e-03	5.929794e-03	2.789553e-03	-9.747547e-04	3.281431e-03	-4.256186e-03	3.768808e-03	1.570120e-03	-8.532930e-04	-3.391685e-03	-2.549136e-03	-8.425496e-04
328           	8.719176e-03	5.928911e-03	2.790265e-03	-9.746897e-04	3.281464e-03	-4.256154e-03	3.768809e-03	1.569323e-03	-8.529100e-04	-3.389926e-03	-2.547873e-03	-8.420531e-04
329           	8.719091e-03	5.928087e-03	2.791004e-03	-9.746437e-04	3.281485e-03	-4.256129e-03	3.768807e-03	1.568541e-03	-8.524803e-04	-3.388422e-03	-2.546691e-03	-8.417306e-04
330           	8.718977e-03	5.927253e-03	2.791725e-03	-9.745898e-04	3.281513e-03	-4.256103e-03	3.768808e-03	1.567764e-03	-8.520462e-04	-3.386952e-03	-2.545522e-03	-8.414297e-04
331           	8.718849e-03	5.926416e-03	2.792433e-03	-9.745359e-04	3.281543e-03	-4.256079e-03	3.768811e-03	1.566991e-03	-8.516073e-04	-3.385516e-03	-2.544365e-03	-8.411507e-04
332           	8.718707e-03	5.925578e-03	2.793130e-03	-9.744851e-04	3.281571e-03	-4.256056e-03	3.768814e-03	1.566224e-03	-8.511649e-04	-3.384110e-03	-2.543220e-03	-8.408903e-04
333           	8.718465e-03	5.924681e-03	2.793783e-03	-9.744221e-04	3.281609e-03	-4.256031e-03	3.768820e-03	1.565449e-03	-8.506891e-04	-3.382800e-03	-2.542089e-03	-8.407108e-04
334           	8.718471e-03	5.923986e-03	2.794485e-03	-9.744304e-04	3.281599e-03	-4.256029e-03	3.768814e-03	1.564750e-03	-8.502980e-04	-3.381461e-03	-2.541028e-03	-8.404324e-04
335           	8.718544e-03	5.923326e-03	2.795218e-03	-9.744611e-04	3.281574e-03	-4.256035e-03	3.768804e-03	1.564054e-03	-8.499398e-04	-3.379990e-03	-2.539935e-03	-8.400550e-04
336           	8.718625e-03	5.922556e-03	2.796069e-03	-9.745029e-04	3.281538e-03	-4.256041e-03	3.768790e-03	1.563243e-03	-8.495245e-04	-3.378254e-03	-2.538651e-03	-8.396022e-04
337           	8.718730e-03	5.921901e-03	2.796829e-03	-9.745575e-04	3.281497e-03	-4.256054e-03	3.768775e-03	1.562536e-03	-8.491615e-04	-3.376739e-03	-2.537531e-03	-8.392078e-04
338           	8.718847e-03	5.921133e-03	2.797714e-03	-9.746237e-04	3.281444e-03	-4.256067e-03	3.768756e-03	1.561709e-03	-8.487372e-04	-3.374958e-03	-2.536216e-03	-8.387417e-04
339           	8.718978e-03	5.920385e-03	2.798593e-03	-9.746974e-04	3.281386e-03	-4.256083e-03	3.768735e-03	1.560896e-03	-8.483185e-04	-3.373209e-03	-2.534923e-03	-8.382859e-04
340           	8.719118e-03	5.919663e-03	2.799455e-03	-9.747736e-04	3.281326e-03	-4.256100e-03	3.768713e-03	1.560104e-03	-8.479095e-04	-3.371509e-03	-2.533664e-03	-8.378449e-04
341           	8.719258e-03	5.918963e-03	2.800295e-03	-9.748470e-04	3.281268e-03	-4.256115e-03	3.768692e-03	1.559334e-03	-8.475116e-04	-3.369860e-03	-2.532442e-03	-8.374184e-04
342           	8.719390e-03	5.918278e-03	2.801111e-03	-9.749116e-04	3.281217e-03	-4.256128e-03	3.768672e-03	1.558583e-03	-8.471242e-04	-3.368255e-03	-2.531252e-03	-8.370033e-04
343           	8.719500e-03	5.917597e-03	2.801903e-03	-9.749618e-04	3.281175e-03	-4.256137e-03	3.768656e-03	1.557847e-03	-8.467452e-04	-3.366680e-03	-2.530085e-03	-8.365948e-04
344           	8.719578e-03	5.916908e-03	2.802670e-03	-9.749927e-04	3.281147e-03	-4.256140e-03	3.768643e-03	1.557119e-03	-8.463716e-04	-3.365120e-03	-2.528931e-03	-8.361883e-04
345           	8.719699e-03	5.916319e-03	2.803380e-03	-9.750167e-04	3.281125e-03	-4.256142e-03	3.768634e-03	1.556469e-03	-8.460473e-04	-3.363696e-03	-2.527895e-03	-8.358005e-04
346           	8.719517e-03	5.915577e-03	2.803941e-03	-9.749537e-04	3.281166e-03	-4.256120e-03	3.768643e-03	1.555818e-03	-8.457027e-04	-3.362346e-03	-2.526876e-03	-8.354704e-04
347           	8.719294e-03	5.914796e-03	2.804498e-03	-9.748708e-04	3.281221e-03	-4.256092e-03	3.768656e-03	1.555149e-03	-8.453493e-04	-3.360953e-03	-2.525826e-03	-8.351272e-04
348           	8.718994e-03	5.913834e-03	2.805160e-03	-9.747596e-04	3.281293e-03	-4.256053e-03	3.768673e-03	1.554337e-03	-8.449218e-04	-3.359246e-03	-2.524545e-03	-8.347010e-04
349           	8.718461e-03	5.912758e-03	2.805703e-03	-9.745877e-04	3.281410e-03	-4.255997e-03	3.768704e-03	1.553527e-03	-8.445051e-04	-3.357498e-03	-2.523254e-03	-8.342439e-04
350           	8.718295e-03	5.911967e-03	2.806328e-03	-9.745050e-04	3.281466e-03	-4.255971e-03	3.768719e-03	1.552820e-03	-8.441220e-04	-3.356052e-03	-2.522148e-03	-8.339040e-04
351           	8.718321e-03	5.911294e-03	2.807027e-03	-9.744627e-04	3.281496e-03	-4.255959e-03	3.768728e-03	1.552133e-03	-8.437417e-04	-3.354682e-03	-2.521083e-03	-8.335994e-04
352           	8.718309e-03	5.910608e-03	2.807701e-03	-9.744132e-04	3.281533e-03	-4.255947e-03	3.768740e-03	1.551454e-03	-8.433633e-04	-3.353332e-03	-2.520029e-03	-8.333026e-04
353           	8.718289e-03	5.909915e-03	2.808374e-03	-9.743746e-04	3.281564e-03	-4.255939e-03	3.768751e-03	1.550771e-03	-8.429817e-04	-3.351976e-03	-2.518970e-03	-8.330065e-04
354           	8.718260e-03	5.909094e-03	2.809167e-03	-9.743536e-04	3.281580e-03	-4.255934e-03	3.768757e-03	1.549963e-03	-8.425341e-04	-3.350349e-03	-2.517709e-03	-8.326405e-04
355           	8.718234e-03	5.908409e-03	2.809825e-03	-9.743520e-04	3.281587e-03	-4.255939e-03	3.768763e-03	1.549292e-03	-8.421579e-04	-3.349019e-03	-2.516667e-03	-8.323514e-04
356           	8.718213e-03	5.907721e-03	2.810492e-03	-9.743713e-04	3.281579e-03	-4.255950e-03	3.768764e-03	1.548614e-03	-8.417780e-04	-3.347669e-03	-2.515613e-03	-8.320567e-04
357           	8.718164e-03	5.906968e-03	2.811197e-03	-9.744018e-04	3.281562e-03	-4.255963e-03	3.768763e-03	1.547886e-03	-8.413596e-04	-3.346252e-03	-2.514486e-03	-8.317665e-04
358           	8.718259e-03	5.906305e-03	2.811954e-03	-9.744765e-04	3.281513e-03	-4.255990e-03	3.768751e-03	1.547175e-03	-8.409833e-04	-3.344739e-03	-2.513353e-03	-8.313864e-04
359           	8.718373e-03	5.905663e-03	2.812710e-03	-9.745579e-04	3.281460e-03	-4.256018e-03	3.768739e-03	1.546476e-03	-8.406161e-04	-3.343237e-03	-2.512235e-03	-8.310026e-04
360           	8.718523e-03	5.905053e-03	2.813470e-03	-9.746450e-04	3.281402e-03	-4.256047e-03	3.768725e-03	1.545791e-03	-8.402593e-04	-3.341750e-03	-2.511134e-03	-8.306159e-04
361           	8.718792e-03	5.904481e-03	2.814311e-03	-9.747521e-04	3.281329e-03	-4.256081e-03	3.768705e-03	1.545085e-03	-8.398952e-04	-3.340198e-03	-2.509994e-03	-8.302039e-04
362           	8.718826e-03	5.903814e-03	2.815012e-03	-9.747908e-04	3.281303e-03	-4.256094e-03	3.768699e-03	1.544401e-03	-8.395391e-04	-3.338712e-03	-2.508895e-03	-8.298169e-04
363           	8.718905e-03	5.903188e-03	2.815717e-03	-9.748325e-04	3.281276e-03	-4.256108e-03	3.768692e-03	1.543736e-03	-8.391941e-04	-3.337259e-03	-2.507824e-03	-8.294356e-04
364           	8.718993e-03	5.902579e-03	2.816413e-03	-9.748652e-04	3.281254e-03	-4.256119e-03	3.768687e-03	1.543083e-03	-8.388564e-04	-3.335832e-03	-2.506772e-03	-8.290596e-04
365           	8.719154e-03	5.901971e-03	2.817184e-03	-9.749017e-04	3.281228e-03	-4.256130e-03	3.768679e-03	1.542393e-03	-8.385085e-04	-3.334286e-03	-2.505651e-03	-8.286343e-04
366           	8.719089e-03	5.901257e-03	2.817833e-03	-9.748716e-04	3.281250e-03	-4.256121e-03	3.768685e-03	1.541712e-03	-8.381381e-04	-3.332867e-03	-2.504572e-03	-8.282955e-04
367           	8.719035e-03	5.900550e-03	2.818485e-03	-9.748370e-04	3.281275e-03	-4.256112e-03	3.768693e-03	1.541033e-03	-8.377679e-04	-3.331459e-03	-2.503498e-03	-8.279618e-04
368           	8.718962e-03	5.899842e-03	2.819121e-03	-9.747910e-04	3.281309e-03	-4.256100e-03	3.768704e-03	1.540361e-03	-8.374002e-04	-3.330073e-03	-2.502437e-03	-8.276361e-04
369           	8.718871e-03	5.899132e-03	2.819738e-03	-9.747352e-04	3.281351e-03	-4.256086e-03	3.768718e-03	1.539697e-03	-8.370364e-04	-3.328709e-03	-2.501391e-03	-8.273180e-04
370           	8.718761e-03	5.898425e-03	2.820336e-03	-9.746720e-04	3.281399e-03	-4.256071e-03	3.768735e-03	1.539044e-03	-8.366776e-04	-3.327370e-03	-2.500363e-03	-8.270074e-04
371           	8.718634e-03	5.897722e-03	2.820911e-03	-9.746041e-04	3.281452e-03	-4.256056e-03	3.768754e-03	1.538406e-03	-8.363258e-04	-3.326064e-03	-2.499358e-03	-8.267062e-04
372           	8.718404e-03	5.896945e-03	2.821458e-03	-9.745171e-04	3.281519e-03	-4.256036e-03	3.768777e-03	1.537744e-03	-8.359607e-04	-3.324706e-03	-2.498314e-03	-8.263925e-04
373           	8.718426e-03	5.896306e-03	2.822121e-03	-9.744976e-04	3.281538e-03	-4.256036e-03	3.768787e-03	1.537092e-03	-8.355990e-04	-3.323379e-03	-2.497289e-03	-8.260907e-04
374           	8.718426e-03	5.895665e-03	2.822761e-03	-9.744765e-04	3.281561e-03	-4.256037e-03	3.768799e-03	1.536452e-03	-8.352415e-04	-3.322081e-03	-2.496282e-03	-8.257991e-04
375           	8.718435e-03	5.895038e-03	2.823398e-03	-9.744665e-04	3.281576e-03	-4.256042e-03	3.768809e-03	1.535820e-03	-8.348861e-04	-3.320804e-03	-2.495288e-03	-8.255158e-04
376           	8.718456e-03	5.894419e-03	2.824036e-03	-9.744697e-04	3.281582e-03	-4.256052e-03	3.768817e-03	1.535192e-03	-8.345312e-04	-3.319539e-03	-2.494301e-03	-8.252382e-04
377           	8.718490e-03	5.893810e-03	2.824680e-03	-9.744867e-04	3.281579e-03	-4.256066e-03	3.768822e-03	1.534565e-03	-8.341763e-04	-3.318281e-03	-2.493317e-03	-8.249642e-04
378           	8.718539e-03	5.893211e-03	2.825328e-03	-9.745167e-04	3.281567e-03	-4.256083e-03	3.768825e-03	1.533941e-03	-8.338220e-04	-3.317027e-03	-2.492336e-03	-8.246917e-04
379           	8.718607e-03	5.892625e-03	2.825982e-03	-9.745576e-04	3.281546e-03	-4.256104e-03	3.768825e-03	1.533321e-03	-8.334703e-04	-3.315778e-03	-2.491359e-03	-8.244188e-04
380           	8.718693e-03	5.892053e-03	2.826640e-03	-9.746067e-04	3.281520e-03	-4.256127e-03	3.768823e-03	1.532707e-03	-8.331231e-04	-3.314532e-03	-2.490389e-03	-8.241430e-04
381           	8.718838e-03	5.891480e-03	2.827358e-03	-9.746698e-04	3.281482e-03	-4.256152e-03	3.768817e-03	1.532061e-03	-8.327471e-04	-3.313262e-03	-2.489378e-03	-8.238840e-04
382           	8.718877e-03	5.890867e-03	2.828010e-03	-9.747038e-04	3.281465e-03	-4.256169e-03	3.768817e-03	1.531429e-03	-8.324196e-04	-3.311854e-03	-2.488347e-03	-8.235074e-04
383           	8.718943e-03	5.890284e-03	2.828660e-03	-9.747402e-04	3.281446e-03	-4.256186e-03	3.768816e-03	1.530812e-03	-8.321062e-04	-3.310455e-03	-2.487334e-03	-8.231214e-04
384           	8.719020e-03	5.889719e-03	2.829301e-03	-9.747721e-04	3.281430e-03	-4.256202e-03	3.768816e-03	1.530209e-03	-8.318060e-04	-3.309063e-03	-2.486337e-03	-8.227253e-04
385           	8.719103e-03	5.889171e-03	2.829932e-03	-9.747977e-04	3.281419e-03	-4.256216e-03	3.768817e-03	1.529619e-03	-8.315175e-04	-3.307681e-03	-2.485358e-03	-8.223228e-04
386           	8.719242e-03	5.888625e-03	2.830618e-03	-9.748260e-04	3.281404e-03	-4.256230e-03	3.768817e-03	1.529003e-03	-8.312368e-04	-3.306153e-03	-2.484313e-03	-8.218397e-04
387           	8.719211e-03	5.888012e-03	2.831198e-03	-9.748047e-04	3.281425e-03	-4.256230e-03	3.768827e-03	1.528407e-03	-8.309178e-04	-3.304871e-03	-2.483353e-03	-8.215179e-04
388           	8.719186e-03	5.887411e-03	2.831776e-03	-9.747805e-04	3.281448e-03	-4.256229e-03	3.768838e-03	1.527818e-03	-8.306018e-04	-3.303609e-03	-2.482406e-03	-8.212025e-04
389           	8.719147e-03	5.886808e-03	2.832339e-03	-9.747477e-04	3.281478e-03	-4.256226e-03	3.768852e-03	1.527234e-03	-8.302877e-04	-3.302369e-03	-2.481472e-03	-8.208966e-04
390           	8.719090e-03	5.886202e-03	2.832888e-03	-9.747071e-04	3.281514e-03	-4.256221e-03	3.768867e-03	1.526657e-03	-8.299752e-04	-3.301148e-03	-2.480549e-03	-8.205989e-04
391           	8.719017e-03	5.885593e-03	2.833424e-03	-9.746604e-04	3.281555e-03	-4.256215e-03	3.768885e-03	1.526084e-03	-8.296638e-04	-3.299946e-03	-2.479637e-03	-8.203093e-04
392           	8.718929e-03	5.884981e-03	2.833948e-03	-9.746094e-04	3.281599e-03	-4.256208e-03	3.768904e-03	1.525517e-03	-8.293530e-04	-3.298763e-03	-2.478735e-03	-8.200286e-04
393           	8.718827e-03	5.884367e-03	2.834461e-03	-9.745563e-04	3.281646e-03	-4.256202e-03	3.768924e-03	1.524953e-03	-8.290415e-04	-3.297600e-03	-2.477842e-03	-8.197586e-04
394           	8.718718e-03	5.883751e-03	2.834967e-03	-9.745038e-04	3.281693e-03	-4.256196e-03	3.768944e-03	1.524392e-03	-8.287274e-04	-3.296457e-03	-2.476956e-03	-8.195013e-04
395           	8.718514e-03	5.883044e-03	2.835469e-03	-9.744363e-04	3.281749e-03	-4.256186e-03	3.768967e-03	1.523788e-03	-8.283896e-04	-3.295220e-03	-2.475999e-03	-8.192202e-04
396           	8.718593e-03	5.882495e-03	2.836099e-03	-9.744446e-04	3.281753e-03	-4.256197e-03	3.768975e-03	1.523198e-03	-8.280406e-04	-3.294089e-03	-2.475085e-03	-8.190040e-04
397           	8.718670e-03	5.881958e-03	2.836712e-03	-9.744559e-04	3.281755e-03	-4.256211e-03	3.768983e-03	1.522623e-03	-8.276922e-04	-3.293017e-03	-2.474201e-03	-8.188162e-04
398           	8.718785e-03	5.881423e-03	2.837362e-03	-9.744855e-04	3.281744e-03	-4.256230e-03	3.768987e-03	1.522030e-03	-8.273075e-04	-3.292011e-03	-2.473313e-03	-8.186979e-04
399           	8.718899e-03	5.880924e-03	2.837975e-03	-9.745225e-04	3.281729e-03	-4.256252e-03	3.768990e-03	1.521474e-03	-8.269868e-04	-3.290901e-03	-2.472437e-03	-8.184639e-04
400           	8.719043e-03	5.880463e-03	2.838580e-03	-9.745757e-04	3.281703e-03	-4.256279e-03	3.768991e-03	1.520942e-03	-8.266756e-04	-3.289853e-03	-2.471602e-03	-8.182511e-04
401           	8.719274e-03	5.880029e-03	2.839245e-03	-9.746563e-04	3.281656e-03	-4.256313e-03	3.768985e-03	1.520392e-03	-8.263312e-04	-3.288859e-03	-2.470761e-03	-8.180981e-04
402           	8.719322e-03	5.879514e-03	2.839808e-03	-9.746948e-04	3.281640e-03	-4.256334e-03	3.768987e-03	1.519853e-03	-8.260458e-04	-3.287667e-03	-2.469880e-03	-8.177879e-04
403           	8.719400e-03	5.879026e-03	2.840374e-03	-9.747429e-04	3.281616e-03	-4.256359e-03	3.768987e-03	1.519326e-03	-8.257673e-04	-3.286497e-03	-2.469016e-03	-8.174811e-04
404           	8.719482e-03	5.878545e-03	2.840937e-03	-9.747879e-04	3.281593e-03	-4.256381e-03	3.768987e-03	1.518804e-03	-8.254926e-04	-3.285330e-03	-2.468158e-03	-8.171726e-04
405           	8.719563e-03	5.878062e-03	2.841501e-03	-9.748249e-04	3.281576e-03	-4.256401e-03	3.768989e-03	1.518281e-03	-8.252181e-04	-3.284158e-03	-2.467297e-03	-8.168607e-04
406           	8.719641e-03	5.877573e-03	2.842067e-03	-9.748501e-04	3.281566e-03	-4.256416e-03	3.768991e-03	1.517753e-03	-8.249418e-04	-3.282972e-03	-2.466428e-03	-8.165442e-04
407           	8.719708e-03	5.877073e-03	2.842635e-03	-9.748611e-04	3.281566e-03	-4.256427e-03	3.768996e-03	1.517219e-03	-8.246631e-04	-3.281771e-03	-2.465549e-03	-8.162223e-04
408           	8.719758e-03	5.876560e-03	2.843198e-03	-9.748569e-04	3.281576e-03	-4.256433e-03	3.769004e-03	1.516681e-03	-8.243834e-04	-3.280558e-03	-2.464662e-03	-8.158954e-04
409           	8.719785e-03	5.876035e-03	2.843750e-03	-9.748380e-04	3.281596e-03	-4.256434e-03	3.769015e-03	1.516143e-03	-8.241049e-04	-3.279340e-03	-2.463775e-03	-8.155653e-04
410           	8.719784e-03	5.875501e-03	2.844283e-03	-9.748054e-04	3.281626e-03	-4.256431e-03	3.769029e-03	1.515609e-03	-8.238305e-04	-3.278131e-03	-2.462896e-03	-8.152350e-04
411           	8.719750e-03	5.874961e-03	2.844788e-03	-9.747608e-04	3.281665e-03	-4.256426e-03	3.769046e-03	1.515087e-03	-8.235641e-04	-3.276946e-03	-2.462037e-03	-8.149088e-04
412           	8.719651e-03	5.874374e-03	2.845276e-03	-9.746995e-04	3.281717e-03	-4.256416e-03	3.769066e-03	1.514549e-03	-8.233089e-04	-3.275651e-03	-2.461134e-03	-8.145168e-04
413           	8.719592e-03	5.873835e-03	2.845757e-03	-9.746496e-04	3.281761e-03	-4.256411e-03	3.769086e-03	1.514039e-03	-8.230207e-04	-3.274618e-03	-2.460330e-03	-8.142882e-04
414           	8.719493e-03	5.873299e-03	2.846194e-03	-9.745909e-04	3.281814e-03	-4.256404e-03	3.769109e-03	1.513553e-03	-8.227439e-04	-3.273643e-03	-2.459566e-03	-8.140778e-04
415           	8.719364e-03	5.872770e-03	2.846594e-03	-9.745279e-04	3.281870e-03	-4.256398e-03	3.769134e-03	1.513088e-03	-8.224767e-04	-3.272723e-03	-2.458838e-03	-8.138849e-04
416           	8.719098e-03	5.872144e-03	2.846954e-03	-9.744403e-04	3.281944e-03	-4.256385e-03	3.769164e-03	1.512595e-03	-8.221956e-04	-3.271733e-03	-2.458062e-03	-8.136709e-04
417           	8.719140e-03	5.871677e-03	2.847463e-03	-9.744347e-04	3.281960e-03	-4.256395e-03	3.769178e-03	1.512107e-03	-8.219063e-04	-3.270798e-03	-2.457305e-03	-8.134926e-04
