# Force and moment coefficients
# dragDir     : (1.000000e+00 0.000000e+00 0.000000e+00)
# sideDir     : (0.000000e+00 1.000000e+00 0.000000e+00)
# liftDir     : (0.000000e+00 0.000000e+00 1.000000e+00)
# rollAxis    : (1.000000e+00 0.000000e+00 0.000000e+00)
# pitchAxis   : (0.000000e+00 1.000000e+00 0.000000e+00)
# yawAxis     : (0.000000e+00 0.000000e+00 1.000000e+00)
# magUInf     : 6.661800e+00
# lRef        : 1.499270e-01
# Aref        : 5.000000e-02
# CofR        : (0.000000e+00 0.000000e+00 0.000000e+00)
#
# Time        	Cd            	Cd(f)         	Cd(r)         	Cl            	Cl(f)         	Cl(r)         	CmPitch       	CmRoll        	CmYaw         	Cs            	Cs(f)         	Cs(r)         
1             	6.163136e-01	3.031151e-01	3.131986e-01	-3.218110e-02	7.440026e-01	-7.761837e-01	7.600931e-01	-5.041744e-03	1.869787e-03	3.139567e-03	3.439570e-03	-3.000032e-04
2             	4.616216e-01	2.253894e-01	2.362322e-01	-3.923793e-02	5.557084e-01	-5.949463e-01	5.753273e-01	-5.421408e-03	2.163661e-03	3.388331e-03	3.857827e-03	-4.694959e-04
3             	3.572493e-01	1.739121e-01	1.833372e-01	-3.794607e-02	4.279518e-01	-4.658978e-01	4.469248e-01	-4.712569e-03	2.008335e-03	2.832580e-03	3.424625e-03	-5.920447e-04
4             	2.771038e-01	1.352035e-01	1.419003e-01	-3.098037e-02	3.295963e-01	-3.605767e-01	3.450865e-01	-3.348393e-03	1.590621e-03	1.804598e-03	2.492920e-03	-6.883221e-04
5             	2.116861e-01	1.040492e-01	1.076370e-01	-2.118087e-02	2.494571e-01	-2.706380e-01	2.600475e-01	-1.793893e-03	1.114385e-03	6.880727e-04	1.458421e-03	-7.703485e-04
6             	1.589108e-01	7.897783e-02	7.993302e-02	-1.113172e-02	1.851750e-01	-1.963067e-01	1.907408e-01	-4.775973e-04	7.612520e-04	-1.769122e-04	6.727959e-04	-8.497081e-04
7             	1.188218e-01	5.971799e-02	5.910381e-02	-2.711360e-03	1.368132e-01	-1.395246e-01	1.381689e-01	3.070879e-04	6.471146e-04	-5.718177e-04	3.612058e-04	-9.330234e-04
8             	9.121847e-02	4.604933e-02	4.516914e-02	3.055857e-03	1.040251e-01	-1.009693e-01	1.024972e-01	4.400927e-04	8.041776e-04	-4.320702e-04	5.881426e-04	-1.020213e-03
9             	7.480641e-02	3.737535e-02	3.743106e-02	5.951651e-03	8.506570e-02	-7.911405e-02	8.208987e-02	-2.785596e-05	1.185942e-03	1.600632e-04	1.265974e-03	-1.105911e-03
10            	6.730630e-02	3.273737e-02	3.456893e-02	6.354614e-03	7.697657e-02	-7.062196e-02	7.379927e-02	-9.157789e-04	1.690293e-03	1.017794e-03	2.199190e-03	-1.181397e-03
11            	6.589853e-02	3.097005e-02	3.492848e-02	4.990858e-03	7.616707e-02	-7.117621e-02	7.367164e-02	-1.979217e-03	2.195827e-03	1.912785e-03	3.152220e-03	-1.239435e-03
12            	6.778280e-02	3.091505e-02	3.686776e-02	2.686603e-03	7.911865e-02	-7.643205e-02	7.777535e-02	-2.976356e-03	2.595228e-03	2.638731e-03	3.914593e-03	-1.275862e-03
13            	7.062429e-02	3.159078e-02	3.903351e-02	1.784658e-04	8.294158e-02	-8.276311e-02	8.285235e-02	-3.721363e-03	2.818373e-03	3.055826e-03	4.346286e-03	-1.290460e-03
14            	7.280971e-02	3.229531e-02	4.051440e-02	-2.000078e-03	8.568252e-02	-8.768259e-02	8.668256e-02	-4.109545e-03	2.841712e-03	3.111688e-03	4.397556e-03	-1.285868e-03
15            	7.350749e-02	3.262621e-02	4.088128e-02	-3.558753e-03	8.638610e-02	-8.994485e-02	8.816548e-02	-4.127536e-03	2.688488e-03	2.841346e-03	4.109160e-03	-1.267815e-03
16            	7.256595e-02	3.244597e-02	4.011999e-02	-4.430603e-03	8.495389e-02	-8.938449e-02	8.716919e-02	-3.837009e-03	2.413817e-03	2.343869e-03	3.585751e-03	-1.241883e-03
17            	7.030046e-02	3.179984e-02	3.850062e-02	-4.709592e-03	8.185998e-02	-8.656958e-02	8.421478e-02	-3.350392e-03	2.090262e-03	1.752651e-03	2.966587e-03	-1.213936e-03
18            	6.727074e-02	3.083630e-02	3.643445e-02	-4.579902e-03	7.786550e-02	-8.244540e-02	8.015545e-02	-2.799075e-03	1.789127e-03	1.201441e-03	2.389848e-03	-1.188407e-03
19            	6.406394e-02	2.972723e-02	3.433672e-02	-4.245250e-03	7.374079e-02	-7.798604e-02	7.586341e-02	-2.304745e-03	1.566181e-03	7.961218e-04	1.964242e-03	-1.168120e-03
20            	6.114359e-02	2.861894e-02	3.252465e-02	-3.877448e-03	7.007681e-02	-7.395426e-02	7.201554e-02	-1.952853e-03	1.450708e-03	5.958030e-04	1.748610e-03	-1.152807e-03
21            	5.877592e-02	2.760299e-02	3.117293e-02	-3.589037e-03	6.719686e-02	-7.078590e-02	6.899138e-02	-1.784970e-03	1.445304e-03	6.091248e-04	1.749866e-03	-1.140741e-03
22            	5.702314e-02	2.671284e-02	3.031030e-02	-3.427334e-03	6.515497e-02	-6.858230e-02	6.686864e-02	-1.798729e-03	1.529892e-03	8.005037e-04	1.930144e-03	-1.129640e-03
23            	5.578931e-02	2.593885e-02	2.985046e-02	-3.386143e-03	6.380083e-02	-6.718697e-02	6.549390e-02	-1.955804e-03	1.668800e-03	1.103820e-03	2.220710e-03	-1.116891e-03
24            	5.488304e-02	2.524528e-02	2.963776e-02	-3.424097e-03	6.286432e-02	-6.628842e-02	6.457637e-02	-2.196242e-03	1.820691e-03	1.440679e-03	2.541031e-03	-1.100351e-03
25            	5.409847e-02	2.459408e-02	2.950439e-02	-3.489205e-03	6.206308e-02	-6.555229e-02	6.380768e-02	-2.455156e-03	1.949038e-03	1.739367e-03	2.818721e-03	-1.079355e-03
26            	5.327113e-02	2.396024e-02	2.931089e-02	-3.536622e-03	6.117406e-02	-6.471068e-02	6.294237e-02	-2.675322e-03	2.027030e-03	1.945850e-03	2.999955e-03	-1.054105e-03
27            	5.230650e-02	2.333732e-02	2.896918e-02	-3.538726e-03	6.007125e-02	-6.360997e-02	6.184061e-02	-2.815931e-03	2.040869e-03	2.031269e-03	3.056503e-03	-1.025235e-03
28            	5.118837e-02	2.273594e-02	2.845244e-02	-3.488997e-03	5.873517e-02	-6.222417e-02	6.047967e-02	-2.858250e-03	1.991117e-03	1.993927e-03	2.988080e-03	-9.941538e-04
29            	4.996612e-02	2.217841e-02	2.778770e-02	-3.399478e-03	5.723475e-02	-6.063422e-02	5.893449e-02	-2.804645e-03	1.889782e-03	1.854587e-03	2.817075e-03	-9.624885e-04
30            	4.872890e-02	2.168983e-02	2.703907e-02	-3.293972e-03	5.569233e-02	-5.898630e-02	5.733932e-02	-2.674619e-03	1.756413e-03	1.649001e-03	2.580914e-03	-9.319130e-04
31            	4.757272e-02	2.128812e-02	2.628460e-02	-3.198862e-03	5.423970e-02	-5.743857e-02	5.583913e-02	-2.498239e-03	1.613425e-03	1.418903e-03	2.322877e-03	-9.039733e-04
32            	4.657419e-02	2.097895e-02	2.559524e-02	-3.135647e-03	5.298327e-02	-5.611892e-02	5.455109e-02	-2.308145e-03	1.480984e-03	1.202960e-03	2.082464e-03	-8.795037e-04
33            	4.577513e-02	2.075373e-02	2.502141e-02	-3.116415e-03	5.198322e-02	-5.509963e-02	5.354142e-02	-2.133840e-03	1.374149e-03	1.030575e-03	1.889437e-03	-8.588622e-04
34            	4.517762e-02	2.059170e-02	2.458592e-02	-3.142277e-03	5.124660e-02	-5.438888e-02	5.281774e-02	-1.997108e-03	1.301252e-03	9.184619e-04	1.760483e-03	-8.420208e-04
35            	4.474874e-02	2.046457e-02	2.428417e-02	-3.204569e-03	5.073328e-02	-5.393784e-02	5.233556e-02	-1.909798e-03	1.263755e-03	8.701305e-04	1.698821e-03	-8.286901e-04
36            	4.443223e-02	2.034254e-02	2.408969e-02	-3.288100e-03	5.037121e-02	-5.365931e-02	5.201526e-02	-1.873571e-03	1.257235e-03	8.777170e-04	1.696093e-03	-8.183765e-04
37            	4.416360e-02	2.020033e-02	2.396328e-02	-3.375387e-03	5.007622e-02	-5.345161e-02	5.176392e-02	-1.881475e-03	1.273217e-03	9.255415e-04	1.735987e-03	-8.104458e-04
38            	4.388433e-02	2.002141e-02	2.386292e-02	-3.450651e-03	4.977091e-02	-5.322156e-02	5.149624e-02	-1.920758e-03	1.301426e-03	9.943875e-04	1.798619e-03	-8.042318e-04
39            	4.355272e-02	1.980024e-02	2.375248e-02	-3.502896e-03	4.939903e-02	-5.290193e-02	5.115048e-02	-1.976118e-03	1.331897e-03	1.065560e-03	1.864678e-03	-7.991172e-04
40            	4.314917e-02	1.954190e-02	2.360727e-02	-3.527367e-03	4.893281e-02	-5.246018e-02	5.069650e-02	-2.032683e-03	1.356549e-03	1.123999e-03	1.918549e-03	-7.945499e-04
41            	4.267588e-02	1.925963e-02	2.341625e-02	-3.525455e-03	4.837296e-02	-5.189842e-02	5.013569e-02	-2.078309e-03	1.370087e-03	1.160092e-03	1.950133e-03	-7.900406e-04
42            	4.215223e-02	1.897118e-02	2.318105e-02	-3.503346e-03	4.774305e-02	-5.124640e-02	4.949472e-02	-2.104938e-03	1.370219e-03	1.170135e-03	1.955287e-03	-7.851516e-04
43            	4.160762e-02	1.869465e-02	2.291298e-02	-3.469964e-03	4.708036e-02	-5.055033e-02	4.881534e-02	-2.109166e-03	1.357434e-03	1.155775e-03	1.935322e-03	-7.795472e-04
44            	4.107359e-02	1.844498e-02	2.262861e-02	-3.434714e-03	4.642573e-02	-4.986044e-02	4.814308e-02	-2.091814e-03	1.334267e-03	1.122533e-03	1.895534e-03	-7.730005e-04
45            	4.057688e-02	1.823151e-02	2.234537e-02	-3.405531e-03	4.581452e-02	-4.922005e-02	4.751729e-02	-2.056927e-03	1.304378e-03	1.077974e-03	1.843365e-03	-7.653914e-04
46            	4.013490e-02	1.805698e-02	2.207792e-02	-3.387597e-03	4.527049e-02	-4.865808e-02	4.696429e-02	-2.010471e-03	1.271681e-03	1.029929e-03	1.786645e-03	-7.567168e-04
47            	3.975373e-02	1.791782e-02	2.183590e-02	-3.382826e-03	4.480301e-02	-4.818584e-02	4.649443e-02	-1.959041e-03	1.239638e-03	9.850602e-04	1.732168e-03	-7.471075e-04
48            	3.942899e-02	1.780583e-02	2.162317e-02	-3.390119e-03	4.440788e-02	-4.779800e-02	4.610294e-02	-1.908669e-03	1.210770e-03	9.479482e-04	1.684745e-03	-7.367964e-04
49            	3.914846e-02	1.771015e-02	2.143831e-02	-3.406160e-03	4.407047e-02	-4.747663e-02	4.577355e-02	-1.864082e-03	1.186544e-03	9.207956e-04	1.646942e-03	-7.261462e-04
50            	3.889578e-02	1.761962e-02	2.127616e-02	-3.426486e-03	4.377041e-02	-4.719690e-02	4.548365e-02	-1.828272e-03	1.167409e-03	9.036054e-04	1.619212e-03	-7.156062e-04
51            	3.865432e-02	1.752472e-02	2.112960e-02	-3.446592e-03	4.348645e-02	-4.693305e-02	4.520975e-02	-1.802440e-03	1.153024e-03	8.947139e-04	1.600381e-03	-7.056675e-04
52            	3.841035e-02	1.741893e-02	2.099143e-02	-3.462836e-03	4.320065e-02	-4.666348e-02	4.493206e-02	-1.786250e-03	1.142572e-03	8.915191e-04	1.588331e-03	-6.968123e-04
53            	3.815512e-02	1.729930e-02	2.085582e-02	-3.473000e-03	4.290106e-02	-4.637406e-02	4.463756e-02	-1.778260e-03	1.135070e-03	8.912081e-04	1.580674e-03	-6.894658e-04
54            	3.788550e-02	1.716635e-02	2.071916e-02	-3.476474e-03	4.258283e-02	-4.605930e-02	4.432107e-02	-1.776405e-03	1.129615e-03	8.913571e-04	1.575293e-03	-6.839362e-04
55            	3.760348e-02	1.702328e-02	2.058020e-02	-3.474067e-03	4.224762e-02	-4.572169e-02	4.398465e-02	-1.778460e-03	1.125526e-03	8.902950e-04	1.570674e-03	-6.803786e-04
56            	3.731475e-02	1.687498e-02	2.043977e-02	-3.467603e-03	4.190199e-02	-4.536959e-02	4.363579e-02	-1.782391e-03	1.122374e-03	8.872292e-04	1.565989e-03	-6.787597e-04
57            	3.702685e-02	1.672684e-02	2.030001e-02	-3.459377e-03	4.155513e-02	-4.501450e-02	4.328482e-02	-1.786584e-03	1.119937e-03	8.821662e-04	1.561020e-03	-6.788541e-04
58            	3.674732e-02	1.658373e-02	2.016359e-02	-3.451633e-03	4.121655e-02	-4.466818e-02	4.294237e-02	-1.789929e-03	1.118103e-03	8.756804e-04	1.555943e-03	-6.802623e-04
59            	3.648223e-02	1.644934e-02	2.003289e-02	-3.446142e-03	4.089417e-02	-4.434031e-02	4.261724e-02	-1.791774e-03	1.116739e-03	8.685923e-04	1.551035e-03	-6.824429e-04
60            	3.623520e-02	1.632576e-02	1.990945e-02	-3.443948e-03	4.059306e-02	-4.403701e-02	4.231503e-02	-1.791844e-03	1.115619e-03	8.616862e-04	1.546462e-03	-6.847759e-04
61            	3.600718e-02	1.621346e-02	1.979371e-02	-3.445310e-03	4.031499e-02	-4.376030e-02	4.203765e-02	-1.790127e-03	1.114391e-03	8.555026e-04	1.542142e-03	-6.866392e-04
62            	3.579662e-02	1.611159e-02	1.968504e-02	-3.449783e-03	4.005869e-02	-4.350847e-02	4.178358e-02	-1.786725e-03	1.112564e-03	8.501892e-04	1.537658e-03	-6.874692e-04
63            	3.560027e-02	1.601833e-02	1.958194e-02	-3.456436e-03	3.982058e-02	-4.327702e-02	4.154880e-02	-1.781802e-03	1.109608e-03	8.455321e-04	1.532374e-03	-6.868420e-04
64            	3.541395e-02	1.593145e-02	1.948251e-02	-3.464111e-03	3.959584e-02	-4.305995e-02	4.132789e-02	-1.775532e-03	1.105039e-03	8.410349e-04	1.525556e-03	-6.845212e-04
65            	3.523351e-02	1.584865e-02	1.938487e-02	-3.471669e-03	3.937943e-02	-4.285110e-02	4.111526e-02	-1.768110e-03	1.098534e-03	8.360807e-04	1.516575e-03	-6.804938e-04
66            	3.505548e-02	1.576796e-02	1.928752e-02	-3.478199e-03	3.916701e-02	-4.264521e-02	4.090611e-02	-1.759781e-03	1.090024e-03	8.301042e-04	1.505076e-03	-6.749715e-04
67            	3.487752e-02	1.568790e-02	1.918961e-02	-3.483134e-03	3.895551e-02	-4.243865e-02	4.069708e-02	-1.750857e-03	1.079729e-03	8.227387e-04	1.491098e-03	-6.683592e-04
68            	3.469860e-02	1.560754e-02	1.909106e-02	-3.486285e-03	3.874334e-02	-4.222962e-02	4.048648e-02	-1.741758e-03	1.068168e-03	8.139181e-04	1.475127e-03	-6.612093e-04
69            	3.451886e-02	1.552643e-02	1.899243e-02	-3.487802e-03	3.853030e-02	-4.201810e-02	4.027420e-02	-1.732997e-03	1.056106e-03	8.039081e-04	1.458060e-03	-6.541516e-04
70            	3.433932e-02	1.544450e-02	1.889483e-02	-3.488073e-03	3.831728e-02	-4.180535e-02	4.006132e-02	-1.725166e-03	1.044453e-03	7.932705e-04	1.441088e-03	-6.478176e-04
71            	3.416149e-02	1.536190e-02	1.879959e-02	-3.487618e-03	3.810585e-02	-4.159347e-02	3.984966e-02	-1.718849e-03	1.034126e-03	7.827489e-04	1.425501e-03	-6.427520e-04
72            	3.398693e-02	1.527889e-02	1.870805e-02	-3.486955e-03	3.789774e-02	-4.138469e-02	3.964122e-02	-1.714579e-03	1.025940e-03	7.731580e-04	1.412519e-03	-6.393610e-04
73            	3.381700e-02	1.519572e-02	1.862127e-02	-3.486517e-03	3.769448e-02	-4.118100e-02	3.943774e-02	-1.712775e-03	1.020502e-03	7.652589e-04	1.403132e-03	-6.378730e-04
74            	3.365257e-02	1.511262e-02	1.853994e-02	-3.486591e-03	3.749717e-02	-4.098377e-02	3.924047e-02	-1.713660e-03	1.018119e-03	7.596193e-04	1.397929e-03	-6.383097e-04
75            	3.349400e-02	1.502976e-02	1.846424e-02	-3.487301e-03	3.730634e-02	-4.079364e-02	3.904999e-02	-1.717241e-03	1.018775e-03	7.565481e-04	1.397049e-03	-6.405006e-04
76            	3.334116e-02	1.494731e-02	1.839385e-02	-3.488619e-03	3.712197e-02	-4.061059e-02	3.886628e-02	-1.723270e-03	1.022125e-03	7.560410e-04	1.400145e-03	-6.441043e-04
77            	3.319352e-02	1.486549e-02	1.832804e-02	-3.490408e-03	3.694363e-02	-4.043404e-02	3.868884e-02	-1.731273e-03	1.027558e-03	7.577954e-04	1.406455e-03	-6.486599e-04
78            	3.305037e-02	1.478459e-02	1.826578e-02	-3.492473e-03	3.677065e-02	-4.026312e-02	3.851688e-02	-1.740595e-03	1.034266e-03	7.612519e-04	1.414892e-03	-6.536404e-04
79            	3.291093e-02	1.470497e-02	1.820596e-02	-3.494608e-03	3.660228e-02	-4.009689e-02	3.834958e-02	-1.750492e-03	1.041378e-03	7.657039e-04	1.424230e-03	-6.585261e-04
80            	3.277455e-02	1.462706e-02	1.814749e-02	-3.496642e-03	3.643787e-02	-3.993451e-02	3.818619e-02	-1.760218e-03	1.048057e-03	7.703950e-04	1.433254e-03	-6.628593e-04
81            	3.264074e-02	1.455127e-02	1.808947e-02	-3.498460e-03	3.627693e-02	-3.977539e-02	3.802616e-02	-1.769099e-03	1.053597e-03	7.746168e-04	1.440906e-03	-6.662890e-04
82            	3.250925e-02	1.447801e-02	1.803124e-02	-3.500019e-03	3.611921e-02	-3.961923e-02	3.786922e-02	-1.776612e-03	1.057500e-03	7.777974e-04	1.446398e-03	-6.686011e-04
83            	3.238004e-02	1.440759e-02	1.797245e-02	-3.501334e-03	3.596465e-02	-3.946599e-02	3.771532e-02	-1.782434e-03	1.059509e-03	7.795599e-04	1.449289e-03	-6.697292e-04
84            	3.225322e-02	1.434015e-02	1.791307e-02	-3.502471e-03	3.581334e-02	-3.931581e-02	3.756457e-02	-1.786460e-03	1.059622e-03	7.797504e-04	1.449498e-03	-6.697471e-04
85            	3.212898e-02	1.427568e-02	1.785330e-02	-3.503513e-03	3.566540e-02	-3.916891e-02	3.741716e-02	-1.788813e-03	1.058076e-03	7.784460e-04	1.447299e-03	-6.688530e-04
86            	3.200752e-02	1.421399e-02	1.779353e-02	-3.504551e-03	3.552099e-02	-3.902554e-02	3.727327e-02	-1.789772e-03	1.055254e-03	7.758867e-04	1.443197e-03	-6.673105e-04
87            	3.188899e-02	1.415474e-02	1.773425e-02	-3.505655e-03	3.538020e-02	-3.888586e-02	3.713303e-02	-1.789754e-03	1.051660e-03	7.724558e-04	1.437887e-03	-6.654316e-04
88            	3.177347e-02	1.409750e-02	1.767598e-02	-3.506867e-03	3.524301e-02	-3.874988e-02	3.699645e-02	-1.789240e-03	1.047833e-03	7.686072e-04	1.432137e-03	-6.635299e-04
89            	3.166093e-02	1.404175e-02	1.761917e-02	-3.508197e-03	3.510931e-02	-3.861751e-02	3.686341e-02	-1.788711e-03	1.044284e-03	7.648004e-04	1.426685e-03	-6.618843e-04
90            	3.155122e-02	1.398701e-02	1.756421e-02	-3.509628e-03	3.497889e-02	-3.848852e-02	3.673371e-02	-1.788600e-03	1.041437e-03	7.614473e-04	1.422161e-03	-6.607136e-04
91            	3.144418e-02	1.393285e-02	1.751133e-02	-3.511121e-03	3.485151e-02	-3.836263e-02	3.660707e-02	-1.789242e-03	1.039593e-03	7.588681e-04	1.419028e-03	-6.601594e-04
92            	3.133957e-02	1.387894e-02	1.746064e-02	-3.512627e-03	3.472689e-02	-3.823952e-02	3.648320e-02	-1.790849e-03	1.038913e-03	7.572652e-04	1.417546e-03	-6.602807e-04
93            	3.123718e-02	1.382508e-02	1.741210e-02	-3.514096e-03	3.460479e-02	-3.811888e-02	3.636183e-02	-1.793514e-03	1.039431e-03	7.567283e-04	1.417795e-03	-6.610667e-04
94            	3.113683e-02	1.377124e-02	1.736559e-02	-3.515495e-03	3.448503e-02	-3.800052e-02	3.624277e-02	-1.797176e-03	1.041027e-03	7.572050e-04	1.419630e-03	-6.624248e-04
95            	3.103840e-02	1.371751e-02	1.732089e-02	-3.516803e-03	3.436750e-02	-3.788430e-02	3.612590e-02	-1.801691e-03	1.043512e-03	7.585672e-04	1.422795e-03	-6.642279e-04
96            	3.094181e-02	1.366405e-02	1.727775e-02	-3.518012e-03	3.425216e-02	-3.777017e-02	3.601116e-02	-1.806848e-03	1.046642e-03	7.606285e-04	1.426956e-03	-6.663276e-04
97            	3.084704e-02	1.361111e-02	1.723593e-02	-3.519136e-03	3.413902e-02	-3.765815e-02	3.589859e-02	-1.812409e-03	1.050163e-03	7.631770e-04	1.431751e-03	-6.685740e-04
98            	3.075413e-02	1.355893e-02	1.719520e-02	-3.520194e-03	3.402814e-02	-3.754834e-02	3.578824e-02	-1.818135e-03	1.053833e-03	7.660009e-04	1.436834e-03	-6.708327e-04
99            	3.066312e-02	1.350775e-02	1.715537e-02	-3.521215e-03	3.391961e-02	-3.744082e-02	3.568022e-02	-1.823810e-03	1.057453e-03	7.689139e-04	1.441910e-03	-6.729962e-04
100           	3.057406e-02	1.345776e-02	1.711630e-02	-3.522228e-03	3.381349e-02	-3.733572e-02	3.557461e-02	-1.829269e-03	1.060877e-03	7.717720e-04	1.446763e-03	-6.749909e-04
101           	3.048700e-02	1.340910e-02	1.707790e-02	-3.523256e-03	3.370985e-02	-3.723311e-02	3.547148e-02	-1.834399e-03	1.064021e-03	7.744825e-04	1.451262e-03	-6.767796e-04
102           	3.040197e-02	1.336183e-02	1.704013e-02	-3.524320e-03	3.360871e-02	-3.713303e-02	3.537087e-02	-1.839152e-03	1.066861e-03	7.770045e-04	1.455363e-03	-6.783589e-04
103           	3.031894e-02	1.331594e-02	1.700300e-02	-3.525426e-03	3.351004e-02	-3.703546e-02	3.527275e-02	-1.843528e-03	1.069423e-03	7.793427e-04	1.459095e-03	-6.797519e-04
104           	3.023788e-02	1.327137e-02	1.696651e-02	-3.526574e-03	3.341376e-02	-3.694033e-02	3.517705e-02	-1.847569e-03	1.071767e-03	7.815343e-04	1.462534e-03	-6.810000e-04
105           	3.015872e-02	1.322802e-02	1.693070e-02	-3.527758e-03	3.331979e-02	-3.684755e-02	3.508367e-02	-1.851343e-03	1.073973e-03	7.836377e-04	1.465792e-03	-6.821542e-04
106           	3.008139e-02	1.318576e-02	1.689563e-02	-3.528964e-03	3.322802e-02	-3.675698e-02	3.499250e-02	-1.854932e-03	1.076126e-03	7.857195e-04	1.468986e-03	-6.832664e-04
107           	3.000580e-02	1.314449e-02	1.686131e-02	-3.530178e-03	3.313833e-02	-3.666851e-02	3.490342e-02	-1.858414e-03	1.078302e-03	7.878421e-04	1.472223e-03	-6.843813e-04
108           	2.993187e-02	1.310408e-02	1.682779e-02	-3.531386e-03	3.305061e-02	-3.658200e-02	3.481631e-02	-1.861856e-03	1.080562e-03	7.900585e-04	1.475591e-03	-6.855328e-04
109           	2.985954e-02	1.306446e-02	1.679508e-02	-3.532576e-03	3.296478e-02	-3.649736e-02	3.473107e-02	-1.865309e-03	1.082945e-03	7.924060e-04	1.479148e-03	-6.867418e-04
110           	2.978872e-02	1.302556e-02	1.676316e-02	-3.533737e-03	3.288075e-02	-3.641449e-02	3.464762e-02	-1.868803e-03	1.085467e-03	7.949034e-04	1.482919e-03	-6.880157e-04
111           	2.971939e-02	1.298735e-02	1.673204e-02	-3.534867e-03	3.279848e-02	-3.633334e-02	3.456591e-02	-1.872348e-03	1.088126e-03	7.975521e-04	1.486902e-03	-6.893500e-04
112           	2.965150e-02	1.294982e-02	1.670168e-02	-3.535963e-03	3.271791e-02	-3.625387e-02	3.448589e-02	-1.875932e-03	1.090898e-03	8.003357e-04	1.491065e-03	-6.907297e-04
113           	2.958502e-02	1.291298e-02	1.667204e-02	-3.537028e-03	3.263902e-02	-3.617605e-02	3.440754e-02	-1.879529e-03	1.093748e-03	8.032274e-04	1.495362e-03	-6.921344e-04
114           	2.951995e-02	1.287686e-02	1.664309e-02	-3.538067e-03	3.256180e-02	-3.609987e-02	3.433083e-02	-1.883111e-03	1.096640e-03	8.061950e-04	1.499737e-03	-6.935420e-04
115           	2.945626e-02	1.284149e-02	1.661477e-02	-3.539085e-03	3.248623e-02	-3.602531e-02	3.425577e-02	-1.886644e-03	1.099532e-03	8.092040e-04	1.504134e-03	-6.949304e-04
116           	2.939394e-02	1.280687e-02	1.658707e-02	-3.540089e-03	3.241229e-02	-3.595237e-02	3.418233e-02	-1.890096e-03	1.102391e-03	8.122219e-04	1.508502e-03	-6.962805e-04
117           	2.933298e-02	1.277305e-02	1.655993e-02	-3.541081e-03	3.233997e-02	-3.588105e-02	3.411051e-02	-1.893444e-03	1.105189e-03	8.152221e-04	1.512800e-03	-6.975783e-04
118           	2.927336e-02	1.274001e-02	1.653335e-02	-3.542066e-03	3.226925e-02	-3.581132e-02	3.404028e-02	-1.896669e-03	1.107904e-03	8.181818e-04	1.516995e-03	-6.988131e-04
119           	2.921507e-02	1.270778e-02	1.650729e-02	-3.543044e-03	3.220012e-02	-3.574316e-02	3.397164e-02	-1.899758e-03	1.110520e-03	8.210834e-04	1.521062e-03	-6.999786e-04
120           	2.915807e-02	1.267633e-02	1.648174e-02	-3.544015e-03	3.213254e-02	-3.567655e-02	3.390455e-02	-1.902704e-03	1.113031e-03	8.239161e-04	1.524989e-03	-7.010729e-04
121           	2.910235e-02	1.264567e-02	1.645668e-02	-3.544978e-03	3.206649e-02	-3.561146e-02	3.383898e-02	-1.905506e-03	1.115432e-03	8.266722e-04	1.528768e-03	-7.020961e-04
122           	2.904786e-02	1.261577e-02	1.643209e-02	-3.545929e-03	3.200191e-02	-3.554784e-02	3.377488e-02	-1.908161e-03	1.117721e-03	8.293448e-04	1.532393e-03	-7.030484e-04
123           	2.899459e-02	1.258662e-02	1.640796e-02	-3.546869e-03	3.193878e-02	-3.548565e-02	3.371222e-02	-1.910671e-03	1.119899e-03	8.319321e-04	1.535865e-03	-7.039329e-04
124           	2.894250e-02	1.255821e-02	1.638428e-02	-3.547795e-03	3.187706e-02	-3.542486e-02	3.365096e-02	-1.913037e-03	1.121968e-03	8.344322e-04	1.539184e-03	-7.047519e-04
125           	2.889155e-02	1.253051e-02	1.636104e-02	-3.548707e-03	3.181671e-02	-3.536541e-02	3.359106e-02	-1.915266e-03	1.123933e-03	8.368466e-04	1.542356e-03	-7.055095e-04
126           	2.884173e-02	1.250350e-02	1.633823e-02	-3.549602e-03	3.175768e-02	-3.530728e-02	3.353248e-02	-1.917366e-03	1.125800e-03	8.391790e-04	1.545389e-03	-7.062105e-04
127           	2.879300e-02	1.247715e-02	1.631585e-02	-3.550481e-03	3.169995e-02	-3.525043e-02	3.347519e-02	-1.919346e-03	1.127577e-03	8.414336e-04	1.548294e-03	-7.068605e-04
128           	2.874535e-02	1.245146e-02	1.629389e-02	-3.551341e-03	3.164349e-02	-3.519483e-02	3.341916e-02	-1.921213e-03	1.129270e-03	8.436134e-04	1.551077e-03	-7.074633e-04
129           	2.869874e-02	1.242640e-02	1.627234e-02	-3.552181e-03	3.158828e-02	-3.514046e-02	3.336437e-02	-1.922972e-03	1.130880e-03	8.457186e-04	1.553739e-03	-7.080205e-04
130           	2.865317e-02	1.240196e-02	1.625121e-02	-3.553002e-03	3.153430e-02	-3.508730e-02	3.331080e-02	-1.924623e-03	1.132407e-03	8.477491e-04	1.556281e-03	-7.085324e-04
131           	2.860861e-02	1.237814e-02	1.623047e-02	-3.553804e-03	3.148151e-02	-3.503531e-02	3.325841e-02	-1.926167e-03	1.133851e-03	8.497051e-04	1.558704e-03	-7.089988e-04
132           	2.856504e-02	1.235492e-02	1.621012e-02	-3.554586e-03	3.142989e-02	-3.498448e-02	3.320718e-02	-1.927604e-03	1.135213e-03	8.515862e-04	1.561006e-03	-7.094199e-04
133           	2.852244e-02	1.233229e-02	1.619015e-02	-3.555349e-03	3.137942e-02	-3.493477e-02	3.315710e-02	-1.928932e-03	1.136489e-03	8.533899e-04	1.563184e-03	-7.097944e-04
134           	2.848079e-02	1.231025e-02	1.617055e-02	-3.556095e-03	3.133008e-02	-3.488617e-02	3.310812e-02	-1.930149e-03	1.137677e-03	8.551123e-04	1.565233e-03	-7.101207e-04
135           	2.844007e-02	1.228877e-02	1.615129e-02	-3.556820e-03	3.128182e-02	-3.483864e-02	3.306023e-02	-1.931259e-03	1.138778e-03	8.567550e-04	1.567156e-03	-7.104007e-04
136           	2.840027e-02	1.226788e-02	1.613239e-02	-3.557531e-03	3.123466e-02	-3.479219e-02	3.301343e-02	-1.932259e-03	1.139788e-03	8.583119e-04	1.568944e-03	-7.106324e-04
137           	2.836137e-02	1.224753e-02	1.611383e-02	-3.558226e-03	3.118856e-02	-3.474679e-02	3.296767e-02	-1.933150e-03	1.140706e-03	8.597807e-04	1.570597e-03	-7.108159e-04
138           	2.832334e-02	1.222774e-02	1.609561e-02	-3.558903e-03	3.114350e-02	-3.470241e-02	3.292295e-02	-1.933934e-03	1.141532e-03	8.611610e-04	1.572113e-03	-7.109516e-04
139           	2.828618e-02	1.220848e-02	1.607770e-02	-3.559563e-03	3.109947e-02	-3.465903e-02	3.287925e-02	-1.934613e-03	1.142268e-03	8.624533e-04	1.573494e-03	-7.110410e-04
140           	2.824986e-02	1.218974e-02	1.606012e-02	-3.560203e-03	3.105644e-02	-3.461664e-02	3.283654e-02	-1.935191e-03	1.142916e-03	8.636593e-04	1.574746e-03	-7.110862e-04
141           	2.821437e-02	1.217151e-02	1.604286e-02	-3.560823e-03	3.101438e-02	-3.457521e-02	3.279479e-02	-1.935673e-03	1.143481e-03	8.647818e-04	1.575872e-03	-7.110901e-04
142           	2.817969e-02	1.215378e-02	1.602591e-02	-3.561426e-03	3.097329e-02	-3.453471e-02	3.275400e-02	-1.936065e-03	1.143969e-03	8.658247e-04	1.576881e-03	-7.110563e-04
143           	2.814579e-02	1.213652e-02	1.600927e-02	-3.562010e-03	3.093313e-02	-3.449514e-02	3.271413e-02	-1.936375e-03	1.144385e-03	8.667925e-04	1.577782e-03	-7.109891e-04
144           	2.811267e-02	1.211972e-02	1.599295e-02	-3.562577e-03	3.089389e-02	-3.445646e-02	3.267517e-02	-1.936612e-03	1.144738e-03	8.676896e-04	1.578582e-03	-7.108928e-04
145           	2.808031e-02	1.210337e-02	1.597694e-02	-3.563129e-03	3.085553e-02	-3.441866e-02	3.263710e-02	-1.936784e-03	1.145032e-03	8.685212e-04	1.579293e-03	-7.107715e-04
146           	2.804868e-02	1.208744e-02	1.596124e-02	-3.563664e-03	3.081805e-02	-3.438172e-02	3.259989e-02	-1.936899e-03	1.145276e-03	8.692925e-04	1.579922e-03	-7.106294e-04
147           	2.801778e-02	1.207192e-02	1.594585e-02	-3.564184e-03	3.078143e-02	-3.434562e-02	3.256352e-02	-1.936965e-03	1.145474e-03	8.700079e-04	1.580478e-03	-7.104704e-04
148           	2.798758e-02	1.205681e-02	1.593078e-02	-3.564687e-03	3.074565e-02	-3.431034e-02	3.252799e-02	-1.936986e-03	1.145632e-03	8.706699e-04	1.580967e-03	-7.102969e-04
149           	2.795809e-02	1.204208e-02	1.591601e-02	-3.565175e-03	3.071070e-02	-3.427588e-02	3.249329e-02	-1.936968e-03	1.145751e-03	8.712800e-04	1.581391e-03	-7.101108e-04
150           	2.792927e-02	1.202772e-02	1.590156e-02	-3.565647e-03	3.067656e-02	-3.424220e-02	3.245938e-02	-1.936919e-03	1.145839e-03	8.718450e-04	1.581761e-03	-7.099162e-04
151           	2.790112e-02	1.201371e-02	1.588740e-02	-3.566103e-03	3.064320e-02	-3.420930e-02	3.242625e-02	-1.936845e-03	1.145901e-03	8.723696e-04	1.582086e-03	-7.097161e-04
152           	2.787361e-02	1.200005e-02	1.587356e-02	-3.566544e-03	3.061060e-02	-3.417715e-02	3.239387e-02	-1.936751e-03	1.145943e-03	8.728583e-04	1.582372e-03	-7.095134e-04
153           	2.784674e-02	1.198672e-02	1.586001e-02	-3.566971e-03	3.057876e-02	-3.414573e-02	3.236224e-02	-1.936645e-03	1.145969e-03	8.733164e-04	1.582627e-03	-7.093110e-04
154           	2.782048e-02	1.197371e-02	1.584677e-02	-3.567382e-03	3.054763e-02	-3.411501e-02	3.233132e-02	-1.936528e-03	1.145984e-03	8.737479e-04	1.582858e-03	-7.091101e-04
155           	2.779482e-02	1.196101e-02	1.583381e-02	-3.567781e-03	3.051722e-02	-3.408500e-02	3.230111e-02	-1.936403e-03	1.145990e-03	8.741555e-04	1.583068e-03	-7.089124e-04
156           	2.776976e-02	1.194861e-02	1.582115e-02	-3.568168e-03	3.048752e-02	-3.405568e-02	3.227160e-02	-1.936273e-03	1.145988e-03	8.745403e-04	1.583258e-03	-7.087176e-04
157           	2.774529e-02	1.193651e-02	1.580878e-02	-3.568543e-03	3.045850e-02	-3.402705e-02	3.224278e-02	-1.936134e-03	1.145976e-03	8.749026e-04	1.583428e-03	-7.085250e-04
158           	2.772138e-02	1.192470e-02	1.579668e-02	-3.568906e-03	3.043017e-02	-3.399908e-02	3.221463e-02	-1.935988e-03	1.145956e-03	8.752435e-04	1.583578e-03	-7.083340e-04
159           	2.769804e-02	1.191319e-02	1.578485e-02	-3.569256e-03	3.040251e-02	-3.397176e-02	3.218714e-02	-1.935833e-03	1.145928e-03	8.755660e-04	1.583711e-03	-7.081450e-04
160           	2.767524e-02	1.190195e-02	1.577329e-02	-3.569593e-03	3.037549e-02	-3.394508e-02	3.216028e-02	-1.935672e-03	1.145896e-03	8.758736e-04	1.583833e-03	-7.079591e-04
161           	2.765297e-02	1.189098e-02	1.576199e-02	-3.569919e-03	3.034909e-02	-3.391901e-02	3.213405e-02	-1.935507e-03	1.145862e-03	8.761701e-04	1.583947e-03	-7.077768e-04
162           	2.763122e-02	1.188027e-02	1.575095e-02	-3.570232e-03	3.032331e-02	-3.389355e-02	3.210843e-02	-1.935339e-03	1.145829e-03	8.764592e-04	1.584058e-03	-7.075992e-04
163           	2.760997e-02	1.186982e-02	1.574015e-02	-3.570535e-03	3.029813e-02	-3.386866e-02	3.208340e-02	-1.935165e-03	1.145793e-03	8.767382e-04	1.584162e-03	-7.074239e-04
164           	2.758922e-02	1.185963e-02	1.572959e-02	-3.570828e-03	3.027353e-02	-3.384436e-02	3.205894e-02	-1.934981e-03	1.145753e-03	8.770067e-04	1.584257e-03	-7.072501e-04
165           	2.756895e-02	1.184969e-02	1.571927e-02	-3.571111e-03	3.024950e-02	-3.382061e-02	3.203506e-02	-1.934789e-03	1.145710e-03	8.772646e-04	1.584342e-03	-7.070775e-04
166           	2.754916e-02	1.183999e-02	1.570917e-02	-3.571384e-03	3.022603e-02	-3.379742e-02	3.201173e-02	-1.934590e-03	1.145662e-03	8.775123e-04	1.584418e-03	-7.069058e-04
167           	2.752984e-02	1.183054e-02	1.569930e-02	-3.571647e-03	3.020312e-02	-3.377477e-02	3.198894e-02	-1.934383e-03	1.145611e-03	8.777504e-04	1.584486e-03	-7.067354e-04
168           	2.751098e-02	1.182132e-02	1.568966e-02	-3.571900e-03	3.018075e-02	-3.375265e-02	3.196670e-02	-1.934170e-03	1.145556e-03	8.779793e-04	1.584546e-03	-7.065662e-04
169           	2.749256e-02	1.181233e-02	1.568023e-02	-3.572143e-03	3.015892e-02	-3.373106e-02	3.194499e-02	-1.933953e-03	1.145497e-03	8.781988e-04	1.584597e-03	-7.063979e-04
170           	2.747458e-02	1.180356e-02	1.567102e-02	-3.572376e-03	3.013760e-02	-3.370998e-02	3.192379e-02	-1.933731e-03	1.145435e-03	8.784092e-04	1.584640e-03	-7.062306e-04
171           	2.745703e-02	1.179501e-02	1.566202e-02	-3.572600e-03	3.011680e-02	-3.368940e-02	3.190310e-02	-1.933505e-03	1.145369e-03	8.786104e-04	1.584674e-03	-7.060639e-04
172           	2.743990e-02	1.178668e-02	1.565322e-02	-3.572817e-03	3.009648e-02	-3.366930e-02	3.188289e-02	-1.933273e-03	1.145298e-03	8.788016e-04	1.584698e-03	-7.058968e-04
173           	2.742317e-02	1.177855e-02	1.564462e-02	-3.573026e-03	3.007665e-02	-3.364967e-02	3.186316e-02	-1.933035e-03	1.145220e-03	8.789820e-04	1.584711e-03	-7.057286e-04
174           	2.740685e-02	1.177064e-02	1.563621e-02	-3.573227e-03	3.005728e-02	-3.363051e-02	3.184390e-02	-1.932788e-03	1.145134e-03	8.791509e-04	1.584709e-03	-7.055582e-04
175           	2.739092e-02	1.176292e-02	1.562799e-02	-3.573422e-03	3.003838e-02	-3.361180e-02	3.182509e-02	-1.932534e-03	1.145040e-03	8.793083e-04	1.584694e-03	-7.053854e-04
176           	2.737537e-02	1.175541e-02	1.561996e-02	-3.573609e-03	3.001994e-02	-3.359355e-02	3.180674e-02	-1.932273e-03	1.144938e-03	8.794545e-04	1.584665e-03	-7.052103e-04
177           	2.736020e-02	1.174809e-02	1.561210e-02	-3.573788e-03	3.000194e-02	-3.357573e-02	3.178883e-02	-1.932004e-03	1.144828e-03	8.795896e-04	1.584622e-03	-7.050327e-04
178           	2.734539e-02	1.174097e-02	1.560442e-02	-3.573959e-03	2.998438e-02	-3.355834e-02	3.177136e-02	-1.931727e-03	1.144709e-03	8.797132e-04	1.584565e-03	-7.048523e-04
179           	2.733095e-02	1.173404e-02	1.559692e-02	-3.574122e-03	2.996725e-02	-3.354138e-02	3.175432e-02	-1.931441e-03	1.144581e-03	8.798253e-04	1.584494e-03	-7.046687e-04
180           	2.731687e-02	1.172729e-02	1.558958e-02	-3.574279e-03	2.995054e-02	-3.352482e-02	3.173768e-02	-1.931147e-03	1.144445e-03	8.799262e-04	1.584408e-03	-7.044823e-04
181           	2.730312e-02	1.172072e-02	1.558240e-02	-3.574429e-03	2.993424e-02	-3.350867e-02	3.172145e-02	-1.930844e-03	1.144301e-03	8.800163e-04	1.584309e-03	-7.042931e-04
182           	2.728971e-02	1.171432e-02	1.557539e-02	-3.574574e-03	2.991833e-02	-3.349291e-02	3.170562e-02	-1.930532e-03	1.144150e-03	8.800962e-04	1.584198e-03	-7.041015e-04
183           	2.727663e-02	1.170810e-02	1.556853e-02	-3.574711e-03	2.990280e-02	-3.347752e-02	3.169016e-02	-1.930213e-03	1.143993e-03	8.801683e-04	1.584077e-03	-7.039086e-04
184           	2.726387e-02	1.170205e-02	1.556182e-02	-3.574844e-03	2.988766e-02	-3.346250e-02	3.167508e-02	-1.929888e-03	1.143832e-03	8.802336e-04	1.583949e-03	-7.037152e-04
185           	2.725142e-02	1.169615e-02	1.555527e-02	-3.574973e-03	2.987288e-02	-3.344786e-02	3.166037e-02	-1.929562e-03	1.143670e-03	8.802937e-04	1.583816e-03	-7.035226e-04
186           	2.723929e-02	1.169041e-02	1.554888e-02	-3.575096e-03	2.985848e-02	-3.343358e-02	3.164603e-02	-1.929236e-03	1.143508e-03	8.803510e-04	1.583683e-03	-7.033324e-04
187           	2.722746e-02	1.168482e-02	1.554265e-02	-3.575213e-03	2.984445e-02	-3.341966e-02	3.163205e-02	-1.928914e-03	1.143349e-03	8.804073e-04	1.583553e-03	-7.031457e-04
188           	2.721593e-02	1.167937e-02	1.553657e-02	-3.575324e-03	2.983077e-02	-3.340609e-02	3.161843e-02	-1.928598e-03	1.143196e-03	8.804643e-04	1.583428e-03	-7.029636e-04
189           	2.720470e-02	1.167406e-02	1.553064e-02	-3.575430e-03	2.981743e-02	-3.339286e-02	3.160514e-02	-1.928289e-03	1.143048e-03	8.805235e-04	1.583310e-03	-7.027867e-04
190           	2.719374e-02	1.166888e-02	1.552486e-02	-3.575531e-03	2.980442e-02	-3.337995e-02	3.159219e-02	-1.927989e-03	1.142909e-03	8.805861e-04	1.583202e-03	-7.026157e-04
191           	2.718305e-02	1.166383e-02	1.551923e-02	-3.575628e-03	2.979174e-02	-3.336737e-02	3.157956e-02	-1.927698e-03	1.142777e-03	8.806529e-04	1.583104e-03	-7.024507e-04
192           	2.717264e-02	1.165890e-02	1.551374e-02	-3.575721e-03	2.977938e-02	-3.335510e-02	3.156724e-02	-1.927417e-03	1.142654e-03	8.807245e-04	1.583016e-03	-7.022919e-04
193           	2.716249e-02	1.165410e-02	1.550839e-02	-3.575810e-03	2.976732e-02	-3.334313e-02	3.155522e-02	-1.927143e-03	1.142539e-03	8.808008e-04	1.582940e-03	-7.021389e-04
194           	2.715259e-02	1.164942e-02	1.550317e-02	-3.575896e-03	2.975556e-02	-3.333146e-02	3.154351e-02	-1.926877e-03	1.142432e-03	8.808818e-04	1.582873e-03	-7.019915e-04
195           	2.714294e-02	1.164485e-02	1.549809e-02	-3.575979e-03	2.974410e-02	-3.332008e-02	3.153209e-02	-1.926619e-03	1.142334e-03	8.809680e-04	1.582818e-03	-7.018499e-04
196           	2.713355e-02	1.164041e-02	1.549314e-02	-3.576057e-03	2.973294e-02	-3.330900e-02	3.152097e-02	-1.926369e-03	1.142245e-03	8.810604e-04	1.582775e-03	-7.017144e-04
197           	2.712440e-02	1.163607e-02	1.548833e-02	-3.576131e-03	2.972207e-02	-3.329821e-02	3.151014e-02	-1.926128e-03	1.142166e-03	8.811601e-04	1.582746e-03	-7.015857e-04
198           	2.711548e-02	1.163184e-02	1.548364e-02	-3.576201e-03	2.971149e-02	-3.328769e-02	3.149959e-02	-1.925899e-03	1.142099e-03	8.812689e-04	1.582734e-03	-7.014647e-04
199           	2.710680e-02	1.162771e-02	1.547908e-02	-3.576267e-03	2.970118e-02	-3.327744e-02	3.148931e-02	-1.925684e-03	1.142046e-03	8.813881e-04	1.582740e-03	-7.013521e-04
200           	2.709833e-02	1.162368e-02	1.547465e-02	-3.576330e-03	2.969112e-02	-3.326745e-02	3.147929e-02	-1.925485e-03	1.142010e-03	8.815206e-04	1.582771e-03	-7.012501e-04
201           	2.709009e-02	1.161974e-02	1.547035e-02	-3.576391e-03	2.968133e-02	-3.325772e-02	3.146952e-02	-1.925302e-03	1.141990e-03	8.816647e-04	1.582822e-03	-7.011573e-04
202           	2.708206e-02	1.161590e-02	1.546617e-02	-3.576451e-03	2.967179e-02	-3.324824e-02	3.146002e-02	-1.925136e-03	1.141984e-03	8.818205e-04	1.582894e-03	-7.010739e-04
203           	2.707425e-02	1.161214e-02	1.546211e-02	-3.576509e-03	2.966250e-02	-3.323901e-02	3.145075e-02	-1.924986e-03	1.141994e-03	8.819884e-04	1.582988e-03	-7.009999e-04
204           	2.706664e-02	1.160846e-02	1.545817e-02	-3.576566e-03	2.965345e-02	-3.323002e-02	3.144174e-02	-1.924853e-03	1.142019e-03	8.821678e-04	1.583103e-03	-7.009349e-04
205           	2.705923e-02	1.160488e-02	1.545435e-02	-3.576620e-03	2.964465e-02	-3.322127e-02	3.143296e-02	-1.924735e-03	1.142058e-03	8.823583e-04	1.583237e-03	-7.008786e-04
206           	2.705202e-02	1.160138e-02	1.545064e-02	-3.576671e-03	2.963609e-02	-3.321276e-02	3.142442e-02	-1.924632e-03	1.142110e-03	8.825590e-04	1.583389e-03	-7.008303e-04
207           	2.704500e-02	1.159796e-02	1.544705e-02	-3.576720e-03	2.962775e-02	-3.320447e-02	3.141611e-02	-1.924543e-03	1.142174e-03	8.827694e-04	1.583559e-03	-7.007895e-04
208           	2.703818e-02	1.159462e-02	1.544355e-02	-3.576765e-03	2.961964e-02	-3.319640e-02	3.140802e-02	-1.924466e-03	1.142250e-03	8.829886e-04	1.583744e-03	-7.007556e-04
209           	2.703153e-02	1.159137e-02	1.544016e-02	-3.576809e-03	2.961174e-02	-3.318855e-02	3.140014e-02	-1.924399e-03	1.142336e-03	8.832161e-04	1.583944e-03	-7.007278e-04
210           	2.702506e-02	1.158819e-02	1.543687e-02	-3.576851e-03	2.960405e-02	-3.318090e-02	3.139247e-02	-1.924342e-03	1.142431e-03	8.834509e-04	1.584156e-03	-7.007055e-04
211           	2.701876e-02	1.158509e-02	1.543368e-02	-3.576892e-03	2.959656e-02	-3.317345e-02	3.138501e-02	-1.924294e-03	1.142534e-03	8.836924e-04	1.584380e-03	-7.006879e-04
212           	2.701263e-02	1.158206e-02	1.543057e-02	-3.576932e-03	2.958927e-02	-3.316620e-02	3.137774e-02	-1.924253e-03	1.142644e-03	8.839396e-04	1.584614e-03	-7.006744e-04
213           	2.700667e-02	1.157912e-02	1.542755e-02	-3.576971e-03	2.958218e-02	-3.315915e-02	3.137066e-02	-1.924219e-03	1.142760e-03	8.841915e-04	1.584856e-03	-7.006643e-04
214           	2.700087e-02	1.157625e-02	1.542463e-02	-3.577009e-03	2.957528e-02	-3.315228e-02	3.136378e-02	-1.924190e-03	1.142880e-03	8.844470e-04	1.585104e-03	-7.006569e-04
215           	2.699523e-02	1.157345e-02	1.542178e-02	-3.577045e-03	2.956857e-02	-3.314561e-02	3.135709e-02	-1.924165e-03	1.143004e-03	8.847050e-04	1.585356e-03	-7.006514e-04
216           	2.698975e-02	1.157073e-02	1.541902e-02	-3.577078e-03	2.956204e-02	-3.313912e-02	3.135058e-02	-1.924147e-03	1.143134e-03	8.849678e-04	1.585618e-03	-7.006498e-04
217           	2.698441e-02	1.156808e-02	1.541634e-02	-3.577109e-03	2.955570e-02	-3.313281e-02	3.134426e-02	-1.924130e-03	1.143263e-03	8.852299e-04	1.585878e-03	-7.006482e-04
218           	2.697923e-02	1.156551e-02	1.541373e-02	-3.577140e-03	2.954954e-02	-3.312668e-02	3.133811e-02	-1.924111e-03	1.143391e-03	8.854905e-04	1.586136e-03	-7.006459e-04
219           	2.697420e-02	1.156301e-02	1.541119e-02	-3.577171e-03	2.954356e-02	-3.312073e-02	3.133214e-02	-1.924089e-03	1.143516e-03	8.857484e-04	1.586391e-03	-7.006421e-04
220           	2.696930e-02	1.156059e-02	1.540872e-02	-3.577202e-03	2.953774e-02	-3.311494e-02	3.132634e-02	-1.924064e-03	1.143638e-03	8.860029e-04	1.586639e-03	-7.006364e-04
221           	2.696455e-02	1.155824e-02	1.540631e-02	-3.577233e-03	2.953208e-02	-3.310931e-02	3.132069e-02	-1.924033e-03	1.143755e-03	8.862530e-04	1.586881e-03	-7.006282e-04
222           	2.695992e-02	1.155596e-02	1.540396e-02	-3.577264e-03	2.952657e-02	-3.310383e-02	3.131520e-02	-1.923997e-03	1.143866e-03	8.864979e-04	1.587115e-03	-7.006172e-04
223           	2.695542e-02	1.155376e-02	1.540167e-02	-3.577295e-03	2.952122e-02	-3.309851e-02	3.130987e-02	-1.923953e-03	1.143971e-03	8.867367e-04	1.587339e-03	-7.006028e-04
224           	2.695106e-02	1.155163e-02	1.539943e-02	-3.577324e-03	2.951602e-02	-3.309335e-02	3.130468e-02	-1.923902e-03	1.144069e-03	8.869682e-04	1.587553e-03	-7.005846e-04
225           	2.694682e-02	1.154957e-02	1.539725e-02	-3.577351e-03	2.951098e-02	-3.308833e-02	3.129965e-02	-1.923842e-03	1.144158e-03	8.871917e-04	1.587754e-03	-7.005623e-04
226           	2.694270e-02	1.154757e-02	1.539512e-02	-3.577377e-03	2.950608e-02	-3.308345e-02	3.129477e-02	-1.923773e-03	1.144239e-03	8.874063e-04	1.587942e-03	-7.005355e-04
227           	2.693869e-02	1.154565e-02	1.539304e-02	-3.577401e-03	2.950132e-02	-3.307872e-02	3.129002e-02	-1.923695e-03	1.144309e-03	8.876111e-04	1.588115e-03	-7.005039e-04
228           	2.693481e-02	1.154380e-02	1.539101e-02	-3.577425e-03	2.949670e-02	-3.307412e-02	3.128541e-02	-1.923605e-03	1.144370e-03	8.878056e-04	1.588273e-03	-7.004672e-04
229           	2.693103e-02	1.154201e-02	1.538902e-02	-3.577448e-03	2.949221e-02	-3.306966e-02	3.128093e-02	-1.923505e-03	1.144420e-03	8.879891e-04	1.588414e-03	-7.004253e-04
230           	2.692737e-02	1.154029e-02	1.538708e-02	-3.577472e-03	2.948785e-02	-3.306532e-02	3.127658e-02	-1.923393e-03	1.144458e-03	8.881612e-04	1.588539e-03	-7.003779e-04
231           	2.692381e-02	1.153864e-02	1.538517e-02	-3.577496e-03	2.948361e-02	-3.306110e-02	3.127235e-02	-1.923268e-03	1.144486e-03	8.883216e-04	1.588647e-03	-7.003250e-04
232           	2.692034e-02	1.153702e-02	1.538332e-02	-3.577519e-03	2.947948e-02	-3.305700e-02	3.126824e-02	-1.923146e-03	1.144513e-03	8.884788e-04	1.588752e-03	-7.002732e-04
233           	2.691893e-02	1.153622e-02	1.538271e-02	-3.577618e-03	2.947783e-02	-3.305545e-02	3.126664e-02	-1.923244e-03	1.144594e-03	8.886430e-04	1.588916e-03	-7.002730e-04
234           	2.691773e-02	1.153539e-02	1.538234e-02	-3.577763e-03	2.947646e-02	-3.305422e-02	3.126534e-02	-1.923475e-03	1.144708e-03	8.888050e-04	1.589110e-03	-7.003051e-04
235           	2.691660e-02	1.153455e-02	1.538205e-02	-3.577918e-03	2.947517e-02	-3.305309e-02	3.126413e-02	-1.923754e-03	1.144828e-03	8.889577e-04	1.589307e-03	-7.003496e-04
236           	2.691543e-02	1.153371e-02	1.538172e-02	-3.578053e-03	2.947382e-02	-3.305188e-02	3.126285e-02	-1.924005e-03	1.144937e-03	8.890953e-04	1.589485e-03	-7.003894e-04
237           	2.691413e-02	1.153289e-02	1.538124e-02	-3.578147e-03	2.947230e-02	-3.305045e-02	3.126137e-02	-1.924175e-03	1.145019e-03	8.892140e-04	1.589626e-03	-7.004123e-04
238           	2.691265e-02	1.153208e-02	1.538057e-02	-3.578191e-03	2.947055e-02	-3.304874e-02	3.125965e-02	-1.924241e-03	1.145071e-03	8.893145e-04	1.589728e-03	-7.004135e-04
239           	2.691101e-02	1.153130e-02	1.537971e-02	-3.578185e-03	2.946859e-02	-3.304677e-02	3.125768e-02	-1.924203e-03	1.145093e-03	8.893992e-04	1.589792e-03	-7.003931e-04
240           	2.690924e-02	1.153054e-02	1.537870e-02	-3.578142e-03	2.946645e-02	-3.304460e-02	3.125553e-02	-1.924078e-03	1.145091e-03	8.894722e-04	1.589827e-03	-7.003548e-04
241           	2.690739e-02	1.152979e-02	1.537760e-02	-3.578074e-03	2.946422e-02	-3.304229e-02	3.125326e-02	-1.923906e-03	1.145083e-03	8.895460e-04	1.589856e-03	-7.003104e-04
242           	2.690552e-02	1.152906e-02	1.537646e-02	-3.577998e-03	2.946196e-02	-3.303996e-02	3.125096e-02	-1.923703e-03	1.145069e-03	8.896179e-04	1.589878e-03	-7.002598e-04
243           	2.690370e-02	1.152835e-02	1.537535e-02	-3.577928e-03	2.945976e-02	-3.303769e-02	3.124872e-02	-1.923500e-03	1.145057e-03	8.896932e-04	1.589904e-03	-7.002106e-04
244           	2.690195e-02	1.152765e-02	1.537430e-02	-3.577875e-03	2.945765e-02	-3.303553e-02	3.124659e-02	-1.923322e-03	1.145056e-03	8.897756e-04	1.589944e-03	-7.001686e-04
245           	2.690031e-02	1.152697e-02	1.537334e-02	-3.577843e-03	2.945568e-02	-3.303352e-02	3.124460e-02	-1.923183e-03	1.145070e-03	8.898662e-04	1.590003e-03	-7.001368e-04
246           	2.689876e-02	1.152629e-02	1.537247e-02	-3.577834e-03	2.945384e-02	-3.303168e-02	3.124276e-02	-1.923088e-03	1.145097e-03	8.899639e-04	1.590079e-03	-7.001154e-04
247           	2.689732e-02	1.152563e-02	1.537169e-02	-3.577844e-03	2.945213e-02	-3.302997e-02	3.124105e-02	-1.923031e-03	1.145135e-03	8.900656e-04	1.590168e-03	-7.001026e-04
248           	2.689595e-02	1.152497e-02	1.537097e-02	-3.577868e-03	2.945051e-02	-3.302838e-02	3.123944e-02	-1.923001e-03	1.145178e-03	8.901669e-04	1.590262e-03	-7.000946e-04
249           	2.689462e-02	1.152433e-02	1.537029e-02	-3.577898e-03	2.944895e-02	-3.302685e-02	3.123790e-02	-1.922982e-03	1.145219e-03	8.902630e-04	1.590350e-03	-7.000872e-04
250           	2.689333e-02	1.152370e-02	1.536962e-02	-3.577930e-03	2.944743e-02	-3.302536e-02	3.123639e-02	-1.922961e-03	1.145251e-03	8.903497e-04	1.590426e-03	-7.000760e-04
251           	2.689204e-02	1.152310e-02	1.536895e-02	-3.577957e-03	2.944591e-02	-3.302386e-02	3.123488e-02	-1.922925e-03	1.145270e-03	8.904239e-04	1.590482e-03	-7.000579e-04
252           	2.689075e-02	1.152251e-02	1.536824e-02	-3.577977e-03	2.944438e-02	-3.302236e-02	3.123337e-02	-1.922867e-03	1.145273e-03	8.904842e-04	1.590515e-03	-7.000307e-04
253           	2.688945e-02	1.152194e-02	1.536751e-02	-3.577988e-03	2.944284e-02	-3.302083e-02	3.123183e-02	-1.922782e-03	1.145259e-03	8.905304e-04	1.590524e-03	-6.999938e-04
254           	2.688815e-02	1.152140e-02	1.536675e-02	-3.577993e-03	2.944129e-02	-3.301928e-02	3.123028e-02	-1.922673e-03	1.145229e-03	8.905638e-04	1.590511e-03	-6.999476e-04
255           	2.688684e-02	1.152088e-02	1.536596e-02	-3.577991e-03	2.943973e-02	-3.301772e-02	3.122873e-02	-1.922541e-03	1.145186e-03	8.905859e-04	1.590479e-03	-6.998933e-04
256           	2.688555e-02	1.152038e-02	1.536517e-02	-3.577986e-03	2.943819e-02	-3.301617e-02	3.122718e-02	-1.922392e-03	1.145132e-03	8.905990e-04	1.590432e-03	-6.998327e-04
257           	2.688427e-02	1.151991e-02	1.536437e-02	-3.577980e-03	2.943666e-02	-3.301464e-02	3.122565e-02	-1.922231e-03	1.145070e-03	8.906050e-04	1.590373e-03	-6.997676e-04
258           	2.688302e-02	1.151945e-02	1.536358e-02	-3.577975e-03	2.943517e-02	-3.301314e-02	3.122415e-02	-1.922064e-03	1.145002e-03	8.906056e-04	1.590305e-03	-6.996997e-04
259           	2.688180e-02	1.151901e-02	1.536279e-02	-3.577972e-03	2.943371e-02	-3.301168e-02	3.122269e-02	-1.921894e-03	1.144931e-03	8.906021e-04	1.590232e-03	-6.996303e-04
260           	2.688061e-02	1.151858e-02	1.536203e-02	-3.577971e-03	2.943228e-02	-3.301025e-02	3.122127e-02	-1.921725e-03	1.144858e-03	8.905953e-04	1.590156e-03	-6.995604e-04
261           	2.687944e-02	1.151817e-02	1.536128e-02	-3.577973e-03	2.943090e-02	-3.300887e-02	3.121988e-02	-1.921556e-03	1.144783e-03	8.905856e-04	1.590076e-03	-6.994905e-04
262           	2.687831e-02	1.151777e-02	1.536054e-02	-3.577977e-03	2.942955e-02	-3.300752e-02	3.121854e-02	-1.921389e-03	1.144707e-03	8.905732e-04	1.589994e-03	-6.994207e-04
263           	2.687719e-02	1.151735e-02	1.535984e-02	-3.577981e-03	2.942822e-02	-3.300620e-02	3.121721e-02	-1.921248e-03	1.144647e-03	8.905710e-04	1.589933e-03	-6.993618e-04
264           	2.687610e-02	1.151695e-02	1.535915e-02	-3.577986e-03	2.942692e-02	-3.300490e-02	3.121591e-02	-1.921097e-03	1.144579e-03	8.905610e-04	1.589860e-03	-6.992986e-04
265           	2.687503e-02	1.151658e-02	1.535845e-02	-3.577991e-03	2.942564e-02	-3.300363e-02	3.121464e-02	-1.920934e-03	1.144502e-03	8.905428e-04	1.589774e-03	-6.992309e-04
266           	2.687398e-02	1.151623e-02	1.535775e-02	-3.577996e-03	2.942439e-02	-3.300239e-02	3.121339e-02	-1.920761e-03	1.144418e-03	8.905174e-04	1.589677e-03	-6.991593e-04
267           	2.687294e-02	1.151589e-02	1.535705e-02	-3.578001e-03	2.942316e-02	-3.300116e-02	3.121216e-02	-1.920580e-03	1.144329e-03	8.904869e-04	1.589572e-03	-6.990852e-04
268           	2.687193e-02	1.151557e-02	1.535636e-02	-3.578004e-03	2.942195e-02	-3.299995e-02	3.121095e-02	-1.920395e-03	1.144237e-03	8.904535e-04	1.589464e-03	-6.990101e-04
269           	2.687093e-02	1.151529e-02	1.535564e-02	-3.578009e-03	2.942076e-02	-3.299877e-02	3.120977e-02	-1.920177e-03	1.144125e-03	8.904030e-04	1.589326e-03	-6.989230e-04
270           	2.686994e-02	1.151500e-02	1.535495e-02	-3.578013e-03	2.941959e-02	-3.299760e-02	3.120860e-02	-1.919974e-03	1.144023e-03	8.903597e-04	1.589203e-03	-6.988429e-04
271           	2.686897e-02	1.151470e-02	1.535428e-02	-3.578015e-03	2.941843e-02	-3.299645e-02	3.120744e-02	-1.919788e-03	1.143934e-03	8.903256e-04	1.589097e-03	-6.987711e-04
272           	2.686802e-02	1.151439e-02	1.535363e-02	-3.578016e-03	2.941729e-02	-3.299531e-02	3.120630e-02	-1.919620e-03	1.143857e-03	8.903001e-04	1.589007e-03	-6.987072e-04
273           	2.686708e-02	1.151407e-02	1.535300e-02	-3.578017e-03	2.941617e-02	-3.299419e-02	3.120518e-02	-1.919465e-03	1.143790e-03	8.902813e-04	1.588931e-03	-6.986495e-04
274           	2.686615e-02	1.151376e-02	1.535239e-02	-3.578018e-03	2.941507e-02	-3.299309e-02	3.120408e-02	-1.919318e-03	1.143729e-03	8.902663e-04	1.588862e-03	-6.985958e-04
275           	2.686524e-02	1.151345e-02	1.535180e-02	-3.578018e-03	2.941399e-02	-3.299200e-02	3.120299e-02	-1.919174e-03	1.143669e-03	8.902520e-04	1.588795e-03	-6.985435e-04
276           	2.686435e-02	1.151315e-02	1.535120e-02	-3.578019e-03	2.941292e-02	-3.299094e-02	3.120193e-02	-1.919029e-03	1.143608e-03	8.902358e-04	1.588726e-03	-6.984904e-04
277           	2.686347e-02	1.151283e-02	1.535064e-02	-3.578018e-03	2.941187e-02	-3.298989e-02	3.120088e-02	-1.918902e-03	1.143559e-03	8.902277e-04	1.588673e-03	-6.984451e-04
278           	2.686261e-02	1.151255e-02	1.535007e-02	-3.578019e-03	2.941085e-02	-3.298887e-02	3.119986e-02	-1.918759e-03	1.143498e-03	8.902101e-04	1.588603e-03	-6.983927e-04
279           	2.686177e-02	1.151229e-02	1.534948e-02	-3.578020e-03	2.940984e-02	-3.298786e-02	3.119885e-02	-1.918599e-03	1.143424e-03	8.901825e-04	1.588516e-03	-6.983330e-04
280           	2.686095e-02	1.151205e-02	1.534890e-02	-3.578022e-03	2.940886e-02	-3.298688e-02	3.119787e-02	-1.918423e-03	1.143340e-03	8.901462e-04	1.588413e-03	-6.982671e-04
281           	2.686014e-02	1.151183e-02	1.534831e-02	-3.578024e-03	2.940790e-02	-3.298592e-02	3.119691e-02	-1.918237e-03	1.143249e-03	8.901036e-04	1.588300e-03	-6.981969e-04
282           	2.685935e-02	1.151163e-02	1.534772e-02	-3.578026e-03	2.940695e-02	-3.298498e-02	3.119597e-02	-1.918045e-03	1.143153e-03	8.900576e-04	1.588182e-03	-6.981247e-04
283           	2.685857e-02	1.151143e-02	1.534714e-02	-3.578028e-03	2.940602e-02	-3.298405e-02	3.119504e-02	-1.917853e-03	1.143058e-03	8.900108e-04	1.588064e-03	-6.980528e-04
284           	2.685780e-02	1.151123e-02	1.534657e-02	-3.578029e-03	2.940511e-02	-3.298314e-02	3.119413e-02	-1.917665e-03	1.142965e-03	8.899652e-04	1.587948e-03	-6.979827e-04
285           	2.685705e-02	1.151104e-02	1.534601e-02	-3.578030e-03	2.940421e-02	-3.298224e-02	3.119323e-02	-1.917484e-03	1.142877e-03	8.899220e-04	1.587838e-03	-6.979155e-04
286           	2.685631e-02	1.151084e-02	1.534546e-02	-3.578031e-03	2.940333e-02	-3.298136e-02	3.119234e-02	-1.917309e-03	1.142792e-03	8.898815e-04	1.587733e-03	-6.978513e-04
287           	2.685558e-02	1.151065e-02	1.534493e-02	-3.578032e-03	2.940246e-02	-3.298049e-02	3.119148e-02	-1.917139e-03	1.142711e-03	8.898432e-04	1.587633e-03	-6.977897e-04
288           	2.685486e-02	1.151046e-02	1.534441e-02	-3.578032e-03	2.940161e-02	-3.297964e-02	3.119062e-02	-1.916974e-03	1.142633e-03	8.898061e-04	1.587536e-03	-6.977299e-04
289           	2.685416e-02	1.151027e-02	1.534389e-02	-3.578032e-03	2.940077e-02	-3.297880e-02	3.118979e-02	-1.916810e-03	1.142555e-03	8.897688e-04	1.587439e-03	-6.976706e-04
290           	2.685347e-02	1.151009e-02	1.534338e-02	-3.578033e-03	2.939995e-02	-3.297798e-02	3.118896e-02	-1.916645e-03	1.142476e-03	8.897300e-04	1.587341e-03	-6.976109e-04
291           	2.685280e-02	1.150992e-02	1.534288e-02	-3.578033e-03	2.939914e-02	-3.297718e-02	3.118816e-02	-1.916478e-03	1.142394e-03	8.896888e-04	1.587239e-03	-6.975498e-04
292           	2.685214e-02	1.150976e-02	1.534238e-02	-3.578034e-03	2.939835e-02	-3.297639e-02	3.118737e-02	-1.916306e-03	1.142309e-03	8.896443e-04	1.587131e-03	-6.974868e-04
293           	2.685149e-02	1.150962e-02	1.534187e-02	-3.578035e-03	2.939758e-02	-3.297561e-02	3.118660e-02	-1.916129e-03	1.142220e-03	8.895964e-04	1.587018e-03	-6.974216e-04
294           	2.685086e-02	1.150948e-02	1.534138e-02	-3.578036e-03	2.939682e-02	-3.297486e-02	3.118584e-02	-1.915947e-03	1.142127e-03	8.895450e-04	1.586899e-03	-6.973542e-04
295           	2.685023e-02	1.150935e-02	1.534088e-02	-3.578037e-03	2.939608e-02	-3.297412e-02	3.118510e-02	-1.915762e-03	1.142030e-03	8.894906e-04	1.586776e-03	-6.972849e-04
296           	2.684962e-02	1.150924e-02	1.534038e-02	-3.578039e-03	2.939535e-02	-3.297339e-02	3.118437e-02	-1.915573e-03	1.141931e-03	8.894337e-04	1.586648e-03	-6.972143e-04
297           	2.684902e-02	1.150913e-02	1.533989e-02	-3.578040e-03	2.939464e-02	-3.297268e-02	3.118366e-02	-1.915381e-03	1.141830e-03	8.893749e-04	1.586518e-03	-6.971428e-04
298           	2.684844e-02	1.150903e-02	1.533941e-02	-3.578041e-03	2.939394e-02	-3.297198e-02	3.118296e-02	-1.915189e-03	1.141728e-03	8.893148e-04	1.586386e-03	-6.970708e-04
299           	2.684786e-02	1.150893e-02	1.533893e-02	-3.578043e-03	2.939325e-02	-3.297129e-02	3.118227e-02	-1.914996e-03	1.141625e-03	8.892536e-04	1.586252e-03	-6.969987e-04
300           	2.684729e-02	1.150884e-02	1.533845e-02	-3.578044e-03	2.939257e-02	-3.297062e-02	3.118160e-02	-1.914803e-03	1.141522e-03	8.891917e-04	1.586118e-03	-6.969266e-04
301           	2.684674e-02	1.150876e-02	1.533798e-02	-3.578045e-03	2.939191e-02	-3.296996e-02	3.118094e-02	-1.914610e-03	1.141419e-03	8.891291e-04	1.585984e-03	-6.968547e-04
302           	2.684620e-02	1.150868e-02	1.533752e-02	-3.578046e-03	2.939126e-02	-3.296931e-02	3.118029e-02	-1.914418e-03	1.141316e-03	8.890659e-04	1.585849e-03	-6.967830e-04
303           	2.684566e-02	1.150861e-02	1.533706e-02	-3.578048e-03	2.939063e-02	-3.296868e-02	3.117965e-02	-1.914225e-03	1.141212e-03	8.890018e-04	1.585713e-03	-6.967112e-04
304           	2.684514e-02	1.150854e-02	1.533660e-02	-3.578049e-03	2.939001e-02	-3.296805e-02	3.117903e-02	-1.914032e-03	1.141108e-03	8.889369e-04	1.585576e-03	-6.966393e-04
305           	2.684463e-02	1.150848e-02	1.533615e-02	-3.578050e-03	2.938939e-02	-3.296744e-02	3.117842e-02	-1.913838e-03	1.141003e-03	8.888710e-04	1.585438e-03	-6.965673e-04
306           	2.684413e-02	1.150842e-02	1.533571e-02	-3.578052e-03	2.938880e-02	-3.296685e-02	3.117782e-02	-1.913644e-03	1.140897e-03	8.888041e-04	1.585299e-03	-6.964950e-04
307           	2.684364e-02	1.150837e-02	1.533527e-02	-3.578053e-03	2.938821e-02	-3.296626e-02	3.117724e-02	-1.913449e-03	1.140791e-03	8.887362e-04	1.585159e-03	-6.964225e-04
308           	2.684316e-02	1.150832e-02	1.533483e-02	-3.578054e-03	2.938764e-02	-3.296569e-02	3.117666e-02	-1.913253e-03	1.140683e-03	8.886674e-04	1.585017e-03	-6.963497e-04
309           	2.684268e-02	1.150828e-02	1.533440e-02	-3.578056e-03	2.938707e-02	-3.296513e-02	3.117610e-02	-1.913057e-03	1.140576e-03	8.885977e-04	1.584874e-03	-6.962767e-04
310           	2.684222e-02	1.150825e-02	1.533397e-02	-3.578058e-03	2.938652e-02	-3.296458e-02	3.117555e-02	-1.912861e-03	1.140467e-03	8.885273e-04	1.584731e-03	-6.962037e-04
311           	2.684177e-02	1.150822e-02	1.533355e-02	-3.578059e-03	2.938598e-02	-3.296404e-02	3.117501e-02	-1.912665e-03	1.140359e-03	8.884563e-04	1.584587e-03	-6.961307e-04
312           	2.684133e-02	1.150820e-02	1.533313e-02	-3.578061e-03	2.938546e-02	-3.296352e-02	3.117449e-02	-1.912468e-03	1.140250e-03	8.883850e-04	1.584443e-03	-6.960579e-04
313           	2.684090e-02	1.150817e-02	1.533272e-02	-3.578063e-03	2.938494e-02	-3.296300e-02	3.117397e-02	-1.912273e-03	1.140142e-03	8.883134e-04	1.584299e-03	-6.959854e-04
314           	2.684047e-02	1.150817e-02	1.533231e-02	-3.578065e-03	2.938444e-02	-3.296250e-02	3.117347e-02	-1.912071e-03	1.140028e-03	8.882363e-04	1.584146e-03	-6.959097e-04
315           	2.684006e-02	1.150815e-02	1.533191e-02	-3.578067e-03	2.938394e-02	-3.296201e-02	3.117298e-02	-1.911879e-03	1.139922e-03	8.881664e-04	1.584006e-03	-6.958392e-04
316           	2.683965e-02	1.150814e-02	1.533151e-02	-3.578070e-03	2.938346e-02	-3.296153e-02	3.117249e-02	-1.911681e-03	1.139811e-03	8.880912e-04	1.583857e-03	-6.957658e-04
317           	2.683925e-02	1.150813e-02	1.533112e-02	-3.578071e-03	2.938298e-02	-3.296105e-02	3.117202e-02	-1.911495e-03	1.139710e-03	8.880235e-04	1.583721e-03	-6.956978e-04
318           	2.683886e-02	1.150813e-02	1.533073e-02	-3.578073e-03	2.938252e-02	-3.296059e-02	3.117156e-02	-1.911302e-03	1.139602e-03	8.879502e-04	1.583577e-03	-6.956265e-04
319           	2.683848e-02	1.150813e-02	1.533035e-02	-3.578076e-03	2.938207e-02	-3.296014e-02	3.117110e-02	-1.911111e-03	1.139496e-03	8.878781e-04	1.583435e-03	-6.955566e-04
320           	2.683811e-02	1.150812e-02	1.532999e-02	-3.578077e-03	2.938162e-02	-3.295970e-02	3.117066e-02	-1.910932e-03	1.139399e-03	8.878135e-04	1.583306e-03	-6.954920e-04
321           	2.683774e-02	1.150813e-02	1.532962e-02	-3.578079e-03	2.938118e-02	-3.295926e-02	3.117022e-02	-1.910745e-03	1.139295e-03	8.877426e-04	1.583166e-03	-6.954237e-04
322           	2.683739e-02	1.150813e-02	1.532925e-02	-3.578082e-03	2.938076e-02	-3.295884e-02	3.116980e-02	-1.910561e-03	1.139193e-03	8.876724e-04	1.583029e-03	-6.953563e-04
323           	2.683704e-02	1.150814e-02	1.532890e-02	-3.578084e-03	2.938034e-02	-3.295843e-02	3.116938e-02	-1.910379e-03	1.139092e-03	8.876032e-04	1.582893e-03	-6.952900e-04
324           	2.683670e-02	1.150815e-02	1.532855e-02	-3.578086e-03	2.937994e-02	-3.295802e-02	3.116898e-02	-1.910199e-03	1.138992e-03	8.875350e-04	1.582760e-03	-6.952248e-04
325           	2.683636e-02	1.150816e-02	1.532820e-02	-3.578088e-03	2.937954e-02	-3.295763e-02	3.116858e-02	-1.910022e-03	1.138895e-03	8.874680e-04	1.582629e-03	-6.951608e-04
326           	2.683604e-02	1.150817e-02	1.532787e-02	-3.578091e-03	2.937915e-02	-3.295724e-02	3.116819e-02	-1.909847e-03	1.138799e-03	8.874019e-04	1.582500e-03	-6.950978e-04
327           	2.683572e-02	1.150818e-02	1.532753e-02	-3.578093e-03	2.937877e-02	-3.295686e-02	3.116782e-02	-1.909675e-03	1.138704e-03	8.873367e-04	1.582373e-03	-6.950358e-04
328           	2.683540e-02	1.150820e-02	1.532721e-02	-3.578096e-03	2.937840e-02	-3.295649e-02	3.116745e-02	-1.909505e-03	1.138611e-03	8.872724e-04	1.582247e-03	-6.949748e-04
329           	2.683510e-02	1.150821e-02	1.532689e-02	-3.578098e-03	2.937803e-02	-3.295613e-02	3.116708e-02	-1.909337e-03	1.138519e-03	8.872089e-04	1.582124e-03	-6.949148e-04
330           	2.683480e-02	1.150823e-02	1.532657e-02	-3.578100e-03	2.937768e-02	-3.295578e-02	3.116673e-02	-1.909171e-03	1.138429e-03	8.871462e-04	1.582002e-03	-6.948556e-04
331           	2.683451e-02	1.150825e-02	1.532626e-02	-3.578103e-03	2.937733e-02	-3.295544e-02	3.116638e-02	-1.909008e-03	1.138340e-03	8.870843e-04	1.581882e-03	-6.947974e-04
332           	2.683423e-02	1.150827e-02	1.532596e-02	-3.578106e-03	2.937699e-02	-3.295510e-02	3.116605e-02	-1.908847e-03	1.138252e-03	8.870233e-04	1.581763e-03	-6.947401e-04
333           	2.683395e-02	1.150829e-02	1.532566e-02	-3.578108e-03	2.937666e-02	-3.295477e-02	3.116572e-02	-1.908688e-03	1.138165e-03	8.869632e-04	1.581647e-03	-6.946839e-04
334           	2.683368e-02	1.150831e-02	1.532537e-02	-3.578111e-03	2.937634e-02	-3.295445e-02	3.116540e-02	-1.908532e-03	1.138081e-03	8.869041e-04	1.581533e-03	-6.946287e-04
335           	2.683341e-02	1.150833e-02	1.532508e-02	-3.578113e-03	2.937603e-02	-3.295414e-02	3.116508e-02	-1.908378e-03	1.137998e-03	8.868460e-04	1.581421e-03	-6.945745e-04
336           	2.683315e-02	1.150835e-02	1.532480e-02	-3.578116e-03	2.937572e-02	-3.295383e-02	3.116478e-02	-1.908227e-03	1.137916e-03	8.867890e-04	1.581310e-03	-6.945215e-04
337           	2.683290e-02	1.150837e-02	1.532453e-02	-3.578119e-03	2.937542e-02	-3.295354e-02	3.116448e-02	-1.908079e-03	1.137836e-03	8.867331e-04	1.581203e-03	-6.944695e-04
338           	2.683265e-02	1.150839e-02	1.532426e-02	-3.578121e-03	2.937512e-02	-3.295325e-02	3.116419e-02	-1.907934e-03	1.137758e-03	8.866782e-04	1.581097e-03	-6.944186e-04
339           	2.683241e-02	1.150842e-02	1.532400e-02	-3.578124e-03	2.937484e-02	-3.295296e-02	3.116390e-02	-1.907791e-03	1.137681e-03	8.866246e-04	1.580993e-03	-6.943689e-04
340           	2.683218e-02	1.150844e-02	1.532374e-02	-3.578127e-03	2.937456e-02	-3.295269e-02	3.116362e-02	-1.907651e-03	1.137606e-03	8.865722e-04	1.580893e-03	-6.943203e-04
341           	2.683195e-02	1.150846e-02	1.532349e-02	-3.578129e-03	2.937429e-02	-3.295242e-02	3.116335e-02	-1.907514e-03	1.137533e-03	8.865210e-04	1.580794e-03	-6.942730e-04
342           	2.683173e-02	1.150848e-02	1.532324e-02	-3.578132e-03	2.937402e-02	-3.295215e-02	3.116309e-02	-1.907380e-03	1.137462e-03	8.864710e-04	1.580698e-03	-6.942268e-04
343           	2.683151e-02	1.150851e-02	1.532300e-02	-3.578135e-03	2.937376e-02	-3.295190e-02	3.116283e-02	-1.907249e-03	1.137393e-03	8.864223e-04	1.580604e-03	-6.941818e-04
344           	2.683130e-02	1.150853e-02	1.532277e-02	-3.578138e-03	2.937351e-02	-3.295165e-02	3.116258e-02	-1.907121e-03	1.137325e-03	8.863749e-04	1.580513e-03	-6.941380e-04
345           	2.683109e-02	1.150855e-02	1.532254e-02	-3.578140e-03	2.937326e-02	-3.295140e-02	3.116233e-02	-1.906995e-03	1.137260e-03	8.863288e-04	1.580424e-03	-6.940954e-04
346           	2.683089e-02	1.150857e-02	1.532232e-02	-3.578143e-03	2.937302e-02	-3.295117e-02	3.116209e-02	-1.906873e-03	1.137196e-03	8.862838e-04	1.580338e-03	-6.940540e-04
347           	2.683069e-02	1.150859e-02	1.532210e-02	-3.578146e-03	2.937279e-02	-3.295093e-02	3.116186e-02	-1.906754e-03	1.137134e-03	8.862402e-04	1.580254e-03	-6.940137e-04
348           	2.683050e-02	1.150861e-02	1.532189e-02	-3.578148e-03	2.937256e-02	-3.295071e-02	3.116164e-02	-1.906638e-03	1.137073e-03	8.861978e-04	1.580172e-03	-6.939746e-04
349           	2.683031e-02	1.150863e-02	1.532168e-02	-3.578151e-03	2.937234e-02	-3.295049e-02	3.116141e-02	-1.906524e-03	1.137015e-03	8.861567e-04	1.580093e-03	-6.939366e-04
350           	2.683013e-02	1.150865e-02	1.532148e-02	-3.578154e-03	2.937212e-02	-3.295028e-02	3.116120e-02	-1.906413e-03	1.136958e-03	8.861168e-04	1.580017e-03	-6.938997e-04
351           	2.682996e-02	1.150867e-02	1.532128e-02	-3.578156e-03	2.937191e-02	-3.295007e-02	3.116099e-02	-1.906306e-03	1.136903e-03	8.860782e-04	1.579942e-03	-6.938640e-04
352           	2.682978e-02	1.150869e-02	1.532109e-02	-3.578159e-03	2.937171e-02	-3.294987e-02	3.116079e-02	-1.906201e-03	1.136850e-03	8.860408e-04	1.579870e-03	-6.938294e-04
353           	2.682962e-02	1.150871e-02	1.532091e-02	-3.578162e-03	2.937151e-02	-3.294967e-02	3.116059e-02	-1.906099e-03	1.136798e-03	8.860046e-04	1.579801e-03	-6.937960e-04
354           	2.682945e-02	1.150873e-02	1.532073e-02	-3.578165e-03	2.937132e-02	-3.294948e-02	3.116040e-02	-1.906000e-03	1.136748e-03	8.859698e-04	1.579733e-03	-6.937636e-04
355           	2.682930e-02	1.150874e-02	1.532055e-02	-3.578167e-03	2.937113e-02	-3.294929e-02	3.116021e-02	-1.905903e-03	1.136700e-03	8.859361e-04	1.579668e-03	-6.937323e-04
356           	2.682914e-02	1.150876e-02	1.532038e-02	-3.578170e-03	2.937094e-02	-3.294911e-02	3.116003e-02	-1.905810e-03	1.136654e-03	8.859038e-04	1.579606e-03	-6.937022e-04
357           	2.682899e-02	1.150878e-02	1.532022e-02	-3.578172e-03	2.937077e-02	-3.294894e-02	3.115985e-02	-1.905720e-03	1.136610e-03	8.858727e-04	1.579546e-03	-6.936732e-04
358           	2.682885e-02	1.150879e-02	1.532006e-02	-3.578175e-03	2.937059e-02	-3.294877e-02	3.115968e-02	-1.905632e-03	1.136567e-03	8.858429e-04	1.579488e-03	-6.936453e-04
359           	2.682871e-02	1.150881e-02	1.531990e-02	-3.578178e-03	2.937042e-02	-3.294860e-02	3.115951e-02	-1.905547e-03	1.136526e-03	8.858144e-04	1.579433e-03	-6.936185e-04
360           	2.682857e-02	1.150882e-02	1.531975e-02	-3.578180e-03	2.937026e-02	-3.294844e-02	3.115935e-02	-1.905465e-03	1.136486e-03	8.857871e-04	1.579380e-03	-6.935928e-04
361           	2.682844e-02	1.150883e-02	1.531960e-02	-3.578183e-03	2.937010e-02	-3.294829e-02	3.115919e-02	-1.905386e-03	1.136449e-03	8.857610e-04	1.579329e-03	-6.935682e-04
362           	2.682831e-02	1.150884e-02	1.531946e-02	-3.578185e-03	2.936995e-02	-3.294813e-02	3.115904e-02	-1.905310e-03	1.136413e-03	8.857362e-04	1.579281e-03	-6.935447e-04
363           	2.682818e-02	1.150885e-02	1.531933e-02	-3.578188e-03	2.936980e-02	-3.294799e-02	3.115889e-02	-1.905236e-03	1.136379e-03	8.857126e-04	1.579235e-03	-6.935222e-04
364           	2.682806e-02	1.150886e-02	1.531919e-02	-3.578190e-03	2.936965e-02	-3.294784e-02	3.115875e-02	-1.905165e-03	1.136346e-03	8.856903e-04	1.579191e-03	-6.935008e-04
365           	2.682794e-02	1.150887e-02	1.531907e-02	-3.578193e-03	2.936951e-02	-3.294771e-02	3.115861e-02	-1.905097e-03	1.136315e-03	8.856691e-04	1.579150e-03	-6.934804e-04
366           	2.682783e-02	1.150888e-02	1.531895e-02	-3.578195e-03	2.936938e-02	-3.294757e-02	3.115848e-02	-1.905032e-03	1.136286e-03	8.856492e-04	1.579110e-03	-6.934610e-04
367           	2.682772e-02	1.150889e-02	1.531883e-02	-3.578198e-03	2.936925e-02	-3.294744e-02	3.115834e-02	-1.904969e-03	1.136258e-03	8.856305e-04	1.579073e-03	-6.934427e-04
368           	2.682761e-02	1.150890e-02	1.531871e-02	-3.578200e-03	2.936912e-02	-3.294732e-02	3.115822e-02	-1.904909e-03	1.136232e-03	8.856129e-04	1.579038e-03	-6.934253e-04
369           	2.682751e-02	1.150890e-02	1.531860e-02	-3.578203e-03	2.936899e-02	-3.294720e-02	3.115810e-02	-1.904851e-03	1.136207e-03	8.855965e-04	1.579005e-03	-6.934090e-04
370           	2.682740e-02	1.150891e-02	1.531850e-02	-3.578205e-03	2.936887e-02	-3.294708e-02	3.115798e-02	-1.904796e-03	1.136184e-03	8.855812e-04	1.578975e-03	-6.933935e-04
371           	2.682731e-02	1.150891e-02	1.531840e-02	-3.578208e-03	2.936876e-02	-3.294697e-02	3.115786e-02	-1.904744e-03	1.136163e-03	8.855671e-04	1.578946e-03	-6.933791e-04
372           	2.682721e-02	1.150891e-02	1.531830e-02	-3.578210e-03	2.936865e-02	-3.294686e-02	3.115775e-02	-1.904694e-03	1.136143e-03	8.855541e-04	1.578920e-03	-6.933656e-04
373           	2.682712e-02	1.150892e-02	1.531821e-02	-3.578212e-03	2.936854e-02	-3.294675e-02	3.115764e-02	-1.904646e-03	1.136124e-03	8.855423e-04	1.578895e-03	-6.933531e-04
374           	2.682704e-02	1.150892e-02	1.531812e-02	-3.578215e-03	2.936843e-02	-3.294665e-02	3.115754e-02	-1.904602e-03	1.136107e-03	8.855316e-04	1.578873e-03	-6.933415e-04
375           	2.682695e-02	1.150892e-02	1.531803e-02	-3.578217e-03	2.936833e-02	-3.294655e-02	3.115744e-02	-1.904559e-03	1.136092e-03	8.855221e-04	1.578853e-03	-6.933309e-04
376           	2.682687e-02	1.150892e-02	1.531795e-02	-3.578219e-03	2.936824e-02	-3.294646e-02	3.115735e-02	-1.904519e-03	1.136078e-03	8.855138e-04	1.578835e-03	-6.933212e-04
377           	2.682679e-02	1.150891e-02	1.531788e-02	-3.578221e-03	2.936814e-02	-3.294636e-02	3.115725e-02	-1.904482e-03	1.136066e-03	8.855066e-04	1.578819e-03	-6.933126e-04
378           	2.682672e-02	1.150891e-02	1.531780e-02	-3.578224e-03	2.936805e-02	-3.294628e-02	3.115716e-02	-1.904447e-03	1.136055e-03	8.855007e-04	1.578806e-03	-6.933049e-04
379           	2.682664e-02	1.150891e-02	1.531774e-02	-3.578226e-03	2.936797e-02	-3.294619e-02	3.115708e-02	-1.904415e-03	1.136046e-03	8.854959e-04	1.578794e-03	-6.932981e-04
380           	2.682657e-02	1.150890e-02	1.531767e-02	-3.578228e-03	2.936788e-02	-3.294611e-02	3.115700e-02	-1.904385e-03	1.136038e-03	8.854922e-04	1.578784e-03	-6.932922e-04
381           	2.682651e-02	1.150890e-02	1.531761e-02	-3.578230e-03	2.936780e-02	-3.294603e-02	3.115692e-02	-1.904357e-03	1.136032e-03	8.854896e-04	1.578777e-03	-6.932872e-04
382           	2.682644e-02	1.150889e-02	1.531755e-02	-3.578232e-03	2.936772e-02	-3.294596e-02	3.115684e-02	-1.904331e-03	1.136027e-03	8.854881e-04	1.578771e-03	-6.932831e-04
383           	2.682638e-02	1.150888e-02	1.531750e-02	-3.578234e-03	2.936765e-02	-3.294588e-02	3.115677e-02	-1.904308e-03	1.136024e-03	8.854875e-04	1.578767e-03	-6.932798e-04
384           	2.682632e-02	1.150887e-02	1.531745e-02	-3.578236e-03	2.936758e-02	-3.294581e-02	3.115670e-02	-1.904287e-03	1.136021e-03	8.854880e-04	1.578765e-03	-6.932773e-04
385           	2.682626e-02	1.150886e-02	1.531740e-02	-3.578238e-03	2.936751e-02	-3.294575e-02	3.115663e-02	-1.904268e-03	1.136020e-03	8.854895e-04	1.578765e-03	-6.932756e-04
386           	2.682621e-02	1.150885e-02	1.531736e-02	-3.578240e-03	2.936745e-02	-3.294569e-02	3.115657e-02	-1.904251e-03	1.136021e-03	8.854921e-04	1.578767e-03	-6.932748e-04
387           	2.682616e-02	1.150884e-02	1.531731e-02	-3.578242e-03	2.936738e-02	-3.294563e-02	3.115650e-02	-1.904237e-03	1.136023e-03	8.854957e-04	1.578771e-03	-6.932748e-04
388           	2.682611e-02	1.150883e-02	1.531728e-02	-3.578244e-03	2.936732e-02	-3.294557e-02	3.115645e-02	-1.904224e-03	1.136026e-03	8.855004e-04	1.578776e-03	-6.932757e-04
389           	2.682606e-02	1.150882e-02	1.531724e-02	-3.578246e-03	2.936727e-02	-3.294551e-02	3.115639e-02	-1.904214e-03	1.136031e-03	8.855062e-04	1.578784e-03	-6.932775e-04
390           	2.682601e-02	1.150880e-02	1.531721e-02	-3.578248e-03	2.936721e-02	-3.294546e-02	3.115634e-02	-1.904206e-03	1.136036e-03	8.855130e-04	1.578793e-03	-6.932800e-04
391           	2.682597e-02	1.150879e-02	1.531719e-02	-3.578250e-03	2.936716e-02	-3.294541e-02	3.115629e-02	-1.904200e-03	1.136044e-03	8.855208e-04	1.578804e-03	-6.932834e-04
392           	2.682593e-02	1.150877e-02	1.531716e-02	-3.578252e-03	2.936711e-02	-3.294536e-02	3.115624e-02	-1.904196e-03	1.136052e-03	8.855296e-04	1.578817e-03	-6.932875e-04
393           	2.682589e-02	1.150875e-02	1.531714e-02	-3.578254e-03	2.936707e-02	-3.294532e-02	3.115619e-02	-1.904195e-03	1.136062e-03	8.855393e-04	1.578832e-03	-6.932924e-04
394           	2.682586e-02	1.150873e-02	1.531712e-02	-3.578255e-03	2.936702e-02	-3.294528e-02	3.115615e-02	-1.904195e-03	1.136073e-03	8.855500e-04	1.578848e-03	-6.932980e-04
395           	2.682582e-02	1.150871e-02	1.531711e-02	-3.578257e-03	2.936698e-02	-3.294524e-02	3.115611e-02	-1.904197e-03	1.136085e-03	8.855616e-04	1.578866e-03	-6.933044e-04
396           	2.682579e-02	1.150869e-02	1.531710e-02	-3.578259e-03	2.936694e-02	-3.294520e-02	3.115607e-02	-1.904201e-03	1.136098e-03	8.855741e-04	1.578886e-03	-6.933114e-04
397           	2.682576e-02	1.150867e-02	1.531709e-02	-3.578261e-03	2.936690e-02	-3.294517e-02	3.115604e-02	-1.904207e-03	1.136113e-03	8.855876e-04	1.578907e-03	-6.933192e-04
398           	2.682573e-02	1.150865e-02	1.531708e-02	-3.578262e-03	2.936687e-02	-3.294513e-02	3.115600e-02	-1.904214e-03	1.136129e-03	8.856019e-04	1.578929e-03	-6.933276e-04
399           	2.682570e-02	1.150863e-02	1.531708e-02	-3.578264e-03	2.936684e-02	-3.294510e-02	3.115597e-02	-1.904224e-03	1.136145e-03	8.856171e-04	1.578954e-03	-6.933367e-04
400           	2.682568e-02	1.150861e-02	1.531707e-02	-3.578266e-03	2.936681e-02	-3.294507e-02	3.115594e-02	-1.904235e-03	1.136163e-03	8.856332e-04	1.578980e-03	-6.933466e-04
401           	2.682566e-02	1.150858e-02	1.531708e-02	-3.578267e-03	2.936678e-02	-3.294505e-02	3.115591e-02	-1.904248e-03	1.136182e-03	8.856501e-04	1.579007e-03	-6.933571e-04
402           	2.682564e-02	1.150856e-02	1.531708e-02	-3.578269e-03	2.936675e-02	-3.294502e-02	3.115589e-02	-1.904263e-03	1.136202e-03	8.856680e-04	1.579036e-03	-6.933682e-04
403           	2.682562e-02	1.150853e-02	1.531709e-02	-3.578271e-03	2.936673e-02	-3.294500e-02	3.115587e-02	-1.904279e-03	1.136223e-03	8.856866e-04	1.579067e-03	-6.933800e-04
404           	2.682560e-02	1.150850e-02	1.531710e-02	-3.578272e-03	2.936671e-02	-3.294498e-02	3.115585e-02	-1.904297e-03	1.136246e-03	8.857062e-04	1.579099e-03	-6.933925e-04
405           	2.682559e-02	1.150849e-02	1.531709e-02	-3.578274e-03	2.936669e-02	-3.294497e-02	3.115583e-02	-1.904301e-03	1.136255e-03	8.857153e-04	1.579113e-03	-6.933975e-04
406           	2.682557e-02	1.150846e-02	1.531711e-02	-3.578276e-03	2.936667e-02	-3.294495e-02	3.115581e-02	-1.904327e-03	1.136283e-03	8.857396e-04	1.579153e-03	-6.934136e-04
407           	2.682556e-02	1.150842e-02	1.531713e-02	-3.578277e-03	2.936666e-02	-3.294493e-02	3.115579e-02	-1.904356e-03	1.136313e-03	8.857650e-04	1.579196e-03	-6.934307e-04
408           	2.682555e-02	1.150840e-02	1.531714e-02	-3.578279e-03	2.936664e-02	-3.294492e-02	3.115578e-02	-1.904369e-03	1.136330e-03	8.857794e-04	1.579219e-03	-6.934398e-04
409           	2.682554e-02	1.150836e-02	1.531717e-02	-3.578280e-03	2.936663e-02	-3.294491e-02	3.115577e-02	-1.904404e-03	1.136364e-03	8.858089e-04	1.579269e-03	-6.934600e-04
410           	2.682553e-02	1.150834e-02	1.531719e-02	-3.578281e-03	2.936662e-02	-3.294490e-02	3.115576e-02	-1.904423e-03	1.136385e-03	8.858267e-04	1.579298e-03	-6.934718e-04
411           	2.682552e-02	1.150830e-02	1.531723e-02	-3.578282e-03	2.936661e-02	-3.294489e-02	3.115575e-02	-1.904465e-03	1.136424e-03	8.858595e-04	1.579354e-03	-6.934945e-04
412           	2.682552e-02	1.150827e-02	1.531725e-02	-3.578284e-03	2.936660e-02	-3.294489e-02	3.115575e-02	-1.904488e-03	1.136448e-03	8.858798e-04	1.579388e-03	-6.935081e-04
413           	2.682551e-02	1.150824e-02	1.531727e-02	-3.578286e-03	2.936660e-02	-3.294488e-02	3.115574e-02	-1.904515e-03	1.136474e-03	8.859022e-04	1.579425e-03	-6.935233e-04
414           	2.682551e-02	1.150821e-02	1.531730e-02	-3.578286e-03	2.936659e-02	-3.294488e-02	3.115574e-02	-1.904542e-03	1.136502e-03	8.859257e-04	1.579465e-03	-6.935389e-04
415           	2.682551e-02	1.150816e-02	1.531735e-02	-3.578287e-03	2.936659e-02	-3.294487e-02	3.115573e-02	-1.904593e-03	1.136549e-03	8.859652e-04	1.579531e-03	-6.935662e-04
416           	2.682551e-02	1.150813e-02	1.531738e-02	-3.578288e-03	2.936659e-02	-3.294487e-02	3.115573e-02	-1.904626e-03	1.136579e-03	8.859911e-04	1.579575e-03	-6.935838e-04
417           	2.682551e-02	1.150809e-02	1.531741e-02	-3.578289e-03	2.936659e-02	-3.294488e-02	3.115573e-02	-1.904662e-03	1.136612e-03	8.860185e-04	1.579621e-03	-6.936026e-04
