# Force and moment coefficients
# dragDir     : (1.000000e+00 0.000000e+00 0.000000e+00)
# sideDir     : (0.000000e+00 1.000000e+00 0.000000e+00)
# liftDir     : (0.000000e+00 0.000000e+00 1.000000e+00)
# rollAxis    : (1.000000e+00 0.000000e+00 0.000000e+00)
# pitchAxis   : (0.000000e+00 1.000000e+00 0.000000e+00)
# yawAxis     : (0.000000e+00 0.000000e+00 1.000000e+00)
# magUInf     : 6.661800e+00
# lRef        : 1.499270e-01
# Aref        : 5.000000e-02
# CofR        : (0.000000e+00 0.000000e+00 0.000000e+00)
#
# Time        	Cd            	Cd(f)         	Cd(r)         	Cl            	Cl(f)         	Cl(r)         	CmPitch       	CmRoll        	CmYaw         	Cs            	Cs(f)         	Cs(r)         
1             	3.609203e-01	1.793057e-01	1.816146e-01	-1.880142e-02	2.600354e-01	-2.788368e-01	2.694361e-01	-1.154458e-03	1.150660e-03	1.847480e-03	2.074400e-03	-2.269195e-04
2             	2.719681e-01	1.351024e-01	1.368657e-01	-2.333017e-02	1.941565e-01	-2.174867e-01	2.058216e-01	-8.816351e-04	9.721047e-04	1.237146e-03	1.590678e-03	-3.535315e-04
3             	2.114216e-01	1.051583e-01	1.062633e-01	-2.283278e-02	1.492807e-01	-1.721135e-01	1.606971e-01	-5.525062e-04	6.721351e-04	6.198431e-04	9.820566e-04	-3.622135e-04
4             	1.644138e-01	8.193194e-02	8.248185e-02	-1.885520e-02	1.146338e-01	-1.334890e-01	1.240614e-01	-2.749532e-04	3.801875e-04	1.719292e-04	4.661521e-04	-2.942229e-04
5             	1.256520e-01	6.273752e-02	6.291446e-02	-1.307287e-02	8.635720e-02	-9.943006e-02	9.289363e-02	-8.846875e-05	1.564700e-04	-7.088799e-05	1.210260e-04	-1.919140e-04
6             	9.412922e-02	4.704664e-02	4.708258e-02	-7.033524e-03	6.367052e-02	-7.070405e-02	6.718729e-02	-1.796829e-05	5.051350e-05	-9.842030e-05	1.303352e-06	-9.972366e-05
7             	7.004082e-02	3.496714e-02	3.507368e-02	-1.886146e-03	4.663366e-02	-4.851980e-02	4.757673e-02	-5.326691e-05	7.031928e-05	4.264662e-05	9.164258e-05	-4.899597e-05
8             	5.338679e-02	2.653026e-02	2.685653e-02	1.718995e-03	3.514928e-02	-3.343029e-02	3.428979e-02	-1.631394e-04	1.935412e-04	2.781950e-04	3.326387e-04	-5.444367e-05
9             	4.346972e-02	2.143033e-02	2.203939e-02	3.611329e-03	2.860934e-02	-2.499801e-02	2.680367e-02	-3.045297e-04	3.756331e-04	5.266010e-04	6.389336e-04	-1.123327e-04
10            	3.896548e-02	1.904406e-02	1.992142e-02	3.983981e-03	2.596053e-02	-2.197654e-02	2.396853e-02	-4.386767e-04	5.680149e-04	7.242842e-04	9.301570e-04	-2.058728e-04
11            	3.819368e-02	1.855937e-02	1.963430e-02	3.250166e-03	2.591056e-02	-2.266039e-02	2.428547e-02	-5.374642e-04	7.284620e-04	8.345408e-04	1.145732e-03	-3.111916e-04
12            	3.946364e-02	1.914380e-02	2.031984e-02	1.896614e-03	2.718616e-02	-2.528954e-02	2.623785e-02	-5.880193e-04	8.306252e-04	8.516836e-04	1.256467e-03	-4.047834e-04
13            	4.135007e-02	2.008234e-02	2.126773e-02	3.690299e-04	2.873641e-02	-2.836738e-02	2.855189e-02	-5.926929e-04	8.675742e-04	7.970184e-04	1.266083e-03	-4.690650e-04
14            	4.285694e-02	2.086408e-02	2.199286e-02	-9.996223e-04	2.984926e-02	-3.084888e-02	3.034907e-02	-5.643907e-04	8.487290e-04	7.065179e-04	1.201988e-03	-4.954700e-04
15            	4.345640e-02	2.120698e-02	2.224942e-02	-2.016491e-03	3.017373e-02	-3.219022e-02	3.118197e-02	-5.212185e-04	7.940283e-04	6.187775e-04	1.103417e-03	-4.846395e-04
16            	4.303629e-02	2.103782e-02	2.199847e-02	-2.622440e-03	2.967469e-02	-3.229713e-02	3.098591e-02	-4.803248e-04	7.261200e-04	5.637509e-04	1.007995e-03	-4.442445e-04
17            	4.177468e-02	2.043352e-02	2.134116e-02	-2.858212e-03	2.853069e-02	-3.138890e-02	2.995980e-02	-4.538192e-04	6.652856e-04	5.574805e-04	9.440259e-04	-3.865454e-04
18            	4.000573e-02	1.955684e-02	2.044889e-02	-2.824026e-03	2.702894e-02	-2.985296e-02	2.844095e-02	-4.460232e-04	6.229964e-04	5.977753e-04	9.218840e-04	-3.241088e-04
19            	3.809094e-02	1.859024e-02	1.950069e-02	-2.638873e-03	2.546538e-02	-2.810425e-02	2.678482e-02	-4.552255e-04	6.033827e-04	6.705497e-04	9.386576e-04	-2.681079e-04
20            	3.631955e-02	1.768548e-02	1.863408e-02	-2.407806e-03	2.406845e-02	-2.647625e-02	2.527235e-02	-4.742989e-04	6.020752e-04	7.525874e-04	9.783689e-04	-2.257815e-04
21            	3.486565e-02	1.693834e-02	1.792731e-02	-2.205113e-03	2.296833e-02	-2.517344e-02	2.407089e-02	-4.944812e-04	6.105474e-04	8.205385e-04	1.020817e-03	-2.002781e-04
22            	3.377919e-02	1.638159e-02	1.739760e-02	-2.068111e-03	2.219283e-02	-2.426094e-02	2.322688e-02	-5.080066e-04	6.196296e-04	8.569116e-04	1.048085e-03	-1.911738e-04
23            	3.301204e-02	1.599606e-02	1.701598e-02	-2.002256e-03	2.169069e-02	-2.369295e-02	2.269182e-02	-5.099619e-04	6.216136e-04	8.529777e-04	1.048102e-03	-1.951248e-04
24            	3.245517e-02	1.572831e-02	1.672686e-02	-1.990480e-03	2.136285e-02	-2.335333e-02	2.235809e-02	-4.992749e-04	6.131674e-04	8.109669e-04	1.018651e-03	-2.076839e-04
25            	3.198576e-02	1.551538e-02	1.647038e-02	-2.006305e-03	2.110152e-02	-2.310783e-02	2.210467e-02	-4.774976e-04	5.931630e-04	7.393283e-04	9.628272e-04	-2.234988e-04
26            	3.150472e-02	1.530279e-02	1.620193e-02	-2.024983e-03	2.082030e-02	-2.284528e-02	2.183279e-02	-4.495695e-04	5.655870e-04	6.540393e-04	8.926067e-04	-2.385674e-04
27            	3.095211e-02	1.505489e-02	1.589722e-02	-2.029151e-03	2.046682e-02	-2.249597e-02	2.148140e-02	-4.211663e-04	5.359641e-04	5.719136e-04	8.219210e-04	-2.500073e-04
28            	3.031394e-02	1.475958e-02	1.555437e-02	-2.012047e-03	2.002813e-02	-2.204017e-02	2.103415e-02	-3.973937e-04	5.098983e-04	5.071834e-04	7.634900e-04	-2.563066e-04
29            	2.961559e-02	1.442624e-02	1.518935e-02	-1.976836e-03	1.952493e-02	-2.150176e-02	2.051335e-02	-3.815564e-04	4.913644e-04	4.686358e-04	7.256823e-04	-2.570465e-04
30            	2.890713e-02	1.407868e-02	1.482845e-02	-1.933554e-03	1.899939e-02	-2.093294e-02	1.996617e-02	-3.748855e-04	4.821891e-04	4.588113e-04	7.115948e-04	-2.527834e-04
31            	2.824374e-02	1.374501e-02	1.449872e-02	-1.894386e-03	1.849864e-02	-2.039302e-02	1.944583e-02	-3.768554e-04	4.824742e-04	4.751190e-04	7.200337e-04	-2.449147e-04
32            	2.766965e-02	1.345010e-02	1.421955e-02	-1.869617e-03	1.806155e-02	-1.993117e-02	1.899636e-02	-3.847230e-04	4.893219e-04	5.093752e-04	7.440095e-04	-2.346343e-04
33            	2.720936e-02	1.320990e-02	1.399946e-02	-1.865261e-03	1.771118e-02	-1.957644e-02	1.864381e-02	-3.947784e-04	4.984816e-04	5.508932e-04	7.739282e-04	-2.230350e-04
34            	2.686439e-02	1.302888e-02	1.383551e-02	-1.882027e-03	1.745164e-02	-1.933366e-02	1.839265e-02	-4.033131e-04	5.055830e-04	5.890575e-04	8.001118e-04	-2.110542e-04
35            	2.661575e-02	1.290050e-02	1.371525e-02	-1.915770e-03	1.726990e-02	-1.918567e-02	1.822778e-02	-4.073731e-04	5.071249e-04	6.153461e-04	8.147980e-04	-1.994519e-04
36            	2.643092e-02	1.281020e-02	1.362072e-02	-1.959074e-03	1.714120e-02	-1.910028e-02	1.812074e-02	-4.052558e-04	5.011560e-04	6.246738e-04	8.134929e-04	-1.888191e-04
37            	2.627244e-02	1.273955e-02	1.353290e-02	-2.003313e-03	1.703603e-02	-1.903935e-02	1.803769e-02	-3.966747e-04	4.874895e-04	6.158055e-04	7.953922e-04	-1.795867e-04
38            	2.610636e-02	1.267059e-02	1.343578e-02	-2.040709e-03	1.692701e-02	-1.896772e-02	1.794736e-02	-3.825970e-04	4.675058e-04	5.909575e-04	7.629846e-04	-1.720270e-04
39            	2.590875e-02	1.258939e-02	1.331936e-02	-2.065929e-03	1.679424e-02	-1.886017e-02	1.782721e-02	-3.649830e-04	4.438818e-04	5.550799e-04	7.214218e-04	-1.663419e-04
40            	2.566872e-02	1.248806e-02	1.318067e-02	-2.076826e-03	1.662805e-02	-1.870488e-02	1.766646e-02	-3.463055e-04	4.199240e-04	5.145554e-04	6.772017e-04	-1.626463e-04
41            	2.538825e-02	1.236511e-02	1.302314e-02	-2.074383e-03	1.642900e-02	-1.850338e-02	1.746619e-02	-3.290172e-04	3.988621e-04	4.758644e-04	6.367943e-04	-1.609299e-04
42            	2.507928e-02	1.222461e-02	1.285467e-02	-2.061977e-03	1.620578e-02	-1.826776e-02	1.723677e-02	-3.150328e-04	3.831141e-04	4.442427e-04	6.052354e-04	-1.609927e-04
43            	2.475949e-02	1.207422e-02	1.268527e-02	-2.044308e-03	1.597197e-02	-1.801628e-02	1.699412e-02	-3.055204e-04	3.739809e-04	4.230070e-04	5.854844e-04	-1.624774e-04
44            	2.444752e-02	1.192300e-02	1.252452e-02	-2.026230e-03	1.574222e-02	-1.776845e-02	1.675534e-02	-3.007594e-04	3.714984e-04	4.132239e-04	5.781104e-04	-1.648865e-04
45            	2.415897e-02	1.177927e-02	1.237971e-02	-2.011744e-03	1.552907e-02	-1.754081e-02	1.653494e-02	-3.002209e-04	3.745850e-04	4.138750e-04	5.815225e-04	-1.676475e-04
46            	2.390367e-02	1.164909e-02	1.225457e-02	-2.003354e-03	1.534067e-02	-1.734402e-02	1.634234e-02	-3.027387e-04	3.813269e-04	4.223088e-04	5.924813e-04	-1.701725e-04
47            	2.368465e-02	1.153550e-02	1.214915e-02	-2.001842e-03	1.517992e-02	-1.718177e-02	1.618084e-02	-3.068212e-04	3.894477e-04	4.349930e-04	6.069442e-04	-1.719512e-04
48            	2.349871e-02	1.143840e-02	1.206031e-02	-2.006429e-03	1.504478e-02	-1.705121e-02	1.604800e-02	-3.109573e-04	3.967591e-04	4.482638e-04	6.208910e-04	-1.726272e-04
49            	2.333810e-02	1.135516e-02	1.198294e-02	-2.015223e-03	1.492951e-02	-1.694474e-02	1.593713e-02	-3.138903e-04	4.015604e-04	4.590223e-04	6.310715e-04	-1.720493e-04
50            	2.319275e-02	1.128160e-02	1.191115e-02	-2.025805e-03	1.482644e-02	-1.685224e-02	1.583934e-02	-3.147722e-04	4.028446e-04	4.651523e-04	6.354208e-04	-1.702685e-04
51            	2.305268e-02	1.121310e-02	1.183958e-02	-2.035813e-03	1.472777e-02	-1.676359e-02	1.574568e-02	-3.132425e-04	4.003687e-04	4.657126e-04	6.332250e-04	-1.675125e-04
52            	2.290985e-02	1.114552e-02	1.176433e-02	-2.043414e-03	1.462715e-02	-1.667056e-02	1.564885e-02	-3.094082e-04	3.945778e-04	4.608929e-04	6.250243e-04	-1.641314e-04
53            	2.275936e-02	1.107592e-02	1.168344e-02	-2.047582e-03	1.452056e-02	-1.656814e-02	1.554435e-02	-3.037627e-04	3.864396e-04	4.518025e-04	6.123408e-04	-1.605384e-04
54            	2.259980e-02	1.100286e-02	1.159693e-02	-2.048161e-03	1.440669e-02	-1.645485e-02	1.543077e-02	-2.970338e-04	3.771852e-04	4.401052e-04	5.972378e-04	-1.571326e-04
55            	2.243281e-02	1.092639e-02	1.150641e-02	-2.045745e-03	1.428664e-02	-1.633238e-02	1.530951e-02	-2.900088e-04	3.680382e-04	4.276122e-04	5.818442e-04	-1.542321e-04
56            	2.226222e-02	1.084770e-02	1.141452e-02	-2.041432e-03	1.416323e-02	-1.620467e-02	1.518395e-02	-2.834106e-04	3.600219e-04	4.159652e-04	5.680045e-04	-1.520393e-04
57            	2.209285e-02	1.076865e-02	1.132420e-02	-2.036521e-03	1.404015e-02	-1.607667e-02	1.505841e-02	-2.777739e-04	3.537917e-04	4.063487e-04	5.569661e-04	-1.506174e-04
58            	2.192936e-02	1.069128e-02	1.123808e-02	-2.032224e-03	1.392100e-02	-1.595323e-02	1.493711e-02	-2.734009e-04	3.495973e-04	3.993853e-04	5.492899e-04	-1.499046e-04
59            	2.177537e-02	1.061733e-02	1.115804e-02	-2.029448e-03	1.380867e-02	-1.583811e-02	1.482339e-02	-2.703590e-04	3.473146e-04	3.951375e-04	5.448833e-04	-1.497459e-04
60            	2.163289e-02	1.054794e-02	1.108495e-02	-2.028665e-03	1.370480e-02	-1.573347e-02	1.471914e-02	-2.685041e-04	3.465274e-04	3.931999e-04	5.431273e-04	-1.499275e-04
61            	2.150222e-02	1.048356e-02	1.101867e-02	-2.029904e-03	1.360978e-02	-1.563968e-02	1.462473e-02	-2.675554e-04	3.466630e-04	3.928664e-04	5.430962e-04	-1.502298e-04
62            	2.138213e-02	1.042390e-02	1.095822e-02	-2.032815e-03	1.352276e-02	-1.555557e-02	1.453917e-02	-2.671612e-04	3.471184e-04	3.933154e-04	5.437761e-04	-1.504607e-04
63            	2.127034e-02	1.036819e-02	1.090214e-02	-2.036795e-03	1.344211e-02	-1.547890e-02	1.446050e-02	-2.669765e-04	3.473815e-04	3.937831e-04	5.442731e-04	-1.504900e-04
64            	2.116409e-02	1.031533e-02	1.084876e-02	-2.041147e-03	1.336577e-02	-1.540691e-02	1.438634e-02	-2.667138e-04	3.471056e-04	3.936937e-04	5.439524e-04	-1.502587e-04
65            	2.106072e-02	1.026419e-02	1.079654e-02	-2.045223e-03	1.329172e-02	-1.533694e-02	1.431433e-02	-2.661753e-04	3.461372e-04	3.927233e-04	5.424988e-04	-1.497755e-04
66            	2.095808e-02	1.021378e-02	1.074431e-02	-2.048528e-03	1.321832e-02	-1.526685e-02	1.424258e-02	-2.652653e-04	3.445074e-04	3.908096e-04	5.399122e-04	-1.491026e-04
67            	2.085479e-02	1.016342e-02	1.069138e-02	-2.050787e-03	1.314448e-02	-1.519527e-02	1.416988e-02	-2.639793e-04	3.423851e-04	3.881072e-04	5.364387e-04	-1.483315e-04
68            	2.075037e-02	1.011280e-02	1.063757e-02	-2.051954e-03	1.306978e-02	-1.512173e-02	1.409576e-02	-2.623831e-04	3.400162e-04	3.849135e-04	5.324729e-04	-1.475594e-04
69            	2.064506e-02	1.006195e-02	1.058311e-02	-2.052172e-03	1.299434e-02	-1.504651e-02	1.402043e-02	-2.605778e-04	3.376507e-04	3.815739e-04	5.284377e-04	-1.468638e-04
70            	2.053967e-02	1.001116e-02	1.052851e-02	-2.051721e-03	1.291872e-02	-1.497044e-02	1.394458e-02	-2.586736e-04	3.354930e-04	3.784045e-04	5.246952e-04	-1.462907e-04
71            	2.043529e-02	9.960873e-03	1.047442e-02	-2.050935e-03	1.284370e-02	-1.489463e-02	1.386917e-02	-2.567725e-04	3.336728e-04	3.756433e-04	5.214944e-04	-1.458511e-04
72            	2.033301e-02	9.911562e-03	1.042145e-02	-2.050136e-03	1.277007e-02	-1.482020e-02	1.379514e-02	-2.549444e-04	3.322175e-04	3.733988e-04	5.189169e-04	-1.455181e-04
73            	2.023374e-02	9.863650e-03	1.037009e-02	-2.049582e-03	1.269849e-02	-1.474807e-02	1.372328e-02	-2.532217e-04	3.310610e-04	3.716479e-04	5.168849e-04	-1.452370e-04
74            	2.013805e-02	9.817425e-03	1.032063e-02	-2.049429e-03	1.262940e-02	-1.467883e-02	1.365412e-02	-2.516003e-04	3.300658e-04	3.702530e-04	5.151923e-04	-1.449393e-04
75            	2.004614e-02	9.773007e-03	1.027313e-02	-2.049730e-03	1.256296e-02	-1.461269e-02	1.358783e-02	-2.500611e-04	3.290756e-04	3.690308e-04	5.135910e-04	-1.445602e-04
76            	1.995786e-02	9.730364e-03	1.022750e-02	-2.050444e-03	1.249909e-02	-1.454954e-02	1.352432e-02	-2.485662e-04	3.279293e-04	3.677633e-04	5.118110e-04	-1.440477e-04
77            	1.987283e-02	9.689332e-03	1.018349e-02	-2.051464e-03	1.243754e-02	-1.448900e-02	1.346327e-02	-2.470808e-04	3.265057e-04	3.662609e-04	5.096361e-04	-1.433753e-04
78            	1.979051e-02	9.649676e-03	1.014083e-02	-2.052649e-03	1.237794e-02	-1.443059e-02	1.340427e-02	-2.455779e-04	3.247394e-04	3.643908e-04	5.069348e-04	-1.425440e-04
79            	1.971035e-02	9.611127e-03	1.009922e-02	-2.053859e-03	1.231993e-02	-1.437379e-02	1.334686e-02	-2.440477e-04	3.226329e-04	3.621017e-04	5.036838e-04	-1.415821e-04
80            	1.963188e-02	9.573441e-03	1.005844e-02	-2.054975e-03	1.226319e-02	-1.431816e-02	1.329067e-02	-2.424973e-04	3.202492e-04	3.594221e-04	4.999602e-04	-1.405381e-04
81            	1.955475e-02	9.536428e-03	1.001832e-02	-2.055921e-03	1.220749e-02	-1.426341e-02	1.323545e-02	-2.409469e-04	3.176953e-04	3.564475e-04	4.959191e-04	-1.394716e-04
82            	1.947880e-02	9.499976e-03	9.978826e-03	-2.056669e-03	1.215272e-02	-1.420939e-02	1.318106e-02	-2.394249e-04	3.151008e-04	3.533172e-04	4.917594e-04	-1.384422e-04
83            	1.940401e-02	9.464043e-03	9.939964e-03	-2.057230e-03	1.209889e-02	-1.415612e-02	1.312750e-02	-2.379604e-04	3.125947e-04	3.501872e-04	4.876883e-04	-1.375011e-04
84            	1.933046e-02	9.428653e-03	9.901805e-03	-2.057647e-03	1.204604e-02	-1.410369e-02	1.307486e-02	-2.365759e-04	3.102821e-04	3.471996e-04	4.838820e-04	-1.366823e-04
85            	1.925830e-02	9.393863e-03	9.864438e-03	-2.057978e-03	1.199428e-02	-1.405226e-02	1.302327e-02	-2.352876e-04	3.082383e-04	3.444678e-04	4.804722e-04	-1.360044e-04
86            	1.918771e-02	9.359764e-03	9.827946e-03	-2.058285e-03	1.194372e-02	-1.400200e-02	1.297286e-02	-2.340911e-04	3.064795e-04	3.420462e-04	4.775026e-04	-1.354564e-04
87            	1.911882e-02	9.326435e-03	9.792385e-03	-2.058619e-03	1.189442e-02	-1.395304e-02	1.292373e-02	-2.329752e-04	3.049875e-04	3.399448e-04	4.749599e-04	-1.350151e-04
88            	1.905170e-02	9.293930e-03	9.757770e-03	-2.059012e-03	1.184641e-02	-1.390543e-02	1.287592e-02	-2.319198e-04	3.037088e-04	3.381281e-04	4.727728e-04	-1.346448e-04
89            	1.898635e-02	9.262278e-03	9.724074e-03	-2.059477e-03	1.179967e-02	-1.385915e-02	1.282941e-02	-2.308983e-04	3.025653e-04	3.365233e-04	4.708269e-04	-1.343036e-04
90            	1.892271e-02	9.231472e-03	9.691241e-03	-2.060008e-03	1.175413e-02	-1.381414e-02	1.278413e-02	-2.298842e-04	3.014708e-04	3.350395e-04	4.689905e-04	-1.339510e-04
91            	1.886067e-02	9.201481e-03	9.659189e-03	-2.060583e-03	1.170968e-02	-1.377027e-02	1.273998e-02	-2.288544e-04	3.003444e-04	3.335831e-04	4.671359e-04	-1.335528e-04
92            	1.880008e-02	9.172249e-03	9.627835e-03	-2.061176e-03	1.166623e-02	-1.372741e-02	1.269682e-02	-2.277930e-04	2.991212e-04	3.320705e-04	4.651565e-04	-1.330860e-04
93            	1.874082e-02	9.143716e-03	9.597101e-03	-2.061757e-03	1.162367e-02	-1.368543e-02	1.265455e-02	-2.266925e-04	2.977597e-04	3.304389e-04	4.629791e-04	-1.325402e-04
94            	1.868275e-02	9.115818e-03	9.566927e-03	-2.062304e-03	1.158193e-02	-1.364423e-02	1.261308e-02	-2.255547e-04	2.962449e-04	3.286534e-04	4.605716e-04	-1.319182e-04
95            	1.862578e-02	9.088502e-03	9.537281e-03	-2.062801e-03	1.154094e-02	-1.360374e-02	1.257234e-02	-2.243897e-04	2.945872e-04	3.267070e-04	4.579407e-04	-1.312337e-04
96            	1.856988e-02	9.061727e-03	9.508153e-03	-2.063245e-03	1.150069e-02	-1.356394e-02	1.253232e-02	-2.232131e-04	2.928172e-04	3.246180e-04	4.551261e-04	-1.305082e-04
97            	1.851502e-02	9.035466e-03	9.479554e-03	-2.063638e-03	1.146120e-02	-1.352483e-02	1.249302e-02	-2.220437e-04	2.909782e-04	3.224221e-04	4.521893e-04	-1.297672e-04
98            	1.846122e-02	9.009708e-03	9.451509e-03	-2.063994e-03	1.142247e-02	-1.348647e-02	1.245447e-02	-2.209003e-04	2.891202e-04	3.201674e-04	4.492039e-04	-1.290365e-04
99            	1.840850e-02	8.984451e-03	9.424048e-03	-2.064327e-03	1.138455e-02	-1.344888e-02	1.241672e-02	-2.197987e-04	2.872921e-04	3.179053e-04	4.462448e-04	-1.283395e-04
100           	1.835690e-02	8.959699e-03	9.397204e-03	-2.064655e-03	1.134748e-02	-1.341213e-02	1.237980e-02	-2.187524e-04	2.855357e-04	3.156852e-04	4.433782e-04	-1.276931e-04
101           	1.830646e-02	8.935459e-03	9.370998e-03	-2.064993e-03	1.131126e-02	-1.337626e-02	1.234376e-02	-2.177691e-04	2.838816e-04	3.135466e-04	4.406549e-04	-1.271084e-04
102           	1.825718e-02	8.911737e-03	9.345439e-03	-2.065350e-03	1.127593e-02	-1.334128e-02	1.230860e-02	-2.168511e-04	2.823477e-04	3.115172e-04	4.381063e-04	-1.265891e-04
103           	1.820906e-02	8.888535e-03	9.320524e-03	-2.065733e-03	1.124146e-02	-1.330719e-02	1.227432e-02	-2.159944e-04	2.809370e-04	3.096091e-04	4.357416e-04	-1.261325e-04
104           	1.816208e-02	8.865850e-03	9.296233e-03	-2.066142e-03	1.120783e-02	-1.327397e-02	1.224090e-02	-2.151917e-04	2.796423e-04	3.078226e-04	4.335536e-04	-1.257311e-04
105           	1.811621e-02	8.843672e-03	9.272542e-03	-2.066574e-03	1.117502e-02	-1.324159e-02	1.220831e-02	-2.144347e-04	2.784492e-04	3.061490e-04	4.315237e-04	-1.253747e-04
106           	1.807141e-02	8.821988e-03	9.249417e-03	-2.067022e-03	1.114298e-02	-1.321000e-02	1.217649e-02	-2.137144e-04	2.773385e-04	3.045725e-04	4.296248e-04	-1.250522e-04
107           	1.802762e-02	8.800784e-03	9.226831e-03	-2.067479e-03	1.111167e-02	-1.317915e-02	1.214541e-02	-2.130238e-04	2.762904e-04	3.030754e-04	4.278281e-04	-1.247527e-04
108           	1.798478e-02	8.780036e-03	9.204747e-03	-2.067936e-03	1.108104e-02	-1.314898e-02	1.211501e-02	-2.123555e-04	2.752862e-04	3.016381e-04	4.261052e-04	-1.244671e-04
109           	1.794286e-02	8.759726e-03	9.183137e-03	-2.068388e-03	1.105106e-02	-1.311945e-02	1.208525e-02	-2.117060e-04	2.743104e-04	3.002443e-04	4.244325e-04	-1.241882e-04
110           	1.790182e-02	8.739838e-03	9.161981e-03	-2.068829e-03	1.102169e-02	-1.309052e-02	1.205611e-02	-2.110713e-04	2.733504e-04	2.988786e-04	4.227897e-04	-1.239111e-04
111           	1.786162e-02	8.720362e-03	9.141260e-03	-2.069256e-03	1.099293e-02	-1.306218e-02	1.202755e-02	-2.104488e-04	2.723975e-04	2.975291e-04	4.211620e-04	-1.236329e-04
112           	1.782225e-02	8.701288e-03	9.120963e-03	-2.069671e-03	1.096474e-02	-1.303441e-02	1.199958e-02	-2.098376e-04	2.714474e-04	2.961886e-04	4.195417e-04	-1.233531e-04
113           	1.778369e-02	8.682608e-03	9.101085e-03	-2.070074e-03	1.093713e-02	-1.300721e-02	1.197217e-02	-2.092381e-04	2.704998e-04	2.948540e-04	4.179268e-04	-1.230727e-04
114           	1.774594e-02	8.664319e-03	9.081621e-03	-2.070469e-03	1.091010e-02	-1.298057e-02	1.194533e-02	-2.086514e-04	2.695567e-04	2.935254e-04	4.163194e-04	-1.227940e-04
115           	1.770899e-02	8.646414e-03	9.062571e-03	-2.070860e-03	1.088363e-02	-1.295449e-02	1.191906e-02	-2.080785e-04	2.686220e-04	2.922052e-04	4.147246e-04	-1.225195e-04
116           	1.767282e-02	8.628891e-03	9.043932e-03	-2.071249e-03	1.085773e-02	-1.292898e-02	1.189336e-02	-2.075205e-04	2.676999e-04	2.908966e-04	4.131482e-04	-1.222516e-04
117           	1.763745e-02	8.611745e-03	9.025701e-03	-2.071640e-03	1.083240e-02	-1.290404e-02	1.186822e-02	-2.069783e-04	2.667944e-04	2.896037e-04	4.115962e-04	-1.219925e-04
118           	1.760284e-02	8.594964e-03	9.007872e-03	-2.072031e-03	1.080763e-02	-1.287966e-02	1.184364e-02	-2.064539e-04	2.659136e-04	2.883342e-04	4.100807e-04	-1.217464e-04
119           	1.756899e-02	8.578550e-03	8.990442e-03	-2.072427e-03	1.078340e-02	-1.285583e-02	1.181961e-02	-2.059457e-04	2.650541e-04	2.870870e-04	4.085976e-04	-1.215106e-04
120           	1.753590e-02	8.562503e-03	8.973401e-03	-2.072829e-03	1.075972e-02	-1.283255e-02	1.179614e-02	-2.054493e-04	2.642106e-04	2.858581e-04	4.071397e-04	-1.212816e-04
121           	1.750355e-02	8.546808e-03	8.956740e-03	-2.073232e-03	1.073657e-02	-1.280980e-02	1.177319e-02	-2.049659e-04	2.633878e-04	2.846527e-04	4.057141e-04	-1.210614e-04
122           	1.747191e-02	8.531459e-03	8.940446e-03	-2.073637e-03	1.071393e-02	-1.278757e-02	1.175075e-02	-2.044939e-04	2.625843e-04	2.834703e-04	4.043194e-04	-1.208491e-04
123           	1.744096e-02	8.516448e-03	8.924509e-03	-2.074042e-03	1.069179e-02	-1.276584e-02	1.172881e-02	-2.040309e-04	2.617978e-04	2.823095e-04	4.029526e-04	-1.206431e-04
124           	1.741069e-02	8.501767e-03	8.908918e-03	-2.074444e-03	1.067014e-02	-1.274458e-02	1.170736e-02	-2.035754e-04	2.610261e-04	2.811682e-04	4.016102e-04	-1.204420e-04
125           	1.738107e-02	8.487411e-03	8.893662e-03	-2.074844e-03	1.064895e-02	-1.272379e-02	1.168637e-02	-2.031258e-04	2.602662e-04	2.800439e-04	4.002882e-04	-1.202443e-04
126           	1.735210e-02	8.473366e-03	8.878731e-03	-2.075237e-03	1.062821e-02	-1.270345e-02	1.166583e-02	-2.026826e-04	2.595207e-04	2.789382e-04	3.989898e-04	-1.200516e-04
127           	1.732375e-02	8.459632e-03	8.864120e-03	-2.075626e-03	1.060793e-02	-1.268355e-02	1.164574e-02	-2.022441e-04	2.587825e-04	2.778449e-04	3.977050e-04	-1.198601e-04
128           	1.729603e-02	8.446203e-03	8.849822e-03	-2.076012e-03	1.058808e-02	-1.266409e-02	1.162608e-02	-2.018096e-04	2.580489e-04	2.767608e-04	3.964292e-04	-1.196685e-04
129           	1.726890e-02	8.433074e-03	8.835829e-03	-2.076392e-03	1.056866e-02	-1.264505e-02	1.160685e-02	-2.013771e-04	2.573156e-04	2.756816e-04	3.951564e-04	-1.194748e-04
130           	1.724237e-02	8.420242e-03	8.822130e-03	-2.076769e-03	1.054966e-02	-1.262642e-02	1.158804e-02	-2.009443e-04	2.565790e-04	2.746036e-04	3.938809e-04	-1.192772e-04
131           	1.721642e-02	8.407700e-03	8.808721e-03	-2.077140e-03	1.053107e-02	-1.260821e-02	1.156964e-02	-2.005109e-04	2.558378e-04	2.735260e-04	3.926008e-04	-1.190748e-04
132           	1.719104e-02	8.395444e-03	8.795593e-03	-2.077507e-03	1.051288e-02	-1.259038e-02	1.155163e-02	-2.000746e-04	2.550893e-04	2.724455e-04	3.913121e-04	-1.188666e-04
133           	1.716621e-02	8.383472e-03	8.782739e-03	-2.077870e-03	1.049508e-02	-1.257295e-02	1.153402e-02	-1.996335e-04	2.543311e-04	2.713595e-04	3.900108e-04	-1.186513e-04
134           	1.714193e-02	8.371780e-03	8.770149e-03	-2.078227e-03	1.047767e-02	-1.255590e-02	1.151679e-02	-1.991848e-04	2.535601e-04	2.702653e-04	3.886927e-04	-1.184275e-04
135           	1.711818e-02	8.360366e-03	8.757816e-03	-2.078579e-03	1.046065e-02	-1.253922e-02	1.149993e-02	-1.987254e-04	2.527728e-04	2.691595e-04	3.873525e-04	-1.181931e-04
136           	1.709496e-02	8.349227e-03	8.745732e-03	-2.078926e-03	1.044399e-02	-1.252291e-02	1.148345e-02	-1.982521e-04	2.519659e-04	2.680391e-04	3.859855e-04	-1.179464e-04
137           	1.707225e-02	8.338363e-03	8.733888e-03	-2.079266e-03	1.042769e-02	-1.250696e-02	1.146733e-02	-1.977623e-04	2.511366e-04	2.669014e-04	3.845872e-04	-1.176859e-04
138           	1.705005e-02	8.327769e-03	8.722277e-03	-2.079601e-03	1.041176e-02	-1.249136e-02	1.145156e-02	-1.972540e-04	2.502834e-04	2.657448e-04	3.831558e-04	-1.174110e-04
139           	1.702834e-02	8.317442e-03	8.710894e-03	-2.079930e-03	1.039617e-02	-1.247610e-02	1.143613e-02	-1.967262e-04	2.494063e-04	2.645688e-04	3.816907e-04	-1.171220e-04
140           	1.700711e-02	8.307376e-03	8.699733e-03	-2.080251e-03	1.038092e-02	-1.246118e-02	1.142105e-02	-1.961786e-04	2.485064e-04	2.633743e-04	3.801936e-04	-1.168193e-04
141           	1.698635e-02	8.297565e-03	8.688789e-03	-2.080565e-03	1.036601e-02	-1.244658e-02	1.140630e-02	-1.956116e-04	2.475864e-04	2.621638e-04	3.786683e-04	-1.165045e-04
142           	1.696606e-02	8.288007e-03	8.678058e-03	-2.080873e-03	1.035143e-02	-1.243230e-02	1.139187e-02	-1.950258e-04	2.466462e-04	2.609372e-04	3.771148e-04	-1.161776e-04
143           	1.694623e-02	8.278694e-03	8.667538e-03	-2.081174e-03	1.033717e-02	-1.241834e-02	1.137776e-02	-1.944219e-04	2.456872e-04	2.596957e-04	3.755351e-04	-1.158393e-04
144           	1.692685e-02	8.269623e-03	8.657224e-03	-2.081467e-03	1.032323e-02	-1.240470e-02	1.136396e-02	-1.938007e-04	2.447111e-04	2.584409e-04	3.739316e-04	-1.154907e-04
145           	1.690790e-02	8.260786e-03	8.647112e-03	-2.081754e-03	1.030959e-02	-1.239135e-02	1.135047e-02	-1.931632e-04	2.437197e-04	2.571742e-04	3.723068e-04	-1.151326e-04
146           	1.688938e-02	8.252178e-03	8.637200e-03	-2.082034e-03	1.029626e-02	-1.237830e-02	1.133728e-02	-1.925112e-04	2.427154e-04	2.558978e-04	3.706642e-04	-1.147665e-04
147           	1.687127e-02	8.243791e-03	8.627484e-03	-2.082307e-03	1.028323e-02	-1.236553e-02	1.132438e-02	-1.918462e-04	2.417005e-04	2.546138e-04	3.690074e-04	-1.143936e-04
148           	1.685358e-02	8.235620e-03	8.617961e-03	-2.082572e-03	1.027048e-02	-1.235305e-02	1.131177e-02	-1.911701e-04	2.406777e-04	2.533245e-04	3.673399e-04	-1.140155e-04
149           	1.683629e-02	8.227658e-03	8.608628e-03	-2.082831e-03	1.025802e-02	-1.234085e-02	1.129943e-02	-1.904850e-04	2.396497e-04	2.520323e-04	3.656659e-04	-1.136335e-04
150           	1.681938e-02	8.219898e-03	8.599485e-03	-2.083083e-03	1.024583e-02	-1.232891e-02	1.128737e-02	-1.897934e-04	2.386195e-04	2.507402e-04	3.639896e-04	-1.132494e-04
151           	1.680286e-02	8.212333e-03	8.590529e-03	-2.083328e-03	1.023392e-02	-1.231724e-02	1.127558e-02	-1.890979e-04	2.375904e-04	2.494511e-04	3.623160e-04	-1.128648e-04
152           	1.678671e-02	8.204956e-03	8.581759e-03	-2.083566e-03	1.022227e-02	-1.230583e-02	1.126405e-02	-1.884015e-04	2.365653e-04	2.481676e-04	3.606491e-04	-1.124815e-04
153           	1.677093e-02	8.197761e-03	8.573174e-03	-2.083798e-03	1.021088e-02	-1.229467e-02	1.125278e-02	-1.877066e-04	2.355470e-04	2.468920e-04	3.589930e-04	-1.121010e-04
154           	1.675551e-02	8.190740e-03	8.564772e-03	-2.084024e-03	1.019974e-02	-1.228376e-02	1.124175e-02	-1.870157e-04	2.345380e-04	2.456267e-04	3.573513e-04	-1.117246e-04
155           	1.674044e-02	8.183889e-03	8.556551e-03	-2.084243e-03	1.018885e-02	-1.227310e-02	1.123097e-02	-1.863308e-04	2.335400e-04	2.443734e-04	3.557268e-04	-1.113533e-04
156           	1.672571e-02	8.177201e-03	8.548510e-03	-2.084457e-03	1.017821e-02	-1.226267e-02	1.122044e-02	-1.856542e-04	2.325557e-04	2.431346e-04	3.541230e-04	-1.109884e-04
157           	1.671132e-02	8.170671e-03	8.540647e-03	-2.084665e-03	1.016781e-02	-1.225247e-02	1.121014e-02	-1.849879e-04	2.315871e-04	2.419124e-04	3.525433e-04	-1.106309e-04
158           	1.669725e-02	8.164294e-03	8.532959e-03	-2.084867e-03	1.015764e-02	-1.224250e-02	1.120007e-02	-1.843325e-04	2.306351e-04	2.407083e-04	3.509892e-04	-1.102810e-04
159           	1.668351e-02	8.158068e-03	8.525443e-03	-2.085064e-03	1.014769e-02	-1.223276e-02	1.119023e-02	-1.836875e-04	2.296997e-04	2.395226e-04	3.494611e-04	-1.099384e-04
160           	1.667008e-02	8.151990e-03	8.518093e-03	-2.085255e-03	1.013798e-02	-1.222323e-02	1.118061e-02	-1.830516e-04	2.287794e-04	2.383544e-04	3.479567e-04	-1.096022e-04
161           	1.665696e-02	8.146058e-03	8.510904e-03	-2.085441e-03	1.012848e-02	-1.221392e-02	1.117120e-02	-1.824231e-04	2.278724e-04	2.372024e-04	3.464736e-04	-1.092711e-04
162           	1.664414e-02	8.140271e-03	8.503873e-03	-2.085622e-03	1.011920e-02	-1.220482e-02	1.116201e-02	-1.818006e-04	2.269762e-04	2.360647e-04	3.450085e-04	-1.089438e-04
163           	1.663162e-02	8.134628e-03	8.496994e-03	-2.085797e-03	1.011013e-02	-1.219593e-02	1.115303e-02	-1.811830e-04	2.260895e-04	2.349402e-04	3.435596e-04	-1.086194e-04
164           	1.661939e-02	8.129124e-03	8.490265e-03	-2.085967e-03	1.010127e-02	-1.218723e-02	1.114425e-02	-1.805704e-04	2.252127e-04	2.338295e-04	3.421275e-04	-1.082980e-04
165           	1.660744e-02	8.123757e-03	8.483682e-03	-2.086132e-03	1.009260e-02	-1.217874e-02	1.113567e-02	-1.799622e-04	2.243457e-04	2.327325e-04	3.407120e-04	-1.079795e-04
166           	1.659577e-02	8.118526e-03	8.477241e-03	-2.086293e-03	1.008414e-02	-1.217043e-02	1.112729e-02	-1.793575e-04	2.234872e-04	2.316480e-04	3.393112e-04	-1.076632e-04
167           	1.658437e-02	8.113428e-03	8.470939e-03	-2.086448e-03	1.007587e-02	-1.216232e-02	1.111910e-02	-1.787551e-04	2.226354e-04	2.305742e-04	3.379225e-04	-1.073483e-04
168           	1.657323e-02	8.108463e-03	8.464770e-03	-2.086598e-03	1.006780e-02	-1.215439e-02	1.111109e-02	-1.781534e-04	2.217880e-04	2.295088e-04	3.365424e-04	-1.070335e-04
169           	1.656236e-02	8.103630e-03	8.458732e-03	-2.086743e-03	1.005991e-02	-1.214665e-02	1.110328e-02	-1.775511e-04	2.209431e-04	2.284499e-04	3.351680e-04	-1.067182e-04
170           	1.655175e-02	8.098925e-03	8.452821e-03	-2.086883e-03	1.005220e-02	-1.213908e-02	1.109564e-02	-1.769476e-04	2.201005e-04	2.273968e-04	3.337989e-04	-1.064021e-04
171           	1.654138e-02	8.094346e-03	8.447035e-03	-2.087018e-03	1.004467e-02	-1.213169e-02	1.108818e-02	-1.763442e-04	2.192619e-04	2.263510e-04	3.324374e-04	-1.060864e-04
172           	1.653126e-02	8.089888e-03	8.441374e-03	-2.087149e-03	1.003732e-02	-1.212447e-02	1.108089e-02	-1.757428e-04	2.184298e-04	2.253147e-04	3.310872e-04	-1.057724e-04
173           	1.652138e-02	8.085547e-03	8.435836e-03	-2.087275e-03	1.003014e-02	-1.211741e-02	1.107377e-02	-1.751446e-04	2.176064e-04	2.242899e-04	3.297513e-04	-1.054614e-04
174           	1.651174e-02	8.081320e-03	8.430422e-03	-2.087397e-03	1.002313e-02	-1.211052e-02	1.106682e-02	-1.745507e-04	2.167936e-04	2.232784e-04	3.284327e-04	-1.051544e-04
175           	1.650233e-02	8.077203e-03	8.425128e-03	-2.087515e-03	1.001628e-02	-1.210380e-02	1.106004e-02	-1.739624e-04	2.159935e-04	2.222819e-04	3.271345e-04	-1.048526e-04
176           	1.649315e-02	8.073193e-03	8.419954e-03	-2.087628e-03	1.000960e-02	-1.209723e-02	1.105341e-02	-1.733806e-04	2.152082e-04	2.213025e-04	3.258594e-04	-1.045569e-04
177           	1.648418e-02	8.069286e-03	8.414898e-03	-2.087737e-03	1.000307e-02	-1.209081e-02	1.104694e-02	-1.728061e-04	2.144391e-04	2.203415e-04	3.246099e-04	-1.042684e-04
178           	1.647544e-02	8.065480e-03	8.409959e-03	-2.087842e-03	9.996707e-03	-1.208455e-02	1.104063e-02	-1.722397e-04	2.136878e-04	2.194004e-04	3.233880e-04	-1.039876e-04
179           	1.646691e-02	8.061771e-03	8.405136e-03	-2.087943e-03	9.990490e-03	-1.207843e-02	1.103446e-02	-1.716826e-04	2.129557e-04	2.184806e-04	3.221960e-04	-1.037154e-04
180           	1.645858e-02	8.058155e-03	8.400427e-03	-2.088040e-03	9.984423e-03	-1.207246e-02	1.102844e-02	-1.711360e-04	2.122444e-04	2.175838e-04	3.210363e-04	-1.034525e-04
181           	1.645046e-02	8.054628e-03	8.395832e-03	-2.088133e-03	9.978502e-03	-1.206663e-02	1.102257e-02	-1.706016e-04	2.115554e-04	2.167114e-04	3.199111e-04	-1.031997e-04
182           	1.644254e-02	8.051188e-03	8.391349e-03	-2.088223e-03	9.972722e-03	-1.206095e-02	1.101683e-02	-1.700808e-04	2.108901e-04	2.158651e-04	3.188226e-04	-1.029576e-04
183           	1.643480e-02	8.047825e-03	8.386979e-03	-2.088308e-03	9.967079e-03	-1.205539e-02	1.101123e-02	-1.695771e-04	2.102520e-04	2.150481e-04	3.177761e-04	-1.027280e-04
184           	1.642726e-02	8.044543e-03	8.382719e-03	-2.088390e-03	9.961574e-03	-1.204996e-02	1.100577e-02	-1.690877e-04	2.096380e-04	2.142579e-04	3.167669e-04	-1.025090e-04
185           	1.641991e-02	8.041342e-03	8.378567e-03	-2.088468e-03	9.956203e-03	-1.204467e-02	1.100044e-02	-1.686124e-04	2.090473e-04	2.134938e-04	3.157942e-04	-1.023005e-04
186           	1.641274e-02	8.038218e-03	8.374520e-03	-2.088544e-03	9.950964e-03	-1.203951e-02	1.099524e-02	-1.681506e-04	2.084790e-04	2.127546e-04	3.148563e-04	-1.021017e-04
187           	1.640575e-02	8.035171e-03	8.370575e-03	-2.088617e-03	9.945854e-03	-1.203447e-02	1.099016e-02	-1.677019e-04	2.079316e-04	2.120392e-04	3.139512e-04	-1.019121e-04
188           	1.639893e-02	8.032203e-03	8.366728e-03	-2.088688e-03	9.940870e-03	-1.202956e-02	1.098521e-02	-1.672629e-04	2.074012e-04	2.113437e-04	3.130730e-04	-1.017294e-04
189           	1.639228e-02	8.029306e-03	8.362978e-03	-2.088756e-03	9.936008e-03	-1.202476e-02	1.098039e-02	-1.668359e-04	2.068893e-04	2.106693e-04	3.122240e-04	-1.015547e-04
190           	1.638580e-02	8.026481e-03	8.359322e-03	-2.088820e-03	9.931265e-03	-1.202009e-02	1.097568e-02	-1.664205e-04	2.063947e-04	2.100146e-04	3.114020e-04	-1.013874e-04
191           	1.637948e-02	8.023725e-03	8.355757e-03	-2.088882e-03	9.926638e-03	-1.201552e-02	1.097108e-02	-1.660158e-04	2.059160e-04	2.093783e-04	3.106052e-04	-1.012268e-04
192           	1.637332e-02	8.021039e-03	8.352281e-03	-2.088941e-03	9.922124e-03	-1.201106e-02	1.096659e-02	-1.656209e-04	2.054517e-04	2.087590e-04	3.098312e-04	-1.010722e-04
193           	1.636731e-02	8.018414e-03	8.348892e-03	-2.088996e-03	9.917716e-03	-1.200671e-02	1.096221e-02	-1.652387e-04	2.050043e-04	2.081587e-04	3.090836e-04	-1.009249e-04
194           	1.636145e-02	8.015860e-03	8.345585e-03	-2.089049e-03	9.913420e-03	-1.200247e-02	1.095794e-02	-1.648626e-04	2.045666e-04	2.075706e-04	3.083519e-04	-1.007813e-04
195           	1.635574e-02	8.013376e-03	8.342359e-03	-2.089100e-03	9.909233e-03	-1.199833e-02	1.095378e-02	-1.644914e-04	2.041374e-04	2.069935e-04	3.076342e-04	-1.006407e-04
196           	1.635017e-02	8.010962e-03	8.339211e-03	-2.089150e-03	9.905153e-03	-1.199430e-02	1.094973e-02	-1.641246e-04	2.037155e-04	2.064262e-04	3.069286e-04	-1.005024e-04
197           	1.634475e-02	8.008616e-03	8.336139e-03	-2.089198e-03	9.901176e-03	-1.199037e-02	1.094578e-02	-1.637616e-04	2.033002e-04	2.058679e-04	3.062341e-04	-1.003662e-04
198           	1.633948e-02	8.006335e-03	8.333140e-03	-2.089245e-03	9.897301e-03	-1.198655e-02	1.094192e-02	-1.634024e-04	2.028908e-04	2.053178e-04	3.055497e-04	-1.002319e-04
199           	1.633433e-02	8.004120e-03	8.330213e-03	-2.089290e-03	9.893525e-03	-1.198281e-02	1.093817e-02	-1.630465e-04	2.024867e-04	2.047751e-04	3.048743e-04	-1.000992e-04
200           	1.632932e-02	8.001968e-03	8.327355e-03	-2.089333e-03	9.889844e-03	-1.197918e-02	1.093451e-02	-1.626936e-04	2.020873e-04	2.042390e-04	3.042068e-04	-9.996781e-05
201           	1.632444e-02	7.999877e-03	8.324564e-03	-2.089375e-03	9.886257e-03	-1.197563e-02	1.093094e-02	-1.623434e-04	2.016919e-04	2.037087e-04	3.035462e-04	-9.983754e-05
202           	1.631969e-02	7.997848e-03	8.321838e-03	-2.089415e-03	9.882761e-03	-1.197218e-02	1.092747e-02	-1.619954e-04	2.012998e-04	2.031835e-04	3.028915e-04	-9.970805e-05
203           	1.631505e-02	7.995878e-03	8.319176e-03	-2.089453e-03	9.879354e-03	-1.196881e-02	1.092408e-02	-1.616490e-04	2.009103e-04	2.026626e-04	3.022416e-04	-9.957902e-05
204           	1.631054e-02	7.993967e-03	8.316575e-03	-2.089490e-03	9.876034e-03	-1.196552e-02	1.092078e-02	-1.613038e-04	2.005229e-04	2.021454e-04	3.015956e-04	-9.945017e-05
205           	1.630615e-02	7.992115e-03	8.314034e-03	-2.089525e-03	9.872800e-03	-1.196232e-02	1.091756e-02	-1.609595e-04	2.001370e-04	2.016314e-04	3.009527e-04	-9.932128e-05
206           	1.630187e-02	7.990319e-03	8.311551e-03	-2.089559e-03	9.869649e-03	-1.195921e-02	1.091443e-02	-1.606157e-04	1.997522e-04	2.011202e-04	3.003124e-04	-9.919214e-05
207           	1.629770e-02	7.988580e-03	8.309124e-03	-2.089592e-03	9.866581e-03	-1.195617e-02	1.091138e-02	-1.602723e-04	1.993683e-04	2.006114e-04	2.996740e-04	-9.906262e-05
208           	1.629365e-02	7.986896e-03	8.306753e-03	-2.089623e-03	9.863592e-03	-1.195322e-02	1.090840e-02	-1.599288e-04	1.989849e-04	2.001046e-04	2.990371e-04	-9.893258e-05
209           	1.628970e-02	7.985265e-03	8.304436e-03	-2.089654e-03	9.860682e-03	-1.195034e-02	1.090551e-02	-1.595852e-04	1.986017e-04	1.995995e-04	2.984014e-04	-9.880198e-05
210           	1.628586e-02	7.983688e-03	8.302171e-03	-2.089684e-03	9.857848e-03	-1.194753e-02	1.090269e-02	-1.592413e-04	1.982187e-04	1.990958e-04	2.977666e-04	-9.867078e-05
211           	1.628212e-02	7.982162e-03	8.299957e-03	-2.089712e-03	9.855089e-03	-1.194480e-02	1.089995e-02	-1.588974e-04	1.978357e-04	1.985934e-04	2.971324e-04	-9.853897e-05
212           	1.627848e-02	7.980686e-03	8.297793e-03	-2.089740e-03	9.852404e-03	-1.194214e-02	1.089727e-02	-1.585533e-04	1.974526e-04	1.980920e-04	2.964985e-04	-9.840657e-05
213           	1.627696e-02	7.980140e-03	8.296825e-03	-2.089830e-03	9.851311e-03	-1.194114e-02	1.089623e-02	-1.583424e-04	1.972733e-04	1.978492e-04	2.961979e-04	-9.834867e-05
214           	1.627566e-02	7.979608e-03	8.296050e-03	-2.089957e-03	9.850383e-03	-1.194034e-02	1.089536e-02	-1.582209e-04	1.972291e-04	1.977783e-04	2.961183e-04	-9.833993e-05
215           	1.627442e-02	7.979062e-03	8.295356e-03	-2.090091e-03	9.849506e-03	-1.193960e-02	1.089455e-02	-1.581470e-04	1.972511e-04	1.977915e-04	2.961469e-04	-9.835538e-05
216           	1.627312e-02	7.978479e-03	8.294642e-03	-2.090205e-03	9.848579e-03	-1.193878e-02	1.089368e-02	-1.580816e-04	1.972764e-04	1.978088e-04	2.961808e-04	-9.837197e-05
217           	1.627169e-02	7.977845e-03	8.293842e-03	-2.090283e-03	9.847537e-03	-1.193782e-02	1.089268e-02	-1.579984e-04	1.972614e-04	1.977763e-04	2.961496e-04	-9.837329e-05
218           	1.627008e-02	7.977157e-03	8.292922e-03	-2.090316e-03	9.846352e-03	-1.193667e-02	1.089151e-02	-1.578822e-04	1.971826e-04	1.976642e-04	2.960147e-04	-9.835047e-05
219           	1.626831e-02	7.976423e-03	8.291883e-03	-2.090306e-03	9.845030e-03	-1.193534e-02	1.089018e-02	-1.577304e-04	1.970361e-04	1.974679e-04	2.957701e-04	-9.830215e-05
220           	1.626641e-02	7.975658e-03	8.290751e-03	-2.090264e-03	9.843605e-03	-1.193387e-02	1.088874e-02	-1.575466e-04	1.968307e-04	1.971986e-04	2.954300e-04	-9.823142e-05
221           	1.626444e-02	7.974884e-03	8.289557e-03	-2.090203e-03	9.842123e-03	-1.193233e-02	1.088722e-02	-1.573365e-04	1.965806e-04	1.968745e-04	2.950179e-04	-9.814337e-05
222           	1.626246e-02	7.974121e-03	8.288343e-03	-2.090136e-03	9.840633e-03	-1.193077e-02	1.088570e-02	-1.571110e-04	1.963070e-04	1.965217e-04	2.945678e-04	-9.804616e-05
223           	1.626053e-02	7.973384e-03	8.287150e-03	-2.090076e-03	9.839181e-03	-1.192926e-02	1.088422e-02	-1.568828e-04	1.960318e-04	1.961665e-04	2.941150e-04	-9.794849e-05
224           	1.625869e-02	7.972681e-03	8.286007e-03	-2.090032e-03	9.837798e-03	-1.192783e-02	1.088281e-02	-1.566628e-04	1.957723e-04	1.958299e-04	2.936872e-04	-9.785731e-05
225           	1.625695e-02	7.972016e-03	8.284931e-03	-2.090009e-03	9.836502e-03	-1.192651e-02	1.088151e-02	-1.564577e-04	1.955388e-04	1.955241e-04	2.933009e-04	-9.777678e-05
226           	1.625532e-02	7.971387e-03	8.283928e-03	-2.090007e-03	9.835295e-03	-1.192530e-02	1.088030e-02	-1.562705e-04	1.953348e-04	1.952531e-04	2.929613e-04	-9.770823e-05
227           	1.625378e-02	7.970789e-03	8.282990e-03	-2.090023e-03	9.834164e-03	-1.192419e-02	1.087918e-02	-1.561009e-04	1.951579e-04	1.950142e-04	2.926650e-04	-9.765079e-05
228           	1.625232e-02	7.970212e-03	8.282104e-03	-2.090051e-03	9.833091e-03	-1.192314e-02	1.087812e-02	-1.559462e-04	1.950021e-04	1.948004e-04	2.924023e-04	-9.760191e-05
229           	1.625090e-02	7.969647e-03	8.281251e-03	-2.090085e-03	9.832055e-03	-1.192214e-02	1.087710e-02	-1.558017e-04	1.948591e-04	1.946020e-04	2.921601e-04	-9.755812e-05
230           	1.624950e-02	7.969089e-03	8.280414e-03	-2.090118e-03	9.831033e-03	-1.192115e-02	1.087609e-02	-1.556623e-04	1.947203e-04	1.944091e-04	2.919249e-04	-9.751576e-05
231           	1.624811e-02	7.968532e-03	8.279579e-03	-2.090146e-03	9.830011e-03	-1.192016e-02	1.087508e-02	-1.555234e-04	1.945784e-04	1.942134e-04	2.916851e-04	-9.747168e-05
232           	1.624671e-02	7.967974e-03	8.278737e-03	-2.090167e-03	9.828979e-03	-1.191915e-02	1.087406e-02	-1.553812e-04	1.944282e-04	1.940090e-04	2.914327e-04	-9.742367e-05
233           	1.624530e-02	7.967416e-03	8.277884e-03	-2.090179e-03	9.827935e-03	-1.191811e-02	1.087302e-02	-1.552337e-04	1.942671e-04	1.937931e-04	2.911637e-04	-9.737056e-05
234           	1.624388e-02	7.966861e-03	8.277020e-03	-2.090185e-03	9.826882e-03	-1.191707e-02	1.087197e-02	-1.550798e-04	1.940948e-04	1.935652e-04	2.908774e-04	-9.731216e-05
235           	1.624246e-02	7.966311e-03	8.276151e-03	-2.090184e-03	9.825827e-03	-1.191601e-02	1.087092e-02	-1.549199e-04	1.939125e-04	1.933269e-04	2.905759e-04	-9.724906e-05
236           	1.624105e-02	7.965772e-03	8.275281e-03	-2.090182e-03	9.824777e-03	-1.191496e-02	1.086987e-02	-1.547549e-04	1.937227e-04	1.930808e-04	2.902631e-04	-9.718231e-05
237           	1.623966e-02	7.965245e-03	8.274418e-03	-2.090178e-03	9.823740e-03	-1.191392e-02	1.086883e-02	-1.545864e-04	1.935282e-04	1.928300e-04	2.899432e-04	-9.711318e-05
238           	1.623829e-02	7.964725e-03	8.273569e-03	-2.090175e-03	9.822720e-03	-1.191290e-02	1.086781e-02	-1.544220e-04	1.933375e-04	1.925832e-04	2.896291e-04	-9.704597e-05
239           	1.623696e-02	7.964223e-03	8.272734e-03	-2.090175e-03	9.821725e-03	-1.191190e-02	1.086681e-02	-1.542552e-04	1.931451e-04	1.923349e-04	2.893126e-04	-9.697765e-05
240           	1.623565e-02	7.963739e-03	8.271914e-03	-2.090178e-03	9.820755e-03	-1.191093e-02	1.086584e-02	-1.540871e-04	1.929522e-04	1.920866e-04	2.889955e-04	-9.690885e-05
241           	1.623438e-02	7.963272e-03	8.271109e-03	-2.090185e-03	9.819811e-03	-1.191000e-02	1.086490e-02	-1.539186e-04	1.927596e-04	1.918391e-04	2.886791e-04	-9.684003e-05
242           	1.623314e-02	7.962819e-03	8.270320e-03	-2.090194e-03	9.818889e-03	-1.190908e-02	1.086399e-02	-1.537505e-04	1.925678e-04	1.915926e-04	2.883641e-04	-9.677148e-05
243           	1.623192e-02	7.962377e-03	8.269544e-03	-2.090204e-03	9.817986e-03	-1.190819e-02	1.086309e-02	-1.535832e-04	1.923769e-04	1.913471e-04	2.880504e-04	-9.670331e-05
244           	1.623072e-02	7.961945e-03	8.268779e-03	-2.090214e-03	9.817098e-03	-1.190731e-02	1.086221e-02	-1.534169e-04	1.921867e-04	1.911024e-04	2.877379e-04	-9.663548e-05
245           	1.622955e-02	7.961521e-03	8.268025e-03	-2.090224e-03	9.816224e-03	-1.190645e-02	1.086134e-02	-1.532516e-04	1.919969e-04	1.908580e-04	2.874259e-04	-9.656789e-05
246           	1.622838e-02	7.961104e-03	8.267278e-03	-2.090233e-03	9.815360e-03	-1.190559e-02	1.086048e-02	-1.530871e-04	1.918073e-04	1.906137e-04	2.871141e-04	-9.650041e-05
247           	1.622723e-02	7.960693e-03	8.266540e-03	-2.090241e-03	9.814506e-03	-1.190475e-02	1.085963e-02	-1.529232e-04	1.916176e-04	1.903692e-04	2.868022e-04	-9.643296e-05
248           	1.622610e-02	7.960289e-03	8.265808e-03	-2.090248e-03	9.813662e-03	-1.190391e-02	1.085879e-02	-1.527598e-04	1.914277e-04	1.901245e-04	2.864900e-04	-9.636549e-05
249           	1.622498e-02	7.959891e-03	8.265085e-03	-2.090254e-03	9.812827e-03	-1.190308e-02	1.085795e-02	-1.525967e-04	1.912379e-04	1.898798e-04	2.861778e-04	-9.629804e-05
250           	1.622387e-02	7.959501e-03	8.264369e-03	-2.090259e-03	9.812004e-03	-1.190226e-02	1.085713e-02	-1.524339e-04	1.910483e-04	1.896352e-04	2.858659e-04	-9.623067e-05
251           	1.622278e-02	7.959119e-03	8.263661e-03	-2.090264e-03	9.811193e-03	-1.190146e-02	1.085632e-02	-1.522714e-04	1.908591e-04	1.893913e-04	2.855548e-04	-9.616350e-05
252           	1.622171e-02	7.958744e-03	8.262963e-03	-2.090269e-03	9.810394e-03	-1.190066e-02	1.085553e-02	-1.521095e-04	1.906707e-04	1.891482e-04	2.852448e-04	-9.609663e-05
253           	1.622065e-02	7.958379e-03	8.262275e-03	-2.090273e-03	9.809608e-03	-1.189988e-02	1.085474e-02	-1.519481e-04	1.904833e-04	1.889063e-04	2.849365e-04	-9.603017e-05
254           	1.621962e-02	7.958017e-03	8.261600e-03	-2.090279e-03	9.808835e-03	-1.189911e-02	1.085397e-02	-1.517918e-04	1.903013e-04	1.886699e-04	2.846363e-04	-9.596632e-05
255           	1.621860e-02	7.957664e-03	8.260934e-03	-2.090284e-03	9.808076e-03	-1.189836e-02	1.085322e-02	-1.516350e-04	1.901191e-04	1.884337e-04	2.843359e-04	-9.590226e-05
256           	1.621760e-02	7.957320e-03	8.260276e-03	-2.090289e-03	9.807329e-03	-1.189762e-02	1.085247e-02	-1.514778e-04	1.899366e-04	1.881974e-04	2.840353e-04	-9.583794e-05
257           	1.621661e-02	7.956985e-03	8.259626e-03	-2.090295e-03	9.806594e-03	-1.189689e-02	1.085174e-02	-1.513202e-04	1.897540e-04	1.879612e-04	2.837346e-04	-9.577339e-05
258           	1.621564e-02	7.956658e-03	8.258983e-03	-2.090300e-03	9.805871e-03	-1.189617e-02	1.085102e-02	-1.511625e-04	1.895714e-04	1.877254e-04	2.834341e-04	-9.570872e-05
259           	1.621469e-02	7.956338e-03	8.258348e-03	-2.090306e-03	9.805158e-03	-1.189546e-02	1.085031e-02	-1.510052e-04	1.893891e-04	1.874901e-04	2.831341e-04	-9.564406e-05
260           	1.621375e-02	7.956025e-03	8.257722e-03	-2.090310e-03	9.804456e-03	-1.189477e-02	1.084961e-02	-1.508485e-04	1.892073e-04	1.872555e-04	2.828350e-04	-9.557953e-05
261           	1.621282e-02	7.955718e-03	8.257103e-03	-2.090315e-03	9.803765e-03	-1.189408e-02	1.084892e-02	-1.506926e-04	1.890262e-04	1.870220e-04	2.825372e-04	-9.551524e-05
262           	1.621191e-02	7.955417e-03	8.256493e-03	-2.090320e-03	9.803083e-03	-1.189340e-02	1.084824e-02	-1.505377e-04	1.888460e-04	1.867896e-04	2.822408e-04	-9.545126e-05
263           	1.621101e-02	7.955122e-03	8.255890e-03	-2.090324e-03	9.802413e-03	-1.189274e-02	1.084757e-02	-1.503839e-04	1.886668e-04	1.865584e-04	2.819460e-04	-9.538765e-05
264           	1.621013e-02	7.954834e-03	8.255296e-03	-2.090328e-03	9.801752e-03	-1.189208e-02	1.084692e-02	-1.502311e-04	1.884886e-04	1.863284e-04	2.816529e-04	-9.532442e-05
265           	1.620926e-02	7.954551e-03	8.254710e-03	-2.090332e-03	9.801102e-03	-1.189143e-02	1.084627e-02	-1.500794e-04	1.883115e-04	1.860998e-04	2.813614e-04	-9.526157e-05
266           	1.620841e-02	7.954275e-03	8.254132e-03	-2.090336e-03	9.800462e-03	-1.189080e-02	1.084563e-02	-1.499286e-04	1.881353e-04	1.858724e-04	2.810715e-04	-9.519908e-05
267           	1.620757e-02	7.954004e-03	8.253562e-03	-2.090340e-03	9.799832e-03	-1.189017e-02	1.084500e-02	-1.497787e-04	1.879601e-04	1.856463e-04	2.807832e-04	-9.513697e-05
268           	1.620674e-02	7.953740e-03	8.252999e-03	-2.090344e-03	9.799213e-03	-1.188956e-02	1.084438e-02	-1.496297e-04	1.877860e-04	1.854215e-04	2.804967e-04	-9.507523e-05
269           	1.620592e-02	7.953467e-03	8.252455e-03	-2.090346e-03	9.798600e-03	-1.188895e-02	1.084377e-02	-1.494939e-04	1.876274e-04	1.852126e-04	2.802337e-04	-9.502107e-05
270           	1.620512e-02	7.953204e-03	8.251916e-03	-2.090350e-03	9.797998e-03	-1.188835e-02	1.084317e-02	-1.493557e-04	1.874664e-04	1.850017e-04	2.799673e-04	-9.496560e-05
271           	1.620433e-02	7.952951e-03	8.251381e-03	-2.090353e-03	9.797408e-03	-1.188776e-02	1.084258e-02	-1.492151e-04	1.873029e-04	1.847884e-04	2.796971e-04	-9.490869e-05
272           	1.620356e-02	7.952707e-03	8.250852e-03	-2.090357e-03	9.796828e-03	-1.188719e-02	1.084201e-02	-1.490725e-04	1.871372e-04	1.845733e-04	2.794239e-04	-9.485054e-05
273           	1.620280e-02	7.952472e-03	8.250329e-03	-2.090361e-03	9.796259e-03	-1.188662e-02	1.084144e-02	-1.489287e-04	1.869702e-04	1.843573e-04	2.791488e-04	-9.479155e-05
274           	1.620206e-02	7.952243e-03	8.249812e-03	-2.090366e-03	9.795699e-03	-1.188606e-02	1.084088e-02	-1.487845e-04	1.868028e-04	1.841412e-04	2.788734e-04	-9.473224e-05
275           	1.620132e-02	7.952020e-03	8.249302e-03	-2.090370e-03	9.795148e-03	-1.188552e-02	1.084033e-02	-1.486409e-04	1.866362e-04	1.839262e-04	2.785993e-04	-9.467307e-05
276           	1.620060e-02	7.951802e-03	8.248799e-03	-2.090374e-03	9.794606e-03	-1.188498e-02	1.083979e-02	-1.484987e-04	1.864710e-04	1.837130e-04	2.783275e-04	-9.461446e-05
277           	1.619989e-02	7.951587e-03	8.248304e-03	-2.090378e-03	9.794073e-03	-1.188445e-02	1.083926e-02	-1.483583e-04	1.863078e-04	1.835023e-04	2.780589e-04	-9.455667e-05
278           	1.619919e-02	7.951376e-03	8.247816e-03	-2.090382e-03	9.793547e-03	-1.188393e-02	1.083874e-02	-1.482200e-04	1.861469e-04	1.832942e-04	2.777940e-04	-9.449985e-05
279           	1.619851e-02	7.951169e-03	8.247336e-03	-2.090386e-03	9.793030e-03	-1.188342e-02	1.083822e-02	-1.480837e-04	1.859884e-04	1.830888e-04	2.775328e-04	-9.444401e-05
280           	1.619783e-02	7.950965e-03	8.246864e-03	-2.090389e-03	9.792521e-03	-1.188291e-02	1.083772e-02	-1.479493e-04	1.858321e-04	1.828860e-04	2.772751e-04	-9.438910e-05
281           	1.619716e-02	7.950766e-03	8.246399e-03	-2.090393e-03	9.792020e-03	-1.188241e-02	1.083722e-02	-1.478165e-04	1.856777e-04	1.826855e-04	2.770204e-04	-9.433498e-05
282           	1.619651e-02	7.950570e-03	8.245940e-03	-2.090396e-03	9.791527e-03	-1.188192e-02	1.083673e-02	-1.476851e-04	1.855251e-04	1.824870e-04	2.767686e-04	-9.428154e-05
283           	1.619587e-02	7.950379e-03	8.245489e-03	-2.090399e-03	9.791043e-03	-1.188144e-02	1.083624e-02	-1.475549e-04	1.853739e-04	1.822905e-04	2.765191e-04	-9.422865e-05
284           	1.619524e-02	7.950192e-03	8.245044e-03	-2.090403e-03	9.790566e-03	-1.188097e-02	1.083577e-02	-1.474257e-04	1.852240e-04	1.820956e-04	2.762718e-04	-9.417625e-05
285           	1.619462e-02	7.950010e-03	8.244605e-03	-2.090406e-03	9.790098e-03	-1.188050e-02	1.083530e-02	-1.472974e-04	1.850755e-04	1.819023e-04	2.760266e-04	-9.412429e-05
286           	1.619401e-02	7.949833e-03	8.244173e-03	-2.090410e-03	9.789638e-03	-1.188005e-02	1.083484e-02	-1.471700e-04	1.849281e-04	1.817107e-04	2.757835e-04	-9.407277e-05
287           	1.619341e-02	7.949660e-03	8.243747e-03	-2.090414e-03	9.789185e-03	-1.187960e-02	1.083439e-02	-1.470436e-04	1.847821e-04	1.815209e-04	2.755426e-04	-9.402172e-05
288           	1.619282e-02	7.949491e-03	8.243327e-03	-2.090417e-03	9.788740e-03	-1.187916e-02	1.083395e-02	-1.469182e-04	1.846376e-04	1.813328e-04	2.753040e-04	-9.397118e-05
289           	1.619224e-02	7.949326e-03	8.242914e-03	-2.090421e-03	9.788303e-03	-1.187872e-02	1.083351e-02	-1.467941e-04	1.844946e-04	1.811467e-04	2.750679e-04	-9.392122e-05
290           	1.619167e-02	7.949164e-03	8.242507e-03	-2.090424e-03	9.787874e-03	-1.187830e-02	1.083309e-02	-1.466712e-04	1.843532e-04	1.809626e-04	2.748345e-04	-9.387188e-05
291           	1.619111e-02	7.949006e-03	8.242106e-03	-2.090428e-03	9.787451e-03	-1.187788e-02	1.083267e-02	-1.465497e-04	1.842136e-04	1.807807e-04	2.746039e-04	-9.382321e-05
292           	1.619056e-02	7.948852e-03	8.241711e-03	-2.090432e-03	9.787036e-03	-1.187747e-02	1.083225e-02	-1.464296e-04	1.840757e-04	1.806010e-04	2.743762e-04	-9.377522e-05
293           	1.619002e-02	7.948701e-03	8.241323e-03	-2.090435e-03	9.786628e-03	-1.187706e-02	1.083185e-02	-1.463110e-04	1.839397e-04	1.804235e-04	2.741514e-04	-9.372794e-05
294           	1.618949e-02	7.948553e-03	8.240941e-03	-2.090439e-03	9.786226e-03	-1.187666e-02	1.083145e-02	-1.461939e-04	1.838054e-04	1.802482e-04	2.739295e-04	-9.368134e-05
295           	1.618897e-02	7.948409e-03	8.240565e-03	-2.090442e-03	9.785832e-03	-1.187627e-02	1.083105e-02	-1.460782e-04	1.836729e-04	1.800750e-04	2.737105e-04	-9.363542e-05
296           	1.618846e-02	7.948268e-03	8.240195e-03	-2.090446e-03	9.785444e-03	-1.187589e-02	1.083067e-02	-1.459639e-04	1.835422e-04	1.799040e-04	2.734942e-04	-9.359016e-05
297           	1.618796e-02	7.948129e-03	8.239831e-03	-2.090449e-03	9.785063e-03	-1.187551e-02	1.083029e-02	-1.458509e-04	1.834131e-04	1.797351e-04	2.732807e-04	-9.354553e-05
298           	1.618747e-02	7.947986e-03	8.239483e-03	-2.090453e-03	9.784690e-03	-1.187514e-02	1.082992e-02	-1.457486e-04	1.832952e-04	1.795780e-04	2.730842e-04	-9.350618e-05
299           	1.618699e-02	7.947848e-03	8.239137e-03	-2.090457e-03	9.784323e-03	-1.187478e-02	1.082955e-02	-1.456448e-04	1.831761e-04	1.794201e-04	2.728862e-04	-9.346604e-05
300           	1.618651e-02	7.947716e-03	8.238794e-03	-2.090460e-03	9.783961e-03	-1.187442e-02	1.082919e-02	-1.455394e-04	1.830556e-04	1.792612e-04	2.726862e-04	-9.342505e-05
301           	1.618604e-02	7.947589e-03	8.238454e-03	-2.090464e-03	9.783606e-03	-1.187407e-02	1.082884e-02	-1.454327e-04	1.829342e-04	1.791016e-04	2.724850e-04	-9.338337e-05
302           	1.618558e-02	7.947466e-03	8.238117e-03	-2.090467e-03	9.783257e-03	-1.187372e-02	1.082849e-02	-1.453253e-04	1.828123e-04	1.789421e-04	2.722834e-04	-9.334130e-05
303           	1.618513e-02	7.947348e-03	8.237784e-03	-2.090470e-03	9.782913e-03	-1.187338e-02	1.082815e-02	-1.452180e-04	1.826909e-04	1.787834e-04	2.720826e-04	-9.329920e-05
304           	1.618469e-02	7.947233e-03	8.237456e-03	-2.090473e-03	9.782575e-03	-1.187305e-02	1.082781e-02	-1.451114e-04	1.825705e-04	1.786261e-04	2.718836e-04	-9.325745e-05
305           	1.618425e-02	7.947121e-03	8.237133e-03	-2.090477e-03	9.782244e-03	-1.187272e-02	1.082748e-02	-1.450062e-04	1.824518e-04	1.784710e-04	2.716874e-04	-9.321633e-05
306           	1.618383e-02	7.947011e-03	8.236816e-03	-2.090480e-03	9.781918e-03	-1.187240e-02	1.082716e-02	-1.449028e-04	1.823352e-04	1.783184e-04	2.714944e-04	-9.317602e-05
307           	1.618341e-02	7.946903e-03	8.236505e-03	-2.090483e-03	9.781598e-03	-1.187208e-02	1.082684e-02	-1.448014e-04	1.822209e-04	1.781685e-04	2.713051e-04	-9.313664e-05
308           	1.618300e-02	7.946797e-03	8.236201e-03	-2.090487e-03	9.781284e-03	-1.187177e-02	1.082653e-02	-1.447020e-04	1.821088e-04	1.780212e-04	2.711194e-04	-9.309819e-05
309           	1.618259e-02	7.946692e-03	8.235902e-03	-2.090490e-03	9.780976e-03	-1.187147e-02	1.082622e-02	-1.446045e-04	1.819989e-04	1.778766e-04	2.709372e-04	-9.306064e-05
310           	1.618220e-02	7.946590e-03	8.235608e-03	-2.090494e-03	9.780674e-03	-1.187117e-02	1.082592e-02	-1.445088e-04	1.818910e-04	1.777343e-04	2.707582e-04	-9.302388e-05
311           	1.618181e-02	7.946491e-03	8.235320e-03	-2.090497e-03	9.780377e-03	-1.187087e-02	1.082563e-02	-1.444146e-04	1.817849e-04	1.775942e-04	2.705820e-04	-9.298783e-05
312           	1.618143e-02	7.946393e-03	8.235037e-03	-2.090501e-03	9.780086e-03	-1.187059e-02	1.082534e-02	-1.443217e-04	1.816804e-04	1.774561e-04	2.704085e-04	-9.295238e-05
313           	1.618106e-02	7.946298e-03	8.234758e-03	-2.090504e-03	9.779800e-03	-1.187030e-02	1.082505e-02	-1.442300e-04	1.815774e-04	1.773199e-04	2.702373e-04	-9.291745e-05
314           	1.618069e-02	7.946205e-03	8.234484e-03	-2.090508e-03	9.779518e-03	-1.187003e-02	1.082477e-02	-1.441393e-04	1.814757e-04	1.771854e-04	2.700684e-04	-9.288299e-05
315           	1.618033e-02	7.946115e-03	8.234214e-03	-2.090511e-03	9.779242e-03	-1.186975e-02	1.082450e-02	-1.440496e-04	1.813752e-04	1.770526e-04	2.699015e-04	-9.284897e-05
316           	1.617998e-02	7.946027e-03	8.233949e-03	-2.090514e-03	9.778971e-03	-1.186949e-02	1.082423e-02	-1.439609e-04	1.812761e-04	1.769214e-04	2.697368e-04	-9.281540e-05
317           	1.617963e-02	7.945941e-03	8.233687e-03	-2.090518e-03	9.778704e-03	-1.186922e-02	1.082396e-02	-1.438732e-04	1.811782e-04	1.767919e-04	2.695742e-04	-9.278227e-05
318           	1.617929e-02	7.945857e-03	8.233430e-03	-2.090521e-03	9.778443e-03	-1.186896e-02	1.082370e-02	-1.437866e-04	1.810817e-04	1.766642e-04	2.694138e-04	-9.274962e-05
319           	1.617895e-02	7.945776e-03	8.233178e-03	-2.090524e-03	9.778185e-03	-1.186871e-02	1.082345e-02	-1.437011e-04	1.809866e-04	1.765383e-04	2.692557e-04	-9.271745e-05
320           	1.617863e-02	7.945696e-03	8.232930e-03	-2.090527e-03	9.777933e-03	-1.186846e-02	1.082320e-02	-1.436168e-04	1.808929e-04	1.764141e-04	2.690999e-04	-9.268579e-05
321           	1.617830e-02	7.945619e-03	8.232686e-03	-2.090531e-03	9.777686e-03	-1.186822e-02	1.082295e-02	-1.435337e-04	1.808005e-04	1.762917e-04	2.689464e-04	-9.265465e-05
322           	1.617799e-02	7.945543e-03	8.232446e-03	-2.090534e-03	9.777442e-03	-1.186798e-02	1.082271e-02	-1.434518e-04	1.807096e-04	1.761712e-04	2.687952e-04	-9.262400e-05
323           	1.617768e-02	7.945469e-03	8.232211e-03	-2.090537e-03	9.777204e-03	-1.186774e-02	1.082247e-02	-1.433710e-04	1.806200e-04	1.760523e-04	2.686462e-04	-9.259387e-05
324           	1.617738e-02	7.945397e-03	8.231980e-03	-2.090540e-03	9.776970e-03	-1.186751e-02	1.082224e-02	-1.432914e-04	1.805318e-04	1.759352e-04	2.684994e-04	-9.256421e-05
325           	1.617708e-02	7.945327e-03	8.231753e-03	-2.090543e-03	9.776740e-03	-1.186728e-02	1.082201e-02	-1.432129e-04	1.804449e-04	1.758198e-04	2.683548e-04	-9.253504e-05
326           	1.617679e-02	7.945259e-03	8.231530e-03	-2.090546e-03	9.776515e-03	-1.186706e-02	1.082179e-02	-1.431355e-04	1.803593e-04	1.757059e-04	2.682123e-04	-9.250632e-05
327           	1.617650e-02	7.945193e-03	8.231311e-03	-2.090550e-03	9.776294e-03	-1.186684e-02	1.082157e-02	-1.430592e-04	1.802749e-04	1.755938e-04	2.680718e-04	-9.247806e-05
328           	1.617622e-02	7.945128e-03	8.231096e-03	-2.090553e-03	9.776077e-03	-1.186663e-02	1.082135e-02	-1.429839e-04	1.801918e-04	1.754832e-04	2.679334e-04	-9.245024e-05
329           	1.617595e-02	7.945065e-03	8.230884e-03	-2.090556e-03	9.775865e-03	-1.186642e-02	1.082114e-02	-1.429096e-04	1.801100e-04	1.753742e-04	2.677970e-04	-9.242286e-05
330           	1.617568e-02	7.945004e-03	8.230677e-03	-2.090559e-03	9.775656e-03	-1.186621e-02	1.082094e-02	-1.428364e-04	1.800293e-04	1.752668e-04	2.676627e-04	-9.239594e-05
331           	1.617542e-02	7.944944e-03	8.230473e-03	-2.090562e-03	9.775451e-03	-1.186601e-02	1.082073e-02	-1.427642e-04	1.799499e-04	1.751609e-04	2.675304e-04	-9.236945e-05
332           	1.617516e-02	7.944886e-03	8.230272e-03	-2.090565e-03	9.775250e-03	-1.186582e-02	1.082053e-02	-1.426931e-04	1.798717e-04	1.750566e-04	2.674000e-04	-9.234341e-05
333           	1.617491e-02	7.944830e-03	8.230076e-03	-2.090568e-03	9.775053e-03	-1.186562e-02	1.082034e-02	-1.426230e-04	1.797948e-04	1.749539e-04	2.672718e-04	-9.231784e-05
334           	1.617466e-02	7.944775e-03	8.229883e-03	-2.090571e-03	9.774860e-03	-1.186543e-02	1.082015e-02	-1.425540e-04	1.797191e-04	1.748528e-04	2.671455e-04	-9.229271e-05
335           	1.617441e-02	7.944721e-03	8.229693e-03	-2.090574e-03	9.774670e-03	-1.186524e-02	1.081996e-02	-1.424860e-04	1.796447e-04	1.747533e-04	2.670213e-04	-9.226803e-05
336           	1.617418e-02	7.944669e-03	8.229507e-03	-2.090577e-03	9.774484e-03	-1.186506e-02	1.081977e-02	-1.424189e-04	1.795714e-04	1.746552e-04	2.668990e-04	-9.224379e-05
337           	1.617394e-02	7.944619e-03	8.229324e-03	-2.090580e-03	9.774302e-03	-1.186488e-02	1.081959e-02	-1.423529e-04	1.794993e-04	1.745587e-04	2.667786e-04	-9.221996e-05
338           	1.617371e-02	7.944569e-03	8.229145e-03	-2.090583e-03	9.774124e-03	-1.186471e-02	1.081941e-02	-1.422878e-04	1.794283e-04	1.744636e-04	2.666601e-04	-9.219653e-05
339           	1.617349e-02	7.944522e-03	8.228969e-03	-2.090586e-03	9.773948e-03	-1.186453e-02	1.081924e-02	-1.422237e-04	1.793585e-04	1.743699e-04	2.665434e-04	-9.217350e-05
340           	1.617327e-02	7.944475e-03	8.228796e-03	-2.090588e-03	9.773777e-03	-1.186437e-02	1.081907e-02	-1.421605e-04	1.792897e-04	1.742776e-04	2.664285e-04	-9.215087e-05
341           	1.617306e-02	7.944430e-03	8.228627e-03	-2.090591e-03	9.773608e-03	-1.186420e-02	1.081890e-02	-1.420983e-04	1.792220e-04	1.741868e-04	2.663154e-04	-9.212863e-05
342           	1.617285e-02	7.944387e-03	8.228461e-03	-2.090594e-03	9.773443e-03	-1.186404e-02	1.081874e-02	-1.420370e-04	1.791554e-04	1.740973e-04	2.662041e-04	-9.210679e-05
343           	1.617264e-02	7.944344e-03	8.228297e-03	-2.090597e-03	9.773282e-03	-1.186388e-02	1.081858e-02	-1.419767e-04	1.790900e-04	1.740092e-04	2.660946e-04	-9.208534e-05
344           	1.617244e-02	7.944303e-03	8.228137e-03	-2.090599e-03	9.773123e-03	-1.186372e-02	1.081842e-02	-1.419172e-04	1.790255e-04	1.739225e-04	2.659868e-04	-9.206427e-05
345           	1.617224e-02	7.944263e-03	8.227980e-03	-2.090602e-03	9.772968e-03	-1.186357e-02	1.081827e-02	-1.418587e-04	1.789621e-04	1.738371e-04	2.658807e-04	-9.204356e-05
346           	1.617205e-02	7.944224e-03	8.227826e-03	-2.090605e-03	9.772816e-03	-1.186342e-02	1.081812e-02	-1.418010e-04	1.788997e-04	1.737530e-04	2.657762e-04	-9.202320e-05
347           	1.617186e-02	7.944187e-03	8.227675e-03	-2.090608e-03	9.772667e-03	-1.186327e-02	1.081797e-02	-1.417441e-04	1.788383e-04	1.736702e-04	2.656734e-04	-9.200318e-05
348           	1.617168e-02	7.944151e-03	8.227527e-03	-2.090610e-03	9.772521e-03	-1.186313e-02	1.081783e-02	-1.416881e-04	1.787778e-04	1.735886e-04	2.655721e-04	-9.198350e-05
349           	1.617150e-02	7.944115e-03	8.227381e-03	-2.090613e-03	9.772378e-03	-1.186299e-02	1.081768e-02	-1.416329e-04	1.787183e-04	1.735082e-04	2.654724e-04	-9.196416e-05
350           	1.617132e-02	7.944082e-03	8.227239e-03	-2.090615e-03	9.772238e-03	-1.186285e-02	1.081755e-02	-1.415785e-04	1.786597e-04	1.734291e-04	2.653743e-04	-9.194516e-05
351           	1.617115e-02	7.944049e-03	8.227099e-03	-2.090618e-03	9.772100e-03	-1.186272e-02	1.081741e-02	-1.415250e-04	1.786021e-04	1.733512e-04	2.652777e-04	-9.192650e-05
352           	1.617098e-02	7.944017e-03	8.226961e-03	-2.090621e-03	9.771966e-03	-1.186259e-02	1.081728e-02	-1.414723e-04	1.785454e-04	1.732745e-04	2.651827e-04	-9.190817e-05
353           	1.617081e-02	7.943986e-03	8.226827e-03	-2.090623e-03	9.771834e-03	-1.186246e-02	1.081715e-02	-1.414204e-04	1.784897e-04	1.731990e-04	2.650892e-04	-9.189017e-05
354           	1.617065e-02	7.943957e-03	8.226695e-03	-2.090626e-03	9.771706e-03	-1.186233e-02	1.081702e-02	-1.413693e-04	1.784349e-04	1.731247e-04	2.649972e-04	-9.187251e-05
355           	1.617049e-02	7.943928e-03	8.226566e-03	-2.090628e-03	9.771580e-03	-1.186221e-02	1.081689e-02	-1.413190e-04	1.783809e-04	1.730516e-04	2.649067e-04	-9.185516e-05
356           	1.617034e-02	7.943900e-03	8.226439e-03	-2.090630e-03	9.771456e-03	-1.186209e-02	1.081677e-02	-1.412694e-04	1.783279e-04	1.729796e-04	2.648177e-04	-9.183811e-05
357           	1.617019e-02	7.943874e-03	8.226315e-03	-2.090633e-03	9.771335e-03	-1.186197e-02	1.081665e-02	-1.412206e-04	1.782757e-04	1.729087e-04	2.647300e-04	-9.182137e-05
358           	1.617004e-02	7.943848e-03	8.226193e-03	-2.090635e-03	9.771217e-03	-1.186185e-02	1.081653e-02	-1.411726e-04	1.782244e-04	1.728389e-04	2.646438e-04	-9.180493e-05
359           	1.616990e-02	7.943823e-03	8.226074e-03	-2.090638e-03	9.771101e-03	-1.186174e-02	1.081642e-02	-1.411253e-04	1.781739e-04	1.727702e-04	2.645590e-04	-9.178879e-05
360           	1.616976e-02	7.943799e-03	8.225957e-03	-2.090640e-03	9.770988e-03	-1.186163e-02	1.081631e-02	-1.410787e-04	1.781242e-04	1.727026e-04	2.644755e-04	-9.177294e-05
361           	1.616962e-02	7.943777e-03	8.225842e-03	-2.090642e-03	9.770878e-03	-1.186152e-02	1.081620e-02	-1.410328e-04	1.780754e-04	1.726360e-04	2.643934e-04	-9.175737e-05
362           	1.616948e-02	7.943755e-03	8.225730e-03	-2.090645e-03	9.770769e-03	-1.186141e-02	1.081609e-02	-1.409876e-04	1.780273e-04	1.725704e-04	2.643125e-04	-9.174208e-05
363           	1.616935e-02	7.943734e-03	8.225620e-03	-2.090647e-03	9.770663e-03	-1.186131e-02	1.081599e-02	-1.409431e-04	1.779800e-04	1.725059e-04	2.642330e-04	-9.172707e-05
364           	1.616923e-02	7.943713e-03	8.225512e-03	-2.090649e-03	9.770560e-03	-1.186121e-02	1.081588e-02	-1.408993e-04	1.779335e-04	1.724423e-04	2.641547e-04	-9.171233e-05
365           	1.616910e-02	7.943694e-03	8.225406e-03	-2.090651e-03	9.770458e-03	-1.186111e-02	1.081578e-02	-1.408561e-04	1.778877e-04	1.723798e-04	2.640776e-04	-9.169785e-05
366           	1.616898e-02	7.943676e-03	8.225303e-03	-2.090653e-03	9.770359e-03	-1.186101e-02	1.081569e-02	-1.408135e-04	1.778427e-04	1.723181e-04	2.640018e-04	-9.168363e-05
367           	1.616886e-02	7.943658e-03	8.225201e-03	-2.090656e-03	9.770263e-03	-1.186092e-02	1.081559e-02	-1.407716e-04	1.777984e-04	1.722575e-04	2.639271e-04	-9.166966e-05
368           	1.616874e-02	7.943642e-03	8.225102e-03	-2.090658e-03	9.770168e-03	-1.186083e-02	1.081550e-02	-1.407303e-04	1.777548e-04	1.721977e-04	2.638537e-04	-9.165595e-05
369           	1.616863e-02	7.943626e-03	8.225005e-03	-2.090660e-03	9.770076e-03	-1.186074e-02	1.081541e-02	-1.406897e-04	1.777119e-04	1.721389e-04	2.637814e-04	-9.164249e-05
370           	1.616852e-02	7.943610e-03	8.224910e-03	-2.090662e-03	9.769985e-03	-1.186065e-02	1.081532e-02	-1.406496e-04	1.776698e-04	1.720810e-04	2.637103e-04	-9.162928e-05
371           	1.616841e-02	7.943596e-03	8.224817e-03	-2.090664e-03	9.769897e-03	-1.186056e-02	1.081523e-02	-1.406102e-04	1.776284e-04	1.720241e-04	2.636404e-04	-9.161632e-05
372           	1.616831e-02	7.943582e-03	8.224725e-03	-2.090666e-03	9.769811e-03	-1.186048e-02	1.081514e-02	-1.405715e-04	1.775876e-04	1.719680e-04	2.635716e-04	-9.160362e-05
373           	1.616821e-02	7.943569e-03	8.224636e-03	-2.090668e-03	9.769727e-03	-1.186039e-02	1.081506e-02	-1.405333e-04	1.775476e-04	1.719129e-04	2.635040e-04	-9.159115e-05
374           	1.616811e-02	7.943552e-03	8.224555e-03	-2.090670e-03	9.769647e-03	-1.186032e-02	1.081498e-02	-1.405015e-04	1.775140e-04	1.718646e-04	2.634463e-04	-9.158174e-05
375           	1.616801e-02	7.943542e-03	8.224468e-03	-2.090672e-03	9.769566e-03	-1.186024e-02	1.081490e-02	-1.404628e-04	1.774736e-04	1.718094e-04	2.633783e-04	-9.156891e-05
376           	1.616791e-02	7.943533e-03	8.224382e-03	-2.090674e-03	9.769487e-03	-1.186016e-02	1.081482e-02	-1.404247e-04	1.774337e-04	1.717550e-04	2.633112e-04	-9.155626e-05
377           	1.616782e-02	7.943519e-03	8.224305e-03	-2.090676e-03	9.769412e-03	-1.186009e-02	1.081475e-02	-1.403928e-04	1.774004e-04	1.717074e-04	2.632541e-04	-9.154666e-05
378           	1.616773e-02	7.943512e-03	8.224221e-03	-2.090678e-03	9.769336e-03	-1.186001e-02	1.081467e-02	-1.403547e-04	1.773608e-04	1.716536e-04	2.631876e-04	-9.153397e-05
379           	1.616765e-02	7.943501e-03	8.224147e-03	-2.090680e-03	9.769264e-03	-1.185994e-02	1.081460e-02	-1.403230e-04	1.773277e-04	1.716066e-04	2.631310e-04	-9.152434e-05
380           	1.616756e-02	7.943491e-03	8.224072e-03	-2.090682e-03	9.769194e-03	-1.185988e-02	1.081453e-02	-1.402908e-04	1.772942e-04	1.715595e-04	2.630739e-04	-9.151445e-05
381           	1.616748e-02	7.943486e-03	8.223992e-03	-2.090683e-03	9.769123e-03	-1.185981e-02	1.081446e-02	-1.402529e-04	1.772550e-04	1.715066e-04	2.630083e-04	-9.150169e-05
382           	1.616740e-02	7.943478e-03	8.223921e-03	-2.090685e-03	9.769056e-03	-1.185974e-02	1.081440e-02	-1.402216e-04	1.772224e-04	1.714607e-04	2.629528e-04	-9.149208e-05
383           	1.616732e-02	7.943470e-03	8.223851e-03	-2.090687e-03	9.768990e-03	-1.185968e-02	1.081433e-02	-1.401903e-04	1.771900e-04	1.714151e-04	2.628976e-04	-9.148247e-05
384           	1.616725e-02	7.943464e-03	8.223782e-03	-2.090689e-03	9.768926e-03	-1.185962e-02	1.081427e-02	-1.401590e-04	1.771577e-04	1.713698e-04	2.628426e-04	-9.147282e-05
385           	1.616717e-02	7.943458e-03	8.223714e-03	-2.090690e-03	9.768864e-03	-1.185955e-02	1.081421e-02	-1.401279e-04	1.771255e-04	1.713248e-04	2.627879e-04	-9.146316e-05
386           	1.616710e-02	7.943453e-03	8.223647e-03	-2.090692e-03	9.768803e-03	-1.185950e-02	1.081415e-02	-1.400969e-04	1.770936e-04	1.712802e-04	2.627337e-04	-9.145355e-05
387           	1.616703e-02	7.943449e-03	8.223581e-03	-2.090694e-03	9.768743e-03	-1.185944e-02	1.081409e-02	-1.400662e-04	1.770621e-04	1.712361e-04	2.626801e-04	-9.144405e-05
388           	1.616696e-02	7.943445e-03	8.223517e-03	-2.090695e-03	9.768686e-03	-1.185938e-02	1.081403e-02	-1.400360e-04	1.770311e-04	1.711927e-04	2.626274e-04	-9.143473e-05
389           	1.616690e-02	7.943442e-03	8.223455e-03	-2.090697e-03	9.768629e-03	-1.185933e-02	1.081398e-02	-1.400063e-04	1.770007e-04	1.711501e-04	2.625757e-04	-9.142565e-05
390           	1.616683e-02	7.943439e-03	8.223394e-03	-2.090699e-03	9.768574e-03	-1.185927e-02	1.081392e-02	-1.399773e-04	1.769710e-04	1.711083e-04	2.625251e-04	-9.141683e-05
391           	1.616677e-02	7.943437e-03	8.223334e-03	-2.090700e-03	9.768521e-03	-1.185922e-02	1.081387e-02	-1.399489e-04	1.769419e-04	1.710673e-04	2.624756e-04	-9.140828e-05
392           	1.616671e-02	7.943435e-03	8.223277e-03	-2.090702e-03	9.768470e-03	-1.185917e-02	1.081382e-02	-1.399211e-04	1.769136e-04	1.710271e-04	2.624271e-04	-9.139999e-05
393           	1.616665e-02	7.943433e-03	8.223221e-03	-2.090703e-03	9.768419e-03	-1.185912e-02	1.081377e-02	-1.398939e-04	1.768858e-04	1.709877e-04	2.623797e-04	-9.139194e-05
394           	1.616660e-02	7.943432e-03	8.223166e-03	-2.090705e-03	9.768371e-03	-1.185908e-02	1.081372e-02	-1.398672e-04	1.768586e-04	1.709491e-04	2.623332e-04	-9.138410e-05
395           	1.616654e-02	7.943431e-03	8.223113e-03	-2.090707e-03	9.768324e-03	-1.185903e-02	1.081368e-02	-1.398410e-04	1.768320e-04	1.709111e-04	2.622875e-04	-9.137646e-05
396           	1.616649e-02	7.943431e-03	8.223061e-03	-2.090708e-03	9.768278e-03	-1.185899e-02	1.081363e-02	-1.398153e-04	1.768059e-04	1.708737e-04	2.622427e-04	-9.136901e-05
397           	1.616644e-02	7.943431e-03	8.223011e-03	-2.090710e-03	9.768233e-03	-1.185894e-02	1.081359e-02	-1.397900e-04	1.767802e-04	1.708370e-04	2.621987e-04	-9.136173e-05
398           	1.616639e-02	7.943431e-03	8.222962e-03	-2.090711e-03	9.768190e-03	-1.185890e-02	1.081355e-02	-1.397651e-04	1.767551e-04	1.708009e-04	2.621555e-04	-9.135460e-05
399           	1.616635e-02	7.943432e-03	8.222913e-03	-2.090713e-03	9.768148e-03	-1.185886e-02	1.081350e-02	-1.397406e-04	1.767303e-04	1.707653e-04	2.621130e-04	-9.134762e-05
400           	1.616630e-02	7.943434e-03	8.222867e-03	-2.090714e-03	9.768108e-03	-1.185882e-02	1.081346e-02	-1.397165e-04	1.767059e-04	1.707303e-04	2.620711e-04	-9.134076e-05
401           	1.616626e-02	7.943435e-03	8.222821e-03	-2.090715e-03	9.768068e-03	-1.185878e-02	1.081343e-02	-1.396927e-04	1.766820e-04	1.706958e-04	2.620299e-04	-9.133403e-05
402           	1.616621e-02	7.943438e-03	8.222776e-03	-2.090717e-03	9.768030e-03	-1.185875e-02	1.081339e-02	-1.396693e-04	1.766584e-04	1.706619e-04	2.619893e-04	-9.132742e-05
403           	1.616617e-02	7.943440e-03	8.222733e-03	-2.090718e-03	9.767993e-03	-1.185871e-02	1.081335e-02	-1.396463e-04	1.766352e-04	1.706285e-04	2.619494e-04	-9.132095e-05
404           	1.616613e-02	7.943443e-03	8.222691e-03	-2.090720e-03	9.767957e-03	-1.185868e-02	1.081332e-02	-1.396236e-04	1.766124e-04	1.705956e-04	2.619102e-04	-9.131461e-05
405           	1.616610e-02	7.943447e-03	8.222649e-03	-2.090721e-03	9.767922e-03	-1.185864e-02	1.081328e-02	-1.396014e-04	1.765900e-04	1.705632e-04	2.618716e-04	-9.130840e-05
406           	1.616606e-02	7.943451e-03	8.222609e-03	-2.090722e-03	9.767889e-03	-1.185861e-02	1.081325e-02	-1.395794e-04	1.765679e-04	1.705313e-04	2.618336e-04	-9.130230e-05
407           	1.616603e-02	7.943455e-03	8.222570e-03	-2.090724e-03	9.767856e-03	-1.185858e-02	1.081322e-02	-1.395578e-04	1.765462e-04	1.704998e-04	2.617961e-04	-9.129632e-05
408           	1.616599e-02	7.943459e-03	8.222532e-03	-2.090725e-03	9.767825e-03	-1.185855e-02	1.081319e-02	-1.395365e-04	1.765249e-04	1.704688e-04	2.617593e-04	-9.129044e-05
409           	1.616596e-02	7.943464e-03	8.222495e-03	-2.090726e-03	9.767795e-03	-1.185852e-02	1.081316e-02	-1.395155e-04	1.765038e-04	1.704383e-04	2.617230e-04	-9.128466e-05
410           	1.616593e-02	7.943470e-03	8.222459e-03	-2.090727e-03	9.767766e-03	-1.185849e-02	1.081313e-02	-1.394948e-04	1.764831e-04	1.704082e-04	2.616872e-04	-9.127896e-05
411           	1.616590e-02	7.943476e-03	8.222424e-03	-2.090729e-03	9.767738e-03	-1.185847e-02	1.081310e-02	-1.394743e-04	1.764626e-04	1.703785e-04	2.616519e-04	-9.127334e-05
412           	1.616587e-02	7.943482e-03	8.222390e-03	-2.090730e-03	9.767711e-03	-1.185844e-02	1.081308e-02	-1.394541e-04	1.764424e-04	1.703492e-04	2.616170e-04	-9.126779e-05
413           	1.616585e-02	7.943489e-03	8.222357e-03	-2.090731e-03	9.767685e-03	-1.185842e-02	1.081305e-02	-1.394341e-04	1.764224e-04	1.703203e-04	2.615825e-04	-9.126229e-05
414           	1.616582e-02	7.943496e-03	8.222324e-03	-2.090732e-03	9.767660e-03	-1.185839e-02	1.081303e-02	-1.394144e-04	1.764027e-04	1.702916e-04	2.615485e-04	-9.125684e-05
415           	1.616580e-02	7.943503e-03	8.222293e-03	-2.090733e-03	9.767636e-03	-1.185837e-02	1.081300e-02	-1.393948e-04	1.763831e-04	1.702633e-04	2.615148e-04	-9.125143e-05
416           	1.616577e-02	7.943511e-03	8.222262e-03	-2.090735e-03	9.767613e-03	-1.185835e-02	1.081298e-02	-1.393754e-04	1.763637e-04	1.702353e-04	2.614814e-04	-9.124605e-05
417           	1.616575e-02	7.943521e-03	8.222229e-03	-2.090735e-03	9.767590e-03	-1.185833e-02	1.081296e-02	-1.393538e-04	1.763411e-04	1.702031e-04	2.614426e-04	-9.123950e-05
418           	1.616573e-02	7.943531e-03	8.222198e-03	-2.090736e-03	9.767569e-03	-1.185831e-02	1.081294e-02	-1.393335e-04	1.763200e-04	1.701730e-04	2.614065e-04	-9.123349e-05
419           	1.616571e-02	7.943541e-03	8.222169e-03	-2.090737e-03	9.767548e-03	-1.185829e-02	1.081292e-02	-1.393141e-04	1.763004e-04	1.701449e-04	2.613728e-04	-9.122797e-05
420           	1.616569e-02	7.943550e-03	8.222141e-03	-2.090738e-03	9.767529e-03	-1.185827e-02	1.081290e-02	-1.392956e-04	1.762820e-04	1.701183e-04	2.613412e-04	-9.122285e-05
421           	1.616567e-02	7.943560e-03	8.222115e-03	-2.090740e-03	9.767511e-03	-1.185825e-02	1.081288e-02	-1.392777e-04	1.762644e-04	1.700929e-04	2.613109e-04	-9.121799e-05
422           	1.616566e-02	7.943571e-03	8.222087e-03	-2.090740e-03	9.767493e-03	-1.185823e-02	1.081286e-02	-1.392578e-04	1.762440e-04	1.700638e-04	2.612758e-04	-9.121208e-05
423           	1.616564e-02	7.943582e-03	8.222060e-03	-2.090741e-03	9.767476e-03	-1.185822e-02	1.081285e-02	-1.392390e-04	1.762251e-04	1.700367e-04	2.612434e-04	-9.120671e-05
424           	1.616563e-02	7.943593e-03	8.222036e-03	-2.090742e-03	9.767460e-03	-1.185820e-02	1.081283e-02	-1.392212e-04	1.762075e-04	1.700114e-04	2.612132e-04	-9.120176e-05
425           	1.616562e-02	7.943606e-03	8.222009e-03	-2.090743e-03	9.767444e-03	-1.185819e-02	1.081282e-02	-1.392016e-04	1.761874e-04	1.699829e-04	2.611788e-04	-9.119591e-05
426           	1.616560e-02	7.943618e-03	8.221985e-03	-2.090744e-03	9.767430e-03	-1.185817e-02	1.081280e-02	-1.391835e-04	1.761692e-04	1.699569e-04	2.611476e-04	-9.119070e-05
427           	1.616559e-02	7.943630e-03	8.221963e-03	-2.090745e-03	9.767417e-03	-1.185816e-02	1.081279e-02	-1.391664e-04	1.761524e-04	1.699328e-04	2.611188e-04	-9.118599e-05
428           	1.616558e-02	7.943644e-03	8.221939e-03	-2.090746e-03	9.767404e-03	-1.185815e-02	1.081278e-02	-1.391476e-04	1.761332e-04	1.699057e-04	2.610861e-04	-9.118040e-05
429           	1.616557e-02	7.943656e-03	8.221917e-03	-2.090747e-03	9.767392e-03	-1.185814e-02	1.081277e-02	-1.391302e-04	1.761159e-04	1.698810e-04	2.610565e-04	-9.117544e-05
430           	1.616556e-02	7.943671e-03	8.221894e-03	-2.090748e-03	9.767380e-03	-1.185813e-02	1.081275e-02	-1.391114e-04	1.760967e-04	1.698538e-04	2.610235e-04	-9.116976e-05
431           	1.616556e-02	7.943684e-03	8.221873e-03	-2.090749e-03	9.767370e-03	-1.185812e-02	1.081274e-02	-1.390943e-04	1.760796e-04	1.698295e-04	2.609944e-04	-9.116485e-05
432           	1.616555e-02	7.943697e-03	8.221854e-03	-2.090750e-03	9.767361e-03	-1.185811e-02	1.081274e-02	-1.390783e-04	1.760642e-04	1.698074e-04	2.609680e-04	-9.116052e-05
433           	1.616555e-02	7.943712e-03	8.221834e-03	-2.090751e-03	9.767351e-03	-1.185810e-02	1.081273e-02	-1.390608e-04	1.760466e-04	1.697825e-04	2.609379e-04	-9.115536e-05
434           	1.616554e-02	7.943728e-03	8.221812e-03	-2.090751e-03	9.767342e-03	-1.185809e-02	1.081272e-02	-1.390423e-04	1.760275e-04	1.697557e-04	2.609053e-04	-9.114965e-05
435           	1.616554e-02	7.943743e-03	8.221794e-03	-2.090752e-03	9.767335e-03	-1.185809e-02	1.081271e-02	-1.390257e-04	1.760110e-04	1.697322e-04	2.608771e-04	-9.114488e-05
436           	1.616553e-02	7.943758e-03	8.221775e-03	-2.090753e-03	9.767327e-03	-1.185808e-02	1.081270e-02	-1.390081e-04	1.759932e-04	1.697071e-04	2.608467e-04	-9.113962e-05
437           	1.616553e-02	7.943773e-03	8.221758e-03	-2.090754e-03	9.767321e-03	-1.185808e-02	1.081270e-02	-1.389925e-04	1.759780e-04	1.696854e-04	2.608207e-04	-9.113530e-05
438           	1.616553e-02	7.943789e-03	8.221741e-03	-2.090755e-03	9.767315e-03	-1.185807e-02	1.081269e-02	-1.389759e-04	1.759613e-04	1.696617e-04	2.607922e-04	-9.113044e-05
439           	1.616553e-02	7.943803e-03	8.221725e-03	-2.090756e-03	9.767311e-03	-1.185807e-02	1.081269e-02	-1.389610e-04	1.759471e-04	1.696413e-04	2.607677e-04	-9.112642e-05
440           	1.616553e-02	7.943820e-03	8.221709e-03	-2.090757e-03	9.767306e-03	-1.185806e-02	1.081268e-02	-1.389449e-04	1.759311e-04	1.696186e-04	2.607404e-04	-9.112177e-05
441           	1.616553e-02	7.943837e-03	8.221693e-03	-2.090758e-03	9.767301e-03	-1.185806e-02	1.081268e-02	-1.389280e-04	1.759139e-04	1.695945e-04	2.607112e-04	-9.111668e-05
442           	1.616553e-02	7.943852e-03	8.221679e-03	-2.090759e-03	9.767299e-03	-1.185806e-02	1.081268e-02	-1.389132e-04	1.758995e-04	1.695739e-04	2.606865e-04	-9.111257e-05
443           	1.616553e-02	7.943869e-03	8.221664e-03	-2.090760e-03	9.767296e-03	-1.185806e-02	1.081268e-02	-1.388974e-04	1.758838e-04	1.695517e-04	2.606596e-04	-9.110794e-05
444           	1.616554e-02	7.943887e-03	8.221649e-03	-2.090760e-03	9.767293e-03	-1.185805e-02	1.081267e-02	-1.388810e-04	1.758672e-04	1.695283e-04	2.606313e-04	-9.110298e-05
445           	1.616554e-02	7.943903e-03	8.221637e-03	-2.090762e-03	9.767292e-03	-1.185805e-02	1.081267e-02	-1.388669e-04	1.758535e-04	1.695089e-04	2.606080e-04	-9.109910e-05
446           	1.616554e-02	7.943920e-03	8.221624e-03	-2.090763e-03	9.767291e-03	-1.185805e-02	1.081267e-02	-1.388519e-04	1.758387e-04	1.694879e-04	2.605826e-04	-9.109477e-05
447           	1.616555e-02	7.943938e-03	8.221610e-03	-2.090763e-03	9.767290e-03	-1.185805e-02	1.081267e-02	-1.388363e-04	1.758230e-04	1.694658e-04	2.605559e-04	-9.109011e-05
