# Force and moment coefficients
# dragDir     : (1.000000e+00 0.000000e+00 0.000000e+00)
# sideDir     : (0.000000e+00 0.000000e+00 -1.000000e+00)
# liftDir     : (0.000000e+00 1.000000e+00 0.000000e+00)
# rollAxis    : (1.000000e+00 0.000000e+00 0.000000e+00)
# pitchAxis   : (0.000000e+00 0.000000e+00 -1.000000e+00)
# yawAxis     : (0.000000e+00 1.000000e+00 0.000000e+00)
# magUInf     : 6.661800e+00
# lRef        : 1.499270e-01
# Aref        : 5.000000e-02
# CofR        : (3.750000e-02 0.000000e+00 0.000000e+00)
#
# Time        	Cd            	Cd(f)         	Cd(r)         	Cl            	Cl(f)         	Cl(r)         	CmPitch       	CmRoll        	CmYaw         	Cs            	Cs(f)         	Cs(r)         
1             	1.764416e-01	8.894638e-02	8.749521e-02	-1.606528e-03	6.637880e-04	-2.270316e-03	1.467052e-03	7.255814e-04	8.183664e-02	2.659680e-02	9.513504e-02	-6.853824e-02
2             	1.393775e-01	7.022067e-02	6.915682e-02	-1.201670e-03	5.322171e-04	-1.733887e-03	1.133052e-03	5.319246e-04	6.884910e-02	3.351813e-02	8.560817e-02	-5.209004e-02
3             	1.117110e-01	5.615532e-02	5.555569e-02	-6.782288e-04	3.274729e-04	-1.005702e-03	6.665873e-04	2.998174e-04	5.683849e-02	3.298229e-02	7.332964e-02	-4.034735e-02
4             	8.802868e-02	4.409645e-02	4.393223e-02	-1.593282e-04	1.029527e-04	-2.622809e-04	1.826168e-04	8.210766e-05	4.449329e-02	2.702007e-02	5.800332e-02	-3.098325e-02
5             	6.695842e-02	3.338256e-02	3.357586e-02	2.828894e-04	-1.027289e-04	3.856184e-04	-2.441736e-04	-9.664652e-05	3.223194e-02	1.806445e-02	4.126416e-02	-2.319972e-02
6             	4.890741e-02	2.422989e-02	2.467752e-02	6.050281e-04	-2.592399e-04	8.642680e-04	-5.617539e-04	-2.238115e-04	2.113601e-02	8.480163e-03	2.537610e-02	-1.689593e-02
7             	3.466411e-02	1.703009e-02	1.763402e-02	8.002161e-04	-3.532314e-04	1.153447e-03	-7.533394e-04	-3.019664e-04	1.222849e-02	1.396031e-04	1.229830e-02	-1.215869e-02
8             	2.470638e-02	1.201537e-02	1.269101e-02	8.783329e-04	-3.833757e-04	1.261709e-03	-8.225422e-04	-3.378226e-04	6.118082e-03	-5.792641e-03	3.221761e-03	-9.014402e-03
9             	1.893334e-02	9.125199e-03	9.808145e-03	8.638213e-04	-3.599634e-04	1.223785e-03	-7.918741e-04	-3.414729e-04	2.875923e-03	-8.898965e-03	-1.573559e-03	-7.325406e-03
10            	1.671447e-02	8.034975e-03	8.679493e-03	7.854937e-04	-2.999247e-04	1.085418e-03	-6.926715e-04	-3.222588e-04	2.114694e-03	-9.381246e-03	-2.575929e-03	-6.805317e-03
11            	1.706880e-02	8.245270e-03	8.823528e-03	6.737252e-04	-2.233752e-04	8.971004e-04	-5.602378e-04	-2.891293e-04	3.145376e-03	-7.860135e-03	-7.846911e-04	-7.075444e-03
12            	1.890187e-02	9.202188e-03	9.699686e-03	5.539654e-04	-1.481622e-04	7.021275e-04	-4.251449e-04	-2.487493e-04	5.170226e-03	-5.147104e-03	2.596674e-03	-7.743778e-03
13            	2.121477e-02	1.040193e-02	1.081283e-02	4.438037e-04	-8.706586e-05	5.308696e-04	-3.089677e-04	-2.054511e-04	7.450649e-03	-2.044139e-03	6.428579e-03	-8.472718e-03
14            	2.324606e-02	1.146045e-02	1.178562e-02	3.539840e-04	-4.705895e-05	4.010429e-04	-2.240509e-04	-1.625845e-04	9.421599e-03	7.992567e-04	9.821227e-03	-9.021970e-03
15            	2.453427e-02	1.214326e-02	1.239101e-02	2.909323e-04	-3.016365e-05	3.210959e-04	-1.756298e-04	-1.238749e-04	1.074354e-02	2.960477e-03	1.222378e-02	-9.263305e-03
16            	2.491469e-02	1.236438e-02	1.255031e-02	2.567857e-04	-3.397544e-05	2.907611e-04	-1.623683e-04	-9.296159e-05	1.130302e-02	4.259030e-03	1.343254e-02	-9.173507e-03
17            	2.445913e-02	1.215677e-02	1.230236e-02	2.499913e-04	-5.289478e-05	3.028861e-04	-1.778904e-04	-7.279463e-05	1.116798e-02	4.720004e-03	1.352798e-02	-8.807973e-03
18            	2.339125e-02	1.163130e-02	1.175994e-02	2.645653e-04	-7.917892e-05	3.437442e-04	-2.114616e-04	-6.431946e-05	1.052328e-02	4.511381e-03	1.277897e-02	-8.267593e-03
19            	2.199419e-02	1.092926e-02	1.106493e-02	2.944197e-04	-1.059669e-04	4.003866e-04	-2.531767e-04	-6.783457e-05	9.598801e-03	3.870768e-03	1.153419e-02	-7.663417e-03
20            	2.053695e-02	1.018646e-02	1.035050e-02	3.328792e-04	-1.278510e-04	4.607302e-04	-2.942906e-04	-8.201959e-05	8.612379e-03	3.041782e-03	1.013327e-02	-7.091488e-03
21            	1.922517e-02	9.508557e-03	9.716617e-03	3.733607e-04	-1.415308e-04	5.148915e-04	-3.282111e-04	-1.040302e-04	7.730990e-03	2.227775e-03	8.844877e-03	-6.617102e-03
22            	1.817926e-02	8.959650e-03	9.219613e-03	4.100871e-04	-1.459415e-04	5.560285e-04	-3.509850e-04	-1.299814e-04	7.053287e-03	1.566840e-03	7.836707e-03	-6.269867e-03
23            	1.743550e-02	8.562331e-03	8.873167e-03	4.381835e-04	-1.418436e-04	5.800271e-04	-3.609354e-04	-1.554178e-04	6.610173e-03	1.126071e-03	7.173209e-03	-6.047138e-03
24            	1.696407e-02	8.305388e-03	8.658686e-03	4.552077e-04	-1.316386e-04	5.868463e-04	-3.592424e-04	-1.766487e-04	6.379146e-03	9.112900e-04	6.834791e-03	-5.923501e-03
25            	1.669562e-02	8.156669e-03	8.538949e-03	4.609887e-04	-1.185039e-04	5.794926e-04	-3.489982e-04	-1.911403e-04	6.305202e-03	8.853806e-04	6.747892e-03	-5.862512e-03
26            	1.654839e-02	8.077018e-03	8.471375e-03	4.559674e-04	-1.051449e-04	5.611123e-04	-3.331286e-04	-1.971785e-04	6.322701e-03	9.894258e-04	6.817414e-03	-5.827989e-03
27            	1.644835e-02	8.029724e-03	8.418629e-03	4.416819e-04	-9.363189e-05	5.353138e-04	-3.144728e-04	-1.944525e-04	6.371630e-03	1.160650e-03	6.951955e-03	-5.791305e-03
28            	1.634169e-02	7.986740e-03	8.354953e-03	4.207259e-04	-8.525487e-05	5.059808e-04	-2.956178e-04	-1.841067e-04	6.407922e-03	1.345442e-03	7.080643e-03	-5.735201e-03
29            	1.619962e-02	7.931518e-03	8.268106e-03	3.960683e-04	-8.039125e-05	4.764596e-04	-2.784254e-04	-1.682942e-04	6.407606e-03	1.506666e-03	7.160939e-03	-5.654273e-03
30            	1.601609e-02	7.858299e-03	8.157792e-03	3.707645e-04	-7.866811e-05	4.494326e-04	-2.640504e-04	-1.497465e-04	6.365203e-03	1.625154e-03	7.177780e-03	-5.552626e-03
31            	1.580107e-02	7.769339e-03	8.031736e-03	3.473167e-04	-7.917654e-05	4.264932e-04	-2.528349e-04	-1.311986e-04	6.288553e-03	1.697091e-03	7.137099e-03	-5.440007e-03
32            	1.557209e-02	7.670971e-03	7.901124e-03	3.277533e-04	-8.084715e-05	4.086004e-04	-2.447238e-04	-1.150765e-04	6.192086e-03	1.729053e-03	7.056612e-03	-5.327559e-03
33            	1.534697e-02	7.570386e-03	7.776584e-03	3.133095e-04	-8.268202e-05	3.959915e-04	-2.393368e-04	-1.030990e-04	6.090949e-03	1.732773e-03	6.957336e-03	-5.224563e-03
34            	1.513886e-02	7.473343e-03	7.665521e-03	3.043757e-04	-8.392643e-05	3.883022e-04	-2.361143e-04	-9.608889e-05	5.996874e-03	1.720720e-03	6.857234e-03	-5.136514e-03
35            	1.495395e-02	7.383012e-03	7.570940e-03	3.005456e-04	-8.415163e-05	3.846972e-04	-2.344244e-04	-9.396405e-05	5.916127e-03	1.703100e-03	6.767677e-03	-5.064577e-03
36            	1.479157e-02	7.299916e-03	7.491654e-03	3.007284e-04	-8.324524e-05	3.839736e-04	-2.336094e-04	-9.586877e-05	5.849434e-03	1.686464e-03	6.692666e-03	-5.006202e-03
37            	1.464608e-02	7.222542e-03	7.423537e-03	3.035419e-04	-8.139170e-05	3.849336e-04	-2.331626e-04	-1.004977e-04	5.793348e-03	1.673688e-03	6.630192e-03	-4.956504e-03
38            	1.450967e-02	7.148443e-03	7.361231e-03	3.075714e-04	-7.898221e-05	3.865536e-04	-2.327679e-04	-1.063938e-04	5.742408e-03	1.664916e-03	6.574866e-03	-4.909950e-03
39            	1.437512e-02	7.075399e-03	7.299719e-03	3.114818e-04	-7.644832e-05	3.879301e-04	-2.321892e-04	-1.121600e-04	5.691300e-03	1.658860e-03	6.520730e-03	-4.861870e-03
40            	1.423766e-02	7.002144e-03	7.235511e-03	3.142091e-04	-7.416824e-05	3.883773e-04	-2.312728e-04	-1.166836e-04	5.636413e-03	1.653978e-03	6.463402e-03	-4.809425e-03
41            	1.409583e-02	6.928641e-03	7.167187e-03	3.150629e-04	-7.240144e-05	3.874643e-04	-2.299329e-04	-1.192729e-04	5.576566e-03	1.649262e-03	6.401197e-03	-4.751935e-03
42            	1.395126e-02	6.855929e-03	7.095333e-03	3.137942e-04	-7.126549e-05	3.850597e-04	-2.281626e-04	-1.197021e-04	5.512917e-03	1.644555e-03	6.335195e-03	-4.690640e-03
43            	1.380772e-02	6.785717e-03	7.022003e-03	3.105190e-04	-7.072966e-05	3.812486e-04	-2.259891e-04	-1.181433e-04	5.448296e-03	1.640459e-03	6.268525e-03	-4.628067e-03
44            	1.366976e-02	6.719821e-03	6.949935e-03	3.056274e-04	-7.064650e-05	3.762739e-04	-2.234602e-04	-1.150570e-04	5.386186e-03	1.637963e-03	6.205168e-03	-4.567204e-03
45            	1.354139e-02	6.659636e-03	6.881759e-03	2.996861e-04	-7.080625e-05	3.704923e-04	-2.206493e-04	-1.110618e-04	5.329717e-03	1.638000e-03	6.148717e-03	-4.510717e-03
46            	1.342516e-02	6.605784e-03	6.819375e-03	2.933132e-04	-7.098676e-05	3.642999e-04	-2.176433e-04	-1.067951e-04	5.280899e-03	1.641065e-03	6.101431e-03	-4.460366e-03
47            	1.332161e-02	6.558011e-03	6.763597e-03	2.870534e-04	-7.099312e-05	3.580466e-04	-2.145198e-04	-1.027927e-04	5.240254e-03	1.647027e-03	6.063767e-03	-4.416740e-03
48            	1.322941e-02	6.515288e-03	6.714120e-03	2.813060e-04	-7.068853e-05	3.519946e-04	-2.113416e-04	-9.941589e-05	5.206849e-03	1.655137e-03	6.034418e-03	-4.379281e-03
49            	1.314582e-02	6.476085e-03	6.669736e-03	2.762883e-04	-7.001167e-05	3.462999e-04	-2.081558e-04	-9.682579e-05	5.178661e-03	1.664212e-03	6.010767e-03	-4.346555e-03
50            	1.306744e-02	6.438716e-03	6.628724e-03	2.720476e-04	-6.897789e-05	3.410255e-04	-2.050017e-04	-9.500366e-05	5.153135e-03	1.672922e-03	5.989596e-03	-4.316674e-03
51            	1.299096e-02	6.401682e-03	6.589280e-03	2.685008e-04	-6.766723e-05	3.361680e-04	-2.019176e-04	-9.379895e-05	5.127780e-03	1.680086e-03	5.967823e-03	-4.287737e-03
52            	1.291383e-02	6.363928e-03	6.549902e-03	2.654769e-04	-6.620143e-05	3.316783e-04	-1.989399e-04	-9.298713e-05	5.100675e-03	1.684917e-03	5.943133e-03	-4.258216e-03
53            	1.283461e-02	6.324979e-03	6.509630e-03	2.627539e-04	-6.471413e-05	3.274681e-04	-1.960911e-04	-9.232548e-05	5.070763e-03	1.687154e-03	5.914340e-03	-4.227185e-03
54            	1.275309e-02	6.284929e-03	6.468162e-03	2.601439e-04	-6.333517e-05	3.234791e-04	-1.934071e-04	-9.161663e-05	5.037932e-03	1.687053e-03	5.881458e-03	-4.194405e-03
55            	1.267011e-02	6.244325e-03	6.425789e-03	2.575043e-04	-6.216620e-05	3.196705e-04	-1.909183e-04	-9.073184e-05	5.002886e-03	1.685276e-03	5.845525e-03	-4.160248e-03
56            	1.258720e-02	6.203973e-03	6.383225e-03	2.547647e-04	-6.127038e-05	3.160351e-04	-1.886527e-04	-8.962630e-05	4.966866e-03	1.682710e-03	5.808221e-03	-4.125511e-03
57            	1.250611e-02	6.164729e-03	6.341383e-03	2.519189e-04	-6.066620e-05	3.125851e-04	-1.866257e-04	-8.832724e-05	4.931305e-03	1.680255e-03	5.771432e-03	-4.091177e-03
58            	1.242845e-02	6.127311e-03	6.301136e-03	2.490134e-04	-6.032993e-05	3.093433e-04	-1.848366e-04	-8.691241e-05	4.897506e-03	1.678646e-03	5.736829e-03	-4.058183e-03
59            	1.235531e-02	6.092176e-03	6.263129e-03	2.461140e-04	-6.020137e-05	3.063153e-04	-1.832584e-04	-8.547664e-05	4.866395e-03	1.678326e-03	5.705558e-03	-4.027232e-03
60            	1.228714e-02	6.059463e-03	6.227680e-03	2.432932e-04	-6.019680e-05	3.034900e-04	-1.818434e-04	-8.410860e-05	4.838389e-03	1.679407e-03	5.678093e-03	-3.998685e-03
61            	1.222377e-02	6.029028e-03	6.194742e-03	2.405795e-04	-6.021682e-05	3.007963e-04	-1.805066e-04	-8.285710e-05	4.813396e-03	1.681697e-03	5.654244e-03	-3.972547e-03
62            	1.216447e-02	6.000507e-03	6.163960e-03	2.379616e-04	-6.016381e-05	2.981254e-04	-1.791446e-04	-8.172678e-05	4.790905e-03	1.684786e-03	5.633298e-03	-3.948512e-03
63            	1.210820e-02	5.973424e-03	6.134779e-03	2.353869e-04	-5.995254e-05	2.953394e-04	-1.776460e-04	-8.067768e-05	4.770151e-03	1.688161e-03	5.614232e-03	-3.926071e-03
64            	1.205387e-02	5.947298e-03	6.106572e-03	2.327720e-04	-5.952145e-05	2.922935e-04	-1.759075e-04	-7.963709e-05	4.750298e-03	1.691328e-03	5.595962e-03	-3.904635e-03
65            	1.200049e-02	5.921727e-03	6.078766e-03	2.300248e-04	-5.884005e-05	2.888648e-04	-1.738524e-04	-7.851971e-05	4.730604e-03	1.693902e-03	5.577555e-03	-3.883653e-03
66            	1.194739e-02	5.896453e-03	6.050937e-03	2.270529e-04	-5.790692e-05	2.849598e-04	-1.714334e-04	-7.724186e-05	4.710546e-03	1.695673e-03	5.558382e-03	-3.862710e-03
67            	1.189423e-02	5.871372e-03	6.022862e-03	2.237951e-04	-5.675210e-05	2.805472e-04	-1.686496e-04	-7.574514e-05	4.689875e-03	1.696616e-03	5.538183e-03	-3.841567e-03
68            	1.184104e-02	5.846513e-03	5.994531e-03	2.202355e-04	-5.543180e-05	2.756673e-04	-1.655495e-04	-7.400915e-05	4.668608e-03	1.696868e-03	5.517042e-03	-3.820174e-03
69            	1.178811e-02	5.821997e-03	5.966111e-03	2.164109e-04	-5.402071e-05	2.704316e-04	-1.622261e-04	-7.205727e-05	4.646973e-03	1.696670e-03	5.495308e-03	-3.798638e-03
70            	1.173587e-02	5.797987e-03	5.937887e-03	2.124023e-04	-5.259986e-05	2.650021e-04	-1.588010e-04	-6.994986e-05	4.625327e-03	1.696310e-03	5.473482e-03	-3.777172e-03
71            	1.168482e-02	5.774637e-03	5.910188e-03	2.083251e-04	-5.124760e-05	2.595727e-04	-1.554101e-04	-6.777571e-05	4.604057e-03	1.696054e-03	5.452084e-03	-3.756030e-03
72            	1.163537e-02	5.752049e-03	5.883320e-03	2.043092e-04	-5.002915e-05	2.543384e-04	-1.521838e-04	-6.563551e-05	4.583498e-03	1.696099e-03	5.431547e-03	-3.735449e-03
73            	1.158777e-02	5.730259e-03	5.857510e-03	2.004808e-04	-4.898982e-05	2.494707e-04	-1.492302e-04	-6.362595e-05	4.563877e-03	1.696541e-03	5.412148e-03	-3.715606e-03
74            	1.154211e-02	5.709241e-03	5.832872e-03	1.969248e-04	-4.814532e-05	2.450702e-04	-1.466077e-04	-6.181543e-05	4.545287e-03	1.697383e-03	5.393978e-03	-3.696595e-03
75            	1.149831e-02	5.688912e-03	5.809402e-03	1.936931e-04	-4.748753e-05	2.411806e-04	-1.443341e-04	-6.024489e-05	4.527690e-03	1.698540e-03	5.376960e-03	-3.678420e-03
76            	1.145615e-02	5.669157e-03	5.786998e-03	1.907947e-04	-4.698587e-05	2.377806e-04	-1.423832e-04	-5.892018e-05	4.510948e-03	1.699873e-03	5.360884e-03	-3.661012e-03
77            	1.141535e-02	5.649861e-03	5.765484e-03	1.881937e-04	-4.659189e-05	2.347856e-04	-1.406887e-04	-5.781152e-05	4.494861e-03	1.701224e-03	5.345473e-03	-3.644249e-03
78            	1.137558e-02	5.630931e-03	5.744650e-03	1.858149e-04	-4.624635e-05	2.320612e-04	-1.391538e-04	-5.685948e-05	4.479218e-03	1.702452e-03	5.330444e-03	-3.627992e-03
79            	1.133660e-02	5.612314e-03	5.724285e-03	1.835568e-04	-4.588760e-05	2.294444e-04	-1.376660e-04	-5.598566e-05	4.463838e-03	1.703454e-03	5.315565e-03	-3.612111e-03
80            	1.129822e-02	5.594002e-03	5.704214e-03	1.813083e-04	-4.545979e-05	2.267681e-04	-1.361139e-04	-5.510569e-05	4.448595e-03	1.704184e-03	5.300687e-03	-3.596504e-03
81            	1.126034e-02	5.576027e-03	5.684311e-03	1.789653e-04	-4.491978e-05	2.238851e-04	-1.344024e-04	-5.414221e-05	4.433432e-03	1.704648e-03	5.285756e-03	-3.581108e-03
82            	1.122297e-02	5.558450e-03	5.664520e-03	1.764442e-04	-4.424147e-05	2.206856e-04	-1.324636e-04	-5.303492e-05	4.418356e-03	1.704899e-03	5.270806e-03	-3.565907e-03
83            	1.118617e-02	5.541335e-03	5.644832e-03	1.736941e-04	-4.341788e-05	2.171119e-04	-1.302649e-04	-5.174841e-05	4.403423e-03	1.705020e-03	5.255933e-03	-3.550913e-03
84            	1.115003e-02	5.524742e-03	5.625292e-03	1.707000e-04	-4.246038e-05	2.131604e-04	-1.278104e-04	-5.027484e-05	4.388716e-03	1.705100e-03	5.241266e-03	-3.536166e-03
85            	1.111468e-02	5.508710e-03	5.605974e-03	1.674819e-04	-4.139526e-05	2.088772e-04	-1.251362e-04	-4.863211e-05	4.374324e-03	1.705223e-03	5.226936e-03	-3.521713e-03
86            	1.108021e-02	5.493246e-03	5.586963e-03	1.640881e-04	-4.025896e-05	2.043470e-04	-1.223030e-04	-4.685861e-05	4.360322e-03	1.705448e-03	5.213046e-03	-3.507598e-03
87            	1.104667e-02	5.478327e-03	5.568339e-03	1.605849e-04	-3.909220e-05	1.996771e-04	-1.193846e-04	-4.500565e-05	4.346755e-03	1.705804e-03	5.199657e-03	-3.493853e-03
88            	1.101406e-02	5.463903e-03	5.550161e-03	1.570465e-04	-3.793441e-05	1.949809e-04	-1.164576e-04	-4.312917e-05	4.333634e-03	1.706289e-03	5.186778e-03	-3.480490e-03
89            	1.098237e-02	5.449902e-03	5.532466e-03	1.535438e-04	-3.681897e-05	1.903627e-04	-1.135909e-04	-4.128189e-05	4.320938e-03	1.706875e-03	5.174376e-03	-3.467501e-03
90            	1.095151e-02	5.436243e-03	5.515263e-03	1.501412e-04	-3.577163e-05	1.859129e-04	-1.108422e-04	-3.950963e-05	4.308620e-03	1.707517e-03	5.162379e-03	-3.454862e-03
91            	1.092140e-02	5.422862e-03	5.498534e-03	1.468705e-04	-3.480177e-05	1.816722e-04	-1.082370e-04	-3.783592e-05	4.296625e-03	1.708165e-03	5.150707e-03	-3.442542e-03
92            	1.089195e-02	5.409700e-03	5.482246e-03	1.437497e-04	-3.391019e-05	1.776599e-04	-1.057850e-04	-3.627269e-05	4.284893e-03	1.708773e-03	5.139279e-03	-3.430506e-03
93            	1.086308e-02	5.396722e-03	5.466355e-03	1.407769e-04	-3.308776e-05	1.738646e-04	-1.034762e-04	-3.481664e-05	4.273373e-03	1.709306e-03	5.128026e-03	-3.418720e-03
94            	1.083473e-02	5.383914e-03	5.450817e-03	1.379318e-04	-3.231789e-05	1.702497e-04	-1.012838e-04	-3.345158e-05	4.262032e-03	1.709745e-03	5.116904e-03	-3.407160e-03
95            	1.080687e-02	5.371283e-03	5.435588e-03	1.351819e-04	-3.157965e-05	1.667615e-04	-9.917058e-05	-3.215243e-05	4.250853e-03	1.710087e-03	5.105897e-03	-3.395810e-03
96            	1.077949e-02	5.358855e-03	5.420635e-03	1.324879e-04	-3.085122e-05	1.633392e-04	-9.709519e-05	-3.089002e-05	4.239840e-03	1.710346e-03	5.095013e-03	-3.384667e-03
97            	1.075260e-02	5.346663e-03	5.405934e-03	1.298110e-04	-3.011291e-05	1.599239e-04	-9.501839e-05	-2.963568e-05	4.229008e-03	1.710546e-03	5.084281e-03	-3.373735e-03
98            	1.072622e-02	5.334744e-03	5.391473e-03	1.271166e-04	-2.934931e-05	1.564660e-04	-9.290763e-05	-2.836483e-05	4.218382e-03	1.710716e-03	5.073740e-03	-3.363025e-03
99            	1.070038e-02	5.323128e-03	5.377247e-03	1.243795e-04	-2.855062e-05	1.529301e-04	-9.074035e-05	-2.705955e-05	4.207989e-03	1.710883e-03	5.063431e-03	-3.352548e-03
100           	1.067510e-02	5.311839e-03	5.363258e-03	1.215845e-04	-2.771302e-05	1.492976e-04	-8.850528e-05	-2.570985e-05	4.197850e-03	1.711071e-03	5.053386e-03	-3.342315e-03
101           	1.065040e-02	5.300884e-03	5.349512e-03	1.187279e-04	-2.683833e-05	1.455662e-04	-8.620228e-05	-2.431375e-05	4.187980e-03	1.711294e-03	5.043627e-03	-3.332333e-03
102           	1.062627e-02	5.290260e-03	5.336013e-03	1.158157e-04	-2.593300e-05	1.417487e-04	-8.384087e-05	-2.287637e-05	4.178383e-03	1.711558e-03	5.034162e-03	-3.322604e-03
103           	1.060272e-02	5.279952e-03	5.322768e-03	1.128615e-04	-2.500639e-05	1.378679e-04	-8.143716e-05	-2.140795e-05	4.169053e-03	1.711862e-03	5.024984e-03	-3.313122e-03
104           	1.057971e-02	5.269934e-03	5.309778e-03	1.098833e-04	-2.406932e-05	1.339526e-04	-7.901098e-05	-1.992190e-05	4.159976e-03	1.712195e-03	5.016074e-03	-3.303879e-03
105           	1.055722e-02	5.260180e-03	5.297044e-03	1.069002e-04	-2.313234e-05	1.300325e-04	-7.658243e-05	-1.843226e-05	4.151134e-03	1.712546e-03	5.007407e-03	-3.294861e-03
106           	1.053522e-02	5.250660e-03	5.284564e-03	1.039301e-04	-2.220454e-05	1.261347e-04	-7.416961e-05	-1.695191e-05	4.142504e-03	1.712899e-03	4.998954e-03	-3.286055e-03
107           	1.051368e-02	5.241348e-03	5.272331e-03	1.009883e-04	-2.129295e-05	1.222812e-04	-7.178709e-05	-1.549156e-05	4.134067e-03	1.713243e-03	4.990689e-03	-3.277446e-03
108           	1.049257e-02	5.232225e-03	5.260342e-03	9.808487e-05	-2.040173e-05	1.184866e-04	-6.944417e-05	-1.405826e-05	4.125806e-03	1.713567e-03	4.982590e-03	-3.269022e-03
109           	1.047186e-02	5.223274e-03	5.248588e-03	9.522792e-05	-1.953347e-05	1.147614e-04	-6.714743e-05	-1.265690e-05	4.117708e-03	1.713868e-03	4.974642e-03	-3.260774e-03
110           	1.045155e-02	5.214491e-03	5.237063e-03	9.241427e-05	-1.868568e-05	1.111000e-04	-6.489282e-05	-1.128562e-05	4.109767e-03	1.714143e-03	4.966838e-03	-3.252695e-03
111           	1.043163e-02	5.205875e-03	5.225759e-03	8.964105e-05	-1.785582e-05	1.074969e-04	-6.267634e-05	-9.942070e-06	4.101981e-03	1.714397e-03	4.959179e-03	-3.244782e-03
112           	1.041210e-02	5.197427e-03	5.214672e-03	8.690344e-05	-1.704055e-05	1.039440e-04	-6.049226e-05	-8.622547e-06	4.094351e-03	1.714634e-03	4.951668e-03	-3.237034e-03
113           	1.039295e-02	5.189152e-03	5.203797e-03	8.419567e-05	-1.623638e-05	1.004321e-04	-5.833422e-05	-7.322757e-06	4.086882e-03	1.714862e-03	4.944313e-03	-3.229452e-03
114           	1.037419e-02	5.181055e-03	5.193131e-03	8.151193e-05	-1.544007e-05	9.695200e-05	-5.619604e-05	-6.038324e-06	4.079578e-03	1.715086e-03	4.937121e-03	-3.222035e-03
115           	1.035581e-02	5.173140e-03	5.182671e-03	7.884749e-05	-1.464912e-05	9.349661e-05	-5.407287e-05	-4.765521e-06	4.072443e-03	1.715313e-03	4.930099e-03	-3.214786e-03
116           	1.033782e-02	5.165409e-03	5.172413e-03	7.619887e-05	-1.386194e-05	9.006081e-05	-5.196138e-05	-3.501609e-06	4.065477e-03	1.715548e-03	4.923251e-03	-3.207703e-03
117           	1.032022e-02	5.157863e-03	5.162353e-03	7.356400e-05	-1.307779e-05	8.664178e-05	-4.985978e-05	-2.244806e-06	4.058682e-03	1.715791e-03	4.916578e-03	-3.200786e-03
118           	1.030299e-02	5.150499e-03	5.152488e-03	7.094231e-05	-1.229672e-05	8.323904e-05	-4.776788e-05	-9.944279e-07	4.052054e-03	1.716044e-03	4.910076e-03	-3.194032e-03
119           	1.028612e-02	5.143311e-03	5.142813e-03	6.833471e-05	-1.151957e-05	7.985428e-05	-4.568692e-05	2.490836e-07	4.045589e-03	1.716304e-03	4.903741e-03	-3.187437e-03
120           	1.026962e-02	5.136294e-03	5.133326e-03	6.574316e-05	-1.074758e-05	7.649073e-05	-4.361916e-05	1.484436e-06	4.039282e-03	1.716570e-03	4.897567e-03	-3.180997e-03
121           	1.025346e-02	5.129441e-03	5.124021e-03	6.317029e-05	-9.982230e-06	7.315252e-05	-4.156738e-05	2.709857e-06	4.033125e-03	1.716839e-03	4.891544e-03	-3.174706e-03
122           	1.023764e-02	5.122742e-03	5.114898e-03	6.062230e-05	-9.226172e-06	6.984848e-05	-3.953732e-05	3.921666e-06	4.027111e-03	1.717107e-03	4.885665e-03	-3.168558e-03
123           	1.022214e-02	5.116192e-03	5.105951e-03	5.809691e-05	-8.478867e-06	6.657578e-05	-3.752732e-05	5.120746e-06	4.021236e-03	1.717374e-03	4.879923e-03	-3.162549e-03
124           	1.020696e-02	5.109787e-03	5.097175e-03	5.559572e-05	-7.741078e-06	6.333680e-05	-3.553894e-05	6.306016e-06	4.015493e-03	1.717637e-03	4.874311e-03	-3.156674e-03
125           	1.019209e-02	5.103522e-03	5.088569e-03	5.312028e-05	-7.013426e-06	6.013370e-05	-3.357356e-05	7.476561e-06	4.009878e-03	1.717897e-03	4.868826e-03	-3.150930e-03
126           	1.017752e-02	5.097391e-03	5.080128e-03	5.067158e-05	-6.296232e-06	5.696781e-05	-3.163202e-05	8.631831e-06	4.004388e-03	1.718152e-03	4.863464e-03	-3.145313e-03
127           	1.016324e-02	5.091393e-03	5.071850e-03	4.824999e-05	-5.589491e-06	5.383948e-05	-2.971449e-05	9.771684e-06	3.999021e-03	1.718404e-03	4.858223e-03	-3.139819e-03
128           	1.014926e-02	5.085525e-03	5.063733e-03	4.585547e-05	-4.892963e-06	5.074843e-05	-2.782070e-05	1.089626e-05	3.993774e-03	1.718653e-03	4.853101e-03	-3.134448e-03
129           	1.013556e-02	5.079785e-03	5.055773e-03	4.348763e-05	-4.206324e-06	4.769395e-05	-2.595014e-05	1.200589e-05	3.988647e-03	1.718901e-03	4.848097e-03	-3.129196e-03
130           	1.012214e-02	5.074172e-03	5.047969e-03	4.114582e-05	-3.529098e-06	4.467491e-05	-2.410201e-05	1.310111e-05	3.983636e-03	1.719149e-03	4.843210e-03	-3.124062e-03
131           	1.010900e-02	5.068683e-03	5.040318e-03	3.882940e-05	-2.860866e-06	4.169026e-05	-2.227556e-05	1.418244e-05	3.978741e-03	1.719396e-03	4.838439e-03	-3.119043e-03
132           	1.009613e-02	5.063312e-03	5.032819e-03	3.654533e-05	-2.203574e-06	3.874891e-05	-2.047624e-05	1.524621e-05	3.973958e-03	1.719644e-03	4.833780e-03	-3.114136e-03
133           	1.008353e-02	5.058063e-03	5.025466e-03	3.428321e-05	-1.553893e-06	3.583710e-05	-1.869550e-05	1.629828e-05	3.969288e-03	1.719892e-03	4.829234e-03	-3.109342e-03
134           	1.007119e-02	5.052934e-03	5.018256e-03	3.204257e-05	-9.115890e-07	3.295415e-05	-1.693287e-05	1.733906e-05	3.964727e-03	1.720142e-03	4.824798e-03	-3.104656e-03
135           	1.005911e-02	5.047923e-03	5.011186e-03	2.982370e-05	-2.767283e-07	3.010042e-05	-1.518858e-05	1.836852e-05	3.960273e-03	1.720391e-03	4.820469e-03	-3.100078e-03
136           	1.004728e-02	5.043028e-03	5.004252e-03	2.762423e-05	3.512807e-07	2.727294e-05	-1.346083e-05	1.938813e-05	3.955925e-03	1.720641e-03	4.816245e-03	-3.095604e-03
137           	1.003570e-02	5.038244e-03	4.997453e-03	2.544901e-05	9.711419e-07	2.447787e-05	-1.175336e-05	2.039521e-05	3.951677e-03	1.720890e-03	4.812122e-03	-3.091232e-03
138           	1.002435e-02	5.033566e-03	4.990787e-03	2.329885e-05	1.582611e-06	2.171624e-05	-1.006682e-05	2.138942e-05	3.947527e-03	1.721139e-03	4.808097e-03	-3.086958e-03
139           	1.001324e-02	5.028992e-03	4.984251e-03	2.117438e-05	2.185530e-06	1.898885e-05	-8.401659e-06	2.237053e-05	3.943473e-03	1.721386e-03	4.804166e-03	-3.082780e-03
140           	1.000236e-02	5.024515e-03	4.977847e-03	1.908449e-05	2.777279e-06	1.630721e-05	-6.764965e-06	2.333395e-05	3.939510e-03	1.721632e-03	4.800326e-03	-3.078694e-03
141           	9.991705e-03	5.020139e-03	4.971567e-03	1.701720e-05	3.361306e-06	1.365589e-05	-5.147292e-06	2.428603e-05	3.935638e-03	1.721876e-03	4.796576e-03	-3.074700e-03
142           	9.981270e-03	5.015862e-03	4.965408e-03	1.497218e-05	3.937694e-06	1.103449e-05	-3.548398e-06	2.522703e-05	3.931856e-03	1.722119e-03	4.792915e-03	-3.070797e-03
143           	9.971051e-03	5.011682e-03	4.959369e-03	1.294971e-05	4.506365e-06	8.443350e-06	-1.968493e-06	2.615684e-05	3.928161e-03	1.722360e-03	4.789341e-03	-3.066981e-03
144           	9.961044e-03	5.007597e-03	4.953447e-03	1.095066e-05	5.067074e-06	5.883586e-06	-4.082558e-07	2.707511e-05	3.924551e-03	1.722600e-03	4.785852e-03	-3.063251e-03
145           	9.951245e-03	5.003604e-03	4.947641e-03	8.976068e-06	5.619497e-06	3.356571e-06	1.131463e-06	2.798138e-05	3.921025e-03	1.722839e-03	4.782444e-03	-3.059605e-03
146           	9.941650e-03	4.999700e-03	4.941950e-03	7.027178e-06	6.163309e-06	8.638688e-07	2.649720e-06	2.887508e-05	3.917579e-03	1.723076e-03	4.779117e-03	-3.056041e-03
147           	9.932254e-03	4.995883e-03	4.936371e-03	5.104949e-06	6.698292e-06	-1.593343e-06	4.145817e-06	2.975581e-05	3.914213e-03	1.723312e-03	4.775869e-03	-3.052557e-03
148           	9.923052e-03	4.992146e-03	4.930906e-03	3.217153e-06	7.222191e-06	-4.005038e-06	5.613614e-06	3.061971e-05	3.910922e-03	1.723545e-03	4.772695e-03	-3.049150e-03
149           	9.914042e-03	4.988493e-03	4.925549e-03	1.354277e-06	7.737881e-06	-6.383603e-06	7.060742e-06	3.147161e-05	3.907708e-03	1.723777e-03	4.769597e-03	-3.045820e-03
150           	9.905220e-03	4.984922e-03	4.920299e-03	-4.836679e-07	8.245426e-06	-8.729094e-06	8.487260e-06	3.231153e-05	3.904568e-03	1.724007e-03	4.766572e-03	-3.042565e-03
151           	9.896583e-03	4.981431e-03	4.915152e-03	-2.296478e-06	8.744825e-06	-1.104130e-05	9.893064e-06	3.313939e-05	3.901501e-03	1.724236e-03	4.763619e-03	-3.039383e-03
152           	9.888127e-03	4.978018e-03	4.910108e-03	-4.083889e-06	9.236064e-06	-1.331995e-05	1.127801e-05	3.395507e-05	3.898505e-03	1.724463e-03	4.760736e-03	-3.036274e-03
153           	9.879847e-03	4.974682e-03	4.905165e-03	-5.845647e-06	9.719104e-06	-1.556475e-05	1.264193e-05	3.475844e-05	3.895578e-03	1.724687e-03	4.757921e-03	-3.033234e-03
154           	9.871741e-03	4.971420e-03	4.900321e-03	-7.581558e-06	1.019392e-05	-1.777548e-05	1.398470e-05	3.554936e-05	3.892718e-03	1.724910e-03	4.755173e-03	-3.030263e-03
155           	9.863804e-03	4.968230e-03	4.895574e-03	-9.291305e-06	1.066045e-05	-1.995175e-05	1.530610e-05	3.632766e-05	3.889924e-03	1.725131e-03	4.752489e-03	-3.027358e-03
156           	9.856034e-03	4.965110e-03	4.890923e-03	-1.097483e-05	1.111873e-05	-2.209356e-05	1.660615e-05	3.709330e-05	3.887194e-03	1.725349e-03	4.749868e-03	-3.024519e-03
157           	9.848426e-03	4.962059e-03	4.886367e-03	-1.263252e-05	1.156900e-05	-2.420151e-05	1.788525e-05	3.784648e-05	3.884527e-03	1.725565e-03	4.747309e-03	-3.021744e-03
158           	9.840978e-03	4.959077e-03	4.881901e-03	-1.426518e-05	1.201157e-05	-2.627675e-05	1.914416e-05	3.858764e-05	3.881921e-03	1.725778e-03	4.744809e-03	-3.019032e-03
159           	9.833687e-03	4.956161e-03	4.877526e-03	-1.587380e-05	1.244687e-05	-2.832067e-05	2.038377e-05	3.931728e-05	3.879374e-03	1.725988e-03	4.742368e-03	-3.016380e-03
160           	9.826549e-03	4.953310e-03	4.873238e-03	-1.745947e-05	1.287536e-05	-3.033483e-05	2.160509e-05	4.003600e-05	3.876886e-03	1.726196e-03	4.739984e-03	-3.013788e-03
161           	9.819561e-03	4.950525e-03	4.869036e-03	-1.902328e-05	1.329750e-05	-3.232078e-05	2.280914e-05	4.074443e-05	3.874455e-03	1.726402e-03	4.737656e-03	-3.011255e-03
162           	9.812721e-03	4.947804e-03	4.864918e-03	-2.056611e-05	1.371366e-05	-3.427976e-05	2.399671e-05	4.144308e-05	3.872080e-03	1.726604e-03	4.735382e-03	-3.008778e-03
163           	9.806026e-03	4.945145e-03	4.860881e-03	-2.208845e-05	1.412409e-05	-3.621254e-05	2.516831e-05	4.213228e-05	3.869760e-03	1.726804e-03	4.733162e-03	-3.006358e-03
164           	9.799470e-03	4.942543e-03	4.856927e-03	-2.358171e-05	1.452666e-05	-3.810837e-05	2.631751e-05	4.280806e-05	3.867491e-03	1.727000e-03	4.730991e-03	-3.003991e-03
165           	9.793054e-03	4.940003e-03	4.853050e-03	-2.505844e-05	1.492478e-05	-3.998322e-05	2.745400e-05	4.347649e-05	3.865275e-03	1.727193e-03	4.728871e-03	-3.001678e-03
166           	9.786774e-03	4.937525e-03	4.849249e-03	-2.651887e-05	1.531856e-05	-4.183743e-05	2.857799e-05	4.413774e-05	3.863110e-03	1.727384e-03	4.726802e-03	-2.999418e-03
167           	9.780629e-03	4.935106e-03	4.845523e-03	-2.796255e-05	1.570785e-05	-4.367040e-05	2.968913e-05	4.479162e-05	3.860995e-03	1.727572e-03	4.724781e-03	-2.997209e-03
168           	9.774614e-03	4.932745e-03	4.841869e-03	-2.938851e-05	1.609236e-05	-4.548087e-05	3.078662e-05	4.543770e-05	3.858929e-03	1.727757e-03	4.722808e-03	-2.995051e-03
169           	9.768728e-03	4.930439e-03	4.838288e-03	-3.079553e-05	1.647170e-05	-4.726723e-05	3.186946e-05	4.607541e-05	3.856911e-03	1.727939e-03	4.720880e-03	-2.992941e-03
170           	9.762967e-03	4.928188e-03	4.834779e-03	-3.218247e-05	1.684549e-05	-4.902796e-05	3.293673e-05	4.670422e-05	3.854938e-03	1.728118e-03	4.718997e-03	-2.990879e-03
171           	9.757329e-03	4.925988e-03	4.831341e-03	-3.354849e-05	1.721349e-05	-5.076198e-05	3.398773e-05	4.732374e-05	3.853011e-03	1.728294e-03	4.717158e-03	-2.988864e-03
172           	9.751811e-03	4.923839e-03	4.827972e-03	-3.489313e-05	1.757554e-05	-5.246866e-05	3.502210e-05	4.793377e-05	3.851128e-03	1.728466e-03	4.715361e-03	-2.986895e-03
173           	9.746412e-03	4.921740e-03	4.824672e-03	-3.621610e-05	1.793153e-05	-5.414763e-05	3.603958e-05	4.853416e-05	3.849287e-03	1.728635e-03	4.713605e-03	-2.984969e-03
174           	9.741128e-03	4.919689e-03	4.821439e-03	-3.751732e-05	1.828141e-05	-5.579874e-05	3.704007e-05	4.912484e-05	3.847488e-03	1.728801e-03	4.711889e-03	-2.983088e-03
175           	9.735957e-03	4.917685e-03	4.818273e-03	-3.879696e-05	1.862518e-05	-5.742214e-05	3.802366e-05	4.970587e-05	3.845730e-03	1.728963e-03	4.710212e-03	-2.981249e-03
176           	9.730898e-03	4.915726e-03	4.815172e-03	-4.005516e-05	1.896283e-05	-5.901799e-05	3.899041e-05	5.027728e-05	3.844013e-03	1.729122e-03	4.708574e-03	-2.979452e-03
177           	9.725947e-03	4.913813e-03	4.812135e-03	-4.129198e-05	1.929433e-05	-6.058630e-05	3.994032e-05	5.083905e-05	3.842334e-03	1.729278e-03	4.706973e-03	-2.977695e-03
178           	9.721104e-03	4.911943e-03	4.809161e-03	-4.250733e-05	1.961960e-05	-6.212693e-05	4.087327e-05	5.139107e-05	3.840694e-03	1.729431e-03	4.705409e-03	-2.975978e-03
179           	9.716365e-03	4.910115e-03	4.806249e-03	-4.370089e-05	1.993848e-05	-6.363937e-05	4.178892e-05	5.193313e-05	3.839091e-03	1.729580e-03	4.703881e-03	-2.974301e-03
180           	9.711728e-03	4.908329e-03	4.803399e-03	-4.487221e-05	2.025078e-05	-6.512299e-05	4.268689e-05	5.246499e-05	3.837525e-03	1.729726e-03	4.702387e-03	-2.972662e-03
181           	9.707192e-03	4.906582e-03	4.800610e-03	-4.602083e-05	2.055633e-05	-6.657716e-05	4.356675e-05	5.298638e-05	3.835994e-03	1.729869e-03	4.700928e-03	-2.971060e-03
182           	9.702755e-03	4.904874e-03	4.797880e-03	-4.714624e-05	2.085492e-05	-6.800116e-05	4.442804e-05	5.349704e-05	3.834498e-03	1.730008e-03	4.699502e-03	-2.969494e-03
183           	9.698414e-03	4.903204e-03	4.795210e-03	-4.824800e-05	2.114638e-05	-6.939437e-05	4.527037e-05	5.399674e-05	3.833037e-03	1.730145e-03	4.698109e-03	-2.967964e-03
184           	9.694165e-03	4.901563e-03	4.792602e-03	-4.931586e-05	2.142811e-05	-7.074397e-05	4.608604e-05	5.448073e-05	3.831607e-03	1.730277e-03	4.696745e-03	-2.966468e-03
185           	9.690010e-03	4.899960e-03	4.790050e-03	-5.036304e-05	2.170341e-05	-7.206645e-05	4.688493e-05	5.495503e-05	3.830210e-03	1.730406e-03	4.695413e-03	-2.965007e-03
186           	9.685946e-03	4.898393e-03	4.787554e-03	-5.138933e-05	2.197217e-05	-7.336150e-05	4.766683e-05	5.541950e-05	3.828846e-03	1.730533e-03	4.694112e-03	-2.963579e-03
187           	9.681972e-03	4.896860e-03	4.785112e-03	-5.239386e-05	2.223416e-05	-7.462802e-05	4.843109e-05	5.587371e-05	3.827513e-03	1.730656e-03	4.692841e-03	-2.962185e-03
188           	9.678085e-03	4.895359e-03	4.782725e-03	-5.337557e-05	2.248907e-05	-7.586464e-05	4.917686e-05	5.631715e-05	3.826211e-03	1.730777e-03	4.691600e-03	-2.960823e-03
189           	9.674283e-03	4.893891e-03	4.780392e-03	-5.433334e-05	2.273666e-05	-7.706999e-05	4.990332e-05	5.674932e-05	3.824939e-03	1.730895e-03	4.690386e-03	-2.959492e-03
190           	9.670565e-03	4.892452e-03	4.778112e-03	-5.526623e-05	2.297668e-05	-7.824290e-05	5.060979e-05	5.716980e-05	3.823696e-03	1.731010e-03	4.689201e-03	-2.958191e-03
191           	9.666928e-03	4.891042e-03	4.775886e-03	-5.617363e-05	2.320904e-05	-7.938267e-05	5.129585e-05	5.757833e-05	3.822481e-03	1.731121e-03	4.688042e-03	-2.956920e-03
192           	9.663371e-03	4.889660e-03	4.773711e-03	-5.705535e-05	2.343374e-05	-8.048910e-05	5.196142e-05	5.797485e-05	3.821294e-03	1.731230e-03	4.686909e-03	-2.955679e-03
193           	9.659893e-03	4.888306e-03	4.771587e-03	-5.791158e-05	2.365094e-05	-8.156252e-05	5.260673e-05	5.835948e-05	3.820134e-03	1.731336e-03	4.685802e-03	-2.954466e-03
194           	9.656491e-03	4.886978e-03	4.769513e-03	-5.874279e-05	2.386085e-05	-8.260364e-05	5.323225e-05	5.873246e-05	3.819000e-03	1.731439e-03	4.684719e-03	-2.953280e-03
195           	9.653164e-03	4.885676e-03	4.767488e-03	-5.954966e-05	2.406374e-05	-8.361339e-05	5.383856e-05	5.909414e-05	3.817891e-03	1.731539e-03	4.683661e-03	-2.952122e-03
196           	9.649910e-03	4.884400e-03	4.765510e-03	-6.033298e-05	2.425991e-05	-8.459289e-05	5.442640e-05	5.944492e-05	3.816808e-03	1.731636e-03	4.682626e-03	-2.950990e-03
197           	9.646729e-03	4.883149e-03	4.763579e-03	-6.109357e-05	2.444968e-05	-8.554325e-05	5.499646e-05	5.978520e-05	3.815749e-03	1.731730e-03	4.681615e-03	-2.949884e-03
198           	9.643618e-03	4.881924e-03	4.761693e-03	-6.183223e-05	2.463336e-05	-8.646558e-05	5.554947e-05	6.011537e-05	3.814715e-03	1.731822e-03	4.680626e-03	-2.948804e-03
199           	9.640576e-03	4.880724e-03	4.759852e-03	-6.254977e-05	2.481122e-05	-8.736099e-05	5.608610e-05	6.043580e-05	3.813704e-03	1.731912e-03	4.679660e-03	-2.947749e-03
200           	9.637601e-03	4.879547e-03	4.758054e-03	-6.324691e-05	2.498349e-05	-8.823040e-05	5.660695e-05	6.074682e-05	3.812717e-03	1.731998e-03	4.678716e-03	-2.946718e-03
201           	9.634693e-03	4.878395e-03	4.756298e-03	-6.392424e-05	2.515040e-05	-8.907464e-05	5.711252e-05	6.104873e-05	3.811752e-03	1.732082e-03	4.677793e-03	-2.945711e-03
202           	9.631850e-03	4.877267e-03	4.754583e-03	-6.458230e-05	2.531217e-05	-8.989447e-05	5.760332e-05	6.134181e-05	3.810809e-03	1.732164e-03	4.676891e-03	-2.944727e-03
203           	9.629070e-03	4.876161e-03	4.752909e-03	-6.522160e-05	2.546898e-05	-9.069058e-05	5.807978e-05	6.162632e-05	3.809888e-03	1.732244e-03	4.676010e-03	-2.943766e-03
204           	9.626352e-03	4.875078e-03	4.751273e-03	-6.584261e-05	2.562103e-05	-9.146364e-05	5.854233e-05	6.190251e-05	3.808988e-03	1.732321e-03	4.675148e-03	-2.942827e-03
205           	9.623695e-03	4.874018e-03	4.749677e-03	-6.644584e-05	2.576849e-05	-9.221433e-05	5.899141e-05	6.217066e-05	3.808108e-03	1.732396e-03	4.674306e-03	-2.941911e-03
206           	9.621097e-03	4.872980e-03	4.748118e-03	-6.703177e-05	2.591153e-05	-9.294330e-05	5.942742e-05	6.243100e-05	3.807249e-03	1.732469e-03	4.673483e-03	-2.941015e-03
207           	9.618558e-03	4.871963e-03	4.746595e-03	-6.760083e-05	2.605029e-05	-9.365112e-05	5.985071e-05	6.268374e-05	3.806410e-03	1.732539e-03	4.672679e-03	-2.940140e-03
208           	9.616075e-03	4.870967e-03	4.745108e-03	-6.815343e-05	2.618488e-05	-9.433831e-05	6.026160e-05	6.292907e-05	3.805589e-03	1.732608e-03	4.671893e-03	-2.939286e-03
209           	9.613646e-03	4.869987e-03	4.743659e-03	-6.868236e-05	2.631333e-05	-9.499569e-05	6.065451e-05	6.316362e-05	3.804786e-03	1.732673e-03	4.671123e-03	-2.938450e-03
210           	9.611272e-03	4.869029e-03	4.742244e-03	-6.919838e-05	2.643856e-05	-9.563694e-05	6.103775e-05	6.339236e-05	3.804002e-03	1.732737e-03	4.670370e-03	-2.937634e-03
211           	9.608953e-03	4.868092e-03	4.740861e-03	-6.970193e-05	2.656067e-05	-9.626260e-05	6.141164e-05	6.361545e-05	3.803236e-03	1.732799e-03	4.669636e-03	-2.936837e-03
212           	9.608169e-03	4.867875e-03	4.740294e-03	-7.006592e-05	2.665077e-05	-9.671669e-05	6.168373e-05	6.379038e-05	3.803211e-03	1.733124e-03	4.669773e-03	-2.936648e-03
213           	9.607635e-03	4.867749e-03	4.739886e-03	-7.033711e-05	2.671875e-05	-9.705586e-05	6.188731e-05	6.393137e-05	3.803371e-03	1.733605e-03	4.670174e-03	-2.936568e-03
214           	9.607175e-03	4.867639e-03	4.739537e-03	-7.055631e-05	2.677359e-05	-9.732990e-05	6.205175e-05	6.405095e-05	3.803579e-03	1.734127e-03	4.670642e-03	-2.936515e-03
215           	9.606643e-03	4.867481e-03	4.739162e-03	-7.075713e-05	2.682291e-05	-9.758004e-05	6.220147e-05	6.415970e-05	3.803715e-03	1.734590e-03	4.671010e-03	-2.936420e-03
216           	9.605936e-03	4.867233e-03	4.738703e-03	-7.096260e-05	2.687206e-05	-9.783466e-05	6.235336e-05	6.426517e-05	3.803699e-03	1.734928e-03	4.671163e-03	-2.936235e-03
217           	9.605004e-03	4.866871e-03	4.738133e-03	-7.117828e-05	2.692255e-05	-9.810082e-05	6.251168e-05	6.436914e-05	3.803492e-03	1.735109e-03	4.671046e-03	-2.935938e-03
218           	9.603860e-03	4.866407e-03	4.737453e-03	-7.141782e-05	2.697751e-05	-9.839533e-05	6.268642e-05	6.447728e-05	3.803104e-03	1.735139e-03	4.670673e-03	-2.935534e-03
219           	9.602553e-03	4.865871e-03	4.736682e-03	-7.169004e-05	2.703955e-05	-9.872959e-05	6.288457e-05	6.459460e-05	3.802576e-03	1.735051e-03	4.670102e-03	-2.935051e-03
220           	9.601140e-03	4.865286e-03	4.735854e-03	-7.197620e-05	2.710570e-05	-9.908190e-05	6.309380e-05	6.471604e-05	3.801958e-03	1.734885e-03	4.669400e-03	-2.934515e-03
221           	9.599695e-03	4.864683e-03	4.735011e-03	-7.225828e-05	2.717187e-05	-9.943015e-05	6.330101e-05	6.483581e-05	3.801308e-03	1.734689e-03	4.668652e-03	-2.933964e-03
222           	9.598281e-03	4.864091e-03	4.734190e-03	-7.252658e-05	2.723545e-05	-9.976203e-05	6.349874e-05	6.495078e-05	3.800679e-03	1.734504e-03	4.667931e-03	-2.933427e-03
223           	9.596947e-03	4.863535e-03	4.733413e-03	-7.277911e-05	2.729641e-05	-1.000755e-04	6.368597e-05	6.506099e-05	3.800111e-03	1.734362e-03	4.667292e-03	-2.932930e-03
224           	9.595718e-03	4.863024e-03	4.732694e-03	-7.301259e-05	2.735347e-05	-1.003661e-04	6.385977e-05	6.516497e-05	3.799623e-03	1.734280e-03	4.666763e-03	-2.932483e-03
225           	9.594594e-03	4.862559e-03	4.732035e-03	-7.322679e-05	2.740628e-05	-1.006331e-04	6.401968e-05	6.526218e-05	3.799216e-03	1.734256e-03	4.666344e-03	-2.932088e-03
226           	9.593564e-03	4.862137e-03	4.731427e-03	-7.342854e-05	2.745638e-05	-1.008849e-04	6.417065e-05	6.535489e-05	3.798880e-03	1.734285e-03	4.666022e-03	-2.931738e-03
227           	9.592603e-03	4.861746e-03	4.730857e-03	-7.362358e-05	2.750473e-05	-1.011283e-04	6.431652e-05	6.544460e-05	3.798595e-03	1.734348e-03	4.665770e-03	-2.931421e-03
228           	9.591684e-03	4.861374e-03	4.730310e-03	-7.381556e-05	2.755192e-05	-1.013675e-04	6.445971e-05	6.553212e-05	3.798339e-03	1.734430e-03	4.665554e-03	-2.931124e-03
229           	9.590781e-03	4.861008e-03	4.729773e-03	-7.400610e-05	2.759820e-05	-1.016043e-04	6.460125e-05	6.561767e-05	3.798088e-03	1.734512e-03	4.665344e-03	-2.930832e-03
230           	9.589872e-03	4.860637e-03	4.729235e-03	-7.419531e-05	2.764361e-05	-1.018389e-04	6.474126e-05	6.570121e-05	3.797826e-03	1.734581e-03	4.665117e-03	-2.930536e-03
231           	9.588945e-03	4.860255e-03	4.728690e-03	-7.438247e-05	2.768809e-05	-1.020706e-04	6.487933e-05	6.578257e-05	3.797543e-03	1.734630e-03	4.664858e-03	-2.930228e-03
232           	9.587997e-03	4.859860e-03	4.728137e-03	-7.456660e-05	2.773160e-05	-1.022982e-04	6.501489e-05	6.586165e-05	3.797236e-03	1.734656e-03	4.664564e-03	-2.929908e-03
233           	9.587029e-03	4.859453e-03	4.727576e-03	-7.474674e-05	2.777411e-05	-1.025209e-04	6.514748e-05	6.593850e-05	3.796907e-03	1.734662e-03	4.664238e-03	-2.929576e-03
234           	9.586051e-03	4.859039e-03	4.727012e-03	-7.492218e-05	2.781569e-05	-1.027379e-04	6.527677e-05	6.601323e-05	3.796562e-03	1.734654e-03	4.663889e-03	-2.929236e-03
235           	9.585070e-03	4.858621e-03	4.726449e-03	-7.509249e-05	2.785640e-05	-1.029489e-04	6.540264e-05	6.608603e-05	3.796211e-03	1.734637e-03	4.663529e-03	-2.928893e-03
236           	9.584098e-03	4.858206e-03	4.725892e-03	-7.525773e-05	2.789635e-05	-1.031541e-04	6.552521e-05	6.615713e-05	3.795860e-03	1.734617e-03	4.663169e-03	-2.928552e-03
237           	9.583142e-03	4.857798e-03	4.725344e-03	-7.541848e-05	2.793569e-05	-1.033542e-04	6.564493e-05	6.622681e-05	3.795518e-03	1.734602e-03	4.662819e-03	-2.928217e-03
238           	9.582207e-03	4.857399e-03	4.724808e-03	-7.557569e-05	2.797458e-05	-1.035503e-04	6.576243e-05	6.629539e-05	3.795187e-03	1.734592e-03	4.662483e-03	-2.927891e-03
239           	9.581295e-03	4.857011e-03	4.724284e-03	-7.573046e-05	2.801316e-05	-1.037436e-04	6.587839e-05	6.636312e-05	3.794870e-03	1.734591e-03	4.662166e-03	-2.927575e-03
240           	9.580404e-03	4.856630e-03	4.723774e-03	-7.587999e-05	2.804977e-05	-1.039298e-04	6.598977e-05	6.642774e-05	3.794565e-03	1.734596e-03	4.661863e-03	-2.927267e-03
241           	9.579533e-03	4.856259e-03	4.723274e-03	-7.602946e-05	2.808661e-05	-1.041161e-04	6.610135e-05	6.649237e-05	3.794271e-03	1.734607e-03	4.661575e-03	-2.926968e-03
242           	9.578681e-03	4.855900e-03	4.722781e-03	-7.618326e-05	2.812542e-05	-1.043087e-04	6.621705e-05	6.655956e-05	3.793989e-03	1.734623e-03	4.661300e-03	-2.926678e-03
243           	9.577840e-03	4.855543e-03	4.722297e-03	-7.633166e-05	2.816183e-05	-1.044935e-04	6.632765e-05	6.662310e-05	3.793709e-03	1.734638e-03	4.661028e-03	-2.926390e-03
244           	9.577008e-03	4.855190e-03	4.721818e-03	-7.647925e-05	2.819788e-05	-1.046771e-04	6.643750e-05	6.668595e-05	3.793433e-03	1.734652e-03	4.660759e-03	-2.926106e-03
245           	9.576183e-03	4.854839e-03	4.721344e-03	-7.662534e-05	2.823336e-05	-1.048587e-04	6.654603e-05	6.674785e-05	3.793157e-03	1.734664e-03	4.660489e-03	-2.925825e-03
246           	9.575365e-03	4.854491e-03	4.720874e-03	-7.676913e-05	2.826807e-05	-1.050372e-04	6.665264e-05	6.680851e-05	3.792882e-03	1.734673e-03	4.660218e-03	-2.925545e-03
247           	9.574552e-03	4.854144e-03	4.720409e-03	-7.690996e-05	2.830185e-05	-1.052118e-04	6.675683e-05	6.686770e-05	3.792607e-03	1.734679e-03	4.659946e-03	-2.925267e-03
248           	9.573746e-03	4.853799e-03	4.719948e-03	-7.704733e-05	2.833459e-05	-1.053819e-04	6.685825e-05	6.692530e-05	3.792332e-03	1.734683e-03	4.659674e-03	-2.924990e-03
249           	9.572948e-03	4.853455e-03	4.719493e-03	-7.718102e-05	2.836626e-05	-1.055473e-04	6.695677e-05	6.698124e-05	3.792059e-03	1.734685e-03	4.659401e-03	-2.924716e-03
250           	9.572158e-03	4.853115e-03	4.719044e-03	-7.731103e-05	2.839691e-05	-1.057079e-04	6.705242e-05	6.703557e-05	3.791788e-03	1.734687e-03	4.659131e-03	-2.924445e-03
251           	9.571378e-03	4.852778e-03	4.718601e-03	-7.743760e-05	2.842660e-05	-1.058642e-04	6.714540e-05	6.708840e-05	3.791521e-03	1.734688e-03	4.658865e-03	-2.924177e-03
252           	9.570609e-03	4.852444e-03	4.718165e-03	-7.756110e-05	2.845545e-05	-1.060166e-04	6.723600e-05	6.713985e-05	3.791258e-03	1.734690e-03	4.658603e-03	-2.923913e-03
253           	9.569851e-03	4.852115e-03	4.717735e-03	-7.768196e-05	2.848357e-05	-1.061655e-04	6.732455e-05	6.719009e-05	3.790999e-03	1.734693e-03	4.658346e-03	-2.923653e-03
254           	9.569103e-03	4.851791e-03	4.717312e-03	-7.780057e-05	2.851104e-05	-1.063116e-04	6.741133e-05	6.723925e-05	3.790745e-03	1.734697e-03	4.658094e-03	-2.923397e-03
255           	9.568367e-03	4.851471e-03	4.716896e-03	-7.791725e-05	2.853795e-05	-1.064552e-04	6.749657e-05	6.728744e-05	3.790496e-03	1.734702e-03	4.657847e-03	-2.923145e-03
256           	9.567640e-03	4.851155e-03	4.716485e-03	-7.803219e-05	2.856433e-05	-1.065965e-04	6.758043e-05	6.733471e-05	3.790250e-03	1.734708e-03	4.657604e-03	-2.922896e-03
257           	9.566923e-03	4.850843e-03	4.716081e-03	-7.814547e-05	2.859022e-05	-1.067357e-04	6.766295e-05	6.738110e-05	3.790008e-03	1.734713e-03	4.657365e-03	-2.922652e-03
258           	9.566215e-03	4.850534e-03	4.715681e-03	-7.825707e-05	2.861560e-05	-1.068727e-04	6.774413e-05	6.742660e-05	3.789769e-03	1.734719e-03	4.657129e-03	-2.922410e-03
259           	9.565516e-03	4.850229e-03	4.715287e-03	-7.836691e-05	2.864046e-05	-1.070074e-04	6.782391e-05	6.747122e-05	3.789533e-03	1.734724e-03	4.656895e-03	-2.922171e-03
260           	9.564824e-03	4.849927e-03	4.714897e-03	-7.847486e-05	2.866478e-05	-1.071396e-04	6.790221e-05	6.751491e-05	3.789299e-03	1.734729e-03	4.656664e-03	-2.921935e-03
261           	9.564140e-03	4.849628e-03	4.714512e-03	-7.858084e-05	2.868855e-05	-1.072694e-04	6.797896e-05	6.755767e-05	3.789068e-03	1.734733e-03	4.656434e-03	-2.921702e-03
262           	9.563464e-03	4.849332e-03	4.714133e-03	-7.868474e-05	2.871175e-05	-1.073965e-04	6.805412e-05	6.759950e-05	3.788839e-03	1.734736e-03	4.656207e-03	-2.921471e-03
263           	9.562796e-03	4.849038e-03	4.713758e-03	-7.878657e-05	2.873440e-05	-1.075210e-04	6.812769e-05	6.764040e-05	3.788612e-03	1.734739e-03	4.655981e-03	-2.921242e-03
264           	9.562135e-03	4.848748e-03	4.713387e-03	-7.888635e-05	2.875652e-05	-1.076429e-04	6.819969e-05	6.768041e-05	3.788388e-03	1.734741e-03	4.655758e-03	-2.921017e-03
265           	9.561483e-03	4.848461e-03	4.713022e-03	-7.898417e-05	2.877813e-05	-1.077623e-04	6.827021e-05	6.771957e-05	3.788166e-03	1.734743e-03	4.655538e-03	-2.920794e-03
266           	9.560838e-03	4.848177e-03	4.712661e-03	-7.908012e-05	2.879927e-05	-1.078794e-04	6.833933e-05	6.775793e-05	3.787947e-03	1.734746e-03	4.655320e-03	-2.920574e-03
267           	9.560202e-03	4.847897e-03	4.712306e-03	-7.917433e-05	2.881998e-05	-1.079943e-04	6.840714e-05	6.779552e-05	3.787731e-03	1.734748e-03	4.655105e-03	-2.920357e-03
268           	9.559574e-03	4.847619e-03	4.711954e-03	-7.926692e-05	2.884028e-05	-1.081072e-04	6.847374e-05	6.783240e-05	3.787518e-03	1.734750e-03	4.654893e-03	-2.920143e-03
269           	9.558953e-03	4.847345e-03	4.711608e-03	-7.935799e-05	2.886021e-05	-1.082182e-04	6.853921e-05	6.786861e-05	3.787308e-03	1.734752e-03	4.654684e-03	-2.919931e-03
270           	9.558341e-03	4.847075e-03	4.711266e-03	-7.944763e-05	2.887979e-05	-1.083274e-04	6.860361e-05	6.790418e-05	3.787100e-03	1.734755e-03	4.654477e-03	-2.919723e-03
271           	9.557736e-03	4.846807e-03	4.710929e-03	-7.953591e-05	2.889905e-05	-1.084350e-04	6.866701e-05	6.793915e-05	3.786895e-03	1.734757e-03	4.654274e-03	-2.919517e-03
272           	9.557139e-03	4.846543e-03	4.710596e-03	-7.962286e-05	2.891800e-05	-1.085409e-04	6.872943e-05	6.797352e-05	3.786693e-03	1.734759e-03	4.654073e-03	-2.919314e-03
273           	9.556550e-03	4.846282e-03	4.710267e-03	-7.970850e-05	2.893664e-05	-1.086451e-04	6.879089e-05	6.800733e-05	3.786494e-03	1.734762e-03	4.653874e-03	-2.919113e-03
274           	9.555967e-03	4.846024e-03	4.709943e-03	-7.979286e-05	2.895500e-05	-1.087479e-04	6.885143e-05	6.804058e-05	3.786297e-03	1.734764e-03	4.653679e-03	-2.918915e-03
275           	9.555392e-03	4.845769e-03	4.709623e-03	-7.987594e-05	2.897307e-05	-1.088490e-04	6.891104e-05	6.807329e-05	3.786102e-03	1.734766e-03	4.653485e-03	-2.918719e-03
276           	9.554823e-03	4.845515e-03	4.709308e-03	-7.995254e-05	2.898933e-05	-1.089419e-04	6.896560e-05	6.810316e-05	3.785909e-03	1.734767e-03	4.653293e-03	-2.918525e-03
277           	9.554261e-03	4.845264e-03	4.708997e-03	-8.002962e-05	2.900578e-05	-1.090354e-04	6.902059e-05	6.813326e-05	3.785718e-03	1.734769e-03	4.653103e-03	-2.918334e-03
278           	9.553706e-03	4.845017e-03	4.708689e-03	-8.010722e-05	2.902246e-05	-1.091297e-04	6.907607e-05	6.816362e-05	3.785530e-03	1.734770e-03	4.652915e-03	-2.918145e-03
279           	9.553158e-03	4.844773e-03	4.708385e-03	-8.018510e-05	2.903933e-05	-1.092244e-04	6.913188e-05	6.819417e-05	3.785345e-03	1.734772e-03	4.652731e-03	-2.917959e-03
280           	9.552617e-03	4.844533e-03	4.708083e-03	-8.026287e-05	2.905629e-05	-1.093192e-04	6.918773e-05	6.822476e-05	3.785162e-03	1.734773e-03	4.652548e-03	-2.917775e-03
281           	9.552082e-03	4.844296e-03	4.707786e-03	-8.034010e-05	2.907324e-05	-1.094133e-04	6.924330e-05	6.825521e-05	3.784981e-03	1.734774e-03	4.652368e-03	-2.917594e-03
282           	9.551554e-03	4.844062e-03	4.707492e-03	-8.041641e-05	2.909007e-05	-1.095065e-04	6.929828e-05	6.828535e-05	3.784803e-03	1.734775e-03	4.652190e-03	-2.917416e-03
283           	9.551033e-03	4.843831e-03	4.707201e-03	-8.049153e-05	2.910669e-05	-1.095982e-04	6.935246e-05	6.831505e-05	3.784627e-03	1.734776e-03	4.652015e-03	-2.917239e-03
284           	9.550518e-03	4.843603e-03	4.706915e-03	-8.056532e-05	2.912305e-05	-1.096884e-04	6.940571e-05	6.834421e-05	3.784454e-03	1.734777e-03	4.651842e-03	-2.917065e-03
285           	9.550010e-03	4.843378e-03	4.706632e-03	-8.063778e-05	2.913912e-05	-1.097769e-04	6.945801e-05	6.837282e-05	3.784283e-03	1.734779e-03	4.651672e-03	-2.916893e-03
286           	9.549509e-03	4.843155e-03	4.706354e-03	-8.070899e-05	2.915491e-05	-1.098639e-04	6.950940e-05	6.840089e-05	3.784114e-03	1.734780e-03	4.651504e-03	-2.916724e-03
287           	9.549014e-03	4.842936e-03	4.706079e-03	-8.077910e-05	2.917043e-05	-1.099495e-04	6.955998e-05	6.842846e-05	3.783947e-03	1.734782e-03	4.651338e-03	-2.916556e-03
288           	9.548525e-03	4.842718e-03	4.705807e-03	-8.084828e-05	2.918573e-05	-1.100340e-04	6.960987e-05	6.845560e-05	3.783783e-03	1.734784e-03	4.651175e-03	-2.916391e-03
289           	9.548043e-03	4.842504e-03	4.705539e-03	-8.091666e-05	2.920083e-05	-1.101175e-04	6.965916e-05	6.848237e-05	3.783621e-03	1.734785e-03	4.651013e-03	-2.916228e-03
290           	9.547566e-03	4.842292e-03	4.705274e-03	-8.098436e-05	2.921577e-05	-1.102001e-04	6.970795e-05	6.850883e-05	3.783461e-03	1.734787e-03	4.650854e-03	-2.916067e-03
291           	9.547095e-03	4.842083e-03	4.705013e-03	-8.105143e-05	2.923058e-05	-1.102820e-04	6.975629e-05	6.853503e-05	3.783302e-03	1.734788e-03	4.650697e-03	-2.915908e-03
292           	9.546630e-03	4.841876e-03	4.704754e-03	-8.111790e-05	2.924526e-05	-1.103632e-04	6.980421e-05	6.856098e-05	3.783146e-03	1.734790e-03	4.650541e-03	-2.915751e-03
293           	9.546171e-03	4.841672e-03	4.704499e-03	-8.118374e-05	2.925984e-05	-1.104436e-04	6.985171e-05	6.858670e-05	3.782992e-03	1.734791e-03	4.650387e-03	-2.915596e-03
294           	9.545717e-03	4.841470e-03	4.704246e-03	-8.124893e-05	2.927430e-05	-1.105232e-04	6.989877e-05	6.861219e-05	3.782839e-03	1.734792e-03	4.650235e-03	-2.915443e-03
295           	9.545268e-03	4.841271e-03	4.703997e-03	-8.131345e-05	2.928867e-05	-1.106021e-04	6.994539e-05	6.863745e-05	3.782689e-03	1.734794e-03	4.650085e-03	-2.915292e-03
296           	9.544825e-03	4.841075e-03	4.703750e-03	-8.137725e-05	2.930292e-05	-1.106802e-04	6.999154e-05	6.866248e-05	3.782540e-03	1.734795e-03	4.649937e-03	-2.915142e-03
297           	9.544388e-03	4.840881e-03	4.703507e-03	-8.144034e-05	2.931706e-05	-1.107574e-04	7.003723e-05	6.868727e-05	3.782393e-03	1.734796e-03	4.649791e-03	-2.914995e-03
298           	9.543956e-03	4.840690e-03	4.703266e-03	-8.150272e-05	2.933109e-05	-1.108338e-04	7.008245e-05	6.871181e-05	3.782248e-03	1.734797e-03	4.649647e-03	-2.914850e-03
299           	9.543529e-03	4.840501e-03	4.703028e-03	-8.156442e-05	2.934502e-05	-1.109094e-04	7.012723e-05	6.873611e-05	3.782105e-03	1.734798e-03	4.649505e-03	-2.914706e-03
300           	9.543108e-03	4.840314e-03	4.702794e-03	-8.162548e-05	2.935884e-05	-1.109843e-04	7.017158e-05	6.876018e-05	3.781964e-03	1.734800e-03	4.649364e-03	-2.914564e-03
301           	9.542692e-03	4.840130e-03	4.702562e-03	-8.168593e-05	2.937256e-05	-1.110585e-04	7.021552e-05	6.878402e-05	3.781825e-03	1.734801e-03	4.649226e-03	-2.914425e-03
302           	9.542282e-03	4.839948e-03	4.702333e-03	-8.174582e-05	2.938618e-05	-1.111320e-04	7.025909e-05	6.880764e-05	3.781688e-03	1.734803e-03	4.649089e-03	-2.914287e-03
303           	9.541876e-03	4.839769e-03	4.702107e-03	-8.180515e-05	2.939970e-05	-1.112049e-04	7.030228e-05	6.883106e-05	3.781553e-03	1.734804e-03	4.648955e-03	-2.914151e-03
304           	9.541476e-03	4.839592e-03	4.701884e-03	-8.186396e-05	2.941312e-05	-1.112771e-04	7.034510e-05	6.885427e-05	3.781419e-03	1.734806e-03	4.648822e-03	-2.914016e-03
305           	9.541081e-03	4.839418e-03	4.701663e-03	-8.192225e-05	2.942645e-05	-1.113487e-04	7.038757e-05	6.887728e-05	3.781287e-03	1.734807e-03	4.648691e-03	-2.913884e-03
306           	9.540690e-03	4.839245e-03	4.701445e-03	-8.198001e-05	2.943967e-05	-1.114197e-04	7.042968e-05	6.890009e-05	3.781157e-03	1.734809e-03	4.648561e-03	-2.913753e-03
307           	9.540305e-03	4.839075e-03	4.701230e-03	-8.203723e-05	2.945279e-05	-1.114900e-04	7.047141e-05	6.892270e-05	3.781029e-03	1.734810e-03	4.648434e-03	-2.913623e-03
308           	9.539924e-03	4.838907e-03	4.701017e-03	-8.209391e-05	2.946581e-05	-1.115597e-04	7.051276e-05	6.894510e-05	3.780902e-03	1.734812e-03	4.648308e-03	-2.913496e-03
309           	9.539548e-03	4.838741e-03	4.700807e-03	-8.215002e-05	2.947871e-05	-1.116287e-04	7.055372e-05	6.896729e-05	3.780777e-03	1.734813e-03	4.648183e-03	-2.913370e-03
310           	9.539176e-03	4.838577e-03	4.700599e-03	-8.220556e-05	2.949149e-05	-1.116971e-04	7.059427e-05	6.898927e-05	3.780653e-03	1.734815e-03	4.648060e-03	-2.913245e-03
311           	9.538809e-03	4.838416e-03	4.700394e-03	-8.226053e-05	2.950416e-05	-1.117647e-04	7.063442e-05	6.901104e-05	3.780531e-03	1.734817e-03	4.647939e-03	-2.913123e-03
312           	9.538447e-03	4.838256e-03	4.700191e-03	-8.231491e-05	2.951670e-05	-1.118316e-04	7.067416e-05	6.903258e-05	3.780411e-03	1.734818e-03	4.647820e-03	-2.913001e-03
313           	9.538090e-03	4.838099e-03	4.699991e-03	-8.236873e-05	2.952914e-05	-1.118979e-04	7.071350e-05	6.905392e-05	3.780292e-03	1.734820e-03	4.647702e-03	-2.912882e-03
314           	9.537736e-03	4.837943e-03	4.699793e-03	-8.242197e-05	2.954145e-05	-1.119634e-04	7.075243e-05	6.907504e-05	3.780174e-03	1.734821e-03	4.647585e-03	-2.912764e-03
315           	9.537387e-03	4.837790e-03	4.699598e-03	-8.247467e-05	2.955365e-05	-1.120283e-04	7.079098e-05	6.909594e-05	3.780059e-03	1.734823e-03	4.647470e-03	-2.912647e-03
316           	9.537043e-03	4.837638e-03	4.699405e-03	-8.252682e-05	2.956573e-05	-1.120925e-04	7.082914e-05	6.911664e-05	3.779945e-03	1.734825e-03	4.647357e-03	-2.912532e-03
317           	9.536703e-03	4.837489e-03	4.699214e-03	-8.257845e-05	2.957770e-05	-1.121561e-04	7.086692e-05	6.913713e-05	3.779832e-03	1.734827e-03	4.647245e-03	-2.912419e-03
318           	9.536360e-03	4.837340e-03	4.699020e-03	-8.263753e-05	2.959042e-05	-1.122279e-04	7.090918e-05	6.915968e-05	3.779715e-03	1.734822e-03	4.647126e-03	-2.912305e-03
319           	9.536024e-03	4.837193e-03	4.698831e-03	-8.269236e-05	2.960257e-05	-1.122949e-04	7.094875e-05	6.918093e-05	3.779602e-03	1.734818e-03	4.647011e-03	-2.912193e-03
320           	9.535695e-03	4.837048e-03	4.698646e-03	-8.274317e-05	2.961419e-05	-1.123574e-04	7.098578e-05	6.920096e-05	3.779492e-03	1.734818e-03	4.646901e-03	-2.912083e-03
321           	9.535371e-03	4.836906e-03	4.698466e-03	-8.279077e-05	2.962541e-05	-1.124162e-04	7.102079e-05	6.922002e-05	3.779385e-03	1.734821e-03	4.646796e-03	-2.911975e-03
322           	9.535054e-03	4.836765e-03	4.698288e-03	-8.283629e-05	2.963635e-05	-1.124726e-04	7.105449e-05	6.923846e-05	3.779281e-03	1.734826e-03	4.646694e-03	-2.911869e-03
323           	9.534734e-03	4.836626e-03	4.698108e-03	-8.288866e-05	2.964801e-05	-1.125367e-04	7.109235e-05	6.925884e-05	3.779174e-03	1.734824e-03	4.646586e-03	-2.911762e-03
324           	9.534422e-03	4.836489e-03	4.697933e-03	-8.293733e-05	2.965920e-05	-1.125965e-04	7.112787e-05	6.927806e-05	3.779070e-03	1.734825e-03	4.646483e-03	-2.911658e-03
325           	9.534108e-03	4.836353e-03	4.697755e-03	-8.299113e-05	2.967092e-05	-1.126620e-04	7.116648e-05	6.929872e-05	3.778964e-03	1.734821e-03	4.646375e-03	-2.911553e-03
326           	9.533803e-03	4.836219e-03	4.697584e-03	-8.303931e-05	2.968193e-05	-1.127212e-04	7.120159e-05	6.931765e-05	3.778862e-03	1.734822e-03	4.646273e-03	-2.911451e-03
327           	9.533504e-03	4.836087e-03	4.697417e-03	-8.308318e-05	2.969241e-05	-1.127756e-04	7.123399e-05	6.933527e-05	3.778765e-03	1.734826e-03	4.646178e-03	-2.911352e-03
328           	9.533205e-03	4.835957e-03	4.697248e-03	-8.313230e-05	2.970345e-05	-1.128358e-04	7.126960e-05	6.935441e-05	3.778665e-03	1.734825e-03	4.646078e-03	-2.911252e-03
329           	9.532914e-03	4.835829e-03	4.697085e-03	-8.317664e-05	2.971390e-05	-1.128905e-04	7.130222e-05	6.937208e-05	3.778569e-03	1.734829e-03	4.645983e-03	-2.911155e-03
330           	9.532621e-03	4.835702e-03	4.696920e-03	-8.322570e-05	2.972486e-05	-1.129506e-04	7.133771e-05	6.939111e-05	3.778471e-03	1.734828e-03	4.645885e-03	-2.911057e-03
331           	9.532337e-03	4.835577e-03	4.696760e-03	-8.326942e-05	2.973515e-05	-1.130046e-04	7.136986e-05	6.940851e-05	3.778378e-03	1.734831e-03	4.645793e-03	-2.910963e-03
332           	9.532052e-03	4.835453e-03	4.696599e-03	-8.331741e-05	2.974590e-05	-1.130633e-04	7.140461e-05	6.942715e-05	3.778283e-03	1.734830e-03	4.645698e-03	-2.910868e-03
333           	9.531775e-03	4.835332e-03	4.696443e-03	-8.335977e-05	2.975595e-05	-1.131157e-04	7.143584e-05	6.944406e-05	3.778193e-03	1.734833e-03	4.645609e-03	-2.910776e-03
334           	9.531498e-03	4.835211e-03	4.696287e-03	-8.340627e-05	2.976645e-05	-1.131727e-04	7.146958e-05	6.946219e-05	3.778100e-03	1.734833e-03	4.645517e-03	-2.910684e-03
335           	9.531229e-03	4.835093e-03	4.696136e-03	-8.344717e-05	2.977624e-05	-1.132234e-04	7.149982e-05	6.947859e-05	3.778013e-03	1.734837e-03	4.645431e-03	-2.910594e-03
336           	9.530959e-03	4.834976e-03	4.695983e-03	-8.349228e-05	2.978648e-05	-1.132788e-04	7.153262e-05	6.949623e-05	3.777923e-03	1.734838e-03	4.645342e-03	-2.910504e-03
337           	9.530689e-03	4.834859e-03	4.695830e-03	-8.354007e-05	2.979700e-05	-1.133371e-04	7.156703e-05	6.951463e-05	3.777832e-03	1.734835e-03	4.645250e-03	-2.910415e-03
338           	9.530429e-03	4.834745e-03	4.695684e-03	-8.358061e-05	2.980658e-05	-1.133872e-04	7.159689e-05	6.953079e-05	3.777747e-03	1.734838e-03	4.645166e-03	-2.910329e-03
339           	9.530169e-03	4.834632e-03	4.695537e-03	-8.362411e-05	2.981648e-05	-1.134406e-04	7.162853e-05	6.954782e-05	3.777661e-03	1.734838e-03	4.645080e-03	-2.910242e-03
340           	9.529917e-03	4.834521e-03	4.695396e-03	-8.366128e-05	2.982557e-05	-1.134869e-04	7.165622e-05	6.956290e-05	3.777580e-03	1.734843e-03	4.645002e-03	-2.910159e-03
341           	9.529665e-03	4.834412e-03	4.695253e-03	-8.370236e-05	2.983510e-05	-1.135375e-04	7.168628e-05	6.957913e-05	3.777497e-03	1.734845e-03	4.644920e-03	-2.910075e-03
342           	9.529414e-03	4.834303e-03	4.695111e-03	-8.374622e-05	2.984491e-05	-1.135911e-04	7.171802e-05	6.959614e-05	3.777413e-03	1.734844e-03	4.644835e-03	-2.909991e-03
343           	9.529164e-03	4.834195e-03	4.694968e-03	-8.379147e-05	2.985483e-05	-1.136463e-04	7.175057e-05	6.961354e-05	3.777329e-03	1.734841e-03	4.644749e-03	-2.909909e-03
344           	9.528923e-03	4.834090e-03	4.694833e-03	-8.382848e-05	2.986370e-05	-1.136922e-04	7.177794e-05	6.962837e-05	3.777251e-03	1.734845e-03	4.644674e-03	-2.909829e-03
345           	9.528683e-03	4.833986e-03	4.694698e-03	-8.386791e-05	2.987281e-05	-1.137407e-04	7.180677e-05	6.964390e-05	3.777172e-03	1.734846e-03	4.644596e-03	-2.909749e-03
346           	9.528445e-03	4.833882e-03	4.694562e-03	-8.390900e-05	2.988208e-05	-1.137911e-04	7.183658e-05	6.965991e-05	3.777093e-03	1.734846e-03	4.644516e-03	-2.909670e-03
347           	9.528215e-03	4.833781e-03	4.694434e-03	-8.394267e-05	2.989041e-05	-1.138331e-04	7.186174e-05	6.967361e-05	3.777020e-03	1.734852e-03	4.644446e-03	-2.909594e-03
348           	9.527986e-03	4.833681e-03	4.694305e-03	-8.397956e-05	2.989909e-05	-1.138787e-04	7.188887e-05	6.968826e-05	3.776946e-03	1.734855e-03	4.644373e-03	-2.909518e-03
349           	9.527757e-03	4.833582e-03	4.694175e-03	-8.401891e-05	2.990804e-05	-1.139270e-04	7.191750e-05	6.970362e-05	3.776870e-03	1.734856e-03	4.644298e-03	-2.909442e-03
350           	9.527530e-03	4.833484e-03	4.694045e-03	-8.405967e-05	2.991711e-05	-1.139768e-04	7.194695e-05	6.971937e-05	3.776794e-03	1.734855e-03	4.644222e-03	-2.909367e-03
351           	9.527304e-03	4.833385e-03	4.693918e-03	-8.409692e-05	2.992498e-05	-1.140219e-04	7.197344e-05	6.973343e-05	3.776718e-03	1.734853e-03	4.644144e-03	-2.909292e-03
352           	9.527088e-03	4.833291e-03	4.693797e-03	-8.413044e-05	2.993326e-05	-1.140637e-04	7.199848e-05	6.974703e-05	3.776650e-03	1.734858e-03	4.644079e-03	-2.909221e-03
353           	9.526872e-03	4.833196e-03	4.693676e-03	-8.416216e-05	2.994056e-05	-1.141027e-04	7.202164e-05	6.975953e-05	3.776579e-03	1.734861e-03	4.644010e-03	-2.909149e-03
354           	9.526658e-03	4.833102e-03	4.693556e-03	-8.419659e-05	2.994833e-05	-1.141449e-04	7.204662e-05	6.977295e-05	3.776509e-03	1.734862e-03	4.643940e-03	-2.909078e-03
355           	9.526445e-03	4.833009e-03	4.693435e-03	-8.423299e-05	2.995647e-05	-1.141895e-04	7.207296e-05	6.978705e-05	3.776438e-03	1.734862e-03	4.643869e-03	-2.909007e-03
356           	9.526234e-03	4.832918e-03	4.693315e-03	-8.427044e-05	2.996483e-05	-1.142353e-04	7.210005e-05	6.980153e-05	3.776368e-03	1.734861e-03	4.643799e-03	-2.908937e-03
357           	9.526025e-03	4.832829e-03	4.693196e-03	-8.430801e-05	2.997326e-05	-1.142813e-04	7.212727e-05	6.981611e-05	3.776298e-03	1.734860e-03	4.643728e-03	-2.908869e-03
358           	9.525826e-03	4.832743e-03	4.693083e-03	-8.434045e-05	2.998183e-05	-1.143223e-04	7.215206e-05	6.982974e-05	3.776237e-03	1.734866e-03	4.643670e-03	-2.908804e-03
359           	9.525628e-03	4.832656e-03	4.692972e-03	-8.437026e-05	2.998914e-05	-1.143594e-04	7.217427e-05	6.984186e-05	3.776174e-03	1.734870e-03	4.643609e-03	-2.908738e-03
360           	9.525430e-03	4.832570e-03	4.692861e-03	-8.440201e-05	2.999667e-05	-1.143987e-04	7.219767e-05	6.985451e-05	3.776110e-03	1.734873e-03	4.643546e-03	-2.908673e-03
361           	9.525235e-03	4.832485e-03	4.692750e-03	-8.443532e-05	3.000435e-05	-1.144397e-04	7.222201e-05	6.986757e-05	3.776046e-03	1.734875e-03	4.643483e-03	-2.908608e-03
362           	9.525040e-03	4.832401e-03	4.692639e-03	-8.446960e-05	3.001212e-05	-1.144817e-04	7.224692e-05	6.988086e-05	3.775982e-03	1.734875e-03	4.643419e-03	-2.908545e-03
363           	9.524848e-03	4.832318e-03	4.692530e-03	-8.450418e-05	3.001990e-05	-1.145241e-04	7.227199e-05	6.989419e-05	3.775919e-03	1.734875e-03	4.643356e-03	-2.908481e-03
364           	9.524658e-03	4.832237e-03	4.692422e-03	-8.453847e-05	3.002760e-05	-1.145661e-04	7.229684e-05	6.990741e-05	3.775856e-03	1.734875e-03	4.643293e-03	-2.908419e-03
365           	9.524471e-03	4.832156e-03	4.692315e-03	-8.457198e-05	3.003517e-05	-1.146072e-04	7.232116e-05	6.992037e-05	3.775794e-03	1.734874e-03	4.643232e-03	-2.908357e-03
366           	9.524286e-03	4.832076e-03	4.692210e-03	-8.460444e-05	3.004257e-05	-1.146470e-04	7.234479e-05	6.993300e-05	3.775734e-03	1.734875e-03	4.643171e-03	-2.908296e-03
367           	9.524104e-03	4.831997e-03	4.692107e-03	-8.463575e-05	3.004977e-05	-1.146855e-04	7.236764e-05	6.994527e-05	3.775674e-03	1.734875e-03	4.643112e-03	-2.908236e-03
368           	9.523925e-03	4.831920e-03	4.692005e-03	-8.466595e-05	3.005679e-05	-1.147227e-04	7.238976e-05	6.995717e-05	3.775616e-03	1.734877e-03	4.643054e-03	-2.908177e-03
369           	9.523748e-03	4.831843e-03	4.691905e-03	-8.469522e-05	3.006364e-05	-1.147589e-04	7.241125e-05	6.996876e-05	3.775559e-03	1.734879e-03	4.642998e-03	-2.908119e-03
370           	9.523574e-03	4.831767e-03	4.691807e-03	-8.472378e-05	3.007035e-05	-1.147941e-04	7.243224e-05	6.998009e-05	3.775502e-03	1.734881e-03	4.642943e-03	-2.908062e-03
371           	9.523402e-03	4.831692e-03	4.691710e-03	-8.475186e-05	3.007696e-05	-1.148288e-04	7.245289e-05	6.999122e-05	3.775447e-03	1.734884e-03	4.642889e-03	-2.908005e-03
372           	9.523233e-03	4.831619e-03	4.691614e-03	-8.477965e-05	3.008350e-05	-1.148632e-04	7.247333e-05	7.000221e-05	3.775393e-03	1.734886e-03	4.642836e-03	-2.907950e-03
373           	9.523066e-03	4.831546e-03	4.691520e-03	-8.480730e-05	3.008998e-05	-1.148973e-04	7.249363e-05	7.001310e-05	3.775339e-03	1.734889e-03	4.642784e-03	-2.907895e-03
374           	9.522902e-03	4.831475e-03	4.691427e-03	-8.483488e-05	3.009642e-05	-1.149313e-04	7.251386e-05	7.002392e-05	3.775287e-03	1.734892e-03	4.642733e-03	-2.907841e-03
375           	9.522739e-03	4.831404e-03	4.691335e-03	-8.486240e-05	3.010283e-05	-1.149652e-04	7.253403e-05	7.003467e-05	3.775235e-03	1.734895e-03	4.642682e-03	-2.907787e-03
376           	9.522578e-03	4.831335e-03	4.691244e-03	-8.488982e-05	3.010920e-05	-1.149990e-04	7.255411e-05	7.004536e-05	3.775183e-03	1.734898e-03	4.642632e-03	-2.907735e-03
377           	9.522420e-03	4.831266e-03	4.691154e-03	-8.491707e-05	3.011553e-05	-1.150326e-04	7.257406e-05	7.005596e-05	3.775133e-03	1.734900e-03	4.642583e-03	-2.907683e-03
378           	9.522263e-03	4.831198e-03	4.691065e-03	-8.494405e-05	3.012179e-05	-1.150658e-04	7.259382e-05	7.006647e-05	3.775083e-03	1.734903e-03	4.642534e-03	-2.907631e-03
379           	9.522108e-03	4.831131e-03	4.690977e-03	-8.497070e-05	3.012799e-05	-1.150987e-04	7.261334e-05	7.007687e-05	3.775033e-03	1.734905e-03	4.642486e-03	-2.907581e-03
380           	9.521955e-03	4.831065e-03	4.690890e-03	-8.499693e-05	3.013410e-05	-1.151310e-04	7.263256e-05	7.008712e-05	3.774984e-03	1.734907e-03	4.642438e-03	-2.907531e-03
381           	9.521804e-03	4.830999e-03	4.690805e-03	-8.502271e-05	3.014011e-05	-1.151628e-04	7.265147e-05	7.009722e-05	3.774936e-03	1.734909e-03	4.642390e-03	-2.907481e-03
382           	9.521655e-03	4.830935e-03	4.690720e-03	-8.504802e-05	3.014603e-05	-1.151940e-04	7.267004e-05	7.010715e-05	3.774888e-03	1.734911e-03	4.642344e-03	-2.907433e-03
383           	9.521507e-03	4.830871e-03	4.690637e-03	-8.507287e-05	3.015185e-05	-1.152247e-04	7.268828e-05	7.011692e-05	3.774841e-03	1.734913e-03	4.642298e-03	-2.907385e-03
384           	9.521362e-03	4.830807e-03	4.690554e-03	-8.509729e-05	3.015757e-05	-1.152549e-04	7.270621e-05	7.012653e-05	3.774795e-03	1.734915e-03	4.642252e-03	-2.907337e-03
385           	9.521218e-03	4.830745e-03	4.690473e-03	-8.512132e-05	3.016320e-05	-1.152845e-04	7.272386e-05	7.013598e-05	3.774749e-03	1.734917e-03	4.642207e-03	-2.907290e-03
386           	9.521076e-03	4.830684e-03	4.690393e-03	-8.514502e-05	3.016875e-05	-1.153138e-04	7.274126e-05	7.014529e-05	3.774704e-03	1.734919e-03	4.642163e-03	-2.907244e-03
387           	9.520937e-03	4.830623e-03	4.690314e-03	-8.516840e-05	3.017422e-05	-1.153426e-04	7.275842e-05	7.015446e-05	3.774659e-03	1.734922e-03	4.642120e-03	-2.907198e-03
388           	9.520798e-03	4.830563e-03	4.690236e-03	-8.519153e-05	3.017962e-05	-1.153711e-04	7.277539e-05	7.016351e-05	3.774615e-03	1.734924e-03	4.642077e-03	-2.907153e-03
389           	9.520662e-03	4.830503e-03	4.690159e-03	-8.521440e-05	3.018496e-05	-1.153994e-04	7.279216e-05	7.017244e-05	3.774572e-03	1.734926e-03	4.642035e-03	-2.907109e-03
390           	9.520527e-03	4.830445e-03	4.690082e-03	-8.523703e-05	3.019023e-05	-1.154273e-04	7.280875e-05	7.018126e-05	3.774529e-03	1.734928e-03	4.641993e-03	-2.907065e-03
391           	9.520395e-03	4.830387e-03	4.690007e-03	-8.525942e-05	3.019545e-05	-1.154549e-04	7.282516e-05	7.018997e-05	3.774487e-03	1.734931e-03	4.641952e-03	-2.907022e-03
392           	9.520263e-03	4.830330e-03	4.689933e-03	-8.528156e-05	3.020060e-05	-1.154822e-04	7.284138e-05	7.019857e-05	3.774446e-03	1.734933e-03	4.641912e-03	-2.906979e-03
393           	9.520134e-03	4.830274e-03	4.689860e-03	-8.530344e-05	3.020569e-05	-1.155091e-04	7.285741e-05	7.020706e-05	3.774405e-03	1.734935e-03	4.641872e-03	-2.906937e-03
394           	9.520006e-03	4.830219e-03	4.689788e-03	-8.532504e-05	3.021072e-05	-1.155358e-04	7.287324e-05	7.021544e-05	3.774364e-03	1.734938e-03	4.641833e-03	-2.906895e-03
395           	9.519880e-03	4.830164e-03	4.689716e-03	-8.534636e-05	3.021569e-05	-1.155621e-04	7.288887e-05	7.022370e-05	3.774324e-03	1.734940e-03	4.641794e-03	-2.906855e-03
396           	9.519755e-03	4.830109e-03	4.689646e-03	-8.536740e-05	3.022059e-05	-1.155880e-04	7.290428e-05	7.023186e-05	3.774285e-03	1.734942e-03	4.641756e-03	-2.906814e-03
397           	9.519632e-03	4.830056e-03	4.689576e-03	-8.538814e-05	3.022542e-05	-1.156136e-04	7.291949e-05	7.023990e-05	3.774246e-03	1.734944e-03	4.641719e-03	-2.906774e-03
398           	9.519511e-03	4.830003e-03	4.689508e-03	-8.540860e-05	3.023019e-05	-1.156388e-04	7.293449e-05	7.024783e-05	3.774208e-03	1.734947e-03	4.641682e-03	-2.906735e-03
399           	9.519391e-03	4.829951e-03	4.689440e-03	-8.542878e-05	3.023490e-05	-1.156637e-04	7.294929e-05	7.025565e-05	3.774170e-03	1.734949e-03	4.641645e-03	-2.906696e-03
400           	9.519272e-03	4.829900e-03	4.689373e-03	-8.544871e-05	3.023954e-05	-1.156883e-04	7.296390e-05	7.026336e-05	3.774133e-03	1.734951e-03	4.641609e-03	-2.906658e-03
401           	9.519155e-03	4.829849e-03	4.689307e-03	-8.546838e-05	3.024413e-05	-1.157125e-04	7.297832e-05	7.027097e-05	3.774097e-03	1.734954e-03	4.641573e-03	-2.906620e-03
402           	9.519040e-03	4.829798e-03	4.689241e-03	-8.548781e-05	3.024866e-05	-1.157365e-04	7.299257e-05	7.027847e-05	3.774060e-03	1.734956e-03	4.641538e-03	-2.906582e-03
403           	9.518926e-03	4.829749e-03	4.689177e-03	-8.550702e-05	3.025314e-05	-1.157602e-04	7.300665e-05	7.028588e-05	3.774025e-03	1.734958e-03	4.641504e-03	-2.906546e-03
404           	9.518813e-03	4.829700e-03	4.689113e-03	-8.552600e-05	3.025757e-05	-1.157836e-04	7.302057e-05	7.029319e-05	3.773989e-03	1.734960e-03	4.641470e-03	-2.906509e-03
405           	9.518702e-03	4.829651e-03	4.689051e-03	-8.554477e-05	3.026194e-05	-1.158067e-04	7.303432e-05	7.030041e-05	3.773955e-03	1.734963e-03	4.641436e-03	-2.906473e-03
406           	9.518592e-03	4.829604e-03	4.688989e-03	-8.556333e-05	3.026626e-05	-1.158296e-04	7.304793e-05	7.030755e-05	3.773920e-03	1.734965e-03	4.641403e-03	-2.906438e-03
407           	9.518484e-03	4.829557e-03	4.688927e-03	-8.558167e-05	3.027054e-05	-1.158522e-04	7.306137e-05	7.031459e-05	3.773887e-03	1.734967e-03	4.641370e-03	-2.906403e-03
408           	9.518377e-03	4.829510e-03	4.688867e-03	-8.559981e-05	3.027476e-05	-1.158746e-04	7.307467e-05	7.032154e-05	3.773853e-03	1.734970e-03	4.641338e-03	-2.906368e-03
409           	9.518272e-03	4.829464e-03	4.688807e-03	-8.561774e-05	3.027894e-05	-1.158967e-04	7.308781e-05	7.032841e-05	3.773820e-03	1.734972e-03	4.641306e-03	-2.906334e-03
410           	9.518167e-03	4.829419e-03	4.688748e-03	-8.563546e-05	3.028307e-05	-1.159185e-04	7.310080e-05	7.033519e-05	3.773788e-03	1.734974e-03	4.641275e-03	-2.906301e-03
411           	9.518064e-03	4.829374e-03	4.688690e-03	-8.565297e-05	3.028715e-05	-1.159401e-04	7.311363e-05	7.034189e-05	3.773756e-03	1.734977e-03	4.641244e-03	-2.906268e-03
412           	9.517963e-03	4.829330e-03	4.688633e-03	-8.567027e-05	3.029118e-05	-1.159614e-04	7.312631e-05	7.034851e-05	3.773724e-03	1.734979e-03	4.641214e-03	-2.906235e-03
413           	9.517862e-03	4.829286e-03	4.688576e-03	-8.568736e-05	3.029516e-05	-1.159825e-04	7.313884e-05	7.035503e-05	3.773693e-03	1.734981e-03	4.641184e-03	-2.906203e-03
414           	9.517763e-03	4.829243e-03	4.688520e-03	-8.570424e-05	3.029909e-05	-1.160033e-04	7.315121e-05	7.036148e-05	3.773662e-03	1.734983e-03	4.641154e-03	-2.906171e-03
415           	9.517665e-03	4.829201e-03	4.688465e-03	-8.572092e-05	3.030297e-05	-1.160239e-04	7.316343e-05	7.036784e-05	3.773632e-03	1.734986e-03	4.641125e-03	-2.906139e-03
416           	9.517569e-03	4.829159e-03	4.688410e-03	-8.573740e-05	3.030681e-05	-1.160442e-04	7.317551e-05	7.037413e-05	3.773602e-03	1.734988e-03	4.641096e-03	-2.906108e-03
417           	9.517473e-03	4.829117e-03	4.688356e-03	-8.575368e-05	3.031060e-05	-1.160643e-04	7.318744e-05	7.038033e-05	3.773573e-03	1.734990e-03	4.641068e-03	-2.906078e-03
418           	9.517379e-03	4.829076e-03	4.688303e-03	-8.576977e-05	3.031434e-05	-1.160841e-04	7.319922e-05	7.038645e-05	3.773544e-03	1.734993e-03	4.641040e-03	-2.906047e-03
419           	9.517286e-03	4.829036e-03	4.688251e-03	-8.578567e-05	3.031803e-05	-1.161037e-04	7.321087e-05	7.039250e-05	3.773515e-03	1.734995e-03	4.641012e-03	-2.906017e-03
420           	9.517194e-03	4.828996e-03	4.688199e-03	-8.580137e-05	3.032168e-05	-1.161231e-04	7.322237e-05	7.039846e-05	3.773487e-03	1.734997e-03	4.640985e-03	-2.905988e-03
421           	9.517104e-03	4.828956e-03	4.688148e-03	-8.581689e-05	3.032529e-05	-1.161422e-04	7.323373e-05	7.040436e-05	3.773459e-03	1.734999e-03	4.640958e-03	-2.905959e-03
