# Force and moment coefficients
# dragDir     : (1.000000e+00 0.000000e+00 0.000000e+00)
# sideDir     : (0.000000e+00 1.000000e+00 0.000000e+00)
# liftDir     : (0.000000e+00 0.000000e+00 1.000000e+00)
# rollAxis    : (1.000000e+00 0.000000e+00 0.000000e+00)
# pitchAxis   : (0.000000e+00 1.000000e+00 0.000000e+00)
# yawAxis     : (0.000000e+00 0.000000e+00 1.000000e+00)
# magUInf     : 1.000000e+01
# lRef        : 1.499270e-01
# Aref        : 5.000000e-02
# CofR        : (3.750000e-02 0.000000e+00 0.000000e+00)
#
# Time        	Cd            	Cd(f)         	Cd(r)         	Cl            	Cl(f)         	Cl(r)         	CmPitch       	CmRoll        	CmYaw         	Cs            	Cs(f)         	Cs(r)         
1             	9.786845e-02	-6.191616e-01	7.170300e-01	-6.600404e-03	4.002910e-02	-4.662950e-02	4.332930e-02	-6.680958e-01	2.034506e-01	1.450856e+00	9.288784e-01	5.219772e-01
2             	7.970116e-02	-5.771763e-01	6.568775e-01	-7.602321e-03	3.112194e-02	-3.872426e-02	3.492310e-02	-6.170269e-01	1.878435e-01	1.337395e+00	8.565412e-01	4.808541e-01
3             	6.662474e-02	-4.254285e-01	4.920532e-01	-7.150302e-03	2.554674e-02	-3.269705e-02	2.912189e-02	-4.587409e-01	1.373499e-01	9.913842e-01	6.330419e-01	3.583422e-01
4             	5.544620e-02	-2.203880e-01	2.758342e-01	-5.796039e-03	2.141919e-02	-2.721523e-02	2.431721e-02	-2.481111e-01	6.883660e-02	5.321566e-01	3.349149e-01	1.972417e-01
5             	4.509907e-02	-1.703143e-02	6.213050e-02	-4.041710e-03	1.789224e-02	-2.193395e-02	1.991310e-02	-3.958096e-02	3.164397e-04	7.853768e-02	3.958528e-02	3.895240e-02
6             	3.572899e-02	1.435119e-01	-1.077829e-01	-2.336117e-03	1.473520e-02	-1.707132e-02	1.590326e-02	1.256474e-01	-5.401189e-02	-2.798764e-01	-1.939501e-01	-8.592633e-02
7             	2.765797e-02	2.376598e-01	-2.100018e-01	-9.707672e-04	1.191487e-02	-1.288564e-02	1.240025e-02	2.238308e-01	-8.580644e-02	-4.914146e-01	-3.315137e-01	-1.599009e-01
8             	2.114328e-02	2.616405e-01	-2.404972e-01	-9.757974e-05	9.467346e-03	-9.564926e-03	9.516136e-03	2.510688e-01	-9.330830e-02	-5.480815e-01	-3.673491e-01	-1.807324e-01
9             	1.620064e-02	2.293822e-01	-2.131815e-01	3.103405e-04	7.436388e-03	-7.126048e-03	7.281218e-03	2.212819e-01	-8.085386e-02	-4.806532e-01	-3.211804e-01	-1.594727e-01
10            	1.282330e-02	1.626812e-01	-1.498579e-01	3.577973e-04	5.897114e-03	-5.539316e-03	5.718215e-03	1.562696e-01	-5.572641e-02	-3.370200e-01	-2.242364e-01	-1.127836e-01
11            	1.085505e-02	8.420896e-02	-7.335392e-02	1.634341e-04	4.861657e-03	-4.698223e-03	4.779940e-03	7.878144e-02	-2.595431e-02	-1.669731e-01	-1.094408e-01	-5.753222e-02
12            	1.004346e-02	1.357952e-02	-3.536059e-03	-1.532510e-04	4.289665e-03	-4.442916e-03	4.366290e-03	8.557788e-03	1.272249e-03	-1.363497e-02	-5.545236e-03	-8.089733e-03
13            	1.011051e-02	-3.575107e-02	4.586158e-02	-4.901657e-04	4.119737e-03	-4.609903e-03	4.364820e-03	-4.080633e-02	2.085053e-02	9.330641e-02	6.750373e-02	2.580268e-02
14            	1.078703e-02	-5.801086e-02	6.879790e-02	-7.808899e-04	4.268660e-03	-5.049550e-03	4.659105e-03	-6.340438e-02	3.042181e-02	1.411850e-01	1.010143e-01	4.017070e-02
15            	1.179572e-02	-5.500087e-02	6.679659e-02	-9.971887e-04	4.624548e-03	-5.621737e-03	5.123143e-03	-6.089873e-02	3.037510e-02	1.339716e-01	9.736092e-02	3.661072e-02
16            	1.289254e-02	-3.352121e-02	4.641375e-02	-1.135269e-03	5.073137e-03	-6.208406e-03	5.640772e-03	-3.996748e-02	2.305139e-02	8.668374e-02	6.639326e-02	2.029048e-02
17            	1.387607e-02	-2.601788e-03	1.647786e-02	-1.208198e-03	5.508342e-03	-6.716540e-03	6.112441e-03	-9.539824e-03	1.174987e-02	1.918191e-02	2.134083e-02	-2.158915e-03
18            	1.459929e-02	2.889423e-02	-1.429494e-02	-1.235334e-03	5.846656e-03	-7.081989e-03	6.464322e-03	2.159459e-02	-1.730938e-04	-4.915279e-02	-2.474949e-02	-2.440330e-02
19            	1.497773e-02	5.399640e-02	-3.901866e-02	-1.234901e-03	6.035391e-03	-7.270292e-03	6.652841e-03	4.650753e-02	-9.984452e-03	-1.031549e-01	-6.156189e-02	-4.159299e-02
20            	1.498902e-02	6.867697e-02	-5.368796e-02	-1.219739e-03	6.054892e-03	-7.274632e-03	6.664762e-03	6.118246e-02	-1.600862e-02	-1.341531e-01	-8.308519e-02	-5.106795e-02
21            	1.466180e-02	7.209628e-02	-5.743448e-02	-1.196303e-03	5.914618e-03	-7.110922e-03	6.512770e-03	6.476538e-02	-1.777620e-02	-1.404915e-01	-8.802195e-02	-5.246956e-02
22            	1.406805e-02	6.605264e-02	-5.198459e-02	-1.166339e-03	5.648235e-03	-6.814574e-03	6.231404e-03	5.901862e-02	-1.585621e-02	-1.263139e-01	-7.901314e-02	-4.730073e-02
23            	1.331084e-02	5.397281e-02	-4.066197e-02	-1.128948e-03	5.306490e-03	-6.435438e-03	5.870964e-03	4.731739e-02	-1.149075e-02	-9.929190e-02	-6.113671e-02	-3.815520e-02
24            	1.250335e-02	3.977264e-02	-2.726929e-02	-1.083295e-03	4.944917e-03	-6.028212e-03	5.486565e-03	3.352097e-02	-6.165491e-03	-6.809229e-02	-4.021164e-02	-2.788066e-02
25            	1.174869e-02	2.688687e-02	-1.513819e-02	-1.030060e-03	4.613132e-03	-5.643192e-03	5.128162e-03	2.101253e-02	-1.227771e-03	-4.023706e-02	-2.134630e-02	-1.889076e-02
26            	1.112387e-02	1.764506e-02	-6.521189e-03	-9.719883e-04	4.346741e-03	-5.318729e-03	4.832735e-03	1.208312e-02	2.370215e-03	-2.074725e-02	-8.003408e-03	-1.274384e-02
27            	1.066939e-02	1.300217e-02	-2.332779e-03	-9.137333e-04	4.162570e-03	-5.076303e-03	4.619436e-03	7.667474e-03	4.194931e-03	-1.158073e-02	-1.595436e-03	-9.985297e-03
28            	1.038994e-02	1.262383e-02	-2.233892e-03	-8.608116e-04	4.059446e-03	-4.920258e-03	4.489852e-03	7.428862e-03	4.315130e-03	-1.184417e-02	-1.606953e-03	-1.023721e-02
29            	1.026126e-02	1.524033e-02	-4.979068e-03	-8.185591e-04	4.022142e-03	-4.840701e-03	4.431422e-03	1.010970e-02	3.175488e-03	-1.859453e-02	-6.121777e-03	-1.247275e-02
30            	1.024189e-02	1.913111e-02	-8.889211e-03	-7.911098e-04	4.027836e-03	-4.818946e-03	4.423391e-03	1.401016e-02	1.412338e-03	-2.793191e-02	-1.255362e-02	-1.537829e-02
31            	1.028605e-02	2.259982e-02	-1.231378e-02	-7.806768e-04	4.053059e-03	-4.833736e-03	4.443398e-03	1.745680e-02	-3.305002e-04	-3.606143e-02	-1.836122e-02	-1.770022e-02
32            	1.035338e-02	2.435752e-02	-1.400415e-02	-7.870724e-04	4.078869e-03	-4.865941e-03	4.472405e-03	1.918083e-02	-1.555230e-03	-4.014295e-02	-2.162670e-02	-1.851624e-02
33            	1.041449e-02	2.372407e-02	-1.330958e-02	-8.078992e-04	4.093406e-03	-4.901305e-03	4.497356e-03	1.851682e-02	-1.993354e-03	-3.873149e-02	-2.135910e-02	-1.737239e-02
34            	1.045395e-02	2.067853e-02	-1.022458e-02	-8.390750e-04	4.092737e-03	-4.931812e-03	4.512274e-03	1.545156e-02	-1.626570e-03	-3.187092e-02	-1.756203e-02	-1.430889e-02
35            	1.046896e-02	1.574192e-02	-5.272960e-03	-8.758092e-04	4.079274e-03	-4.955083e-03	4.517179e-03	1.050744e-02	-6.418865e-04	-2.081505e-02	-1.104941e-02	-9.765640e-03
36            	1.046648e-02	9.774194e-03	6.922830e-04	-9.133457e-04	4.059755e-03	-4.973101e-03	4.516428e-03	4.540955e-03	6.486153e-04	-7.557057e-03	-3.129913e-03	-4.427144e-03
37            	1.045801e-02	3.730793e-03	6.727212e-03	-9.476158e-04	4.042156e-03	-4.989772e-03	4.515964e-03	-1.498209e-03	1.903614e-03	5.723571e-03	4.765400e-03	9.581710e-04
38            	1.045461e-02	-1.551381e-03	1.200599e-02	-9.757389e-04	4.033068e-03	-5.008807e-03	4.520938e-03	-6.778685e-03	2.836605e-03	1.714301e-02	1.140811e-02	5.734900e-03
39            	1.046356e-02	-5.510190e-03	1.597375e-02	-9.962275e-04	4.035773e-03	-5.032001e-03	4.533887e-03	-1.074197e-02	3.275258e-03	2.546252e-02	1.600652e-02	9.456000e-03
40            	1.048582e-02	-7.923808e-03	1.840963e-02	-1.008894e-03	4.049536e-03	-5.058430e-03	4.553983e-03	-1.316672e-02	3.183088e-03	3.022818e-02	1.829718e-02	1.193100e-02
41            	1.051612e-02	-8.897682e-03	1.941380e-02	-1.014719e-03	4.070156e-03	-5.084875e-03	4.577516e-03	-1.415574e-02	2.648269e-03	3.173154e-02	1.851404e-02	1.321750e-02
42            	1.054606e-02	-8.783547e-03	1.932961e-02	-1.015709e-03	4.091702e-03	-5.107411e-03	4.599557e-03	-1.405658e-02	1.845578e-03	3.081888e-02	1.725502e-02	1.356386e-02
43            	1.056626e-02	-8.065220e-03	1.863148e-02	-1.014365e-03	4.108305e-03	-5.122670e-03	4.615488e-03	-1.334835e-02	9.857228e-04	2.862338e-02	1.529741e-02	1.332597e-02
44            	1.056641e-02	-7.239319e-03	1.780573e-02	-1.012536e-03	4.114323e-03	-5.126860e-03	4.620592e-03	-1.252252e-02	2.647935e-04	2.628898e-02	1.340928e-02	1.287970e-02
45            	1.053814e-02	-6.717803e-03	1.725595e-02	-1.011137e-03	4.105513e-03	-5.116651e-03	4.611082e-03	-1.198687e-02	-1.750030e-04	2.474809e-02	1.219904e-02	1.254905e-02
46            	1.047701e-02	-6.761096e-03	1.723811e-02	-1.010167e-03	4.079995e-03	-5.090162e-03	4.585078e-03	-1.199960e-02	-2.685898e-04	2.457278e-02	1.201780e-02	1.255498e-02
47            	1.038370e-02	-7.454074e-03	1.783777e-02	-1.009047e-03	4.038559e-03	-5.047606e-03	4.543082e-03	-1.264592e-02	-3.107088e-05	2.592607e-02	1.293196e-02	1.299410e-02
48            	1.026399e-02	-8.719909e-03	1.898389e-02	-1.007028e-03	3.984330e-03	-4.991357e-03	4.487844e-03	-1.385190e-02	4.558660e-04	2.860059e-02	1.475616e-02	1.384443e-02
49            	1.012741e-02	-1.036298e-02	2.049039e-02	-1.003448e-03	3.922135e-03	-4.925583e-03	4.423859e-03	-1.542668e-02	1.069112e-03	3.212291e-02	1.713057e-02	1.499234e-02
50            	9.985289e-03	-1.212729e-02	2.211258e-02	-9.979157e-04	3.857500e-03	-4.855416e-03	4.356458e-03	-1.711993e-02	1.673983e-03	3.589147e-02	1.961972e-02	1.627175e-02
51            	9.848414e-03	-1.375586e-02	2.360428e-02	-9.904034e-04	3.795560e-03	-4.785963e-03	4.290761e-03	-1.868007e-02	2.151843e-03	3.931400e-02	2.180884e-02	1.750516e-02
52            	9.725370e-03	-1.504255e-02	2.476792e-02	-9.812475e-04	3.740246e-03	-4.721493e-03	4.230869e-03	-1.990523e-02	2.421683e-03	4.192547e-02	2.338442e-02	1.854105e-02
53            	9.621247e-03	-1.586133e-02	2.548258e-02	-9.710609e-04	3.693756e-03	-4.664816e-03	4.179286e-03	-2.067196e-02	2.449699e-03	4.345285e-02	2.417612e-02	1.927673e-02
54            	9.537114e-03	-1.617910e-02	2.571622e-02	-9.605888e-04	3.656388e-03	-4.616977e-03	4.136682e-03	-2.094766e-02	2.250031e-03	4.384042e-02	2.417024e-02	1.967018e-02
55            	9.470553e-03	-1.604709e-02	2.551764e-02	-9.505477e-04	3.626831e-03	-4.577378e-03	4.102105e-03	-2.078236e-02	1.875561e-03	4.322635e-02	2.348874e-02	1.973761e-02
56            	9.416698e-03	-1.557862e-02	2.499532e-02	-9.415352e-04	3.602669e-03	-4.544205e-03	4.073437e-03	-2.028697e-02	1.402985e-03	4.188808e-02	2.234702e-02	1.954105e-02
57            	9.369683e-03	-1.491940e-02	2.428909e-02	-9.339746e-04	3.581068e-03	-4.515042e-03	4.048055e-03	-1.960424e-02	9.157689e-04	4.017161e-02	2.100157e-02	1.917004e-02
58            	9.323929e-03	-1.421716e-02	2.354109e-02	-9.280763e-04	3.559415e-03	-4.487491e-03	4.023453e-03	-1.887912e-02	4.883977e-04	3.842049e-02	1.969864e-02	1.872185e-02
59            	9.275290e-03	-1.359617e-02	2.287146e-02	-9.238564e-04	3.535826e-03	-4.459682e-03	3.997754e-03	-1.823382e-02	1.746154e-04	3.691731e-02	1.863327e-02	1.828404e-02
60            	9.221596e-03	-1.314001e-02	2.236160e-02	-9.211821e-04	3.509371e-03	-4.430553e-03	3.969962e-03	-1.775080e-02	9.979827e-07	3.584499e-02	1.792349e-02	1.792150e-02
61            	9.162890e-03	-1.288601e-02	2.204890e-02	-9.198461e-04	3.480172e-03	-4.400018e-03	3.940095e-03	-1.746745e-02	-3.314852e-05	3.527612e-02	1.760491e-02	1.767121e-02
62            	9.101076e-03	-1.282754e-02	2.192861e-02	-9.196281e-04	3.449191e-03	-4.368819e-03	3.909005e-03	-1.737807e-02	4.848311e-05	3.518036e-02	1.763866e-02	1.754170e-02
63            	9.039139e-03	-1.292371e-02	2.196285e-02	-9.203137e-04	3.417897e-03	-4.338210e-03	3.878054e-03	-1.744328e-02	2.068598e-04	3.544902e-02	1.793137e-02	1.751765e-02
64            	8.980350e-03	-1.311324e-02	2.209359e-02	-9.217233e-04	3.387923e-03	-4.309647e-03	3.848785e-03	-1.760342e-02	3.966448e-04	3.592888e-02	1.836108e-02	1.756779e-02
65            	8.927584e-03	-1.332912e-02	2.225671e-02	-9.237118e-04	3.360698e-03	-4.284410e-03	3.822554e-03	-1.779292e-02	5.748391e-04	3.645729e-02	1.880348e-02	1.765381e-02
66            	8.882761e-03	-1.351135e-02	2.239411e-02	-9.261555e-04	3.337199e-03	-4.263354e-03	3.800277e-03	-1.795273e-02	7.074880e-04	3.689211e-02	1.915354e-02	1.773857e-02
67            	8.846596e-03	-1.361599e-02	2.246259e-02	-9.289506e-04	3.317823e-03	-4.246773e-03	3.782298e-03	-1.803929e-02	7.737467e-04	3.713239e-02	1.933994e-02	1.779245e-02
68            	8.818561e-03	-1.361965e-02	2.243822e-02	-9.320019e-04	3.302377e-03	-4.234379e-03	3.768378e-03	-1.802893e-02	7.669919e-04	3.712794e-02	1.933096e-02	1.779698e-02
69            	8.797098e-03	-1.351952e-02	2.231662e-02	-9.352194e-04	3.290195e-03	-4.225414e-03	3.757805e-03	-1.791807e-02	6.933372e-04	3.687818e-02	1.913243e-02	1.774575e-02
70            	8.780056e-03	-1.332982e-02	2.210987e-02	-9.385032e-04	3.280324e-03	-4.218827e-03	3.749575e-03	-1.771985e-02	5.682811e-04	3.642272e-02	1.877964e-02	1.764308e-02
71            	8.765104e-03	-1.307612e-02	2.184123e-02	-9.417487e-04	3.271703e-03	-4.213452e-03	3.742578e-03	-1.745868e-02	4.124204e-04	3.582692e-02	1.832588e-02	1.750104e-02
72            	8.750089e-03	-1.278858e-02	2.153867e-02	-9.448484e-04	3.263353e-03	-4.208201e-03	3.735777e-03	-1.716362e-02	2.470332e-04	3.516525e-02	1.782966e-02	1.733559e-02
73            	8.733437e-03	-1.249679e-02	2.123023e-02	-9.477163e-04	3.254541e-03	-4.202257e-03	3.728399e-03	-1.686351e-02	9.072889e-05	3.450881e-02	1.734513e-02	1.716367e-02
74            	8.714272e-03	-1.222476e-02	2.093904e-02	-9.502859e-04	3.244843e-03	-4.195129e-03	3.719986e-03	-1.658190e-02	-4.318514e-05	3.391347e-02	1.691355e-02	1.699992e-02
75            	8.692457e-03	-1.198829e-02	2.068075e-02	-9.525128e-04	3.234166e-03	-4.186679e-03	3.710422e-03	-1.633452e-02	-1.477597e-04	3.341397e-02	1.655922e-02	1.685474e-02
76            	8.668476e-03	-1.179412e-02	2.046260e-02	-9.543825e-04	3.222699e-03	-4.177081e-03	3.699890e-03	-1.612836e-02	-2.222824e-04	3.302246e-02	1.628895e-02	1.673351e-02
77            	8.643263e-03	-1.164099e-02	2.028426e-02	-9.559059e-04	3.210822e-03	-4.166728e-03	3.688775e-03	-1.596263e-02	-2.710393e-04	3.273166e-02	1.609479e-02	1.663687e-02
78            	8.617941e-03	-1.152171e-02	2.013965e-02	-9.571204e-04	3.198996e-03	-4.156116e-03	3.677556e-03	-1.583068e-02	-3.015601e-04	3.252024e-02	1.595856e-02	1.656168e-02
79            	8.593603e-03	-1.142576e-02	2.001936e-02	-9.580859e-04	3.187668e-03	-4.145754e-03	3.666711e-03	-1.572256e-02	-3.226657e-04	3.235958e-02	1.585712e-02	1.650246e-02
80            	8.571087e-03	-1.134192e-02	1.991301e-02	-9.588654e-04	3.177199e-03	-4.136064e-03	3.656631e-03	-1.562746e-02	-3.427128e-04	3.222024e-02	1.576740e-02	1.645283e-02
81            	8.550921e-03	-1.126028e-02	1.981120e-02	-9.595238e-04	3.167805e-03	-4.127329e-03	3.647567e-03	-1.553574e-02	-3.682912e-04	3.207703e-02	1.567022e-02	1.640681e-02
82            	8.533293e-03	-1.117377e-02	1.970707e-02	-9.601171e-04	3.159555e-03	-4.119672e-03	3.639614e-03	-1.544042e-02	-4.034632e-04	3.191258e-02	1.555283e-02	1.635975e-02
83            	8.518056e-03	-1.107865e-02	1.959670e-02	-9.606882e-04	3.152380e-03	-4.113068e-03	3.632724e-03	-1.533767e-02	-4.496232e-04	3.171838e-02	1.540956e-02	1.630881e-02
84            	8.504817e-03	-1.097444e-02	1.947926e-02	-9.612647e-04	3.146106e-03	-4.107371e-03	3.626738e-03	-1.522685e-02	-5.057972e-04	3.149440e-02	1.524140e-02	1.625300e-02
85            	8.493027e-03	-1.086333e-02	1.935636e-02	-9.618624e-04	3.140495e-03	-4.102357e-03	3.621426e-03	-1.510985e-02	-5.692855e-04	3.124726e-02	1.505435e-02	1.619292e-02
86            	8.482092e-03	-1.074923e-02	1.923132e-02	-9.624842e-04	3.135291e-03	-4.097776e-03	3.616534e-03	-1.499027e-02	-6.364196e-04	3.098779e-02	1.485747e-02	1.613031e-02
87            	8.471483e-03	-1.063662e-02	1.910810e-02	-9.631264e-04	3.130265e-03	-4.093391e-03	3.611828e-03	-1.487236e-02	-7.034244e-04	3.072807e-02	1.466061e-02	1.606746e-02
88            	8.460803e-03	-1.052979e-02	1.899059e-02	-9.637769e-04	3.125237e-03	-4.089014e-03	3.607126e-03	-1.476019e-02	-7.669817e-04	3.047940e-02	1.447272e-02	1.600668e-02
89            	8.449808e-03	-1.043224e-02	1.888205e-02	-9.644204e-04	3.120100e-03	-4.084521e-03	3.602310e-03	-1.465715e-02	-8.245906e-04	3.025082e-02	1.430082e-02	1.595000e-02
90            	8.438422e-03	-1.034612e-02	1.878454e-02	-9.650413e-04	3.114818e-03	-4.079859e-03	3.597339e-03	-1.456533e-02	-8.749158e-04	3.004767e-02	1.414892e-02	1.589875e-02
91            	8.426668e-03	-1.027214e-02	1.869881e-02	-9.656223e-04	3.109405e-03	-4.075027e-03	3.592216e-03	-1.448547e-02	-9.176821e-04	2.987160e-02	1.401812e-02	1.585348e-02
92            	8.414703e-03	-1.021009e-02	1.862480e-02	-9.661548e-04	3.103925e-03	-4.070080e-03	3.587003e-03	-1.441744e-02	-9.533865e-04	2.972179e-02	1.390751e-02	1.581428e-02
93            	8.402733e-03	-1.015894e-02	1.856167e-02	-9.666348e-04	3.098468e-03	-4.065102e-03	3.581785e-03	-1.436031e-02	-9.830836e-04	2.959535e-02	1.381459e-02	1.578076e-02
94            	8.390973e-03	-1.011715e-02	1.850812e-02	-9.670627e-04	3.093119e-03	-4.060182e-03	3.576651e-03	-1.431263e-02	-1.008091e-03	2.948821e-02	1.373601e-02	1.575219e-02
95            	8.379595e-03	-1.008307e-02	1.846266e-02	-9.674425e-04	3.087952e-03	-4.055394e-03	3.571673e-03	-1.427286e-02	-1.029697e-03	2.939614e-02	1.366837e-02	1.572777e-02
96            	8.368727e-03	-1.005510e-02	1.842383e-02	-9.677812e-04	3.083013e-03	-4.050795e-03	3.566904e-03	-1.423947e-02	-1.049034e-03	2.931523e-02	1.360858e-02	1.570665e-02
97            	8.358422e-03	-1.003203e-02	1.839046e-02	-9.680879e-04	3.078324e-03	-4.046412e-03	3.562368e-03	-1.421125e-02	-1.066868e-03	2.924261e-02	1.355444e-02	1.568817e-02
98            	8.348672e-03	-1.001304e-02	1.836171e-02	-9.683714e-04	3.073878e-03	-4.042249e-03	3.558064e-03	-1.418737e-02	-1.083608e-03	2.917659e-02	1.350469e-02	1.567190e-02
99            	8.339420e-03	-9.997665e-03	1.833708e-02	-9.686390e-04	3.069651e-03	-4.038290e-03	3.553970e-03	-1.416737e-02	-1.099335e-03	2.911653e-02	1.345893e-02	1.565760e-02
100           	8.330584e-03	-9.985784e-03	1.831637e-02	-9.688955e-04	3.065605e-03	-4.034501e-03	3.550053e-03	-1.415108e-02	-1.113898e-03	2.906261e-02	1.341741e-02	1.564520e-02
101           	8.322068e-03	-9.977449e-03	1.829952e-02	-9.691434e-04	3.061701e-03	-4.030845e-03	3.546273e-03	-1.413848e-02	-1.127009e-03	2.901555e-02	1.338077e-02	1.563478e-02
102           	8.313786e-03	-9.972787e-03	1.828657e-02	-9.693828e-04	3.057902e-03	-4.027285e-03	3.542594e-03	-1.412968e-02	-1.138357e-03	2.897620e-02	1.334974e-02	1.562646e-02
103           	8.305665e-03	-9.971905e-03	1.827757e-02	-9.696126e-04	3.054178e-03	-4.023790e-03	3.538984e-03	-1.412474e-02	-1.147659e-03	2.894539e-02	1.332504e-02	1.562035e-02
104           	8.297670e-03	-9.974757e-03	1.827243e-02	-9.698302e-04	3.050514e-03	-4.020344e-03	3.535429e-03	-1.412359e-02	-1.154834e-03	2.892335e-02	1.330684e-02	1.561651e-02
105           	8.289770e-03	-9.981224e-03	1.827099e-02	-9.700339e-04	3.046898e-03	-4.016932e-03	3.531915e-03	-1.412611e-02	-1.159825e-03	2.891019e-02	1.329527e-02	1.561492e-02
106           	8.281971e-03	-9.990999e-03	1.827297e-02	-9.702211e-04	3.043335e-03	-4.013556e-03	3.528446e-03	-1.413198e-02	-1.162787e-03	2.890539e-02	1.328991e-02	1.561548e-02
107           	8.274291e-03	-1.000369e-02	1.827798e-02	-9.703900e-04	3.039832e-03	-4.010222e-03	3.525027e-03	-1.414084e-02	-1.163950e-03	2.890814e-02	1.329012e-02	1.561802e-02
108           	8.266744e-03	-1.001883e-02	1.828557e-02	-9.705390e-04	3.036397e-03	-4.006936e-03	3.521666e-03	-1.415220e-02	-1.163602e-03	2.891741e-02	1.329510e-02	1.562231e-02
109           	8.259357e-03	-1.003592e-02	1.829528e-02	-9.706685e-04	3.033042e-03	-4.003710e-03	3.518376e-03	-1.416560e-02	-1.162063e-03	2.893209e-02	1.330398e-02	1.562811e-02
110           	8.252146e-03	-1.005449e-02	1.830663e-02	-9.707799e-04	3.029773e-03	-4.000553e-03	3.515163e-03	-1.418056e-02	-1.159640e-03	2.895104e-02	1.331588e-02	1.563516e-02
111           	8.245131e-03	-1.007409e-02	1.831922e-02	-9.708764e-04	3.026597e-03	-3.997474e-03	3.512035e-03	-1.419665e-02	-1.156605e-03	2.897325e-02	1.333002e-02	1.564323e-02
112           	8.238320e-03	-1.009435e-02	1.833267e-02	-9.709621e-04	3.023514e-03	-3.994477e-03	3.508996e-03	-1.421351e-02	-1.153178e-03	2.899786e-02	1.334575e-02	1.565211e-02
113           	8.231715e-03	-1.011497e-02	1.834669e-02	-9.710408e-04	3.020523e-03	-3.991564e-03	3.506043e-03	-1.423083e-02	-1.149526e-03	2.902419e-02	1.336257e-02	1.566162e-02
114           	8.225295e-03	-1.013572e-02	1.836102e-02	-9.711153e-04	3.017618e-03	-3.988734e-03	3.503176e-03	-1.424837e-02	-1.145765e-03	2.905172e-02	1.338010e-02	1.567163e-02
115           	8.219051e-03	-1.015640e-02	1.837545e-02	-9.711881e-04	3.014795e-03	-3.985983e-03	3.500389e-03	-1.426592e-02	-1.141976e-03	2.908004e-02	1.339805e-02	1.568200e-02
116           	8.212973e-03	-1.017688e-02	1.838985e-02	-9.712617e-04	3.012047e-03	-3.983309e-03	3.497678e-03	-1.428336e-02	-1.138200e-03	2.910890e-02	1.341625e-02	1.569265e-02
117           	8.207044e-03	-1.019704e-02	1.840408e-02	-9.713375e-04	3.009369e-03	-3.980706e-03	3.495037e-03	-1.430056e-02	-1.134468e-03	2.913807e-02	1.343457e-02	1.570351e-02
118           	8.201266e-03	-1.021678e-02	1.841805e-02	-9.714176e-04	3.006754e-03	-3.978172e-03	3.492463e-03	-1.431742e-02	-1.130806e-03	2.916736e-02	1.345287e-02	1.571449e-02
119           	8.195631e-03	-1.023601e-02	1.843164e-02	-9.715031e-04	3.004200e-03	-3.975704e-03	3.489952e-03	-1.433383e-02	-1.127241e-03	2.919656e-02	1.347104e-02	1.572552e-02
120           	8.190139e-03	-1.025463e-02	1.844476e-02	-9.715945e-04	3.001704e-03	-3.973299e-03	3.487501e-03	-1.434969e-02	-1.123810e-03	2.922544e-02	1.348891e-02	1.573653e-02
121           	8.184765e-03	-1.027256e-02	1.845733e-02	-9.716903e-04	2.999265e-03	-3.970955e-03	3.485110e-03	-1.436495e-02	-1.120543e-03	2.925381e-02	1.350636e-02	1.574745e-02
122           	8.179516e-03	-1.028976e-02	1.846928e-02	-9.717902e-04	2.996883e-03	-3.968673e-03	3.482778e-03	-1.437952e-02	-1.117477e-03	2.928148e-02	1.352327e-02	1.575822e-02
123           	8.174395e-03	-1.030615e-02	1.848055e-02	-9.718935e-04	2.994556e-03	-3.966450e-03	3.480503e-03	-1.439335e-02	-1.114651e-03	2.930824e-02	1.353947e-02	1.576877e-02
124           	8.169397e-03	-1.032168e-02	1.849108e-02	-9.719995e-04	2.992287e-03	-3.964286e-03	3.478286e-03	-1.440638e-02	-1.112097e-03	2.933390e-02	1.355486e-02	1.577905e-02
125           	8.164533e-03	-1.033631e-02	1.850084e-02	-9.721087e-04	2.990073e-03	-3.962182e-03	3.476127e-03	-1.441857e-02	-1.109842e-03	2.935832e-02	1.356932e-02	1.578900e-02
126           	8.159806e-03	-1.035001e-02	1.850982e-02	-9.722216e-04	2.987915e-03	-3.960136e-03	3.474026e-03	-1.442991e-02	-1.107903e-03	2.938138e-02	1.358278e-02	1.579859e-02
127           	8.155215e-03	-1.036278e-02	1.851800e-02	-9.723383e-04	2.985812e-03	-3.958150e-03	3.471981e-03	-1.444039e-02	-1.106291e-03	2.940298e-02	1.359520e-02	1.580778e-02
128           	8.150736e-03	-1.037463e-02	1.852537e-02	-9.724575e-04	2.983763e-03	-3.956221e-03	3.469992e-03	-1.445000e-02	-1.105010e-03	2.942309e-02	1.360653e-02	1.581655e-02
129           	8.146372e-03	-1.038557e-02	1.853194e-02	-9.725795e-04	2.981768e-03	-3.954348e-03	3.468058e-03	-1.445876e-02	-1.104055e-03	2.944167e-02	1.361678e-02	1.582489e-02
130           	8.142129e-03	-1.039561e-02	1.853774e-02	-9.727044e-04	2.979826e-03	-3.952530e-03	3.466178e-03	-1.446668e-02	-1.103417e-03	2.945873e-02	1.362595e-02	1.583278e-02
131           	8.137998e-03	-1.040479e-02	1.854279e-02	-9.728324e-04	2.977935e-03	-3.950768e-03	3.464352e-03	-1.447379e-02	-1.103085e-03	2.947427e-02	1.363405e-02	1.584022e-02
132           	8.133988e-03	-1.041312e-02	1.854710e-02	-9.729642e-04	2.976095e-03	-3.949059e-03	3.462577e-03	-1.448011e-02	-1.103042e-03	2.948834e-02	1.364113e-02	1.584721e-02
133           	8.130098e-03	-1.042062e-02	1.855072e-02	-9.731002e-04	2.974304e-03	-3.947404e-03	3.460854e-03	-1.448567e-02	-1.103272e-03	2.950096e-02	1.364721e-02	1.585375e-02
134           	8.126322e-03	-1.042734e-02	1.855366e-02	-9.732402e-04	2.972560e-03	-3.945800e-03	3.459180e-03	-1.449050e-02	-1.103759e-03	2.951218e-02	1.365233e-02	1.585985e-02
135           	8.122636e-03	-1.043329e-02	1.855593e-02	-9.733827e-04	2.970862e-03	-3.944245e-03	3.457553e-03	-1.449461e-02	-1.104492e-03	2.952202e-02	1.365652e-02	1.586550e-02
136           	8.119047e-03	-1.043853e-02	1.855758e-02	-9.735275e-04	2.969210e-03	-3.942738e-03	3.455974e-03	-1.449806e-02	-1.105448e-03	2.953056e-02	1.365983e-02	1.587073e-02
137           	8.115559e-03	-1.044309e-02	1.855865e-02	-9.736747e-04	2.967603e-03	-3.941278e-03	3.454440e-03	-1.450087e-02	-1.106611e-03	2.953785e-02	1.366231e-02	1.587554e-02
138           	8.112166e-03	-1.044700e-02	1.855916e-02	-9.738238e-04	2.966039e-03	-3.939863e-03	3.452951e-03	-1.450308e-02	-1.107965e-03	2.954394e-02	1.366401e-02	1.587994e-02
139           	8.108878e-03	-1.045029e-02	1.855916e-02	-9.739754e-04	2.964518e-03	-3.938493e-03	3.451506e-03	-1.450473e-02	-1.109490e-03	2.954891e-02	1.366496e-02	1.588394e-02
140           	8.105690e-03	-1.045299e-02	1.855868e-02	-9.741288e-04	2.963038e-03	-3.937166e-03	3.450102e-03	-1.450583e-02	-1.111175e-03	2.955279e-02	1.366522e-02	1.588757e-02
141           	8.102592e-03	-1.045514e-02	1.855773e-02	-9.742833e-04	2.961597e-03	-3.935881e-03	3.448739e-03	-1.450644e-02	-1.113002e-03	2.955566e-02	1.366483e-02	1.589083e-02
142           	8.099570e-03	-1.045679e-02	1.855636e-02	-9.744379e-04	2.960196e-03	-3.934634e-03	3.447415e-03	-1.450657e-02	-1.114956e-03	2.955757e-02	1.366383e-02	1.589374e-02
143           	8.096629e-03	-1.045797e-02	1.855460e-02	-9.745923e-04	2.958833e-03	-3.933425e-03	3.446129e-03	-1.450628e-02	-1.117021e-03	2.955859e-02	1.366228e-02	1.589632e-02
144           	8.093770e-03	-1.045871e-02	1.855248e-02	-9.747466e-04	2.957508e-03	-3.932254e-03	3.444881e-03	-1.450560e-02	-1.119180e-03	2.955880e-02	1.366022e-02	1.589858e-02
145           	8.090993e-03	-1.045906e-02	1.855005e-02	-9.749006e-04	2.956219e-03	-3.931119e-03	3.443669e-03	-1.450456e-02	-1.121419e-03	2.955825e-02	1.365771e-02	1.590054e-02
146           	8.088306e-03	-1.045904e-02	1.854734e-02	-9.750548e-04	2.954966e-03	-3.930021e-03	3.442493e-03	-1.450319e-02	-1.123723e-03	2.955702e-02	1.365479e-02	1.590223e-02
147           	8.085704e-03	-1.045868e-02	1.854438e-02	-9.752088e-04	2.953748e-03	-3.928957e-03	3.441353e-03	-1.450153e-02	-1.126077e-03	2.955517e-02	1.365151e-02	1.590366e-02
148           	8.083175e-03	-1.045802e-02	1.854120e-02	-9.753619e-04	2.952565e-03	-3.927927e-03	3.440246e-03	-1.449961e-02	-1.128470e-03	2.955275e-02	1.364791e-02	1.590485e-02
149           	8.080712e-03	-1.045710e-02	1.853781e-02	-9.755134e-04	2.951417e-03	-3.926930e-03	3.439173e-03	-1.449745e-02	-1.130893e-03	2.954983e-02	1.364402e-02	1.590581e-02
150           	8.078321e-03	-1.045593e-02	1.853425e-02	-9.756636e-04	2.950301e-03	-3.925965e-03	3.438133e-03	-1.449509e-02	-1.133337e-03	2.954645e-02	1.363989e-02	1.590656e-02
151           	8.075998e-03	-1.045454e-02	1.853053e-02	-9.758122e-04	2.949219e-03	-3.925031e-03	3.437125e-03	-1.449253e-02	-1.135792e-03	2.954266e-02	1.363554e-02	1.590712e-02
152           	8.073750e-03	-1.045295e-02	1.852670e-02	-9.759595e-04	2.948169e-03	-3.924128e-03	3.436149e-03	-1.448982e-02	-1.138251e-03	2.953851e-02	1.363101e-02	1.590751e-02
153           	8.071579e-03	-1.045118e-02	1.852276e-02	-9.761057e-04	2.947150e-03	-3.923256e-03	3.435203e-03	-1.448697e-02	-1.140704e-03	2.953405e-02	1.362632e-02	1.590773e-02
154           	8.069482e-03	-1.044925e-02	1.851874e-02	-9.762506e-04	2.946162e-03	-3.922412e-03	3.434287e-03	-1.448400e-02	-1.143143e-03	2.952931e-02	1.362151e-02	1.590780e-02
155           	8.067440e-03	-1.044720e-02	1.851464e-02	-9.763930e-04	2.945203e-03	-3.921596e-03	3.433399e-03	-1.448092e-02	-1.145564e-03	2.952434e-02	1.361661e-02	1.590773e-02
156           	8.065455e-03	-1.044504e-02	1.851049e-02	-9.765330e-04	2.944273e-03	-3.920806e-03	3.432539e-03	-1.447777e-02	-1.147961e-03	2.951917e-02	1.361163e-02	1.590755e-02
157           	8.063532e-03	-1.044278e-02	1.850631e-02	-9.766706e-04	2.943371e-03	-3.920042e-03	3.431706e-03	-1.447455e-02	-1.150327e-03	2.951384e-02	1.360659e-02	1.590725e-02
158           	8.061661e-03	-1.044044e-02	1.850210e-02	-9.768055e-04	2.942496e-03	-3.919302e-03	3.430899e-03	-1.447127e-02	-1.152660e-03	2.950838e-02	1.360153e-02	1.590685e-02
159           	8.059855e-03	-1.043804e-02	1.849789e-02	-9.769383e-04	2.941648e-03	-3.918586e-03	3.430117e-03	-1.446797e-02	-1.154954e-03	2.950282e-02	1.359646e-02	1.590636e-02
160           	8.058113e-03	-1.043558e-02	1.849369e-02	-9.770690e-04	2.940826e-03	-3.917894e-03	3.429360e-03	-1.446463e-02	-1.157204e-03	2.949718e-02	1.359139e-02	1.590580e-02
161           	8.056433e-03	-1.043307e-02	1.848950e-02	-9.771975e-04	2.940028e-03	-3.917225e-03	3.428626e-03	-1.446129e-02	-1.159408e-03	2.949150e-02	1.358634e-02	1.590516e-02
162           	8.054790e-03	-1.043054e-02	1.848533e-02	-9.773227e-04	2.939254e-03	-3.916576e-03	3.427915e-03	-1.445794e-02	-1.161565e-03	2.948580e-02	1.358133e-02	1.590446e-02
163           	8.053196e-03	-1.042800e-02	1.848119e-02	-9.774447e-04	2.938503e-03	-3.915948e-03	3.427225e-03	-1.445459e-02	-1.163672e-03	2.948009e-02	1.357637e-02	1.590372e-02
164           	8.051651e-03	-1.042543e-02	1.847708e-02	-9.775639e-04	2.937775e-03	-3.915339e-03	3.426557e-03	-1.445126e-02	-1.165730e-03	2.947438e-02	1.357146e-02	1.590292e-02
165           	8.050149e-03	-1.042287e-02	1.847302e-02	-9.776802e-04	2.937069e-03	-3.914749e-03	3.425909e-03	-1.444794e-02	-1.167737e-03	2.946871e-02	1.356662e-02	1.590209e-02
166           	8.048701e-03	-1.042030e-02	1.846900e-02	-9.777940e-04	2.936385e-03	-3.914179e-03	3.425282e-03	-1.444465e-02	-1.169693e-03	2.946307e-02	1.356184e-02	1.590123e-02
167           	8.047307e-03	-1.041774e-02	1.846504e-02	-9.779057e-04	2.935721e-03	-3.913627e-03	3.424674e-03	-1.444139e-02	-1.171596e-03	2.945748e-02	1.355714e-02	1.590034e-02
168           	8.045963e-03	-1.041518e-02	1.846114e-02	-9.780150e-04	2.935077e-03	-3.913093e-03	3.424085e-03	-1.443816e-02	-1.173447e-03	2.945196e-02	1.355253e-02	1.589943e-02
169           	8.044649e-03	-1.041264e-02	1.845729e-02	-9.781209e-04	2.934454e-03	-3.912575e-03	3.423514e-03	-1.443497e-02	-1.175245e-03	2.944651e-02	1.354801e-02	1.589850e-02
170           	8.043371e-03	-1.041013e-02	1.845350e-02	-9.782237e-04	2.933850e-03	-3.912073e-03	3.422962e-03	-1.443181e-02	-1.176991e-03	2.944114e-02	1.354358e-02	1.589756e-02
171           	8.042135e-03	-1.040764e-02	1.844978e-02	-9.783238e-04	2.933264e-03	-3.911588e-03	3.422426e-03	-1.442871e-02	-1.178686e-03	2.943586e-02	1.353924e-02	1.589661e-02
172           	8.040935e-03	-1.040519e-02	1.844612e-02	-9.784210e-04	2.932697e-03	-3.911118e-03	3.421908e-03	-1.442565e-02	-1.180328e-03	2.943067e-02	1.353501e-02	1.589566e-02
173           	8.039783e-03	-1.040276e-02	1.844254e-02	-9.785162e-04	2.932148e-03	-3.910664e-03	3.421406e-03	-1.442265e-02	-1.181917e-03	2.942559e-02	1.353088e-02	1.589471e-02
174           	8.038676e-03	-1.040037e-02	1.843905e-02	-9.786093e-04	2.931616e-03	-3.910225e-03	3.420921e-03	-1.441971e-02	-1.183451e-03	2.942062e-02	1.352686e-02	1.589376e-02
175           	8.037607e-03	-1.039802e-02	1.843563e-02	-9.787001e-04	2.931101e-03	-3.909801e-03	3.420451e-03	-1.441682e-02	-1.184932e-03	2.941576e-02	1.352295e-02	1.589281e-02
176           	8.036561e-03	-1.039572e-02	1.843228e-02	-9.787876e-04	2.930602e-03	-3.909389e-03	3.419996e-03	-1.441400e-02	-1.186360e-03	2.941103e-02	1.351915e-02	1.589187e-02
177           	8.035545e-03	-1.039347e-02	1.842902e-02	-9.788721e-04	2.930119e-03	-3.908991e-03	3.419555e-03	-1.441125e-02	-1.187735e-03	2.940642e-02	1.351548e-02	1.589095e-02
178           	8.034560e-03	-1.039128e-02	1.842584e-02	-9.789540e-04	2.929651e-03	-3.908605e-03	3.419128e-03	-1.440856e-02	-1.189057e-03	2.940195e-02	1.351192e-02	1.589003e-02
179           	8.033607e-03	-1.038914e-02	1.842275e-02	-9.790336e-04	2.929198e-03	-3.908231e-03	3.418715e-03	-1.440595e-02	-1.190327e-03	2.939762e-02	1.350848e-02	1.588914e-02
180           	8.032696e-03	-1.038706e-02	1.841975e-02	-9.791116e-04	2.928759e-03	-3.907870e-03	3.418315e-03	-1.440340e-02	-1.191545e-03	2.939343e-02	1.350517e-02	1.588826e-02
181           	8.031822e-03	-1.038502e-02	1.841684e-02	-9.791878e-04	2.928334e-03	-3.907521e-03	3.417927e-03	-1.440093e-02	-1.192712e-03	2.938938e-02	1.350198e-02	1.588740e-02
182           	8.030974e-03	-1.038305e-02	1.841402e-02	-9.792617e-04	2.927922e-03	-3.907183e-03	3.417552e-03	-1.439853e-02	-1.193829e-03	2.938547e-02	1.349891e-02	1.588656e-02
183           	8.030145e-03	-1.038113e-02	1.841128e-02	-9.793326e-04	2.927523e-03	-3.906855e-03	3.417189e-03	-1.439621e-02	-1.194897e-03	2.938170e-02	1.349595e-02	1.588575e-02
184           	8.029339e-03	-1.037928e-02	1.840862e-02	-9.794007e-04	2.927136e-03	-3.906537e-03	3.416837e-03	-1.439395e-02	-1.195918e-03	2.937807e-02	1.349312e-02	1.588495e-02
185           	8.028558e-03	-1.037749e-02	1.840605e-02	-9.794665e-04	2.926763e-03	-3.906229e-03	3.416496e-03	-1.439177e-02	-1.196895e-03	2.937458e-02	1.349039e-02	1.588418e-02
186           	8.027806e-03	-1.037576e-02	1.840356e-02	-9.795305e-04	2.926401e-03	-3.905931e-03	3.416166e-03	-1.438966e-02	-1.197823e-03	2.937123e-02	1.348779e-02	1.588344e-02
187           	8.027088e-03	-1.037408e-02	1.840117e-02	-9.795931e-04	2.926050e-03	-3.905643e-03	3.415847e-03	-1.438762e-02	-1.198707e-03	2.936801e-02	1.348530e-02	1.588271e-02
188           	8.026404e-03	-1.037245e-02	1.839885e-02	-9.796544e-04	2.925710e-03	-3.905365e-03	3.415538e-03	-1.438565e-02	-1.199548e-03	2.936493e-02	1.348292e-02	1.588201e-02
189           	8.025733e-03	-1.037088e-02	1.839661e-02	-9.797132e-04	2.925382e-03	-3.905095e-03	3.415238e-03	-1.438375e-02	-1.200347e-03	2.936198e-02	1.348064e-02	1.588134e-02
190           	8.025078e-03	-1.036937e-02	1.839444e-02	-9.797695e-04	2.925064e-03	-3.904833e-03	3.414948e-03	-1.438191e-02	-1.201107e-03	2.935917e-02	1.347848e-02	1.588069e-02
191           	8.024427e-03	-1.036788e-02	1.839231e-02	-9.798207e-04	2.924750e-03	-3.904571e-03	3.414660e-03	-1.438009e-02	-1.201845e-03	2.935638e-02	1.347634e-02	1.588003e-02
192           	8.023775e-03	-1.036643e-02	1.839020e-02	-9.798685e-04	2.924439e-03	-3.904307e-03	3.414373e-03	-1.437831e-02	-1.202557e-03	2.935366e-02	1.347427e-02	1.587939e-02
193           	8.023138e-03	-1.036503e-02	1.838817e-02	-9.799142e-04	2.924132e-03	-3.904046e-03	3.414089e-03	-1.437660e-02	-1.203230e-03	2.935108e-02	1.347231e-02	1.587877e-02
194           	8.022525e-03	-1.036369e-02	1.838621e-02	-9.799589e-04	2.923832e-03	-3.903791e-03	3.413812e-03	-1.437495e-02	-1.203856e-03	2.934864e-02	1.347046e-02	1.587818e-02
195           	8.021940e-03	-1.036241e-02	1.838435e-02	-9.800029e-04	2.923540e-03	-3.903543e-03	3.413542e-03	-1.437338e-02	-1.204435e-03	2.934636e-02	1.346874e-02	1.587762e-02
196           	8.021362e-03	-1.036119e-02	1.838255e-02	-9.800446e-04	2.923259e-03	-3.903304e-03	3.413282e-03	-1.437187e-02	-1.204970e-03	2.934423e-02	1.346714e-02	1.587709e-02
197           	8.020806e-03	-1.036003e-02	1.838083e-02	-9.800848e-04	2.922989e-03	-3.903074e-03	3.413032e-03	-1.437043e-02	-1.205465e-03	2.934223e-02	1.346565e-02	1.587658e-02
198           	8.020276e-03	-1.035890e-02	1.837918e-02	-9.801239e-04	2.922731e-03	-3.902855e-03	3.412793e-03	-1.436904e-02	-1.205926e-03	2.934033e-02	1.346424e-02	1.587609e-02
199           	8.019765e-03	-1.035780e-02	1.837757e-02	-9.801616e-04	2.922484e-03	-3.902646e-03	3.412565e-03	-1.436769e-02	-1.206356e-03	2.933851e-02	1.346290e-02	1.587561e-02
200           	8.019286e-03	-1.035673e-02	1.837601e-02	-9.801990e-04	2.922247e-03	-3.902446e-03	3.412347e-03	-1.436637e-02	-1.206760e-03	2.933675e-02	1.346162e-02	1.587514e-02
201           	8.018834e-03	-1.035567e-02	1.837450e-02	-9.802359e-04	2.922019e-03	-3.902255e-03	3.412137e-03	-1.436508e-02	-1.207138e-03	2.933504e-02	1.346038e-02	1.587466e-02
202           	8.018405e-03	-1.035461e-02	1.837302e-02	-9.802721e-04	2.921800e-03	-3.902072e-03	3.411936e-03	-1.436382e-02	-1.207497e-03	2.933335e-02	1.345918e-02	1.587417e-02
203           	8.017976e-03	-1.035358e-02	1.837155e-02	-9.803062e-04	2.921588e-03	-3.901894e-03	3.411741e-03	-1.436257e-02	-1.207839e-03	2.933169e-02	1.345800e-02	1.587368e-02
204           	8.017558e-03	-1.035255e-02	1.837011e-02	-9.803389e-04	2.921382e-03	-3.901721e-03	3.411551e-03	-1.436133e-02	-1.208167e-03	2.933004e-02	1.345685e-02	1.587319e-02
205           	8.017152e-03	-1.035152e-02	1.836868e-02	-9.803702e-04	2.921182e-03	-3.901553e-03	3.411368e-03	-1.436010e-02	-1.208481e-03	2.932841e-02	1.345572e-02	1.587269e-02
206           	8.016757e-03	-1.035050e-02	1.836726e-02	-9.804005e-04	2.920989e-03	-3.901389e-03	3.411189e-03	-1.435888e-02	-1.208780e-03	2.932679e-02	1.345462e-02	1.587218e-02
207           	8.016384e-03	-1.034948e-02	1.836587e-02	-9.804304e-04	2.920800e-03	-3.901231e-03	3.411016e-03	-1.435768e-02	-1.209062e-03	2.932519e-02	1.345353e-02	1.587166e-02
208           	8.016029e-03	-1.034846e-02	1.836449e-02	-9.804596e-04	2.920618e-03	-3.901078e-03	3.410848e-03	-1.435648e-02	-1.209325e-03	2.932361e-02	1.345248e-02	1.587113e-02
209           	8.015689e-03	-1.034745e-02	1.836314e-02	-9.804877e-04	2.920442e-03	-3.900929e-03	3.410686e-03	-1.435529e-02	-1.209570e-03	2.932205e-02	1.345145e-02	1.587060e-02
210           	8.015352e-03	-1.034644e-02	1.836179e-02	-9.805139e-04	2.920272e-03	-3.900786e-03	3.410529e-03	-1.435412e-02	-1.209797e-03	2.932051e-02	1.345046e-02	1.587005e-02
211           	8.015024e-03	-1.034544e-02	1.836047e-02	-9.805385e-04	2.920109e-03	-3.900647e-03	3.410378e-03	-1.435295e-02	-1.210006e-03	2.931898e-02	1.344948e-02	1.586949e-02
212           	8.014709e-03	-1.034445e-02	1.835916e-02	-9.805620e-04	2.919952e-03	-3.900514e-03	3.410233e-03	-1.435180e-02	-1.210197e-03	2.931746e-02	1.344853e-02	1.586893e-02
213           	8.014408e-03	-1.034346e-02	1.835787e-02	-9.805849e-04	2.919802e-03	-3.900386e-03	3.410094e-03	-1.435066e-02	-1.210369e-03	2.931596e-02	1.344761e-02	1.586835e-02
214           	8.014131e-03	-1.034247e-02	1.835660e-02	-9.806077e-04	2.919658e-03	-3.900265e-03	3.409962e-03	-1.434953e-02	-1.210524e-03	2.931447e-02	1.344671e-02	1.586776e-02
215           	8.013874e-03	-1.034148e-02	1.835535e-02	-9.806303e-04	2.919520e-03	-3.900150e-03	3.409835e-03	-1.434841e-02	-1.210660e-03	2.931299e-02	1.344584e-02	1.586716e-02
216           	8.013628e-03	-1.034049e-02	1.835412e-02	-9.806524e-04	2.919388e-03	-3.900040e-03	3.409714e-03	-1.434731e-02	-1.210780e-03	2.931153e-02	1.344499e-02	1.586654e-02
217           	8.013384e-03	-1.033952e-02	1.835290e-02	-9.806731e-04	2.919262e-03	-3.899935e-03	3.409598e-03	-1.434621e-02	-1.210885e-03	2.931008e-02	1.344416e-02	1.586593e-02
218           	8.013149e-03	-1.033855e-02	1.835170e-02	-9.806929e-04	2.919141e-03	-3.899834e-03	3.409488e-03	-1.434513e-02	-1.210977e-03	2.930864e-02	1.344334e-02	1.586530e-02
219           	8.012923e-03	-1.033759e-02	1.835051e-02	-9.807121e-04	2.919026e-03	-3.899738e-03	3.409382e-03	-1.434405e-02	-1.211056e-03	2.930722e-02	1.344255e-02	1.586466e-02
220           	8.012711e-03	-1.033664e-02	1.834935e-02	-9.807312e-04	2.918915e-03	-3.899646e-03	3.409281e-03	-1.434299e-02	-1.211123e-03	2.930581e-02	1.344178e-02	1.586403e-02
221           	8.012519e-03	-1.033569e-02	1.834821e-02	-9.807504e-04	2.918810e-03	-3.899560e-03	3.409185e-03	-1.434195e-02	-1.211177e-03	2.930442e-02	1.344103e-02	1.586339e-02
222           	8.012347e-03	-1.033474e-02	1.834708e-02	-9.807700e-04	2.918709e-03	-3.899479e-03	3.409094e-03	-1.434091e-02	-1.211220e-03	2.930305e-02	1.344031e-02	1.586275e-02
223           	8.012173e-03	-1.033380e-02	1.834597e-02	-9.807883e-04	2.918613e-03	-3.899401e-03	3.409007e-03	-1.433988e-02	-1.211252e-03	2.930171e-02	1.343960e-02	1.586211e-02
224           	8.012004e-03	-1.033287e-02	1.834487e-02	-9.808056e-04	2.918521e-03	-3.899327e-03	3.408924e-03	-1.433887e-02	-1.211272e-03	2.930039e-02	1.343892e-02	1.586147e-02
225           	8.011844e-03	-1.033195e-02	1.834380e-02	-9.808222e-04	2.918435e-03	-3.899257e-03	3.408846e-03	-1.433788e-02	-1.211279e-03	2.929911e-02	1.343828e-02	1.586084e-02
226           	8.011688e-03	-1.033105e-02	1.834274e-02	-9.808381e-04	2.918353e-03	-3.899191e-03	3.408772e-03	-1.433690e-02	-1.211276e-03	2.929786e-02	1.343766e-02	1.586021e-02
227           	8.011548e-03	-1.033017e-02	1.834172e-02	-9.808539e-04	2.918275e-03	-3.899129e-03	3.408702e-03	-1.433594e-02	-1.211262e-03	2.929665e-02	1.343706e-02	1.585959e-02
228           	8.011428e-03	-1.032929e-02	1.834072e-02	-9.808702e-04	2.918202e-03	-3.899072e-03	3.408637e-03	-1.433501e-02	-1.211236e-03	2.929548e-02	1.343651e-02	1.585898e-02
229           	8.011326e-03	-1.032843e-02	1.833976e-02	-9.808867e-04	2.918132e-03	-3.899019e-03	3.408576e-03	-1.433410e-02	-1.211197e-03	2.929435e-02	1.343598e-02	1.585837e-02
230           	8.011216e-03	-1.032760e-02	1.833882e-02	-9.809018e-04	2.918067e-03	-3.898969e-03	3.408518e-03	-1.433321e-02	-1.211148e-03	2.929326e-02	1.343548e-02	1.585778e-02
231           	8.011111e-03	-1.032680e-02	1.833791e-02	-9.809164e-04	2.918005e-03	-3.898922e-03	3.408464e-03	-1.433235e-02	-1.211089e-03	2.929220e-02	1.343501e-02	1.585719e-02
232           	8.011013e-03	-1.032602e-02	1.833703e-02	-9.809301e-04	2.917948e-03	-3.898878e-03	3.408413e-03	-1.433152e-02	-1.211020e-03	2.929118e-02	1.343457e-02	1.585661e-02
233           	8.010917e-03	-1.032526e-02	1.833618e-02	-9.809432e-04	2.917894e-03	-3.898837e-03	3.408365e-03	-1.433072e-02	-1.210939e-03	2.929022e-02	1.343417e-02	1.585605e-02
234           	8.010838e-03	-1.032453e-02	1.833536e-02	-9.809566e-04	2.917843e-03	-3.898800e-03	3.408321e-03	-1.432994e-02	-1.210845e-03	2.928930e-02	1.343381e-02	1.585550e-02
235           	8.010772e-03	-1.032381e-02	1.833458e-02	-9.809699e-04	2.917795e-03	-3.898765e-03	3.408280e-03	-1.432919e-02	-1.210738e-03	2.928845e-02	1.343349e-02	1.585496e-02
236           	8.010716e-03	-1.032312e-02	1.833383e-02	-9.809831e-04	2.917751e-03	-3.898734e-03	3.408242e-03	-1.432847e-02	-1.210619e-03	2.928766e-02	1.343321e-02	1.585445e-02
237           	8.010653e-03	-1.032246e-02	1.833312e-02	-9.809952e-04	2.917709e-03	-3.898705e-03	3.408207e-03	-1.432779e-02	-1.210490e-03	2.928692e-02	1.343297e-02	1.585395e-02
238           	8.010592e-03	-1.032184e-02	1.833244e-02	-9.810063e-04	2.917671e-03	-3.898677e-03	3.408174e-03	-1.432714e-02	-1.210350e-03	2.928623e-02	1.343276e-02	1.585346e-02
239           	8.010537e-03	-1.032126e-02	1.833179e-02	-9.810167e-04	2.917635e-03	-3.898652e-03	3.408144e-03	-1.432652e-02	-1.210200e-03	2.928559e-02	1.343260e-02	1.585300e-02
240           	8.010485e-03	-1.032070e-02	1.833118e-02	-9.810269e-04	2.917602e-03	-3.898629e-03	3.408116e-03	-1.432594e-02	-1.210041e-03	2.928501e-02	1.343246e-02	1.585255e-02
241           	8.010449e-03	-1.032016e-02	1.833061e-02	-9.810375e-04	2.917571e-03	-3.898609e-03	3.408090e-03	-1.432539e-02	-1.209873e-03	2.928448e-02	1.343237e-02	1.585211e-02
242           	8.010424e-03	-1.031965e-02	1.833008e-02	-9.810484e-04	2.917542e-03	-3.898591e-03	3.408067e-03	-1.432487e-02	-1.209695e-03	2.928399e-02	1.343230e-02	1.585169e-02
243           	8.010403e-03	-1.031917e-02	1.832957e-02	-9.810591e-04	2.917515e-03	-3.898574e-03	3.408045e-03	-1.432437e-02	-1.209508e-03	2.928356e-02	1.343227e-02	1.585129e-02
244           	8.010374e-03	-1.031872e-02	1.832910e-02	-9.810686e-04	2.917490e-03	-3.898559e-03	3.408025e-03	-1.432391e-02	-1.209313e-03	2.928317e-02	1.343227e-02	1.585090e-02
245           	8.010345e-03	-1.031830e-02	1.832865e-02	-9.810771e-04	2.917467e-03	-3.898545e-03	3.408006e-03	-1.432348e-02	-1.209111e-03	2.928284e-02	1.343231e-02	1.585053e-02
246           	8.010320e-03	-1.031791e-02	1.832823e-02	-9.810851e-04	2.917446e-03	-3.898532e-03	3.407989e-03	-1.432307e-02	-1.208904e-03	2.928254e-02	1.343236e-02	1.585017e-02
247           	8.010300e-03	-1.031755e-02	1.832785e-02	-9.810930e-04	2.917427e-03	-3.898520e-03	3.407974e-03	-1.432270e-02	-1.208688e-03	2.928229e-02	1.343246e-02	1.584983e-02
248           	8.010292e-03	-1.031721e-02	1.832751e-02	-9.811014e-04	2.917410e-03	-3.898511e-03	3.407961e-03	-1.432236e-02	-1.208461e-03	2.928210e-02	1.343259e-02	1.584951e-02
249           	8.010296e-03	-1.031690e-02	1.832720e-02	-9.811102e-04	2.917394e-03	-3.898504e-03	3.407949e-03	-1.432205e-02	-1.208226e-03	2.928196e-02	1.343275e-02	1.584920e-02
250           	8.010294e-03	-1.031662e-02	1.832692e-02	-9.811182e-04	2.917379e-03	-3.898498e-03	3.407939e-03	-1.432177e-02	-1.207982e-03	2.928187e-02	1.343295e-02	1.584892e-02
251           	8.010287e-03	-1.031638e-02	1.832666e-02	-9.811247e-04	2.917367e-03	-3.898492e-03	3.407929e-03	-1.432152e-02	-1.207732e-03	2.928183e-02	1.343318e-02	1.584865e-02
252           	8.010282e-03	-1.031616e-02	1.832644e-02	-9.811304e-04	2.917356e-03	-3.898486e-03	3.407921e-03	-1.432130e-02	-1.207474e-03	2.928184e-02	1.343345e-02	1.584840e-02
253           	8.010274e-03	-1.031597e-02	1.832624e-02	-9.811354e-04	2.917345e-03	-3.898481e-03	3.407913e-03	-1.432110e-02	-1.207214e-03	2.928189e-02	1.343373e-02	1.584816e-02
254           	8.010274e-03	-1.031580e-02	1.832607e-02	-9.811407e-04	2.917337e-03	-3.898477e-03	3.407907e-03	-1.432093e-02	-1.206947e-03	2.928198e-02	1.343404e-02	1.584794e-02
255           	8.010285e-03	-1.031565e-02	1.832593e-02	-9.811467e-04	2.917328e-03	-3.898475e-03	3.407902e-03	-1.432079e-02	-1.206674e-03	2.928211e-02	1.343438e-02	1.584773e-02
256           	8.010309e-03	-1.031552e-02	1.832583e-02	-9.811533e-04	2.917321e-03	-3.898474e-03	3.407898e-03	-1.432067e-02	-1.206397e-03	2.928228e-02	1.343474e-02	1.584754e-02
257           	8.010320e-03	-1.031541e-02	1.832573e-02	-9.811585e-04	2.917315e-03	-3.898473e-03	3.407894e-03	-1.432057e-02	-1.206118e-03	2.928249e-02	1.343512e-02	1.584736e-02
258           	8.010327e-03	-1.031532e-02	1.832565e-02	-9.811627e-04	2.917310e-03	-3.898472e-03	3.407891e-03	-1.432049e-02	-1.205839e-03	2.928271e-02	1.343552e-02	1.584720e-02
259           	8.010338e-03	-1.031525e-02	1.832559e-02	-9.811664e-04	2.917305e-03	-3.898471e-03	3.407888e-03	-1.432042e-02	-1.205560e-03	2.928296e-02	1.343592e-02	1.584704e-02
260           	8.010345e-03	-1.031518e-02	1.832553e-02	-9.811696e-04	2.917301e-03	-3.898471e-03	3.407886e-03	-1.432036e-02	-1.205283e-03	2.928323e-02	1.343633e-02	1.584690e-02
261           	8.010362e-03	-1.031512e-02	1.832549e-02	-9.811735e-04	2.917298e-03	-3.898471e-03	3.407884e-03	-1.432031e-02	-1.205008e-03	2.928352e-02	1.343675e-02	1.584677e-02
262           	8.010389e-03	-1.031507e-02	1.832546e-02	-9.811781e-04	2.917295e-03	-3.898473e-03	3.407884e-03	-1.432026e-02	-1.204734e-03	2.928382e-02	1.343717e-02	1.584664e-02
263           	8.010420e-03	-1.031501e-02	1.832543e-02	-9.811827e-04	2.917292e-03	-3.898475e-03	3.407883e-03	-1.432022e-02	-1.204463e-03	2.928413e-02	1.343760e-02	1.584653e-02
264           	8.010439e-03	-1.031497e-02	1.832541e-02	-9.811858e-04	2.917290e-03	-3.898476e-03	3.407883e-03	-1.432019e-02	-1.204195e-03	2.928445e-02	1.343803e-02	1.584642e-02
265           	8.010456e-03	-1.031494e-02	1.832539e-02	-9.811881e-04	2.917289e-03	-3.898478e-03	3.407883e-03	-1.432017e-02	-1.203929e-03	2.928478e-02	1.343846e-02	1.584632e-02
266           	8.010473e-03	-1.031491e-02	1.832538e-02	-9.811901e-04	2.917289e-03	-3.898479e-03	3.407884e-03	-1.432015e-02	-1.203665e-03	2.928513e-02	1.343890e-02	1.584623e-02
267           	8.010490e-03	-1.031488e-02	1.832537e-02	-9.811921e-04	2.917289e-03	-3.898481e-03	3.407885e-03	-1.432013e-02	-1.203408e-03	2.928547e-02	1.343933e-02	1.584614e-02
268           	8.010518e-03	-1.031486e-02	1.832537e-02	-9.811951e-04	2.917290e-03	-3.898485e-03	3.407888e-03	-1.432011e-02	-1.203149e-03	2.928583e-02	1.343977e-02	1.584607e-02
269           	8.010555e-03	-1.031484e-02	1.832539e-02	-9.811987e-04	2.917292e-03	-3.898490e-03	3.407891e-03	-1.432011e-02	-1.202890e-03	2.928621e-02	1.344022e-02	1.584599e-02
270           	8.010590e-03	-1.031483e-02	1.832542e-02	-9.812017e-04	2.917294e-03	-3.898496e-03	3.407895e-03	-1.432012e-02	-1.202630e-03	2.928660e-02	1.344067e-02	1.584593e-02
271           	8.010618e-03	-1.031484e-02	1.832545e-02	-9.812038e-04	2.917297e-03	-3.898501e-03	3.407899e-03	-1.432014e-02	-1.202370e-03	2.928701e-02	1.344114e-02	1.584588e-02
272           	8.010643e-03	-1.031485e-02	1.832550e-02	-9.812052e-04	2.917301e-03	-3.898506e-03	3.407904e-03	-1.432017e-02	-1.202111e-03	2.928743e-02	1.344161e-02	1.584583e-02
273           	8.010665e-03	-1.031488e-02	1.832554e-02	-9.812062e-04	2.917306e-03	-3.898512e-03	3.407909e-03	-1.432021e-02	-1.201854e-03	2.928787e-02	1.344208e-02	1.584579e-02
274           	8.010692e-03	-1.031491e-02	1.832560e-02	-9.812076e-04	2.917311e-03	-3.898519e-03	3.407915e-03	-1.432026e-02	-1.201597e-03	2.928831e-02	1.344256e-02	1.584575e-02
275           	8.010728e-03	-1.031495e-02	1.832567e-02	-9.812097e-04	2.917317e-03	-3.898527e-03	3.407922e-03	-1.432031e-02	-1.201341e-03	2.928876e-02	1.344304e-02	1.584572e-02
276           	8.010772e-03	-1.031498e-02	1.832575e-02	-9.812120e-04	2.917323e-03	-3.898535e-03	3.407929e-03	-1.432037e-02	-1.201086e-03	2.928921e-02	1.344352e-02	1.584569e-02
277           	8.010808e-03	-1.031503e-02	1.832584e-02	-9.812134e-04	2.917330e-03	-3.898543e-03	3.407937e-03	-1.432043e-02	-1.200833e-03	2.928967e-02	1.344400e-02	1.584567e-02
278           	8.010837e-03	-1.031508e-02	1.832592e-02	-9.812138e-04	2.917337e-03	-3.898551e-03	3.407944e-03	-1.432050e-02	-1.200582e-03	2.929014e-02	1.344449e-02	1.584565e-02
279           	8.010866e-03	-1.031514e-02	1.832601e-02	-9.812136e-04	2.917345e-03	-3.898558e-03	3.407951e-03	-1.432058e-02	-1.200333e-03	2.929061e-02	1.344497e-02	1.584564e-02
280           	8.010888e-03	-1.031521e-02	1.832610e-02	-9.812132e-04	2.917353e-03	-3.898566e-03	3.407959e-03	-1.432066e-02	-1.200086e-03	2.929109e-02	1.344546e-02	1.584563e-02
281           	8.010918e-03	-1.031528e-02	1.832620e-02	-9.812131e-04	2.917361e-03	-3.898574e-03	3.407967e-03	-1.432074e-02	-1.199841e-03	2.929157e-02	1.344595e-02	1.584563e-02
282           	8.010955e-03	-1.031536e-02	1.832631e-02	-9.812135e-04	2.917369e-03	-3.898583e-03	3.407976e-03	-1.432083e-02	-1.199596e-03	2.929206e-02	1.344643e-02	1.584563e-02
283           	8.011002e-03	-1.031543e-02	1.832643e-02	-9.812144e-04	2.917378e-03	-3.898592e-03	3.407985e-03	-1.432093e-02	-1.199352e-03	2.929255e-02	1.344692e-02	1.584563e-02
284           	8.011035e-03	-1.031551e-02	1.832655e-02	-9.812142e-04	2.917387e-03	-3.898601e-03	3.407994e-03	-1.432103e-02	-1.199110e-03	2.929305e-02	1.344741e-02	1.584563e-02
285           	8.011062e-03	-1.031560e-02	1.832667e-02	-9.812134e-04	2.917397e-03	-3.898610e-03	3.408003e-03	-1.432114e-02	-1.198868e-03	2.929355e-02	1.344791e-02	1.584564e-02
286           	8.011092e-03	-1.031570e-02	1.832679e-02	-9.812127e-04	2.917406e-03	-3.898619e-03	3.408012e-03	-1.432125e-02	-1.198628e-03	2.929406e-02	1.344840e-02	1.584566e-02
287           	8.011117e-03	-1.031581e-02	1.832693e-02	-9.812121e-04	2.917416e-03	-3.898628e-03	3.408022e-03	-1.432137e-02	-1.198388e-03	2.929457e-02	1.344890e-02	1.584567e-02
288           	8.011153e-03	-1.031592e-02	1.832707e-02	-9.812127e-04	2.917426e-03	-3.898638e-03	3.408032e-03	-1.432149e-02	-1.198149e-03	2.929509e-02	1.344940e-02	1.584569e-02
289           	8.011198e-03	-1.031603e-02	1.832723e-02	-9.812144e-04	2.917435e-03	-3.898650e-03	3.408042e-03	-1.432163e-02	-1.197910e-03	2.929562e-02	1.344990e-02	1.584572e-02
290           	8.011249e-03	-1.031614e-02	1.832739e-02	-9.812170e-04	2.917444e-03	-3.898661e-03	3.408053e-03	-1.432176e-02	-1.197671e-03	2.929615e-02	1.345041e-02	1.584575e-02
291           	8.011288e-03	-1.031627e-02	1.832755e-02	-9.812194e-04	2.917453e-03	-3.898673e-03	3.408063e-03	-1.432191e-02	-1.197433e-03	2.929669e-02	1.345091e-02	1.584578e-02
292           	8.011327e-03	-1.031640e-02	1.832773e-02	-9.812224e-04	2.917462e-03	-3.898684e-03	3.408073e-03	-1.432206e-02	-1.197197e-03	2.929724e-02	1.345142e-02	1.584582e-02
293           	8.011368e-03	-1.031654e-02	1.832791e-02	-9.812265e-04	2.917470e-03	-3.898696e-03	3.408083e-03	-1.432222e-02	-1.196962e-03	2.929780e-02	1.345194e-02	1.584586e-02
294           	8.011410e-03	-1.031668e-02	1.832809e-02	-9.812318e-04	2.917477e-03	-3.898709e-03	3.408093e-03	-1.432239e-02	-1.196728e-03	2.929836e-02	1.345245e-02	1.584591e-02
295           	8.011467e-03	-1.031683e-02	1.832829e-02	-9.812391e-04	2.917483e-03	-3.898722e-03	3.408103e-03	-1.432256e-02	-1.196496e-03	2.929892e-02	1.345297e-02	1.584596e-02
296           	8.011536e-03	-1.031697e-02	1.832851e-02	-9.812483e-04	2.917488e-03	-3.898737e-03	3.408112e-03	-1.432274e-02	-1.196262e-03	2.929951e-02	1.345349e-02	1.584601e-02
297           	8.011602e-03	-1.031712e-02	1.832873e-02	-9.812581e-04	2.917493e-03	-3.898751e-03	3.408122e-03	-1.432292e-02	-1.196031e-03	2.930009e-02	1.345401e-02	1.584608e-02
298           	8.011662e-03	-1.031728e-02	1.832894e-02	-9.812680e-04	2.917497e-03	-3.898765e-03	3.408131e-03	-1.432311e-02	-1.195802e-03	2.930067e-02	1.345453e-02	1.584614e-02
299           	8.011721e-03	-1.031744e-02	1.832916e-02	-9.812777e-04	2.917501e-03	-3.898778e-03	3.408139e-03	-1.432330e-02	-1.195574e-03	2.930126e-02	1.345505e-02	1.584620e-02
300           	8.011774e-03	-1.031761e-02	1.832938e-02	-9.812867e-04	2.917505e-03	-3.898791e-03	3.408148e-03	-1.432350e-02	-1.195349e-03	2.930184e-02	1.345557e-02	1.584627e-02
301           	8.011830e-03	-1.031778e-02	1.832961e-02	-9.812949e-04	2.917509e-03	-3.898804e-03	3.408157e-03	-1.432370e-02	-1.195123e-03	2.930243e-02	1.345609e-02	1.584634e-02
302           	8.011892e-03	-1.031795e-02	1.832985e-02	-9.813022e-04	2.917515e-03	-3.898817e-03	3.408166e-03	-1.432390e-02	-1.194897e-03	2.930302e-02	1.345661e-02	1.584641e-02
303           	8.011956e-03	-1.031813e-02	1.833009e-02	-9.813072e-04	2.917523e-03	-3.898830e-03	3.408176e-03	-1.432411e-02	-1.194669e-03	2.930361e-02	1.345714e-02	1.584647e-02
304           	8.011999e-03	-1.031833e-02	1.833033e-02	-9.813077e-04	2.917533e-03	-3.898841e-03	3.408187e-03	-1.432433e-02	-1.194439e-03	2.930420e-02	1.345766e-02	1.584654e-02
305           	8.012026e-03	-1.031854e-02	1.833057e-02	-9.813026e-04	2.917547e-03	-3.898850e-03	3.408199e-03	-1.432455e-02	-1.194208e-03	2.930479e-02	1.345819e-02	1.584660e-02
306           	8.012037e-03	-1.031877e-02	1.833080e-02	-9.812910e-04	2.917566e-03	-3.898857e-03	3.408212e-03	-1.432478e-02	-1.193974e-03	2.930537e-02	1.345871e-02	1.584666e-02
307           	8.012024e-03	-1.031901e-02	1.833103e-02	-9.812720e-04	2.917590e-03	-3.898862e-03	3.408226e-03	-1.432502e-02	-1.193738e-03	2.930595e-02	1.345924e-02	1.584671e-02
308           	8.012001e-03	-1.031926e-02	1.833126e-02	-9.812461e-04	2.917619e-03	-3.898866e-03	3.408242e-03	-1.432526e-02	-1.193499e-03	2.930652e-02	1.345976e-02	1.584676e-02
309           	8.011965e-03	-1.031953e-02	1.833149e-02	-9.812128e-04	2.917655e-03	-3.898867e-03	3.408261e-03	-1.432551e-02	-1.193256e-03	2.930708e-02	1.346028e-02	1.584680e-02
310           	8.011913e-03	-1.031981e-02	1.833172e-02	-9.811716e-04	2.917696e-03	-3.898868e-03	3.408282e-03	-1.432577e-02	-1.193009e-03	2.930763e-02	1.346081e-02	1.584682e-02
311           	8.011823e-03	-1.032012e-02	1.833194e-02	-9.811213e-04	2.917744e-03	-3.898865e-03	3.408304e-03	-1.432603e-02	-1.192758e-03	2.930818e-02	1.346133e-02	1.584685e-02
312           	8.011703e-03	-1.032044e-02	1.833215e-02	-9.810622e-04	2.917797e-03	-3.898859e-03	3.408328e-03	-1.432630e-02	-1.192504e-03	2.930871e-02	1.346185e-02	1.584686e-02
313           	8.011561e-03	-1.032079e-02	1.833235e-02	-9.809959e-04	2.917856e-03	-3.898852e-03	3.408354e-03	-1.432657e-02	-1.192247e-03	2.930924e-02	1.346237e-02	1.584687e-02
314           	8.011266e-03	-1.032123e-02	1.833249e-02	-9.808990e-04	2.917937e-03	-3.898836e-03	3.408387e-03	-1.432686e-02	-1.191960e-03	2.930968e-02	1.346288e-02	1.584680e-02
315           	8.011411e-03	-1.032144e-02	1.833286e-02	-9.809143e-04	2.917938e-03	-3.898853e-03	3.408395e-03	-1.432715e-02	-1.191745e-03	2.931040e-02	1.346346e-02	1.584695e-02
316           	8.011553e-03	-1.032167e-02	1.833322e-02	-9.809301e-04	2.917940e-03	-3.898870e-03	3.408405e-03	-1.432745e-02	-1.191532e-03	2.931115e-02	1.346404e-02	1.584711e-02
317           	8.011747e-03	-1.032187e-02	1.833362e-02	-9.809729e-04	2.917922e-03	-3.898895e-03	3.408408e-03	-1.432775e-02	-1.191327e-03	2.931192e-02	1.346463e-02	1.584729e-02
318           	8.011987e-03	-1.032206e-02	1.833405e-02	-9.810493e-04	2.917879e-03	-3.898928e-03	3.408404e-03	-1.432805e-02	-1.191130e-03	2.931274e-02	1.346524e-02	1.584750e-02
319           	8.012286e-03	-1.032222e-02	1.833451e-02	-9.811626e-04	2.917809e-03	-3.898972e-03	3.408391e-03	-1.432837e-02	-1.190944e-03	2.931359e-02	1.346585e-02	1.584774e-02
320           	8.012818e-03	-1.032228e-02	1.833509e-02	-9.813450e-04	2.917690e-03	-3.899035e-03	3.408363e-03	-1.432869e-02	-1.190790e-03	2.931459e-02	1.346650e-02	1.584808e-02
321           	8.012865e-03	-1.032257e-02	1.833543e-02	-9.814187e-04	2.917648e-03	-3.899066e-03	3.408357e-03	-1.432900e-02	-1.190574e-03	2.931529e-02	1.346707e-02	1.584822e-02
322           	8.013009e-03	-1.032281e-02	1.833582e-02	-9.815258e-04	2.917581e-03	-3.899107e-03	3.408344e-03	-1.432931e-02	-1.190365e-03	2.931600e-02	1.346764e-02	1.584837e-02
323           	8.013287e-03	-1.032298e-02	1.833627e-02	-9.816500e-04	2.917501e-03	-3.899151e-03	3.408326e-03	-1.432963e-02	-1.190179e-03	2.931681e-02	1.346823e-02	1.584859e-02
324           	8.013201e-03	-1.032333e-02	1.833653e-02	-9.816625e-04	2.917500e-03	-3.899162e-03	3.408331e-03	-1.432993e-02	-1.189943e-03	2.931735e-02	1.346873e-02	1.584862e-02
325           	8.013126e-03	-1.032367e-02	1.833679e-02	-9.816549e-04	2.917511e-03	-3.899165e-03	3.408338e-03	-1.433023e-02	-1.189711e-03	2.931789e-02	1.346923e-02	1.584865e-02
326           	8.013020e-03	-1.032402e-02	1.833704e-02	-9.816060e-04	2.917550e-03	-3.899156e-03	3.408353e-03	-1.433053e-02	-1.189479e-03	2.931840e-02	1.346972e-02	1.584868e-02
327           	8.012873e-03	-1.032438e-02	1.833726e-02	-9.815148e-04	2.917618e-03	-3.899133e-03	3.408375e-03	-1.433082e-02	-1.189248e-03	2.931889e-02	1.347019e-02	1.584869e-02
328           	8.012688e-03	-1.032476e-02	1.833745e-02	-9.813861e-04	2.917713e-03	-3.899099e-03	3.408406e-03	-1.433111e-02	-1.189017e-03	2.931935e-02	1.347066e-02	1.584869e-02
329           	8.012340e-03	-1.032523e-02	1.833757e-02	-9.812029e-04	2.917848e-03	-3.899050e-03	3.408449e-03	-1.433140e-02	-1.188761e-03	2.931973e-02	1.347110e-02	1.584863e-02
330           	8.012357e-03	-1.032550e-02	1.833786e-02	-9.811050e-04	2.917922e-03	-3.899027e-03	3.408475e-03	-1.433168e-02	-1.188555e-03	2.932028e-02	1.347159e-02	1.584870e-02
331           	8.012291e-03	-1.032582e-02	1.833811e-02	-9.809893e-04	2.918011e-03	-3.899000e-03	3.408506e-03	-1.433197e-02	-1.188345e-03	2.932082e-02	1.347206e-02	1.584875e-02
332           	8.012196e-03	-1.032615e-02	1.833835e-02	-9.808838e-04	2.918094e-03	-3.898978e-03	3.408536e-03	-1.433225e-02	-1.188133e-03	2.932135e-02	1.347254e-02	1.584881e-02
333           	8.012078e-03	-1.032650e-02	1.833858e-02	-9.807967e-04	2.918166e-03	-3.898963e-03	3.408564e-03	-1.433254e-02	-1.187919e-03	2.932186e-02	1.347301e-02	1.584885e-02
334           	8.011800e-03	-1.032693e-02	1.833873e-02	-9.807052e-04	2.918242e-03	-3.898947e-03	3.408595e-03	-1.433283e-02	-1.187675e-03	2.932226e-02	1.347346e-02	1.584881e-02
335           	8.011961e-03	-1.032713e-02	1.833909e-02	-9.807493e-04	2.918223e-03	-3.898972e-03	3.408597e-03	-1.433311e-02	-1.187508e-03	2.932296e-02	1.347397e-02	1.584899e-02
336           	8.012124e-03	-1.032733e-02	1.833946e-02	-9.808103e-04	2.918193e-03	-3.899003e-03	3.408598e-03	-1.433340e-02	-1.187345e-03	2.932367e-02	1.347449e-02	1.584918e-02
337           	8.012345e-03	-1.032751e-02	1.833985e-02	-9.809063e-04	2.918137e-03	-3.899043e-03	3.408590e-03	-1.433368e-02	-1.187191e-03	2.932440e-02	1.347501e-02	1.584939e-02
338           	8.012614e-03	-1.032766e-02	1.834027e-02	-9.810360e-04	2.918056e-03	-3.899092e-03	3.408574e-03	-1.433397e-02	-1.187048e-03	2.932515e-02	1.347553e-02	1.584962e-02
339           	8.012946e-03	-1.032778e-02	1.834072e-02	-9.811962e-04	2.917952e-03	-3.899148e-03	3.408550e-03	-1.433425e-02	-1.186915e-03	2.932593e-02	1.347605e-02	1.584988e-02
340           	8.013537e-03	-1.032777e-02	1.834131e-02	-9.814199e-04	2.917801e-03	-3.899221e-03	3.408511e-03	-1.433454e-02	-1.186818e-03	2.932687e-02	1.347661e-02	1.585025e-02
341           	8.013561e-03	-1.032804e-02	1.834160e-02	-9.815021e-04	2.917749e-03	-3.899251e-03	3.408500e-03	-1.433482e-02	-1.186652e-03	2.932747e-02	1.347708e-02	1.585038e-02
342           	8.013793e-03	-1.032821e-02	1.834200e-02	-9.816277e-04	2.917665e-03	-3.899293e-03	3.408479e-03	-1.433511e-02	-1.186509e-03	2.932816e-02	1.347757e-02	1.585059e-02
343           	8.013702e-03	-1.032854e-02	1.834224e-02	-9.816500e-04	2.917653e-03	-3.899303e-03	3.408478e-03	-1.433539e-02	-1.186319e-03	2.932863e-02	1.347800e-02	1.585064e-02
344           	8.013635e-03	-1.032885e-02	1.834248e-02	-9.816518e-04	2.917655e-03	-3.899307e-03	3.408481e-03	-1.433566e-02	-1.186132e-03	2.932910e-02	1.347842e-02	1.585068e-02
345           	8.013536e-03	-1.032917e-02	1.834271e-02	-9.816112e-04	2.917685e-03	-3.899296e-03	3.408491e-03	-1.433594e-02	-1.185945e-03	2.932955e-02	1.347883e-02	1.585072e-02
346           	8.013408e-03	-1.032951e-02	1.834292e-02	-9.815280e-04	2.917744e-03	-3.899272e-03	3.408508e-03	-1.433621e-02	-1.185759e-03	2.932998e-02	1.347923e-02	1.585075e-02
347           	8.013250e-03	-1.032986e-02	1.834311e-02	-9.814080e-04	2.917830e-03	-3.899238e-03	3.408534e-03	-1.433648e-02	-1.185572e-03	2.933040e-02	1.347963e-02	1.585077e-02
348           	8.013060e-03	-1.033022e-02	1.834328e-02	-9.812606e-04	2.917936e-03	-3.899197e-03	3.408566e-03	-1.433675e-02	-1.185384e-03	2.933081e-02	1.348002e-02	1.585079e-02
349           	8.012713e-03	-1.033067e-02	1.834338e-02	-9.810702e-04	2.918074e-03	-3.899144e-03	3.408609e-03	-1.433702e-02	-1.185176e-03	2.933115e-02	1.348040e-02	1.585075e-02
350           	8.012753e-03	-1.033091e-02	1.834367e-02	-9.809818e-04	2.918141e-03	-3.899123e-03	3.408632e-03	-1.433729e-02	-1.185008e-03	2.933164e-02	1.348081e-02	1.585083e-02
351           	8.012732e-03	-1.033119e-02	1.834392e-02	-9.808891e-04	2.918213e-03	-3.899102e-03	3.408657e-03	-1.433755e-02	-1.184838e-03	2.933211e-02	1.348122e-02	1.585089e-02
352           	8.012693e-03	-1.033147e-02	1.834416e-02	-9.808180e-04	2.918270e-03	-3.899088e-03	3.408679e-03	-1.433782e-02	-1.184668e-03	2.933257e-02	1.348162e-02	1.585096e-02
353           	8.012645e-03	-1.033176e-02	1.834440e-02	-9.807745e-04	2.918310e-03	-3.899084e-03	3.408697e-03	-1.433808e-02	-1.184498e-03	2.933303e-02	1.348202e-02	1.585101e-02
354           	8.012586e-03	-1.033204e-02	1.834463e-02	-9.807583e-04	2.918331e-03	-3.899089e-03	3.408710e-03	-1.433834e-02	-1.184328e-03	2.933348e-02	1.348241e-02	1.585107e-02
355           	8.012458e-03	-1.033237e-02	1.834483e-02	-9.807523e-04	2.918346e-03	-3.899098e-03	3.408722e-03	-1.433860e-02	-1.184136e-03	2.933385e-02	1.348279e-02	1.585106e-02
356           	8.012616e-03	-1.033255e-02	1.834516e-02	-9.808351e-04	2.918297e-03	-3.899132e-03	3.408714e-03	-1.433886e-02	-1.184012e-03	2.933446e-02	1.348322e-02	1.585124e-02
357           	8.012809e-03	-1.033270e-02	1.834551e-02	-9.809319e-04	2.918238e-03	-3.899170e-03	3.408704e-03	-1.433911e-02	-1.183895e-03	2.933509e-02	1.348365e-02	1.585144e-02
358           	8.013047e-03	-1.033283e-02	1.834588e-02	-9.810506e-04	2.918162e-03	-3.899212e-03	3.408687e-03	-1.433936e-02	-1.183790e-03	2.933574e-02	1.348408e-02	1.585166e-02
359           	8.013349e-03	-1.033293e-02	1.834628e-02	-9.811909e-04	2.918069e-03	-3.899260e-03	3.408664e-03	-1.433960e-02	-1.183698e-03	2.933642e-02	1.348451e-02	1.585191e-02
360           	8.013896e-03	-1.033290e-02	1.834680e-02	-9.813862e-04	2.917934e-03	-3.899320e-03	3.408627e-03	-1.433985e-02	-1.183640e-03	2.933725e-02	1.348498e-02	1.585226e-02
361           	8.013922e-03	-1.033311e-02	1.834703e-02	-9.814448e-04	2.917893e-03	-3.899338e-03	3.408615e-03	-1.434007e-02	-1.183527e-03	2.933774e-02	1.348534e-02	1.585240e-02
362           	8.014142e-03	-1.033321e-02	1.834735e-02	-9.815401e-04	2.917825e-03	-3.899365e-03	3.408595e-03	-1.434028e-02	-1.183442e-03	2.933831e-02	1.348571e-02	1.585260e-02
363           	8.014055e-03	-1.033343e-02	1.834749e-02	-9.815371e-04	2.917827e-03	-3.899364e-03	3.408595e-03	-1.434046e-02	-1.183317e-03	2.933862e-02	1.348599e-02	1.585263e-02
364           	8.013994e-03	-1.033364e-02	1.834763e-02	-9.815229e-04	2.917837e-03	-3.899360e-03	3.408598e-03	-1.434063e-02	-1.183201e-03	2.933891e-02	1.348625e-02	1.585265e-02
365           	8.013915e-03	-1.033384e-02	1.834775e-02	-9.814821e-04	2.917865e-03	-3.899347e-03	3.408606e-03	-1.434080e-02	-1.183093e-03	2.933916e-02	1.348649e-02	1.585267e-02
366           	8.013813e-03	-1.033404e-02	1.834786e-02	-9.814157e-04	2.917912e-03	-3.899328e-03	3.408620e-03	-1.434095e-02	-1.182993e-03	2.933938e-02	1.348669e-02	1.585268e-02
367           	8.013688e-03	-1.033425e-02	1.834794e-02	-9.813289e-04	2.917973e-03	-3.899302e-03	3.408638e-03	-1.434109e-02	-1.182903e-03	2.933956e-02	1.348688e-02	1.585268e-02
368           	8.013537e-03	-1.033447e-02	1.834801e-02	-9.812248e-04	2.918047e-03	-3.899272e-03	3.408660e-03	-1.434124e-02	-1.182809e-03	2.933974e-02	1.348706e-02	1.585268e-02
369           	8.013357e-03	-1.033471e-02	1.834807e-02	-9.811112e-04	2.918129e-03	-3.899241e-03	3.408685e-03	-1.434139e-02	-1.182716e-03	2.933990e-02	1.348723e-02	1.585267e-02
