# Force and moment coefficients
# dragDir     : (1.000000e+00 0.000000e+00 0.000000e+00)
# sideDir     : (0.000000e+00 1.000000e+00 0.000000e+00)
# liftDir     : (0.000000e+00 0.000000e+00 1.000000e+00)
# rollAxis    : (1.000000e+00 0.000000e+00 0.000000e+00)
# pitchAxis   : (0.000000e+00 1.000000e+00 0.000000e+00)
# yawAxis     : (0.000000e+00 0.000000e+00 1.000000e+00)
# magUInf     : 6.661800e+00
# lRef        : 1.499270e-01
# Aref        : 5.000000e-02
# CofR        : (0.000000e+00 0.000000e+00 0.000000e+00)
#
# Time        	Cd            	Cd(f)         	Cd(r)         	Cl            	Cl(f)         	Cl(r)         	CmPitch       	CmRoll        	CmYaw         	Cs            	Cs(f)         	Cs(r)         
1             	4.625434e-01	2.283381e-01	2.342053e-01	-1.609231e-02	3.829466e-01	-3.990389e-01	3.909927e-01	-2.933570e-03	9.947889e-04	3.522691e-03	2.756134e-03	7.665565e-04
2             	3.424360e-01	1.687560e-01	1.736800e-01	-1.992228e-02	2.801946e-01	-3.001169e-01	2.901558e-01	-2.461965e-03	8.288212e-04	2.998013e-03	2.327828e-03	6.701854e-04
3             	2.624985e-01	1.297507e-01	1.327478e-01	-1.947608e-02	2.124716e-01	-2.319477e-01	2.222097e-01	-1.498546e-03	5.044094e-04	1.832531e-03	1.420675e-03	4.118560e-04
4             	2.022156e-01	1.007086e-01	1.015070e-01	-1.608996e-02	1.622005e-01	-1.782905e-01	1.702455e-01	-3.992110e-04	1.537015e-04	4.708667e-04	3.891348e-04	8.173188e-05
5             	1.538057e-01	7.743484e-02	7.637089e-02	-1.120026e-02	1.225123e-01	-1.337126e-01	1.281125e-01	5.319720e-04	-1.062854e-04	-6.832760e-04	-4.479234e-04	-2.353526e-04
6             	1.152298e-01	5.870643e-02	5.652336e-02	-6.117107e-03	9.137330e-02	-9.749041e-02	9.443185e-02	1.091536e-03	-2.029189e-04	-1.359289e-03	-8.825633e-04	-4.767254e-04
7             	8.618754e-02	4.429940e-02	4.188814e-02	-1.801494e-03	6.825992e-02	-7.006141e-02	6.916066e-02	1.205629e-03	-1.187706e-04	-1.455183e-03	-8.463621e-04	-6.088208e-04
8             	6.632010e-02	3.408348e-02	3.223662e-02	1.212522e-03	5.267869e-02	-5.146617e-02	5.207243e-02	9.234275e-04	1.105588e-04	-1.034157e-03	-4.065198e-04	-6.276373e-04
9             	5.455842e-02	2.766056e-02	2.689785e-02	2.793587e-03	4.362619e-02	-4.083260e-02	4.222940e-02	3.813530e-04	4.145098e-04	-2.779484e-04	2.755356e-04	-5.534840e-04
10            	4.918074e-02	2.434460e-02	2.483615e-02	3.112266e-03	3.962558e-02	-3.651331e-02	3.806945e-02	-2.457750e-04	7.099525e-04	5.779063e-04	9.989056e-04	-4.209994e-04
11            	4.811609e-02	2.326609e-02	2.485000e-02	2.517809e-03	3.896322e-02	-3.644541e-02	3.770431e-02	-7.919516e-04	9.236194e-04	1.309014e-03	1.578127e-03	-2.691123e-04
12            	4.933954e-02	2.353103e-02	2.580851e-02	1.415907e-03	3.999761e-02	-3.858170e-02	3.928965e-02	-1.138740e-03	1.011691e-03	1.755830e-03	1.889606e-03	-1.337764e-04
13            	5.118185e-02	2.435639e-02	2.682546e-02	1.742930e-04	4.140021e-02	-4.122592e-02	4.131306e-02	-1.234536e-03	9.644649e-04	1.848298e-03	1.888614e-03	-4.031603e-05
14            	5.250375e-02	2.515772e-02	2.734602e-02	-9.348585e-04	4.228510e-02	-4.321995e-02	4.275253e-02	-1.094150e-03	8.053318e-04	1.609224e-03	1.609944e-03	-7.199651e-07
15            	5.273343e-02	2.558258e-02	2.715085e-02	-1.756742e-03	4.223081e-02	-4.398755e-02	4.310918e-02	-7.841318e-04	5.810720e-04	1.134387e-03	1.148266e-03	-1.387855e-05
16            	5.178587e-02	2.549388e-02	2.629198e-02	-2.245961e-03	4.120960e-02	-4.345556e-02	4.233258e-02	-3.990504e-04	3.473837e-04	5.590735e-04	6.269205e-04	-6.784698e-05
17            	4.990825e-02	2.491970e-02	2.498855e-02	-2.438307e-03	3.945487e-02	-4.189318e-02	4.067403e-02	-3.442750e-05	1.547884e-04	2.110229e-05	1.653395e-04	-1.442372e-04
18            	4.751856e-02	2.399255e-02	2.352601e-02	-2.416935e-03	3.732820e-02	-3.974514e-02	3.853667e-02	2.332682e-04	3.874904e-05	-3.688102e-04	-1.456561e-04	-2.231542e-04
19            	4.504948e-02	2.288652e-02	2.216296e-02	-2.278523e-03	3.519163e-02	-3.747016e-02	3.633089e-02	3.617796e-04	1.233332e-05	-5.491891e-04	-2.622612e-04	-2.869279e-04
20            	4.283733e-02	2.176450e-02	2.107283e-02	-2.107547e-03	3.331856e-02	-3.542611e-02	3.437234e-02	3.458311e-04	6.757754e-05	-5.117953e-04	-1.883201e-04	-3.234752e-04
21            	4.107138e-02	2.074799e-02	2.032339e-02	-1.962296e-03	3.185522e-02	-3.381752e-02	3.283637e-02	2.122984e-04	1.797485e-04	-2.957972e-04	3.184988e-05	-3.276471e-04
22            	3.978855e-02	1.990372e-02	1.988483e-02	-1.870651e-03	3.081940e-02	-3.269005e-02	3.175473e-02	9.447146e-06	3.149155e-04	2.744605e-05	3.286386e-04	-3.011925e-04
23            	3.890879e-02	1.924702e-02	1.966177e-02	-1.834697e-03	3.013232e-02	-3.196701e-02	3.104966e-02	-2.073791e-04	4.388823e-04	3.748583e-04	6.263114e-04	-2.514531e-04
24            	3.828171e-02	1.875277e-02	1.952894e-02	-1.838831e-03	2.965847e-02	-3.149730e-02	3.057789e-02	-3.880825e-04	5.236574e-04	6.699036e-04	8.586092e-04	-1.887056e-04
25            	3.774540e-02	1.837398e-02	1.937143e-02	-1.860485e-03	2.925582e-02	-3.111630e-02	3.018606e-02	-4.987249e-04	5.542774e-04	8.592743e-04	9.839145e-04	-1.246403e-04
26            	3.717089e-02	1.806053e-02	1.911036e-02	-1.879007e-03	2.881212e-02	-3.069112e-02	2.975162e-02	-5.249157e-04	5.284272e-04	9.181352e-04	9.874948e-04	-6.935964e-05
27            	3.648255e-02	1.776980e-02	1.871275e-02	-1.880650e-03	2.826225e-02	-3.014290e-02	2.920257e-02	-4.714729e-04	4.553315e-04	8.509587e-04	8.808108e-04	-2.985211e-05
28            	3.566442e-02	1.747379e-02	1.819064e-02	-1.860804e-03	2.759295e-02	-2.945376e-02	2.852335e-02	-3.584260e-04	3.522743e-04	6.859766e-04	6.952627e-04	-9.286027e-06
29            	3.475147e-02	1.716134e-02	1.759013e-02	-1.823283e-03	2.683492e-02	-2.865821e-02	2.774657e-02	-2.143962e-04	2.398086e-04	4.655480e-04	4.725826e-04	-7.034646e-06
30            	3.381083e-02	1.683590e-02	1.697493e-02	-1.777637e-03	2.604636e-02	-2.782400e-02	2.693518e-02	-6.951690e-05	1.376151e-04	2.361416e-04	2.556859e-04	-1.954429e-05
31            	3.291670e-02	1.650956e-02	1.640714e-02	-1.735128e-03	2.529172e-02	-2.702685e-02	2.615928e-02	5.120870e-05	6.000149e-05	3.768124e-05	7.884211e-05	-4.116087e-05
32            	3.213052e-02	1.619713e-02	1.593340e-02	-1.705422e-03	2.462487e-02	-2.633029e-02	2.547758e-02	1.318659e-04	1.420427e-05	-1.025983e-04	-3.709490e-05	-6.550344e-05
33            	3.148904e-02	1.591165e-02	1.557739e-02	-1.694427e-03	2.407880e-02	-2.577322e-02	2.492601e-02	1.671336e-04	1.414938e-07	-1.731961e-04	-8.645654e-05	-8.673953e-05
34            	3.099943e-02	1.566124e-02	1.533819e-02	-1.703356e-03	2.366120e-02	-2.536456e-02	2.451288e-02	1.615285e-04	1.163387e-05	-1.778048e-04	-7.726854e-05	-1.005363e-04
35            	3.064179e-02	1.544735e-02	1.519444e-02	-1.729054e-03	2.335652e-02	-2.508558e-02	2.422105e-02	1.264571e-04	3.886777e-05	-1.314843e-04	-2.687440e-05	-1.046099e-04
36            	3.037742e-02	1.526549e-02	1.511194e-02	-1.765304e-03	2.313287e-02	-2.489817e-02	2.401552e-02	7.677328e-05	7.093187e-05	-5.577754e-05	4.304310e-05	-9.882064e-05
37            	3.015950e-02	1.510686e-02	1.505264e-02	-1.804573e-03	2.295093e-02	-2.475551e-02	2.385322e-02	2.711442e-05	9.823218e-05	2.672789e-05	1.115961e-04	-8.486823e-05
38            	2.994370e-02	1.496087e-02	1.498283e-02	-1.839787e-03	2.277310e-02	-2.461289e-02	2.369300e-02	-1.098097e-05	1.141962e-04	9.696028e-05	1.626764e-04	-6.571610e-05
39            	2.969671e-02	1.481762e-02	1.487909e-02	-1.865725e-03	2.257064e-02	-2.443637e-02	2.350351e-02	-3.073088e-05	1.160249e-04	1.422884e-04	1.871691e-04	-4.488072e-05
40            	2.940069e-02	1.466977e-02	1.473092e-02	-1.879760e-03	2.232762e-02	-2.420737e-02	2.326750e-02	-3.057723e-05	1.046057e-04	1.577357e-04	1.834735e-04	-2.573788e-05
41            	2.905386e-02	1.451351e-02	1.454035e-02	-1.881947e-03	2.204158e-02	-2.392352e-02	2.298255e-02	-1.342231e-05	8.359043e-05	1.453352e-04	1.562580e-04	-1.092282e-05
42            	2.866760e-02	1.434865e-02	1.431894e-02	-1.874527e-03	2.172133e-02	-2.359585e-02	2.265859e-02	1.485585e-05	5.810414e-05	1.122754e-04	1.142418e-04	-1.966459e-06
43            	2.826166e-02	1.417806e-02	1.408360e-02	-1.861106e-03	2.138298e-02	-2.324408e-02	2.231353e-02	4.722963e-05	3.335570e-05	6.837271e-05	6.754205e-05	8.306568e-07
44            	2.785854e-02	1.400648e-02	1.385206e-02	-1.845711e-03	2.104529e-02	-2.289100e-02	2.196814e-02	7.720945e-05	1.350082e-05	2.355596e-05	2.527880e-05	-1.722839e-06
45            	2.747838e-02	1.383928e-02	1.363910e-02	-1.831932e-03	2.072538e-02	-2.255731e-02	2.164134e-02	1.000921e-04	9.197762e-07	-1.416963e-05	-6.165040e-06	-8.004593e-06
46            	2.713529e-02	1.368126e-02	1.345403e-02	-1.822314e-03	2.043555e-02	-2.225787e-02	2.134671e-02	1.136131e-04	-4.011193e-06	-3.997193e-05	-2.399716e-05	-1.597477e-05
47            	2.683565e-02	1.353577e-02	1.329988e-02	-1.818080e-03	2.018177e-02	-2.199985e-02	2.109081e-02	1.179494e-04	-2.665798e-06	-5.252432e-05	-2.892796e-05	-2.359636e-05
48            	2.657811e-02	1.340426e-02	1.317385e-02	-1.819145e-03	1.996352e-02	-2.178266e-02	2.087309e-02	1.152075e-04	2.426139e-06	-5.355458e-05	-2.435115e-05	-2.920343e-05
49            	2.635527e-02	1.328626e-02	1.306901e-02	-1.824400e-03	1.977510e-02	-2.159950e-02	2.068730e-02	1.086227e-04	8.296310e-06	-4.688264e-05	-1.514501e-05	-3.173763e-05
50            	2.615612e-02	1.317969e-02	1.297643e-02	-1.832130e-03	1.960760e-02	-2.143973e-02	2.052366e-02	1.016304e-04	1.228385e-05	-3.716560e-05	-6.298949e-06	-3.086666e-05
51            	2.596876e-02	1.308145e-02	1.288731e-02	-1.840467e-03	1.945111e-02	-2.129157e-02	2.037134e-02	9.707379e-05	1.258487e-05	-2.872547e-05	-1.777869e-06	-2.694760e-05
52            	2.578276e-02	1.298807e-02	1.279469e-02	-1.847787e-03	1.929675e-02	-2.114453e-02	2.022064e-02	9.669178e-05	8.523536e-06	-2.468763e-05	-3.820282e-06	-2.086735e-05
53            	2.559084e-02	1.289635e-02	1.269449e-02	-1.852980e-03	1.913810e-02	-2.099108e-02	2.006459e-02	1.009274e-04	5.475442e-07	-2.652639e-05	-1.271565e-05	-1.381074e-05
54            	2.538960e-02	1.280383e-02	1.258577e-02	-1.855565e-03	1.897188e-02	-2.082745e-02	1.989966e-02	1.090307e-04	-9.997572e-06	-3.402323e-05	-2.700919e-05	-7.014044e-06
55            	2.517936e-02	1.270911e-02	1.247026e-02	-1.855666e-03	1.879795e-02	-2.065362e-02	1.972578e-02	1.194240e-04	-2.128617e-05	-4.562829e-05	-4.410031e-05	-1.527978e-06
56            	2.496339e-02	1.261186e-02	1.235154e-02	-1.853869e-03	1.861867e-02	-2.047254e-02	1.954561e-02	1.301590e-04	-3.144604e-05	-5.899879e-05	-6.094544e-05	1.946644e-06
57            	2.474668e-02	1.251274e-02	1.223393e-02	-1.851027e-03	1.843799e-02	-2.028902e-02	1.936351e-02	1.394056e-04	-3.897662e-05	-7.165395e-05	-7.480360e-05	3.149644e-06
58            	2.453461e-02	1.241316e-02	1.212145e-02	-1.848045e-03	1.826036e-02	-2.010840e-02	1.918438e-02	1.458517e-04	-4.304175e-05	-8.156151e-05	-8.382250e-05	2.260990e-06
59            	2.433190e-02	1.231486e-02	1.201703e-02	-1.845696e-03	1.808980e-02	-1.993550e-02	1.901265e-02	1.489162e-04	-4.357914e-05	-8.751207e-05	-8.733518e-05	-1.768964e-07
60            	2.414176e-02	1.221967e-02	1.192209e-02	-1.844505e-03	1.792922e-02	-1.977373e-02	1.885148e-02	1.487906e-04	-4.124870e-05	-8.928675e-05	-8.589208e-05	-3.394675e-06
61            	2.396557e-02	1.212910e-02	1.183647e-02	-1.844691e-03	1.778007e-02	-1.962477e-02	1.870242e-02	1.463126e-04	-3.723709e-05	-8.758279e-05	-8.102849e-05	-6.554301e-06
62            	2.380293e-02	1.204419e-02	1.175874e-02	-1.846187e-03	1.764231e-02	-1.948850e-02	1.856540e-02	1.427241e-04	-3.298590e-05	-8.376826e-05	-7.487003e-05	-8.898233e-06
63            	2.365197e-02	1.196536e-02	1.168661e-02	-1.848703e-03	1.751466e-02	-1.936337e-02	1.843901e-02	1.393750e-04	-2.988737e-05	-7.952455e-05	-6.964965e-05	-9.874908e-06
64            	2.350998e-02	1.189243e-02	1.161755e-02	-1.851818e-03	1.739504e-02	-1.924686e-02	1.832095e-02	1.374421e-04	-2.902863e-05	-7.647713e-05	-6.726719e-05	-9.209937e-06
65            	2.337394e-02	1.182467e-02	1.154927e-02	-1.855078e-03	1.728102e-02	-1.913610e-02	1.820856e-02	1.377012e-04	-3.099571e-05	-7.586158e-05	-6.892650e-05	-6.935081e-06
66            	2.324111e-02	1.176098e-02	1.148013e-02	-1.858087e-03	1.717028e-02	-1.902837e-02	1.809933e-02	1.404252e-04	-3.582260e-05	-7.833430e-05	-7.498975e-05	-3.344547e-06
67            	2.310940e-02	1.170007e-02	1.140933e-02	-1.860557e-03	1.706096e-02	-1.892151e-02	1.799124e-02	1.453717e-04	-4.301646e-05	-8.389355e-05	-8.496323e-05	1.069682e-06
68            	2.297754e-02	1.164065e-02	1.133689e-02	-1.862342e-03	1.695181e-02	-1.881415e-02	1.788298e-02	1.518773e-04	-5.168765e-05	-9.194361e-05	-9.765945e-05	5.715848e-06
69            	2.284513e-02	1.158158e-02	1.126355e-02	-1.863433e-03	1.684229e-02	-1.870573e-02	1.777401e-02	1.590174e-04	-6.074096e-05	-1.014652e-04	-1.114736e-04	1.000836e-05
70            	2.271250e-02	1.152204e-02	1.119046e-02	-1.863930e-03	1.673249e-02	-1.859642e-02	1.766445e-02	1.657929e-04	-6.907000e-05	-1.112353e-04	-1.246876e-04	1.345235e-05
71            	2.258045e-02	1.146153e-02	1.111891e-02	-1.864005e-03	1.662290e-02	-1.848690e-02	1.755490e-02	1.713104e-04	-7.573173e-05	-1.200434e-04	-1.357535e-04	1.571001e-05
72            	2.245002e-02	1.139994e-02	1.105007e-02	-1.863855e-03	1.651430e-02	-1.837815e-02	1.744623e-02	1.749332e-04	-8.010305e-05	-1.269259e-04	-1.435660e-04	1.664012e-05
73            	2.232225e-02	1.133747e-02	1.098477e-02	-1.863666e-03	1.640753e-02	-1.827119e-02	1.733936e-02	1.763517e-04	-8.193003e-05	-1.312749e-04	-1.475675e-04	1.629255e-05
74            	2.219797e-02	1.127459e-02	1.092339e-02	-1.863583e-03	1.630332e-02	-1.816690e-02	1.723511e-02	1.756016e-04	-8.133348e-05	-1.329036e-04	-1.477853e-04	1.488167e-05
75            	2.207774e-02	1.121190e-02	1.086585e-02	-1.863696e-03	1.620221e-02	-1.806591e-02	1.713406e-02	1.730245e-04	-7.876551e-05	-1.320452e-04	-1.447881e-04	1.274290e-05
76            	2.196177e-02	1.115007e-02	1.081170e-02	-1.864041e-03	1.610450e-02	-1.796854e-02	1.703652e-02	1.691817e-04	-7.489454e-05	-1.292565e-04	-1.395228e-04	1.026631e-05
77            	2.184996e-02	1.108972e-02	1.076024e-02	-1.864600e-03	1.601024e-02	-1.787484e-02	1.694254e-02	1.647409e-04	-7.048549e-05	-1.252960e-04	-1.331335e-04	7.837494e-06
78            	2.174200e-02	1.103136e-02	1.071063e-02	-1.865325e-03	1.591928e-02	-1.778460e-02	1.685194e-02	1.603652e-04	-6.628001e-05	-1.209879e-04	-1.267740e-04	5.786055e-06
79            	2.163746e-02	1.097535e-02	1.066211e-02	-1.866149e-03	1.583135e-02	-1.769750e-02	1.676443e-02	1.566177e-04	-6.289525e-05	-1.170930e-04	-1.214417e-04	4.348756e-06
80            	2.153585e-02	1.092181e-02	1.061404e-02	-1.867002e-03	1.574611e-02	-1.761312e-02	1.667962e-02	1.538849e-04	-6.074009e-05	-1.141934e-04	-1.178368e-04	3.643395e-06
81            	2.143678e-02	1.087076e-02	1.056602e-02	-1.867829e-03	1.566323e-02	-1.753106e-02	1.659715e-02	1.523679e-04	-6.002647e-05	-1.126732e-04	-1.163631e-04	3.689873e-06
82            	2.133990e-02	1.082201e-02	1.051789e-02	-1.868592e-03	1.558241e-02	-1.745100e-02	1.651671e-02	1.520634e-04	-6.073399e-05	-1.126589e-04	-1.170634e-04	4.404544e-06
83            	2.124500e-02	1.077530e-02	1.046969e-02	-1.869273e-03	1.550342e-02	-1.737269e-02	1.643806e-02	1.528045e-04	-6.266069e-05	-1.140547e-04	-1.196880e-04	5.633343e-06
84            	2.115197e-02	1.073030e-02	1.042167e-02	-1.869874e-03	1.542611e-02	-1.729598e-02	1.636104e-02	1.543124e-04	-6.548008e-05	-1.165938e-04	-1.237770e-04	7.183165e-06
85            	2.106078e-02	1.068664e-02	1.037414e-02	-1.870407e-03	1.535038e-02	-1.722079e-02	1.628558e-02	1.562536e-04	-6.880457e-05	-1.199025e-04	-1.287558e-04	8.853307e-06
86            	2.097146e-02	1.064403e-02	1.032743e-02	-1.870893e-03	1.527620e-02	-1.714709e-02	1.621164e-02	1.582964e-04	-7.224747e-05	-1.235701e-04	-1.340325e-04	1.046241e-05
87            	2.088404e-02	1.060218e-02	1.028187e-02	-1.871353e-03	1.520355e-02	-1.707490e-02	1.613922e-02	1.601549e-04	-7.547264e-05	-1.272099e-04	-1.390776e-04	1.186770e-05
88            	2.079857e-02	1.056091e-02	1.023767e-02	-1.871807e-03	1.513243e-02	-1.700424e-02	1.606834e-02	1.616200e-04	-7.823012e-05	-1.305094e-04	-1.434848e-04	1.297542e-05
89            	2.071505e-02	1.052010e-02	1.019495e-02	-1.872265e-03	1.506284e-02	-1.693511e-02	1.599898e-02	1.625760e-04	-8.037075e-05	-1.332516e-04	-1.469966e-04	1.374493e-05
90            	2.063345e-02	1.047972e-02	1.015373e-02	-1.872732e-03	1.499476e-02	-1.686750e-02	1.593113e-02	1.629947e-04	-8.184483e-05	-1.353249e-04	-1.495073e-04	1.418239e-05
91            	2.055371e-02	1.043977e-02	1.011393e-02	-1.873203e-03	1.492816e-02	-1.680137e-02	1.586476e-02	1.629205e-04	-8.268737e-05	-1.367149e-04	-1.510448e-04	1.432992e-05
92            	2.047575e-02	1.040033e-02	1.007542e-02	-1.873674e-03	1.486300e-02	-1.673667e-02	1.579984e-02	1.624519e-04	-8.299794e-05	-1.374890e-04	-1.517424e-04	1.425344e-05
93            	2.039950e-02	1.036146e-02	1.003804e-02	-1.874136e-03	1.479923e-02	-1.667337e-02	1.573630e-02	1.617128e-04	-8.291384e-05	-1.377694e-04	-1.517986e-04	1.402912e-05
94            	2.032487e-02	1.032326e-02	1.000160e-02	-1.874584e-03	1.473682e-02	-1.661140e-02	1.567411e-02	1.608304e-04	-8.258104e-05	-1.377013e-04	-1.514317e-04	1.373037e-05
95            	2.025179e-02	1.028581e-02	9.965978e-03	-1.875012e-03	1.467571e-02	-1.655073e-02	1.561322e-02	1.599153e-04	-8.213388e-05	-1.374282e-04	-1.508480e-04	1.341980e-05
96            	2.018021e-02	1.024915e-02	9.931054e-03	-1.875421e-03	1.461590e-02	-1.649132e-02	1.555361e-02	1.590499e-04	-8.167992e-05	-1.370729e-04	-1.502164e-04	1.314346e-05
97            	2.011010e-02	1.021333e-02	9.896765e-03	-1.875811e-03	1.455734e-02	-1.643315e-02	1.549525e-02	1.582844e-04	-8.129358e-05	-1.367287e-04	-1.496579e-04	1.292923e-05
98            	2.004144e-02	1.017836e-02	9.863083e-03	-1.876188e-03	1.450003e-02	-1.637622e-02	1.543812e-02	1.576376e-04	-8.101262e-05	-1.364502e-04	-1.492377e-04	1.278752e-05
99            	1.997423e-02	1.014421e-02	9.830013e-03	-1.876556e-03	1.444395e-02	-1.632051e-02	1.538223e-02	1.571003e-04	-8.084266e-05	-1.362589e-04	-1.489721e-04	1.271320e-05
100           	1.990845e-02	1.011087e-02	9.797580e-03	-1.876923e-03	1.438909e-02	-1.626601e-02	1.532755e-02	1.566443e-04	-8.076381e-05	-1.361475e-04	-1.488376e-04	1.269006e-05
101           	1.984411e-02	1.007829e-02	9.765819e-03	-1.877293e-03	1.433544e-02	-1.621273e-02	1.527408e-02	1.562341e-04	-8.074347e-05	-1.360921e-04	-1.487895e-04	1.269743e-05
102           	1.978118e-02	1.004642e-02	9.734759e-03	-1.877671e-03	1.428297e-02	-1.616064e-02	1.522181e-02	1.558323e-04	-8.074166e-05	-1.360577e-04	-1.487705e-04	1.271282e-05
103           	1.971966e-02	1.001524e-02	9.704424e-03	-1.878059e-03	1.423167e-02	-1.610973e-02	1.517070e-02	1.554058e-04	-8.071879e-05	-1.360065e-04	-1.487220e-04	1.271556e-05
104           	1.965950e-02	9.984681e-03	9.674821e-03	-1.878456e-03	1.418150e-02	-1.605995e-02	1.512072e-02	1.549298e-04	-8.064091e-05	-1.359045e-04	-1.485932e-04	1.268866e-05
105           	1.960067e-02	9.954725e-03	9.645947e-03	-1.878861e-03	1.413242e-02	-1.601128e-02	1.507185e-02	1.543885e-04	-8.048243e-05	-1.357244e-04	-1.483446e-04	1.262024e-05
106           	1.954313e-02	9.925339e-03	9.617786e-03	-1.879271e-03	1.408440e-02	-1.596367e-02	1.502404e-02	1.537766e-04	-8.022818e-05	-1.354482e-04	-1.479523e-04	1.250410e-05
107           	1.948682e-02	9.896505e-03	9.590310e-03	-1.879682e-03	1.403741e-02	-1.591709e-02	1.497725e-02	1.530971e-04	-7.987237e-05	-1.350672e-04	-1.474060e-04	1.233875e-05
108           	1.943170e-02	9.868206e-03	9.563491e-03	-1.880091e-03	1.399140e-02	-1.587149e-02	1.493145e-02	1.523576e-04	-7.941623e-05	-1.345798e-04	-1.467061e-04	1.212634e-05
109           	1.937773e-02	9.840432e-03	9.537298e-03	-1.880496e-03	1.394635e-02	-1.582685e-02	1.488660e-02	1.515672e-04	-7.886599e-05	-1.339889e-04	-1.458604e-04	1.187154e-05
110           	1.932488e-02	9.813174e-03	9.511703e-03	-1.880894e-03	1.390223e-02	-1.578312e-02	1.484267e-02	1.507356e-04	-7.823136e-05	-1.333015e-04	-1.448821e-04	1.158063e-05
111           	1.927311e-02	9.786424e-03	9.486682e-03	-1.881284e-03	1.385900e-02	-1.574029e-02	1.479965e-02	1.498712e-04	-7.752352e-05	-1.325262e-04	-1.437866e-04	1.126042e-05
112           	1.922239e-02	9.760178e-03	9.462216e-03	-1.881668e-03	1.381666e-02	-1.569833e-02	1.475750e-02	1.489813e-04	-7.675454e-05	-1.316733e-04	-1.425912e-04	1.091791e-05
113           	1.917272e-02	9.734432e-03	9.438289e-03	-1.882047e-03	1.377519e-02	-1.565724e-02	1.471621e-02	1.480716e-04	-7.593591e-05	-1.307529e-04	-1.413124e-04	1.055947e-05
114           	1.912407e-02	9.709183e-03	9.414889e-03	-1.882421e-03	1.373457e-02	-1.561699e-02	1.467578e-02	1.471466e-04	-7.507821e-05	-1.297753e-04	-1.399659e-04	1.019057e-05
115           	1.907643e-02	9.684425e-03	9.392005e-03	-1.882792e-03	1.369478e-02	-1.557758e-02	1.463618e-02	1.462100e-04	-7.419076e-05	-1.287500e-04	-1.385658e-04	9.815764e-06
116           	1.902978e-02	9.660156e-03	9.369627e-03	-1.883161e-03	1.365582e-02	-1.553899e-02	1.459741e-02	1.452644e-04	-7.328149e-05	-1.276856e-04	-1.371243e-04	9.438676e-06
117           	1.898411e-02	9.636357e-03	9.347750e-03	-1.883528e-03	1.361767e-02	-1.550120e-02	1.455944e-02	1.443038e-04	-7.234614e-05	-1.265794e-04	-1.356358e-04	9.056454e-06
118           	1.893940e-02	9.613042e-03	9.326356e-03	-1.883895e-03	1.358032e-02	-1.546422e-02	1.452227e-02	1.433431e-04	-7.140632e-05	-1.254551e-04	-1.341339e-04	8.678789e-06
119           	1.889564e-02	9.590206e-03	9.305434e-03	-1.884263e-03	1.354376e-02	-1.542803e-02	1.448589e-02	1.423861e-04	-7.046903e-05	-1.243221e-04	-1.326301e-04	8.308000e-06
120           	1.885282e-02	9.567846e-03	9.284978e-03	-1.884632e-03	1.350799e-02	-1.539262e-02	1.445030e-02	1.414337e-04	-6.954049e-05	-1.231908e-04	-1.311359e-04	7.945105e-06
121           	1.881092e-02	9.545949e-03	9.264969e-03	-1.885002e-03	1.347297e-02	-1.535797e-02	1.441547e-02	1.404901e-04	-6.862527e-05	-1.220675e-04	-1.296590e-04	7.591510e-06
122           	1.876990e-02	9.524509e-03	9.245392e-03	-1.885371e-03	1.343869e-02	-1.532406e-02	1.438137e-02	1.395585e-04	-6.772576e-05	-1.209562e-04	-1.282039e-04	7.247663e-06
123           	1.872976e-02	9.503527e-03	9.226230e-03	-1.885739e-03	1.340513e-02	-1.529087e-02	1.434800e-02	1.386482e-04	-6.685221e-05	-1.198687e-04	-1.267865e-04	6.917874e-06
124           	1.869046e-02	9.482979e-03	9.207479e-03	-1.886103e-03	1.337228e-02	-1.525838e-02	1.431533e-02	1.377504e-04	-6.599180e-05	-1.187934e-04	-1.253885e-04	6.595080e-06
125           	1.865199e-02	9.462858e-03	9.189128e-03	-1.886462e-03	1.334011e-02	-1.522658e-02	1.428335e-02	1.368650e-04	-6.514331e-05	-1.177306e-04	-1.240086e-04	6.278007e-06
126           	1.861432e-02	9.443152e-03	9.171171e-03	-1.886816e-03	1.330862e-02	-1.519544e-02	1.425203e-02	1.359905e-04	-6.430489e-05	-1.166793e-04	-1.226446e-04	5.965223e-06
127           	1.857744e-02	9.423840e-03	9.153604e-03	-1.887163e-03	1.327778e-02	-1.516494e-02	1.422136e-02	1.351181e-04	-6.346618e-05	-1.156299e-04	-1.212811e-04	5.651227e-06
128           	1.854135e-02	9.404928e-03	9.136420e-03	-1.887506e-03	1.324758e-02	-1.513509e-02	1.419133e-02	1.342542e-04	-6.263561e-05	-1.145914e-04	-1.199313e-04	5.339921e-06
129           	1.850602e-02	9.386405e-03	9.119611e-03	-1.887843e-03	1.321802e-02	-1.510587e-02	1.416194e-02	1.333970e-04	-6.181178e-05	-1.135624e-04	-1.185930e-04	5.030580e-06
130           	1.847144e-02	9.368263e-03	9.103174e-03	-1.888177e-03	1.318908e-02	-1.507726e-02	1.413317e-02	1.325444e-04	-6.099343e-05	-1.125415e-04	-1.172642e-04	4.722678e-06
131           	1.843759e-02	9.350490e-03	9.087100e-03	-1.888507e-03	1.316076e-02	-1.504926e-02	1.410501e-02	1.316949e-04	-6.017970e-05	-1.115273e-04	-1.159433e-04	4.416065e-06
132           	1.840446e-02	9.333079e-03	9.071383e-03	-1.888833e-03	1.313302e-02	-1.502185e-02	1.407744e-02	1.308478e-04	-5.937056e-05	-1.105189e-04	-1.146300e-04	4.111098e-06
133           	1.837204e-02	9.316022e-03	9.056016e-03	-1.889155e-03	1.310587e-02	-1.499502e-02	1.405044e-02	1.300027e-04	-5.856600e-05	-1.095159e-04	-1.133239e-04	3.808070e-06
134           	1.834030e-02	9.299311e-03	9.040991e-03	-1.889473e-03	1.307928e-02	-1.496876e-02	1.402402e-02	1.291602e-04	-5.776709e-05	-1.085188e-04	-1.120265e-04	3.507670e-06
135           	1.830924e-02	9.282942e-03	9.026300e-03	-1.889786e-03	1.305326e-02	-1.494305e-02	1.399815e-02	1.283209e-04	-5.697495e-05	-1.075289e-04	-1.107394e-04	3.210492e-06
136           	1.827884e-02	9.266908e-03	9.011936e-03	-1.890093e-03	1.302778e-02	-1.491788e-02	1.397283e-02	1.274859e-04	-5.619116e-05	-1.065478e-04	-1.094650e-04	2.917274e-06
137           	1.824909e-02	9.251204e-03	8.997891e-03	-1.890396e-03	1.300285e-02	-1.489324e-02	1.394805e-02	1.266563e-04	-5.541686e-05	-1.055771e-04	-1.082054e-04	2.628323e-06
138           	1.821998e-02	9.235825e-03	8.984156e-03	-1.890692e-03	1.297844e-02	-1.486913e-02	1.392378e-02	1.258346e-04	-5.465405e-05	-1.046198e-04	-1.069639e-04	2.344172e-06
139           	1.819149e-02	9.220770e-03	8.970723e-03	-1.890982e-03	1.295455e-02	-1.484553e-02	1.390004e-02	1.250234e-04	-5.390521e-05	-1.036792e-04	-1.057448e-04	2.065605e-06
140           	1.816361e-02	9.206032e-03	8.957582e-03	-1.891267e-03	1.293116e-02	-1.482243e-02	1.387680e-02	1.242248e-04	-5.317224e-05	-1.027580e-04	-1.045512e-04	1.793233e-06
141           	1.813633e-02	9.191609e-03	8.944725e-03	-1.891546e-03	1.290827e-02	-1.479982e-02	1.385405e-02	1.234422e-04	-5.245863e-05	-1.018601e-04	-1.033887e-04	1.528595e-06
142           	1.810964e-02	9.177500e-03	8.932141e-03	-1.891820e-03	1.288587e-02	-1.477769e-02	1.383178e-02	1.226796e-04	-5.176839e-05	-1.009896e-04	-1.022632e-04	1.273615e-06
143           	1.808352e-02	9.163702e-03	8.919823e-03	-1.892088e-03	1.286395e-02	-1.475604e-02	1.380999e-02	1.219397e-04	-5.110396e-05	-1.001489e-04	-1.011784e-04	1.029488e-06
144           	1.805797e-02	9.150209e-03	8.907763e-03	-1.892351e-03	1.284249e-02	-1.473485e-02	1.378867e-02	1.212233e-04	-5.046592e-05	-9.933888e-05	-1.001354e-04	7.964794e-07
145           	1.803297e-02	9.137016e-03	8.895956e-03	-1.892607e-03	1.282150e-02	-1.471411e-02	1.376780e-02	1.205299e-04	-4.985367e-05	-9.855866e-05	-9.913300e-05	5.743415e-07
146           	1.800852e-02	9.124117e-03	8.884399e-03	-1.892857e-03	1.280096e-02	-1.469382e-02	1.374739e-02	1.198590e-04	-4.926604e-05	-9.780699e-05	-9.816953e-05	3.625473e-07
147           	1.798459e-02	9.111506e-03	8.873086e-03	-1.893102e-03	1.278086e-02	-1.467396e-02	1.372741e-02	1.192101e-04	-4.870193e-05	-9.708277e-05	-9.724332e-05	1.605490e-07
148           	1.796119e-02	9.099177e-03	8.862011e-03	-1.893340e-03	1.276119e-02	-1.465453e-02	1.370786e-02	1.185833e-04	-4.816061e-05	-9.638526e-05	-9.635324e-05	-3.202065e-08
149           	1.793829e-02	9.087126e-03	8.851167e-03	-1.893572e-03	1.274195e-02	-1.463552e-02	1.368874e-02	1.179794e-04	-4.764210e-05	-9.571455e-05	-9.549937e-05	-2.151798e-07
150           	1.791590e-02	9.075349e-03	8.840550e-03	-1.893798e-03	1.272312e-02	-1.461692e-02	1.367002e-02	1.173994e-04	-4.714625e-05	-9.507051e-05	-9.468151e-05	-3.890056e-07
151           	1.789399e-02	9.063837e-03	8.830150e-03	-1.894018e-03	1.270470e-02	-1.459872e-02	1.365171e-02	1.168436e-04	-4.667297e-05	-9.445299e-05	-9.389946e-05	-5.535223e-07
152           	1.787256e-02	9.052592e-03	8.819964e-03	-1.894232e-03	1.268667e-02	-1.458091e-02	1.363379e-02	1.163137e-04	-4.622225e-05	-9.386210e-05	-9.315330e-05	-7.087957e-07
153           	1.785160e-02	9.041608e-03	8.809988e-03	-1.894442e-03	1.266904e-02	-1.456348e-02	1.361626e-02	1.158102e-04	-4.579437e-05	-9.329825e-05	-9.244350e-05	-8.547572e-07
154           	1.783110e-02	9.030882e-03	8.800216e-03	-1.894645e-03	1.265179e-02	-1.454643e-02	1.359911e-02	1.153334e-04	-4.538913e-05	-9.276136e-05	-9.176982e-05	-9.915486e-07
155           	1.781105e-02	9.020409e-03	8.790644e-03	-1.894842e-03	1.263492e-02	-1.452976e-02	1.358234e-02	1.148823e-04	-4.500536e-05	-9.225039e-05	-9.113056e-05	-1.119834e-06
156           	1.779145e-02	9.010181e-03	8.781270e-03	-1.895034e-03	1.261842e-02	-1.451345e-02	1.356593e-02	1.144556e-04	-4.464170e-05	-9.176409e-05	-9.052374e-05	-1.240350e-06
157           	1.777228e-02	9.000193e-03	8.772089e-03	-1.895219e-03	1.260228e-02	-1.449749e-02	1.354989e-02	1.140519e-04	-4.429714e-05	-9.130155e-05	-8.994791e-05	-1.353636e-06
158           	1.775354e-02	8.990439e-03	8.763099e-03	-1.895399e-03	1.258649e-02	-1.448189e-02	1.353419e-02	1.136701e-04	-4.397080e-05	-9.086188e-05	-8.940174e-05	-1.460141e-06
159           	1.773521e-02	8.980912e-03	8.754296e-03	-1.895573e-03	1.257105e-02	-1.446662e-02	1.351883e-02	1.133084e-04	-4.366153e-05	-9.044380e-05	-8.888343e-05	-1.560367e-06
160           	1.771728e-02	8.971607e-03	8.745677e-03	-1.895743e-03	1.255594e-02	-1.445169e-02	1.350381e-02	1.129649e-04	-4.336824e-05	-9.004609e-05	-8.839128e-05	-1.654809e-06
161           	1.769976e-02	8.962517e-03	8.737241e-03	-1.895908e-03	1.254117e-02	-1.443708e-02	1.348912e-02	1.126378e-04	-4.308965e-05	-8.966732e-05	-8.792331e-05	-1.744010e-06
162           	1.768262e-02	8.953636e-03	8.728985e-03	-1.896067e-03	1.252672e-02	-1.442279e-02	1.347475e-02	1.123251e-04	-4.282390e-05	-8.930543e-05	-8.747661e-05	-1.828822e-06
163           	1.766587e-02	8.944959e-03	8.720909e-03	-1.896222e-03	1.251259e-02	-1.440881e-02	1.346070e-02	1.120249e-04	-4.256911e-05	-8.895847e-05	-8.704834e-05	-1.910128e-06
164           	1.764949e-02	8.936481e-03	8.713009e-03	-1.896371e-03	1.249878e-02	-1.439515e-02	1.344696e-02	1.117358e-04	-4.232382e-05	-8.862495e-05	-8.663629e-05	-1.988657e-06
165           	1.763348e-02	8.928197e-03	8.705283e-03	-1.896516e-03	1.248527e-02	-1.438179e-02	1.343353e-02	1.114571e-04	-4.208775e-05	-8.830460e-05	-8.624005e-05	-2.064550e-06
166           	1.761783e-02	8.920104e-03	8.697727e-03	-1.896655e-03	1.247207e-02	-1.436872e-02	1.342039e-02	1.111887e-04	-4.186096e-05	-8.799748e-05	-8.585970e-05	-2.137781e-06
167           	1.760253e-02	8.912197e-03	8.690337e-03	-1.896790e-03	1.245916e-02	-1.435595e-02	1.340755e-02	1.109298e-04	-4.164272e-05	-8.770282e-05	-8.549413e-05	-2.208687e-06
168           	1.758758e-02	8.904471e-03	8.683112e-03	-1.896920e-03	1.244654e-02	-1.434345e-02	1.339500e-02	1.106796e-04	-4.143263e-05	-8.742008e-05	-8.514267e-05	-2.277412e-06
169           	1.757297e-02	8.896923e-03	8.676046e-03	-1.897046e-03	1.243419e-02	-1.433124e-02	1.338272e-02	1.104384e-04	-4.123147e-05	-8.714998e-05	-8.480646e-05	-2.343517e-06
170           	1.755869e-02	8.889549e-03	8.669136e-03	-1.897168e-03	1.242213e-02	-1.431930e-02	1.337071e-02	1.102066e-04	-4.104002e-05	-8.689316e-05	-8.448660e-05	-2.406560e-06
171           	1.754473e-02	8.882347e-03	8.662379e-03	-1.897287e-03	1.241034e-02	-1.430762e-02	1.335898e-02	1.099840e-04	-4.085848e-05	-8.664975e-05	-8.418336e-05	-2.466392e-06
172           	1.753109e-02	8.875314e-03	8.655772e-03	-1.897401e-03	1.239881e-02	-1.429621e-02	1.334751e-02	1.097710e-04	-4.068733e-05	-8.642012e-05	-8.389739e-05	-2.522728e-06
173           	1.751776e-02	8.868446e-03	8.649310e-03	-1.897512e-03	1.238755e-02	-1.428506e-02	1.333630e-02	1.095681e-04	-4.052751e-05	-8.620508e-05	-8.363004e-05	-2.575032e-06
174           	1.750473e-02	8.861743e-03	8.642991e-03	-1.897618e-03	1.237654e-02	-1.427415e-02	1.332535e-02	1.093759e-04	-4.037975e-05	-8.600528e-05	-8.338239e-05	-2.622888e-06
175           	1.749201e-02	8.855201e-03	8.636809e-03	-1.897720e-03	1.236578e-02	-1.426350e-02	1.331464e-02	1.091958e-04	-4.024535e-05	-8.582188e-05	-8.315628e-05	-2.665593e-06
176           	1.747958e-02	8.848818e-03	8.630761e-03	-1.897818e-03	1.235527e-02	-1.425309e-02	1.330418e-02	1.090287e-04	-4.012442e-05	-8.565488e-05	-8.295186e-05	-2.703018e-06
177           	1.746744e-02	8.842592e-03	8.624843e-03	-1.897913e-03	1.234500e-02	-1.424291e-02	1.329396e-02	1.088745e-04	-4.001635e-05	-8.550348e-05	-8.276809e-05	-2.735388e-06
178           	1.745557e-02	8.836520e-03	8.619053e-03	-1.898004e-03	1.233496e-02	-1.423297e-02	1.328397e-02	1.087333e-04	-3.992038e-05	-8.536672e-05	-8.260374e-05	-2.762984e-06
179           	1.744398e-02	8.830597e-03	8.613387e-03	-1.898093e-03	1.232516e-02	-1.422325e-02	1.327421e-02	1.086047e-04	-3.983572e-05	-8.524373e-05	-8.245758e-05	-2.786144e-06
180           	1.743266e-02	8.824820e-03	8.607844e-03	-1.898178e-03	1.231558e-02	-1.421376e-02	1.326467e-02	1.084881e-04	-3.976133e-05	-8.513327e-05	-8.232796e-05	-2.805310e-06
181           	1.742161e-02	8.819187e-03	8.602421e-03	-1.898261e-03	1.230622e-02	-1.420448e-02	1.325535e-02	1.083827e-04	-3.969618e-05	-8.503420e-05	-8.221328e-05	-2.820925e-06
182           	1.741081e-02	8.813693e-03	8.597118e-03	-1.898341e-03	1.229708e-02	-1.419542e-02	1.324625e-02	1.082875e-04	-3.963958e-05	-8.494568e-05	-8.211242e-05	-2.833259e-06
183           	1.740027e-02	8.808337e-03	8.591933e-03	-1.898417e-03	1.228815e-02	-1.418657e-02	1.323736e-02	1.082021e-04	-3.959147e-05	-8.486757e-05	-8.202525e-05	-2.842314e-06
184           	1.738998e-02	8.803115e-03	8.586862e-03	-1.898490e-03	1.227944e-02	-1.417793e-02	1.322868e-02	1.081266e-04	-3.955239e-05	-8.480044e-05	-8.195261e-05	-2.847830e-06
185           	1.737993e-02	8.798024e-03	8.581903e-03	-1.898560e-03	1.227093e-02	-1.416949e-02	1.322021e-02	1.080609e-04	-3.952280e-05	-8.474479e-05	-8.189519e-05	-2.849599e-06
186           	1.737011e-02	8.793057e-03	8.577054e-03	-1.898626e-03	1.226261e-02	-1.416124e-02	1.321192e-02	1.080014e-04	-3.950055e-05	-8.469825e-05	-8.184968e-05	-2.848576e-06
187           	1.736053e-02	8.788215e-03	8.572313e-03	-1.898690e-03	1.225449e-02	-1.415318e-02	1.320384e-02	1.079513e-04	-3.948852e-05	-8.466413e-05	-8.182058e-05	-2.843549e-06
188           	1.735118e-02	8.783498e-03	8.567678e-03	-1.898753e-03	1.224657e-02	-1.414532e-02	1.319594e-02	1.079097e-04	-3.948602e-05	-8.464175e-05	-8.180689e-05	-2.834859e-06
189           	1.734205e-02	8.778900e-03	8.563148e-03	-1.898813e-03	1.223883e-02	-1.413764e-02	1.318824e-02	1.078758e-04	-3.949245e-05	-8.463046e-05	-8.180768e-05	-2.822780e-06
190           	1.733314e-02	8.774419e-03	8.558721e-03	-1.898871e-03	1.223128e-02	-1.413015e-02	1.318071e-02	1.078492e-04	-3.950734e-05	-8.462972e-05	-8.182220e-05	-2.807519e-06
191           	1.732445e-02	8.770054e-03	8.554394e-03	-1.898927e-03	1.222391e-02	-1.412283e-02	1.317337e-02	1.078300e-04	-3.953040e-05	-8.463911e-05	-8.184996e-05	-2.789155e-06
192           	1.731597e-02	8.765802e-03	8.550165e-03	-1.898981e-03	1.221671e-02	-1.411569e-02	1.316620e-02	1.078185e-04	-3.956170e-05	-8.465856e-05	-8.189098e-05	-2.767576e-06
193           	1.730769e-02	8.761662e-03	8.546030e-03	-1.899032e-03	1.220969e-02	-1.410873e-02	1.315921e-02	1.078158e-04	-3.960144e-05	-8.468810e-05	-8.194549e-05	-2.742612e-06
194           	1.729962e-02	8.757631e-03	8.541987e-03	-1.899080e-03	1.220285e-02	-1.410193e-02	1.315239e-02	1.078219e-04	-3.964934e-05	-8.472723e-05	-8.201295e-05	-2.714278e-06
195           	1.729174e-02	8.753712e-03	8.538030e-03	-1.899127e-03	1.219616e-02	-1.409529e-02	1.314573e-02	1.078408e-04	-3.970836e-05	-8.477942e-05	-8.209807e-05	-2.681356e-06
196           	1.728406e-02	8.749897e-03	8.534161e-03	-1.899172e-03	1.218964e-02	-1.408881e-02	1.313923e-02	1.078680e-04	-3.977409e-05	-8.483910e-05	-8.219364e-05	-2.645458e-06
197           	1.727656e-02	8.746184e-03	8.530376e-03	-1.899214e-03	1.218328e-02	-1.408249e-02	1.313289e-02	1.079041e-04	-3.984692e-05	-8.490653e-05	-8.230018e-05	-2.606343e-06
198           	1.726924e-02	8.742564e-03	8.526674e-03	-1.899254e-03	1.217706e-02	-1.407632e-02	1.312669e-02	1.079448e-04	-3.992362e-05	-8.497793e-05	-8.241259e-05	-2.565339e-06
199           	1.726210e-02	8.739046e-03	8.523052e-03	-1.899293e-03	1.217100e-02	-1.407029e-02	1.312064e-02	1.079969e-04	-4.000947e-05	-8.505929e-05	-8.253911e-05	-2.520176e-06
200           	1.725514e-02	8.735630e-03	8.519509e-03	-1.899330e-03	1.216509e-02	-1.406442e-02	1.311475e-02	1.080605e-04	-4.010435e-05	-8.515053e-05	-8.267962e-05	-2.470914e-06
201           	1.724835e-02	8.732312e-03	8.516042e-03	-1.899366e-03	1.215932e-02	-1.405869e-02	1.310901e-02	1.081353e-04	-4.020770e-05	-8.525110e-05	-8.283325e-05	-2.417846e-06
202           	1.724174e-02	8.729092e-03	8.512651e-03	-1.899400e-03	1.215370e-02	-1.405310e-02	1.310340e-02	1.082205e-04	-4.031854e-05	-8.535996e-05	-8.299852e-05	-2.361439e-06
203           	1.723530e-02	8.725964e-03	8.509334e-03	-1.899432e-03	1.214823e-02	-1.404766e-02	1.309795e-02	1.083152e-04	-4.043586e-05	-8.547608e-05	-8.317390e-05	-2.302184e-06
204           	1.722902e-02	8.722927e-03	8.506089e-03	-1.899463e-03	1.214289e-02	-1.404235e-02	1.309262e-02	1.084188e-04	-4.055884e-05	-8.559869e-05	-8.335818e-05	-2.240512e-06
205           	1.722289e-02	8.719977e-03	8.502916e-03	-1.899492e-03	1.213769e-02	-1.403718e-02	1.308743e-02	1.085303e-04	-4.068656e-05	-8.572689e-05	-8.355001e-05	-2.176882e-06
206           	1.721692e-02	8.717110e-03	8.499813e-03	-1.899520e-03	1.213261e-02	-1.403213e-02	1.308237e-02	1.086487e-04	-4.081801e-05	-8.585964e-05	-8.374783e-05	-2.111810e-06
207           	1.721110e-02	8.714324e-03	8.496779e-03	-1.899546e-03	1.212766e-02	-1.402721e-02	1.307744e-02	1.087728e-04	-4.095210e-05	-8.599585e-05	-8.395002e-05	-2.045828e-06
208           	1.720543e-02	8.711617e-03	8.493814e-03	-1.899572e-03	1.212284e-02	-1.402241e-02	1.307262e-02	1.089013e-04	-4.108769e-05	-8.613434e-05	-8.415486e-05	-1.979480e-06
209           	1.719990e-02	8.708985e-03	8.490919e-03	-1.899596e-03	1.211813e-02	-1.401773e-02	1.306793e-02	1.090329e-04	-4.122373e-05	-8.627401e-05	-8.436073e-05	-1.913276e-06
210           	1.719452e-02	8.706426e-03	8.488092e-03	-1.899619e-03	1.211355e-02	-1.401317e-02	1.306336e-02	1.091668e-04	-4.135930e-05	-8.641386e-05	-8.456623e-05	-1.847629e-06
211           	1.718927e-02	8.703938e-03	8.485334e-03	-1.899640e-03	1.210908e-02	-1.400872e-02	1.305890e-02	1.093019e-04	-4.149377e-05	-8.655320e-05	-8.477036e-05	-1.782831e-06
212           	1.718416e-02	8.701519e-03	8.482644e-03	-1.899660e-03	1.210474e-02	-1.400440e-02	1.305457e-02	1.094375e-04	-4.162647e-05	-8.669125e-05	-8.497209e-05	-1.719156e-06
213           	1.717919e-02	8.699166e-03	8.480020e-03	-1.899678e-03	1.210050e-02	-1.400018e-02	1.305034e-02	1.095729e-04	-4.175680e-05	-8.682728e-05	-8.517043e-05	-1.656844e-06
214           	1.717434e-02	8.696877e-03	8.477463e-03	-1.899696e-03	1.209637e-02	-1.399607e-02	1.304622e-02	1.097071e-04	-4.188410e-05	-8.696048e-05	-8.536434e-05	-1.596141e-06
215           	1.716962e-02	8.694650e-03	8.474971e-03	-1.899713e-03	1.209235e-02	-1.399207e-02	1.304221e-02	1.098395e-04	-4.200795e-05	-8.709028e-05	-8.555310e-05	-1.537188e-06
216           	1.716502e-02	8.692482e-03	8.472542e-03	-1.899729e-03	1.208844e-02	-1.398817e-02	1.303830e-02	1.099697e-04	-4.212816e-05	-8.721633e-05	-8.573633e-05	-1.480006e-06
217           	1.716055e-02	8.690372e-03	8.470177e-03	-1.899745e-03	1.208462e-02	-1.398437e-02	1.303449e-02	1.100973e-04	-4.224474e-05	-8.733856e-05	-8.591402e-05	-1.424541e-06
218           	1.715619e-02	8.688319e-03	8.467874e-03	-1.899760e-03	1.208091e-02	-1.398067e-02	1.303079e-02	1.102223e-04	-4.235792e-05	-8.745718e-05	-8.608651e-05	-1.370665e-06
219           	1.715195e-02	8.686321e-03	8.465632e-03	-1.899774e-03	1.207729e-02	-1.397706e-02	1.302718e-02	1.103446e-04	-4.246806e-05	-8.757257e-05	-8.625434e-05	-1.318227e-06
220           	1.714783e-02	8.684378e-03	8.463449e-03	-1.899787e-03	1.207377e-02	-1.397356e-02	1.302366e-02	1.104645e-04	-4.257549e-05	-8.768509e-05	-8.641804e-05	-1.267051e-06
221           	1.714381e-02	8.682488e-03	8.461324e-03	-1.899799e-03	1.207035e-02	-1.397015e-02	1.302025e-02	1.105821e-04	-4.268064e-05	-8.779511e-05	-8.657819e-05	-1.216917e-06
222           	1.713991e-02	8.680651e-03	8.459256e-03	-1.899810e-03	1.206702e-02	-1.396683e-02	1.301692e-02	1.106975e-04	-4.278380e-05	-8.790288e-05	-8.673524e-05	-1.167641e-06
223           	1.713611e-02	8.678865e-03	8.457243e-03	-1.899820e-03	1.206377e-02	-1.396359e-02	1.301368e-02	1.108109e-04	-4.288528e-05	-8.800872e-05	-8.688964e-05	-1.119080e-06
224           	1.713241e-02	8.677128e-03	8.455283e-03	-1.899829e-03	1.206062e-02	-1.396045e-02	1.301053e-02	1.109224e-04	-4.298518e-05	-8.811271e-05	-8.704154e-05	-1.071172e-06
225           	1.713086e-02	8.676432e-03	8.454428e-03	-1.899857e-03	1.205930e-02	-1.395915e-02	1.300922e-02	1.110016e-04	-4.306980e-05	-8.822126e-05	-8.718043e-05	-1.040829e-06
226           	1.712950e-02	8.675819e-03	8.453684e-03	-1.899895e-03	1.205814e-02	-1.395803e-02	1.300808e-02	1.110673e-04	-4.314987e-05	-8.833806e-05	-8.731890e-05	-1.019158e-06
227           	1.712821e-02	8.675228e-03	8.452981e-03	-1.899932e-03	1.205703e-02	-1.395696e-02	1.300700e-02	1.111234e-04	-4.322264e-05	-8.845151e-05	-8.744840e-05	-1.003108e-06
228           	1.712686e-02	8.674604e-03	8.452259e-03	-1.899958e-03	1.205588e-02	-1.395583e-02	1.300586e-02	1.111726e-04	-4.328489e-05	-8.855097e-05	-8.756038e-05	-9.905940e-07
229           	1.712538e-02	8.673906e-03	8.451478e-03	-1.899968e-03	1.205461e-02	-1.395457e-02	1.300459e-02	1.112141e-04	-4.333199e-05	-8.862670e-05	-8.764534e-05	-9.813556e-07
230           	1.712374e-02	8.673123e-03	8.450618e-03	-1.899957e-03	1.205319e-02	-1.395315e-02	1.300317e-02	1.112523e-04	-4.336669e-05	-8.867920e-05	-8.770629e-05	-9.729080e-07
231           	1.712194e-02	8.672258e-03	8.449683e-03	-1.899929e-03	1.205165e-02	-1.395157e-02	1.300161e-02	1.112876e-04	-4.339005e-05	-8.870960e-05	-8.774485e-05	-9.647499e-07
232           	1.712002e-02	8.671332e-03	8.448691e-03	-1.899887e-03	1.204999e-02	-1.394988e-02	1.299994e-02	1.113206e-04	-4.340503e-05	-8.872304e-05	-8.776655e-05	-9.564869e-07
233           	1.711804e-02	8.670371e-03	8.447667e-03	-1.899837e-03	1.204829e-02	-1.394812e-02	1.299820e-02	1.113519e-04	-4.341517e-05	-8.872646e-05	-8.777840e-05	-9.480613e-07
234           	1.711604e-02	8.669403e-03	8.446641e-03	-1.899787e-03	1.204657e-02	-1.394636e-02	1.299647e-02	1.113808e-04	-4.342271e-05	-8.872546e-05	-8.778544e-05	-9.400232e-07
235           	1.711410e-02	8.668455e-03	8.445642e-03	-1.899743e-03	1.204490e-02	-1.394464e-02	1.299477e-02	1.114061e-04	-4.342933e-05	-8.872433e-05	-8.779150e-05	-9.328294e-07
236           	1.711223e-02	8.667544e-03	8.444689e-03	-1.899708e-03	1.204330e-02	-1.394301e-02	1.299315e-02	1.114277e-04	-4.343656e-05	-8.872620e-05	-8.779967e-05	-9.265372e-07
237           	1.711047e-02	8.666684e-03	8.443791e-03	-1.899685e-03	1.204179e-02	-1.394147e-02	1.299163e-02	1.114463e-04	-4.344571e-05	-8.873305e-05	-8.781223e-05	-9.208188e-07
238           	1.710882e-02	8.665875e-03	8.442949e-03	-1.899673e-03	1.204038e-02	-1.394005e-02	1.299021e-02	1.114633e-04	-4.345773e-05	-8.874564e-05	-8.783055e-05	-9.150859e-07
239           	1.710727e-02	8.665114e-03	8.442154e-03	-1.899671e-03	1.203905e-02	-1.393872e-02	1.298888e-02	1.114802e-04	-4.347298e-05	-8.876347e-05	-8.785471e-05	-9.087563e-07
240           	1.710579e-02	8.664391e-03	8.441395e-03	-1.899676e-03	1.203778e-02	-1.393746e-02	1.298762e-02	1.114979e-04	-4.349107e-05	-8.878499e-05	-8.788357e-05	-9.014265e-07
241           	1.710435e-02	8.663694e-03	8.440659e-03	-1.899683e-03	1.203656e-02	-1.393624e-02	1.298640e-02	1.115173e-04	-4.351128e-05	-8.880832e-05	-8.791544e-05	-8.928808e-07
242           	1.710294e-02	8.663010e-03	8.439933e-03	-1.899690e-03	1.203535e-02	-1.393504e-02	1.298520e-02	1.115386e-04	-4.353285e-05	-8.883179e-05	-8.794874e-05	-8.830453e-07
243           	1.710154e-02	8.662331e-03	8.439207e-03	-1.899695e-03	1.203415e-02	-1.393385e-02	1.298400e-02	1.115619e-04	-4.355520e-05	-8.885428e-05	-8.798235e-05	-8.719373e-07
244           	1.710013e-02	8.661651e-03	8.438477e-03	-1.899695e-03	1.203294e-02	-1.393264e-02	1.298279e-02	1.115872e-04	-4.357810e-05	-8.887542e-05	-8.801581e-05	-8.596065e-07
245           	1.709871e-02	8.660968e-03	8.437739e-03	-1.899691e-03	1.203173e-02	-1.393142e-02	1.298157e-02	1.116144e-04	-4.360164e-05	-8.889548e-05	-8.804938e-05	-8.460969e-07
246           	1.709728e-02	8.660284e-03	8.436997e-03	-1.899684e-03	1.203050e-02	-1.393018e-02	1.298034e-02	1.116435e-04	-4.362621e-05	-8.891525e-05	-8.808383e-05	-8.314198e-07
247           	1.709585e-02	8.659602e-03	8.436253e-03	-1.899674e-03	1.202928e-02	-1.392895e-02	1.297911e-02	1.116743e-04	-4.365233e-05	-8.893579e-05	-8.812022e-05	-8.155696e-07
248           	1.709444e-02	8.658926e-03	8.435512e-03	-1.899663e-03	1.202806e-02	-1.392772e-02	1.297789e-02	1.117069e-04	-4.368053e-05	-8.895812e-05	-8.815959e-05	-7.985271e-07
249           	1.709304e-02	8.658262e-03	8.434779e-03	-1.899652e-03	1.202686e-02	-1.392651e-02	1.297668e-02	1.117413e-04	-4.371125e-05	-8.898306e-05	-8.820278e-05	-7.802764e-07
250           	1.709167e-02	8.657612e-03	8.434057e-03	-1.899642e-03	1.202568e-02	-1.392532e-02	1.297550e-02	1.117776e-04	-4.374473e-05	-8.901109e-05	-8.825028e-05	-7.608181e-07
251           	1.709033e-02	8.656980e-03	8.433349e-03	-1.899634e-03	1.202452e-02	-1.392416e-02	1.297434e-02	1.118159e-04	-4.378100e-05	-8.904238e-05	-8.830219e-05	-7.401901e-07
252           	1.708902e-02	8.656367e-03	8.432655e-03	-1.899628e-03	1.202340e-02	-1.392303e-02	1.297322e-02	1.118560e-04	-4.381988e-05	-8.907673e-05	-8.835825e-05	-7.184802e-07
253           	1.708774e-02	8.655762e-03	8.431979e-03	-1.899624e-03	1.202230e-02	-1.392192e-02	1.297211e-02	1.118917e-04	-4.385617e-05	-8.910735e-05	-8.840984e-05	-6.975052e-07
254           	1.708649e-02	8.655177e-03	8.431315e-03	-1.899621e-03	1.202123e-02	-1.392085e-02	1.297104e-02	1.119311e-04	-4.389584e-05	-8.914204e-05	-8.846686e-05	-6.751779e-07
255           	1.708527e-02	8.654609e-03	8.430662e-03	-1.899619e-03	1.202018e-02	-1.391980e-02	1.296999e-02	1.119739e-04	-4.393831e-05	-8.918007e-05	-8.852835e-05	-6.517227e-07
256           	1.708407e-02	8.654056e-03	8.430017e-03	-1.899618e-03	1.201915e-02	-1.391877e-02	1.296896e-02	1.120194e-04	-4.398271e-05	-8.922039e-05	-8.859291e-05	-6.274845e-07
257           	1.708290e-02	8.653515e-03	8.429382e-03	-1.899617e-03	1.201814e-02	-1.391776e-02	1.296795e-02	1.120666e-04	-4.402802e-05	-8.926179e-05	-8.865891e-05	-6.028768e-07
258           	1.708174e-02	8.652983e-03	8.428754e-03	-1.899617e-03	1.201714e-02	-1.391676e-02	1.296695e-02	1.121144e-04	-4.407325e-05	-8.930313e-05	-8.872481e-05	-5.783162e-07
259           	1.708059e-02	8.652458e-03	8.428134e-03	-1.899615e-03	1.201616e-02	-1.391577e-02	1.296597e-02	1.121619e-04	-4.411758e-05	-8.934348e-05	-8.878932e-05	-5.541653e-07
260           	1.707946e-02	8.651940e-03	8.427523e-03	-1.899614e-03	1.201519e-02	-1.391480e-02	1.296499e-02	1.122082e-04	-4.416041e-05	-8.938222e-05	-8.885153e-05	-5.306979e-07
261           	1.707835e-02	8.651427e-03	8.426922e-03	-1.899612e-03	1.201423e-02	-1.391384e-02	1.296403e-02	1.122528e-04	-4.420147e-05	-8.941906e-05	-8.891100e-05	-5.080588e-07
262           	1.707725e-02	8.650921e-03	8.426330e-03	-1.899610e-03	1.201328e-02	-1.391289e-02	1.296309e-02	1.122956e-04	-4.424074e-05	-8.945401e-05	-8.896774e-05	-4.862682e-07
263           	1.707617e-02	8.650421e-03	8.425748e-03	-1.899607e-03	1.201235e-02	-1.391196e-02	1.296215e-02	1.123367e-04	-4.427840e-05	-8.948730e-05	-8.902204e-05	-4.652528e-07
264           	1.707510e-02	8.649928e-03	8.425176e-03	-1.899605e-03	1.201143e-02	-1.391104e-02	1.296124e-02	1.123763e-04	-4.431476e-05	-8.951927e-05	-8.907439e-05	-4.448774e-07
265           	1.707406e-02	8.649444e-03	8.424614e-03	-1.899603e-03	1.201053e-02	-1.391014e-02	1.296033e-02	1.124147e-04	-4.435018e-05	-8.955031e-05	-8.912533e-05	-4.249725e-07
266           	1.707303e-02	8.648967e-03	8.424063e-03	-1.899601e-03	1.200965e-02	-1.390925e-02	1.295945e-02	1.124523e-04	-4.438502e-05	-8.958077e-05	-8.917540e-05	-4.053604e-07
267           	1.707202e-02	8.648500e-03	8.423521e-03	-1.899600e-03	1.200878e-02	-1.390838e-02	1.295858e-02	1.124894e-04	-4.441955e-05	-8.961090e-05	-8.922500e-05	-3.858963e-07
268           	1.707103e-02	8.648041e-03	8.422988e-03	-1.899599e-03	1.200792e-02	-1.390752e-02	1.295772e-02	1.125263e-04	-4.445395e-05	-8.964086e-05	-8.927438e-05	-3.664816e-07
269           	1.707006e-02	8.647591e-03	8.422465e-03	-1.899598e-03	1.200708e-02	-1.390668e-02	1.295688e-02	1.125631e-04	-4.448828e-05	-8.967069e-05	-8.932362e-05	-3.470609e-07
270           	1.706910e-02	8.647149e-03	8.421950e-03	-1.899597e-03	1.200626e-02	-1.390585e-02	1.295606e-02	1.125998e-04	-4.452255e-05	-8.970036e-05	-8.937273e-05	-3.276266e-07
271           	1.706816e-02	8.646716e-03	8.421443e-03	-1.899596e-03	1.200545e-02	-1.390504e-02	1.295524e-02	1.126365e-04	-4.455670e-05	-8.972981e-05	-8.942161e-05	-3.081988e-07
272           	1.706723e-02	8.646276e-03	8.420951e-03	-1.899595e-03	1.200464e-02	-1.390424e-02	1.295444e-02	1.126629e-04	-4.458057e-05	-8.974658e-05	-8.945386e-05	-2.927267e-07
273           	1.706631e-02	8.645850e-03	8.420464e-03	-1.899594e-03	1.200385e-02	-1.390345e-02	1.295365e-02	1.126927e-04	-4.460767e-05	-8.976724e-05	-8.949129e-05	-2.759523e-07
274           	1.706542e-02	8.645435e-03	8.419983e-03	-1.899593e-03	1.200308e-02	-1.390267e-02	1.295288e-02	1.127259e-04	-4.463814e-05	-8.979197e-05	-8.953412e-05	-2.578433e-07
275           	1.706454e-02	8.645032e-03	8.419507e-03	-1.899592e-03	1.200232e-02	-1.390191e-02	1.295212e-02	1.127622e-04	-4.467144e-05	-8.982013e-05	-8.958151e-05	-2.386236e-07
276           	1.706368e-02	8.644639e-03	8.419038e-03	-1.899592e-03	1.200157e-02	-1.390117e-02	1.295137e-02	1.128003e-04	-4.470668e-05	-8.985066e-05	-8.963201e-05	-2.186504e-07
277           	1.706284e-02	8.644265e-03	8.418572e-03	-1.899593e-03	1.200085e-02	-1.390044e-02	1.295064e-02	1.128463e-04	-4.475043e-05	-8.989103e-05	-8.969594e-05	-1.950891e-07
278           	1.706201e-02	8.643894e-03	8.418115e-03	-1.899593e-03	1.200013e-02	-1.389972e-02	1.294992e-02	1.128898e-04	-4.479177e-05	-8.992861e-05	-8.975608e-05	-1.725373e-07
279           	1.706119e-02	8.643527e-03	8.417667e-03	-1.899593e-03	1.199942e-02	-1.389902e-02	1.294922e-02	1.129301e-04	-4.482993e-05	-8.996243e-05	-8.981114e-05	-1.512811e-07
280           	1.706039e-02	8.643162e-03	8.417228e-03	-1.899593e-03	1.199873e-02	-1.389832e-02	1.294852e-02	1.129672e-04	-4.486492e-05	-8.999243e-05	-8.986114e-05	-1.312964e-07
281           	1.705960e-02	8.642801e-03	8.416798e-03	-1.899593e-03	1.199804e-02	-1.389763e-02	1.294784e-02	1.130015e-04	-4.489727e-05	-9.001926e-05	-8.990690e-05	-1.123626e-07
282           	1.705882e-02	8.642445e-03	8.416377e-03	-1.899593e-03	1.199737e-02	-1.389696e-02	1.294716e-02	1.130340e-04	-4.492779e-05	-9.004389e-05	-8.994973e-05	-9.415578e-08
283           	1.705806e-02	8.642094e-03	8.415963e-03	-1.899593e-03	1.199670e-02	-1.389630e-02	1.294650e-02	1.130655e-04	-4.495739e-05	-9.006742e-05	-8.999110e-05	-7.632049e-08
284           	1.705731e-02	8.641750e-03	8.415557e-03	-1.899593e-03	1.199605e-02	-1.389565e-02	1.294585e-02	1.130969e-04	-4.498689e-05	-9.009086e-05	-9.003232e-05	-5.853849e-08
285           	1.705657e-02	8.641414e-03	8.415157e-03	-1.899593e-03	1.199542e-02	-1.389501e-02	1.294521e-02	1.131287e-04	-4.501688e-05	-9.011490e-05	-9.007433e-05	-4.057135e-08
286           	1.705585e-02	8.641087e-03	8.414764e-03	-1.899594e-03	1.199479e-02	-1.389438e-02	1.294459e-02	1.131613e-04	-4.504771e-05	-9.013997e-05	-9.011769e-05	-2.227789e-08
287           	1.705514e-02	8.640754e-03	8.414387e-03	-1.899594e-03	1.199417e-02	-1.389377e-02	1.294397e-02	1.131836e-04	-4.506883e-05	-9.015293e-05	-9.014529e-05	-7.637423e-09
288           	1.705445e-02	8.640433e-03	8.414013e-03	-1.899594e-03	1.199357e-02	-1.389316e-02	1.294337e-02	1.132104e-04	-4.509432e-05	-9.017122e-05	-9.017993e-05	8.706060e-09
289           	1.705377e-02	8.640125e-03	8.413642e-03	-1.899595e-03	1.199298e-02	-1.389257e-02	1.294278e-02	1.132417e-04	-4.512407e-05	-9.019473e-05	-9.022144e-05	2.671054e-08
290           	1.705310e-02	8.639828e-03	8.413275e-03	-1.899596e-03	1.199240e-02	-1.389200e-02	1.294220e-02	1.132766e-04	-4.515723e-05	-9.022241e-05	-9.026844e-05	4.602694e-08
291           	1.705245e-02	8.639540e-03	8.412912e-03	-1.899597e-03	1.199183e-02	-1.389143e-02	1.294163e-02	1.133138e-04	-4.519251e-05	-9.025273e-05	-9.031887e-05	6.614442e-08
292           	1.705181e-02	8.639259e-03	8.412555e-03	-1.899599e-03	1.199128e-02	-1.389088e-02	1.294108e-02	1.133519e-04	-4.522851e-05	-9.028398e-05	-9.037050e-05	8.651428e-08
293           	1.705119e-02	8.638984e-03	8.412205e-03	-1.899601e-03	1.199073e-02	-1.389033e-02	1.294053e-02	1.133896e-04	-4.526400e-05	-9.031470e-05	-9.042135e-05	1.066490e-07
294           	1.705057e-02	8.638713e-03	8.411861e-03	-1.899602e-03	1.199019e-02	-1.388980e-02	1.294000e-02	1.134259e-04	-4.529808e-05	-9.034379e-05	-9.046998e-05	1.261882e-07
295           	1.704997e-02	8.638446e-03	8.411525e-03	-1.899604e-03	1.198967e-02	-1.388927e-02	1.293947e-02	1.134603e-04	-4.533025e-05	-9.037063e-05	-9.051556e-05	1.449318e-07
296           	1.704938e-02	8.638182e-03	8.411197e-03	-1.899605e-03	1.198915e-02	-1.388876e-02	1.293895e-02	1.134926e-04	-4.536037e-05	-9.039508e-05	-9.055792e-05	1.628319e-07
297           	1.704880e-02	8.637922e-03	8.410876e-03	-1.899607e-03	1.198864e-02	-1.388825e-02	1.293844e-02	1.135230e-04	-4.538865e-05	-9.041737e-05	-9.059733e-05	1.799668e-07
298           	1.704823e-02	8.637665e-03	8.410561e-03	-1.899608e-03	1.198814e-02	-1.388775e-02	1.293795e-02	1.135519e-04	-4.541547e-05	-9.043795e-05	-9.063445e-05	1.964997e-07
299           	1.704767e-02	8.637413e-03	8.410254e-03	-1.899610e-03	1.198765e-02	-1.388726e-02	1.293746e-02	1.135797e-04	-4.544134e-05	-9.045742e-05	-9.067005e-05	2.126341e-07
300           	1.704712e-02	8.637167e-03	8.409953e-03	-1.899611e-03	1.198717e-02	-1.388678e-02	1.293698e-02	1.136069e-04	-4.546673e-05	-9.047632e-05	-9.070489e-05	2.285691e-07
301           	1.704658e-02	8.636925e-03	8.409657e-03	-1.899613e-03	1.198670e-02	-1.388632e-02	1.293651e-02	1.136339e-04	-4.549200e-05	-9.049509e-05	-9.073955e-05	2.444583e-07
302           	1.704606e-02	8.636690e-03	8.409368e-03	-1.899614e-03	1.198624e-02	-1.388586e-02	1.293605e-02	1.136610e-04	-4.551737e-05	-9.051397e-05	-9.077435e-05	2.603837e-07
303           	1.704554e-02	8.636460e-03	8.409083e-03	-1.899616e-03	1.198579e-02	-1.388541e-02	1.293560e-02	1.136882e-04	-4.554285e-05	-9.053299e-05	-9.080934e-05	2.763523e-07
304           	1.704504e-02	8.636235e-03	8.408804e-03	-1.899618e-03	1.198535e-02	-1.388497e-02	1.293516e-02	1.137154e-04	-4.556833e-05	-9.055205e-05	-9.084436e-05	2.923092e-07
305           	1.704455e-02	8.636016e-03	8.408531e-03	-1.899620e-03	1.198492e-02	-1.388454e-02	1.293473e-02	1.137424e-04	-4.559361e-05	-9.057090e-05	-9.087906e-05	3.081531e-07
306           	1.704406e-02	8.635801e-03	8.408263e-03	-1.899623e-03	1.198449e-02	-1.388411e-02	1.293430e-02	1.137689e-04	-4.561838e-05	-9.058925e-05	-9.091301e-05	3.237570e-07
307           	1.704359e-02	8.635591e-03	8.408002e-03	-1.899625e-03	1.198407e-02	-1.388370e-02	1.293389e-02	1.137947e-04	-4.564237e-05	-9.060676e-05	-9.094575e-05	3.389872e-07
308           	1.704313e-02	8.635385e-03	8.407746e-03	-1.899627e-03	1.198367e-02	-1.388329e-02	1.293348e-02	1.138195e-04	-4.566530e-05	-9.062315e-05	-9.097687e-05	3.537234e-07
309           	1.704268e-02	8.635182e-03	8.407496e-03	-1.899629e-03	1.198327e-02	-1.388290e-02	1.293308e-02	1.138431e-04	-4.568697e-05	-9.063819e-05	-9.100606e-05	3.678750e-07
310           	1.704223e-02	8.634983e-03	8.407252e-03	-1.899631e-03	1.198288e-02	-1.388251e-02	1.293269e-02	1.138654e-04	-4.570727e-05	-9.065176e-05	-9.103315e-05	3.813918e-07
311           	1.704180e-02	8.634787e-03	8.407014e-03	-1.899634e-03	1.198249e-02	-1.388213e-02	1.293231e-02	1.138863e-04	-4.572617e-05	-9.066381e-05	-9.105807e-05	3.942627e-07
312           	1.704138e-02	8.634594e-03	8.406783e-03	-1.899636e-03	1.198212e-02	-1.388176e-02	1.293194e-02	1.139058e-04	-4.574370e-05	-9.067438e-05	-9.108089e-05	4.065098e-07
313           	1.704096e-02	8.634405e-03	8.406557e-03	-1.899638e-03	1.198175e-02	-1.388139e-02	1.293157e-02	1.139241e-04	-4.575995e-05	-9.068355e-05	-9.110173e-05	4.181759e-07
314           	1.704056e-02	8.634219e-03	8.406337e-03	-1.899641e-03	1.198139e-02	-1.388103e-02	1.293121e-02	1.139411e-04	-4.577503e-05	-9.069144e-05	-9.112075e-05	4.293131e-07
315           	1.704016e-02	8.634037e-03	8.406123e-03	-1.899643e-03	1.198104e-02	-1.388068e-02	1.293086e-02	1.139570e-04	-4.578905e-05	-9.069814e-05	-9.113812e-05	4.399742e-07
316           	1.703977e-02	8.633858e-03	8.405914e-03	-1.899646e-03	1.198070e-02	-1.388034e-02	1.293052e-02	1.139719e-04	-4.580208e-05	-9.070376e-05	-9.115397e-05	4.502037e-07
317           	1.703939e-02	8.633682e-03	8.405710e-03	-1.899648e-03	1.198036e-02	-1.388001e-02	1.293018e-02	1.139859e-04	-4.581421e-05	-9.070835e-05	-9.116838e-05	4.600309e-07
318           	1.703902e-02	8.633510e-03	8.405512e-03	-1.899651e-03	1.198003e-02	-1.387968e-02	1.292985e-02	1.139989e-04	-4.582543e-05	-9.071193e-05	-9.118140e-05	4.694656e-07
319           	1.703866e-02	8.633341e-03	8.405319e-03	-1.899653e-03	1.197971e-02	-1.387936e-02	1.292953e-02	1.140110e-04	-4.583575e-05	-9.071450e-05	-9.119300e-05	4.785045e-07
320           	1.703831e-02	8.633175e-03	8.405131e-03	-1.899656e-03	1.197939e-02	-1.387905e-02	1.292922e-02	1.140222e-04	-4.584515e-05	-9.071602e-05	-9.120316e-05	4.871376e-07
321           	1.703796e-02	8.633009e-03	8.404953e-03	-1.899658e-03	1.197908e-02	-1.387874e-02	1.292891e-02	1.140280e-04	-4.585058e-05	-9.071230e-05	-9.120673e-05	4.944300e-07
322           	1.703762e-02	8.632846e-03	8.404778e-03	-1.899661e-03	1.197878e-02	-1.387844e-02	1.292861e-02	1.140342e-04	-4.585612e-05	-9.070886e-05	-9.121055e-05	5.016887e-07
323           	1.703730e-02	8.632689e-03	8.404607e-03	-1.899663e-03	1.197849e-02	-1.387815e-02	1.292832e-02	1.140410e-04	-4.586187e-05	-9.070583e-05	-9.121479e-05	5.089593e-07
324           	1.703697e-02	8.632535e-03	8.404438e-03	-1.899666e-03	1.197820e-02	-1.387786e-02	1.292803e-02	1.140482e-04	-4.586776e-05	-9.070309e-05	-9.121930e-05	5.162136e-07
325           	1.703666e-02	8.632385e-03	8.404273e-03	-1.899669e-03	1.197792e-02	-1.387758e-02	1.292775e-02	1.140556e-04	-4.587354e-05	-9.070036e-05	-9.122372e-05	5.233588e-07
326           	1.703635e-02	8.632238e-03	8.404112e-03	-1.899671e-03	1.197764e-02	-1.387731e-02	1.292748e-02	1.140628e-04	-4.587890e-05	-9.069727e-05	-9.122753e-05	5.302597e-07
327           	1.703605e-02	8.632095e-03	8.403956e-03	-1.899674e-03	1.197737e-02	-1.387704e-02	1.292721e-02	1.140694e-04	-4.588347e-05	-9.069339e-05	-9.123016e-05	5.367692e-07
328           	1.703576e-02	8.631954e-03	8.403804e-03	-1.899676e-03	1.197711e-02	-1.387678e-02	1.292694e-02	1.140750e-04	-4.588694e-05	-9.068836e-05	-9.123112e-05	5.427598e-07
329           	1.703547e-02	8.631815e-03	8.403657e-03	-1.899679e-03	1.197685e-02	-1.387653e-02	1.292669e-02	1.140792e-04	-4.588909e-05	-9.068189e-05	-9.123003e-05	5.481425e-07
330           	1.703519e-02	8.631679e-03	8.403515e-03	-1.899682e-03	1.197660e-02	-1.387628e-02	1.292644e-02	1.140820e-04	-4.588979e-05	-9.067383e-05	-9.122671e-05	5.528755e-07
331           	1.703492e-02	8.631545e-03	8.403379e-03	-1.899684e-03	1.197635e-02	-1.387604e-02	1.292620e-02	1.140832e-04	-4.588903e-05	-9.066414e-05	-9.122110e-05	5.569629e-07
332           	1.703466e-02	8.631413e-03	8.403247e-03	-1.899687e-03	1.197611e-02	-1.387580e-02	1.292596e-02	1.140830e-04	-4.588688e-05	-9.065287e-05	-9.121331e-05	5.604455e-07
333           	1.703440e-02	8.631284e-03	8.403121e-03	-1.899690e-03	1.197588e-02	-1.387557e-02	1.292573e-02	1.140814e-04	-4.588347e-05	-9.064015e-05	-9.120355e-05	5.633935e-07
334           	1.703416e-02	8.631156e-03	8.402999e-03	-1.899693e-03	1.197566e-02	-1.387535e-02	1.292550e-02	1.140787e-04	-4.587898e-05	-9.062617e-05	-9.119207e-05	5.658914e-07
335           	1.703391e-02	8.631031e-03	8.402881e-03	-1.899695e-03	1.197543e-02	-1.387513e-02	1.292528e-02	1.140750e-04	-4.587358e-05	-9.061112e-05	-9.117914e-05	5.680222e-07
336           	1.703368e-02	8.630908e-03	8.402767e-03	-1.899698e-03	1.197522e-02	-1.387492e-02	1.292507e-02	1.140704e-04	-4.586743e-05	-9.059514e-05	-9.116500e-05	5.698541e-07
337           	1.703345e-02	8.630788e-03	8.402657e-03	-1.899701e-03	1.197501e-02	-1.387471e-02	1.292486e-02	1.140653e-04	-4.586064e-05	-9.057840e-05	-9.114984e-05	5.714388e-07
338           	1.703322e-02	8.630670e-03	8.402551e-03	-1.899704e-03	1.197480e-02	-1.387451e-02	1.292465e-02	1.140596e-04	-4.585330e-05	-9.056098e-05	-9.113379e-05	5.728079e-07
339           	1.703300e-02	8.630555e-03	8.402448e-03	-1.899706e-03	1.197460e-02	-1.387431e-02	1.292445e-02	1.140533e-04	-4.584545e-05	-9.054296e-05	-9.111693e-05	5.739764e-07
340           	1.703279e-02	8.630441e-03	8.402348e-03	-1.899709e-03	1.197441e-02	-1.387411e-02	1.292426e-02	1.140467e-04	-4.583713e-05	-9.052436e-05	-9.109931e-05	5.749464e-07
341           	1.703258e-02	8.630331e-03	8.402252e-03	-1.899712e-03	1.197421e-02	-1.387393e-02	1.292407e-02	1.140395e-04	-4.582831e-05	-9.050520e-05	-9.108091e-05	5.757117e-07
342           	1.703238e-02	8.630223e-03	8.402159e-03	-1.899715e-03	1.197403e-02	-1.387374e-02	1.292389e-02	1.140319e-04	-4.581899e-05	-9.048547e-05	-9.106173e-05	5.762596e-07
343           	1.703219e-02	8.630117e-03	8.402069e-03	-1.899717e-03	1.197385e-02	-1.387357e-02	1.292371e-02	1.140237e-04	-4.580915e-05	-9.046514e-05	-9.104172e-05	5.765780e-07
344           	1.703200e-02	8.630013e-03	8.401983e-03	-1.899720e-03	1.197367e-02	-1.387339e-02	1.292353e-02	1.140150e-04	-4.579876e-05	-9.044420e-05	-9.102086e-05	5.766588e-07
345           	1.703181e-02	8.629911e-03	8.401900e-03	-1.899723e-03	1.197350e-02	-1.387322e-02	1.292336e-02	1.140057e-04	-4.578783e-05	-9.042265e-05	-9.099916e-05	5.765067e-07
346           	1.703163e-02	8.629812e-03	8.401820e-03	-1.899725e-03	1.197333e-02	-1.387306e-02	1.292320e-02	1.139958e-04	-4.577640e-05	-9.040053e-05	-9.097667e-05	5.761382e-07
347           	1.703146e-02	8.629715e-03	8.401744e-03	-1.899728e-03	1.197317e-02	-1.387290e-02	1.292304e-02	1.139854e-04	-4.576452e-05	-9.037788e-05	-9.095346e-05	5.755810e-07
348           	1.703129e-02	8.629620e-03	8.401671e-03	-1.899730e-03	1.197301e-02	-1.387274e-02	1.292288e-02	1.139746e-04	-4.575226e-05	-9.035478e-05	-9.092965e-05	5.748689e-07
349           	1.703113e-02	8.629527e-03	8.401600e-03	-1.899733e-03	1.197286e-02	-1.387259e-02	1.292273e-02	1.139634e-04	-4.573969e-05	-9.033130e-05	-9.090534e-05	5.740358e-07
350           	1.703097e-02	8.629437e-03	8.401533e-03	-1.899736e-03	1.197271e-02	-1.387245e-02	1.292258e-02	1.139519e-04	-4.572687e-05	-9.030752e-05	-9.088063e-05	5.731111e-07
351           	1.703082e-02	8.629348e-03	8.401468e-03	-1.899738e-03	1.197257e-02	-1.387231e-02	1.292244e-02	1.139402e-04	-4.571387e-05	-9.028349e-05	-9.085561e-05	5.721190e-07
352           	1.703067e-02	8.629262e-03	8.401406e-03	-1.899741e-03	1.197243e-02	-1.387217e-02	1.292230e-02	1.139282e-04	-4.570071e-05	-9.025926e-05	-9.083034e-05	5.710769e-07
353           	1.703052e-02	8.629179e-03	8.401346e-03	-1.899744e-03	1.197229e-02	-1.387203e-02	1.292216e-02	1.139161e-04	-4.568743e-05	-9.023486e-05	-9.080486e-05	5.699971e-07
354           	1.703039e-02	8.629097e-03	8.401289e-03	-1.899746e-03	1.197216e-02	-1.387190e-02	1.292203e-02	1.139038e-04	-4.567405e-05	-9.021033e-05	-9.077922e-05	5.688904e-07
355           	1.703025e-02	8.629017e-03	8.401235e-03	-1.899749e-03	1.197203e-02	-1.387178e-02	1.292190e-02	1.138914e-04	-4.566062e-05	-9.018569e-05	-9.075346e-05	5.677698e-07
356           	1.703012e-02	8.628940e-03	8.401182e-03	-1.899751e-03	1.197190e-02	-1.387166e-02	1.292178e-02	1.138788e-04	-4.564714e-05	-9.016099e-05	-9.072764e-05	5.666462e-07
357           	1.703000e-02	8.628865e-03	8.401132e-03	-1.899754e-03	1.197178e-02	-1.387154e-02	1.292166e-02	1.138662e-04	-4.563364e-05	-9.013624e-05	-9.070177e-05	5.655235e-07
358           	1.702988e-02	8.628792e-03	8.401085e-03	-1.899756e-03	1.197167e-02	-1.387142e-02	1.292154e-02	1.138535e-04	-4.562013e-05	-9.011146e-05	-9.067586e-05	5.643999e-07
359           	1.702976e-02	8.628720e-03	8.401039e-03	-1.899759e-03	1.197155e-02	-1.387131e-02	1.292143e-02	1.138406e-04	-4.560660e-05	-9.008666e-05	-9.064993e-05	5.632723e-07
360           	1.702965e-02	8.628651e-03	8.400996e-03	-1.899761e-03	1.197144e-02	-1.387120e-02	1.292132e-02	1.138277e-04	-4.559306e-05	-9.006184e-05	-9.062398e-05	5.621366e-07
361           	1.702954e-02	8.628584e-03	8.400955e-03	-1.899764e-03	1.197134e-02	-1.387110e-02	1.292122e-02	1.138146e-04	-4.557950e-05	-9.003702e-05	-9.059801e-05	5.609892e-07
362           	1.702943e-02	8.628519e-03	8.400916e-03	-1.899766e-03	1.197123e-02	-1.387100e-02	1.292112e-02	1.138014e-04	-4.556593e-05	-9.001221e-05	-9.057204e-05	5.598250e-07
363           	1.702933e-02	8.628455e-03	8.400879e-03	-1.899769e-03	1.197113e-02	-1.387090e-02	1.292102e-02	1.137882e-04	-4.555234e-05	-8.998740e-05	-9.054604e-05	5.586367e-07
364           	1.702924e-02	8.628394e-03	8.400844e-03	-1.899771e-03	1.197104e-02	-1.387081e-02	1.292092e-02	1.137748e-04	-4.553871e-05	-8.996258e-05	-9.052000e-05	5.574164e-07
365           	1.702915e-02	8.628334e-03	8.400812e-03	-1.899773e-03	1.197094e-02	-1.387072e-02	1.292083e-02	1.137613e-04	-4.552504e-05	-8.993775e-05	-9.049391e-05	5.561579e-07
366           	1.702906e-02	8.628276e-03	8.400781e-03	-1.899776e-03	1.197086e-02	-1.387063e-02	1.292074e-02	1.137477e-04	-4.551130e-05	-8.991290e-05	-9.046775e-05	5.548499e-07
367           	1.702897e-02	8.628220e-03	8.400752e-03	-1.899778e-03	1.197077e-02	-1.387055e-02	1.292066e-02	1.137339e-04	-4.549748e-05	-8.988800e-05	-9.044148e-05	5.534799e-07
368           	1.702889e-02	8.628165e-03	8.400725e-03	-1.899780e-03	1.197069e-02	-1.387047e-02	1.292058e-02	1.137200e-04	-4.548354e-05	-8.986302e-05	-9.041506e-05	5.520340e-07
369           	1.702881e-02	8.628112e-03	8.400701e-03	-1.899783e-03	1.197061e-02	-1.387039e-02	1.292050e-02	1.137059e-04	-4.546947e-05	-8.983794e-05	-9.038844e-05	5.504977e-07
370           	1.702874e-02	8.628061e-03	8.400678e-03	-1.899785e-03	1.197053e-02	-1.387031e-02	1.292042e-02	1.136916e-04	-4.545522e-05	-8.981272e-05	-9.036158e-05	5.488584e-07
371           	1.702867e-02	8.628011e-03	8.400657e-03	-1.899787e-03	1.197045e-02	-1.387024e-02	1.292035e-02	1.136771e-04	-4.544078e-05	-8.978735e-05	-9.033445e-05	5.471063e-07
372           	1.702860e-02	8.627962e-03	8.400638e-03	-1.899789e-03	1.197038e-02	-1.387017e-02	1.292028e-02	1.136623e-04	-4.542613e-05	-8.976180e-05	-9.030703e-05	5.452348e-07
373           	1.702854e-02	8.627915e-03	8.400621e-03	-1.899792e-03	1.197031e-02	-1.387010e-02	1.292021e-02	1.136474e-04	-4.541127e-05	-8.973606e-05	-9.027930e-05	5.432394e-07
374           	1.702847e-02	8.627870e-03	8.400605e-03	-1.899794e-03	1.197025e-02	-1.387004e-02	1.292014e-02	1.136322e-04	-4.539618e-05	-8.971013e-05	-9.025125e-05	5.411176e-07
375           	1.702842e-02	8.627825e-03	8.400592e-03	-1.899796e-03	1.197018e-02	-1.386998e-02	1.292008e-02	1.136167e-04	-4.538087e-05	-8.968401e-05	-9.022287e-05	5.388693e-07
376           	1.702836e-02	8.627782e-03	8.400580e-03	-1.899798e-03	1.197012e-02	-1.386992e-02	1.292002e-02	1.136010e-04	-4.536533e-05	-8.965767e-05	-9.019417e-05	5.364940e-07
377           	1.702831e-02	8.627740e-03	8.400570e-03	-1.899800e-03	1.197007e-02	-1.386987e-02	1.291997e-02	1.135851e-04	-4.534957e-05	-8.963115e-05	-9.016514e-05	5.339950e-07
378           	1.702826e-02	8.627700e-03	8.400562e-03	-1.899802e-03	1.197001e-02	-1.386981e-02	1.291991e-02	1.135690e-04	-4.533359e-05	-8.960442e-05	-9.013580e-05	5.313742e-07
379           	1.702822e-02	8.627661e-03	8.400555e-03	-1.899804e-03	1.196996e-02	-1.386976e-02	1.291986e-02	1.135526e-04	-4.531738e-05	-8.957750e-05	-9.010613e-05	5.286308e-07
380           	1.702817e-02	8.627622e-03	8.400551e-03	-1.899806e-03	1.196991e-02	-1.386971e-02	1.291981e-02	1.135360e-04	-4.530095e-05	-8.955038e-05	-9.007614e-05	5.257617e-07
381           	1.702813e-02	8.627585e-03	8.400547e-03	-1.899808e-03	1.196986e-02	-1.386967e-02	1.291976e-02	1.135191e-04	-4.528429e-05	-8.952305e-05	-9.004581e-05	5.227612e-07
382           	1.702810e-02	8.627549e-03	8.400548e-03	-1.899811e-03	1.196981e-02	-1.386962e-02	1.291972e-02	1.135009e-04	-4.526758e-05	-8.949589e-05	-9.001553e-05	5.196376e-07
383           	1.702806e-02	8.627515e-03	8.400547e-03	-1.899812e-03	1.196977e-02	-1.386958e-02	1.291968e-02	1.134838e-04	-4.525020e-05	-8.946779e-05	-8.998410e-05	5.163090e-07
384           	1.702803e-02	8.627481e-03	8.400550e-03	-1.899814e-03	1.196973e-02	-1.386954e-02	1.291964e-02	1.134654e-04	-4.523290e-05	-8.943997e-05	-8.995288e-05	5.129101e-07
385           	1.702800e-02	8.627448e-03	8.400552e-03	-1.899816e-03	1.196969e-02	-1.386951e-02	1.291960e-02	1.134480e-04	-4.521487e-05	-8.941117e-05	-8.992046e-05	5.092837e-07
386           	1.702797e-02	8.627416e-03	8.400557e-03	-1.899818e-03	1.196965e-02	-1.386947e-02	1.291956e-02	1.134294e-04	-4.519704e-05	-8.938285e-05	-8.988846e-05	5.056188e-07
387           	1.702795e-02	8.627385e-03	8.400564e-03	-1.899820e-03	1.196962e-02	-1.386944e-02	1.291953e-02	1.134107e-04	-4.517882e-05	-8.935411e-05	-8.985588e-05	5.017696e-07
388           	1.702792e-02	8.627355e-03	8.400569e-03	-1.899822e-03	1.196959e-02	-1.386941e-02	1.291950e-02	1.133929e-04	-4.515984e-05	-8.932435e-05	-8.982201e-05	4.976647e-07
389           	1.702790e-02	8.627326e-03	8.400578e-03	-1.899823e-03	1.196955e-02	-1.386938e-02	1.291947e-02	1.133739e-04	-4.514117e-05	-8.929527e-05	-8.978881e-05	4.935404e-07
390           	1.702789e-02	8.627298e-03	8.400589e-03	-1.899825e-03	1.196953e-02	-1.386935e-02	1.291944e-02	1.133547e-04	-4.512213e-05	-8.926583e-05	-8.975504e-05	4.892162e-07
391           	1.702787e-02	8.627271e-03	8.400601e-03	-1.899827e-03	1.196950e-02	-1.386933e-02	1.291941e-02	1.133352e-04	-4.510272e-05	-8.923603e-05	-8.972073e-05	4.847034e-07
392           	1.702786e-02	8.627245e-03	8.400614e-03	-1.899829e-03	1.196947e-02	-1.386930e-02	1.291939e-02	1.133155e-04	-4.508297e-05	-8.920590e-05	-8.968592e-05	4.800165e-07
393           	1.702785e-02	8.627219e-03	8.400628e-03	-1.899830e-03	1.196945e-02	-1.386928e-02	1.291937e-02	1.132957e-04	-4.506291e-05	-8.917548e-05	-8.965065e-05	4.751685e-07
394           	1.702784e-02	8.627195e-03	8.400644e-03	-1.899832e-03	1.196943e-02	-1.386926e-02	1.291935e-02	1.132756e-04	-4.504257e-05	-8.914480e-05	-8.961497e-05	4.701691e-07
395           	1.702783e-02	8.627171e-03	8.400661e-03	-1.899834e-03	1.196941e-02	-1.386925e-02	1.291933e-02	1.132553e-04	-4.502198e-05	-8.911390e-05	-8.957893e-05	4.650259e-07
396           	1.702783e-02	8.627148e-03	8.400679e-03	-1.899835e-03	1.196939e-02	-1.386923e-02	1.291931e-02	1.132349e-04	-4.500115e-05	-8.908280e-05	-8.954255e-05	4.597475e-07
397           	1.702782e-02	8.627126e-03	8.400698e-03	-1.899837e-03	1.196938e-02	-1.386922e-02	1.291930e-02	1.132142e-04	-4.498011e-05	-8.905153e-05	-8.950587e-05	4.543409e-07
398           	1.702782e-02	8.627105e-03	8.400718e-03	-1.899839e-03	1.196936e-02	-1.386920e-02	1.291928e-02	1.131934e-04	-4.495886e-05	-8.902009e-05	-8.946890e-05	4.488118e-07
399           	1.702782e-02	8.627084e-03	8.400740e-03	-1.899840e-03	1.196935e-02	-1.386919e-02	1.291927e-02	1.131723e-04	-4.493741e-05	-8.898849e-05	-8.943166e-05	4.431679e-07
400           	1.702783e-02	8.627065e-03	8.400763e-03	-1.899842e-03	1.196934e-02	-1.386918e-02	1.291926e-02	1.131511e-04	-4.491578e-05	-8.895673e-05	-8.939415e-05	4.374158e-07
401           	1.702783e-02	8.627046e-03	8.400786e-03	-1.899843e-03	1.196933e-02	-1.386918e-02	1.291925e-02	1.131297e-04	-4.489397e-05	-8.892483e-05	-8.935639e-05	4.315614e-07
402           	1.702784e-02	8.627028e-03	8.400811e-03	-1.899845e-03	1.196933e-02	-1.386917e-02	1.291925e-02	1.131081e-04	-4.487200e-05	-8.889277e-05	-8.931839e-05	4.256134e-07
403           	1.702785e-02	8.627010e-03	8.400837e-03	-1.899846e-03	1.196932e-02	-1.386917e-02	1.291924e-02	1.130864e-04	-4.484988e-05	-8.886059e-05	-8.928018e-05	4.195855e-07
404           	1.702786e-02	8.626993e-03	8.400864e-03	-1.899848e-03	1.196931e-02	-1.386916e-02	1.291924e-02	1.130646e-04	-4.482764e-05	-8.882830e-05	-8.924179e-05	4.134899e-07
405           	1.702787e-02	8.626977e-03	8.400892e-03	-1.899849e-03	1.196931e-02	-1.386916e-02	1.291924e-02	1.130426e-04	-4.480530e-05	-8.879593e-05	-8.920327e-05	4.073390e-07
406           	1.702788e-02	8.626962e-03	8.400920e-03	-1.899851e-03	1.196931e-02	-1.386916e-02	1.291923e-02	1.130207e-04	-4.478290e-05	-8.876350e-05	-8.916465e-05	4.011440e-07
407           	1.702790e-02	8.626947e-03	8.400950e-03	-1.899852e-03	1.196931e-02	-1.386916e-02	1.291924e-02	1.129987e-04	-4.476044e-05	-8.873106e-05	-8.912597e-05	3.949160e-07
408           	1.702791e-02	8.626933e-03	8.400980e-03	-1.899853e-03	1.196931e-02	-1.386916e-02	1.291924e-02	1.129767e-04	-4.473797e-05	-8.869861e-05	-8.908728e-05	3.886648e-07
409           	1.702793e-02	8.626920e-03	8.401011e-03	-1.899855e-03	1.196931e-02	-1.386917e-02	1.291924e-02	1.129547e-04	-4.471550e-05	-8.866620e-05	-8.904860e-05	3.824024e-07
410           	1.702795e-02	8.626908e-03	8.401042e-03	-1.899856e-03	1.196932e-02	-1.386917e-02	1.291924e-02	1.129327e-04	-4.469306e-05	-8.863385e-05	-8.900999e-05	3.761407e-07
411           	1.702797e-02	8.626896e-03	8.401074e-03	-1.899857e-03	1.196932e-02	-1.386918e-02	1.291925e-02	1.129108e-04	-4.467068e-05	-8.860158e-05	-8.897147e-05	3.698907e-07
412           	1.702799e-02	8.626885e-03	8.401107e-03	-1.899859e-03	1.196933e-02	-1.386918e-02	1.291926e-02	1.128889e-04	-4.464838e-05	-8.856944e-05	-8.893311e-05	3.636637e-07
413           	1.702802e-02	8.626875e-03	8.401141e-03	-1.899860e-03	1.196933e-02	-1.386919e-02	1.291926e-02	1.128672e-04	-4.462620e-05	-8.853747e-05	-8.889494e-05	3.574700e-07
414           	1.702804e-02	8.626866e-03	8.401174e-03	-1.899861e-03	1.196934e-02	-1.386920e-02	1.291927e-02	1.128456e-04	-4.460416e-05	-8.850569e-05	-8.885701e-05	3.513181e-07
415           	1.702807e-02	8.626857e-03	8.401209e-03	-1.899862e-03	1.196935e-02	-1.386921e-02	1.291928e-02	1.128242e-04	-4.458229e-05	-8.847414e-05	-8.881936e-05	3.452172e-07
416           	1.702809e-02	8.626850e-03	8.401244e-03	-1.899863e-03	1.196936e-02	-1.386922e-02	1.291929e-02	1.128030e-04	-4.456060e-05	-8.844285e-05	-8.878203e-05	3.391756e-07
417           	1.702812e-02	8.626843e-03	8.401279e-03	-1.899865e-03	1.196937e-02	-1.386924e-02	1.291930e-02	1.127819e-04	-4.453912e-05	-8.841184e-05	-8.874505e-05	3.332019e-07
418           	1.702815e-02	8.626837e-03	8.401314e-03	-1.899866e-03	1.196939e-02	-1.386925e-02	1.291932e-02	1.127611e-04	-4.451787e-05	-8.838113e-05	-8.870843e-05	3.273003e-07
419           	1.702818e-02	8.626831e-03	8.401350e-03	-1.899867e-03	1.196940e-02	-1.386927e-02	1.291933e-02	1.127405e-04	-4.449684e-05	-8.835072e-05	-8.867220e-05	3.214735e-07
420           	1.702821e-02	8.626827e-03	8.401387e-03	-1.899868e-03	1.196941e-02	-1.386928e-02	1.291935e-02	1.127201e-04	-4.447603e-05	-8.832062e-05	-8.863634e-05	3.157222e-07
421           	1.702825e-02	8.626823e-03	8.401423e-03	-1.899869e-03	1.196943e-02	-1.386930e-02	1.291936e-02	1.126999e-04	-4.445544e-05	-8.829080e-05	-8.860085e-05	3.100433e-07
422           	1.702828e-02	8.626820e-03	8.401460e-03	-1.899870e-03	1.196945e-02	-1.386932e-02	1.291938e-02	1.126799e-04	-4.443507e-05	-8.826128e-05	-8.856571e-05	3.044348e-07
423           	1.702832e-02	8.626818e-03	8.401498e-03	-1.899871e-03	1.196946e-02	-1.386933e-02	1.291940e-02	1.126601e-04	-4.441492e-05	-8.823204e-05	-8.853094e-05	2.988953e-07
424           	1.702835e-02	8.626816e-03	8.401535e-03	-1.899872e-03	1.196948e-02	-1.386935e-02	1.291942e-02	1.126405e-04	-4.439497e-05	-8.820309e-05	-8.849652e-05	2.934230e-07
