# Force and moment coefficients
# dragDir     : (1.000000e+00 0.000000e+00 0.000000e+00)
# sideDir     : (0.000000e+00 1.000000e+00 0.000000e+00)
# liftDir     : (0.000000e+00 0.000000e+00 1.000000e+00)
# rollAxis    : (1.000000e+00 0.000000e+00 0.000000e+00)
# pitchAxis   : (0.000000e+00 1.000000e+00 0.000000e+00)
# yawAxis     : (0.000000e+00 0.000000e+00 1.000000e+00)
# magUInf     : 6.661800e+00
# lRef        : 1.499270e-01
# Aref        : 5.000000e-02
# CofR        : (0.000000e+00 0.000000e+00 0.000000e+00)
#
# Time        	Cd            	Cd(f)         	Cd(r)         	Cl            	Cl(f)         	Cl(r)         	CmPitch       	CmRoll        	CmYaw         	Cs            	Cs(f)         	Cs(r)         
1             	5.998490e-01	2.974680e-01	3.023809e-01	-2.294232e-02	6.737014e-01	-6.966437e-01	6.851726e-01	-2.456448e-03	-5.739192e-04	1.907627e-05	-5.643811e-04	5.834573e-04
2             	4.446346e-01	2.196465e-01	2.249880e-01	-2.807315e-02	4.942088e-01	-5.222819e-01	5.082454e-01	-2.670764e-03	-2.499419e-04	5.405461e-04	2.033120e-05	5.202149e-04
3             	3.411419e-01	1.682057e-01	1.729362e-01	-2.723654e-02	3.758129e-01	-4.030495e-01	3.894312e-01	-2.365280e-03	1.042613e-04	7.671786e-04	4.878506e-04	2.793280e-04
4             	2.629670e-01	1.297632e-01	1.332038e-01	-2.233970e-02	2.877508e-01	-3.100905e-01	2.989206e-01	-1.720286e-03	4.070819e-04	7.334320e-04	7.737979e-04	-4.036585e-05
5             	2.001686e-01	9.910912e-02	1.010595e-01	-1.541658e-02	2.180872e-01	-2.335038e-01	2.257955e-01	-9.751733e-04	6.547969e-04	5.910434e-04	9.503187e-04	-3.592752e-04
6             	1.501776e-01	7.476012e-02	7.541745e-02	-8.306868e-03	1.633378e-01	-1.716447e-01	1.674912e-01	-3.286628e-04	8.383672e-04	4.523656e-04	1.064550e-03	-6.121844e-04
7             	1.126194e-01	5.638870e-02	5.623073e-02	-2.341377e-03	1.226316e-01	-1.249730e-01	1.238023e-01	7.898842e-05	9.620385e-04	4.010678e-04	1.162572e-03	-7.615046e-04
8             	8.700653e-02	4.369415e-02	4.331237e-02	1.759466e-03	9.512352e-02	-9.336405e-02	9.424378e-02	1.908890e-04	1.031745e-03	4.684921e-04	1.265991e-03	-7.974986e-04
9             	7.191472e-02	3.598694e-02	3.592778e-02	3.844228e-03	7.905871e-02	-7.521448e-02	7.713660e-02	2.958036e-05	1.054092e-03	6.356789e-04	1.371931e-03	-7.362522e-04
10            	6.507495e-02	3.221718e-02	3.285777e-02	4.180375e-03	7.184869e-02	-6.766832e-02	6.975851e-02	-3.202935e-04	1.032582e-03	8.444637e-04	1.454814e-03	-6.103499e-04
11            	6.377819e-02	3.114227e-02	3.263591e-02	3.276541e-03	7.049534e-02	-6.721880e-02	6.885707e-02	-7.468199e-04	9.722851e-04	1.025433e-03	1.485002e-03	-4.595687e-04
12            	6.538991e-02	3.155106e-02	3.383885e-02	1.709151e-03	7.213149e-02	-7.042234e-02	7.127691e-02	-1.143895e-03	8.830707e-04	1.121740e-03	1.443941e-03	-3.222005e-04
13            	6.775136e-02	3.244548e-02	3.530588e-02	-9.395100e-06	7.444280e-02	-7.445220e-02	7.444750e-02	-1.430198e-03	7.756259e-04	1.099446e-03	1.325349e-03	-2.259031e-04
14            	6.940159e-02	3.313683e-02	3.626476e-02	-1.508572e-03	7.589169e-02	-7.740027e-02	7.664598e-02	-1.563965e-03	6.639322e-04	9.596703e-04	1.143767e-03	-1.840971e-04
15            	6.961963e-02	3.326223e-02	3.635740e-02	-2.586725e-03	7.574969e-02	-7.833641e-02	7.704305e-02	-1.547584e-03	5.643043e-04	7.361572e-04	9.323829e-04	-1.962258e-04
16            	6.831741e-02	3.274358e-02	3.557383e-02	-3.196622e-03	7.397254e-02	-7.716917e-02	7.557086e-02	-1.415123e-03	4.899008e-04	4.802439e-04	7.300228e-04	-2.497788e-04
17            	6.583195e-02	3.169777e-02	3.413419e-02	-3.402046e-03	7.096312e-02	-7.436517e-02	7.266415e-02	-1.218211e-03	4.485440e-04	2.466705e-04	5.718792e-04	-3.252088e-04
18            	6.271406e-02	3.034465e-02	3.236941e-02	-3.328743e-03	6.734103e-02	-7.066978e-02	6.900540e-02	-1.012383e-03	4.425272e-04	8.200703e-05	4.835308e-04	-4.015237e-04
19            	5.952447e-02	2.891957e-02	3.060490e-02	-3.115881e-03	6.372057e-02	-6.683645e-02	6.527851e-02	-8.426662e-04	4.661444e-04	1.214459e-05	4.722167e-04	-4.600721e-04
20            	5.669379e-02	2.761130e-02	2.908250e-02	-2.880667e-03	6.056172e-02	-6.344239e-02	6.200205e-02	-7.356014e-04	5.086034e-04	4.037724e-05	5.287920e-04	-4.884147e-04
21            	5.445782e-02	2.653163e-02	2.792618e-02	-2.699747e-03	5.810425e-02	-6.080400e-02	5.945413e-02	-6.972752e-04	5.558218e-04	1.482483e-04	6.299460e-04	-4.816977e-04
22            	5.285402e-02	2.571141e-02	2.714261e-02	-2.605015e-03	5.636881e-02	-5.897382e-02	5.767132e-02	-7.156006e-04	5.934009e-04	3.019645e-04	7.443831e-04	-4.424186e-04
23            	5.176924e-02	2.511747e-02	2.665178e-02	-2.591733e-03	5.521265e-02	-5.780438e-02	5.650852e-02	-7.671538e-04	6.097461e-04	4.614780e-04	8.404851e-04	-3.790071e-04
24            	5.100175e-02	2.467723e-02	2.632452e-02	-2.631213e-03	5.439999e-02	-5.703120e-02	5.571560e-02	-8.236470e-04	5.971425e-04	5.885657e-04	8.914253e-04	-3.028596e-04
25            	5.033919e-02	2.430763e-02	2.603157e-02	-2.687207e-03	5.368873e-02	-5.637593e-02	5.503233e-02	-8.619698e-04	5.563323e-04	6.586109e-04	8.856377e-04	-2.270268e-04
26            	4.961371e-02	2.394159e-02	2.567212e-02	-2.728365e-03	5.288991e-02	-5.561828e-02	5.425410e-02	-8.652666e-04	4.902128e-04	6.574029e-04	8.189143e-04	-1.615114e-04
27            	4.872836e-02	2.353659e-02	2.519177e-02	-2.735129e-03	5.189710e-02	-5.463223e-02	5.326466e-02	-8.275899e-04	4.063684e-04	5.864544e-04	6.995957e-04	-1.131412e-04
28            	4.766563e-02	2.307937e-02	2.458626e-02	-2.702629e-03	5.069436e-02	-5.339699e-02	5.204568e-02	-7.534460e-04	3.148965e-04	4.602978e-04	5.450454e-04	-8.474760e-05
29            	4.647431e-02	2.258241e-02	2.389190e-02	-2.638925e-03	4.934040e-02	-5.197932e-02	5.065986e-02	-6.547495e-04	2.260148e-04	3.015668e-04	3.767982e-04	-7.523134e-05
30            	4.524449e-02	2.207523e-02	2.316926e-02	-2.560543e-03	4.793945e-02	-5.049999e-02	4.921972e-02	-5.470172e-04	1.482089e-04	1.355638e-04	2.159907e-04	-8.042697e-05
31            	4.407484e-02	2.159226e-02	2.248258e-02	-2.486232e-03	4.660499e-02	-4.909122e-02	4.784811e-02	-4.451593e-04	8.650646e-05	-1.531369e-05	7.884961e-05	-9.416330e-05
32            	4.304701e-02	2.116250e-02	2.188451e-02	-2.431899e-03	4.543090e-02	-4.786280e-02	4.664685e-02	-3.610026e-04	4.305332e-05	-1.340973e-04	-2.399532e-05	-1.101020e-04
33            	4.220981e-02	2.080342e-02	2.140639e-02	-2.407332e-03	4.447355e-02	-4.688088e-02	4.567722e-02	-3.014886e-04	1.710844e-05	-2.115493e-04	-8.866620e-05	-1.228831e-04
34            	4.157295e-02	2.051844e-02	2.105451e-02	-2.414834e-03	4.374486e-02	-4.615969e-02	4.495227e-02	-2.680352e-04	5.431116e-06	-2.468640e-04	-1.180009e-04	-1.288631e-04
35            	4.111060e-02	2.029784e-02	2.081276e-02	-2.449806e-03	4.321628e-02	-4.566608e-02	4.444118e-02	-2.574582e-04	3.556163e-06	-2.459617e-04	-1.194247e-04	-1.265370e-04
36            	4.077227e-02	2.012277e-02	2.064950e-02	-2.502790e-03	4.283104e-02	-4.533383e-02	4.408244e-02	-2.633646e-04	6.735557e-06	-2.193522e-04	-1.029406e-04	-1.164117e-04
37            	4.049677e-02	1.997036e-02	2.052641e-02	-2.562176e-03	4.251996e-02	-4.508214e-02	4.380105e-02	-2.780233e-04	1.086792e-05	-1.793869e-04	-7.882554e-05	-1.005614e-04
38            	4.022616e-02	1.981904e-02	2.040711e-02	-2.616926e-03	4.221705e-02	-4.483397e-02	4.352551e-02	-2.940346e-04	1.303639e-05	-1.377960e-04	-5.586160e-05	-8.193439e-05
39            	3.991680e-02	1.965286e-02	2.026394e-02	-2.658758e-03	4.187200e-02	-4.453076e-02	4.320138e-02	-3.055432e-04	1.163628e-05	-1.039131e-04	-4.032028e-05	-6.359283e-05
40            	3.954496e-02	1.946360e-02	2.008136e-02	-2.683253e-03	4.145676e-02	-4.414001e-02	4.279838e-02	-3.088823e-04	6.201349e-06	-8.368511e-05	-3.564120e-05	-4.804390e-05
41            	3.910758e-02	1.925113e-02	1.985645e-02	-2.690032e-03	4.096657e-02	-4.365660e-02	4.231158e-02	-3.026594e-04	-2.879285e-06	-7.943618e-05	-4.259737e-05	-3.683880e-05
42            	3.861873e-02	1.902191e-02	1.959681e-02	-2.682081e-03	4.041626e-02	-4.309835e-02	4.175731e-02	-2.874507e-04	-1.472083e-05	-9.028999e-05	-5.986582e-05	-3.042417e-05
43            	3.810338e-02	1.878657e-02	1.931680e-02	-2.664536e-03	3.983340e-02	-4.249793e-02	4.116567e-02	-2.651167e-04	-2.835931e-05	-1.131398e-04	-8.492921e-05	-2.821059e-05
44            	3.759019e-02	1.855698e-02	1.903321e-02	-2.643284e-03	3.925021e-02	-4.189349e-02	4.057185e-02	-2.381124e-04	-4.300932e-05	-1.437241e-04	-1.148714e-04	-2.885274e-05
45            	3.710489e-02	1.834358e-02	1.876131e-02	-2.623664e-03	3.869621e-02	-4.131987e-02	4.000804e-02	-2.088655e-04	-5.817500e-05	-1.776271e-04	-1.469886e-04	-3.063855e-05
46            	3.666567e-02	1.815343e-02	1.851224e-02	-2.609566e-03	3.819284e-02	-4.080240e-02	3.949762e-02	-1.794072e-04	-7.363711e-05	-2.110535e-04	-1.791638e-04	-3.188963e-05
47            	3.628094e-02	1.798932e-02	1.829162e-02	-2.602978e-03	3.775069e-02	-4.035367e-02	3.905218e-02	-1.511492e-04	-8.935834e-05	-2.413160e-04	-2.100163e-04	-3.129965e-05
48            	3.594934e-02	1.784974e-02	1.809960e-02	-2.603992e-03	3.736940e-02	-3.997339e-02	3.867139e-02	-1.249320e-04	-1.053081e-04	-2.669448e-04	-2.387805e-04	-2.816430e-05
49            	3.566180e-02	1.772976e-02	1.793204e-02	-2.611178e-03	3.703968e-02	-3.965086e-02	3.834527e-02	-1.011410e-04	-1.213350e-04	-2.875736e-04	-2.651218e-04	-2.245178e-05
50            	3.540466e-02	1.762238e-02	1.778228e-02	-2.622178e-03	3.674667e-02	-3.936885e-02	3.805776e-02	-7.995068e-05	-1.370466e-04	-3.036076e-04	-2.888504e-04	-1.475716e-05
51            	3.516304e-02	1.752001e-02	1.764303e-02	-2.634354e-03	3.647370e-02	-3.910805e-02	3.779088e-02	-6.151029e-05	-1.517980e-04	-3.158565e-04	-3.097262e-04	-6.130255e-06
52            	3.492389e-02	1.741591e-02	1.750798e-02	-2.645370e-03	3.620566e-02	-3.885103e-02	3.752835e-02	-4.603920e-05	-1.647788e-04	-3.252036e-04	-3.273806e-04	2.177023e-06
53            	3.467803e-02	1.730522e-02	1.737280e-02	-2.653582e-03	3.593148e-02	-3.858507e-02	3.725828e-02	-3.379031e-05	-1.751782e-04	-3.324085e-04	-3.413825e-04	8.973964e-06
54            	3.442109e-02	1.718553e-02	1.723556e-02	-2.658223e-03	3.564529e-02	-3.830352e-02	3.697441e-02	-2.501789e-05	-1.823349e-04	-3.379769e-04	-3.513233e-04	1.334647e-05
55            	3.415334e-02	1.705684e-02	1.709651e-02	-2.659376e-03	3.534644e-02	-3.800581e-02	3.667612e-02	-1.983455e-05	-1.859100e-04	-3.421830e-04	-3.570015e-04	1.481848e-05
56            	3.387869e-02	1.692126e-02	1.695743e-02	-2.657788e-03	3.503850e-02	-3.769628e-02	3.636739e-02	-1.808396e-05	-1.860016e-04	-3.451708e-04	-3.585870e-04	1.341617e-05
57            	3.360317e-02	1.678230e-02	1.682087e-02	-2.654599e-03	3.472775e-02	-3.738235e-02	3.605505e-02	-1.928186e-05	-1.831661e-04	-3.470601e-04	-3.566962e-04	9.636100e-06
58            	3.333334e-02	1.664408e-02	1.668926e-02	-2.651043e-03	3.442144e-02	-3.707248e-02	3.574696e-02	-2.258880e-05	-1.783758e-04	-3.480704e-04	-3.524110e-04	4.340568e-06
59            	3.307493e-02	1.651062e-02	1.656431e-02	-2.648198e-03	3.412620e-02	-3.677440e-02	3.545030e-02	-2.684659e-05	-1.729140e-04	-3.486174e-04	-3.472227e-04	-1.394731e-06
60            	3.283184e-02	1.638519e-02	1.644665e-02	-2.646804e-03	3.384692e-02	-3.649372e-02	3.517032e-02	-3.072664e-05	-1.681848e-04	-3.493035e-04	-3.428366e-04	-6.466919e-06
61            	3.260574e-02	1.626994e-02	1.633580e-02	-2.647193e-03	3.358616e-02	-3.623335e-02	3.490975e-02	-3.293009e-05	-1.655025e-04	-3.508440e-04	-3.409245e-04	-9.919511e-06
62            	3.239614e-02	1.616572e-02	1.623043e-02	-2.649308e-03	3.334408e-02	-3.599339e-02	3.466874e-02	-3.235357e-05	-1.659228e-04	-3.539854e-04	-3.429155e-04	-1.106991e-05
63            	3.220084e-02	1.607215e-02	1.612870e-02	-2.652782e-03	3.311887e-02	-3.577165e-02	3.444526e-02	-2.827521e-05	-1.700773e-04	-3.593557e-04	-3.497552e-04	-9.600558e-06
64            	3.201658e-02	1.598785e-02	1.602873e-02	-2.657071e-03	3.290734e-02	-3.556441e-02	3.423587e-02	-2.043897e-05	-1.781125e-04	-3.673650e-04	-3.617950e-04	-5.569989e-06
65            	3.183981e-02	1.591081e-02	1.592900e-02	-2.661583e-03	3.270572e-02	-3.536730e-02	3.403651e-02	-9.097311e-06	-1.896724e-04	-3.781082e-04	-3.787265e-04	6.183406e-07
66            	3.166727e-02	1.583868e-02	1.582859e-02	-2.665791e-03	3.251036e-02	-3.517615e-02	3.384326e-02	5.049746e-06	-2.039775e-04	-3.913418e-04	-3.996484e-04	8.306608e-06
67            	3.149651e-02	1.576920e-02	1.572731e-02	-2.669317e-03	3.231827e-02	-3.498759e-02	3.365293e-02	2.094765e-05	-2.199340e-04	-4.064921e-04	-4.231801e-04	1.668796e-05
68            	3.132605e-02	1.570040e-02	1.562565e-02	-2.671965e-03	3.212742e-02	-3.479938e-02	3.346340e-02	3.737522e-05	-2.363129e-04	-4.227459e-04	-4.476859e-04	2.493999e-05
69            	3.115544e-02	1.563083e-02	1.552461e-02	-2.673718e-03	3.193681e-02	-3.461053e-02	3.327367e-02	5.310737e-05	-2.519071e-04	-4.391562e-04	-4.714852e-04	3.232903e-05
70            	3.098505e-02	1.555959e-02	1.542546e-02	-2.674705e-03	3.174641e-02	-3.442111e-02	3.308376e-02	6.706697e-05	-2.656781e-04	-4.547677e-04	-4.930619e-04	3.829424e-05
71            	3.081578e-02	1.548640e-02	1.532938e-02	-2.675141e-03	3.155686e-02	-3.423200e-02	3.289443e-02	7.851279e-05	-2.769070e-04	-4.687730e-04	-5.112935e-04	4.252053e-05
72            	3.064880e-02	1.541144e-02	1.523736e-02	-2.675276e-03	3.136922e-02	-3.404450e-02	3.270686e-02	8.704211e-05	-2.852181e-04	-4.805725e-04	-5.255043e-04	4.493182e-05
73            	3.048523e-02	1.533525e-02	1.514999e-02	-2.675340e-03	3.118465e-02	-3.385999e-02	3.252232e-02	9.262858e-05	-2.906052e-04	-4.898513e-04	-5.355308e-04	4.567956e-05
74            	3.032598e-02	1.525857e-02	1.506741e-02	-2.675513e-03	3.100418e-02	-3.367970e-02	3.234194e-02	9.558123e-05	-2.933922e-04	-4.965958e-04	-5.416902e-04	4.509433e-05
75            	3.017159e-02	1.518230e-02	1.498929e-02	-2.675905e-03	3.082859e-02	-3.350449e-02	3.216654e-02	9.650487e-05	-2.941851e-04	-5.011029e-04	-5.447365e-04	4.363363e-05
76            	3.002223e-02	1.510728e-02	1.491496e-02	-2.676556e-03	3.065830e-02	-3.333485e-02	3.199658e-02	9.616081e-05	-2.937462e-04	-5.038926e-04	-5.456925e-04	4.179991e-05
77            	2.987778e-02	1.503425e-02	1.484353e-02	-2.677446e-03	3.049340e-02	-3.317085e-02	3.183213e-02	9.536306e-05	-2.928914e-04	-5.056315e-04	-5.457072e-04	4.007567e-05
78            	2.973786e-02	1.496379e-02	1.477406e-02	-2.678517e-03	3.033374e-02	-3.301225e-02	3.167300e-02	9.486609e-05	-2.923828e-04	-5.070339e-04	-5.458997e-04	3.886584e-05
79            	2.960199e-02	1.489627e-02	1.470572e-02	-2.679692e-03	3.017895e-02	-3.285864e-02	3.151880e-02	9.527481e-05	-2.928404e-04	-5.087651e-04	-5.472229e-04	3.845785e-05
80            	2.946969e-02	1.483183e-02	1.463786e-02	-2.680899e-03	3.002862e-02	-3.270952e-02	3.136907e-02	9.698841e-05	-2.946846e-04	-5.113646e-04	-5.503669e-04	3.900232e-05
81            	2.934053e-02	1.477042e-02	1.457011e-02	-2.682079e-03	2.988231e-02	-3.256438e-02	3.122334e-02	1.001549e-04	-2.980922e-04	-5.151763e-04	-5.556803e-04	4.050400e-05
82            	2.921423e-02	1.471188e-02	1.450235e-02	-2.683200e-03	2.973965e-02	-3.242285e-02	3.108125e-02	1.047648e-04	-3.030633e-04	-5.203849e-04	-5.632558e-04	4.287086e-05
83            	2.909060e-02	1.465590e-02	1.443470e-02	-2.684253e-03	2.960038e-02	-3.228463e-02	3.094251e-02	1.106001e-04	-3.093884e-04	-5.269573e-04	-5.728671e-04	4.590982e-05
84            	2.896958e-02	1.460210e-02	1.436747e-02	-2.685248e-03	2.946429e-02	-3.214954e-02	3.080692e-02	1.173150e-04	-3.167163e-04	-5.346883e-04	-5.840604e-04	4.937216e-05
85            	2.885114e-02	1.455007e-02	1.430107e-02	-2.686205e-03	2.933125e-02	-3.201745e-02	3.067435e-02	1.245005e-04	-3.246143e-04	-5.432443e-04	-5.962365e-04	5.299221e-05
86            	2.873532e-02	1.449940e-02	1.423592e-02	-2.687146e-03	2.920116e-02	-3.188831e-02	3.054473e-02	1.317412e-04	-3.326306e-04	-5.522216e-04	-6.087414e-04	5.651982e-05
87            	2.862212e-02	1.444972e-02	1.417240e-02	-2.688091e-03	2.907396e-02	-3.176205e-02	3.041800e-02	1.386634e-04	-3.403451e-04	-5.611992e-04	-6.209447e-04	5.974555e-05
88            	2.851153e-02	1.440074e-02	1.411079e-02	-2.689051e-03	2.894957e-02	-3.163862e-02	3.029409e-02	1.449718e-04	-3.474123e-04	-5.697891e-04	-6.323068e-04	6.251778e-05
89            	2.840350e-02	1.435222e-02	1.405128e-02	-2.690027e-03	2.882791e-02	-3.151794e-02	3.017292e-02	1.504721e-04	-3.535900e-04	-5.776789e-04	-6.424295e-04	6.475061e-05
90            	2.829791e-02	1.430400e-02	1.399392e-02	-2.691011e-03	2.870887e-02	-3.139988e-02	3.005438e-02	1.550409e-04	-3.587253e-04	-5.846316e-04	-6.510411e-04	6.640945e-05
91            	2.819467e-02	1.425606e-02	1.393861e-02	-2.691992e-03	2.859238e-02	-3.128437e-02	2.993838e-02	1.587246e-04	-3.628287e-04	-5.905700e-04	-6.581138e-04	6.754372e-05
92            	2.809364e-02	1.420842e-02	1.388522e-02	-2.692955e-03	2.847832e-02	-3.117128e-02	2.982480e-02	1.616021e-04	-3.659717e-04	-5.954875e-04	-6.637154e-04	6.822798e-05
93            	2.799470e-02	1.416116e-02	1.383354e-02	-2.693887e-03	2.836661e-02	-3.106050e-02	2.971355e-02	1.638074e-04	-3.682966e-04	-5.994654e-04	-6.680292e-04	6.856388e-05
94            	2.789775e-02	1.411437e-02	1.378338e-02	-2.694779e-03	2.825717e-02	-3.095195e-02	2.960456e-02	1.654910e-04	-3.699798e-04	-6.026401e-04	-6.712999e-04	6.865980e-05
95            	2.780271e-02	1.406817e-02	1.373454e-02	-2.695625e-03	2.814995e-02	-3.084557e-02	2.949776e-02	1.668110e-04	-3.712151e-04	-6.051862e-04	-6.738082e-04	6.862202e-05
96            	2.770955e-02	1.402269e-02	1.368687e-02	-2.696431e-03	2.804491e-02	-3.074134e-02	2.939313e-02	1.679113e-04	-3.721856e-04	-6.072872e-04	-6.758292e-04	6.854196e-05
97            	2.761827e-02	1.397804e-02	1.364023e-02	-2.697203e-03	2.794207e-02	-3.063927e-02	2.929067e-02	1.689075e-04	-3.730464e-04	-6.091140e-04	-6.776034e-04	6.848939e-05
98            	2.752887e-02	1.393432e-02	1.359455e-02	-2.697954e-03	2.784140e-02	-3.053936e-02	2.919038e-02	1.698817e-04	-3.739135e-04	-6.108084e-04	-6.793177e-04	6.850925e-05
99            	2.744137e-02	1.389157e-02	1.354981e-02	-2.698697e-03	2.774293e-02	-3.044163e-02	2.909228e-02	1.708796e-04	-3.748576e-04	-6.124717e-04	-6.810934e-04	6.862173e-05
100           	2.735580e-02	1.384982e-02	1.350598e-02	-2.699444e-03	2.764665e-02	-3.034609e-02	2.899637e-02	1.719158e-04	-3.759067e-04	-6.141624e-04	-6.829879e-04	6.882550e-05
101           	2.727215e-02	1.380906e-02	1.346310e-02	-2.700205e-03	2.755254e-02	-3.025275e-02	2.890265e-02	1.729807e-04	-3.770528e-04	-6.158998e-04	-6.850027e-04	6.910293e-05
102           	2.719042e-02	1.376925e-02	1.342117e-02	-2.700985e-03	2.746059e-02	-3.016157e-02	2.881108e-02	1.740412e-04	-3.782578e-04	-6.176678e-04	-6.870917e-04	6.942388e-05
103           	2.711057e-02	1.373035e-02	1.338022e-02	-2.701786e-03	2.737073e-02	-3.007252e-02	2.872163e-02	1.750680e-04	-3.794721e-04	-6.194305e-04	-6.891873e-04	6.975686e-05
104           	2.703256e-02	1.369230e-02	1.334026e-02	-2.702607e-03	2.728294e-02	-2.998554e-02	2.863424e-02	1.760222e-04	-3.806380e-04	-6.211394e-04	-6.912077e-04	7.006834e-05
105           	2.695632e-02	1.365502e-02	1.330129e-02	-2.703442e-03	2.719712e-02	-2.990056e-02	2.854884e-02	1.768668e-04	-3.816970e-04	-6.227366e-04	-6.930653e-04	7.032871e-05
106           	2.688177e-02	1.361846e-02	1.326331e-02	-2.704283e-03	2.711320e-02	-2.981748e-02	2.846534e-02	1.775719e-04	-3.825997e-04	-6.241682e-04	-6.946839e-04	7.051562e-05
107           	2.680885e-02	1.358254e-02	1.322631e-02	-2.705122e-03	2.703110e-02	-2.973622e-02	2.838366e-02	1.781162e-04	-3.833099e-04	-6.253907e-04	-6.960052e-04	7.061450e-05
108           	2.673748e-02	1.354723e-02	1.319025e-02	-2.705952e-03	2.695076e-02	-2.965671e-02	2.830373e-02	1.784879e-04	-3.838062e-04	-6.263744e-04	-6.969934e-04	7.061899e-05
109           	2.666762e-02	1.351249e-02	1.315512e-02	-2.706767e-03	2.687211e-02	-2.957888e-02	2.822550e-02	1.786846e-04	-3.840824e-04	-6.271049e-04	-6.976349e-04	7.053000e-05
110           	2.659920e-02	1.347831e-02	1.312089e-02	-2.707564e-03	2.679511e-02	-2.950268e-02	2.814889e-02	1.787101e-04	-3.841450e-04	-6.275819e-04	-6.979359e-04	7.035406e-05
111           	2.653220e-02	1.344467e-02	1.308752e-02	-2.708342e-03	2.671971e-02	-2.942806e-02	2.807389e-02	1.785729e-04	-3.840094e-04	-6.278158e-04	-6.979173e-04	7.010147e-05
112           	2.646657e-02	1.341157e-02	1.305501e-02	-2.709102e-03	2.664588e-02	-2.935499e-02	2.800043e-02	1.782802e-04	-3.836956e-04	-6.278247e-04	-6.976079e-04	6.978322e-05
113           	2.640231e-02	1.337901e-02	1.302330e-02	-2.709846e-03	2.657360e-02	-2.928344e-02	2.792852e-02	1.778527e-04	-3.832307e-04	-6.276337e-04	-6.970475e-04	6.941383e-05
114           	2.633940e-02	1.334700e-02	1.299239e-02	-2.710577e-03	2.650283e-02	-2.921341e-02	2.785812e-02	1.773047e-04	-3.826396e-04	-6.272686e-04	-6.962739e-04	6.900526e-05
115           	2.627782e-02	1.331556e-02	1.296226e-02	-2.711298e-03	2.643356e-02	-2.914486e-02	2.778921e-02	1.766495e-04	-3.819454e-04	-6.267549e-04	-6.953228e-04	6.856796e-05
116           	2.621755e-02	1.328468e-02	1.293288e-02	-2.712011e-03	2.636578e-02	-2.907779e-02	2.772178e-02	1.758991e-04	-3.811679e-04	-6.261145e-04	-6.942251e-04	6.811061e-05
117           	2.615859e-02	1.325436e-02	1.290423e-02	-2.712719e-03	2.629944e-02	-2.901216e-02	2.765580e-02	1.750641e-04	-3.803227e-04	-6.253663e-04	-6.930059e-04	6.763954e-05
118           	2.610091e-02	1.322461e-02	1.287630e-02	-2.713423e-03	2.623454e-02	-2.894797e-02	2.759126e-02	1.741524e-04	-3.794199e-04	-6.245235e-04	-6.916816e-04	6.715810e-05
119           	2.604448e-02	1.319541e-02	1.284907e-02	-2.714122e-03	2.617105e-02	-2.888517e-02	2.752811e-02	1.731712e-04	-3.784662e-04	-6.235962e-04	-6.902643e-04	6.666813e-05
120           	2.598929e-02	1.316677e-02	1.282252e-02	-2.714817e-03	2.610894e-02	-2.882375e-02	2.746635e-02	1.721256e-04	-3.774652e-04	-6.225905e-04	-6.887604e-04	6.616991e-05
121           	2.593529e-02	1.313864e-02	1.279665e-02	-2.715504e-03	2.604816e-02	-2.876366e-02	2.740591e-02	1.709911e-04	-3.763976e-04	-6.214929e-04	-6.871440e-04	6.565114e-05
122           	2.588248e-02	1.311107e-02	1.277141e-02	-2.716187e-03	2.598871e-02	-2.870490e-02	2.734681e-02	1.698299e-04	-3.753091e-04	-6.203459e-04	-6.854821e-04	6.513615e-05
123           	2.583082e-02	1.308403e-02	1.274679e-02	-2.716862e-03	2.593056e-02	-2.864742e-02	2.728899e-02	1.686180e-04	-3.741779e-04	-6.191314e-04	-6.837437e-04	6.461220e-05
124           	2.578028e-02	1.305750e-02	1.272278e-02	-2.717528e-03	2.587366e-02	-2.859119e-02	2.723242e-02	1.673608e-04	-3.730061e-04	-6.178534e-04	-6.819329e-04	6.407943e-05
125           	2.573084e-02	1.303148e-02	1.269935e-02	-2.718183e-03	2.581799e-02	-2.853617e-02	2.717708e-02	1.660643e-04	-3.717965e-04	-6.165162e-04	-6.800546e-04	6.353840e-05
126           	2.568246e-02	1.300596e-02	1.267650e-02	-2.718828e-03	2.576352e-02	-2.848235e-02	2.712294e-02	1.647344e-04	-3.705525e-04	-6.151244e-04	-6.781146e-04	6.299027e-05
127           	2.563513e-02	1.298094e-02	1.265419e-02	-2.719461e-03	2.571023e-02	-2.842969e-02	2.706996e-02	1.633766e-04	-3.692777e-04	-6.136826e-04	-6.761191e-04	6.243642e-05
128           	2.558882e-02	1.295641e-02	1.263241e-02	-2.720083e-03	2.565809e-02	-2.837817e-02	2.701813e-02	1.619962e-04	-3.679764e-04	-6.121962e-04	-6.740745e-04	6.187834e-05
129           	2.554351e-02	1.293235e-02	1.261116e-02	-2.720692e-03	2.560706e-02	-2.832776e-02	2.696741e-02	1.605973e-04	-3.666522e-04	-6.106697e-04	-6.719871e-04	6.131737e-05
130           	2.549918e-02	1.290878e-02	1.259041e-02	-2.721290e-03	2.555714e-02	-2.827843e-02	2.691779e-02	1.591850e-04	-3.653101e-04	-6.091091e-04	-6.698646e-04	6.075550e-05
131           	2.545581e-02	1.288565e-02	1.257016e-02	-2.721874e-03	2.550829e-02	-2.823016e-02	2.686922e-02	1.577432e-04	-3.639408e-04	-6.075086e-04	-6.676951e-04	6.018651e-05
132           	2.541338e-02	1.286299e-02	1.255038e-02	-2.722447e-03	2.546049e-02	-2.818294e-02	2.682171e-02	1.563035e-04	-3.625657e-04	-6.058866e-04	-6.655090e-04	5.962241e-05
133           	2.537187e-02	1.284081e-02	1.253107e-02	-2.723009e-03	2.541373e-02	-2.813674e-02	2.677524e-02	1.548687e-04	-3.611868e-04	-6.042459e-04	-6.633098e-04	5.906390e-05
134           	2.533128e-02	1.281908e-02	1.251220e-02	-2.723561e-03	2.536800e-02	-2.809156e-02	2.672978e-02	1.534406e-04	-3.598056e-04	-6.025886e-04	-6.610999e-04	5.851133e-05
135           	2.529158e-02	1.279781e-02	1.249377e-02	-2.724101e-03	2.532326e-02	-2.804736e-02	2.668531e-02	1.520179e-04	-3.584206e-04	-6.009138e-04	-6.588775e-04	5.796372e-05
136           	2.525275e-02	1.277697e-02	1.247578e-02	-2.724630e-03	2.527950e-02	-2.800413e-02	2.664181e-02	1.505994e-04	-3.570303e-04	-5.992206e-04	-6.566406e-04	5.742000e-05
137           	2.521477e-02	1.275657e-02	1.245820e-02	-2.725147e-03	2.523669e-02	-2.796184e-02	2.659927e-02	1.491837e-04	-3.556332e-04	-5.975085e-04	-6.543875e-04	5.687897e-05
138           	2.517763e-02	1.273659e-02	1.244105e-02	-2.725653e-03	2.519482e-02	-2.792048e-02	2.655765e-02	1.477694e-04	-3.542278e-04	-5.957768e-04	-6.521162e-04	5.633935e-05
139           	2.514131e-02	1.271701e-02	1.242430e-02	-2.726146e-03	2.515387e-02	-2.788002e-02	2.651694e-02	1.463565e-04	-3.528144e-04	-5.940274e-04	-6.498281e-04	5.580072e-05
140           	2.510579e-02	1.269784e-02	1.240795e-02	-2.726627e-03	2.511382e-02	-2.784044e-02	2.647713e-02	1.449457e-04	-3.513952e-04	-5.922635e-04	-6.475269e-04	5.526344e-05
141           	2.507106e-02	1.267906e-02	1.239199e-02	-2.727097e-03	2.507464e-02	-2.780174e-02	2.643819e-02	1.435367e-04	-3.499717e-04	-5.904880e-04	-6.452157e-04	5.472766e-05
142           	2.503709e-02	1.266068e-02	1.237642e-02	-2.727554e-03	2.503634e-02	-2.776389e-02	2.640011e-02	1.421301e-04	-3.485462e-04	-5.887046e-04	-6.428985e-04	5.419392e-05
143           	2.500388e-02	1.264267e-02	1.236121e-02	-2.727999e-03	2.499887e-02	-2.772687e-02	2.636287e-02	1.407267e-04	-3.471208e-04	-5.869165e-04	-6.405791e-04	5.366260e-05
144           	2.497141e-02	1.262503e-02	1.234638e-02	-2.728433e-03	2.496224e-02	-2.769067e-02	2.632646e-02	1.393274e-04	-3.456976e-04	-5.851268e-04	-6.382610e-04	5.313420e-05
145           	2.493967e-02	1.260777e-02	1.233190e-02	-2.728855e-03	2.492642e-02	-2.765528e-02	2.629085e-02	1.379328e-04	-3.442782e-04	-5.833382e-04	-6.359474e-04	5.260913e-05
146           	2.490865e-02	1.259087e-02	1.231778e-02	-2.729268e-03	2.489142e-02	-2.762069e-02	2.625605e-02	1.365457e-04	-3.428674e-04	-5.815582e-04	-6.336465e-04	5.208829e-05
147           	2.487831e-02	1.257432e-02	1.230399e-02	-2.729669e-03	2.485719e-02	-2.758686e-02	2.622202e-02	1.351624e-04	-3.414655e-04	-5.797889e-04	-6.313599e-04	5.157107e-05
148           	2.484866e-02	1.255812e-02	1.229054e-02	-2.730060e-03	2.482372e-02	-2.755378e-02	2.618875e-02	1.337878e-04	-3.400731e-04	-5.780282e-04	-6.290872e-04	5.105904e-05
149           	2.481968e-02	1.254226e-02	1.227742e-02	-2.730439e-03	2.479100e-02	-2.752144e-02	2.615622e-02	1.324223e-04	-3.386910e-04	-5.762765e-04	-6.268292e-04	5.055269e-05
150           	2.479134e-02	1.252674e-02	1.226460e-02	-2.730806e-03	2.475902e-02	-2.748982e-02	2.612442e-02	1.310670e-04	-3.373213e-04	-5.745363e-04	-6.245894e-04	5.005311e-05
151           	2.476365e-02	1.251155e-02	1.225210e-02	-2.731160e-03	2.472775e-02	-2.745891e-02	2.609333e-02	1.297238e-04	-3.359674e-04	-5.728113e-04	-6.223730e-04	4.956177e-05
152           	2.473658e-02	1.249669e-02	1.223990e-02	-2.731503e-03	2.469718e-02	-2.742869e-02	2.606293e-02	1.283939e-04	-3.346327e-04	-5.711053e-04	-6.201854e-04	4.908005e-05
153           	2.471013e-02	1.248214e-02	1.222799e-02	-2.731835e-03	2.466731e-02	-2.739914e-02	2.603322e-02	1.270796e-04	-3.333209e-04	-5.694229e-04	-6.180323e-04	4.860945e-05
154           	2.468428e-02	1.246792e-02	1.221636e-02	-2.732156e-03	2.463810e-02	-2.737026e-02	2.600418e-02	1.257824e-04	-3.320351e-04	-5.677679e-04	-6.159191e-04	4.815119e-05
155           	2.465901e-02	1.245401e-02	1.220500e-02	-2.732466e-03	2.460956e-02	-2.734202e-02	2.597579e-02	1.245045e-04	-3.307788e-04	-5.661446e-04	-6.138511e-04	4.770645e-05
156           	2.463432e-02	1.244041e-02	1.219391e-02	-2.732767e-03	2.458166e-02	-2.731443e-02	2.594804e-02	1.232473e-04	-3.295537e-04	-5.645559e-04	-6.118317e-04	4.727574e-05
157           	2.461019e-02	1.242711e-02	1.218308e-02	-2.733058e-03	2.455439e-02	-2.728745e-02	2.592092e-02	1.220117e-04	-3.283607e-04	-5.630033e-04	-6.098624e-04	4.685905e-05
158           	2.458661e-02	1.241411e-02	1.217251e-02	-2.733340e-03	2.452774e-02	-2.726108e-02	2.589441e-02	1.207996e-04	-3.272005e-04	-5.614883e-04	-6.079446e-04	4.645634e-05
159           	2.456357e-02	1.240140e-02	1.216217e-02	-2.733613e-03	2.450170e-02	-2.723531e-02	2.586851e-02	1.196128e-04	-3.260741e-04	-5.600124e-04	-6.060803e-04	4.606791e-05
160           	2.454106e-02	1.238898e-02	1.215208e-02	-2.733878e-03	2.447625e-02	-2.721013e-02	2.584319e-02	1.184532e-04	-3.249825e-04	-5.585769e-04	-6.042710e-04	4.569411e-05
161           	2.451907e-02	1.237686e-02	1.214221e-02	-2.734134e-03	2.445138e-02	-2.718552e-02	2.581845e-02	1.173227e-04	-3.239262e-04	-5.571822e-04	-6.025173e-04	4.533512e-05
162           	2.449758e-02	1.236501e-02	1.213257e-02	-2.734382e-03	2.442708e-02	-2.716146e-02	2.579427e-02	1.162225e-04	-3.229047e-04	-5.558279e-04	-6.008186e-04	4.499073e-05
163           	2.447659e-02	1.235345e-02	1.212314e-02	-2.734622e-03	2.440334e-02	-2.713796e-02	2.577065e-02	1.151528e-04	-3.219168e-04	-5.545129e-04	-5.991733e-04	4.466036e-05
164           	2.445608e-02	1.234215e-02	1.211393e-02	-2.734853e-03	2.438014e-02	-2.711500e-02	2.574757e-02	1.141127e-04	-3.209608e-04	-5.532354e-04	-5.975785e-04	4.434312e-05
165           	2.443605e-02	1.233113e-02	1.210492e-02	-2.735077e-03	2.435748e-02	-2.709256e-02	2.572502e-02	1.131022e-04	-3.200360e-04	-5.519946e-04	-5.960333e-04	4.403872e-05
166           	2.441648e-02	1.232036e-02	1.209612e-02	-2.735292e-03	2.433535e-02	-2.707064e-02	2.570299e-02	1.121220e-04	-3.191420e-04	-5.507900e-04	-5.945370e-04	4.374703e-05
167           	2.439737e-02	1.230986e-02	1.208751e-02	-2.735499e-03	2.431372e-02	-2.704922e-02	2.568147e-02	1.111725e-04	-3.182784e-04	-5.496213e-04	-5.930891e-04	4.346779e-05
168           	2.437871e-02	1.229961e-02	1.207910e-02	-2.735699e-03	2.429260e-02	-2.702830e-02	2.566045e-02	1.102540e-04	-3.174444e-04	-5.484876e-04	-5.916882e-04	4.320060e-05
169           	2.436048e-02	1.228961e-02	1.207087e-02	-2.735892e-03	2.427197e-02	-2.700786e-02	2.563991e-02	1.093657e-04	-3.166385e-04	-5.473878e-04	-5.903324e-04	4.294459e-05
170           	2.434268e-02	1.227984e-02	1.206283e-02	-2.736077e-03	2.425182e-02	-2.698789e-02	2.561986e-02	1.085064e-04	-3.158595e-04	-5.463209e-04	-5.890200e-04	4.269909e-05
171           	2.432529e-02	1.227032e-02	1.205497e-02	-2.736255e-03	2.423214e-02	-2.696839e-02	2.560026e-02	1.076731e-04	-3.151052e-04	-5.452848e-04	-5.877476e-04	4.246279e-05
172           	2.430832e-02	1.226102e-02	1.204730e-02	-2.736426e-03	2.421291e-02	-2.694934e-02	2.558113e-02	1.068634e-04	-3.143737e-04	-5.442779e-04	-5.865127e-04	4.223475e-05
173           	2.429174e-02	1.225195e-02	1.203980e-02	-2.736591e-03	2.419414e-02	-2.693073e-02	2.556244e-02	1.060757e-04	-3.136640e-04	-5.432993e-04	-5.853137e-04	4.201438e-05
174           	2.427556e-02	1.224309e-02	1.203247e-02	-2.736749e-03	2.417581e-02	-2.691256e-02	2.554419e-02	1.053091e-04	-3.129752e-04	-5.423478e-04	-5.841491e-04	4.180129e-05
175           	2.425976e-02	1.223444e-02	1.202532e-02	-2.736901e-03	2.415792e-02	-2.689482e-02	2.552637e-02	1.045627e-04	-3.123070e-04	-5.414232e-04	-5.830186e-04	4.159538e-05
176           	2.424433e-02	1.222600e-02	1.201833e-02	-2.737048e-03	2.414044e-02	-2.687749e-02	2.550896e-02	1.038359e-04	-3.116596e-04	-5.405256e-04	-5.819224e-04	4.139678e-05
177           	2.422927e-02	1.221777e-02	1.201151e-02	-2.737188e-03	2.412338e-02	-2.686057e-02	2.549197e-02	1.031284e-04	-3.110327e-04	-5.396544e-04	-5.808599e-04	4.120550e-05
178           	2.421457e-02	1.220973e-02	1.200485e-02	-2.737322e-03	2.410672e-02	-2.684404e-02	2.547538e-02	1.024380e-04	-3.104251e-04	-5.388075e-04	-5.798288e-04	4.102134e-05
179           	2.420023e-02	1.220188e-02	1.199834e-02	-2.737451e-03	2.409046e-02	-2.682791e-02	2.545918e-02	1.017694e-04	-3.098395e-04	-5.379876e-04	-5.788333e-04	4.084575e-05
180           	2.418623e-02	1.219424e-02	1.199199e-02	-2.737575e-03	2.407459e-02	-2.681216e-02	2.544337e-02	1.011242e-04	-3.092768e-04	-5.371950e-04	-5.778743e-04	4.067931e-05
181           	2.417256e-02	1.218678e-02	1.198578e-02	-2.737694e-03	2.405909e-02	-2.679679e-02	2.542794e-02	1.005036e-04	-3.087371e-04	-5.364295e-04	-5.769519e-04	4.052233e-05
182           	2.415923e-02	1.217952e-02	1.197971e-02	-2.737808e-03	2.404397e-02	-2.678178e-02	2.541288e-02	9.990830e-05	-3.082200e-04	-5.356905e-04	-5.760653e-04	4.037478e-05
183           	2.414622e-02	1.217245e-02	1.197377e-02	-2.737917e-03	2.402922e-02	-2.676714e-02	2.539818e-02	9.933810e-05	-3.077250e-04	-5.349771e-04	-5.752136e-04	4.023646e-05
184           	2.413352e-02	1.216555e-02	1.196797e-02	-2.738021e-03	2.401482e-02	-2.675284e-02	2.538383e-02	9.879300e-05	-3.072517e-04	-5.342890e-04	-5.743961e-04	4.010717e-05
185           	2.412114e-02	1.215884e-02	1.196230e-02	-2.738121e-03	2.400076e-02	-2.673888e-02	2.536982e-02	9.827298e-05	-3.067996e-04	-5.336258e-04	-5.736125e-04	3.998673e-05
186           	2.410905e-02	1.215230e-02	1.195675e-02	-2.738216e-03	2.398705e-02	-2.672527e-02	2.535616e-02	9.777748e-05	-3.063681e-04	-5.329867e-04	-5.728615e-04	3.987476e-05
187           	2.409727e-02	1.214594e-02	1.195133e-02	-2.738306e-03	2.397367e-02	-2.671198e-02	2.534282e-02	9.730595e-05	-3.059566e-04	-5.323713e-04	-5.721422e-04	3.977091e-05
188           	2.408577e-02	1.213974e-02	1.194602e-02	-2.738393e-03	2.396061e-02	-2.669901e-02	2.532981e-02	9.685787e-05	-3.055644e-04	-5.317789e-04	-5.714539e-04	3.967498e-05
189           	2.407455e-02	1.213371e-02	1.194084e-02	-2.738475e-03	2.394787e-02	-2.668635e-02	2.531711e-02	9.643302e-05	-3.051915e-04	-5.312093e-04	-5.707962e-04	3.958686e-05
190           	2.406361e-02	1.212783e-02	1.193577e-02	-2.738554e-03	2.393545e-02	-2.667400e-02	2.530472e-02	9.603104e-05	-3.048373e-04	-5.306620e-04	-5.701683e-04	3.950625e-05
191           	2.405294e-02	1.212212e-02	1.193082e-02	-2.738628e-03	2.392332e-02	-2.666195e-02	2.529264e-02	9.565042e-05	-3.045003e-04	-5.301356e-04	-5.695681e-04	3.943246e-05
192           	2.404252e-02	1.211655e-02	1.192598e-02	-2.738698e-03	2.391149e-02	-2.665019e-02	2.528084e-02	9.528600e-05	-3.041780e-04	-5.296286e-04	-5.689923e-04	3.936369e-05
193           	2.403237e-02	1.211112e-02	1.192125e-02	-2.738765e-03	2.389996e-02	-2.663872e-02	2.526934e-02	9.493828e-05	-3.038681e-04	-5.291370e-04	-5.684366e-04	3.929959e-05
194           	2.402248e-02	1.210584e-02	1.191663e-02	-2.738829e-03	2.388871e-02	-2.662754e-02	2.525812e-02	9.460419e-05	-3.035679e-04	-5.286583e-04	-5.678970e-04	3.923871e-05
195           	2.401283e-02	1.210070e-02	1.191213e-02	-2.738890e-03	2.387774e-02	-2.661663e-02	2.524718e-02	9.428092e-05	-3.032749e-04	-5.281903e-04	-5.673700e-04	3.917976e-05
196           	2.400343e-02	1.209568e-02	1.190775e-02	-2.738948e-03	2.386705e-02	-2.660600e-02	2.523652e-02	9.396619e-05	-3.029875e-04	-5.277314e-04	-5.668532e-04	3.912177e-05
197           	2.399426e-02	1.209079e-02	1.190347e-02	-2.739003e-03	2.385662e-02	-2.659563e-02	2.522613e-02	9.365791e-05	-3.027043e-04	-5.272805e-04	-5.663445e-04	3.906400e-05
198           	2.398533e-02	1.208602e-02	1.189931e-02	-2.739056e-03	2.384646e-02	-2.658552e-02	2.521599e-02	9.335486e-05	-3.024245e-04	-5.268369e-04	-5.658429e-04	3.900608e-05
199           	2.397662e-02	1.208137e-02	1.189526e-02	-2.739105e-03	2.383655e-02	-2.657566e-02	2.520611e-02	9.305618e-05	-3.021477e-04	-5.263997e-04	-5.653475e-04	3.894783e-05
200           	2.396814e-02	1.207683e-02	1.189131e-02	-2.739152e-03	2.382690e-02	-2.656605e-02	2.519647e-02	9.276170e-05	-3.018736e-04	-5.259687e-04	-5.648580e-04	3.888929e-05
201           	2.395986e-02	1.207240e-02	1.188746e-02	-2.739196e-03	2.381748e-02	-2.655668e-02	2.518708e-02	9.247178e-05	-3.016026e-04	-5.255436e-04	-5.643744e-04	3.883075e-05
202           	2.395180e-02	1.206809e-02	1.188371e-02	-2.739237e-03	2.380830e-02	-2.654754e-02	2.517792e-02	9.218704e-05	-3.013350e-04	-5.251246e-04	-5.638972e-04	3.877267e-05
203           	2.394395e-02	1.206388e-02	1.188007e-02	-2.739276e-03	2.379936e-02	-2.653863e-02	2.516900e-02	9.190831e-05	-3.010715e-04	-5.247118e-04	-5.634274e-04	3.871565e-05
204           	2.393629e-02	1.205978e-02	1.187651e-02	-2.739313e-03	2.379064e-02	-2.652996e-02	2.516030e-02	9.163677e-05	-3.008134e-04	-5.243059e-04	-5.629663e-04	3.866042e-05
205           	2.392884e-02	1.205579e-02	1.187305e-02	-2.739348e-03	2.378215e-02	-2.652150e-02	2.515182e-02	9.137357e-05	-3.005615e-04	-5.239075e-04	-5.625152e-04	3.860770e-05
206           	2.392158e-02	1.205191e-02	1.186967e-02	-2.739380e-03	2.377388e-02	-2.651326e-02	2.514357e-02	9.112007e-05	-3.003169e-04	-5.235175e-04	-5.620756e-04	3.855811e-05
207           	2.391450e-02	1.204813e-02	1.186637e-02	-2.739411e-03	2.376582e-02	-2.650523e-02	2.513552e-02	9.087774e-05	-3.000806e-04	-5.231367e-04	-5.616489e-04	3.851224e-05
208           	2.390761e-02	1.204445e-02	1.186316e-02	-2.739440e-03	2.375797e-02	-2.649741e-02	2.512769e-02	9.064791e-05	-2.998536e-04	-5.227661e-04	-5.612367e-04	3.847054e-05
209           	2.390090e-02	1.204088e-02	1.186002e-02	-2.739467e-03	2.375032e-02	-2.648979e-02	2.512005e-02	9.043146e-05	-2.996364e-04	-5.224064e-04	-5.608396e-04	3.843321e-05
210           	2.389437e-02	1.203741e-02	1.185696e-02	-2.739493e-03	2.374288e-02	-2.648237e-02	2.511262e-02	9.022835e-05	-2.994285e-04	-5.220572e-04	-5.604571e-04	3.839994e-05
211           	2.388801e-02	1.203404e-02	1.185397e-02	-2.739517e-03	2.373563e-02	-2.647514e-02	2.510538e-02	9.003771e-05	-2.992289e-04	-5.217176e-04	-5.600877e-04	3.837004e-05
212           	2.388182e-02	1.203077e-02	1.185105e-02	-2.739539e-03	2.372857e-02	-2.646811e-02	2.509834e-02	8.985795e-05	-2.990356e-04	-5.213860e-04	-5.597286e-04	3.834259e-05
213           	2.387580e-02	1.202758e-02	1.184821e-02	-2.739561e-03	2.372170e-02	-2.646126e-02	2.509148e-02	8.968707e-05	-2.988468e-04	-5.210605e-04	-5.593770e-04	3.831657e-05
214           	2.386993e-02	1.202449e-02	1.184544e-02	-2.739581e-03	2.371501e-02	-2.645459e-02	2.508480e-02	8.952324e-05	-2.986606e-04	-5.207391e-04	-5.590302e-04	3.829111e-05
215           	2.386422e-02	1.202148e-02	1.184275e-02	-2.739599e-03	2.370849e-02	-2.644809e-02	2.507829e-02	8.936520e-05	-2.984759e-04	-5.204206e-04	-5.586862e-04	3.826556e-05
216           	2.385866e-02	1.201854e-02	1.184012e-02	-2.739616e-03	2.370215e-02	-2.644177e-02	2.507196e-02	8.921097e-05	-2.982923e-04	-5.201061e-04	-5.583453e-04	3.823922e-05
217           	2.385325e-02	1.201569e-02	1.183756e-02	-2.739631e-03	2.369598e-02	-2.643561e-02	2.506579e-02	8.906120e-05	-2.981084e-04	-5.197922e-04	-5.580045e-04	3.821226e-05
218           	2.384799e-02	1.201291e-02	1.183508e-02	-2.739646e-03	2.368998e-02	-2.642962e-02	2.505980e-02	8.891522e-05	-2.979239e-04	-5.194786e-04	-5.576632e-04	3.818455e-05
219           	2.384288e-02	1.201021e-02	1.183267e-02	-2.739661e-03	2.368414e-02	-2.642380e-02	2.505397e-02	8.877237e-05	-2.977385e-04	-5.191651e-04	-5.573210e-04	3.815598e-05
220           	2.383791e-02	1.200759e-02	1.183032e-02	-2.739675e-03	2.367847e-02	-2.641814e-02	2.504830e-02	8.863223e-05	-2.975525e-04	-5.188518e-04	-5.569784e-04	3.812660e-05
221           	2.383307e-02	1.200503e-02	1.182804e-02	-2.739688e-03	2.367295e-02	-2.641263e-02	2.504279e-02	8.849420e-05	-2.973660e-04	-5.185392e-04	-5.566356e-04	3.809645e-05
222           	2.382837e-02	1.200254e-02	1.182583e-02	-2.739700e-03	2.366758e-02	-2.640728e-02	2.503743e-02	8.835785e-05	-2.971794e-04	-5.182275e-04	-5.562931e-04	3.806564e-05
223           	2.382380e-02	1.200012e-02	1.182368e-02	-2.739712e-03	2.366236e-02	-2.640207e-02	2.503222e-02	8.822306e-05	-2.969931e-04	-5.179174e-04	-5.559518e-04	3.803440e-05
224           	2.381936e-02	1.199777e-02	1.182159e-02	-2.739723e-03	2.365728e-02	-2.639701e-02	2.502715e-02	8.808983e-05	-2.968077e-04	-5.176094e-04	-5.556124e-04	3.800299e-05
225           	2.381504e-02	1.199548e-02	1.181956e-02	-2.739733e-03	2.365235e-02	-2.639208e-02	2.502221e-02	8.795824e-05	-2.966236e-04	-5.173040e-04	-5.552757e-04	3.797162e-05
226           	2.381084e-02	1.199325e-02	1.181759e-02	-2.739742e-03	2.364755e-02	-2.638729e-02	2.501742e-02	8.782852e-05	-2.964413e-04	-5.170017e-04	-5.549422e-04	3.794047e-05
227           	2.380675e-02	1.199108e-02	1.181568e-02	-2.739750e-03	2.364288e-02	-2.638264e-02	2.501276e-02	8.770101e-05	-2.962611e-04	-5.167028e-04	-5.546125e-04	3.790968e-05
228           	2.380279e-02	1.198897e-02	1.181382e-02	-2.739758e-03	2.363835e-02	-2.637811e-02	2.500823e-02	8.757580e-05	-2.960829e-04	-5.164072e-04	-5.542865e-04	3.787925e-05
229           	2.379893e-02	1.198692e-02	1.181201e-02	-2.739765e-03	2.363395e-02	-2.637371e-02	2.500383e-02	8.745275e-05	-2.959065e-04	-5.161147e-04	-5.539638e-04	3.784908e-05
230           	2.379519e-02	1.198493e-02	1.181026e-02	-2.739772e-03	2.362967e-02	-2.636944e-02	2.499955e-02	8.733137e-05	-2.957314e-04	-5.158249e-04	-5.536439e-04	3.781894e-05
231           	2.379155e-02	1.198299e-02	1.180857e-02	-2.739779e-03	2.362551e-02	-2.636529e-02	2.499540e-02	8.721123e-05	-2.955574e-04	-5.155374e-04	-5.533261e-04	3.778872e-05
232           	2.378802e-02	1.198110e-02	1.180692e-02	-2.739785e-03	2.362147e-02	-2.636126e-02	2.499136e-02	8.709220e-05	-2.953845e-04	-5.152521e-04	-5.530106e-04	3.775843e-05
233           	2.378656e-02	1.198027e-02	1.180629e-02	-2.739822e-03	2.361980e-02	-2.635962e-02	2.498971e-02	8.699046e-05	-2.952910e-04	-5.150955e-04	-5.528387e-04	3.774329e-05
234           	2.378529e-02	1.197954e-02	1.180574e-02	-2.739874e-03	2.361832e-02	-2.635820e-02	2.498826e-02	8.690005e-05	-2.952498e-04	-5.150246e-04	-5.527621e-04	3.773756e-05
235           	2.378408e-02	1.197886e-02	1.180522e-02	-2.739929e-03	2.361692e-02	-2.635685e-02	2.498688e-02	8.682252e-05	-2.952340e-04	-5.149956e-04	-5.527318e-04	3.773619e-05
236           	2.378282e-02	1.197816e-02	1.180466e-02	-2.739973e-03	2.361546e-02	-2.635544e-02	2.498545e-02	8.675124e-05	-2.952162e-04	-5.149670e-04	-5.526997e-04	3.773265e-05
237           	2.378145e-02	1.197740e-02	1.180404e-02	-2.739995e-03	2.361386e-02	-2.635386e-02	2.498386e-02	8.667935e-05	-2.951756e-04	-5.149077e-04	-5.526294e-04	3.772176e-05
238           	2.377991e-02	1.197656e-02	1.180335e-02	-2.739992e-03	2.361208e-02	-2.635208e-02	2.498208e-02	8.660252e-05	-2.951027e-04	-5.148028e-04	-5.525041e-04	3.770133e-05
239           	2.377821e-02	1.197563e-02	1.180259e-02	-2.739965e-03	2.361013e-02	-2.635009e-02	2.498011e-02	8.652038e-05	-2.949952e-04	-5.146493e-04	-5.523198e-04	3.767051e-05
240           	2.377640e-02	1.197463e-02	1.180177e-02	-2.739920e-03	2.360804e-02	-2.634796e-02	2.497800e-02	8.642898e-05	-2.948547e-04	-5.144503e-04	-5.520798e-04	3.762948e-05
241           	2.377452e-02	1.197358e-02	1.180094e-02	-2.739865e-03	2.360588e-02	-2.634574e-02	2.497581e-02	8.632233e-05	-2.946846e-04	-5.142117e-04	-5.517905e-04	3.757877e-05
242           	2.377263e-02	1.197251e-02	1.180012e-02	-2.739807e-03	2.360370e-02	-2.634351e-02	2.497361e-02	8.619759e-05	-2.944929e-04	-5.139450e-04	-5.514654e-04	3.752041e-05
243           	2.377079e-02	1.197145e-02	1.179934e-02	-2.739755e-03	2.360158e-02	-2.634134e-02	2.497146e-02	8.605678e-05	-2.942905e-04	-5.136656e-04	-5.511233e-04	3.745776e-05
244           	2.376902e-02	1.197041e-02	1.179860e-02	-2.739713e-03	2.359955e-02	-2.633927e-02	2.496941e-02	8.590512e-05	-2.940886e-04	-5.133882e-04	-5.507827e-04	3.739455e-05
245           	2.376735e-02	1.196942e-02	1.179792e-02	-2.739685e-03	2.359764e-02	-2.633733e-02	2.496749e-02	8.574909e-05	-2.938962e-04	-5.131243e-04	-5.504583e-04	3.733406e-05
246           	2.376578e-02	1.196849e-02	1.179730e-02	-2.739671e-03	2.359585e-02	-2.633552e-02	2.496569e-02	8.559520e-05	-2.937192e-04	-5.128809e-04	-5.501596e-04	3.727877e-05
247           	2.376431e-02	1.196761e-02	1.179671e-02	-2.739669e-03	2.359417e-02	-2.633384e-02	2.496401e-02	8.544922e-05	-2.935607e-04	-5.126610e-04	-5.498913e-04	3.723021e-05
248           	2.376291e-02	1.196677e-02	1.179614e-02	-2.739674e-03	2.359258e-02	-2.633225e-02	2.496242e-02	8.531522e-05	-2.934211e-04	-5.124643e-04	-5.496533e-04	3.718893e-05
249           	2.376157e-02	1.196598e-02	1.179559e-02	-2.739684e-03	2.359104e-02	-2.633073e-02	2.496088e-02	8.519504e-05	-2.932982e-04	-5.122874e-04	-5.494419e-04	3.715453e-05
250           	2.376024e-02	1.196521e-02	1.179503e-02	-2.739694e-03	2.358953e-02	-2.632923e-02	2.495938e-02	8.508853e-05	-2.931887e-04	-5.121254e-04	-5.492514e-04	3.712597e-05
251           	2.375893e-02	1.196446e-02	1.179447e-02	-2.739702e-03	2.358803e-02	-2.632774e-02	2.495788e-02	8.499401e-05	-2.930885e-04	-5.119731e-04	-5.490750e-04	3.710191e-05
252           	2.375761e-02	1.196371e-02	1.179389e-02	-2.739705e-03	2.358653e-02	-2.632623e-02	2.495638e-02	8.490907e-05	-2.929940e-04	-5.118260e-04	-5.489070e-04	3.708099e-05
253           	2.375628e-02	1.196297e-02	1.179331e-02	-2.739703e-03	2.358501e-02	-2.632471e-02	2.495486e-02	8.483121e-05	-2.929026e-04	-5.116810e-04	-5.487431e-04	3.706212e-05
254           	2.375495e-02	1.196223e-02	1.179271e-02	-2.739697e-03	2.358348e-02	-2.632318e-02	2.495333e-02	8.475834e-05	-2.928127e-04	-5.115362e-04	-5.485809e-04	3.704461e-05
255           	2.375361e-02	1.196150e-02	1.179212e-02	-2.739688e-03	2.358196e-02	-2.632164e-02	2.495180e-02	8.468912e-05	-2.927240e-04	-5.113916e-04	-5.484198e-04	3.702817e-05
256           	2.375229e-02	1.196077e-02	1.179152e-02	-2.739677e-03	2.358044e-02	-2.632012e-02	2.495028e-02	8.462297e-05	-2.926370e-04	-5.112481e-04	-5.482610e-04	3.701292e-05
257           	2.375098e-02	1.196005e-02	1.179093e-02	-2.739666e-03	2.357894e-02	-2.631861e-02	2.494877e-02	8.456006e-05	-2.925527e-04	-5.111071e-04	-5.481063e-04	3.699917e-05
258           	2.374970e-02	1.195935e-02	1.179035e-02	-2.739656e-03	2.357747e-02	-2.631713e-02	2.494730e-02	8.450104e-05	-2.924726e-04	-5.109705e-04	-5.479579e-04	3.698739e-05
259           	2.374845e-02	1.195867e-02	1.178978e-02	-2.739647e-03	2.357603e-02	-2.631568e-02	2.494586e-02	8.444675e-05	-2.923979e-04	-5.108398e-04	-5.478178e-04	3.697798e-05
260           	2.374723e-02	1.195801e-02	1.178921e-02	-2.739640e-03	2.357463e-02	-2.631427e-02	2.494445e-02	8.440128e-05	-2.923325e-04	-5.107209e-04	-5.476930e-04	3.697203e-05
261           	2.374604e-02	1.195738e-02	1.178866e-02	-2.739636e-03	2.357326e-02	-2.631290e-02	2.494308e-02	8.436022e-05	-2.922720e-04	-5.106074e-04	-5.475757e-04	3.696831e-05
262           	2.374487e-02	1.195676e-02	1.178811e-02	-2.739633e-03	2.357193e-02	-2.631157e-02	2.494175e-02	8.432348e-05	-2.922160e-04	-5.104988e-04	-5.474654e-04	3.696658e-05
263           	2.374374e-02	1.195616e-02	1.178758e-02	-2.739632e-03	2.357063e-02	-2.631027e-02	2.494045e-02	8.429093e-05	-2.921639e-04	-5.103946e-04	-5.473612e-04	3.696654e-05
264           	2.374263e-02	1.195558e-02	1.178705e-02	-2.739632e-03	2.356936e-02	-2.630900e-02	2.493918e-02	8.426236e-05	-2.921151e-04	-5.102944e-04	-5.472623e-04	3.696790e-05
265           	2.374154e-02	1.195501e-02	1.178653e-02	-2.739632e-03	2.356812e-02	-2.630775e-02	2.493793e-02	8.423741e-05	-2.920692e-04	-5.101977e-04	-5.471680e-04	3.697036e-05
266           	2.374047e-02	1.195445e-02	1.178602e-02	-2.739631e-03	2.356689e-02	-2.630652e-02	2.493671e-02	8.421564e-05	-2.920256e-04	-5.101039e-04	-5.470775e-04	3.697364e-05
267           	2.373941e-02	1.195390e-02	1.178551e-02	-2.739631e-03	2.356568e-02	-2.630531e-02	2.493550e-02	8.419659e-05	-2.919839e-04	-5.100127e-04	-5.469902e-04	3.697753e-05
268           	2.373837e-02	1.195336e-02	1.178500e-02	-2.739630e-03	2.356449e-02	-2.630412e-02	2.493430e-02	8.417973e-05	-2.919437e-04	-5.099237e-04	-5.469056e-04	3.698184e-05
269           	2.373734e-02	1.195283e-02	1.178450e-02	-2.739628e-03	2.356331e-02	-2.630294e-02	2.493313e-02	8.416462e-05	-2.919048e-04	-5.098367e-04	-5.468232e-04	3.698646e-05
270           	2.373633e-02	1.195231e-02	1.178401e-02	-2.739626e-03	2.356216e-02	-2.630178e-02	2.493197e-02	8.415094e-05	-2.918671e-04	-5.097515e-04	-5.467428e-04	3.699132e-05
271           	2.373533e-02	1.195180e-02	1.178353e-02	-2.739624e-03	2.356102e-02	-2.630064e-02	2.493083e-02	8.413847e-05	-2.918304e-04	-5.096681e-04	-5.466644e-04	3.699639e-05
272           	2.373435e-02	1.195130e-02	1.178305e-02	-2.739622e-03	2.355990e-02	-2.629952e-02	2.492971e-02	8.412714e-05	-2.917948e-04	-5.095863e-04	-5.465880e-04	3.700169e-05
273           	2.373339e-02	1.195081e-02	1.178258e-02	-2.739620e-03	2.355880e-02	-2.629842e-02	2.492861e-02	8.411697e-05	-2.917604e-04	-5.095062e-04	-5.465135e-04	3.700726e-05
274           	2.373244e-02	1.195033e-02	1.178211e-02	-2.739619e-03	2.355772e-02	-2.629733e-02	2.492752e-02	8.410808e-05	-2.917271e-04	-5.094279e-04	-5.464411e-04	3.701315e-05
275           	2.373152e-02	1.194986e-02	1.178166e-02	-2.739617e-03	2.355666e-02	-2.629627e-02	2.492646e-02	8.410067e-05	-2.916952e-04	-5.093514e-04	-5.463709e-04	3.701946e-05
276           	2.373060e-02	1.194940e-02	1.178121e-02	-2.739615e-03	2.355561e-02	-2.629522e-02	2.492542e-02	8.409479e-05	-2.916657e-04	-5.092804e-04	-5.463059e-04	3.702552e-05
277           	2.372971e-02	1.194894e-02	1.178076e-02	-2.739614e-03	2.355458e-02	-2.629420e-02	2.492439e-02	8.409048e-05	-2.916373e-04	-5.092101e-04	-5.462423e-04	3.703225e-05
278           	2.372883e-02	1.194850e-02	1.178033e-02	-2.739612e-03	2.355358e-02	-2.629319e-02	2.492338e-02	8.408756e-05	-2.916096e-04	-5.091401e-04	-5.461796e-04	3.703953e-05
279           	2.372797e-02	1.194807e-02	1.177990e-02	-2.739611e-03	2.355259e-02	-2.629220e-02	2.492240e-02	8.408594e-05	-2.915825e-04	-5.090706e-04	-5.461178e-04	3.704725e-05
280           	2.372713e-02	1.194765e-02	1.177948e-02	-2.739611e-03	2.355163e-02	-2.629124e-02	2.492143e-02	8.408573e-05	-2.915562e-04	-5.090017e-04	-5.460571e-04	3.705540e-05
281           	2.372630e-02	1.194724e-02	1.177906e-02	-2.739610e-03	2.355068e-02	-2.629029e-02	2.492048e-02	8.408711e-05	-2.915310e-04	-5.089339e-04	-5.459979e-04	3.706401e-05
282           	2.372548e-02	1.194683e-02	1.177865e-02	-2.739610e-03	2.354975e-02	-2.628936e-02	2.491955e-02	8.409026e-05	-2.915070e-04	-5.088677e-04	-5.459408e-04	3.707312e-05
283           	2.372468e-02	1.194644e-02	1.177825e-02	-2.739609e-03	2.354883e-02	-2.628844e-02	2.491863e-02	8.409529e-05	-2.914845e-04	-5.088035e-04	-5.458863e-04	3.708276e-05
284           	2.372390e-02	1.194605e-02	1.177785e-02	-2.739608e-03	2.354793e-02	-2.628754e-02	2.491773e-02	8.410219e-05	-2.914636e-04	-5.087414e-04	-5.458344e-04	3.709294e-05
285           	2.372313e-02	1.194568e-02	1.177745e-02	-2.739608e-03	2.354705e-02	-2.628666e-02	2.491685e-02	8.411907e-05	-2.914503e-04	-5.086863e-04	-5.457934e-04	3.710717e-05
286           	2.372237e-02	1.194532e-02	1.177705e-02	-2.739608e-03	2.354618e-02	-2.628579e-02	2.491599e-02	8.413552e-05	-2.914368e-04	-5.086319e-04	-5.457527e-04	3.712087e-05
287           	2.372163e-02	1.194496e-02	1.177666e-02	-2.739607e-03	2.354533e-02	-2.628494e-02	2.491514e-02	8.415125e-05	-2.914229e-04	-5.085780e-04	-5.457119e-04	3.713394e-05
288           	2.372090e-02	1.194461e-02	1.177628e-02	-2.739607e-03	2.354449e-02	-2.628410e-02	2.491430e-02	8.416617e-05	-2.914087e-04	-5.085245e-04	-5.456709e-04	3.714639e-05
289           	2.372018e-02	1.194427e-02	1.177591e-02	-2.739606e-03	2.354367e-02	-2.628328e-02	2.491347e-02	8.418038e-05	-2.913940e-04	-5.084714e-04	-5.456297e-04	3.715831e-05
290           	2.371947e-02	1.194393e-02	1.177554e-02	-2.739605e-03	2.354286e-02	-2.628247e-02	2.491266e-02	8.419404e-05	-2.913791e-04	-5.084186e-04	-5.455884e-04	3.716980e-05
291           	2.371878e-02	1.194360e-02	1.177518e-02	-2.739605e-03	2.354207e-02	-2.628167e-02	2.491187e-02	8.420737e-05	-2.913641e-04	-5.083662e-04	-5.455472e-04	3.718099e-05
292           	2.371809e-02	1.194327e-02	1.177482e-02	-2.739604e-03	2.354129e-02	-2.628089e-02	2.491109e-02	8.422270e-05	-2.913516e-04	-5.083194e-04	-5.455112e-04	3.719186e-05
293           	2.371743e-02	1.194295e-02	1.177448e-02	-2.739603e-03	2.354052e-02	-2.628013e-02	2.491032e-02	8.423716e-05	-2.913382e-04	-5.082713e-04	-5.454739e-04	3.720255e-05
294           	2.371678e-02	1.194264e-02	1.177414e-02	-2.739603e-03	2.353978e-02	-2.627938e-02	2.490958e-02	8.425051e-05	-2.913238e-04	-5.082216e-04	-5.454346e-04	3.721297e-05
295           	2.371614e-02	1.194233e-02	1.177381e-02	-2.739603e-03	2.353905e-02	-2.627865e-02	2.490885e-02	8.426275e-05	-2.913083e-04	-5.081704e-04	-5.453935e-04	3.722308e-05
296           	2.371551e-02	1.194203e-02	1.177348e-02	-2.739604e-03	2.353833e-02	-2.627794e-02	2.490814e-02	8.427417e-05	-2.912921e-04	-5.081183e-04	-5.453512e-04	3.723291e-05
297           	2.371490e-02	1.194174e-02	1.177317e-02	-2.739605e-03	2.353764e-02	-2.627724e-02	2.490744e-02	8.428519e-05	-2.912755e-04	-5.080658e-04	-5.453084e-04	3.724261e-05
298           	2.371431e-02	1.194145e-02	1.177286e-02	-2.739606e-03	2.353695e-02	-2.627656e-02	2.490676e-02	8.429631e-05	-2.912593e-04	-5.080138e-04	-5.452662e-04	3.725234e-05
299           	2.371372e-02	1.194117e-02	1.177255e-02	-2.739607e-03	2.353628e-02	-2.627589e-02	2.490609e-02	8.430793e-05	-2.912437e-04	-5.079629e-04	-5.452252e-04	3.726225e-05
300           	2.371314e-02	1.194089e-02	1.177225e-02	-2.739608e-03	2.353562e-02	-2.627523e-02	2.490543e-02	8.432036e-05	-2.912293e-04	-5.079136e-04	-5.451860e-04	3.727247e-05
301           	2.371258e-02	1.194062e-02	1.177196e-02	-2.739609e-03	2.353498e-02	-2.627459e-02	2.490478e-02	8.433368e-05	-2.912160e-04	-5.078660e-04	-5.451490e-04	3.728303e-05
302           	2.371202e-02	1.194036e-02	1.177166e-02	-2.739610e-03	2.353434e-02	-2.627395e-02	2.490415e-02	8.434785e-05	-2.912040e-04	-5.078201e-04	-5.451141e-04	3.729395e-05
303           	2.371148e-02	1.194010e-02	1.177138e-02	-2.739610e-03	2.353372e-02	-2.627333e-02	2.490353e-02	8.436273e-05	-2.911931e-04	-5.077759e-04	-5.450811e-04	3.730515e-05
304           	2.371095e-02	1.193985e-02	1.177109e-02	-2.739611e-03	2.353311e-02	-2.627272e-02	2.490292e-02	8.437813e-05	-2.911831e-04	-5.077330e-04	-5.450496e-04	3.731657e-05
305           	2.371042e-02	1.193960e-02	1.177082e-02	-2.739612e-03	2.353251e-02	-2.627212e-02	2.490232e-02	8.439385e-05	-2.911737e-04	-5.076912e-04	-5.450193e-04	3.732812e-05
306           	2.370991e-02	1.193936e-02	1.177055e-02	-2.739613e-03	2.353193e-02	-2.627154e-02	2.490173e-02	8.440974e-05	-2.911648e-04	-5.076502e-04	-5.449899e-04	3.733970e-05
307           	2.370941e-02	1.193913e-02	1.177028e-02	-2.739614e-03	2.353135e-02	-2.627097e-02	2.490116e-02	8.442566e-05	-2.911561e-04	-5.076097e-04	-5.449609e-04	3.735127e-05
308           	2.370892e-02	1.193890e-02	1.177002e-02	-2.739615e-03	2.353079e-02	-2.627041e-02	2.490060e-02	8.444151e-05	-2.911475e-04	-5.075696e-04	-5.449323e-04	3.736274e-05
309           	2.370844e-02	1.193868e-02	1.176976e-02	-2.739616e-03	2.353024e-02	-2.626986e-02	2.490005e-02	8.445716e-05	-2.911389e-04	-5.075297e-04	-5.449038e-04	3.737407e-05
310           	2.370797e-02	1.193846e-02	1.176951e-02	-2.739618e-03	2.352971e-02	-2.626932e-02	2.489951e-02	8.447252e-05	-2.911302e-04	-5.074900e-04	-5.448752e-04	3.738520e-05
311           	2.370751e-02	1.193824e-02	1.176927e-02	-2.739619e-03	2.352918e-02	-2.626880e-02	2.489899e-02	8.448750e-05	-2.911213e-04	-5.074504e-04	-5.448465e-04	3.739610e-05
312           	2.370706e-02	1.193803e-02	1.176903e-02	-2.739621e-03	2.352867e-02	-2.626829e-02	2.489848e-02	8.450199e-05	-2.911121e-04	-5.074108e-04	-5.448175e-04	3.740671e-05
313           	2.370662e-02	1.193782e-02	1.176879e-02	-2.739622e-03	2.352816e-02	-2.626778e-02	2.489797e-02	8.451596e-05	-2.911027e-04	-5.073713e-04	-5.447883e-04	3.741702e-05
314           	2.370618e-02	1.193762e-02	1.176856e-02	-2.739624e-03	2.352767e-02	-2.626729e-02	2.489748e-02	8.452937e-05	-2.910929e-04	-5.073318e-04	-5.447588e-04	3.742701e-05
315           	2.370576e-02	1.193742e-02	1.176834e-02	-2.739626e-03	2.352719e-02	-2.626681e-02	2.489700e-02	8.454214e-05	-2.910828e-04	-5.072923e-04	-5.447289e-04	3.743667e-05
316           	2.370535e-02	1.193723e-02	1.176812e-02	-2.739628e-03	2.352672e-02	-2.626634e-02	2.489653e-02	8.455416e-05	-2.910723e-04	-5.072527e-04	-5.446987e-04	3.744597e-05
317           	2.370495e-02	1.193704e-02	1.176791e-02	-2.739629e-03	2.352626e-02	-2.626589e-02	2.489607e-02	8.456539e-05	-2.910614e-04	-5.072130e-04	-5.446679e-04	3.745490e-05
318           	2.370455e-02	1.193685e-02	1.176770e-02	-2.739631e-03	2.352581e-02	-2.626544e-02	2.489562e-02	8.457577e-05	-2.910500e-04	-5.071732e-04	-5.446366e-04	3.746344e-05
319           	2.370416e-02	1.193667e-02	1.176750e-02	-2.739633e-03	2.352537e-02	-2.626500e-02	2.489518e-02	8.458528e-05	-2.910381e-04	-5.071331e-04	-5.446047e-04	3.747159e-05
320           	2.370379e-02	1.193649e-02	1.176730e-02	-2.739635e-03	2.352493e-02	-2.626457e-02	2.489475e-02	8.459390e-05	-2.910258e-04	-5.070928e-04	-5.445722e-04	3.747934e-05
321           	2.370342e-02	1.193631e-02	1.176711e-02	-2.739637e-03	2.352451e-02	-2.626415e-02	2.489433e-02	8.460164e-05	-2.910129e-04	-5.070523e-04	-5.445390e-04	3.748671e-05
322           	2.370306e-02	1.193614e-02	1.176692e-02	-2.739639e-03	2.352410e-02	-2.626374e-02	2.489392e-02	8.460850e-05	-2.909994e-04	-5.070115e-04	-5.445052e-04	3.749369e-05
323           	2.370270e-02	1.193597e-02	1.176674e-02	-2.739641e-03	2.352370e-02	-2.626334e-02	2.489352e-02	8.461450e-05	-2.909855e-04	-5.069704e-04	-5.444706e-04	3.750028e-05
324           	2.370236e-02	1.193580e-02	1.176656e-02	-2.739644e-03	2.352331e-02	-2.626295e-02	2.489313e-02	8.461961e-05	-2.909709e-04	-5.069289e-04	-5.444354e-04	3.750650e-05
325           	2.370202e-02	1.193563e-02	1.176639e-02	-2.739646e-03	2.352292e-02	-2.626257e-02	2.489275e-02	8.462387e-05	-2.909559e-04	-5.068871e-04	-5.443994e-04	3.751233e-05
326           	2.370169e-02	1.193548e-02	1.176621e-02	-2.739648e-03	2.352255e-02	-2.626220e-02	2.489237e-02	8.463833e-05	-2.909487e-04	-5.068552e-04	-5.443763e-04	3.752111e-05
327           	2.370137e-02	1.193532e-02	1.176605e-02	-2.739650e-03	2.352218e-02	-2.626183e-02	2.489201e-02	8.463750e-05	-2.909299e-04	-5.068095e-04	-5.443346e-04	3.752510e-05
328           	2.370106e-02	1.193518e-02	1.176588e-02	-2.739653e-03	2.352182e-02	-2.626148e-02	2.489165e-02	8.464641e-05	-2.909185e-04	-5.067733e-04	-5.443051e-04	3.753185e-05
329           	2.370075e-02	1.193503e-02	1.176572e-02	-2.739655e-03	2.352148e-02	-2.626113e-02	2.489130e-02	8.465130e-05	-2.909041e-04	-5.067338e-04	-5.442709e-04	3.753719e-05
330           	2.370045e-02	1.193487e-02	1.176558e-02	-2.739657e-03	2.352113e-02	-2.626079e-02	2.489096e-02	8.464068e-05	-2.908779e-04	-5.066805e-04	-5.442181e-04	3.753763e-05
331           	2.370016e-02	1.193472e-02	1.176544e-02	-2.739659e-03	2.352080e-02	-2.626046e-02	2.489063e-02	8.464103e-05	-2.908602e-04	-5.066379e-04	-5.441792e-04	3.754127e-05
332           	2.369987e-02	1.193458e-02	1.176530e-02	-2.739662e-03	2.352048e-02	-2.626014e-02	2.489031e-02	8.463901e-05	-2.908409e-04	-5.065937e-04	-5.441378e-04	3.754409e-05
333           	2.369959e-02	1.193443e-02	1.176516e-02	-2.739664e-03	2.352016e-02	-2.625982e-02	2.488999e-02	8.463481e-05	-2.908202e-04	-5.065481e-04	-5.440942e-04	3.754618e-05
334           	2.369932e-02	1.193429e-02	1.176503e-02	-2.739667e-03	2.351985e-02	-2.625952e-02	2.488968e-02	8.462878e-05	-2.907983e-04	-5.065014e-04	-5.440490e-04	3.754767e-05
335           	2.369906e-02	1.193415e-02	1.176491e-02	-2.739669e-03	2.351955e-02	-2.625922e-02	2.488938e-02	8.462128e-05	-2.907757e-04	-5.064539e-04	-5.440026e-04	3.754871e-05
336           	2.369880e-02	1.193401e-02	1.176479e-02	-2.739672e-03	2.351926e-02	-2.625893e-02	2.488909e-02	8.461272e-05	-2.907525e-04	-5.064062e-04	-5.439556e-04	3.754942e-05
337           	2.369855e-02	1.193388e-02	1.176467e-02	-2.739674e-03	2.351897e-02	-2.625864e-02	2.488881e-02	8.460341e-05	-2.907291e-04	-5.063583e-04	-5.439082e-04	3.754992e-05
338           	2.369830e-02	1.193374e-02	1.176456e-02	-2.739677e-03	2.351869e-02	-2.625837e-02	2.488853e-02	8.459354e-05	-2.907056e-04	-5.063106e-04	-5.438609e-04	3.755027e-05
339           	2.369806e-02	1.193361e-02	1.176445e-02	-2.739679e-03	2.351842e-02	-2.625810e-02	2.488826e-02	8.458320e-05	-2.906820e-04	-5.062631e-04	-5.438136e-04	3.755050e-05
340           	2.369783e-02	1.193349e-02	1.176434e-02	-2.739682e-03	2.351815e-02	-2.625783e-02	2.488799e-02	8.457239e-05	-2.906585e-04	-5.062158e-04	-5.437664e-04	3.755060e-05
341           	2.369760e-02	1.193336e-02	1.176424e-02	-2.739684e-03	2.351789e-02	-2.625758e-02	2.488774e-02	8.456107e-05	-2.906348e-04	-5.061686e-04	-5.437191e-04	3.755054e-05
342           	2.369738e-02	1.193324e-02	1.176414e-02	-2.739687e-03	2.351764e-02	-2.625733e-02	2.488749e-02	8.454911e-05	-2.906110e-04	-5.061215e-04	-5.436717e-04	3.755028e-05
343           	2.369716e-02	1.193312e-02	1.176404e-02	-2.739690e-03	2.351740e-02	-2.625709e-02	2.488724e-02	8.453639e-05	-2.905869e-04	-5.060743e-04	-5.436240e-04	3.754974e-05
344           	2.369695e-02	1.193300e-02	1.176395e-02	-2.739692e-03	2.351716e-02	-2.625685e-02	2.488701e-02	8.452278e-05	-2.905623e-04	-5.060268e-04	-5.435757e-04	3.754887e-05
345           	2.369675e-02	1.193288e-02	1.176387e-02	-2.739695e-03	2.351693e-02	-2.625662e-02	2.488678e-02	8.450815e-05	-2.905372e-04	-5.059791e-04	-5.435267e-04	3.754762e-05
346           	2.369655e-02	1.193277e-02	1.176378e-02	-2.739697e-03	2.351670e-02	-2.625640e-02	2.488655e-02	8.449244e-05	-2.905114e-04	-5.059309e-04	-5.434768e-04	3.754596e-05
347           	2.369635e-02	1.193265e-02	1.176370e-02	-2.739700e-03	2.351648e-02	-2.625618e-02	2.488633e-02	8.447560e-05	-2.904850e-04	-5.058823e-04	-5.434261e-04	3.754388e-05
348           	2.369617e-02	1.193254e-02	1.176363e-02	-2.739703e-03	2.351627e-02	-2.625597e-02	2.488612e-02	8.445766e-05	-2.904580e-04	-5.058332e-04	-5.433746e-04	3.754138e-05
349           	2.369598e-02	1.193243e-02	1.176355e-02	-2.739705e-03	2.351606e-02	-2.625577e-02	2.488591e-02	8.443866e-05	-2.904304e-04	-5.057838e-04	-5.433223e-04	3.753849e-05
350           	2.369580e-02	1.193232e-02	1.176348e-02	-2.739708e-03	2.351586e-02	-2.625557e-02	2.488571e-02	8.441870e-05	-2.904023e-04	-5.057340e-04	-5.432693e-04	3.753525e-05
351           	2.369563e-02	1.193221e-02	1.176342e-02	-2.739711e-03	2.351566e-02	-2.625537e-02	2.488552e-02	8.439788e-05	-2.903737e-04	-5.056840e-04	-5.432157e-04	3.753171e-05
352           	2.369546e-02	1.193211e-02	1.176335e-02	-2.739713e-03	2.351547e-02	-2.625518e-02	2.488533e-02	8.437627e-05	-2.903448e-04	-5.056338e-04	-5.431617e-04	3.752790e-05
353           	2.369530e-02	1.193200e-02	1.176329e-02	-2.739716e-03	2.351529e-02	-2.625500e-02	2.488514e-02	8.435395e-05	-2.903156e-04	-5.055835e-04	-5.431073e-04	3.752384e-05
354           	2.369514e-02	1.193190e-02	1.176324e-02	-2.739718e-03	2.351511e-02	-2.625482e-02	2.488496e-02	8.433096e-05	-2.902861e-04	-5.055330e-04	-5.430526e-04	3.751956e-05
355           	2.369498e-02	1.193180e-02	1.176318e-02	-2.739721e-03	2.351493e-02	-2.625465e-02	2.488479e-02	8.430733e-05	-2.902563e-04	-5.054824e-04	-5.429975e-04	3.751506e-05
356           	2.369483e-02	1.193170e-02	1.176313e-02	-2.739723e-03	2.351476e-02	-2.625448e-02	2.488462e-02	8.428310e-05	-2.902262e-04	-5.054317e-04	-5.429421e-04	3.751036e-05
357           	2.369469e-02	1.193160e-02	1.176309e-02	-2.739726e-03	2.351460e-02	-2.625432e-02	2.488446e-02	8.425828e-05	-2.901959e-04	-5.053809e-04	-5.428864e-04	3.750546e-05
358           	2.369455e-02	1.193151e-02	1.176304e-02	-2.739729e-03	2.351444e-02	-2.625417e-02	2.488430e-02	8.423291e-05	-2.901654e-04	-5.053300e-04	-5.428304e-04	3.750036e-05
359           	2.369441e-02	1.193141e-02	1.176300e-02	-2.739731e-03	2.351428e-02	-2.625401e-02	2.488415e-02	8.420702e-05	-2.901346e-04	-5.052790e-04	-5.427741e-04	3.749509e-05
360           	2.369428e-02	1.193132e-02	1.176296e-02	-2.739734e-03	2.351413e-02	-2.625387e-02	2.488400e-02	8.418064e-05	-2.901036e-04	-5.052280e-04	-5.427176e-04	3.748964e-05
361           	2.369415e-02	1.193123e-02	1.176292e-02	-2.739736e-03	2.351399e-02	-2.625372e-02	2.488386e-02	8.415380e-05	-2.900724e-04	-5.051768e-04	-5.426609e-04	3.748402e-05
362           	2.369402e-02	1.193114e-02	1.176289e-02	-2.739739e-03	2.351385e-02	-2.625359e-02	2.488372e-02	8.412656e-05	-2.900411e-04	-5.051256e-04	-5.426039e-04	3.747825e-05
363           	2.369390e-02	1.193105e-02	1.176285e-02	-2.739741e-03	2.351371e-02	-2.625345e-02	2.488358e-02	8.409894e-05	-2.900096e-04	-5.050744e-04	-5.425468e-04	3.747235e-05
364           	2.369379e-02	1.193096e-02	1.176282e-02	-2.739744e-03	2.351358e-02	-2.625332e-02	2.488345e-02	8.407102e-05	-2.899779e-04	-5.050232e-04	-5.424896e-04	3.746634e-05
365           	2.369367e-02	1.193088e-02	1.176279e-02	-2.739746e-03	2.351345e-02	-2.625320e-02	2.488333e-02	8.404282e-05	-2.899462e-04	-5.049720e-04	-5.424323e-04	3.746022e-05
366           	2.369357e-02	1.193080e-02	1.176277e-02	-2.739749e-03	2.351333e-02	-2.625308e-02	2.488320e-02	8.401437e-05	-2.899145e-04	-5.049209e-04	-5.423749e-04	3.745401e-05
367           	2.369346e-02	1.193072e-02	1.176274e-02	-2.739751e-03	2.351321e-02	-2.625296e-02	2.488309e-02	8.398566e-05	-2.898826e-04	-5.048698e-04	-5.423175e-04	3.744771e-05
368           	2.369336e-02	1.193064e-02	1.176272e-02	-2.739753e-03	2.351310e-02	-2.625285e-02	2.488297e-02	8.395668e-05	-2.898507e-04	-5.048187e-04	-5.422600e-04	3.744130e-05
369           	2.369326e-02	1.193056e-02	1.176270e-02	-2.739756e-03	2.351299e-02	-2.625274e-02	2.488286e-02	8.392741e-05	-2.898186e-04	-5.047676e-04	-5.422024e-04	3.743478e-05
370           	2.369316e-02	1.193048e-02	1.176268e-02	-2.739758e-03	2.351288e-02	-2.625264e-02	2.488276e-02	8.389782e-05	-2.897864e-04	-5.047166e-04	-5.421447e-04	3.742812e-05
371           	2.369307e-02	1.193040e-02	1.176267e-02	-2.739761e-03	2.351278e-02	-2.625254e-02	2.488266e-02	8.386790e-05	-2.897541e-04	-5.046655e-04	-5.420868e-04	3.742133e-05
372           	2.369299e-02	1.193033e-02	1.176265e-02	-2.739763e-03	2.351268e-02	-2.625244e-02	2.488256e-02	8.383767e-05	-2.897216e-04	-5.046143e-04	-5.420287e-04	3.741441e-05
373           	2.369290e-02	1.193026e-02	1.176264e-02	-2.739765e-03	2.351258e-02	-2.625235e-02	2.488246e-02	8.380712e-05	-2.896889e-04	-5.045632e-04	-5.419705e-04	3.740735e-05
374           	2.369282e-02	1.193019e-02	1.176263e-02	-2.739767e-03	2.351249e-02	-2.625226e-02	2.488237e-02	8.377625e-05	-2.896562e-04	-5.045120e-04	-5.419122e-04	3.740015e-05
375           	2.369274e-02	1.193011e-02	1.176262e-02	-2.739770e-03	2.351240e-02	-2.625217e-02	2.488229e-02	8.374505e-05	-2.896232e-04	-5.044608e-04	-5.418536e-04	3.739282e-05
376           	2.369266e-02	1.193005e-02	1.176262e-02	-2.739772e-03	2.351232e-02	-2.625209e-02	2.488220e-02	8.371349e-05	-2.895901e-04	-5.044096e-04	-5.417949e-04	3.738532e-05
377           	2.369259e-02	1.192998e-02	1.176261e-02	-2.739774e-03	2.351224e-02	-2.625201e-02	2.488212e-02	8.368153e-05	-2.895568e-04	-5.043583e-04	-5.417360e-04	3.737767e-05
378           	2.369252e-02	1.192991e-02	1.176261e-02	-2.739776e-03	2.351216e-02	-2.625193e-02	2.488205e-02	8.364915e-05	-2.895233e-04	-5.043069e-04	-5.416768e-04	3.736983e-05
379           	2.369246e-02	1.192984e-02	1.176261e-02	-2.739778e-03	2.351208e-02	-2.625186e-02	2.488197e-02	8.361633e-05	-2.894896e-04	-5.042555e-04	-5.416173e-04	3.736182e-05
380           	2.369239e-02	1.192978e-02	1.176261e-02	-2.739781e-03	2.351201e-02	-2.625179e-02	2.488190e-02	8.358306e-05	-2.894556e-04	-5.042040e-04	-5.415576e-04	3.735363e-05
381           	2.369233e-02	1.192971e-02	1.176262e-02	-2.739783e-03	2.351194e-02	-2.625173e-02	2.488183e-02	8.354935e-05	-2.894214e-04	-5.041524e-04	-5.414976e-04	3.734525e-05
382           	2.369227e-02	1.192965e-02	1.176262e-02	-2.739785e-03	2.351188e-02	-2.625166e-02	2.488177e-02	8.351520e-05	-2.893871e-04	-5.041007e-04	-5.414374e-04	3.733670e-05
383           	2.369222e-02	1.192959e-02	1.176263e-02	-2.739787e-03	2.351181e-02	-2.625160e-02	2.488171e-02	8.348062e-05	-2.893524e-04	-5.040489e-04	-5.413769e-04	3.732797e-05
384           	2.369216e-02	1.192953e-02	1.176264e-02	-2.739789e-03	2.351175e-02	-2.625154e-02	2.488165e-02	8.344563e-05	-2.893176e-04	-5.039971e-04	-5.413162e-04	3.731908e-05
385           	2.369211e-02	1.192947e-02	1.176265e-02	-2.739791e-03	2.351170e-02	-2.625149e-02	2.488159e-02	8.341024e-05	-2.892826e-04	-5.039452e-04	-5.412552e-04	3.731001e-05
386           	2.369206e-02	1.192941e-02	1.176266e-02	-2.739793e-03	2.351164e-02	-2.625144e-02	2.488154e-02	8.337446e-05	-2.892474e-04	-5.038932e-04	-5.411940e-04	3.730079e-05
387           	2.369202e-02	1.192935e-02	1.176267e-02	-2.739795e-03	2.351159e-02	-2.625139e-02	2.488149e-02	8.333833e-05	-2.892120e-04	-5.038412e-04	-5.411327e-04	3.729142e-05
388           	2.369197e-02	1.192929e-02	1.176268e-02	-2.739797e-03	2.351154e-02	-2.625134e-02	2.488144e-02	8.330183e-05	-2.891765e-04	-5.037892e-04	-5.410711e-04	3.728191e-05
389           	2.369193e-02	1.192923e-02	1.176270e-02	-2.739798e-03	2.351150e-02	-2.625130e-02	2.488140e-02	8.326498e-05	-2.891408e-04	-5.037371e-04	-5.410094e-04	3.727226e-05
390           	2.369189e-02	1.192917e-02	1.176272e-02	-2.739800e-03	2.351145e-02	-2.625126e-02	2.488135e-02	8.322775e-05	-2.891050e-04	-5.036851e-04	-5.409475e-04	3.726246e-05
391           	2.369186e-02	1.192912e-02	1.176274e-02	-2.739802e-03	2.351141e-02	-2.625122e-02	2.488131e-02	8.319007e-05	-2.890689e-04	-5.036329e-04	-5.408854e-04	3.725248e-05
392           	2.369182e-02	1.192906e-02	1.176276e-02	-2.739804e-03	2.351138e-02	-2.625118e-02	2.488128e-02	8.315191e-05	-2.890327e-04	-5.035806e-04	-5.408230e-04	3.724233e-05
393           	2.369179e-02	1.192901e-02	1.176278e-02	-2.739806e-03	2.351134e-02	-2.625114e-02	2.488124e-02	8.311328e-05	-2.889962e-04	-5.035283e-04	-5.407603e-04	3.723200e-05
394           	2.369176e-02	1.192895e-02	1.176280e-02	-2.739808e-03	2.351130e-02	-2.625111e-02	2.488121e-02	8.307420e-05	-2.889595e-04	-5.034759e-04	-5.406974e-04	3.722150e-05
395           	2.369173e-02	1.192890e-02	1.176283e-02	-2.739809e-03	2.351127e-02	-2.625108e-02	2.488118e-02	8.303473e-05	-2.889226e-04	-5.034235e-04	-5.406343e-04	3.721085e-05
396           	2.369170e-02	1.192886e-02	1.176285e-02	-2.739811e-03	2.351124e-02	-2.625106e-02	2.488115e-02	8.300586e-05	-2.888926e-04	-5.033792e-04	-5.405822e-04	3.720304e-05
397           	2.369168e-02	1.192880e-02	1.176288e-02	-2.739813e-03	2.351122e-02	-2.625103e-02	2.488112e-02	8.296243e-05	-2.888533e-04	-5.033242e-04	-5.405153e-04	3.719117e-05
398           	2.369166e-02	1.192876e-02	1.176290e-02	-2.739814e-03	2.351119e-02	-2.625101e-02	2.488110e-02	8.292942e-05	-2.888207e-04	-5.032772e-04	-5.404592e-04	3.718208e-05
399           	2.369164e-02	1.192871e-02	1.176292e-02	-2.739816e-03	2.351117e-02	-2.625098e-02	2.488108e-02	8.289323e-05	-2.887860e-04	-5.032279e-04	-5.404000e-04	3.717202e-05
400           	2.369161e-02	1.192865e-02	1.176296e-02	-2.739818e-03	2.351115e-02	-2.625096e-02	2.488106e-02	8.284236e-05	-2.887418e-04	-5.031680e-04	-5.403258e-04	3.715783e-05
401           	2.369160e-02	1.192860e-02	1.176300e-02	-2.739819e-03	2.351113e-02	-2.625095e-02	2.488104e-02	8.280343e-05	-2.887055e-04	-5.031172e-04	-5.402641e-04	3.714690e-05
402           	2.369158e-02	1.192855e-02	1.176303e-02	-2.739821e-03	2.351111e-02	-2.625093e-02	2.488102e-02	8.276293e-05	-2.886682e-04	-5.030655e-04	-5.402010e-04	3.713550e-05
403           	2.369157e-02	1.192850e-02	1.176306e-02	-2.739822e-03	2.351109e-02	-2.625092e-02	2.488100e-02	8.272104e-05	-2.886302e-04	-5.030130e-04	-5.401367e-04	3.712372e-05
404           	2.369155e-02	1.192845e-02	1.176310e-02	-2.739824e-03	2.351108e-02	-2.625090e-02	2.488099e-02	8.267805e-05	-2.885916e-04	-5.029600e-04	-5.400716e-04	3.711163e-05
405           	2.369154e-02	1.192841e-02	1.176314e-02	-2.739825e-03	2.351107e-02	-2.625089e-02	2.488098e-02	8.263432e-05	-2.885527e-04	-5.029068e-04	-5.400061e-04	3.709937e-05
406           	2.369153e-02	1.192836e-02	1.176318e-02	-2.739827e-03	2.351106e-02	-2.625088e-02	2.488097e-02	8.259020e-05	-2.885138e-04	-5.028535e-04	-5.399406e-04	3.708703e-05
407           	2.369152e-02	1.192831e-02	1.176322e-02	-2.739828e-03	2.351105e-02	-2.625087e-02	2.488096e-02	8.254601e-05	-2.884750e-04	-5.028006e-04	-5.398753e-04	3.707471e-05
408           	2.369152e-02	1.192826e-02	1.176326e-02	-2.739829e-03	2.351104e-02	-2.625087e-02	2.488095e-02	8.250196e-05	-2.884365e-04	-5.027481e-04	-5.398106e-04	3.706247e-05
409           	2.369151e-02	1.192821e-02	1.176330e-02	-2.739831e-03	2.351103e-02	-2.625086e-02	2.488095e-02	8.245820e-05	-2.883985e-04	-5.026962e-04	-5.397465e-04	3.705037e-05
410           	2.369151e-02	1.192817e-02	1.176334e-02	-2.739832e-03	2.351103e-02	-2.625086e-02	2.488095e-02	8.241477e-05	-2.883608e-04	-5.026448e-04	-5.396832e-04	3.703839e-05
411           	2.369151e-02	1.192812e-02	1.176338e-02	-2.739833e-03	2.351103e-02	-2.625086e-02	2.488094e-02	8.237163e-05	-2.883235e-04	-5.025940e-04	-5.396205e-04	3.702652e-05
412           	2.369150e-02	1.192808e-02	1.176342e-02	-2.739835e-03	2.351103e-02	-2.625086e-02	2.488094e-02	8.232870e-05	-2.882865e-04	-5.025436e-04	-5.395583e-04	3.701473e-05
413           	2.369150e-02	1.192804e-02	1.176347e-02	-2.739836e-03	2.351103e-02	-2.625086e-02	2.488094e-02	8.228585e-05	-2.882497e-04	-5.024935e-04	-5.394965e-04	3.700295e-05
414           	2.369151e-02	1.192800e-02	1.176351e-02	-2.739837e-03	2.351103e-02	-2.625086e-02	2.488095e-02	8.224297e-05	-2.882130e-04	-5.024437e-04	-5.394348e-04	3.699114e-05
415           	2.369151e-02	1.192795e-02	1.176355e-02	-2.739839e-03	2.351103e-02	-2.625087e-02	2.488095e-02	8.219995e-05	-2.881762e-04	-5.023940e-04	-5.393732e-04	3.697926e-05
416           	2.369151e-02	1.192791e-02	1.176360e-02	-2.739840e-03	2.351103e-02	-2.625087e-02	2.488095e-02	8.215671e-05	-2.881394e-04	-5.023443e-04	-5.393116e-04	3.696726e-05
417           	2.369152e-02	1.192787e-02	1.176365e-02	-2.739841e-03	2.351104e-02	-2.625088e-02	2.488096e-02	8.211320e-05	-2.881025e-04	-5.022947e-04	-5.392498e-04	3.695514e-05
418           	2.369152e-02	1.192783e-02	1.176369e-02	-2.739842e-03	2.351105e-02	-2.625089e-02	2.488097e-02	8.206940e-05	-2.880654e-04	-5.022451e-04	-5.391880e-04	3.694288e-05
419           	2.369153e-02	1.192779e-02	1.176374e-02	-2.739844e-03	2.351105e-02	-2.625090e-02	2.488098e-02	8.202532e-05	-2.880282e-04	-5.021955e-04	-5.391260e-04	3.693049e-05
420           	2.369154e-02	1.192775e-02	1.176379e-02	-2.739845e-03	2.351106e-02	-2.625091e-02	2.488099e-02	8.198101e-05	-2.879909e-04	-5.021459e-04	-5.390639e-04	3.691799e-05
421           	2.369155e-02	1.192771e-02	1.176384e-02	-2.739846e-03	2.351107e-02	-2.625092e-02	2.488100e-02	8.193655e-05	-2.879536e-04	-5.020964e-04	-5.390019e-04	3.690541e-05
422           	2.369156e-02	1.192767e-02	1.176389e-02	-2.739847e-03	2.351108e-02	-2.625093e-02	2.488101e-02	8.189200e-05	-2.879163e-04	-5.020471e-04	-5.389399e-04	3.689278e-05
