# Force and moment coefficients
# dragDir     : (1.000000e+00 0.000000e+00 0.000000e+00)
# sideDir     : (0.000000e+00 1.000000e+00 0.000000e+00)
# liftDir     : (0.000000e+00 0.000000e+00 1.000000e+00)
# rollAxis    : (1.000000e+00 0.000000e+00 0.000000e+00)
# pitchAxis   : (0.000000e+00 1.000000e+00 0.000000e+00)
# yawAxis     : (0.000000e+00 0.000000e+00 1.000000e+00)
# magUInf     : 6.661800e+00
# lRef        : 1.499270e-01
# Aref        : 5.000000e-02
# CofR        : (3.750000e-02 0.000000e+00 0.000000e+00)
#
# Time        	Cd            	Cd(f)         	Cd(r)         	Cl            	Cl(f)         	Cl(r)         	CmPitch       	CmRoll        	CmYaw         	Cs            	Cs(f)         	Cs(r)         
1             	9.381643e-02	4.660645e-02	4.720998e-02	-2.928407e-02	3.856646e-02	-6.785053e-02	5.320850e-02	-3.017630e-04	3.875609e-04	6.335003e-04	7.043110e-04	-7.081079e-05
2             	8.195400e-02	4.074869e-02	4.120530e-02	-3.875727e-02	3.441257e-02	-7.316984e-02	5.379121e-02	-2.283068e-04	2.489862e-04	4.684698e-04	4.832211e-04	-1.475133e-05
3             	7.040062e-02	3.508929e-02	3.531133e-02	-3.926437e-02	2.965603e-02	-6.892039e-02	4.928821e-02	-1.110230e-04	6.050664e-05	2.061100e-04	1.635617e-04	4.254838e-05
4             	5.819905e-02	2.911488e-02	2.908417e-02	-3.297900e-02	2.418687e-02	-5.716587e-02	4.067637e-02	1.535042e-05	-1.305445e-04	-8.251348e-05	-1.718013e-04	8.928781e-05
5             	4.579481e-02	2.301777e-02	2.277704e-02	-2.269432e-02	1.841964e-02	-4.111397e-02	2.976681e-02	1.203627e-04	-2.829160e-04	-3.293610e-04	-4.475965e-04	1.182355e-04
6             	3.422941e-02	1.729780e-02	1.693161e-02	-1.123289e-02	1.297938e-02	-2.421226e-02	1.859582e-02	1.830978e-04	-3.687303e-04	-4.850928e-04	-6.112767e-04	1.261839e-04
7             	2.454588e-02	1.246834e-02	1.207754e-02	-9.332213e-04	8.444998e-03	-9.378220e-03	8.911609e-03	1.954028e-04	-3.782475e-04	-5.288929e-04	-6.426940e-04	1.138011e-04
8             	1.743402e-02	8.879788e-03	8.554229e-03	6.663491e-03	5.188010e-03	1.475481e-03	1.856265e-03	1.627795e-04	-3.218703e-04	-4.705009e-04	-5.571208e-04	8.661987e-05
9             	1.310081e-02	6.650551e-03	6.450255e-03	1.089350e-02	3.317660e-03	7.575838e-03	-2.129089e-03	1.001483e-04	-2.233929e-04	-3.420269e-04	-3.944063e-04	5.237949e-05
10            	1.130159e-02	5.677836e-03	5.623757e-03	1.186661e-02	2.703548e-03	9.163058e-03	-3.229755e-03	2.703994e-05	-1.130001e-04	-1.868390e-04	-2.064196e-04	1.958062e-05
11            	1.146837e-02	5.696606e-03	5.771760e-03	1.024718e-02	3.046986e-03	7.200197e-03	-2.076606e-03	-3.757687e-05	-1.936356e-05	-4.753098e-05	-4.312905e-05	-4.401933e-06
12            	1.287728e-02	6.359037e-03	6.518241e-03	6.989538e-03	3.970733e-03	3.018805e-03	4.759641e-04	-7.960190e-05	3.694276e-05	4.404933e-05	5.896743e-05	-1.491809e-05
13            	1.480846e-02	7.312137e-03	7.496323e-03	3.089303e-03	5.103823e-03	-2.014520e-03	3.559172e-03	-9.209268e-05	4.661936e-05	7.194387e-05	8.259130e-05	-1.064743e-05
14            	1.666636e-02	8.257562e-03	8.408797e-03	-6.062443e-04	6.144829e-03	-6.751073e-03	6.447951e-03	-7.561716e-05	1.195974e-05	3.686363e-05	3.039156e-05	6.472070e-06
15            	1.804874e-02	8.987451e-03	9.061286e-03	-3.511690e-03	6.897155e-03	-1.040884e-02	8.652999e-03	-3.691731e-05	-5.543794e-05	-4.675836e-05	-7.881712e-05	3.205876e-05
16            	1.876246e-02	9.394615e-03	9.367849e-03	-5.338192e-03	7.275208e-03	-1.261340e-02	9.944304e-03	1.338257e-05	-1.383681e-04	-1.559681e-04	-2.163521e-04	6.038403e-05
17            	1.879704e-02	9.462383e-03	9.334657e-03	-6.064256e-03	7.288037e-03	-1.335229e-02	1.032017e-02	6.386314e-05	-2.189591e-04	-2.660207e-04	-3.519694e-04	8.594871e-05
18            	1.827345e-02	9.241551e-03	9.031904e-03	-5.866547e-03	7.010570e-03	-1.287712e-02	9.943843e-03	1.048238e-04	-2.825335e-04	-3.558966e-04	-4.604818e-04	1.045852e-04
19            	1.738349e-02	8.821834e-03	8.561653e-03	-5.033760e-03	6.550713e-03	-1.158447e-02	9.067593e-03	1.300904e-04	-3.202727e-04	-4.121365e-04	-5.263409e-04	1.142045e-04
20            	1.633407e-02	8.304793e-03	8.029275e-03	-3.884465e-03	6.019855e-03	-9.904320e-03	7.962088e-03	1.377590e-04	-3.301812e-04	-4.304114e-04	-5.453869e-04	1.149754e-04
21            	1.530454e-02	7.782116e-03	7.522419e-03	-2.702208e-03	5.511003e-03	-8.213210e-03	6.862107e-03	1.298482e-04	-3.163049e-04	-4.147655e-04	-5.236876e-04	1.089221e-04
22            	1.442221e-02	7.322392e-03	7.099818e-03	-1.695898e-03	5.087246e-03	-6.783144e-03	5.935195e-03	1.112867e-04	-2.870200e-04	-3.754322e-04	-4.747360e-04	9.930388e-05
23            	1.375422e-02	6.965482e-03	6.788739e-03	-9.844024e-04	4.778841e-03	-5.763243e-03	5.271042e-03	8.837168e-05	-2.524776e-04	-3.255892e-04	-4.152722e-04	8.968295e-05
24            	1.331330e-02	6.723928e-03	6.589372e-03	-6.020608e-04	4.587738e-03	-5.189799e-03	4.888769e-03	6.727800e-05	-2.222800e-04	-2.782672e-04	-3.614136e-04	8.314636e-05
25            	1.307159e-02	6.588604e-03	6.482989e-03	-5.173700e-04	4.495839e-03	-5.013209e-03	4.754524e-03	5.280718e-05	-2.035630e-04	-2.437546e-04	-3.254403e-04	8.168572e-05
26            	1.297776e-02	6.536509e-03	6.441252e-03	-6.578367e-04	4.474506e-03	-5.132343e-03	4.803425e-03	4.762839e-05	-1.999138e-04	-2.280131e-04	-3.139203e-04	8.590727e-05
27            	1.297318e-02	6.538678e-03	6.434501e-03	-9.347145e-04	4.493090e-03	-5.427805e-03	4.960447e-03	5.208857e-05	-2.112282e-04	-2.322802e-04	-3.273683e-04	9.508811e-05
28            	1.300442e-02	6.566751e-03	6.437673e-03	-1.263201e-03	4.525097e-03	-5.788298e-03	5.156698e-03	6.453882e-05	-2.343639e-04	-2.536722e-04	-3.612000e-04	1.075278e-04
29            	1.303087e-02	6.597419e-03	6.433453e-03	-1.575679e-03	4.551519e-03	-6.127198e-03	5.339358e-03	8.198309e-05	-2.642538e-04	-2.864694e-04	-4.074885e-04	1.210191e-04
30            	1.302749e-02	6.614640e-03	6.412851e-03	-1.827882e-03	4.561615e-03	-6.389497e-03	5.475556e-03	1.008949e-04	-2.952312e-04	-3.237136e-04	-4.570880e-04	1.333744e-04
31            	1.298385e-02	6.609941e-03	6.373911e-03	-1.999058e-03	4.551830e-03	-6.550889e-03	5.551360e-03	1.180147e-04	-3.222803e-04	-3.587912e-04	-5.016759e-04	1.428847e-04
32            	1.290090e-02	6.581395e-03	6.319504e-03	-2.088012e-03	4.523749e-03	-6.611761e-03	5.567755e-03	1.309450e-04	-3.419200e-04	-3.866397e-04	-5.352399e-04	1.486002e-04
33            	1.278669e-02	6.531809e-03	6.254877e-03	-2.106992e-03	4.481749e-03	-6.588741e-03	5.535245e-03	1.384663e-04	-3.526144e-04	-4.044139e-04	-5.548214e-04	1.504074e-04
34            	1.265235e-02	6.466770e-03	6.185575e-03	-2.075305e-03	4.431022e-03	-6.506328e-03	5.468675e-03	1.405972e-04	-3.547890e-04	-4.116631e-04	-5.606206e-04	1.489575e-04
35            	1.250891e-02	6.392820e-03	6.116095e-03	-2.013834e-03	4.376200e-03	-6.390034e-03	5.383117e-03	1.383624e-04	-3.503773e-04	-4.099300e-04	-5.553423e-04	1.454123e-04
36            	1.236549e-02	6.316175e-03	6.049314e-03	-1.941189e-03	4.320719e-03	-6.261909e-03	5.291314e-03	1.334300e-04	-3.422061e-04	-4.021014e-04	-5.432568e-04	1.411554e-04
37            	1.222838e-02	6.241866e-03	5.986519e-03	-1.871556e-03	4.266723e-03	-6.138279e-03	5.202501e-03	1.276734e-04	-3.332820e-04	-3.915957e-04	-5.290799e-04	1.374841e-04
38            	1.210121e-02	6.173374e-03	5.927833e-03	-1.814055e-03	4.215322e-03	-6.029377e-03	5.122350e-03	1.227705e-04	-3.261724e-04	-3.816108e-04	-5.169778e-04	1.353670e-04
39            	1.198542e-02	6.112625e-03	5.872797e-03	-1.773140e-03	4.167009e-03	-5.940150e-03	5.053579e-03	1.199140e-04	-3.225846e-04	-3.745618e-04	-5.098655e-04	1.353037e-04
40            	1.188106e-02	6.060189e-03	5.820871e-03	-1.749631e-03	4.122018e-03	-5.871649e-03	4.996833e-03	1.196591e-04	-3.231742e-04	-3.717639e-04	-5.090561e-04	1.372923e-04
41            	1.178738e-02	6.015628e-03	5.771756e-03	-1.741866e-03	4.080556e-03	-5.822422e-03	4.951489e-03	1.219359e-04	-3.276170e-04	-3.734088e-04	-5.143214e-04	1.409126e-04
42            	1.170331e-02	5.977831e-03	5.725479e-03	-1.746794e-03	4.042869e-03	-5.789663e-03	4.916266e-03	1.261761e-04	-3.348529e-04	-3.787566e-04	-5.242313e-04	1.454746e-04
43            	1.162764e-02	5.945337e-03	5.682306e-03	-1.760810e-03	4.009171e-03	-5.769981e-03	4.889576e-03	1.315154e-04	-3.434320e-04	-3.864696e-04	-5.366667e-04	1.501972e-04
44            	1.155913e-02	5.916585e-03	5.642550e-03	-1.780326e-03	3.979517e-03	-5.759843e-03	4.869680e-03	1.370178e-04	-3.518766e-04	-3.949977e-04	-5.493754e-04	1.543777e-04
45            	1.149648e-02	5.890116e-03	5.606366e-03	-1.802106e-03	3.953697e-03	-5.755802e-03	4.854749e-03	1.418751e-04	-3.589871e-04	-4.029310e-04	-5.604525e-04	1.575216e-04
46            	1.143826e-02	5.864678e-03	5.573587e-03	-1.823441e-03	3.931162e-03	-5.754602e-03	4.842882e-03	1.455460e-04	-3.640378e-04	-4.092541e-04	-5.686648e-04	1.594107e-04
47            	1.138303e-02	5.839331e-03	5.543701e-03	-1.842241e-03	3.911082e-03	-5.753323e-03	4.832202e-03	1.478152e-04	-3.668395e-04	-4.134711e-04	-5.735750e-04	1.601039e-04
48            	1.132938e-02	5.813468e-03	5.515908e-03	-1.857068e-03	3.892449e-03	-5.749517e-03	4.820983e-03	1.487800e-04	-3.676865e-04	-4.156053e-04	-5.754891e-04	1.598838e-04
49            	1.127607e-02	5.786811e-03	5.489261e-03	-1.867143e-03	3.874241e-03	-5.741384e-03	4.807813e-03	1.487751e-04	-3.672126e-04	-4.160926e-04	-5.752588e-04	1.591663e-04
50            	1.122223e-02	5.759380e-03	5.462849e-03	-1.872328e-03	3.855591e-03	-5.727919e-03	4.791755e-03	1.482657e-04	-3.662056e-04	-4.156134e-04	-5.740122e-04	1.583989e-04
51            	1.116740e-02	5.731430e-03	5.435965e-03	-1.873068e-03	3.835922e-03	-5.708990e-03	4.772456e-03	1.477327e-04	-3.654215e-04	-4.149078e-04	-5.728754e-04	1.579677e-04
52            	1.111161e-02	5.703376e-03	5.408233e-03	-1.870279e-03	3.815029e-03	-5.685308e-03	4.750168e-03	1.475715e-04	-3.654326e-04	-4.146115e-04	-5.727384e-04	1.581268e-04
53            	1.105533e-02	5.675693e-03	5.379636e-03	-1.865201e-03	3.793059e-03	-5.658259e-03	4.725659e-03	1.480282e-04	-3.665381e-04	-4.151403e-04	-5.741083e-04	1.589679e-04
54            	1.099934e-02	5.648846e-03	5.350496e-03	-1.859203e-03	3.770455e-03	-5.629658e-03	4.700057e-03	1.491748e-04	-3.687473e-04	-4.166445e-04	-5.770696e-04	1.604250e-04
55            	1.094459e-02	5.623216e-03	5.321369e-03	-1.853586e-03	3.747840e-03	-5.601426e-03	4.674633e-03	1.509236e-04	-3.718224e-04	-4.190236e-04	-5.813342e-04	1.623106e-04
56            	1.089196e-02	5.599052e-03	5.292910e-03	-1.849411e-03	3.725871e-03	-5.575283e-03	4.650577e-03	1.530706e-04	-3.753636e-04	-4.219877e-04	-5.863574e-04	1.643697e-04
57            	1.084218e-02	5.576444e-03	5.265735e-03	-1.847369e-03	3.705120e-03	-5.552489e-03	4.628805e-03	1.553548e-04	-3.789146e-04	-4.251496e-04	-5.914895e-04	1.663398e-04
58            	1.079564e-02	5.555338e-03	5.240299e-03	-1.847722e-03	3.685972e-03	-5.533694e-03	4.609833e-03	1.575195e-04	-3.820632e-04	-4.281205e-04	-5.961235e-04	1.680030e-04
59            	1.075238e-02	5.535552e-03	5.216828e-03	-1.850316e-03	3.668581e-03	-5.518897e-03	4.593739e-03	1.593625e-04	-3.845189e-04	-4.305897e-04	-5.998137e-04	1.692240e-04
60            	1.071213e-02	5.516835e-03	5.195292e-03	-1.854663e-03	3.652870e-03	-5.507532e-03	4.580201e-03	1.607715e-04	-3.861587e-04	-4.323798e-04	-6.023486e-04	1.699688e-04
61            	1.067435e-02	5.498903e-03	5.175445e-03	-1.860057e-03	3.638572e-03	-5.498629e-03	4.568601e-03	1.617289e-04	-3.870243e-04	-4.334608e-04	-6.037547e-04	1.702939e-04
62            	1.063838e-02	5.481497e-03	5.156885e-03	-1.865727e-03	3.625310e-03	-5.491037e-03	4.558173e-03	1.623058e-04	-3.872988e-04	-4.339404e-04	-6.042690e-04	1.703286e-04
63            	1.060355e-02	5.464407e-03	5.139140e-03	-1.870968e-03	3.612666e-03	-5.483634e-03	4.548150e-03	1.626337e-04	-3.872496e-04	-4.340203e-04	-6.042597e-04	1.702394e-04
64            	1.056927e-02	5.447505e-03	5.121762e-03	-1.875251e-03	3.600266e-03	-5.475517e-03	4.537891e-03	1.628716e-04	-3.871687e-04	-4.339467e-04	-6.041420e-04	1.701953e-04
65            	1.053514e-02	5.430744e-03	5.104397e-03	-1.878280e-03	3.587833e-03	-5.466114e-03	4.526974e-03	1.631736e-04	-3.873164e-04	-4.339583e-04	-6.042955e-04	1.703372e-04
66            	1.050098e-02	5.414150e-03	5.086833e-03	-1.880016e-03	3.575221e-03	-5.455236e-03	4.515229e-03	1.636588e-04	-3.878744e-04	-4.342401e-04	-6.049944e-04	1.707543e-04
67            	1.046681e-02	5.397801e-03	5.069009e-03	-1.880631e-03	3.562409e-03	-5.443040e-03	4.502725e-03	1.643961e-04	-3.889261e-04	-4.348995e-04	-6.063759e-04	1.714763e-04
68            	1.043280e-02	5.381796e-03	5.051003e-03	-1.880459e-03	3.549487e-03	-5.429946e-03	4.489717e-03	1.653965e-04	-3.904490e-04	-4.359529e-04	-6.084255e-04	1.724726e-04
69            	1.039923e-02	5.366237e-03	5.032998e-03	-1.879905e-03	3.536614e-03	-5.416520e-03	4.476567e-03	1.666195e-04	-3.923349e-04	-4.373369e-04	-6.110034e-04	1.736665e-04
70            	1.036642e-02	5.351199e-03	5.015225e-03	-1.879367e-03	3.523978e-03	-5.403345e-03	4.463662e-03	1.679872e-04	-3.944191e-04	-4.389296e-04	-6.138839e-04	1.749543e-04
71            	1.033464e-02	5.336723e-03	4.997917e-03	-1.879170e-03	3.511752e-03	-5.390922e-03	4.451337e-03	1.694033e-04	-3.965166e-04	-4.405806e-04	-6.168069e-04	1.762263e-04
72            	1.030408e-02	5.322811e-03	4.981267e-03	-1.879518e-03	3.500065e-03	-5.379584e-03	4.439824e-03	1.707723e-04	-3.984573e-04	-4.421410e-04	-6.195278e-04	1.773867e-04
73            	1.027482e-02	5.309428e-03	4.965395e-03	-1.880486e-03	3.488986e-03	-5.369472e-03	4.429229e-03	1.720166e-04	-4.001133e-04	-4.434898e-04	-6.218582e-04	1.783684e-04
74            	1.024685e-02	5.296510e-03	4.950338e-03	-1.882020e-03	3.478515e-03	-5.360535e-03	4.419525e-03	1.730862e-04	-4.014142e-04	-4.445497e-04	-6.236891e-04	1.791394e-04
75            	1.022005e-02	5.283992e-03	4.936058e-03	-1.883974e-03	3.468605e-03	-5.352579e-03	4.410592e-03	1.739670e-04	-4.023567e-04	-4.452998e-04	-6.250067e-04	1.797068e-04
76            	1.019425e-02	5.271798e-03	4.922448e-03	-1.886151e-03	3.459164e-03	-5.345315e-03	4.402239e-03	1.746748e-04	-4.029905e-04	-4.457658e-04	-6.258734e-04	1.801075e-04
77            	1.016924e-02	5.259871e-03	4.909371e-03	-1.888343e-03	3.450087e-03	-5.338431e-03	4.394259e-03	1.752497e-04	-4.034055e-04	-4.460117e-04	-6.264113e-04	1.803997e-04
78            	1.014485e-02	5.248173e-03	4.896680e-03	-1.890375e-03	3.441273e-03	-5.331648e-03	4.386460e-03	1.757466e-04	-4.037122e-04	-4.461240e-04	-6.267742e-04	1.806503e-04
79            	1.012093e-02	5.236691e-03	4.884243e-03	-1.892121e-03	3.432642e-03	-5.324763e-03	4.378702e-03	1.762241e-04	-4.040216e-04	-4.461953e-04	-6.271192e-04	1.809239e-04
80            	1.009739e-02	5.225431e-03	4.871961e-03	-1.893526e-03	3.424144e-03	-5.317670e-03	4.370907e-03	1.767348e-04	-4.044274e-04	-4.463089e-04	-6.275818e-04	1.812729e-04
81            	1.007419e-02	5.214415e-03	4.859779e-03	-1.894599e-03	3.415763e-03	-5.310362e-03	4.363063e-03	1.773180e-04	-4.049946e-04	-4.465266e-04	-6.282579e-04	1.817312e-04
82            	1.005135e-02	5.203672e-03	4.847682e-03	-1.895404e-03	3.407508e-03	-5.302913e-03	4.355210e-03	1.779951e-04	-4.057532e-04	-4.468828e-04	-6.291947e-04	1.823118e-04
83            	1.002893e-02	5.193232e-03	4.835693e-03	-1.896036e-03	3.399412e-03	-5.295447e-03	4.347429e-03	1.787695e-04	-4.066993e-04	-4.473833e-04	-6.303909e-04	1.830077e-04
84            	1.000698e-02	5.183117e-03	4.823860e-03	-1.896600e-03	3.391512e-03	-5.288112e-03	4.339812e-03	1.796286e-04	-4.078006e-04	-4.480091e-04	-6.318051e-04	1.837961e-04
85            	9.985579e-03	5.173338e-03	4.812241e-03	-1.897192e-03	3.383848e-03	-5.281040e-03	4.332444e-03	1.805484e-04	-4.090080e-04	-4.487255e-04	-6.333708e-04	1.846453e-04
86            	9.964784e-03	5.163891e-03	4.800892e-03	-1.897885e-03	3.376450e-03	-5.274335e-03	4.325392e-03	1.814994e-04	-4.102620e-04	-4.494853e-04	-6.350047e-04	1.855194e-04
87            	9.944623e-03	5.154763e-03	4.789860e-03	-1.898717e-03	3.369333e-03	-5.268050e-03	4.318692e-03	1.824516e-04	-4.115070e-04	-4.502432e-04	-6.366286e-04	1.863854e-04
88            	9.925099e-03	5.145929e-03	4.779171e-03	-1.899693e-03	3.362496e-03	-5.262189e-03	4.312343e-03	1.833791e-04	-4.126974e-04	-4.509608e-04	-6.381778e-04	1.872170e-04
89            	9.906189e-03	5.137358e-03	4.768831e-03	-1.900788e-03	3.355924e-03	-5.256712e-03	4.306318e-03	1.842634e-04	-4.138031e-04	-4.516107e-04	-6.396084e-04	1.879977e-04
90            	9.887849e-03	5.129019e-03	4.758830e-03	-1.901957e-03	3.349592e-03	-5.251549e-03	4.300570e-03	1.850945e-04	-4.148106e-04	-4.521795e-04	-6.409004e-04	1.887209e-04
91            	9.870027e-03	5.120885e-03	4.749142e-03	-1.903146e-03	3.343469e-03	-5.246615e-03	4.295042e-03	1.858712e-04	-4.157223e-04	-4.526667e-04	-6.420556e-04	1.893889e-04
92            	9.852668e-03	5.112933e-03	4.739735e-03	-1.904303e-03	3.337526e-03	-5.241829e-03	4.289677e-03	1.865990e-04	-4.165525e-04	-4.530824e-04	-6.430937e-04	1.900112e-04
93            	9.835725e-03	5.105151e-03	4.730573e-03	-1.905386e-03	3.331737e-03	-5.237123e-03	4.284430e-03	1.872888e-04	-4.173240e-04	-4.534445e-04	-6.440463e-04	1.906018e-04
94            	9.819159e-03	5.097533e-03	4.721626e-03	-1.906370e-03	3.326085e-03	-5.232455e-03	4.279270e-03	1.879538e-04	-4.180629e-04	-4.537738e-04	-6.449498e-04	1.911760e-04
95            	9.802949e-03	5.090081e-03	4.712867e-03	-1.907245e-03	3.320562e-03	-5.227807e-03	4.274185e-03	1.886071e-04	-4.187937e-04	-4.540909e-04	-6.458392e-04	1.917483e-04
96            	9.787085e-03	5.082802e-03	4.704283e-03	-1.908019e-03	3.315167e-03	-5.223186e-03	4.269176e-03	1.892596e-04	-4.195363e-04	-4.544132e-04	-6.467429e-04	1.923298e-04
97            	9.771578e-03	5.075708e-03	4.695869e-03	-1.908709e-03	3.309908e-03	-5.218617e-03	4.264262e-03	1.899194e-04	-4.203043e-04	-4.547532e-04	-6.476810e-04	1.929277e-04
98            	9.756428e-03	5.068804e-03	4.687624e-03	-1.909341e-03	3.304792e-03	-5.214132e-03	4.259462e-03	1.905897e-04	-4.211020e-04	-4.551158e-04	-6.486599e-04	1.935441e-04
99            	9.741650e-03	5.062095e-03	4.679555e-03	-1.909943e-03	3.299827e-03	-5.209771e-03	4.254799e-03	1.912702e-04	-4.219269e-04	-4.554998e-04	-6.496768e-04	1.941770e-04
100           	9.727254e-03	5.055584e-03	4.671670e-03	-1.910541e-03	3.295023e-03	-5.205564e-03	4.250293e-03	1.919569e-04	-4.227698e-04	-4.558989e-04	-6.507192e-04	1.948203e-04
101           	9.713249e-03	5.049270e-03	4.663980e-03	-1.911153e-03	3.290382e-03	-5.201536e-03	4.245959e-03	1.926451e-04	-4.236209e-04	-4.563062e-04	-6.517739e-04	1.954678e-04
102           	9.699636e-03	5.043146e-03	4.656490e-03	-1.911789e-03	3.285907e-03	-5.197696e-03	4.241802e-03	1.933284e-04	-4.244681e-04	-4.567126e-04	-6.528244e-04	1.961118e-04
103           	9.686410e-03	5.037206e-03	4.649204e-03	-1.912448e-03	3.281593e-03	-5.194042e-03	4.237818e-03	1.940006e-04	-4.253004e-04	-4.571101e-04	-6.538554e-04	1.967453e-04
104           	9.673560e-03	5.031436e-03	4.642123e-03	-1.913125e-03	3.277433e-03	-5.190558e-03	4.233996e-03	1.946566e-04	-4.261091e-04	-4.574921e-04	-6.548551e-04	1.973630e-04
105           	9.661069e-03	5.025827e-03	4.635242e-03	-1.913810e-03	3.273416e-03	-5.187225e-03	4.230321e-03	1.952926e-04	-4.268879e-04	-4.578540e-04	-6.558149e-04	1.979609e-04
106           	9.648920e-03	5.020366e-03	4.628554e-03	-1.914487e-03	3.269530e-03	-5.184018e-03	4.226774e-03	1.959062e-04	-4.276333e-04	-4.581933e-04	-6.567299e-04	1.985366e-04
107           	9.637094e-03	5.015044e-03	4.622050e-03	-1.915146e-03	3.265766e-03	-5.180912e-03	4.223339e-03	1.964966e-04	-4.283447e-04	-4.585099e-04	-6.575997e-04	1.990898e-04
108           	9.625574e-03	5.009852e-03	4.615723e-03	-1.915775e-03	3.262113e-03	-5.177888e-03	4.220001e-03	1.970644e-04	-4.290236e-04	-4.588050e-04	-6.584262e-04	1.996211e-04
109           	9.614346e-03	5.004784e-03	4.609562e-03	-1.916367e-03	3.258564e-03	-5.174931e-03	4.216748e-03	1.976106e-04	-4.296726e-04	-4.590812e-04	-6.592131e-04	2.001320e-04
110           	9.603399e-03	4.999836e-03	4.603562e-03	-1.916920e-03	3.255114e-03	-5.172034e-03	4.213574e-03	1.981371e-04	-4.302945e-04	-4.593408e-04	-6.599650e-04	2.006241e-04
111           	9.592723e-03	4.995007e-03	4.597716e-03	-1.917435e-03	3.251758e-03	-5.169193e-03	4.210476e-03	1.986453e-04	-4.308924e-04	-4.595864e-04	-6.606856e-04	2.010991e-04
112           	9.582317e-03	4.990295e-03	4.592021e-03	-1.917915e-03	3.248498e-03	-5.166413e-03	4.207455e-03	1.991368e-04	-4.314683e-04	-4.598198e-04	-6.613781e-04	2.015584e-04
113           	9.572175e-03	4.985700e-03	4.586475e-03	-1.918367e-03	3.245331e-03	-5.163698e-03	4.204515e-03	1.996125e-04	-4.320238e-04	-4.600422e-04	-6.620449e-04	2.020027e-04
114           	9.562297e-03	4.981222e-03	4.581075e-03	-1.918796e-03	3.242260e-03	-5.161056e-03	4.201658e-03	2.000732e-04	-4.325596e-04	-4.602543e-04	-6.626868e-04	2.024324e-04
115           	9.552681e-03	4.976860e-03	4.575821e-03	-1.919209e-03	3.239284e-03	-5.158493e-03	4.198889e-03	2.005192e-04	-4.330762e-04	-4.604566e-04	-6.633045e-04	2.028479e-04
116           	9.543323e-03	4.972613e-03	4.570710e-03	-1.919610e-03	3.236402e-03	-5.156012e-03	4.196207e-03	2.009514e-04	-4.335770e-04	-4.606525e-04	-6.639033e-04	2.032508e-04
117           	9.534221e-03	4.968478e-03	4.565743e-03	-1.920003e-03	3.233616e-03	-5.153619e-03	4.193617e-03	2.013673e-04	-4.340526e-04	-4.608328e-04	-6.644691e-04	2.036362e-04
118           	9.525371e-03	4.964453e-03	4.560918e-03	-1.920389e-03	3.230922e-03	-5.151311e-03	4.191117e-03	2.017677e-04	-4.345070e-04	-4.610018e-04	-6.650079e-04	2.040061e-04
119           	9.516765e-03	4.960535e-03	4.556231e-03	-1.920768e-03	3.228318e-03	-5.149086e-03	4.188702e-03	2.021520e-04	-4.349390e-04	-4.611583e-04	-6.655181e-04	2.043598e-04
120           	9.508398e-03	4.956719e-03	4.551680e-03	-1.921138e-03	3.225802e-03	-5.146940e-03	4.186371e-03	2.025196e-04	-4.353472e-04	-4.613015e-04	-6.659980e-04	2.046965e-04
121           	9.500263e-03	4.953001e-03	4.547261e-03	-1.921498e-03	3.223369e-03	-5.144867e-03	4.184118e-03	2.028698e-04	-4.357309e-04	-4.614309e-04	-6.664463e-04	2.050155e-04
122           	9.492350e-03	4.949378e-03	4.542971e-03	-1.921845e-03	3.221013e-03	-5.142858e-03	4.181936e-03	2.032034e-04	-4.360933e-04	-4.615498e-04	-6.668682e-04	2.053184e-04
123           	9.484653e-03	4.945846e-03	4.538807e-03	-1.922179e-03	3.218733e-03	-5.140912e-03	4.179822e-03	2.035199e-04	-4.364309e-04	-4.616544e-04	-6.672581e-04	2.056037e-04
124           	9.477165e-03	4.942402e-03	4.534763e-03	-1.922497e-03	3.216525e-03	-5.139022e-03	4.177773e-03	2.038199e-04	-4.367447e-04	-4.617453e-04	-6.676174e-04	2.058721e-04
125           	9.469879e-03	4.939044e-03	4.530836e-03	-1.922800e-03	3.214386e-03	-5.137185e-03	4.175785e-03	2.041039e-04	-4.370359e-04	-4.618236e-04	-6.679477e-04	2.061241e-04
126           	9.462790e-03	4.935767e-03	4.527022e-03	-1.923087e-03	3.212312e-03	-5.135399e-03	4.173856e-03	2.043725e-04	-4.373053e-04	-4.618900e-04	-6.682503e-04	2.063603e-04
127           	9.455890e-03	4.932571e-03	4.523319e-03	-1.923359e-03	3.210303e-03	-5.133662e-03	4.171983e-03	2.046262e-04	-4.375541e-04	-4.619454e-04	-6.685268e-04	2.065814e-04
128           	9.449177e-03	4.929453e-03	4.519724e-03	-1.923618e-03	3.208356e-03	-5.131975e-03	4.170166e-03	2.048643e-04	-4.377787e-04	-4.619859e-04	-6.687717e-04	2.067858e-04
129           	9.442645e-03	4.926412e-03	4.516233e-03	-1.923864e-03	3.206469e-03	-5.130333e-03	4.168401e-03	2.050898e-04	-4.379895e-04	-4.620224e-04	-6.690007e-04	2.069783e-04
130           	9.436290e-03	4.923447e-03	4.512843e-03	-1.924099e-03	3.204640e-03	-5.128739e-03	4.166690e-03	2.053022e-04	-4.381826e-04	-4.620501e-04	-6.692076e-04	2.071575e-04
131           	9.430108e-03	4.920556e-03	4.509552e-03	-1.924324e-03	3.202869e-03	-5.127193e-03	4.165031e-03	2.055020e-04	-4.383590e-04	-4.620698e-04	-6.693940e-04	2.073241e-04
132           	9.424095e-03	4.917738e-03	4.506358e-03	-1.924539e-03	3.201155e-03	-5.125694e-03	4.163424e-03	2.056898e-04	-4.385197e-04	-4.620822e-04	-6.695608e-04	2.074786e-04
133           	9.418247e-03	4.914989e-03	4.503258e-03	-1.924746e-03	3.199495e-03	-5.124241e-03	4.161868e-03	2.058658e-04	-4.386647e-04	-4.620873e-04	-6.697083e-04	2.076210e-04
134           	9.412559e-03	4.912310e-03	4.500249e-03	-1.924944e-03	3.197888e-03	-5.122833e-03	4.160360e-03	2.060305e-04	-4.387945e-04	-4.620853e-04	-6.698372e-04	2.077519e-04
135           	9.407026e-03	4.909697e-03	4.497329e-03	-1.925135e-03	3.196332e-03	-5.121468e-03	4.158900e-03	2.061840e-04	-4.389097e-04	-4.620764e-04	-6.699479e-04	2.078714e-04
136           	9.401645e-03	4.907149e-03	4.494496e-03	-1.925318e-03	3.194826e-03	-5.120144e-03	4.157485e-03	2.063269e-04	-4.390107e-04	-4.620611e-04	-6.700413e-04	2.079802e-04
137           	9.396411e-03	4.904665e-03	4.491746e-03	-1.925493e-03	3.193368e-03	-5.118861e-03	4.156115e-03	2.064597e-04	-4.390985e-04	-4.620397e-04	-6.701183e-04	2.080786e-04
138           	9.391320e-03	4.902243e-03	4.489077e-03	-1.925661e-03	3.191956e-03	-5.117616e-03	4.154786e-03	2.065828e-04	-4.391738e-04	-4.620128e-04	-6.701802e-04	2.081674e-04
139           	9.386368e-03	4.899881e-03	4.486487e-03	-1.925821e-03	3.190587e-03	-5.116408e-03	4.153498e-03	2.066969e-04	-4.392375e-04	-4.619810e-04	-6.702281e-04	2.082470e-04
140           	9.381550e-03	4.897577e-03	4.483972e-03	-1.925973e-03	3.189262e-03	-5.115235e-03	4.152249e-03	2.068025e-04	-4.392907e-04	-4.619450e-04	-6.702632e-04	2.083182e-04
141           	9.376863e-03	4.895332e-03	4.481531e-03	-1.926118e-03	3.187978e-03	-5.114097e-03	4.151038e-03	2.069002e-04	-4.393343e-04	-4.619052e-04	-6.702869e-04	2.083816e-04
142           	9.372303e-03	4.893142e-03	4.479161e-03	-1.926257e-03	3.186734e-03	-5.112991e-03	4.149863e-03	2.069906e-04	-4.393691e-04	-4.618625e-04	-6.703003e-04	2.084378e-04
143           	9.367866e-03	4.891007e-03	4.476859e-03	-1.926388e-03	3.185529e-03	-5.111917e-03	4.148723e-03	2.070742e-04	-4.393961e-04	-4.618172e-04	-6.703047e-04	2.084875e-04
144           	9.363548e-03	4.888925e-03	4.474623e-03	-1.926513e-03	3.184360e-03	-5.110873e-03	4.147617e-03	2.071514e-04	-4.394163e-04	-4.617712e-04	-6.703019e-04	2.085307e-04
145           	9.359347e-03	4.886896e-03	4.472451e-03	-1.926632e-03	3.183227e-03	-5.109860e-03	4.146544e-03	2.072228e-04	-4.394302e-04	-4.617233e-04	-6.702919e-04	2.085686e-04
146           	9.355259e-03	4.884918e-03	4.470341e-03	-1.926746e-03	3.182130e-03	-5.108876e-03	4.145503e-03	2.072888e-04	-4.394383e-04	-4.616739e-04	-6.702753e-04	2.086014e-04
147           	9.351282e-03	4.882990e-03	4.468291e-03	-1.926854e-03	3.181067e-03	-5.107921e-03	4.144494e-03	2.073497e-04	-4.394412e-04	-4.616234e-04	-6.702529e-04	2.086295e-04
148           	9.347411e-03	4.881111e-03	4.466300e-03	-1.926957e-03	3.180037e-03	-5.106994e-03	4.143515e-03	2.074059e-04	-4.394393e-04	-4.615721e-04	-6.702253e-04	2.086533e-04
149           	9.343645e-03	4.879280e-03	4.464365e-03	-1.927055e-03	3.179039e-03	-5.106094e-03	4.142566e-03	2.074576e-04	-4.394332e-04	-4.615204e-04	-6.701934e-04	2.086730e-04
150           	9.339979e-03	4.877495e-03	4.462484e-03	-1.927148e-03	3.178071e-03	-5.105220e-03	4.141645e-03	2.075053e-04	-4.394233e-04	-4.614687e-04	-6.701577e-04	2.086890e-04
151           	9.336412e-03	4.875755e-03	4.460657e-03	-1.927237e-03	3.177133e-03	-5.104371e-03	4.140752e-03	2.075492e-04	-4.394101e-04	-4.614173e-04	-6.701187e-04	2.087015e-04
152           	9.332940e-03	4.874059e-03	4.458880e-03	-1.927322e-03	3.176224e-03	-5.103546e-03	4.139885e-03	2.075895e-04	-4.393939e-04	-4.613663e-04	-6.700770e-04	2.087107e-04
153           	9.329560e-03	4.872407e-03	4.457154e-03	-1.927403e-03	3.175343e-03	-5.102745e-03	4.139044e-03	2.076265e-04	-4.393752e-04	-4.613163e-04	-6.700334e-04	2.087171e-04
154           	9.326270e-03	4.870796e-03	4.455475e-03	-1.927479e-03	3.174488e-03	-5.101967e-03	4.138228e-03	2.076607e-04	-4.393547e-04	-4.612676e-04	-6.699885e-04	2.087209e-04
155           	9.323068e-03	4.869226e-03	4.453842e-03	-1.927552e-03	3.173659e-03	-5.101211e-03	4.137435e-03	2.076921e-04	-4.393328e-04	-4.612205e-04	-6.699430e-04	2.087225e-04
156           	9.319950e-03	4.867696e-03	4.452254e-03	-1.927621e-03	3.172856e-03	-5.100476e-03	4.136666e-03	2.077213e-04	-4.393098e-04	-4.611753e-04	-6.698975e-04	2.087222e-04
157           	9.316920e-03	4.866209e-03	4.450712e-03	-1.927683e-03	3.172079e-03	-5.099762e-03	4.135920e-03	2.077485e-04	-4.392872e-04	-4.611336e-04	-6.698540e-04	2.087204e-04
158           	9.313968e-03	4.864758e-03	4.449210e-03	-1.927741e-03	3.171325e-03	-5.099067e-03	4.135196e-03	2.077740e-04	-4.392647e-04	-4.610949e-04	-6.698121e-04	2.087173e-04
159           	9.311093e-03	4.863344e-03	4.447749e-03	-1.927796e-03	3.170594e-03	-5.098389e-03	4.134491e-03	2.077977e-04	-4.392421e-04	-4.610585e-04	-6.697713e-04	2.087129e-04
160           	9.308292e-03	4.861966e-03	4.446326e-03	-1.927847e-03	3.169883e-03	-5.097730e-03	4.133807e-03	2.078198e-04	-4.392191e-04	-4.610239e-04	-6.697311e-04	2.087072e-04
161           	9.305564e-03	4.860622e-03	4.444942e-03	-1.927896e-03	3.169194e-03	-5.097090e-03	4.133142e-03	2.078402e-04	-4.391957e-04	-4.609908e-04	-6.696911e-04	2.087003e-04
162           	9.302907e-03	4.859313e-03	4.443594e-03	-1.927943e-03	3.168525e-03	-5.096468e-03	4.132496e-03	2.078592e-04	-4.391718e-04	-4.609591e-04	-6.696514e-04	2.086923e-04
163           	9.300319e-03	4.858037e-03	4.442283e-03	-1.927989e-03	3.167875e-03	-5.095864e-03	4.131870e-03	2.078768e-04	-4.391478e-04	-4.609288e-04	-6.696122e-04	2.086834e-04
164           	9.297798e-03	4.856792e-03	4.441006e-03	-1.928032e-03	3.167243e-03	-5.095275e-03	4.131259e-03	2.078934e-04	-4.391246e-04	-4.609024e-04	-6.695758e-04	2.086735e-04
165           	9.295342e-03	4.855580e-03	4.439762e-03	-1.928074e-03	3.166630e-03	-5.094704e-03	4.130667e-03	2.079090e-04	-4.391017e-04	-4.608772e-04	-6.695403e-04	2.086631e-04
166           	9.292951e-03	4.854399e-03	4.438551e-03	-1.928114e-03	3.166035e-03	-5.094149e-03	4.130092e-03	2.079238e-04	-4.390793e-04	-4.608536e-04	-6.695062e-04	2.086525e-04
167           	9.290620e-03	4.853248e-03	4.437372e-03	-1.928151e-03	3.165459e-03	-5.093610e-03	4.129534e-03	2.079381e-04	-4.390580e-04	-4.608321e-04	-6.694741e-04	2.086420e-04
168           	9.288350e-03	4.852127e-03	4.436223e-03	-1.928186e-03	3.164899e-03	-5.093085e-03	4.128992e-03	2.079520e-04	-4.390383e-04	-4.608133e-04	-6.694449e-04	2.086316e-04
169           	9.286138e-03	4.851035e-03	4.435103e-03	-1.928218e-03	3.164356e-03	-5.092573e-03	4.128464e-03	2.079658e-04	-4.390204e-04	-4.607975e-04	-6.694192e-04	2.086217e-04
170           	9.283981e-03	4.849970e-03	4.434011e-03	-1.928247e-03	3.163828e-03	-5.092075e-03	4.127951e-03	2.079797e-04	-4.390049e-04	-4.607853e-04	-6.693975e-04	2.086123e-04
171           	9.281880e-03	4.848934e-03	4.432946e-03	-1.928273e-03	3.163315e-03	-5.091588e-03	4.127452e-03	2.079938e-04	-4.389919e-04	-4.607767e-04	-6.693802e-04	2.086035e-04
172           	9.279831e-03	4.847924e-03	4.431907e-03	-1.928298e-03	3.162817e-03	-5.091114e-03	4.126966e-03	2.080081e-04	-4.389813e-04	-4.607717e-04	-6.693672e-04	2.085955e-04
173           	9.277834e-03	4.846940e-03	4.430894e-03	-1.928320e-03	3.162332e-03	-5.090653e-03	4.126493e-03	2.080228e-04	-4.389733e-04	-4.607703e-04	-6.693584e-04	2.085881e-04
174           	9.275888e-03	4.845982e-03	4.429906e-03	-1.928341e-03	3.161862e-03	-5.090203e-03	4.126032e-03	2.080379e-04	-4.389677e-04	-4.607723e-04	-6.693539e-04	2.085816e-04
175           	9.273991e-03	4.845049e-03	4.428942e-03	-1.928360e-03	3.161404e-03	-5.089764e-03	4.125584e-03	2.080534e-04	-4.389646e-04	-4.607774e-04	-6.693533e-04	2.085759e-04
176           	9.272142e-03	4.844141e-03	4.428002e-03	-1.928378e-03	3.160960e-03	-5.089337e-03	4.125149e-03	2.080694e-04	-4.389638e-04	-4.607855e-04	-6.693565e-04	2.085711e-04
177           	9.270340e-03	4.843256e-03	4.427084e-03	-1.928394e-03	3.160528e-03	-5.088922e-03	4.124725e-03	2.080859e-04	-4.389653e-04	-4.607963e-04	-6.693634e-04	2.085671e-04
178           	9.268583e-03	4.842395e-03	4.426189e-03	-1.928409e-03	3.160108e-03	-5.088517e-03	4.124313e-03	2.081030e-04	-4.389690e-04	-4.608096e-04	-6.693738e-04	2.085642e-04
179           	9.266870e-03	4.841556e-03	4.425315e-03	-1.928423e-03	3.159700e-03	-5.088123e-03	4.123911e-03	2.081206e-04	-4.389750e-04	-4.608256e-04	-6.693878e-04	2.085622e-04
180           	9.265201e-03	4.840739e-03	4.424461e-03	-1.928435e-03	3.159303e-03	-5.087738e-03	4.123521e-03	2.081389e-04	-4.389834e-04	-4.608441e-04	-6.694054e-04	2.085613e-04
181           	9.263572e-03	4.839944e-03	4.423628e-03	-1.928446e-03	3.158918e-03	-5.087364e-03	4.123141e-03	2.081580e-04	-4.389942e-04	-4.608652e-04	-6.694267e-04	2.085616e-04
182           	9.261985e-03	4.839170e-03	4.422814e-03	-1.928455e-03	3.158543e-03	-5.086998e-03	4.122771e-03	2.081778e-04	-4.390075e-04	-4.608889e-04	-6.694519e-04	2.085630e-04
183           	9.260436e-03	4.838417e-03	4.422020e-03	-1.928463e-03	3.158178e-03	-5.086641e-03	4.122410e-03	2.081985e-04	-4.390234e-04	-4.609154e-04	-6.694811e-04	2.085657e-04
184           	9.258924e-03	4.837682e-03	4.421243e-03	-1.928468e-03	3.157822e-03	-5.086290e-03	4.122056e-03	2.082196e-04	-4.390414e-04	-4.609452e-04	-6.695140e-04	2.085688e-04
185           	9.257451e-03	4.836967e-03	4.420484e-03	-1.928473e-03	3.157475e-03	-5.085948e-03	4.121712e-03	2.082417e-04	-4.390619e-04	-4.609772e-04	-6.695505e-04	2.085733e-04
186           	9.256014e-03	4.836271e-03	4.419742e-03	-1.928476e-03	3.157139e-03	-5.085615e-03	4.121377e-03	2.082646e-04	-4.390847e-04	-4.610111e-04	-6.695903e-04	2.085792e-04
187           	9.254613e-03	4.835595e-03	4.419018e-03	-1.928479e-03	3.156813e-03	-5.085291e-03	4.121052e-03	2.082884e-04	-4.391097e-04	-4.610468e-04	-6.696331e-04	2.085863e-04
188           	9.253246e-03	4.834936e-03	4.418310e-03	-1.928481e-03	3.156495e-03	-5.084976e-03	4.120736e-03	2.083129e-04	-4.391368e-04	-4.610843e-04	-6.696789e-04	2.085946e-04
189           	9.251914e-03	4.834295e-03	4.417619e-03	-1.928482e-03	3.156187e-03	-5.084669e-03	4.120428e-03	2.083382e-04	-4.391658e-04	-4.611235e-04	-6.697276e-04	2.086041e-04
190           	9.250615e-03	4.833672e-03	4.416943e-03	-1.928482e-03	3.155887e-03	-5.084369e-03	4.120128e-03	2.083642e-04	-4.391968e-04	-4.611645e-04	-6.697790e-04	2.086145e-04
191           	9.249347e-03	4.833065e-03	4.416283e-03	-1.928482e-03	3.155595e-03	-5.084077e-03	4.119836e-03	2.083909e-04	-4.392295e-04	-4.612073e-04	-6.698331e-04	2.086259e-04
192           	9.248111e-03	4.832474e-03	4.415637e-03	-1.928481e-03	3.155311e-03	-5.083791e-03	4.119551e-03	2.084182e-04	-4.392640e-04	-4.612518e-04	-6.698899e-04	2.086381e-04
193           	9.246904e-03	4.831898e-03	4.415006e-03	-1.928479e-03	3.155034e-03	-5.083513e-03	4.119273e-03	2.084461e-04	-4.393001e-04	-4.612979e-04	-6.699491e-04	2.086512e-04
194           	9.245727e-03	4.831338e-03	4.414389e-03	-1.928476e-03	3.154764e-03	-5.083240e-03	4.119002e-03	2.084746e-04	-4.393379e-04	-4.613456e-04	-6.700107e-04	2.086651e-04
195           	9.244579e-03	4.830793e-03	4.413786e-03	-1.928473e-03	3.154501e-03	-5.082974e-03	4.118737e-03	2.085037e-04	-4.393771e-04	-4.613946e-04	-6.700744e-04	2.086798e-04
196           	9.243459e-03	4.830263e-03	4.413196e-03	-1.928468e-03	3.154245e-03	-5.082713e-03	4.118479e-03	2.085333e-04	-4.394177e-04	-4.614448e-04	-6.701401e-04	2.086953e-04
197           	9.242365e-03	4.829746e-03	4.412619e-03	-1.928463e-03	3.153996e-03	-5.082459e-03	4.118227e-03	2.085634e-04	-4.394594e-04	-4.614960e-04	-6.702074e-04	2.087114e-04
198           	9.241298e-03	4.829243e-03	4.412055e-03	-1.928458e-03	3.153753e-03	-5.082210e-03	4.117982e-03	2.085940e-04	-4.395023e-04	-4.615479e-04	-6.702762e-04	2.087283e-04
199           	9.240257e-03	4.828753e-03	4.411504e-03	-1.928451e-03	3.153516e-03	-5.081967e-03	4.117742e-03	2.086249e-04	-4.395461e-04	-4.616005e-04	-6.703463e-04	2.087458e-04
200           	9.239241e-03	4.828277e-03	4.410964e-03	-1.928444e-03	3.153286e-03	-5.081730e-03	4.117508e-03	2.086562e-04	-4.395907e-04	-4.616535e-04	-6.704174e-04	2.087639e-04
201           	9.238249e-03	4.827813e-03	4.410437e-03	-1.928437e-03	3.153061e-03	-5.081498e-03	4.117280e-03	2.086879e-04	-4.396360e-04	-4.617070e-04	-6.704895e-04	2.087825e-04
202           	9.237282e-03	4.827361e-03	4.409921e-03	-1.928429e-03	3.152842e-03	-5.081271e-03	4.117057e-03	2.087199e-04	-4.396821e-04	-4.617607e-04	-6.705624e-04	2.088017e-04
203           	9.236337e-03	4.826921e-03	4.409416e-03	-1.928421e-03	3.152629e-03	-5.081050e-03	4.116840e-03	2.087521e-04	-4.397287e-04	-4.618146e-04	-6.706360e-04	2.088214e-04
204           	9.235415e-03	4.826492e-03	4.408923e-03	-1.928412e-03	3.152422e-03	-5.080834e-03	4.116628e-03	2.087846e-04	-4.397758e-04	-4.618688e-04	-6.707102e-04	2.088415e-04
205           	9.234516e-03	4.826075e-03	4.408441e-03	-1.928403e-03	3.152220e-03	-5.080622e-03	4.116421e-03	2.088173e-04	-4.398235e-04	-4.619230e-04	-6.707850e-04	2.088620e-04
206           	9.233638e-03	4.825669e-03	4.407969e-03	-1.928393e-03	3.152023e-03	-5.080416e-03	4.116219e-03	2.088502e-04	-4.398716e-04	-4.619773e-04	-6.708602e-04	2.088829e-04
207           	9.233386e-03	4.825568e-03	4.407818e-03	-1.928669e-03	3.152051e-03	-5.080721e-03	4.116386e-03	2.088752e-04	-4.398834e-04	-4.619794e-04	-6.708732e-04	2.088937e-04
208           	9.233271e-03	4.825531e-03	4.407741e-03	-1.929118e-03	3.152149e-03	-5.081267e-03	4.116708e-03	2.088949e-04	-4.398733e-04	-4.619498e-04	-6.708482e-04	2.088984e-04
209           	9.233202e-03	4.825513e-03	4.407689e-03	-1.929619e-03	3.152265e-03	-5.081884e-03	4.117075e-03	2.089119e-04	-4.398540e-04	-4.619073e-04	-6.708077e-04	2.089004e-04
210           	9.233094e-03	4.825475e-03	4.407620e-03	-1.930064e-03	3.152353e-03	-5.082418e-03	4.117385e-03	2.089275e-04	-4.398359e-04	-4.618676e-04	-6.707697e-04	2.089022e-04
211           	9.232901e-03	4.825395e-03	4.407507e-03	-1.930388e-03	3.152388e-03	-5.082776e-03	4.117582e-03	2.089439e-04	-4.398261e-04	-4.618393e-04	-6.707457e-04	2.089064e-04
212           	9.232591e-03	4.825256e-03	4.407334e-03	-1.930551e-03	3.152352e-03	-5.082902e-03	4.117627e-03	2.089609e-04	-4.398275e-04	-4.618287e-04	-6.707419e-04	2.089132e-04
213           	9.232171e-03	4.825065e-03	4.407106e-03	-1.930562e-03	3.152248e-03	-5.082810e-03	4.117529e-03	2.089797e-04	-4.398426e-04	-4.618381e-04	-6.707616e-04	2.089235e-04
214           	9.231667e-03	4.824834e-03	4.406833e-03	-1.930455e-03	3.152094e-03	-5.082549e-03	4.117321e-03	2.090006e-04	-4.398692e-04	-4.618635e-04	-6.708009e-04	2.089375e-04
215           	9.231104e-03	4.824574e-03	4.406530e-03	-1.930262e-03	3.151904e-03	-5.082167e-03	4.117035e-03	2.090222e-04	-4.399017e-04	-4.618967e-04	-6.708501e-04	2.089534e-04
216           	9.230517e-03	4.824302e-03	4.406215e-03	-1.930032e-03	3.151699e-03	-5.081730e-03	4.116714e-03	2.090435e-04	-4.399362e-04	-4.619331e-04	-6.709027e-04	2.089697e-04
217           	9.229938e-03	4.824034e-03	4.405905e-03	-1.929806e-03	3.151497e-03	-5.081303e-03	4.116400e-03	2.090643e-04	-4.399701e-04	-4.619691e-04	-6.709546e-04	2.089856e-04
218           	9.229394e-03	4.823782e-03	4.405612e-03	-1.929617e-03	3.151314e-03	-5.080930e-03	4.116122e-03	2.090846e-04	-4.400018e-04	-4.620024e-04	-6.710031e-04	2.090006e-04
219           	9.228897e-03	4.823553e-03	4.405344e-03	-1.929483e-03	3.151157e-03	-5.080640e-03	4.115898e-03	2.091043e-04	-4.400306e-04	-4.620319e-04	-6.710465e-04	2.090147e-04
220           	9.228451e-03	4.823349e-03	4.405102e-03	-1.929407e-03	3.151029e-03	-5.080436e-03	4.115732e-03	2.091233e-04	-4.400563e-04	-4.620571e-04	-6.710848e-04	2.090278e-04
221           	9.228050e-03	4.823167e-03	4.404883e-03	-1.929381e-03	3.150927e-03	-5.080308e-03	4.115617e-03	2.091422e-04	-4.400800e-04	-4.620790e-04	-6.711195e-04	2.090405e-04
222           	9.227684e-03	4.823003e-03	4.404681e-03	-1.929393e-03	3.150845e-03	-5.080238e-03	4.115541e-03	2.091613e-04	-4.401032e-04	-4.620994e-04	-6.711529e-04	2.090536e-04
223           	9.227342e-03	4.822852e-03	4.404490e-03	-1.929427e-03	3.150776e-03	-5.080203e-03	4.115489e-03	2.091809e-04	-4.401272e-04	-4.621199e-04	-6.711871e-04	2.090672e-04
224           	9.227010e-03	4.822706e-03	4.404304e-03	-1.929467e-03	3.150712e-03	-5.080179e-03	4.115445e-03	2.092007e-04	-4.401523e-04	-4.621416e-04	-6.712230e-04	2.090815e-04
225           	9.226677e-03	4.822560e-03	4.404117e-03	-1.929497e-03	3.150647e-03	-5.080144e-03	4.115396e-03	2.092213e-04	-4.401807e-04	-4.621674e-04	-6.712644e-04	2.090971e-04
226           	9.226338e-03	4.822410e-03	4.403927e-03	-1.929512e-03	3.150576e-03	-5.080088e-03	4.115332e-03	2.092415e-04	-4.402094e-04	-4.621937e-04	-6.713063e-04	2.091125e-04
227           	9.225988e-03	4.822255e-03	4.403733e-03	-1.929507e-03	3.150497e-03	-5.080004e-03	4.115251e-03	2.092614e-04	-4.402380e-04	-4.622205e-04	-6.713483e-04	2.091278e-04
228           	9.225628e-03	4.822095e-03	4.403533e-03	-1.929483e-03	3.150410e-03	-5.079894e-03	4.115152e-03	2.092808e-04	-4.402663e-04	-4.622472e-04	-6.713899e-04	2.091427e-04
229           	9.225260e-03	4.821930e-03	4.403330e-03	-1.929445e-03	3.150318e-03	-5.079762e-03	4.115040e-03	2.092998e-04	-4.402941e-04	-4.622737e-04	-6.714309e-04	2.091573e-04
230           	9.224889e-03	4.821763e-03	4.403126e-03	-1.929396e-03	3.150221e-03	-5.079617e-03	4.114919e-03	2.093184e-04	-4.403213e-04	-4.622996e-04	-6.714711e-04	2.091714e-04
231           	9.224518e-03	4.821596e-03	4.402923e-03	-1.929345e-03	3.150122e-03	-5.079467e-03	4.114795e-03	2.093366e-04	-4.403477e-04	-4.623248e-04	-6.715101e-04	2.091853e-04
232           	9.224152e-03	4.821431e-03	4.402722e-03	-1.929295e-03	3.150025e-03	-5.079320e-03	4.114672e-03	2.093545e-04	-4.403736e-04	-4.623493e-04	-6.715483e-04	2.091989e-04
233           	9.223794e-03	4.821268e-03	4.402526e-03	-1.929251e-03	3.149929e-03	-5.079181e-03	4.114555e-03	2.093710e-04	-4.403963e-04	-4.623715e-04	-6.715820e-04	2.092106e-04
234           	9.223445e-03	4.821110e-03	4.402335e-03	-1.929214e-03	3.149838e-03	-5.079052e-03	4.114445e-03	2.093879e-04	-4.404197e-04	-4.623939e-04	-6.716166e-04	2.092227e-04
235           	9.223105e-03	4.820958e-03	4.402147e-03	-1.929183e-03	3.149751e-03	-5.078934e-03	4.114342e-03	2.094052e-04	-4.404440e-04	-4.624167e-04	-6.716523e-04	2.092356e-04
236           	9.222774e-03	4.820810e-03	4.401964e-03	-1.929157e-03	3.149668e-03	-5.078826e-03	4.114247e-03	2.094229e-04	-4.404693e-04	-4.624402e-04	-6.716894e-04	2.092491e-04
237           	9.222450e-03	4.820666e-03	4.401784e-03	-1.929137e-03	3.149589e-03	-5.078726e-03	4.114157e-03	2.094411e-04	-4.404955e-04	-4.624644e-04	-6.717277e-04	2.092633e-04
238           	9.222133e-03	4.820526e-03	4.401607e-03	-1.929118e-03	3.149513e-03	-5.078631e-03	4.114072e-03	2.094596e-04	-4.405224e-04	-4.624891e-04	-6.717670e-04	2.092779e-04
239           	9.221820e-03	4.820388e-03	4.401432e-03	-1.929101e-03	3.149438e-03	-5.078539e-03	4.113989e-03	2.094781e-04	-4.405497e-04	-4.625142e-04	-6.718069e-04	2.092926e-04
240           	9.221511e-03	4.820252e-03	4.401259e-03	-1.929083e-03	3.149365e-03	-5.078448e-03	4.113906e-03	2.094966e-04	-4.405771e-04	-4.625395e-04	-6.718469e-04	2.093073e-04
241           	9.221205e-03	4.820118e-03	4.401088e-03	-1.929064e-03	3.149292e-03	-5.078356e-03	4.113824e-03	2.095149e-04	-4.406043e-04	-4.625648e-04	-6.718867e-04	2.093219e-04
242           	9.220902e-03	4.819984e-03	4.400918e-03	-1.929043e-03	3.149219e-03	-5.078262e-03	4.113741e-03	2.095329e-04	-4.406310e-04	-4.625898e-04	-6.719259e-04	2.093361e-04
243           	9.220600e-03	4.819851e-03	4.400749e-03	-1.929021e-03	3.149147e-03	-5.078167e-03	4.113657e-03	2.095506e-04	-4.406572e-04	-4.626144e-04	-6.719644e-04	2.093500e-04
244           	9.220301e-03	4.819719e-03	4.400583e-03	-1.928997e-03	3.149074e-03	-5.078071e-03	4.113573e-03	2.095680e-04	-4.406827e-04	-4.626386e-04	-6.720020e-04	2.093634e-04
245           	9.220005e-03	4.819588e-03	4.400418e-03	-1.928973e-03	3.149002e-03	-5.077975e-03	4.113489e-03	2.095850e-04	-4.407076e-04	-4.626621e-04	-6.720387e-04	2.093765e-04
246           	9.219712e-03	4.819458e-03	4.400254e-03	-1.928948e-03	3.148931e-03	-5.077879e-03	4.113405e-03	2.096017e-04	-4.407319e-04	-4.626852e-04	-6.720745e-04	2.093893e-04
247           	9.219422e-03	4.819329e-03	4.400093e-03	-1.928924e-03	3.148861e-03	-5.077785e-03	4.113323e-03	2.096183e-04	-4.407557e-04	-4.627077e-04	-6.721096e-04	2.094019e-04
248           	9.219137e-03	4.819203e-03	4.399934e-03	-1.928900e-03	3.148791e-03	-5.077692e-03	4.113242e-03	2.096346e-04	-4.407791e-04	-4.627298e-04	-6.721440e-04	2.094143e-04
249           	9.218855e-03	4.819078e-03	4.399777e-03	-1.928878e-03	3.148723e-03	-5.077601e-03	4.113162e-03	2.096508e-04	-4.408022e-04	-4.627514e-04	-6.721779e-04	2.094265e-04
250           	9.218577e-03	4.818955e-03	4.399622e-03	-1.928856e-03	3.148657e-03	-5.077513e-03	4.113085e-03	2.096668e-04	-4.408251e-04	-4.627728e-04	-6.722114e-04	2.094387e-04
251           	9.218303e-03	4.818834e-03	4.399469e-03	-1.928836e-03	3.148591e-03	-5.077427e-03	4.113009e-03	2.096828e-04	-4.408477e-04	-4.627938e-04	-6.722446e-04	2.094508e-04
252           	9.218033e-03	4.818715e-03	4.399318e-03	-1.928816e-03	3.148527e-03	-5.077343e-03	4.112935e-03	2.096986e-04	-4.408702e-04	-4.628146e-04	-6.722775e-04	2.094629e-04
253           	9.217767e-03	4.818598e-03	4.399169e-03	-1.928797e-03	3.148464e-03	-5.077261e-03	4.112862e-03	2.097143e-04	-4.408925e-04	-4.628353e-04	-6.723102e-04	2.094749e-04
254           	9.217504e-03	4.818482e-03	4.399022e-03	-1.928778e-03	3.148402e-03	-5.077180e-03	4.112791e-03	2.097300e-04	-4.409147e-04	-4.628557e-04	-6.723426e-04	2.094869e-04
255           	9.217244e-03	4.818368e-03	4.398877e-03	-1.928760e-03	3.148340e-03	-5.077100e-03	4.112720e-03	2.097455e-04	-4.409367e-04	-4.628760e-04	-6.723747e-04	2.094987e-04
256           	9.216988e-03	4.818255e-03	4.398733e-03	-1.928742e-03	3.148280e-03	-5.077021e-03	4.112651e-03	2.097608e-04	-4.409585e-04	-4.628960e-04	-6.724065e-04	2.095105e-04
257           	9.216734e-03	4.818143e-03	4.398591e-03	-1.928723e-03	3.148220e-03	-5.076943e-03	4.112582e-03	2.097760e-04	-4.409801e-04	-4.629159e-04	-6.724380e-04	2.095221e-04
258           	9.216484e-03	4.818033e-03	4.398451e-03	-1.928705e-03	3.148161e-03	-5.076866e-03	4.112514e-03	2.097911e-04	-4.410014e-04	-4.629355e-04	-6.724691e-04	2.095336e-04
259           	9.216236e-03	4.817924e-03	4.398312e-03	-1.928686e-03	3.148103e-03	-5.076790e-03	4.112447e-03	2.098059e-04	-4.410225e-04	-4.629549e-04	-6.724999e-04	2.095450e-04
260           	9.215991e-03	4.817816e-03	4.398175e-03	-1.928668e-03	3.148046e-03	-5.076714e-03	4.112380e-03	2.098207e-04	-4.410433e-04	-4.629740e-04	-6.725303e-04	2.095563e-04
261           	9.215750e-03	4.817710e-03	4.398040e-03	-1.928650e-03	3.147989e-03	-5.076640e-03	4.112315e-03	2.098352e-04	-4.410639e-04	-4.629929e-04	-6.725603e-04	2.095674e-04
262           	9.215511e-03	4.817605e-03	4.397906e-03	-1.928632e-03	3.147934e-03	-5.076566e-03	4.112250e-03	2.098497e-04	-4.410842e-04	-4.630115e-04	-6.725899e-04	2.095785e-04
263           	9.215275e-03	4.817501e-03	4.397773e-03	-1.928615e-03	3.147879e-03	-5.076493e-03	4.112186e-03	2.098640e-04	-4.411043e-04	-4.630299e-04	-6.726193e-04	2.095894e-04
264           	9.215042e-03	4.817399e-03	4.397643e-03	-1.928598e-03	3.147824e-03	-5.076422e-03	4.112123e-03	2.098781e-04	-4.411242e-04	-4.630481e-04	-6.726483e-04	2.096002e-04
265           	9.214812e-03	4.817298e-03	4.397514e-03	-1.928581e-03	3.147771e-03	-5.076352e-03	4.112061e-03	2.098921e-04	-4.411440e-04	-4.630661e-04	-6.726770e-04	2.096109e-04
266           	9.214585e-03	4.817198e-03	4.397386e-03	-1.928564e-03	3.147719e-03	-5.076283e-03	4.112001e-03	2.099061e-04	-4.411635e-04	-4.630839e-04	-6.727055e-04	2.096216e-04
267           	9.214361e-03	4.817100e-03	4.397260e-03	-1.928548e-03	3.147667e-03	-5.076215e-03	4.111941e-03	2.099199e-04	-4.411829e-04	-4.631015e-04	-6.727337e-04	2.096322e-04
268           	9.214139e-03	4.817003e-03	4.397136e-03	-1.928532e-03	3.147616e-03	-5.076148e-03	4.111882e-03	2.099335e-04	-4.412022e-04	-4.631190e-04	-6.727617e-04	2.096427e-04
269           	9.213921e-03	4.816907e-03	4.397013e-03	-1.928516e-03	3.147565e-03	-5.076082e-03	4.111824e-03	2.099471e-04	-4.412213e-04	-4.631363e-04	-6.727894e-04	2.096532e-04
270           	9.213705e-03	4.816813e-03	4.396892e-03	-1.928501e-03	3.147516e-03	-5.076017e-03	4.111766e-03	2.099605e-04	-4.412402e-04	-4.631534e-04	-6.728169e-04	2.096635e-04
271           	9.213492e-03	4.816720e-03	4.396772e-03	-1.928485e-03	3.147467e-03	-5.075953e-03	4.111710e-03	2.099739e-04	-4.412590e-04	-4.631704e-04	-6.728442e-04	2.096738e-04
272           	9.213281e-03	4.816628e-03	4.396653e-03	-1.928470e-03	3.147419e-03	-5.075889e-03	4.111654e-03	2.099871e-04	-4.412777e-04	-4.631873e-04	-6.728713e-04	2.096841e-04
273           	9.213073e-03	4.816537e-03	4.396536e-03	-1.928455e-03	3.147371e-03	-5.075827e-03	4.111599e-03	2.100002e-04	-4.412962e-04	-4.632039e-04	-6.728982e-04	2.096942e-04
274           	9.212867e-03	4.816447e-03	4.396421e-03	-1.928441e-03	3.147324e-03	-5.075765e-03	4.111545e-03	2.100131e-04	-4.413146e-04	-4.632205e-04	-6.729248e-04	2.097043e-04
275           	9.212664e-03	4.816358e-03	4.396306e-03	-1.928426e-03	3.147278e-03	-5.075704e-03	4.111491e-03	2.100260e-04	-4.413328e-04	-4.632369e-04	-6.729512e-04	2.097143e-04
276           	9.212464e-03	4.816271e-03	4.396193e-03	-1.928412e-03	3.147233e-03	-5.075644e-03	4.111439e-03	2.100388e-04	-4.413509e-04	-4.632531e-04	-6.729774e-04	2.097243e-04
277           	9.212266e-03	4.816184e-03	4.396081e-03	-1.928398e-03	3.147188e-03	-5.075585e-03	4.111387e-03	2.100514e-04	-4.413688e-04	-4.632692e-04	-6.730034e-04	2.097342e-04
278           	9.212070e-03	4.816099e-03	4.395971e-03	-1.928384e-03	3.147143e-03	-5.075527e-03	4.111335e-03	2.100640e-04	-4.413867e-04	-4.632852e-04	-6.730293e-04	2.097440e-04
279           	9.211877e-03	4.816015e-03	4.395862e-03	-1.928370e-03	3.147100e-03	-5.075470e-03	4.111285e-03	2.100765e-04	-4.414044e-04	-4.633011e-04	-6.730549e-04	2.097538e-04
280           	9.211686e-03	4.815932e-03	4.395754e-03	-1.928356e-03	3.147057e-03	-5.075413e-03	4.111235e-03	2.100889e-04	-4.414220e-04	-4.633168e-04	-6.730804e-04	2.097636e-04
281           	9.211498e-03	4.815850e-03	4.395648e-03	-1.928343e-03	3.147014e-03	-5.075357e-03	4.111186e-03	2.101011e-04	-4.414395e-04	-4.633325e-04	-6.731057e-04	2.097732e-04
282           	9.211311e-03	4.815769e-03	4.395542e-03	-1.928330e-03	3.146972e-03	-5.075302e-03	4.111137e-03	2.101133e-04	-4.414569e-04	-4.633480e-04	-6.731308e-04	2.097829e-04
283           	9.211128e-03	4.815689e-03	4.395438e-03	-1.928317e-03	3.146931e-03	-5.075248e-03	4.111089e-03	2.101254e-04	-4.414741e-04	-4.633634e-04	-6.731558e-04	2.097925e-04
284           	9.210946e-03	4.815610e-03	4.395336e-03	-1.928304e-03	3.146891e-03	-5.075194e-03	4.111042e-03	2.101374e-04	-4.414913e-04	-4.633787e-04	-6.731806e-04	2.098020e-04
285           	9.210767e-03	4.815533e-03	4.395234e-03	-1.928291e-03	3.146850e-03	-5.075142e-03	4.110996e-03	2.101493e-04	-4.415084e-04	-4.633938e-04	-6.732053e-04	2.098115e-04
286           	9.210589e-03	4.815456e-03	4.395134e-03	-1.928279e-03	3.146811e-03	-5.075090e-03	4.110950e-03	2.101612e-04	-4.415253e-04	-4.634089e-04	-6.732297e-04	2.098209e-04
287           	9.210415e-03	4.815380e-03	4.395034e-03	-1.928266e-03	3.146772e-03	-5.075038e-03	4.110905e-03	2.101729e-04	-4.415421e-04	-4.634238e-04	-6.732541e-04	2.098302e-04
288           	9.210242e-03	4.815305e-03	4.394936e-03	-1.928254e-03	3.146734e-03	-5.074988e-03	4.110861e-03	2.101845e-04	-4.415589e-04	-4.634386e-04	-6.732782e-04	2.098396e-04
289           	9.210071e-03	4.815232e-03	4.394839e-03	-1.928242e-03	3.146696e-03	-5.074938e-03	4.110817e-03	2.101961e-04	-4.415755e-04	-4.634533e-04	-6.733022e-04	2.098488e-04
290           	9.209902e-03	4.815159e-03	4.394744e-03	-1.928231e-03	3.146658e-03	-5.074889e-03	4.110774e-03	2.102076e-04	-4.415920e-04	-4.634679e-04	-6.733260e-04	2.098580e-04
291           	9.209736e-03	4.815087e-03	4.394649e-03	-1.928219e-03	3.146621e-03	-5.074841e-03	4.110731e-03	2.102189e-04	-4.416084e-04	-4.634824e-04	-6.733496e-04	2.098672e-04
292           	9.209572e-03	4.815016e-03	4.394556e-03	-1.928208e-03	3.146585e-03	-5.074793e-03	4.110689e-03	2.102302e-04	-4.416247e-04	-4.634968e-04	-6.733731e-04	2.098763e-04
293           	9.209409e-03	4.814946e-03	4.394463e-03	-1.928196e-03	3.146549e-03	-5.074746e-03	4.110647e-03	2.102414e-04	-4.416409e-04	-4.635111e-04	-6.733964e-04	2.098853e-04
294           	9.209249e-03	4.814877e-03	4.394372e-03	-1.928185e-03	3.146514e-03	-5.074699e-03	4.110607e-03	2.102526e-04	-4.416570e-04	-4.635252e-04	-6.734196e-04	2.098944e-04
295           	9.209090e-03	4.814809e-03	4.394281e-03	-1.928174e-03	3.146479e-03	-5.074653e-03	4.110566e-03	2.102636e-04	-4.416729e-04	-4.635393e-04	-6.734426e-04	2.099033e-04
296           	9.208934e-03	4.814741e-03	4.394192e-03	-1.928163e-03	3.146445e-03	-5.074608e-03	4.110526e-03	2.102746e-04	-4.416888e-04	-4.635532e-04	-6.734654e-04	2.099122e-04
297           	9.208779e-03	4.814675e-03	4.394104e-03	-1.928153e-03	3.146411e-03	-5.074564e-03	4.110487e-03	2.102854e-04	-4.417046e-04	-4.635670e-04	-6.734881e-04	2.099211e-04
298           	9.208626e-03	4.814609e-03	4.394017e-03	-1.928142e-03	3.146377e-03	-5.074520e-03	4.110449e-03	2.102962e-04	-4.417202e-04	-4.635807e-04	-6.735106e-04	2.099298e-04
299           	9.208476e-03	4.814545e-03	4.393931e-03	-1.928132e-03	3.146344e-03	-5.074476e-03	4.110410e-03	2.103069e-04	-4.417358e-04	-4.635943e-04	-6.735329e-04	2.099386e-04
300           	9.208326e-03	4.814479e-03	4.393847e-03	-1.928122e-03	3.146311e-03	-5.074433e-03	4.110372e-03	2.103159e-04	-4.417479e-04	-4.636050e-04	-6.735504e-04	2.099454e-04
301           	9.208175e-03	4.814414e-03	4.393761e-03	-1.928105e-03	3.146280e-03	-5.074385e-03	4.110333e-03	2.103268e-04	-4.417650e-04	-4.636213e-04	-6.735756e-04	2.099543e-04
302           	9.208027e-03	4.814349e-03	4.393678e-03	-1.928090e-03	3.146247e-03	-5.074337e-03	4.110292e-03	2.103358e-04	-4.417780e-04	-4.636335e-04	-6.735948e-04	2.099612e-04
303           	9.207882e-03	4.814286e-03	4.393596e-03	-1.928077e-03	3.146215e-03	-5.074293e-03	4.110254e-03	2.103452e-04	-4.417914e-04	-4.636456e-04	-6.736142e-04	2.099686e-04
304           	9.207739e-03	4.814225e-03	4.393515e-03	-1.928068e-03	3.146184e-03	-5.074252e-03	4.110218e-03	2.103551e-04	-4.418054e-04	-4.636577e-04	-6.736343e-04	2.099766e-04
305           	9.207596e-03	4.814163e-03	4.393433e-03	-1.928054e-03	3.146154e-03	-5.074208e-03	4.110181e-03	2.103652e-04	-4.418207e-04	-4.636718e-04	-6.736566e-04	2.099848e-04
306           	9.207452e-03	4.814103e-03	4.393349e-03	-1.928033e-03	3.146125e-03	-5.074158e-03	4.110142e-03	2.103770e-04	-4.418401e-04	-4.636902e-04	-6.736852e-04	2.099950e-04
307           	9.207312e-03	4.814043e-03	4.393270e-03	-1.928019e-03	3.146094e-03	-5.074114e-03	4.110104e-03	2.103866e-04	-4.418543e-04	-4.637030e-04	-6.737058e-04	2.100028e-04
308           	9.207177e-03	4.813985e-03	4.393193e-03	-1.928012e-03	3.146064e-03	-5.074076e-03	4.110070e-03	2.103961e-04	-4.418678e-04	-4.637143e-04	-6.737250e-04	2.100107e-04
309           	9.207047e-03	4.813931e-03	4.393116e-03	-1.928009e-03	3.146036e-03	-5.074045e-03	4.110041e-03	2.104073e-04	-4.418843e-04	-4.637275e-04	-6.737481e-04	2.100206e-04
310           	9.206914e-03	4.813874e-03	4.393041e-03	-1.928002e-03	3.146008e-03	-5.074010e-03	4.110009e-03	2.104165e-04	-4.418976e-04	-4.637392e-04	-6.737672e-04	2.100280e-04
311           	9.206781e-03	4.813816e-03	4.392965e-03	-1.927990e-03	3.145979e-03	-5.073970e-03	4.109975e-03	2.104256e-04	-4.419114e-04	-4.637522e-04	-6.737875e-04	2.100353e-04
312           	9.206648e-03	4.813759e-03	4.392889e-03	-1.927974e-03	3.145951e-03	-5.073926e-03	4.109938e-03	2.104347e-04	-4.419255e-04	-4.637660e-04	-6.738085e-04	2.100425e-04
313           	9.206516e-03	4.813702e-03	4.392814e-03	-1.927956e-03	3.145923e-03	-5.073880e-03	4.109901e-03	2.104437e-04	-4.419398e-04	-4.637803e-04	-6.738299e-04	2.100497e-04
314           	9.206390e-03	4.813647e-03	4.392742e-03	-1.927946e-03	3.145896e-03	-5.073842e-03	4.109869e-03	2.104524e-04	-4.419526e-04	-4.637918e-04	-6.738485e-04	2.100568e-04
315           	9.206269e-03	4.813596e-03	4.392673e-03	-1.927944e-03	3.145869e-03	-5.073813e-03	4.109841e-03	2.104612e-04	-4.419649e-04	-4.638017e-04	-6.738657e-04	2.100641e-04
316           	9.206147e-03	4.813544e-03	4.392603e-03	-1.927940e-03	3.145844e-03	-5.073784e-03	4.109814e-03	2.104702e-04	-4.419780e-04	-4.638129e-04	-6.738845e-04	2.100715e-04
317           	9.206025e-03	4.813492e-03	4.392533e-03	-1.927932e-03	3.145818e-03	-5.073750e-03	4.109784e-03	2.104793e-04	-4.419918e-04	-4.638253e-04	-6.739044e-04	2.100791e-04
318           	9.205904e-03	4.813440e-03	4.392463e-03	-1.927921e-03	3.145793e-03	-5.073713e-03	4.109753e-03	2.104885e-04	-4.420059e-04	-4.638384e-04	-6.739251e-04	2.100867e-04
319           	9.205782e-03	4.813389e-03	4.392394e-03	-1.927908e-03	3.145767e-03	-5.073675e-03	4.109721e-03	2.104976e-04	-4.420201e-04	-4.638518e-04	-6.739460e-04	2.100943e-04
320           	9.205667e-03	4.813340e-03	4.392327e-03	-1.927902e-03	3.145742e-03	-5.073644e-03	4.109693e-03	2.105063e-04	-4.420328e-04	-4.638623e-04	-6.739639e-04	2.101016e-04
321           	9.205552e-03	4.813291e-03	4.392261e-03	-1.927896e-03	3.145718e-03	-5.073614e-03	4.109666e-03	2.105150e-04	-4.420457e-04	-4.638736e-04	-6.739825e-04	2.101089e-04
322           	9.205437e-03	4.813242e-03	4.392195e-03	-1.927887e-03	3.145694e-03	-5.073582e-03	4.109638e-03	2.105237e-04	-4.420588e-04	-4.638854e-04	-6.740015e-04	2.101161e-04
323           	9.205323e-03	4.813194e-03	4.392129e-03	-1.927877e-03	3.145670e-03	-5.073547e-03	4.109609e-03	2.105323e-04	-4.420720e-04	-4.638973e-04	-6.740206e-04	2.101233e-04
324           	9.205210e-03	4.813146e-03	4.392064e-03	-1.927866e-03	3.145647e-03	-5.073513e-03	4.109580e-03	2.105408e-04	-4.420850e-04	-4.639093e-04	-6.740397e-04	2.101303e-04
325           	9.205098e-03	4.813098e-03	4.392000e-03	-1.927855e-03	3.145623e-03	-5.073478e-03	4.109550e-03	2.105492e-04	-4.420978e-04	-4.639212e-04	-6.740584e-04	2.101372e-04
326           	9.204992e-03	4.813053e-03	4.391939e-03	-1.927853e-03	3.145600e-03	-5.073453e-03	4.109527e-03	2.105571e-04	-4.421089e-04	-4.639300e-04	-6.740739e-04	2.101439e-04
327           	9.204887e-03	4.813009e-03	4.391878e-03	-1.927851e-03	3.145579e-03	-5.073430e-03	4.109504e-03	2.105651e-04	-4.421204e-04	-4.639396e-04	-6.740902e-04	2.101506e-04
328           	9.204782e-03	4.812964e-03	4.391818e-03	-1.927847e-03	3.145557e-03	-5.073404e-03	4.109480e-03	2.105732e-04	-4.421323e-04	-4.639499e-04	-6.741072e-04	2.101573e-04
329           	9.204678e-03	4.812920e-03	4.391758e-03	-1.927840e-03	3.145535e-03	-5.073376e-03	4.109455e-03	2.105813e-04	-4.421444e-04	-4.639606e-04	-6.741247e-04	2.101641e-04
330           	9.204574e-03	4.812877e-03	4.391698e-03	-1.927833e-03	3.145514e-03	-5.073346e-03	4.109430e-03	2.105894e-04	-4.421567e-04	-4.639717e-04	-6.741426e-04	2.101709e-04
331           	9.204472e-03	4.812833e-03	4.391638e-03	-1.927824e-03	3.145492e-03	-5.073316e-03	4.109404e-03	2.105975e-04	-4.421690e-04	-4.639829e-04	-6.741604e-04	2.101776e-04
332           	9.204370e-03	4.812790e-03	4.391580e-03	-1.927815e-03	3.145471e-03	-5.073286e-03	4.109379e-03	2.106054e-04	-4.421812e-04	-4.639939e-04	-6.741781e-04	2.101842e-04
333           	9.204269e-03	4.812748e-03	4.391521e-03	-1.927806e-03	3.145450e-03	-5.073257e-03	4.109353e-03	2.106132e-04	-4.421931e-04	-4.640047e-04	-6.741954e-04	2.101908e-04
334           	9.204170e-03	4.812706e-03	4.391464e-03	-1.927798e-03	3.145429e-03	-5.073228e-03	4.109329e-03	2.106209e-04	-4.422047e-04	-4.640151e-04	-6.742123e-04	2.101972e-04
335           	9.204073e-03	4.812665e-03	4.391408e-03	-1.927791e-03	3.145409e-03	-5.073200e-03	4.109304e-03	2.106285e-04	-4.422161e-04	-4.640252e-04	-6.742287e-04	2.102035e-04
336           	9.203977e-03	4.812624e-03	4.391352e-03	-1.927784e-03	3.145389e-03	-5.073173e-03	4.109281e-03	2.106360e-04	-4.422273e-04	-4.640350e-04	-6.742447e-04	2.102098e-04
337           	9.203882e-03	4.812584e-03	4.391298e-03	-1.927778e-03	3.145369e-03	-5.073147e-03	4.109258e-03	2.106434e-04	-4.422382e-04	-4.640444e-04	-6.742604e-04	2.102160e-04
338           	9.203789e-03	4.812545e-03	4.391244e-03	-1.927773e-03	3.145350e-03	-5.073123e-03	4.109236e-03	2.106507e-04	-4.422490e-04	-4.640537e-04	-6.742759e-04	2.102222e-04
339           	9.203697e-03	4.812507e-03	4.391191e-03	-1.927768e-03	3.145331e-03	-5.073099e-03	4.109215e-03	2.106580e-04	-4.422598e-04	-4.640629e-04	-6.742912e-04	2.102283e-04
340           	9.203607e-03	4.812469e-03	4.391138e-03	-1.927764e-03	3.145312e-03	-5.073077e-03	4.109195e-03	2.106653e-04	-4.422704e-04	-4.640720e-04	-6.743064e-04	2.102344e-04
