# Force and moment coefficients
# dragDir     : (1.000000e+00 0.000000e+00 0.000000e+00)
# sideDir     : (0.000000e+00 1.000000e+00 0.000000e+00)
# liftDir     : (0.000000e+00 0.000000e+00 1.000000e+00)
# rollAxis    : (1.000000e+00 0.000000e+00 0.000000e+00)
# pitchAxis   : (0.000000e+00 1.000000e+00 0.000000e+00)
# yawAxis     : (0.000000e+00 0.000000e+00 1.000000e+00)
# magUInf     : 1.000000e+01
# lRef        : 1.499270e-01
# Aref        : 5.000000e-02
# CofR        : (3.750000e-02 0.000000e+00 0.000000e+00)
#
# Time        	Cd            	Cd(f)         	Cd(r)         	Cl            	Cl(f)         	Cl(r)         	CmPitch       	CmRoll        	CmYaw         	Cs            	Cs(f)         	Cs(r)         
1             	1.071610e-01	-3.682556e-01	4.754165e-01	-6.187471e-03	4.437590e-02	-5.056337e-02	4.746963e-02	-4.218360e-01	1.251804e-01	9.154877e-01	5.829243e-01	3.325634e-01
2             	8.778369e-02	-3.501291e-01	4.379128e-01	-7.399486e-03	3.482751e-02	-4.222699e-02	3.852725e-02	-3.940210e-01	1.173478e-01	8.534423e-01	5.440690e-01	3.093733e-01
3             	7.260211e-02	-2.607005e-01	3.333026e-01	-7.124299e-03	2.823904e-02	-3.536334e-02	3.180119e-02	-2.970015e-01	8.738000e-02	6.413866e-01	4.080733e-01	2.333133e-01
4             	5.894173e-02	-1.358909e-01	1.948326e-01	-5.889011e-03	2.295943e-02	-2.884844e-02	2.590394e-02	-1.653617e-01	4.563055e-02	3.544963e-01	2.228787e-01	1.316176e-01
5             	4.635981e-02	-1.097997e-02	5.733978e-02	-4.207060e-03	1.841593e-02	-2.262299e-02	2.051946e-02	-3.415987e-02	3.392429e-03	6.907999e-02	3.793242e-02	3.114756e-02
6             	3.526166e-02	8.848392e-02	-5.322226e-02	-2.513330e-03	1.449433e-02	-1.700766e-02	1.575100e-02	7.085309e-02	-3.072540e-02	-1.586027e-01	-1.100268e-01	-4.857597e-02
7             	2.625040e-02	1.477583e-01	-1.215079e-01	-1.112798e-03	1.128261e-02	-1.239541e-02	1.183901e-02	1.346331e-01	-5.128248e-02	-2.960394e-01	-1.993022e-01	-9.673723e-02
8             	1.955351e-02	1.648597e-01	-1.453062e-01	-1.538702e-04	8.805460e-03	-8.959330e-03	8.882395e-03	1.550830e-01	-5.721638e-02	-3.388230e-01	-2.266279e-01	-1.121951e-01
9             	1.507167e-02	1.473206e-01	-1.322489e-01	3.531821e-04	7.032142e-03	-6.678960e-03	6.855551e-03	1.397847e-01	-5.074962e-02	-3.037523e-01	-2.026258e-01	-1.011265e-01
10            	1.249329e-02	1.077785e-01	-9.528519e-02	4.803649e-04	5.885679e-03	-5.405314e-03	5.645497e-03	1.015318e-01	-3.608446e-02	-2.190092e-01	-1.455891e-01	-7.342013e-02
11            	1.137710e-02	6.010868e-02	-4.873158e-02	3.381759e-04	5.246246e-03	-4.908070e-03	5.077158e-03	5.442013e-02	-1.809808e-02	-1.154916e-01	-7.584388e-02	-3.964773e-02
12            	1.125295e-02	1.653587e-02	-5.282924e-03	4.562274e-05	4.980141e-03	-4.934518e-03	4.957330e-03	1.090940e-02	-1.272740e-03	-2.041230e-02	-1.147889e-02	-8.933412e-03
13            	1.170450e-02	-1.455585e-02	2.626035e-02	-2.937684e-04	4.965218e-03	-5.258986e-03	5.112102e-03	-2.040810e-02	1.118236e-02	4.749087e-02	3.492779e-02	1.256308e-02
14            	1.241521e-02	-2.948921e-02	4.190442e-02	-6.083529e-04	5.101519e-03	-5.709872e-03	5.405696e-03	-3.569681e-02	1.770844e-02	7.998238e-02	5.769963e-02	2.228275e-02
15            	1.316566e-02	-2.899939e-02	4.216505e-02	-8.588180e-04	5.309902e-03	-6.168720e-03	5.739311e-03	-3.558222e-02	1.837207e-02	7.864334e-02	5.769374e-02	2.094960e-02
16            	1.382071e-02	-1.694143e-02	3.076214e-02	-1.032998e-03	5.530659e-03	-6.563657e-03	6.047158e-03	-2.385179e-02	1.445529e-02	5.200577e-02	4.045818e-02	1.154760e-02
17            	1.430759e-02	1.308318e-03	1.299928e-02	-1.137059e-03	5.720492e-03	-6.857551e-03	6.289021e-03	-5.845479e-03	7.893807e-03	1.195707e-02	1.387234e-02	-1.915272e-03
18            	1.459648e-02	2.034339e-02	-5.746909e-03	-1.186695e-03	5.850666e-03	-7.037361e-03	6.444013e-03	1.304515e-02	7.216131e-04	-2.959558e-02	-1.407618e-02	-1.551941e-02
19            	1.468686e-02	3.584408e-02	-2.115722e-02	-1.199445e-03	5.905632e-03	-7.105077e-03	6.505354e-03	2.850065e-02	-5.363094e-03	-6.317803e-02	-3.695211e-02	-2.622592e-02
20            	1.459495e-02	4.525501e-02	-3.066007e-02	-1.190180e-03	5.881194e-03	-7.071374e-03	6.476284e-03	3.795754e-02	-9.286093e-03	-8.324322e-02	-5.090770e-02	-3.233552e-02
21            	1.434773e-02	4.793540e-02	-3.358768e-02	-1.169143e-03	5.783018e-03	-6.952161e-03	6.367590e-03	4.076154e-02	-1.069142e-02	-8.848573e-02	-5.493429e-02	-3.355144e-02
22            	1.397925e-02	4.482868e-02	-3.084943e-02	-1.141990e-03	5.624499e-03	-6.766488e-03	6.195493e-03	3.783905e-02	-9.845865e-03	-8.110311e-02	-5.039742e-02	-3.070569e-02
23            	1.353048e-02	3.790538e-02	-2.437490e-02	-1.111026e-03	5.425449e-03	-6.536474e-03	5.980962e-03	3.114014e-02	-7.442111e-03	-6.553472e-02	-4.020947e-02	-2.532525e-02
24            	1.304625e-02	2.948430e-02	-1.643804e-02	-1.076914e-03	5.208987e-03	-6.285900e-03	5.747443e-03	2.296117e-02	-4.347804e-03	-4.694628e-02	-2.782094e-02	-1.912534e-02
25            	1.256851e-02	2.162963e-02	-9.061116e-03	-1.040111e-03	4.996845e-03	-6.036956e-03	5.516900e-03	1.534537e-02	-1.369806e-03	-2.989702e-02	-1.631832e-02	-1.357870e-02
26            	1.213252e-02	1.578142e-02	-3.648895e-03	-1.001695e-03	4.806821e-03	-5.808517e-03	5.307669e-03	9.715157e-03	8.997642e-04	-1.751896e-02	-7.859716e-03	-9.659245e-03
27            	1.176231e-02	1.257237e-02	-8.100642e-04	-9.637299e-04	4.650189e-03	-5.613919e-03	5.132054e-03	6.691217e-03	2.167038e-03	-1.112997e-02	-3.397947e-03	-7.732023e-03
28            	1.146935e-02	1.186308e-02	-3.937345e-04	-9.290586e-04	4.530969e-03	-5.460027e-03	4.995498e-03	6.128408e-03	2.435689e-03	-1.032570e-02	-2.727163e-03	-7.598541e-03
29            	1.125349e-02	1.294552e-02	-1.692030e-03	-9.007060e-04	4.446829e-03	-5.347535e-03	4.897182e-03	7.318776e-03	1.937914e-03	-1.344723e-02	-4.785699e-03	-8.661527e-03
30            	1.110494e-02	1.481912e-02	-3.714173e-03	-8.812495e-04	4.390782e-03	-5.272032e-03	4.831407e-03	9.266644e-03	1.032675e-03	-1.820950e-02	-8.072075e-03	-1.013743e-02
31            	1.100878e-02	1.648740e-02	-5.478627e-03	-8.721976e-04	4.354068e-03	-5.226265e-03	4.790167e-03	1.098302e-02	9.164967e-05	-2.236574e-02	-1.109122e-02	-1.127452e-02
32            	1.094874e-02	1.718203e-02	-6.233293e-03	-8.735688e-04	4.328426e-03	-5.201995e-03	4.765211e-03	1.170766e-02	-5.893729e-04	-2.420707e-02	-1.269291e-02	-1.151416e-02
33            	1.091019e-02	1.649447e-02	-5.584278e-03	-8.839926e-04	4.307479e-03	-5.191471e-03	4.749475e-03	1.103937e-02	-8.451832e-04	-2.285253e-02	-1.227145e-02	-1.058108e-02
34            	1.088197e-02	1.440458e-02	-3.522614e-03	-9.010184e-04	4.287381e-03	-5.188400e-03	4.737890e-03	8.963598e-03	-6.540246e-04	-1.830353e-02	-9.805790e-03	-8.497740e-03
35            	1.085703e-02	1.121768e-02	-3.606557e-04	-9.216851e-04	4.266716e-03	-5.188401e-03	4.727558e-03	5.789170e-03	-1.155101e-04	-1.129390e-02	-5.762462e-03	-5.531442e-03
36            	1.083248e-02	7.441488e-03	3.390995e-03	-9.430374e-04	4.246031e-03	-5.189068e-03	4.717549e-03	2.025246e-03	5.963475e-04	-3.003726e-03	-9.055154e-04	-2.098210e-03
37            	1.080815e-02	3.643418e-03	7.164733e-03	-9.625211e-04	4.226865e-03	-5.189386e-03	4.708125e-03	-1.760657e-03	1.288205e-03	5.267577e-03	3.921994e-03	1.345584e-03
38            	1.078518e-02	3.192869e-04	1.046589e-02	-9.783189e-04	4.210781e-03	-5.189100e-03	4.699941e-03	-5.073303e-03	1.797212e-03	1.239813e-02	7.996278e-03	4.401854e-03
39            	1.076435e-02	-2.194416e-03	1.295876e-02	-9.895200e-04	4.198411e-03	-5.187930e-03	4.693170e-03	-7.576588e-03	2.024332e-03	1.764065e-02	1.084465e-02	6.795990e-03
40            	1.074506e-02	-3.764779e-03	1.450984e-02	-9.960904e-04	4.189211e-03	-5.185302e-03	4.687256e-03	-9.137309e-03	1.948706e-03	2.071825e-02	1.230783e-02	8.410419e-03
41            	1.072525e-02	-4.454139e-03	1.517938e-02	-9.987542e-04	4.181593e-03	-5.180347e-03	4.680970e-03	-9.816762e-03	1.621389e-03	2.180096e-02	1.252187e-02	9.279093e-03
42            	1.070277e-02	-4.473733e-03	1.517651e-02	-9.989844e-04	4.173718e-03	-5.172702e-03	4.673210e-03	-9.825120e-03	1.144082e-03	2.139627e-02	1.184222e-02	9.554053e-03
43            	1.067473e-02	-4.115368e-03	1.479010e-02	-9.982836e-04	4.163547e-03	-5.161830e-03	4.662689e-03	-9.452732e-03	6.396314e-04	2.018770e-02	1.073348e-02	9.454217e-03
44            	1.063735e-02	-3.680206e-03	1.431756e-02	-9.976541e-04	4.148873e-03	-5.146527e-03	4.647700e-03	-8.998882e-03	2.222654e-04	1.886923e-02	9.656882e-03	9.212351e-03
45            	1.058733e-02	-3.417981e-03	1.400531e-02	-9.975033e-04	4.127927e-03	-5.125430e-03	4.626679e-03	-8.711646e-03	-2.597010e-05	1.800680e-02	8.977431e-03	9.029371e-03
46            	1.052309e-02	-3.487255e-03	1.401034e-02	-9.977222e-04	4.099932e-03	-5.097654e-03	4.598793e-03	-8.748798e-03	-6.821667e-05	1.794997e-02	8.906766e-03	9.043199e-03
47            	1.044535e-02	-3.940057e-03	1.438541e-02	-9.978853e-04	4.065311e-03	-5.063196e-03	4.564254e-03	-9.162732e-03	8.500483e-05	1.880042e-02	9.485214e-03	9.315204e-03
48            	1.035723e-02	-4.729931e-03	1.508716e-02	-9.975007e-04	4.025584e-03	-5.023085e-03	4.524335e-03	-9.908545e-03	3.837594e-04	2.043413e-02	1.060082e-02	9.833305e-03
49            	1.026354e-02	-5.738044e-03	1.600159e-02	-9.961717e-04	3.983073e-03	-4.979244e-03	4.481158e-03	-1.086982e-02	7.536605e-04	2.256444e-02	1.203588e-02	1.052856e-02
50            	1.016984e-02	-6.808998e-03	1.697884e-02	-9.937217e-04	3.940400e-03	-4.934121e-03	4.437261e-03	-1.189392e-02	1.113761e-03	2.482631e-02	1.352691e-02	1.129939e-02
51            	1.008123e-02	-7.787261e-03	1.786849e-02	-9.901998e-04	3.899962e-03	-4.890162e-03	4.395062e-03	-1.282787e-02	1.393187e-03	2.686084e-02	1.482361e-02	1.203723e-02
52            	1.000143e-02	-8.548499e-03	1.854992e-02	-9.858445e-04	3.863508e-03	-4.849353e-03	4.356430e-03	-1.354921e-02	1.543933e-03	2.838644e-02	1.573715e-02	1.264929e-02
53            	9.932279e-03	-9.017554e-03	1.894983e-02	-9.810281e-04	3.831886e-03	-4.812914e-03	4.322400e-03	-1.398369e-02	1.546597e-03	2.923895e-02	1.616607e-02	1.307288e-02
54            	9.873591e-03	-9.175936e-03	1.904953e-02	-9.761579e-04	3.804999e-03	-4.781157e-03	4.293078e-03	-1.411273e-02	1.410669e-03	2.938678e-02	1.610406e-02	1.328272e-02
55            	9.823474e-03	-9.056716e-03	1.888019e-02	-9.715985e-04	3.781968e-03	-4.753566e-03	4.267767e-03	-1.396845e-02	1.168999e-03	2.891699e-02	1.562749e-02	1.328949e-02
56            	9.778977e-03	-8.730753e-03	1.850973e-02	-9.676091e-04	3.761422e-03	-4.729031e-03	4.245227e-03	-1.362024e-02	8.687289e-04	2.800181e-02	1.486963e-02	1.313217e-02
57            	9.736859e-03	-8.288425e-03	1.802528e-02	-9.643310e-04	3.741864e-03	-4.706195e-03	4.224030e-03	-1.315685e-02	5.609277e-04	2.685524e-02	1.398855e-02	1.286669e-02
58            	9.694311e-03	-7.821075e-03	1.751539e-02	-9.617983e-04	3.722001e-03	-4.683799e-03	4.202900e-03	-1.266823e-02	2.910798e-04	2.568965e-02	1.313590e-02	1.255374e-02
59            	9.649492e-03	-7.405120e-03	1.705461e-02	-9.599642e-04	3.700973e-03	-4.660937e-03	4.180955e-03	-1.222987e-02	9.180098e-05	2.467912e-02	1.243136e-02	1.224776e-02
60            	9.601807e-03	-7.092053e-03	1.669386e-02	-9.587339e-04	3.678479e-03	-4.637213e-03	4.157846e-03	-1.189296e-02	-2.082415e-05	2.393707e-02	1.194771e-02	1.198936e-02
61            	9.551843e-03	-6.904634e-03	1.645648e-02	-9.579886e-04	3.654785e-03	-4.612773e-03	4.133779e-03	-1.168056e-02	-4.743895e-05	2.350835e-02	1.170674e-02	1.180161e-02
62            	9.501076e-03	-6.838368e-03	1.633944e-02	-9.576221e-04	3.630572e-03	-4.588194e-03	4.109383e-03	-1.158891e-02	-2.831942e-06	2.337394e-02	1.168414e-02	1.168980e-02
63            	9.451496e-03	-6.867671e-03	1.631917e-02	-9.575539e-04	3.606769e-03	-4.564323e-03	4.085546e-03	-1.159342e-02	8.882417e-05	2.346647e-02	1.182206e-02	1.164441e-02
64            	9.405111e-03	-6.954470e-03	1.635958e-02	-9.577313e-04	3.584330e-03	-4.542061e-03	4.063195e-03	-1.165703e-02	1.995130e-04	2.369106e-02	1.204504e-02	1.164602e-02
65            	9.363555e-03	-7.057275e-03	1.642083e-02	-9.581286e-04	3.564039e-03	-4.522167e-03	4.043103e-03	-1.173905e-02	3.027068e-04	2.394702e-02	1.227622e-02	1.167080e-02
66            	9.327773e-03	-7.139136e-03	1.646691e-02	-9.587400e-04	3.546363e-03	-4.505103e-03	4.025733e-03	-1.180302e-02	3.775136e-04	2.414657e-02	1.245080e-02	1.169577e-02
67            	9.297898e-03	-7.173024e-03	1.647092e-02	-9.595611e-04	3.531414e-03	-4.490975e-03	4.011195e-03	-1.182197e-02	4.110708e-04	2.422713e-02	1.252463e-02	1.170249e-02
68            	9.273286e-03	-7.144670e-03	1.641796e-02	-9.605796e-04	3.518943e-03	-4.479523e-03	3.999233e-03	-1.178131e-02	3.992933e-04	2.415752e-02	1.247805e-02	1.167947e-02
69            	9.252735e-03	-7.052489e-03	1.630522e-02	-9.617680e-04	3.508440e-03	-4.470208e-03	3.989324e-03	-1.167886e-02	3.459458e-04	2.393720e-02	1.231455e-02	1.162265e-02
70            	9.234699e-03	-6.905411e-03	1.614011e-02	-9.630858e-04	3.499244e-03	-4.462330e-03	3.980787e-03	-1.152276e-02	2.605838e-04	2.359046e-02	1.205582e-02	1.153465e-02
71            	9.217609e-03	-6.719327e-03	1.593694e-02	-9.644754e-04	3.490671e-03	-4.455146e-03	3.972908e-03	-1.132813e-02	1.559172e-04	2.315755e-02	1.173469e-02	1.142286e-02
72            	9.200131e-03	-6.513153e-03	1.571328e-02	-9.658679e-04	3.482121e-03	-4.447989e-03	3.965055e-03	-1.111322e-02	4.518309e-05	2.268498e-02	1.138767e-02	1.129731e-02
73            	9.181334e-03	-6.305108e-03	1.548644e-02	-9.671910e-04	3.473159e-03	-4.440350e-03	3.956754e-03	-1.089578e-02	-6.012732e-05	2.221652e-02	1.104813e-02	1.116839e-02
74            	9.160755e-03	-6.109903e-03	1.527066e-02	-9.683838e-04	3.463559e-03	-4.431943e-03	3.947751e-03	-1.069028e-02	-1.517870e-04	2.178650e-02	1.074147e-02	1.104504e-02
75            	9.138415e-03	-5.937262e-03	1.507568e-02	-9.693992e-04	3.453302e-03	-4.422701e-03	3.938002e-03	-1.050647e-02	-2.254348e-04	2.141651e-02	1.048282e-02	1.093369e-02
76            	9.114742e-03	-5.791285e-03	1.490603e-02	-9.702101e-04	3.442552e-03	-4.412762e-03	3.927657e-03	-1.034866e-02	-2.805722e-04	2.111416e-02	1.027651e-02	1.083765e-02
77            	9.090440e-03	-5.671171e-03	1.476161e-02	-9.708079e-04	3.431595e-03	-4.402403e-03	3.916999e-03	-1.021639e-02	-3.197742e-04	2.087512e-02	1.011778e-02	1.075733e-02
78            	9.066307e-03	-5.572485e-03	1.463879e-02	-9.712039e-04	3.420765e-03	-4.391969e-03	3.906367e-03	-1.010564e-02	-3.476224e-04	2.068645e-02	9.995603e-03	1.069085e-02
79            	9.043104e-03	-5.488764e-03	1.453187e-02	-9.714266e-04	3.410375e-03	-4.381802e-03	3.896089e-03	-1.001032e-02	-3.695063e-04	2.053069e-02	9.895837e-03	1.063485e-02
80            	9.021425e-03	-5.413126e-03	1.443455e-02	-9.715148e-04	3.400670e-03	-4.372185e-03	3.886427e-03	-9.923838e-03	-3.905422e-04	2.038981e-02	9.804362e-03	1.058545e-02
81            	9.001624e-03	-5.339500e-03	1.434112e-02	-9.715122e-04	3.391794e-03	-4.363307e-03	3.877550e-03	-9.840312e-03	-4.147726e-04	2.024837e-02	9.709414e-03	1.053896e-02
82            	8.983814e-03	-5.263596e-03	1.424741e-02	-9.714602e-04	3.383786e-03	-4.355246e-03	3.869516e-03	-9.755503e-03	-4.446822e-04	2.009570e-02	9.603170e-03	1.049253e-02
83            	8.967855e-03	-5.183219e-03	1.415107e-02	-9.713954e-04	3.376579e-03	-4.347975e-03	3.862277e-03	-9.667146e-03	-4.811092e-04	1.992662e-02	9.482203e-03	1.044442e-02
84            	8.953449e-03	-5.098141e-03	1.405159e-02	-9.713462e-04	3.370050e-03	-4.341397e-03	3.855723e-03	-9.574865e-03	-5.234556e-04	1.974108e-02	9.347084e-03	1.039400e-02
85            	8.940204e-03	-5.009768e-03	1.394997e-02	-9.713286e-04	3.364034e-03	-4.335362e-03	3.849698e-03	-9.479870e-03	-5.700518e-04	1.954312e-02	9.201510e-03	1.034161e-02
86            	8.927697e-03	-4.920570e-03	1.384827e-02	-9.713486e-04	3.358353e-03	-4.329701e-03	3.844027e-03	-9.384418e-03	-6.186259e-04	1.933942e-02	9.051082e-03	1.028833e-02
87            	8.915560e-03	-4.833336e-03	1.374890e-02	-9.714044e-04	3.352851e-03	-4.324256e-03	3.838554e-03	-9.291116e-03	-6.668505e-04	1.913737e-02	8.901833e-03	1.023553e-02
88            	8.903507e-03	-4.750746e-03	1.365425e-02	-9.714883e-04	3.347407e-03	-4.318895e-03	3.833151e-03	-9.202500e-03	-7.126585e-04	1.894396e-02	8.759321e-03	1.018464e-02
89            	8.891361e-03	-4.674923e-03	1.356628e-02	-9.715899e-04	3.341942e-03	-4.313532e-03	3.827737e-03	-9.120604e-03	-7.545284e-04	1.876466e-02	8.627799e-03	1.013686e-02
90            	8.879052e-03	-4.607213e-03	1.348627e-02	-9.716982e-04	3.336425e-03	-4.308123e-03	3.822274e-03	-9.046739e-03	-7.916016e-04	1.860285e-02	8.509824e-03	1.009303e-02
91            	8.866617e-03	-4.548133e-03	1.341475e-02	-9.718036e-04	3.330869e-03	-4.302673e-03	3.816771e-03	-8.981441e-03	-8.236640e-04	1.845981e-02	8.406240e-03	1.005357e-02
92            	8.854159e-03	-4.497479e-03	1.335164e-02	-9.718993e-04	3.325318e-03	-4.297218e-03	3.811268e-03	-8.924559e-03	-8.510284e-04	1.833494e-02	8.316441e-03	1.001850e-02
93            	8.841814e-03	-4.454556e-03	1.329637e-02	-9.719812e-04	3.319827e-03	-4.291809e-03	3.805818e-03	-8.875463e-03	-8.743376e-04	1.822642e-02	8.238874e-03	9.987549e-03
94            	8.829722e-03	-4.418289e-03	1.324801e-02	-9.720490e-04	3.314455e-03	-4.286504e-03	3.800479e-03	-8.833150e-03	-8.944545e-04	1.813154e-02	8.171315e-03	9.960224e-03
95            	8.818001e-03	-4.387578e-03	1.320558e-02	-9.721052e-04	3.309246e-03	-4.281351e-03	3.795299e-03	-8.796579e-03	-9.122004e-04	1.804756e-02	8.111580e-03	9.935980e-03
96            	8.806729e-03	-4.361426e-03	1.316816e-02	-9.721544e-04	3.304230e-03	-4.276384e-03	3.790307e-03	-8.764791e-03	-9.282612e-04	1.797209e-02	8.057784e-03	9.914306e-03
97            	8.795945e-03	-4.339045e-03	1.313499e-02	-9.722022e-04	3.299416e-03	-4.271618e-03	3.785517e-03	-8.737017e-03	-9.431163e-04	1.790335e-02	8.008556e-03	9.894789e-03
98            	8.785641e-03	-4.319906e-03	1.310555e-02	-9.722543e-04	3.294803e-03	-4.267057e-03	3.780930e-03	-8.712727e-03	-9.570189e-04	1.784026e-02	7.963111e-03	9.877149e-03
99            	8.775780e-03	-4.303709e-03	1.307949e-02	-9.723147e-04	3.290376e-03	-4.262691e-03	3.776533e-03	-8.691599e-03	-9.700269e-04	1.778240e-02	7.921174e-03	9.861227e-03
100           	8.766309e-03	-4.290346e-03	1.305666e-02	-9.723864e-04	3.286115e-03	-4.258501e-03	3.772308e-03	-8.673501e-03	-9.820503e-04	1.772987e-02	7.882883e-03	9.846983e-03
101           	8.757161e-03	-4.279822e-03	1.303698e-02	-9.724708e-04	3.281994e-03	-4.254465e-03	3.768229e-03	-8.658402e-03	-9.929240e-04	1.768303e-02	7.848592e-03	9.834440e-03
102           	8.748267e-03	-4.272194e-03	1.302046e-02	-9.725681e-04	3.277983e-03	-4.250551e-03	3.764267e-03	-8.646328e-03	-1.002442e-03	1.764244e-02	7.818778e-03	9.823661e-03
103           	8.739582e-03	-4.267448e-03	1.300703e-02	-9.726771e-04	3.274065e-03	-4.246742e-03	3.760403e-03	-8.637239e-03	-1.010503e-03	1.760834e-02	7.793669e-03	9.814674e-03
104           	8.731069e-03	-4.265532e-03	1.299660e-02	-9.727961e-04	3.270220e-03	-4.243016e-03	3.756618e-03	-8.631067e-03	-1.017039e-03	1.758090e-02	7.773413e-03	9.807491e-03
105           	8.722712e-03	-4.266295e-03	1.298901e-02	-9.729224e-04	3.266446e-03	-4.239368e-03	3.752907e-03	-8.627651e-03	-1.022084e-03	1.755996e-02	7.757897e-03	9.802066e-03
106           	8.714497e-03	-4.269528e-03	1.298402e-02	-9.730538e-04	3.262737e-03	-4.235791e-03	3.749264e-03	-8.626776e-03	-1.025691e-03	1.754527e-02	7.746946e-03	9.798328e-03
107           	8.706441e-03	-4.274929e-03	1.298137e-02	-9.731875e-04	3.259103e-03	-4.232291e-03	3.745697e-03	-8.628149e-03	-1.028042e-03	1.753620e-02	7.740059e-03	9.796143e-03
108           	8.698554e-03	-4.282161e-03	1.298072e-02	-9.733215e-04	3.255550e-03	-4.228872e-03	3.742211e-03	-8.631438e-03	-1.029338e-03	1.753202e-02	7.736672e-03	9.795349e-03
109           	8.690850e-03	-4.290874e-03	1.298172e-02	-9.734543e-04	3.252082e-03	-4.225536e-03	3.738809e-03	-8.636299e-03	-1.029795e-03	1.753194e-02	7.736177e-03	9.795767e-03
110           	8.683337e-03	-4.300730e-03	1.298407e-02	-9.735852e-04	3.248702e-03	-4.222288e-03	3.735495e-03	-8.642398e-03	-1.029621e-03	1.753520e-02	7.737980e-03	9.797221e-03
111           	8.676020e-03	-4.311424e-03	1.298744e-02	-9.737142e-04	3.245409e-03	-4.219123e-03	3.732266e-03	-8.649434e-03	-1.028998e-03	1.754109e-02	7.741547e-03	9.799543e-03
112           	8.668898e-03	-4.322696e-03	1.299159e-02	-9.738414e-04	3.242203e-03	-4.216045e-03	3.729124e-03	-8.657145e-03	-1.028079e-03	1.754902e-02	7.746429e-03	9.802586e-03
113           	8.661979e-03	-4.334324e-03	1.299630e-02	-9.739671e-04	3.239086e-03	-4.213053e-03	3.726070e-03	-8.665313e-03	-1.026975e-03	1.755849e-02	7.752272e-03	9.806222e-03
114           	8.655255e-03	-4.346119e-03	1.300137e-02	-9.740918e-04	3.236058e-03	-4.210150e-03	3.723104e-03	-8.673747e-03	-1.025773e-03	1.756913e-02	7.758789e-03	9.810336e-03
115           	8.648714e-03	-4.357968e-03	1.300668e-02	-9.742161e-04	3.233118e-03	-4.207334e-03	3.720226e-03	-8.682325e-03	-1.024522e-03	1.758065e-02	7.765805e-03	9.814849e-03
116           	8.642348e-03	-4.369759e-03	1.301211e-02	-9.743405e-04	3.230258e-03	-4.204599e-03	3.717428e-03	-8.690933e-03	-1.023257e-03	1.759286e-02	7.773172e-03	9.819687e-03
117           	8.636151e-03	-4.381401e-03	1.301755e-02	-9.744651e-04	3.227475e-03	-4.201940e-03	3.714707e-03	-8.699477e-03	-1.022006e-03	1.760555e-02	7.780769e-03	9.824781e-03
118           	8.630098e-03	-4.392825e-03	1.302292e-02	-9.745902e-04	3.224758e-03	-4.199348e-03	3.712053e-03	-8.707874e-03	-1.020789e-03	1.761856e-02	7.788490e-03	9.830068e-03
119           	8.624184e-03	-4.403958e-03	1.302814e-02	-9.747155e-04	3.222103e-03	-4.196819e-03	3.709461e-03	-8.716050e-03	-1.019630e-03	1.763172e-02	7.796233e-03	9.835492e-03
120           	8.618409e-03	-4.414733e-03	1.303314e-02	-9.748407e-04	3.219511e-03	-4.194352e-03	3.706932e-03	-8.723938e-03	-1.018549e-03	1.764489e-02	7.803894e-03	9.840993e-03
121           	8.612785e-03	-4.425082e-03	1.303787e-02	-9.749653e-04	3.216983e-03	-4.191949e-03	3.704466e-03	-8.731475e-03	-1.017574e-03	1.765789e-02	7.811370e-03	9.846517e-03
122           	8.607290e-03	-4.434960e-03	1.304225e-02	-9.750889e-04	3.214521e-03	-4.189609e-03	3.702065e-03	-8.738605e-03	-1.016729e-03	1.767056e-02	7.818552e-03	9.852009e-03
123           	8.601929e-03	-4.444296e-03	1.304623e-02	-9.752100e-04	3.212123e-03	-4.187333e-03	3.699728e-03	-8.745261e-03	-1.016047e-03	1.768272e-02	7.825313e-03	9.857406e-03
124           	8.596706e-03	-4.453073e-03	1.304978e-02	-9.753291e-04	3.209785e-03	-4.185114e-03	3.697450e-03	-8.751426e-03	-1.015542e-03	1.769427e-02	7.831591e-03	9.862675e-03
125           	8.591597e-03	-4.461273e-03	1.305287e-02	-9.754469e-04	3.207501e-03	-4.182948e-03	3.695224e-03	-8.757072e-03	-1.015233e-03	1.770509e-02	7.837313e-03	9.867779e-03
126           	8.586616e-03	-4.468871e-03	1.305549e-02	-9.755634e-04	3.205268e-03	-4.180832e-03	3.693050e-03	-8.762179e-03	-1.015134e-03	1.771511e-02	7.842420e-03	9.872687e-03
127           	8.581755e-03	-4.475860e-03	1.305762e-02	-9.756786e-04	3.203090e-03	-4.178769e-03	3.690930e-03	-8.766738e-03	-1.015250e-03	1.772425e-02	7.846873e-03	9.877374e-03
128           	8.577032e-03	-4.482229e-03	1.305926e-02	-9.757922e-04	3.200970e-03	-4.176762e-03	3.688866e-03	-8.770745e-03	-1.015584e-03	1.773247e-02	7.850651e-03	9.881819e-03
129           	8.572437e-03	-4.487986e-03	1.306042e-02	-9.759042e-04	3.198909e-03	-4.174813e-03	3.686861e-03	-8.774204e-03	-1.016131e-03	1.773975e-02	7.853744e-03	9.886007e-03
130           	8.567959e-03	-4.493145e-03	1.306110e-02	-9.760149e-04	3.196905e-03	-4.172920e-03	3.684913e-03	-8.777124e-03	-1.016888e-03	1.774608e-02	7.856154e-03	9.889929e-03
131           	8.563602e-03	-4.497718e-03	1.306132e-02	-9.761243e-04	3.194957e-03	-4.171081e-03	3.683019e-03	-8.779519e-03	-1.017844e-03	1.775147e-02	7.857889e-03	9.893576e-03
132           	8.559360e-03	-4.501725e-03	1.306108e-02	-9.762329e-04	3.193056e-03	-4.169289e-03	3.681173e-03	-8.781405e-03	-1.018989e-03	1.775591e-02	7.858967e-03	9.896946e-03
133           	8.555219e-03	-4.505191e-03	1.306041e-02	-9.763407e-04	3.191202e-03	-4.167542e-03	3.679372e-03	-8.782801e-03	-1.020313e-03	1.775945e-02	7.859410e-03	9.900036e-03
134           	8.551183e-03	-4.508137e-03	1.305932e-02	-9.764474e-04	3.189394e-03	-4.165841e-03	3.677618e-03	-8.783728e-03	-1.021802e-03	1.776209e-02	7.859243e-03	9.902848e-03
135           	8.547254e-03	-4.510565e-03	1.305782e-02	-9.765525e-04	3.187635e-03	-4.164187e-03	3.675911e-03	-8.784192e-03	-1.023447e-03	1.776385e-02	7.858479e-03	9.905374e-03
136           	8.543448e-03	-4.512513e-03	1.305596e-02	-9.766561e-04	3.185927e-03	-4.162583e-03	3.674255e-03	-8.784237e-03	-1.025228e-03	1.776481e-02	7.857177e-03	9.907634e-03
137           	8.539734e-03	-4.514019e-03	1.305375e-02	-9.767586e-04	3.184267e-03	-4.161026e-03	3.672646e-03	-8.783886e-03	-1.027133e-03	1.776500e-02	7.855368e-03	9.909634e-03
138           	8.536113e-03	-4.515106e-03	1.305122e-02	-9.768598e-04	3.182653e-03	-4.159513e-03	3.671083e-03	-8.783163e-03	-1.029149e-03	1.776446e-02	7.853082e-03	9.911380e-03
139           	8.532592e-03	-4.515796e-03	1.304839e-02	-9.769601e-04	3.181078e-03	-4.158038e-03	3.669558e-03	-8.782092e-03	-1.031264e-03	1.776323e-02	7.850352e-03	9.912880e-03
140           	8.529146e-03	-4.516124e-03	1.304527e-02	-9.770598e-04	3.179538e-03	-4.156598e-03	3.668068e-03	-8.780697e-03	-1.033467e-03	1.776135e-02	7.847209e-03	9.914144e-03
141           	8.525791e-03	-4.516110e-03	1.304190e-02	-9.771585e-04	3.178035e-03	-4.155194e-03	3.666614e-03	-8.779005e-03	-1.035746e-03	1.775887e-02	7.843688e-03	9.915180e-03
142           	8.522521e-03	-4.515780e-03	1.303830e-02	-9.772558e-04	3.176573e-03	-4.153829e-03	3.665201e-03	-8.777041e-03	-1.038088e-03	1.775583e-02	7.839825e-03	9.916001e-03
143           	8.519356e-03	-4.515152e-03	1.303451e-02	-9.773513e-04	3.175153e-03	-4.152505e-03	3.663829e-03	-8.774830e-03	-1.040480e-03	1.775228e-02	7.835659e-03	9.916619e-03
144           	8.516271e-03	-4.514264e-03	1.303053e-02	-9.774453e-04	3.173774e-03	-4.151220e-03	3.662497e-03	-8.772399e-03	-1.042910e-03	1.774827e-02	7.831226e-03	9.917047e-03
145           	8.513262e-03	-4.513133e-03	1.302640e-02	-9.775375e-04	3.172433e-03	-4.149970e-03	3.661202e-03	-8.769764e-03	-1.045370e-03	1.774384e-02	7.826552e-03	9.917292e-03
146           	8.510333e-03	-4.511796e-03	1.302213e-02	-9.776287e-04	3.171124e-03	-4.148753e-03	3.659939e-03	-8.766963e-03	-1.047846e-03	1.773906e-02	7.821684e-03	9.917375e-03
147           	8.507477e-03	-4.510281e-03	1.301776e-02	-9.777192e-04	3.169845e-03	-4.147564e-03	3.658705e-03	-8.764019e-03	-1.050329e-03	1.773396e-02	7.816652e-03	9.917310e-03
148           	8.504692e-03	-4.508609e-03	1.301330e-02	-9.778088e-04	3.168598e-03	-4.146406e-03	3.657502e-03	-8.760955e-03	-1.052812e-03	1.772860e-02	7.811487e-03	9.917110e-03
149           	8.501982e-03	-4.506797e-03	1.300878e-02	-9.778972e-04	3.167385e-03	-4.145282e-03	3.656334e-03	-8.757788e-03	-1.055286e-03	1.772300e-02	7.806213e-03	9.916786e-03
150           	8.499357e-03	-4.504856e-03	1.300421e-02	-9.779838e-04	3.166209e-03	-4.144193e-03	3.655201e-03	-8.754535e-03	-1.057746e-03	1.771721e-02	7.800859e-03	9.916350e-03
151           	8.496816e-03	-4.502802e-03	1.299962e-02	-9.780687e-04	3.165069e-03	-4.143138e-03	3.654104e-03	-8.751210e-03	-1.060183e-03	1.771126e-02	7.795445e-03	9.915812e-03
152           	8.494339e-03	-4.500659e-03	1.299500e-02	-9.781521e-04	3.163963e-03	-4.142115e-03	3.653039e-03	-8.747828e-03	-1.062595e-03	1.770517e-02	7.789992e-03	9.915182e-03
153           	8.491920e-03	-4.498443e-03	1.299036e-02	-9.782343e-04	3.162884e-03	-4.141119e-03	3.652002e-03	-8.744403e-03	-1.064978e-03	1.769899e-02	7.784517e-03	9.914472e-03
154           	8.489571e-03	-4.496163e-03	1.298573e-02	-9.783156e-04	3.161829e-03	-4.140145e-03	3.650987e-03	-8.740948e-03	-1.067326e-03	1.769273e-02	7.779037e-03	9.913689e-03
155           	8.487273e-03	-4.493839e-03	1.298111e-02	-9.783960e-04	3.160799e-03	-4.139195e-03	3.649997e-03	-8.737475e-03	-1.069638e-03	1.768641e-02	7.773568e-03	9.912844e-03
156           	8.485041e-03	-4.491476e-03	1.297652e-02	-9.784750e-04	3.159799e-03	-4.138274e-03	3.649036e-03	-8.733996e-03	-1.071909e-03	1.768007e-02	7.768127e-03	9.911944e-03
157           	8.482874e-03	-4.489083e-03	1.297196e-02	-9.785521e-04	3.158829e-03	-4.137381e-03	3.648105e-03	-8.730521e-03	-1.074135e-03	1.767373e-02	7.762729e-03	9.910999e-03
158           	8.480788e-03	-4.486663e-03	1.296745e-02	-9.786272e-04	3.157890e-03	-4.136517e-03	3.647204e-03	-8.727058e-03	-1.076312e-03	1.766741e-02	7.757390e-03	9.910015e-03
159           	8.478751e-03	-4.484241e-03	1.296299e-02	-9.787005e-04	3.156979e-03	-4.135680e-03	3.646330e-03	-8.723616e-03	-1.078439e-03	1.766112e-02	7.752122e-03	9.909000e-03
160           	8.476762e-03	-4.481830e-03	1.295859e-02	-9.787723e-04	3.156090e-03	-4.134863e-03	3.645477e-03	-8.720211e-03	-1.080509e-03	1.765492e-02	7.746951e-03	9.907970e-03
161           	8.474827e-03	-4.479428e-03	1.295425e-02	-9.788430e-04	3.155220e-03	-4.134063e-03	3.644641e-03	-8.716841e-03	-1.082527e-03	1.764878e-02	7.741865e-03	9.906920e-03
162           	8.472935e-03	-4.477048e-03	1.294998e-02	-9.789127e-04	3.154369e-03	-4.133282e-03	3.643826e-03	-8.713516e-03	-1.084492e-03	1.764273e-02	7.736872e-03	9.905856e-03
163           	8.471099e-03	-4.474690e-03	1.294579e-02	-9.789810e-04	3.153543e-03	-4.132524e-03	3.643034e-03	-8.710239e-03	-1.086401e-03	1.763676e-02	7.731981e-03	9.904783e-03
164           	8.469314e-03	-4.472361e-03	1.294167e-02	-9.790475e-04	3.152743e-03	-4.131791e-03	3.642267e-03	-8.707018e-03	-1.088255e-03	1.763091e-02	7.727199e-03	9.903708e-03
165           	8.467596e-03	-4.470058e-03	1.293765e-02	-9.791119e-04	3.151970e-03	-4.131082e-03	3.641526e-03	-8.703856e-03	-1.090049e-03	1.762517e-02	7.722538e-03	9.902636e-03
166           	8.465930e-03	-4.467796e-03	1.293373e-02	-9.791744e-04	3.151221e-03	-4.130395e-03	3.640808e-03	-8.700761e-03	-1.091783e-03	1.761958e-02	7.718005e-03	9.901570e-03
167           	8.464301e-03	-4.465586e-03	1.292989e-02	-9.792353e-04	3.150491e-03	-4.129726e-03	3.640109e-03	-8.697737e-03	-1.093456e-03	1.761412e-02	7.713606e-03	9.900518e-03
168           	8.462706e-03	-4.463444e-03	1.292615e-02	-9.792949e-04	3.149773e-03	-4.129068e-03	3.639421e-03	-8.694797e-03	-1.095062e-03	1.760885e-02	7.709363e-03	9.899487e-03
169           	8.461157e-03	-4.461356e-03	1.292251e-02	-9.793536e-04	3.149073e-03	-4.128426e-03	3.638749e-03	-8.691934e-03	-1.096609e-03	1.760373e-02	7.705255e-03	9.898474e-03
170           	8.459648e-03	-4.459327e-03	1.291897e-02	-9.794111e-04	3.148392e-03	-4.127803e-03	3.638097e-03	-8.689151e-03	-1.098099e-03	1.759877e-02	7.701284e-03	9.897482e-03
171           	8.458184e-03	-4.457356e-03	1.291554e-02	-9.794671e-04	3.147734e-03	-4.127202e-03	3.637468e-03	-8.686449e-03	-1.099531e-03	1.759396e-02	7.697451e-03	9.896513e-03
172           	8.456772e-03	-4.455444e-03	1.291222e-02	-9.795211e-04	3.147100e-03	-4.126622e-03	3.636861e-03	-8.683830e-03	-1.100903e-03	1.758933e-02	7.693762e-03	9.895568e-03
173           	8.455420e-03	-4.453587e-03	1.290901e-02	-9.795732e-04	3.146488e-03	-4.126061e-03	3.636274e-03	-8.681297e-03	-1.102216e-03	1.758487e-02	7.690220e-03	9.894652e-03
174           	8.454094e-03	-4.451805e-03	1.290590e-02	-9.796240e-04	3.145891e-03	-4.125515e-03	3.635703e-03	-8.678852e-03	-1.103469e-03	1.758059e-02	7.686827e-03	9.893765e-03
175           	8.452794e-03	-4.450099e-03	1.290289e-02	-9.796736e-04	3.145306e-03	-4.124979e-03	3.635142e-03	-8.676496e-03	-1.104664e-03	1.757649e-02	7.683583e-03	9.892911e-03
176           	8.451535e-03	-4.448462e-03	1.290000e-02	-9.797223e-04	3.144732e-03	-4.124455e-03	3.634593e-03	-8.674229e-03	-1.105801e-03	1.757258e-02	7.680488e-03	9.892090e-03
177           	8.450303e-03	-4.446901e-03	1.289720e-02	-9.797699e-04	3.144175e-03	-4.123944e-03	3.634060e-03	-8.672052e-03	-1.106882e-03	1.756884e-02	7.677539e-03	9.891304e-03
178           	8.449113e-03	-4.445408e-03	1.289452e-02	-9.798159e-04	3.143636e-03	-4.123452e-03	3.633544e-03	-8.669964e-03	-1.107908e-03	1.756529e-02	7.674735e-03	9.890552e-03
179           	8.447958e-03	-4.443983e-03	1.289194e-02	-9.798601e-04	3.143117e-03	-4.122977e-03	3.633047e-03	-8.667962e-03	-1.108881e-03	1.756191e-02	7.672073e-03	9.889835e-03
180           	8.446851e-03	-4.442652e-03	1.288950e-02	-9.799021e-04	3.142612e-03	-4.122514e-03	3.632563e-03	-8.666078e-03	-1.109779e-03	1.755877e-02	7.669606e-03	9.889165e-03
181           	8.445769e-03	-4.441377e-03	1.288715e-02	-9.799429e-04	3.142121e-03	-4.122064e-03	3.632092e-03	-8.664261e-03	-1.110636e-03	1.755578e-02	7.667254e-03	9.888525e-03
182           	8.444709e-03	-4.440160e-03	1.288487e-02	-9.799825e-04	3.141640e-03	-4.121622e-03	3.631631e-03	-8.662515e-03	-1.111450e-03	1.755293e-02	7.665016e-03	9.887917e-03
183           	8.443680e-03	-4.439001e-03	1.288268e-02	-9.800214e-04	3.141169e-03	-4.121190e-03	3.631179e-03	-8.660841e-03	-1.112222e-03	1.755024e-02	7.662897e-03	9.887341e-03
184           	8.442679e-03	-4.437904e-03	1.288058e-02	-9.800596e-04	3.140711e-03	-4.120771e-03	3.630741e-03	-8.659243e-03	-1.112950e-03	1.754770e-02	7.660899e-03	9.886800e-03
185           	8.441710e-03	-4.436868e-03	1.287858e-02	-9.800968e-04	3.140270e-03	-4.120366e-03	3.630318e-03	-8.657723e-03	-1.113633e-03	1.754532e-02	7.659026e-03	9.886292e-03
186           	8.440773e-03	-4.435893e-03	1.287667e-02	-9.801328e-04	3.139845e-03	-4.119978e-03	3.629911e-03	-8.656279e-03	-1.114271e-03	1.754309e-02	7.657276e-03	9.885818e-03
187           	8.439875e-03	-4.434975e-03	1.287485e-02	-9.801673e-04	3.139435e-03	-4.119602e-03	3.629519e-03	-8.654912e-03	-1.114864e-03	1.754103e-02	7.655650e-03	9.885378e-03
188           	8.439007e-03	-4.434117e-03	1.287312e-02	-9.802004e-04	3.139037e-03	-4.119237e-03	3.629137e-03	-8.653621e-03	-1.115412e-03	1.753912e-02	7.654148e-03	9.884972e-03
189           	8.438153e-03	-4.433327e-03	1.287148e-02	-9.802324e-04	3.138645e-03	-4.118878e-03	3.628762e-03	-8.652403e-03	-1.115917e-03	1.753737e-02	7.652766e-03	9.884600e-03
190           	8.437317e-03	-4.432599e-03	1.286992e-02	-9.802636e-04	3.138261e-03	-4.118525e-03	3.628393e-03	-8.651257e-03	-1.116381e-03	1.753576e-02	7.651499e-03	9.884261e-03
191           	8.436509e-03	-4.431926e-03	1.286843e-02	-9.802939e-04	3.137887e-03	-4.118181e-03	3.628034e-03	-8.650180e-03	-1.116807e-03	1.753430e-02	7.650342e-03	9.883956e-03
192           	8.435722e-03	-4.431306e-03	1.286703e-02	-9.803234e-04	3.137526e-03	-4.117849e-03	3.627688e-03	-8.649167e-03	-1.117196e-03	1.753297e-02	7.649290e-03	9.883682e-03
193           	8.434962e-03	-4.430733e-03	1.286569e-02	-9.803519e-04	3.137178e-03	-4.117530e-03	3.627354e-03	-8.648214e-03	-1.117551e-03	1.753177e-02	7.648335e-03	9.883437e-03
194           	8.434691e-03	-4.429782e-03	1.286447e-02	-9.803671e-04	3.137059e-03	-4.117426e-03	3.627242e-03	-8.647128e-03	-1.117952e-03	1.753022e-02	7.647157e-03	9.883061e-03
195           	8.434469e-03	-4.428758e-03	1.286323e-02	-9.803732e-04	3.136961e-03	-4.117334e-03	3.627147e-03	-8.645993e-03	-1.118372e-03	1.752850e-02	7.645879e-03	9.882622e-03
196           	8.434249e-03	-4.427778e-03	1.286203e-02	-9.803748e-04	3.136865e-03	-4.117239e-03	3.627052e-03	-8.644902e-03	-1.118771e-03	1.752683e-02	7.644645e-03	9.882187e-03
197           	8.433997e-03	-4.426948e-03	1.286095e-02	-9.803756e-04	3.136753e-03	-4.117128e-03	3.626940e-03	-8.643947e-03	-1.119110e-03	1.752541e-02	7.643595e-03	9.881815e-03
198           	8.433708e-03	-4.426311e-03	1.286002e-02	-9.803783e-04	3.136620e-03	-4.116998e-03	3.626809e-03	-8.643165e-03	-1.119374e-03	1.752432e-02	7.642788e-03	9.881536e-03
199           	8.433373e-03	-4.425887e-03	1.285926e-02	-9.803842e-04	3.136464e-03	-4.116848e-03	3.626656e-03	-8.642573e-03	-1.119555e-03	1.752361e-02	7.642251e-03	9.881361e-03
200           	8.432991e-03	-4.425664e-03	1.285865e-02	-9.803935e-04	3.136284e-03	-4.116677e-03	3.626481e-03	-8.642159e-03	-1.119660e-03	1.752324e-02	7.641962e-03	9.881282e-03
201           	8.432580e-03	-4.425582e-03	1.285816e-02	-9.804056e-04	3.136089e-03	-4.116495e-03	3.626292e-03	-8.641872e-03	-1.119710e-03	1.752313e-02	7.641855e-03	9.881275e-03
202           	8.432151e-03	-4.425605e-03	1.285776e-02	-9.804205e-04	3.135886e-03	-4.116307e-03	3.626097e-03	-8.641680e-03	-1.119716e-03	1.752323e-02	7.641897e-03	9.881330e-03
203           	8.431716e-03	-4.425680e-03	1.285740e-02	-9.804371e-04	3.135681e-03	-4.116118e-03	3.625899e-03	-8.641538e-03	-1.119703e-03	1.752343e-02	7.642010e-03	9.881415e-03
204           	8.431290e-03	-4.425748e-03	1.285704e-02	-9.804540e-04	3.135479e-03	-4.115933e-03	3.625706e-03	-8.641393e-03	-1.119693e-03	1.752361e-02	7.642110e-03	9.881497e-03
205           	8.430883e-03	-4.425790e-03	1.285667e-02	-9.804711e-04	3.135286e-03	-4.115758e-03	3.625522e-03	-8.641232e-03	-1.119694e-03	1.752376e-02	7.642185e-03	9.881572e-03
206           	8.430500e-03	-4.425787e-03	1.285629e-02	-9.804879e-04	3.135106e-03	-4.115594e-03	3.625350e-03	-8.641037e-03	-1.119712e-03	1.752384e-02	7.642208e-03	9.881633e-03
207           	8.430146e-03	-4.425730e-03	1.285588e-02	-9.805040e-04	3.134940e-03	-4.115444e-03	3.625192e-03	-8.640802e-03	-1.119752e-03	1.752384e-02	7.642169e-03	9.881674e-03
208           	8.429819e-03	-4.425623e-03	1.285544e-02	-9.805191e-04	3.134788e-03	-4.115307e-03	3.625047e-03	-8.640533e-03	-1.119811e-03	1.752377e-02	7.642075e-03	9.881698e-03
209           	8.429517e-03	-4.425481e-03	1.285500e-02	-9.805334e-04	3.134647e-03	-4.115180e-03	3.624913e-03	-8.640239e-03	-1.119884e-03	1.752365e-02	7.641943e-03	9.881710e-03
210           	8.429233e-03	-4.425320e-03	1.285455e-02	-9.805468e-04	3.134514e-03	-4.115061e-03	3.624788e-03	-8.639936e-03	-1.119961e-03	1.752351e-02	7.641794e-03	9.881717e-03
211           	8.428960e-03	-4.425159e-03	1.285412e-02	-9.805596e-04	3.134388e-03	-4.114947e-03	3.624667e-03	-8.639639e-03	-1.120035e-03	1.752338e-02	7.641654e-03	9.881725e-03
212           	8.428694e-03	-4.425014e-03	1.285371e-02	-9.805720e-04	3.134263e-03	-4.114835e-03	3.624549e-03	-8.639360e-03	-1.120099e-03	1.752329e-02	7.641544e-03	9.881742e-03
213           	8.428428e-03	-4.424895e-03	1.285332e-02	-9.805840e-04	3.134139e-03	-4.114723e-03	3.624431e-03	-8.639109e-03	-1.120146e-03	1.752325e-02	7.641478e-03	9.881770e-03
214           	8.428160e-03	-4.424809e-03	1.285297e-02	-9.805957e-04	3.134013e-03	-4.114609e-03	3.624311e-03	-8.638889e-03	-1.120176e-03	1.752327e-02	7.641461e-03	9.881812e-03
215           	8.427888e-03	-4.424755e-03	1.285264e-02	-9.806073e-04	3.133885e-03	-4.114492e-03	3.624188e-03	-8.638698e-03	-1.120187e-03	1.752336e-02	7.641495e-03	9.881869e-03
216           	8.427612e-03	-4.424728e-03	1.285234e-02	-9.806187e-04	3.133754e-03	-4.114373e-03	3.624064e-03	-8.638534e-03	-1.120183e-03	1.752351e-02	7.641571e-03	9.881937e-03
217           	8.427335e-03	-4.424723e-03	1.285206e-02	-9.806300e-04	3.133623e-03	-4.114253e-03	3.623938e-03	-8.638391e-03	-1.120166e-03	1.752370e-02	7.641682e-03	9.882014e-03
218           	8.427058e-03	-4.424733e-03	1.285179e-02	-9.806413e-04	3.133491e-03	-4.114132e-03	3.623812e-03	-8.638262e-03	-1.120141e-03	1.752391e-02	7.641817e-03	9.882098e-03
219           	8.426784e-03	-4.424750e-03	1.285153e-02	-9.806525e-04	3.133360e-03	-4.114012e-03	3.623686e-03	-8.638142e-03	-1.120110e-03	1.752415e-02	7.641965e-03	9.882186e-03
220           	8.426515e-03	-4.424769e-03	1.285128e-02	-9.806638e-04	3.133231e-03	-4.113894e-03	3.623562e-03	-8.638027e-03	-1.120078e-03	1.752440e-02	7.642121e-03	9.882277e-03
221           	8.426252e-03	-4.424788e-03	1.285104e-02	-9.806750e-04	3.133104e-03	-4.113779e-03	3.623441e-03	-8.637914e-03	-1.120044e-03	1.752465e-02	7.642280e-03	9.882368e-03
222           	8.425998e-03	-4.424804e-03	1.285080e-02	-9.806863e-04	3.132980e-03	-4.113667e-03	3.623324e-03	-8.637803e-03	-1.120011e-03	1.752490e-02	7.642439e-03	9.882461e-03
223           	8.425751e-03	-4.424819e-03	1.285057e-02	-9.806976e-04	3.132860e-03	-4.113558e-03	3.623209e-03	-8.637695e-03	-1.119977e-03	1.752516e-02	7.642601e-03	9.882555e-03
224           	8.425513e-03	-4.424833e-03	1.285035e-02	-9.807089e-04	3.132743e-03	-4.113452e-03	3.623097e-03	-8.637590e-03	-1.119942e-03	1.752542e-02	7.642767e-03	9.882650e-03
225           	8.425282e-03	-4.424849e-03	1.285013e-02	-9.807202e-04	3.132629e-03	-4.113349e-03	3.622989e-03	-8.637490e-03	-1.119904e-03	1.752569e-02	7.642941e-03	9.882749e-03
226           	8.425057e-03	-4.424869e-03	1.284993e-02	-9.807316e-04	3.132517e-03	-4.113249e-03	3.622883e-03	-8.637398e-03	-1.119862e-03	1.752598e-02	7.643126e-03	9.882851e-03
227           	8.424839e-03	-4.424894e-03	1.284973e-02	-9.807430e-04	3.132408e-03	-4.113151e-03	3.622779e-03	-8.637313e-03	-1.119816e-03	1.752628e-02	7.643326e-03	9.882957e-03
228           	8.424625e-03	-4.424926e-03	1.284955e-02	-9.807543e-04	3.132300e-03	-4.113054e-03	3.622677e-03	-8.637238e-03	-1.119763e-03	1.752661e-02	7.643541e-03	9.883067e-03
229           	8.424415e-03	-4.424965e-03	1.284938e-02	-9.807654e-04	3.132194e-03	-4.112959e-03	3.622576e-03	-8.637172e-03	-1.119705e-03	1.752695e-02	7.643772e-03	9.883182e-03
230           	8.424208e-03	-4.425012e-03	1.284922e-02	-9.807763e-04	3.132089e-03	-4.112865e-03	3.622477e-03	-8.637116e-03	-1.119640e-03	1.752732e-02	7.644020e-03	9.883300e-03
231           	8.424004e-03	-4.425065e-03	1.284907e-02	-9.807868e-04	3.131986e-03	-4.112773e-03	3.622379e-03	-8.637068e-03	-1.119570e-03	1.752770e-02	7.644282e-03	9.883422e-03
232           	8.423803e-03	-4.425126e-03	1.284893e-02	-9.807969e-04	3.131884e-03	-4.112681e-03	3.622283e-03	-8.637027e-03	-1.119495e-03	1.752811e-02	7.644558e-03	9.883547e-03
233           	8.423604e-03	-4.425192e-03	1.284880e-02	-9.808064e-04	3.131784e-03	-4.112591e-03	3.622188e-03	-8.636994e-03	-1.119414e-03	1.752852e-02	7.644846e-03	9.883675e-03
234           	8.423407e-03	-4.425264e-03	1.284867e-02	-9.808151e-04	3.131687e-03	-4.112502e-03	3.622094e-03	-8.636967e-03	-1.119330e-03	1.752895e-02	7.645145e-03	9.883805e-03
235           	8.423212e-03	-4.425341e-03	1.284855e-02	-9.808228e-04	3.131591e-03	-4.112414e-03	3.622002e-03	-8.636947e-03	-1.119241e-03	1.752939e-02	7.645453e-03	9.883936e-03
236           	8.423018e-03	-4.425422e-03	1.284844e-02	-9.808295e-04	3.131498e-03	-4.112327e-03	3.621912e-03	-8.636931e-03	-1.119150e-03	1.752984e-02	7.645768e-03	9.884068e-03
237           	8.422825e-03	-4.425509e-03	1.284833e-02	-9.808350e-04	3.131407e-03	-4.112242e-03	3.621824e-03	-8.636921e-03	-1.119055e-03	1.753029e-02	7.646091e-03	9.884200e-03
238           	8.422633e-03	-4.425599e-03	1.284823e-02	-9.808392e-04	3.131319e-03	-4.112158e-03	3.621738e-03	-8.636916e-03	-1.118957e-03	1.753075e-02	7.646418e-03	9.884332e-03
239           	8.422442e-03	-4.425694e-03	1.284814e-02	-9.808420e-04	3.131233e-03	-4.112075e-03	3.621654e-03	-8.636915e-03	-1.118857e-03	1.753121e-02	7.646749e-03	9.884463e-03
240           	8.422251e-03	-4.425794e-03	1.284804e-02	-9.808437e-04	3.131150e-03	-4.111994e-03	3.621572e-03	-8.636919e-03	-1.118754e-03	1.753168e-02	7.647085e-03	9.884592e-03
241           	8.422060e-03	-4.425898e-03	1.284796e-02	-9.808442e-04	3.131069e-03	-4.111914e-03	3.621491e-03	-8.636928e-03	-1.118648e-03	1.753215e-02	7.647426e-03	9.884721e-03
242           	8.421870e-03	-4.426008e-03	1.284788e-02	-9.808438e-04	3.130991e-03	-4.111835e-03	3.621413e-03	-8.636943e-03	-1.118539e-03	1.753262e-02	7.647773e-03	9.884850e-03
243           	8.421681e-03	-4.426124e-03	1.284781e-02	-9.808427e-04	3.130915e-03	-4.111758e-03	3.621336e-03	-8.636965e-03	-1.118426e-03	1.753311e-02	7.648129e-03	9.884980e-03
244           	8.421494e-03	-4.426245e-03	1.284774e-02	-9.808413e-04	3.130841e-03	-4.111682e-03	3.621261e-03	-8.636992e-03	-1.118309e-03	1.753360e-02	7.648493e-03	9.885111e-03
245           	8.421310e-03	-4.426372e-03	1.284768e-02	-9.808400e-04	3.130768e-03	-4.111608e-03	3.621188e-03	-8.637027e-03	-1.118189e-03	1.753411e-02	7.648867e-03	9.885244e-03
246           	8.421131e-03	-4.426503e-03	1.284763e-02	-9.808394e-04	3.130696e-03	-4.111535e-03	3.621116e-03	-8.637069e-03	-1.118065e-03	1.753463e-02	7.649249e-03	9.885379e-03
247           	8.420958e-03	-4.426638e-03	1.284760e-02	-9.808402e-04	3.130624e-03	-4.111465e-03	3.621045e-03	-8.637117e-03	-1.117938e-03	1.753516e-02	7.649641e-03	9.885518e-03
248           	8.420794e-03	-4.426776e-03	1.284757e-02	-9.808433e-04	3.130553e-03	-4.111396e-03	3.620975e-03	-8.637173e-03	-1.117809e-03	1.753570e-02	7.650043e-03	9.885662e-03
249           	8.420641e-03	-4.426915e-03	1.284756e-02	-9.808495e-04	3.130481e-03	-4.111330e-03	3.620905e-03	-8.637235e-03	-1.117678e-03	1.753627e-02	7.650455e-03	9.885811e-03
250           	8.420502e-03	-4.427054e-03	1.284756e-02	-9.808598e-04	3.130407e-03	-4.111266e-03	3.620837e-03	-8.637305e-03	-1.117545e-03	1.753685e-02	7.650879e-03	9.885969e-03
251           	8.420381e-03	-4.427192e-03	1.284757e-02	-9.808750e-04	3.130330e-03	-4.111205e-03	3.620768e-03	-8.637383e-03	-1.117410e-03	1.753745e-02	7.651315e-03	9.886136e-03
252           	8.420279e-03	-4.427327e-03	1.284761e-02	-9.808960e-04	3.130251e-03	-4.111147e-03	3.620699e-03	-8.637466e-03	-1.117276e-03	1.753807e-02	7.651760e-03	9.886312e-03
253           	8.420198e-03	-4.427455e-03	1.284765e-02	-9.809228e-04	3.130169e-03	-4.111092e-03	3.620631e-03	-8.637554e-03	-1.117143e-03	1.753870e-02	7.652208e-03	9.886495e-03
254           	8.420140e-03	-4.427579e-03	1.284772e-02	-9.809558e-04	3.130084e-03	-4.111040e-03	3.620562e-03	-8.637649e-03	-1.117011e-03	1.753935e-02	7.652665e-03	9.886688e-03
255           	8.420104e-03	-4.427699e-03	1.284780e-02	-9.809946e-04	3.129995e-03	-4.110990e-03	3.620493e-03	-8.637751e-03	-1.116879e-03	1.754003e-02	7.653134e-03	9.886893e-03
256           	8.420088e-03	-4.427817e-03	1.284791e-02	-9.810383e-04	3.129904e-03	-4.110943e-03	3.620423e-03	-8.637861e-03	-1.116747e-03	1.754072e-02	7.653615e-03	9.887108e-03
257           	8.420089e-03	-4.427935e-03	1.284802e-02	-9.810854e-04	3.129812e-03	-4.110897e-03	3.620354e-03	-8.637980e-03	-1.116612e-03	1.754144e-02	7.654106e-03	9.887331e-03
258           	8.420100e-03	-4.428057e-03	1.284816e-02	-9.811334e-04	3.129720e-03	-4.110853e-03	3.620286e-03	-8.638107e-03	-1.116476e-03	1.754217e-02	7.654608e-03	9.887560e-03
259           	8.420113e-03	-4.428186e-03	1.284830e-02	-9.811792e-04	3.129630e-03	-4.110809e-03	3.620219e-03	-8.638242e-03	-1.116336e-03	1.754291e-02	7.655118e-03	9.887790e-03
260           	8.420211e-03	-4.428283e-03	1.284849e-02	-9.812371e-04	3.129532e-03	-4.110769e-03	3.620151e-03	-8.638388e-03	-1.116207e-03	1.754374e-02	7.655665e-03	9.888079e-03
261           	8.419994e-03	-4.428546e-03	1.284854e-02	-9.812094e-04	3.129497e-03	-4.110706e-03	3.620101e-03	-8.638543e-03	-1.116021e-03	1.754436e-02	7.656157e-03	9.888198e-03
262           	8.419767e-03	-4.428819e-03	1.284859e-02	-9.811762e-04	3.129466e-03	-4.110642e-03	3.620054e-03	-8.638703e-03	-1.115828e-03	1.754495e-02	7.656646e-03	9.888302e-03
263           	8.419493e-03	-4.429122e-03	1.284861e-02	-9.811223e-04	3.129452e-03	-4.110574e-03	3.620013e-03	-8.638868e-03	-1.115626e-03	1.754552e-02	7.657131e-03	9.888384e-03
264           	8.419079e-03	-4.429483e-03	1.284856e-02	-9.810273e-04	3.129467e-03	-4.110494e-03	3.619981e-03	-8.639023e-03	-1.115413e-03	1.754596e-02	7.657565e-03	9.888391e-03
265           	8.418894e-03	-4.429736e-03	1.284863e-02	-9.809818e-04	3.129449e-03	-4.110431e-03	3.619940e-03	-8.639183e-03	-1.115228e-03	1.754652e-02	7.658032e-03	9.888487e-03
266           	8.418643e-03	-4.430057e-03	1.284870e-02	-9.809091e-04	3.129452e-03	-4.110361e-03	3.619906e-03	-8.639378e-03	-1.115015e-03	1.754717e-02	7.658568e-03	9.888599e-03
267           	8.418239e-03	-4.430462e-03	1.284870e-02	-9.808015e-04	3.129481e-03	-4.110282e-03	3.619881e-03	-8.639582e-03	-1.114773e-03	1.754774e-02	7.659098e-03	9.888643e-03
268           	8.418176e-03	-4.430704e-03	1.284888e-02	-9.807831e-04	3.129448e-03	-4.110231e-03	3.619840e-03	-8.639792e-03	-1.114583e-03	1.754853e-02	7.659680e-03	9.888846e-03
269           	8.418071e-03	-4.430943e-03	1.284901e-02	-9.807563e-04	3.129424e-03	-4.110180e-03	3.619802e-03	-8.639979e-03	-1.114408e-03	1.754922e-02	7.660201e-03	9.889016e-03
270           	8.417969e-03	-4.431220e-03	1.284919e-02	-9.807419e-04	3.129392e-03	-4.110134e-03	3.619763e-03	-8.640204e-03	-1.114209e-03	1.755003e-02	7.660805e-03	9.889223e-03
271           	8.417873e-03	-4.431497e-03	1.284937e-02	-9.807435e-04	3.129350e-03	-4.110094e-03	3.619722e-03	-8.640434e-03	-1.114008e-03	1.755085e-02	7.661414e-03	9.889431e-03
272           	8.417782e-03	-4.431780e-03	1.284956e-02	-9.807602e-04	3.129296e-03	-4.110057e-03	3.619677e-03	-8.640671e-03	-1.113818e-03	1.755164e-02	7.661999e-03	9.889636e-03
273           	8.417716e-03	-4.432023e-03	1.284974e-02	-9.807945e-04	3.129233e-03	-4.110027e-03	3.619630e-03	-8.640881e-03	-1.113642e-03	1.755235e-02	7.662532e-03	9.889816e-03
274           	8.417680e-03	-4.432265e-03	1.284995e-02	-9.808464e-04	3.129157e-03	-4.110004e-03	3.619581e-03	-8.641105e-03	-1.113457e-03	1.755312e-02	7.663103e-03	9.890017e-03
275           	8.417683e-03	-4.432499e-03	1.285018e-02	-9.809137e-04	3.129072e-03	-4.109986e-03	3.619529e-03	-8.641341e-03	-1.113266e-03	1.755395e-02	7.663709e-03	9.890241e-03
276           	8.417728e-03	-4.432742e-03	1.285047e-02	-9.809932e-04	3.128979e-03	-4.109972e-03	3.619476e-03	-8.641606e-03	-1.113061e-03	1.755490e-02	7.664389e-03	9.890511e-03
277           	8.417816e-03	-4.432963e-03	1.285078e-02	-9.810812e-04	3.128878e-03	-4.109959e-03	3.619419e-03	-8.641872e-03	-1.112877e-03	1.755584e-02	7.665042e-03	9.890797e-03
278           	8.418062e-03	-4.433083e-03	1.285114e-02	-9.811958e-04	3.128759e-03	-4.109955e-03	3.619357e-03	-8.642114e-03	-1.112726e-03	1.755680e-02	7.665676e-03	9.891128e-03
279           	8.418022e-03	-4.433348e-03	1.285137e-02	-9.812294e-04	3.128700e-03	-4.109929e-03	3.619314e-03	-8.642359e-03	-1.112535e-03	1.755762e-02	7.666274e-03	9.891344e-03
280           	8.418101e-03	-4.433566e-03	1.285167e-02	-9.812864e-04	3.128621e-03	-4.109907e-03	3.619264e-03	-8.642616e-03	-1.112366e-03	1.755853e-02	7.666897e-03	9.891630e-03
281           	8.417987e-03	-4.433884e-03	1.285187e-02	-9.812834e-04	3.128587e-03	-4.109870e-03	3.619228e-03	-8.642877e-03	-1.112155e-03	1.755929e-02	7.667491e-03	9.891802e-03
282           	8.417896e-03	-4.434201e-03	1.285210e-02	-9.812775e-04	3.128556e-03	-4.109833e-03	3.619194e-03	-8.643149e-03	-1.111937e-03	1.756010e-02	7.668111e-03	9.891984e-03
283           	8.417799e-03	-4.434521e-03	1.285232e-02	-9.812616e-04	3.128530e-03	-4.109792e-03	3.619161e-03	-8.643420e-03	-1.111728e-03	1.756087e-02	7.668708e-03	9.892165e-03
284           	8.417698e-03	-4.434853e-03	1.285255e-02	-9.812337e-04	3.128516e-03	-4.109749e-03	3.619133e-03	-8.643703e-03	-1.111509e-03	1.756169e-02	7.669334e-03	9.892352e-03
285           	8.417588e-03	-4.435191e-03	1.285278e-02	-9.811974e-04	3.128506e-03	-4.109704e-03	3.619105e-03	-8.643985e-03	-1.111298e-03	1.756247e-02	7.669939e-03	9.892535e-03
286           	8.417472e-03	-4.435544e-03	1.285302e-02	-9.811528e-04	3.128505e-03	-4.109658e-03	3.619082e-03	-8.644280e-03	-1.111072e-03	1.756330e-02	7.670578e-03	9.892721e-03
287           	8.417350e-03	-4.435915e-03	1.285327e-02	-9.811027e-04	3.128510e-03	-4.109613e-03	3.619062e-03	-8.644590e-03	-1.110831e-03	1.756416e-02	7.671249e-03	9.892911e-03
288           	8.417211e-03	-4.436288e-03	1.285350e-02	-9.810509e-04	3.128516e-03	-4.109567e-03	3.619042e-03	-8.644894e-03	-1.110598e-03	1.756497e-02	7.671885e-03	9.893081e-03
289           	8.417058e-03	-4.436659e-03	1.285372e-02	-9.809997e-04	3.128523e-03	-4.109522e-03	3.619022e-03	-8.645188e-03	-1.110373e-03	1.756571e-02	7.672483e-03	9.893228e-03
290           	8.416900e-03	-4.437043e-03	1.285394e-02	-9.809508e-04	3.128530e-03	-4.109481e-03	3.619006e-03	-8.645493e-03	-1.110131e-03	1.756648e-02	7.673107e-03	9.893369e-03
291           	8.416659e-03	-4.437497e-03	1.285416e-02	-9.808905e-04	3.128548e-03	-4.109438e-03	3.618993e-03	-8.645826e-03	-1.109851e-03	1.756728e-02	7.673787e-03	9.893489e-03
292           	8.416646e-03	-4.437822e-03	1.285447e-02	-9.808951e-04	3.128519e-03	-4.109414e-03	3.618967e-03	-8.646145e-03	-1.109609e-03	1.756809e-02	7.674438e-03	9.893656e-03
293           	8.416615e-03	-4.438144e-03	1.285476e-02	-9.808989e-04	3.128492e-03	-4.109390e-03	3.618941e-03	-8.646451e-03	-1.109375e-03	1.756885e-02	7.675048e-03	9.893798e-03
294           	8.416598e-03	-4.438475e-03	1.285507e-02	-9.809121e-04	3.128460e-03	-4.109372e-03	3.618916e-03	-8.646774e-03	-1.109126e-03	1.756964e-02	7.675696e-03	9.893948e-03
295           	8.416587e-03	-4.438837e-03	1.285542e-02	-9.809344e-04	3.128423e-03	-4.109357e-03	3.618890e-03	-8.647130e-03	-1.108833e-03	1.757047e-02	7.676404e-03	9.894070e-03
296           	8.416611e-03	-4.439165e-03	1.285578e-02	-9.809713e-04	3.128375e-03	-4.109346e-03	3.618860e-03	-8.647471e-03	-1.108601e-03	1.757142e-02	7.677108e-03	9.894310e-03
297           	8.416653e-03	-4.439473e-03	1.285613e-02	-9.810150e-04	3.128322e-03	-4.109337e-03	3.618829e-03	-8.647800e-03	-1.108385e-03	1.757232e-02	7.677775e-03	9.894544e-03
298           	8.416716e-03	-4.439788e-03	1.285650e-02	-9.810665e-04	3.128265e-03	-4.109331e-03	3.618798e-03	-8.648146e-03	-1.108158e-03	1.757329e-02	7.678486e-03	9.894802e-03
299           	8.416800e-03	-4.440083e-03	1.285688e-02	-9.811233e-04	3.128203e-03	-4.109326e-03	3.618765e-03	-8.648483e-03	-1.107947e-03	1.757423e-02	7.679167e-03	9.895060e-03
300           	8.416901e-03	-4.440390e-03	1.285729e-02	-9.811835e-04	3.128140e-03	-4.109324e-03	3.618732e-03	-8.648841e-03	-1.107723e-03	1.757524e-02	7.679896e-03	9.895341e-03
301           	8.417103e-03	-4.440656e-03	1.285776e-02	-9.812628e-04	3.128062e-03	-4.109325e-03	3.618693e-03	-8.649207e-03	-1.107509e-03	1.757630e-02	7.680643e-03	9.895661e-03
302           	8.417038e-03	-4.441073e-03	1.285811e-02	-9.812696e-04	3.128037e-03	-4.109306e-03	3.618672e-03	-8.649592e-03	-1.107263e-03	1.757733e-02	7.681404e-03	9.895929e-03
303           	8.416994e-03	-4.441465e-03	1.285846e-02	-9.812791e-04	3.128009e-03	-4.109288e-03	3.618649e-03	-8.649962e-03	-1.107032e-03	1.757832e-02	7.682129e-03	9.896193e-03
304           	8.416937e-03	-4.441852e-03	1.285879e-02	-9.812787e-04	3.127988e-03	-4.109267e-03	3.618628e-03	-8.650320e-03	-1.106815e-03	1.757927e-02	7.682819e-03	9.896449e-03
305           	8.416869e-03	-4.442269e-03	1.285914e-02	-9.812653e-04	3.127978e-03	-4.109243e-03	3.618610e-03	-8.650703e-03	-1.106576e-03	1.758027e-02	7.683559e-03	9.896711e-03
306           	8.416785e-03	-4.442684e-03	1.285947e-02	-9.812406e-04	3.127975e-03	-4.109216e-03	3.618596e-03	-8.651076e-03	-1.106348e-03	1.758123e-02	7.684267e-03	9.896964e-03
307           	8.416689e-03	-4.443131e-03	1.285982e-02	-9.812037e-04	3.127982e-03	-4.109186e-03	3.618584e-03	-8.651476e-03	-1.106096e-03	1.758225e-02	7.685028e-03	9.897220e-03
308           	8.416577e-03	-4.443575e-03	1.286015e-02	-9.811579e-04	3.127996e-03	-4.109154e-03	3.618575e-03	-8.651864e-03	-1.105854e-03	1.758321e-02	7.685751e-03	9.897458e-03
309           	8.416454e-03	-4.444049e-03	1.286050e-02	-9.811043e-04	3.128017e-03	-4.109121e-03	3.618569e-03	-8.652276e-03	-1.105587e-03	1.758421e-02	7.686518e-03	9.897693e-03
310           	8.416315e-03	-4.444515e-03	1.286083e-02	-9.810466e-04	3.128040e-03	-4.109087e-03	3.618564e-03	-8.652673e-03	-1.105329e-03	1.758514e-02	7.687240e-03	9.897899e-03
311           	8.416164e-03	-4.444972e-03	1.286114e-02	-9.809878e-04	3.128065e-03	-4.109053e-03	3.618559e-03	-8.653054e-03	-1.105077e-03	1.758599e-02	7.687918e-03	9.898071e-03
312           	8.416012e-03	-4.445454e-03	1.286147e-02	-9.809302e-04	3.128092e-03	-4.109022e-03	3.618557e-03	-8.653460e-03	-1.104798e-03	1.758687e-02	7.688637e-03	9.898234e-03
313           	8.415855e-03	-4.445923e-03	1.286178e-02	-9.808761e-04	3.128116e-03	-4.108992e-03	3.618554e-03	-8.653851e-03	-1.104523e-03	1.758767e-02	7.689310e-03	9.898356e-03
314           	8.415600e-03	-4.446495e-03	1.286209e-02	-9.808077e-04	3.128152e-03	-4.108960e-03	3.618556e-03	-8.654295e-03	-1.104192e-03	1.758851e-02	7.690062e-03	9.898446e-03
315           	8.415671e-03	-4.446876e-03	1.286255e-02	-9.808291e-04	3.128124e-03	-4.108954e-03	3.618539e-03	-8.654711e-03	-1.103908e-03	1.758939e-02	7.690785e-03	9.898601e-03
316           	8.415738e-03	-4.447281e-03	1.286302e-02	-9.808525e-04	3.128097e-03	-4.108950e-03	3.618523e-03	-8.655150e-03	-1.103605e-03	1.759030e-02	7.691546e-03	9.898756e-03
317           	8.415855e-03	-4.447662e-03	1.286352e-02	-9.808960e-04	3.128055e-03	-4.108951e-03	3.618503e-03	-8.655589e-03	-1.103278e-03	1.759110e-02	7.692273e-03	9.898828e-03
318           	8.415954e-03	-4.448058e-03	1.286401e-02	-9.809449e-04	3.128011e-03	-4.108956e-03	3.618483e-03	-8.656035e-03	-1.103003e-03	1.759215e-02	7.693074e-03	9.899080e-03
319           	8.416093e-03	-4.448408e-03	1.286450e-02	-9.810100e-04	3.127955e-03	-4.108965e-03	3.618460e-03	-8.656454e-03	-1.102748e-03	1.759313e-02	7.693819e-03	9.899315e-03
320           	8.416256e-03	-4.448761e-03	1.286502e-02	-9.810884e-04	3.127890e-03	-4.108978e-03	3.618434e-03	-8.656889e-03	-1.102489e-03	1.759417e-02	7.694598e-03	9.899575e-03
321           	8.416446e-03	-4.449074e-03	1.286552e-02	-9.811756e-04	3.127818e-03	-4.108994e-03	3.618406e-03	-8.657297e-03	-1.102251e-03	1.759515e-02	7.695326e-03	9.899828e-03
322           	8.416771e-03	-4.449371e-03	1.286614e-02	-9.812938e-04	3.127723e-03	-4.109017e-03	3.618370e-03	-8.657757e-03	-1.101983e-03	1.759626e-02	7.696145e-03	9.900112e-03
323           	8.416723e-03	-4.449830e-03	1.286655e-02	-9.813137e-04	3.127699e-03	-4.109012e-03	3.618355e-03	-8.658192e-03	-1.101749e-03	1.759736e-02	7.696929e-03	9.900427e-03
324           	8.416706e-03	-4.450294e-03	1.286700e-02	-9.813390e-04	3.127669e-03	-4.109008e-03	3.618339e-03	-8.658647e-03	-1.101506e-03	1.759852e-02	7.697752e-03	9.900763e-03
325           	8.416676e-03	-4.450785e-03	1.286746e-02	-9.813512e-04	3.127649e-03	-4.109000e-03	3.618324e-03	-8.659123e-03	-1.101253e-03	1.759973e-02	7.698612e-03	9.901118e-03
326           	8.416632e-03	-4.451259e-03	1.286789e-02	-9.813481e-04	3.127639e-03	-4.108987e-03	3.618313e-03	-8.659575e-03	-1.101021e-03	1.760089e-02	7.699422e-03	9.901464e-03
327           	8.416576e-03	-4.451753e-03	1.286833e-02	-9.813268e-04	3.127642e-03	-4.108968e-03	3.618305e-03	-8.660041e-03	-1.100780e-03	1.760207e-02	7.700253e-03	9.901812e-03
328           	8.416493e-03	-4.452257e-03	1.286875e-02	-9.812868e-04	3.127657e-03	-4.108944e-03	3.618300e-03	-8.660504e-03	-1.100567e-03	1.760332e-02	7.701093e-03	9.902228e-03
329           	8.416401e-03	-4.452765e-03	1.286917e-02	-9.812310e-04	3.127685e-03	-4.108916e-03	3.618300e-03	-8.660965e-03	-1.100288e-03	1.760430e-02	7.701862e-03	9.902439e-03
330           	8.416285e-03	-4.453293e-03	1.286958e-02	-9.811613e-04	3.127724e-03	-4.108885e-03	3.618304e-03	-8.661436e-03	-1.099998e-03	1.760527e-02	7.702636e-03	9.902633e-03
331           	8.416139e-03	-4.453800e-03	1.286994e-02	-9.810826e-04	3.127769e-03	-4.108852e-03	3.618311e-03	-8.661869e-03	-1.099725e-03	1.760612e-02	7.703335e-03	9.902784e-03
332           	8.415969e-03	-4.454323e-03	1.287029e-02	-9.809980e-04	3.127821e-03	-4.108819e-03	3.618320e-03	-8.662307e-03	-1.099441e-03	1.760696e-02	7.704036e-03	9.902919e-03
333           	8.415771e-03	-4.454825e-03	1.287060e-02	-9.809109e-04	3.127876e-03	-4.108787e-03	3.618331e-03	-8.662711e-03	-1.099173e-03	1.760768e-02	7.704669e-03	9.903014e-03
334           	8.415418e-03	-4.455452e-03	1.287087e-02	-9.807982e-04	3.127949e-03	-4.108748e-03	3.618349e-03	-8.663161e-03	-1.098859e-03	1.760845e-02	7.705365e-03	9.903082e-03
335           	8.415478e-03	-4.455886e-03	1.287136e-02	-9.807994e-04	3.127943e-03	-4.108743e-03	3.618343e-03	-8.663625e-03	-1.098569e-03	1.760939e-02	7.706123e-03	9.903262e-03
336           	8.415507e-03	-4.456308e-03	1.287182e-02	-9.807975e-04	3.127940e-03	-4.108738e-03	3.618339e-03	-8.664062e-03	-1.098293e-03	1.761024e-02	7.706827e-03	9.903414e-03
337           	8.415558e-03	-4.456736e-03	1.287229e-02	-9.808127e-04	3.127926e-03	-4.108739e-03	3.618332e-03	-8.664515e-03	-1.098008e-03	1.761115e-02	7.707565e-03	9.903582e-03
338           	8.415631e-03	-4.457126e-03	1.287276e-02	-9.808440e-04	3.127901e-03	-4.108745e-03	3.618323e-03	-8.664942e-03	-1.097739e-03	1.761199e-02	7.708254e-03	9.903732e-03
339           	8.415723e-03	-4.457525e-03	1.287325e-02	-9.808930e-04	3.127863e-03	-4.108756e-03	3.618310e-03	-8.665386e-03	-1.097462e-03	1.761289e-02	7.708983e-03	9.903908e-03
340           	8.415834e-03	-4.457932e-03	1.287377e-02	-9.809572e-04	3.127815e-03	-4.108772e-03	3.618294e-03	-8.665849e-03	-1.097180e-03	1.761386e-02	7.709749e-03	9.904109e-03
341           	8.415968e-03	-4.458299e-03	1.287427e-02	-9.810310e-04	3.127760e-03	-4.108791e-03	3.618275e-03	-8.666283e-03	-1.096920e-03	1.761478e-02	7.710468e-03	9.904308e-03
342           	8.416117e-03	-4.458671e-03	1.287479e-02	-9.811126e-04	3.127699e-03	-4.108811e-03	3.618255e-03	-8.666730e-03	-1.096661e-03	1.761576e-02	7.711220e-03	9.904543e-03
343           	8.416287e-03	-4.459006e-03	1.287529e-02	-9.811969e-04	3.127635e-03	-4.108832e-03	3.618234e-03	-8.667150e-03	-1.096429e-03	1.761672e-02	7.711932e-03	9.904791e-03
344           	8.416468e-03	-4.459351e-03	1.287582e-02	-9.812810e-04	3.127571e-03	-4.108852e-03	3.618212e-03	-8.667585e-03	-1.096201e-03	1.761777e-02	7.712684e-03	9.905085e-03
345           	8.416781e-03	-4.459685e-03	1.287647e-02	-9.813875e-04	3.127489e-03	-4.108877e-03	3.618183e-03	-8.668076e-03	-1.095959e-03	1.761901e-02	7.713546e-03	9.905463e-03
346           	8.416720e-03	-4.460162e-03	1.287688e-02	-9.813890e-04	3.127483e-03	-4.108872e-03	3.618177e-03	-8.668522e-03	-1.095742e-03	1.762014e-02	7.714326e-03	9.905811e-03
347           	8.416692e-03	-4.460629e-03	1.287732e-02	-9.813925e-04	3.127474e-03	-4.108866e-03	3.618170e-03	-8.668974e-03	-1.095531e-03	1.762131e-02	7.715125e-03	9.906188e-03
348           	8.416666e-03	-4.461091e-03	1.287776e-02	-9.813836e-04	3.127473e-03	-4.108857e-03	3.618165e-03	-8.669424e-03	-1.095364e-03	1.762263e-02	7.715952e-03	9.906679e-03
349           	8.416558e-03	-4.461584e-03	1.287814e-02	-9.813392e-04	3.127499e-03	-4.108838e-03	3.618168e-03	-8.669863e-03	-1.095127e-03	1.762362e-02	7.716685e-03	9.906940e-03
350           	8.416436e-03	-4.462091e-03	1.287853e-02	-9.812806e-04	3.127534e-03	-4.108815e-03	3.618174e-03	-8.670309e-03	-1.094888e-03	1.762463e-02	7.717428e-03	9.907204e-03
351           	8.416290e-03	-4.462573e-03	1.287886e-02	-9.812077e-04	3.127580e-03	-4.108788e-03	3.618184e-03	-8.670718e-03	-1.094671e-03	1.762556e-02	7.718107e-03	9.907449e-03
352           	8.416038e-03	-4.463109e-03	1.287915e-02	-9.811052e-04	3.127648e-03	-4.108753e-03	3.618200e-03	-8.671128e-03	-1.094477e-03	1.762657e-02	7.718805e-03	9.907760e-03
353           	8.416013e-03	-4.463539e-03	1.287955e-02	-9.810545e-04	3.127679e-03	-4.108734e-03	3.618207e-03	-8.671545e-03	-1.094212e-03	1.762732e-02	7.719448e-03	9.907872e-03
354           	8.415953e-03	-4.464002e-03	1.287995e-02	-9.809940e-04	3.127719e-03	-4.108713e-03	3.618216e-03	-8.671978e-03	-1.093931e-03	1.762809e-02	7.720113e-03	9.907974e-03
355           	8.415883e-03	-4.464442e-03	1.288033e-02	-9.809367e-04	3.127757e-03	-4.108694e-03	3.618226e-03	-8.672383e-03	-1.093658e-03	1.762876e-02	7.720723e-03	9.908040e-03
356           	8.415805e-03	-4.464860e-03	1.288067e-02	-9.808860e-04	3.127792e-03	-4.108678e-03	3.618235e-03	-8.672763e-03	-1.093394e-03	1.762936e-02	7.721284e-03	9.908072e-03
357           	8.415718e-03	-4.465302e-03	1.288102e-02	-9.808446e-04	3.127822e-03	-4.108666e-03	3.618244e-03	-8.673161e-03	-1.093116e-03	1.762999e-02	7.721879e-03	9.908110e-03
358           	8.415538e-03	-4.465798e-03	1.288134e-02	-9.807957e-04	3.127857e-03	-4.108652e-03	3.618255e-03	-8.673567e-03	-1.092803e-03	1.763052e-02	7.722455e-03	9.908061e-03
359           	8.415631e-03	-4.466174e-03	1.288181e-02	-9.808298e-04	3.127833e-03	-4.108663e-03	3.618248e-03	-8.673990e-03	-1.092548e-03	1.763137e-02	7.723139e-03	9.908234e-03
360           	8.415721e-03	-4.466529e-03	1.288225e-02	-9.808673e-04	3.127808e-03	-4.108675e-03	3.618242e-03	-8.674390e-03	-1.092307e-03	1.763218e-02	7.723785e-03	9.908398e-03
361           	8.415837e-03	-4.466893e-03	1.288273e-02	-9.809202e-04	3.127772e-03	-4.108692e-03	3.618232e-03	-8.674812e-03	-1.092060e-03	1.763308e-02	7.724481e-03	9.908601e-03
362           	8.415982e-03	-4.467216e-03	1.288320e-02	-9.809851e-04	3.127728e-03	-4.108713e-03	3.618220e-03	-8.675207e-03	-1.091832e-03	1.763394e-02	7.725137e-03	9.908801e-03
363           	8.416155e-03	-4.467500e-03	1.288366e-02	-9.810597e-04	3.127677e-03	-4.108736e-03	3.618207e-03	-8.675578e-03	-1.091624e-03	1.763476e-02	7.725756e-03	9.909003e-03
364           	8.416353e-03	-4.467750e-03	1.288410e-02	-9.811411e-04	3.127621e-03	-4.108762e-03	3.618191e-03	-8.675926e-03	-1.091435e-03	1.763556e-02	7.726345e-03	9.909215e-03
365           	8.416560e-03	-4.468023e-03	1.288458e-02	-9.812271e-04	3.127560e-03	-4.108787e-03	3.618174e-03	-8.676303e-03	-1.091239e-03	1.763647e-02	7.726996e-03	9.909474e-03
366           	8.416784e-03	-4.468273e-03	1.288506e-02	-9.813139e-04	3.127499e-03	-4.108813e-03	3.618156e-03	-8.676665e-03	-1.091061e-03	1.763738e-02	7.727628e-03	9.909751e-03
367           	8.417146e-03	-4.468527e-03	1.288567e-02	-9.814264e-04	3.127416e-03	-4.108843e-03	3.618130e-03	-8.677100e-03	-1.090860e-03	1.763852e-02	7.728401e-03	9.910121e-03
368           	8.417063e-03	-4.468974e-03	1.288604e-02	-9.814182e-04	3.127421e-03	-4.108839e-03	3.618130e-03	-8.677506e-03	-1.090660e-03	1.763953e-02	7.729106e-03	9.910426e-03
369           	8.417003e-03	-4.469390e-03	1.288639e-02	-9.814112e-04	3.127424e-03	-4.108835e-03	3.618129e-03	-8.677892e-03	-1.090478e-03	1.764052e-02	7.729782e-03	9.910738e-03
370           	8.416911e-03	-4.469802e-03	1.288671e-02	-9.813854e-04	3.127440e-03	-4.108826e-03	3.618133e-03	-8.678257e-03	-1.090313e-03	1.764147e-02	7.730423e-03	9.911048e-03
371           	8.416788e-03	-4.470254e-03	1.288704e-02	-9.813381e-04	3.127471e-03	-4.108809e-03	3.618140e-03	-8.678648e-03	-1.090131e-03	1.764247e-02	7.731103e-03	9.911365e-03
372           	8.416573e-03	-4.470762e-03	1.288734e-02	-9.812573e-04	3.127525e-03	-4.108783e-03	3.618154e-03	-8.679049e-03	-1.089976e-03	1.764361e-02	7.731828e-03	9.911781e-03
373           	8.416484e-03	-4.471177e-03	1.288766e-02	-9.811968e-04	3.127566e-03	-4.108763e-03	3.618164e-03	-8.679419e-03	-1.089755e-03	1.764434e-02	7.732413e-03	9.911923e-03
374           	8.416349e-03	-4.471591e-03	1.288794e-02	-9.811176e-04	3.127621e-03	-4.108738e-03	3.618180e-03	-8.679765e-03	-1.089540e-03	1.764498e-02	7.732948e-03	9.912028e-03
375           	8.416191e-03	-4.472038e-03	1.288823e-02	-9.810260e-04	3.127685e-03	-4.108711e-03	3.618198e-03	-8.680134e-03	-1.089300e-03	1.764563e-02	7.733514e-03	9.912113e-03
376           	8.416007e-03	-4.472478e-03	1.288848e-02	-9.809281e-04	3.127755e-03	-4.108683e-03	3.618219e-03	-8.680481e-03	-1.089063e-03	1.764619e-02	7.734033e-03	9.912159e-03
377           	8.415799e-03	-4.472911e-03	1.288871e-02	-9.808285e-04	3.127827e-03	-4.108655e-03	3.618241e-03	-8.680810e-03	-1.088827e-03	1.764668e-02	7.734514e-03	9.912169e-03
378           	8.415410e-03	-4.473455e-03	1.288887e-02	-9.806992e-04	3.127920e-03	-4.108620e-03	3.618270e-03	-8.681160e-03	-1.088553e-03	1.764711e-02	7.735002e-03	9.912107e-03
379           	8.415523e-03	-4.473729e-03	1.288925e-02	-9.807088e-04	3.127916e-03	-4.108625e-03	3.618270e-03	-8.681491e-03	-1.088335e-03	1.764769e-02	7.735509e-03	9.912179e-03
380           	8.415617e-03	-4.474052e-03	1.288967e-02	-9.807197e-04	3.127911e-03	-4.108631e-03	3.618271e-03	-8.681860e-03	-1.088096e-03	1.764837e-02	7.736089e-03	9.912281e-03
381           	8.415750e-03	-4.474343e-03	1.289009e-02	-9.807525e-04	3.127892e-03	-4.108645e-03	3.618269e-03	-8.682218e-03	-1.087863e-03	1.764903e-02	7.736651e-03	9.912376e-03
382           	8.415920e-03	-4.474602e-03	1.289052e-02	-9.808081e-04	3.127858e-03	-4.108666e-03	3.618262e-03	-8.682562e-03	-1.087639e-03	1.764967e-02	7.737193e-03	9.912472e-03
383           	8.416125e-03	-4.474829e-03	1.289095e-02	-9.808849e-04	3.127809e-03	-4.108694e-03	3.618251e-03	-8.682892e-03	-1.087428e-03	1.765029e-02	7.737719e-03	9.912575e-03
384           	8.416359e-03	-4.475030e-03	1.289139e-02	-9.809795e-04	3.127747e-03	-4.108727e-03	3.618237e-03	-8.683209e-03	-1.087231e-03	1.765093e-02	7.738232e-03	9.912695e-03
385           	8.416615e-03	-4.475208e-03	1.289182e-02	-9.810873e-04	3.127676e-03	-4.108763e-03	3.618220e-03	-8.683516e-03	-1.087051e-03	1.765158e-02	7.738741e-03	9.912843e-03
386           	8.416887e-03	-4.475374e-03	1.289226e-02	-9.812028e-04	3.127599e-03	-4.108802e-03	3.618201e-03	-8.683817e-03	-1.086887e-03	1.765229e-02	7.739256e-03	9.913030e-03
387           	8.417313e-03	-4.475547e-03	1.289286e-02	-9.813559e-04	3.127492e-03	-4.108848e-03	3.618170e-03	-8.684204e-03	-1.086686e-03	1.765323e-02	7.739929e-03	9.913302e-03
388           	8.417263e-03	-4.475936e-03	1.289320e-02	-9.813824e-04	3.127476e-03	-4.108858e-03	3.618167e-03	-8.684567e-03	-1.086530e-03	1.765425e-02	7.740594e-03	9.913654e-03
389           	8.417257e-03	-4.476289e-03	1.289355e-02	-9.814142e-04	3.127454e-03	-4.108869e-03	3.618162e-03	-8.684917e-03	-1.086395e-03	1.765529e-02	7.741250e-03	9.914041e-03
390           	8.417237e-03	-4.476633e-03	1.289387e-02	-9.814294e-04	3.127444e-03	-4.108874e-03	3.618159e-03	-8.685252e-03	-1.086282e-03	1.765634e-02	7.741889e-03	9.914452e-03
391           	8.417222e-03	-4.476994e-03	1.289422e-02	-9.814267e-04	3.127446e-03	-4.108872e-03	3.618159e-03	-8.685605e-03	-1.086207e-03	1.765762e-02	7.742604e-03	9.915018e-03
392           	8.417105e-03	-4.477375e-03	1.289448e-02	-9.813789e-04	3.127479e-03	-4.108858e-03	3.618169e-03	-8.685928e-03	-1.086049e-03	1.765842e-02	7.743159e-03	9.915257e-03
393           	8.416969e-03	-4.477751e-03	1.289472e-02	-9.813130e-04	3.127526e-03	-4.108839e-03	3.618182e-03	-8.686235e-03	-1.085898e-03	1.765917e-02	7.743685e-03	9.915481e-03
394           	8.416804e-03	-4.478127e-03	1.289493e-02	-9.812271e-04	3.127586e-03	-4.108813e-03	3.618200e-03	-8.686529e-03	-1.085748e-03	1.765985e-02	7.744178e-03	9.915673e-03
395           	8.416612e-03	-4.478507e-03	1.289512e-02	-9.811256e-04	3.127659e-03	-4.108784e-03	3.618222e-03	-8.686813e-03	-1.085596e-03	1.766048e-02	7.744644e-03	9.915835e-03
396           	8.416278e-03	-4.479033e-03	1.289531e-02	-9.809840e-04	3.127757e-03	-4.108741e-03	3.618249e-03	-8.687172e-03	-1.085410e-03	1.766131e-02	7.745243e-03	9.916063e-03
