# Force and moment coefficients
# dragDir     : (1.000000e+00 0.000000e+00 0.000000e+00)
# sideDir     : (0.000000e+00 1.000000e+00 0.000000e+00)
# liftDir     : (0.000000e+00 0.000000e+00 1.000000e+00)
# rollAxis    : (1.000000e+00 0.000000e+00 0.000000e+00)
# pitchAxis   : (0.000000e+00 1.000000e+00 0.000000e+00)
# yawAxis     : (0.000000e+00 0.000000e+00 1.000000e+00)
# magUInf     : 6.661800e+00
# lRef        : 1.499270e-01
# Aref        : 5.000000e-02
# CofR        : (0.000000e+00 0.000000e+00 0.000000e+00)
#
# Time        	Cd            	Cd(f)         	Cd(r)         	Cl            	Cl(f)         	Cl(r)         	CmPitch       	CmRoll        	CmYaw         	Cs            	Cs(f)         	Cs(r)         
1             	3.466900e-01	1.714898e-01	1.752002e-01	-1.545813e-02	2.428659e-01	-2.583240e-01	2.505950e-01	-1.855199e-03	8.699001e-04	1.622300e-03	1.681050e-03	-5.874981e-05
2             	2.581069e-01	1.272766e-01	1.308303e-01	-1.991720e-02	1.788350e-01	-1.987522e-01	1.887936e-01	-1.776871e-03	8.932719e-04	1.887319e-03	1.836931e-03	5.038757e-05
3             	1.989693e-01	9.814422e-02	1.008250e-01	-2.002765e-02	1.364999e-01	-1.565275e-01	1.465137e-01	-1.340414e-03	7.612381e-04	1.699287e-03	1.610882e-03	8.840532e-05
4             	1.541992e-01	7.635419e-02	7.784504e-02	-1.704479e-02	1.049389e-01	-1.219837e-01	1.134613e-01	-7.454254e-04	5.620067e-04	1.219528e-03	1.171771e-03	4.775723e-05
5             	1.180882e-01	5.885601e-02	5.923218e-02	-1.236938e-02	7.989010e-02	-9.225948e-02	8.607479e-02	-1.880867e-04	3.883977e-04	6.496172e-04	7.132063e-04	-6.358914e-05
6             	8.916457e-02	4.476877e-02	4.439579e-02	-7.308372e-03	6.011359e-02	-6.742196e-02	6.376777e-02	1.864898e-04	3.068617e-04	1.690491e-04	3.913863e-04	-2.223372e-04
7             	6.725168e-02	3.392992e-02	3.332176e-02	-2.853314e-03	4.532170e-02	-4.817501e-02	4.674835e-02	3.040785e-04	3.485470e-04	-9.924118e-05	2.989264e-04	-3.981676e-04
8             	5.213366e-02	2.623512e-02	2.589854e-02	4.090154e-04	3.524838e-02	-3.483936e-02	3.504387e-02	1.682865e-04	5.038081e-04	-1.076203e-04	4.499980e-04	-5.576183e-04
9             	4.306115e-02	2.137639e-02	2.168476e-02	2.285129e-03	2.930049e-02	-2.701536e-02	2.815792e-02	-1.541860e-04	7.314240e-04	1.168230e-04	7.898355e-04	-6.730125e-04
10            	3.878872e-02	1.883384e-02	1.995489e-02	2.886953e-03	2.657568e-02	-2.368873e-02	2.513221e-02	-5.605249e-04	9.730221e-04	4.912157e-04	1.218630e-03	-7.274142e-04
11            	3.779882e-02	1.795679e-02	1.984203e-02	2.517118e-03	2.601093e-02	-2.349381e-02	2.475237e-02	-9.426210e-04	1.170336e-03	9.045205e-04	1.622596e-03	-7.180753e-04
12            	3.859319e-02	1.808093e-02	2.051227e-02	1.553248e-03	2.657688e-02	-2.502363e-02	2.580025e-02	-1.215670e-03	1.282440e-03	1.252833e-03	1.908857e-03	-6.560231e-04
13            	3.992724e-02	1.863164e-02	2.129560e-02	3.547433e-04	2.743372e-02	-2.707898e-02	2.725635e-02	-1.331980e-03	1.291328e-03	1.461470e-03	2.022063e-03	-5.605926e-04
14            	4.093870e-02	1.918159e-02	2.175712e-02	-7.963213e-04	2.801289e-02	-2.880921e-02	2.841105e-02	-1.287766e-03	1.205363e-03	1.500806e-03	1.955766e-03	-4.549595e-04
15            	4.118337e-02	1.947493e-02	2.170843e-02	-1.722594e-03	2.803570e-02	-2.975830e-02	2.889700e-02	-1.116751e-03	1.053902e-03	1.385665e-03	1.746734e-03	-3.610690e-04
16            	4.057632e-02	1.941147e-02	2.116485e-02	-2.349291e-03	2.746990e-02	-2.981919e-02	2.864454e-02	-8.766927e-04	8.775652e-04	1.164722e-03	1.459926e-03	-2.952041e-04
17            	3.928022e-02	1.900886e-02	2.027137e-02	-2.682384e-03	2.644754e-02	-2.912993e-02	2.778874e-02	-6.312534e-04	7.172883e-04	9.039888e-04	1.169283e-03	-2.652939e-04
18            	3.758866e-02	1.835821e-02	1.923045e-02	-2.779934e-03	2.518370e-02	-2.796364e-02	2.657367e-02	-4.361215e-04	6.056516e-04	6.700035e-04	9.406533e-04	-2.706498e-04
19            	3.581103e-02	1.757840e-02	1.823263e-02	-2.721896e-03	2.389618e-02	-2.661807e-02	2.525713e-02	-3.271169e-04	5.597117e-04	5.132514e-04	8.163374e-04	-3.030860e-04
20            	3.419074e-02	1.677955e-02	1.741119e-02	-2.585918e-03	2.275057e-02	-2.533649e-02	2.404353e-02	-3.158176e-04	5.799940e-04	4.598495e-04	8.099188e-04	-3.500693e-04
21            	3.286816e-02	1.604364e-02	1.682452e-02	-2.432745e-03	2.183658e-02	-2.426933e-02	2.305296e-02	-3.904363e-04	6.520829e-04	5.085288e-04	9.063473e-04	-3.978185e-04
22            	3.187625e-02	1.541641e-02	1.645984e-02	-2.299967e-03	2.116739e-02	-2.346735e-02	2.231737e-02	-5.217189e-04	7.514425e-04	6.345192e-04	1.068702e-03	-4.341829e-04
23            	3.116416e-02	1.490987e-02	1.625429e-02	-2.203359e-03	2.069820e-02	-2.290155e-02	2.179988e-02	-6.722138e-04	8.504333e-04	7.986773e-04	1.249772e-03	-4.510946e-04
24            	3.063107e-02	1.451017e-02	1.612090e-02	-2.141998e-03	2.035128e-02	-2.249328e-02	2.142228e-02	-8.053654e-04	9.241967e-04	9.577260e-04	1.403060e-03	-4.453337e-04
25            	3.016762e-02	1.419041e-02	1.597721e-02	-2.106009e-03	2.004562e-02	-2.215163e-02	2.109863e-02	-8.934012e-04	9.562576e-04	1.074855e-03	1.493685e-03	-4.188300e-04
26            	2.968664e-02	1.392179e-02	1.576486e-02	-2.083393e-03	1.971813e-02	-2.180153e-02	2.075983e-02	-9.215341e-04	9.403803e-04	1.126190e-03	1.503475e-03	-3.772855e-04
27            	2.913771e-02	1.367968e-02	1.545803e-02	-2.064370e-03	1.933372e-02	-2.139809e-02	2.036590e-02	-8.891753e-04	8.805984e-04	1.104169e-03	1.432683e-03	-3.285141e-04
28            	2.851181e-02	1.344785e-02	1.506396e-02	-2.043885e-03	1.888799e-02	-2.093187e-02	1.990993e-02	-8.080525e-04	7.892454e-04	1.017095e-03	1.297793e-03	-2.806977e-04
29            	2.783433e-02	1.321917e-02	1.461516e-02	-2.021750e-03	1.840148e-02	-2.042323e-02	1.941236e-02	-6.979916e-04	6.833297e-04	8.851305e-04	1.125895e-03	-2.407644e-04
30            	2.715150e-02	1.299395e-02	1.415755e-02	-2.001325e-03	1.790945e-02	-1.991078e-02	1.891012e-02	-5.818023e-04	5.810628e-04	7.352082e-04	9.486669e-04	-2.134587e-04
31            	2.651339e-02	1.277661e-02	1.373678e-02	-1.987240e-03	1.744943e-02	-1.943667e-02	1.844305e-02	-4.800872e-04	4.976840e-04	5.942062e-04	7.947871e-04	-2.005809e-04
32            	2.595971e-02	1.257280e-02	1.338691e-02	-1.983299e-03	1.705112e-02	-1.903442e-02	1.804277e-02	-4.070571e-04	4.422709e-04	4.828806e-04	6.837112e-04	-2.008306e-04
33            	2.551216e-02	1.238691e-02	1.312525e-02	-1.991259e-03	1.673077e-02	-1.872203e-02	1.772640e-02	-3.691692e-04	4.175864e-04	4.136161e-04	6.243945e-04	-2.107784e-04
34            	2.517166e-02	1.222072e-02	1.295095e-02	-2.010284e-03	1.648918e-02	-1.849947e-02	1.749433e-02	-3.651146e-04	4.204057e-04	3.892136e-04	6.150125e-04	-2.257988e-04
35            	2.492071e-02	1.207292e-02	1.284779e-02	-2.037228e-03	1.631359e-02	-1.835082e-02	1.733220e-02	-3.874335e-04	4.430768e-04	4.039225e-04	6.450380e-04	-2.411155e-04
36            	2.472963e-02	1.193975e-02	1.278988e-02	-2.067499e-03	1.618221e-02	-1.824971e-02	1.721596e-02	-4.250633e-04	4.757057e-04	4.459577e-04	6.986846e-04	-2.527269e-04
37            	2.456438e-02	1.181605e-02	1.274832e-02	-2.096180e-03	1.607005e-02	-1.816623e-02	1.711814e-02	-4.661371e-04	5.083899e-04	5.007169e-04	7.587483e-04	-2.580314e-04
38            	2.439416e-02	1.169653e-02	1.269763e-02	-2.119123e-03	1.595437e-02	-1.807349e-02	1.701393e-02	-5.005487e-04	5.332106e-04	5.541507e-04	8.102860e-04	-2.561353e-04
39            	2.419696e-02	1.157695e-02	1.262001e-02	-2.133711e-03	1.581884e-02	-1.795255e-02	1.688569e-02	-5.215304e-04	5.453297e-04	5.952010e-04	8.429302e-04	-2.477292e-04
40            	2.396243e-02	1.145485e-02	1.250758e-02	-2.139201e-03	1.565556e-02	-1.779476e-02	1.672516e-02	-5.263690e-04	5.433750e-04	6.173418e-04	8.520459e-04	-2.347041e-04
41            	2.369171e-02	1.132972e-02	1.236198e-02	-2.136602e-03	1.546506e-02	-1.760166e-02	1.653336e-02	-5.161313e-04	5.290407e-04	6.189051e-04	8.384932e-04	-2.195881e-04
42            	2.339502e-02	1.120281e-02	1.219221e-02	-2.128217e-03	1.525453e-02	-1.738275e-02	1.631864e-02	-4.946992e-04	5.061675e-04	6.024331e-04	8.073841e-04	-2.049510e-04
43            	2.308793e-02	1.107653e-02	1.201139e-02	-2.116995e-03	1.503522e-02	-1.715221e-02	1.609372e-02	-4.674288e-04	4.795657e-04	5.733396e-04	7.662355e-04	-1.928960e-04
44            	2.278716e-02	1.095383e-02	1.183333e-02	-2.105864e-03	1.481935e-02	-1.692521e-02	1.587228e-02	-4.397544e-04	4.538552e-04	5.382752e-04	7.229929e-04	-1.847176e-04
45            	2.250693e-02	1.083743e-02	1.166949e-02	-2.097160e-03	1.461749e-02	-1.671465e-02	1.566607e-02	-4.160281e-04	4.325327e-04	5.035520e-04	6.843087e-04	-1.807567e-04
46            	2.225651e-02	1.072941e-02	1.152710e-02	-2.092295e-03	1.443673e-02	-1.652903e-02	1.548288e-02	-3.988451e-04	4.174812e-04	4.739982e-04	6.544802e-04	-1.804821e-04
47            	2.203927e-02	1.063080e-02	1.140847e-02	-2.091658e-03	1.427993e-02	-1.637159e-02	1.532576e-02	-3.888342e-04	4.088814e-04	4.523176e-04	6.350402e-04	-1.827226e-04
48            	2.185296e-02	1.054157e-02	1.131139e-02	-2.094730e-03	1.414584e-02	-1.624057e-02	1.519320e-02	-3.849128e-04	4.054797e-04	4.389894e-04	6.249743e-04	-1.859850e-04
49            	2.169114e-02	1.046072e-02	1.123042e-02	-2.100359e-03	1.403010e-02	-1.613046e-02	1.508028e-02	-3.848532e-04	4.051414e-04	4.326787e-04	6.214808e-04	-1.888021e-04
50            	2.154511e-02	1.038657e-02	1.115854e-02	-2.107101e-03	1.392660e-02	-1.603370e-02	1.498015e-02	-3.859858e-04	4.054698e-04	4.309000e-04	6.209199e-04	-1.900198e-04
51            	2.140596e-02	1.031710e-02	1.108886e-02	-2.113566e-03	1.382891e-02	-1.594247e-02	1.488569e-02	-3.858773e-04	4.043749e-04	4.307901e-04	6.197699e-04	-1.889799e-04
52            	2.126626e-02	1.025030e-02	1.101597e-02	-2.118672e-03	1.373150e-02	-1.585018e-02	1.479084e-02	-3.828340e-04	4.004897e-04	4.298081e-04	6.153937e-04	-1.855856e-04
53            	2.112115e-02	1.018441e-02	1.093674e-02	-2.121808e-03	1.363062e-02	-1.575242e-02	1.469152e-02	-3.761653e-04	3.933567e-04	4.262218e-04	6.064676e-04	-1.802458e-04
54            	2.096876e-02	1.011820e-02	1.085056e-02	-2.122862e-03	1.352457e-02	-1.564743e-02	1.458600e-02	-3.661779e-04	3.833837e-04	4.193204e-04	5.930439e-04	-1.737235e-04
55            	2.080993e-02	1.005100e-02	1.075893e-02	-2.122154e-03	1.341364e-02	-1.553579e-02	1.447471e-02	-3.539646e-04	3.716341e-04	4.093800e-04	5.763241e-04	-1.669441e-04
56            	2.064752e-02	9.982715e-03	1.066480e-02	-2.120289e-03	1.329958e-02	-1.541987e-02	1.435973e-02	-3.410437e-04	3.594883e-04	3.974048e-04	5.581907e-04	-1.607859e-04
57            	2.048542e-02	9.913741e-03	1.057168e-02	-2.117989e-03	1.318503e-02	-1.530302e-02	1.424403e-02	-3.289682e-04	3.482925e-04	3.847652e-04	5.406751e-04	-1.559099e-04
58            	2.032762e-02	9.844826e-03	1.048279e-02	-2.115938e-03	1.307278e-02	-1.518871e-02	1.413074e-02	-3.189810e-04	3.390604e-04	3.728184e-04	5.254695e-04	-1.526512e-04
59            	2.017737e-02	9.776922e-03	1.040045e-02	-2.114650e-03	1.296521e-02	-1.507986e-02	1.402253e-02	-3.117631e-04	3.322678e-04	3.625715e-04	5.135536e-04	-1.509820e-04
60            	2.003672e-02	9.711014e-03	1.032570e-02	-2.114406e-03	1.286394e-02	-1.497834e-02	1.392114e-02	-3.073442e-04	3.277972e-04	3.544930e-04	5.050437e-04	-1.505507e-04
61            	1.990627e-02	9.647991e-03	1.025828e-02	-2.115241e-03	1.276963e-02	-1.488487e-02	1.382725e-02	-3.051453e-04	3.249941e-04	3.484435e-04	4.992159e-04	-1.507724e-04
62            	1.978538e-02	9.588523e-03	1.019685e-02	-2.116981e-03	1.268206e-02	-1.479904e-02	1.374055e-02	-3.041658e-04	3.228644e-04	3.437973e-04	4.947631e-04	-1.509658e-04
63            	1.967242e-02	9.533016e-03	1.013940e-02	-2.119316e-03	1.260030e-02	-1.471962e-02	1.365996e-02	-3.031943e-04	3.202686e-04	3.395867e-04	4.900619e-04	-1.504752e-04
64            	1.956529e-02	9.481574e-03	1.008371e-02	-2.121877e-03	1.252303e-02	-1.464490e-02	1.358396e-02	-3.010696e-04	3.161759e-04	3.347614e-04	4.835566e-04	-1.487952e-04
65            	1.946181e-02	9.434015e-03	1.002780e-02	-2.124315e-03	1.244879e-02	-1.457311e-02	1.351095e-02	-2.968902e-04	3.098476e-04	3.284052e-04	4.740502e-04	-1.456450e-04
66            	1.936014e-02	9.389911e-03	9.970233e-03	-2.126361e-03	1.237631e-02	-1.450267e-02	1.343949e-02	-2.901608e-04	3.009629e-04	3.199211e-04	4.609234e-04	-1.410023e-04
67            	1.925902e-02	9.348670e-03	9.910349e-03	-2.127862e-03	1.230465e-02	-1.443251e-02	1.336858e-02	-2.808395e-04	2.896393e-04	3.091160e-04	4.441973e-04	-1.350813e-04
68            	1.915782e-02	9.309598e-03	9.848225e-03	-2.128783e-03	1.223326e-02	-1.436204e-02	1.329765e-02	-2.693131e-04	2.764022e-04	2.962305e-04	4.245175e-04	-1.282870e-04
69            	1.905654e-02	9.271978e-03	9.784565e-03	-2.129193e-03	1.216200e-02	-1.429120e-02	1.322660e-02	-2.562936e-04	2.620670e-04	2.818683e-04	4.030012e-04	-1.211329e-04
70            	1.895563e-02	9.235145e-03	9.720488e-03	-2.129230e-03	1.209107e-02	-1.422030e-02	1.315568e-02	-2.426718e-04	2.475872e-04	2.668672e-04	3.810208e-04	-1.141537e-04
71            	1.885581e-02	9.198539e-03	9.657274e-03	-2.129063e-03	1.202084e-02	-1.414990e-02	1.308537e-02	-2.293678e-04	2.339049e-04	2.521574e-04	3.599836e-04	-1.078262e-04
72            	1.875787e-02	9.161760e-03	9.596106e-03	-2.128861e-03	1.195178e-02	-1.408064e-02	1.301621e-02	-2.171732e-04	2.217921e-04	2.385880e-04	3.410861e-04	-1.024981e-04
73            	1.866247e-02	9.124565e-03	9.537902e-03	-2.128756e-03	1.188430e-02	-1.401306e-02	1.294868e-02	-2.066686e-04	2.117779e-04	2.268313e-04	3.251935e-04	-9.836225e-05
74            	1.857007e-02	9.086885e-03	9.483185e-03	-2.128834e-03	1.181873e-02	-1.394756e-02	1.288315e-02	-1.981501e-04	2.040765e-04	2.172772e-04	3.127151e-04	-9.543786e-05
75            	1.848086e-02	9.048801e-03	9.432063e-03	-2.129125e-03	1.175521e-02	-1.388434e-02	1.281978e-02	-1.916309e-04	1.986003e-04	2.100153e-04	3.036080e-04	-9.359268e-05
76            	1.839478e-02	9.010516e-03	9.384266e-03	-2.129611e-03	1.169376e-02	-1.382337e-02	1.275857e-02	-1.868748e-04	1.950022e-04	2.048486e-04	2.974265e-04	-9.257791e-05
77            	1.831156e-02	8.972316e-03	9.339247e-03	-2.130242e-03	1.163425e-02	-1.376450e-02	1.269937e-02	-1.834655e-04	1.927549e-04	2.013543e-04	2.934321e-04	-9.207778e-05
78            	1.823084e-02	8.934526e-03	9.296310e-03	-2.130949e-03	1.157650e-02	-1.370745e-02	1.264197e-02	-1.808922e-04	1.912459e-04	1.989698e-04	2.907308e-04	-9.176102e-05
79            	1.815220e-02	8.897465e-03	9.254739e-03	-2.131662e-03	1.152028e-02	-1.365194e-02	1.258611e-02	-1.786368e-04	1.898731e-04	1.970898e-04	2.884180e-04	-9.132818e-05
80            	1.807531e-02	8.861410e-03	9.213904e-03	-2.132326e-03	1.146539e-02	-1.359771e-02	1.253155e-02	-1.762467e-04	1.881244e-04	1.951542e-04	2.857015e-04	-9.054736e-05
81            	1.799991e-02	8.826569e-03	9.173343e-03	-2.132904e-03	1.141168e-02	-1.354458e-02	1.247813e-02	-1.733870e-04	1.856351e-04	1.927186e-04	2.819944e-04	-8.927575e-05
82            	1.792586e-02	8.793063e-03	9.132797e-03	-2.133383e-03	1.135906e-02	-1.349244e-02	1.242575e-02	-1.698665e-04	1.822137e-04	1.894976e-04	2.769626e-04	-8.746491e-05
83            	1.785312e-02	8.760911e-03	9.092207e-03	-2.133771e-03	1.130748e-02	-1.344125e-02	1.237437e-02	-1.656478e-04	1.778566e-04	1.853945e-04	2.705539e-04	-8.515934e-05
84            	1.778175e-02	8.730074e-03	9.051674e-03	-2.134092e-03	1.125698e-02	-1.339107e-02	1.232403e-02	-1.607998e-04	1.726776e-04	1.804396e-04	2.628974e-04	-8.245776e-05
85            	1.771185e-02	8.700431e-03	9.011420e-03	-2.134377e-03	1.120759e-02	-1.334196e-02	1.227478e-02	-1.554945e-04	1.669164e-04	1.748129e-04	2.543228e-04	-7.950992e-05
86            	1.764353e-02	8.671811e-03	8.971722e-03	-2.134657e-03	1.115935e-02	-1.329401e-02	1.222668e-02	-1.499554e-04	1.608739e-04	1.687809e-04	2.452643e-04	-7.648341e-05
87            	1.757688e-02	8.644020e-03	8.932858e-03	-2.134958e-03	1.111230e-02	-1.324726e-02	1.217978e-02	-1.444193e-04	1.548646e-04	1.626497e-04	2.361894e-04	-7.353973e-05
88            	1.751193e-02	8.616861e-03	8.895065e-03	-2.135297e-03	1.106644e-02	-1.320174e-02	1.213409e-02	-1.391021e-04	1.491751e-04	1.567202e-04	2.275352e-04	-7.081494e-05
89            	1.744866e-02	8.590155e-03	8.858507e-03	-2.135678e-03	1.102176e-02	-1.315743e-02	1.208959e-02	-1.341757e-04	1.440340e-04	1.512523e-04	2.196602e-04	-6.840790e-05
90            	1.738703e-02	8.563759e-03	8.823273e-03	-2.136098e-03	1.097820e-02	-1.311429e-02	1.204625e-02	-1.297572e-04	1.395963e-04	1.464422e-04	2.128174e-04	-6.637527e-05
91            	1.732693e-02	8.537566e-03	8.789364e-03	-2.136546e-03	1.093569e-02	-1.307224e-02	1.200396e-02	-1.258989e-04	1.359330e-04	1.424040e-04	2.071350e-04	-6.473099e-05
92            	1.726823e-02	8.511515e-03	8.756717e-03	-2.137005e-03	1.089416e-02	-1.303116e-02	1.196266e-02	-1.226006e-04	1.330432e-04	1.391779e-04	2.026322e-04	-6.345425e-05
93            	1.721082e-02	8.485598e-03	8.725226e-03	-2.137459e-03	1.085353e-02	-1.299099e-02	1.192226e-02	-1.198141e-04	1.308574e-04	1.367240e-04	1.992194e-04	-6.249541e-05
94            	1.715460e-02	8.459836e-03	8.694767e-03	-2.137895e-03	1.081374e-02	-1.295163e-02	1.188268e-02	-1.174654e-04	1.292689e-04	1.349569e-04	1.967474e-04	-6.179047e-05
95            	1.709949e-02	8.434277e-03	8.665215e-03	-2.138303e-03	1.077474e-02	-1.291304e-02	1.184389e-02	-1.154692e-04	1.281516e-04	1.337622e-04	1.950327e-04	-6.127049e-05
96            	1.704544e-02	8.408980e-03	8.636464e-03	-2.138681e-03	1.073651e-02	-1.287519e-02	1.180585e-02	-1.137420e-04	1.273776e-04	1.330142e-04	1.938847e-04	-6.087052e-05
97            	1.699244e-02	8.384010e-03	8.608432e-03	-2.139031e-03	1.069904e-02	-1.283808e-02	1.176856e-02	-1.122108e-04	1.268322e-04	1.325921e-04	1.931283e-04	-6.053618e-05
98            	1.694049e-02	8.359426e-03	8.581063e-03	-2.139358e-03	1.066234e-02	-1.280170e-02	1.173202e-02	-1.108182e-04	1.264231e-04	1.323915e-04	1.926189e-04	-6.022737e-05
99            	1.688960e-02	8.335276e-03	8.554328e-03	-2.139671e-03	1.062641e-02	-1.276608e-02	1.169625e-02	-1.095262e-04	1.260865e-04	1.323337e-04	1.922533e-04	-5.991965e-05
100           	1.683981e-02	8.311589e-03	8.528220e-03	-2.139978e-03	1.059127e-02	-1.273125e-02	1.166126e-02	-1.083154e-04	1.257871e-04	1.323674e-04	1.919708e-04	-5.960339e-05
101           	1.679112e-02	8.288380e-03	8.502744e-03	-2.140288e-03	1.055693e-02	-1.269722e-02	1.162707e-02	-1.071818e-04	1.255168e-04	1.324710e-04	1.917523e-04	-5.928130e-05
102           	1.674356e-02	8.265652e-03	8.477910e-03	-2.140607e-03	1.052339e-02	-1.266400e-02	1.159370e-02	-1.061289e-04	1.252789e-04	1.326335e-04	1.915956e-04	-5.896216e-05
103           	1.669712e-02	8.243392e-03	8.453726e-03	-2.140938e-03	1.049066e-02	-1.263160e-02	1.156113e-02	-1.051669e-04	1.250924e-04	1.328641e-04	1.915245e-04	-5.866038e-05
104           	1.665178e-02	8.221582e-03	8.430196e-03	-2.141282e-03	1.045871e-02	-1.259999e-02	1.152935e-02	-1.043072e-04	1.249818e-04	1.331801e-04	1.915719e-04	-5.839177e-05
105           	1.660751e-02	8.200196e-03	8.407316e-03	-2.141638e-03	1.042752e-02	-1.256916e-02	1.149834e-02	-1.035600e-04	1.249720e-04	1.336021e-04	1.917730e-04	-5.817091e-05
106           	1.656428e-02	8.179209e-03	8.385073e-03	-2.142003e-03	1.039708e-02	-1.253908e-02	1.146808e-02	-1.029320e-04	1.250835e-04	1.341488e-04	1.921579e-04	-5.800912e-05
107           	1.652205e-02	8.158596e-03	8.363449e-03	-2.142372e-03	1.036734e-02	-1.250971e-02	1.143852e-02	-1.024263e-04	1.253310e-04	1.348348e-04	1.927484e-04	-5.791362e-05
108           	1.648076e-02	8.138337e-03	8.342423e-03	-2.142742e-03	1.033828e-02	-1.248102e-02	1.140965e-02	-1.020431e-04	1.257218e-04	1.356694e-04	1.935564e-04	-5.788707e-05
109           	1.644039e-02	8.118414e-03	8.321973e-03	-2.143110e-03	1.030986e-02	-1.245297e-02	1.138142e-02	-1.017797e-04	1.262559e-04	1.366554e-04	1.945836e-04	-5.792819e-05
110           	1.640089e-02	8.098813e-03	8.302076e-03	-2.143472e-03	1.028208e-02	-1.242555e-02	1.135381e-02	-1.016312e-04	1.269269e-04	1.377893e-04	1.958215e-04	-5.803222e-05
111           	1.636223e-02	8.079515e-03	8.282716e-03	-2.143825e-03	1.025488e-02	-1.239871e-02	1.132680e-02	-1.016007e-04	1.277366e-04	1.390777e-04	1.972754e-04	-5.819772e-05
112           	1.632441e-02	8.060543e-03	8.263863e-03	-2.144173e-03	1.022829e-02	-1.237246e-02	1.130038e-02	-1.016604e-04	1.286445e-04	1.404783e-04	1.988836e-04	-5.840532e-05
113           	1.628739e-02	8.041885e-03	8.245506e-03	-2.144515e-03	1.020227e-02	-1.234678e-02	1.127453e-02	-1.018105e-04	1.296444e-04	1.419869e-04	2.006379e-04	-5.865100e-05
114           	1.625117e-02	8.023543e-03	8.227626e-03	-2.144850e-03	1.017682e-02	-1.232167e-02	1.124924e-02	-1.020416e-04	1.307182e-04	1.435850e-04	2.025107e-04	-5.892564e-05
115           	1.621573e-02	8.005522e-03	8.210212e-03	-2.145181e-03	1.015192e-02	-1.229710e-02	1.122451e-02	-1.023451e-04	1.318482e-04	1.452544e-04	2.044755e-04	-5.922102e-05
116           	1.618107e-02	7.987823e-03	8.193250e-03	-2.145508e-03	1.012757e-02	-1.227308e-02	1.120033e-02	-1.027132e-04	1.330192e-04	1.469780e-04	2.065082e-04	-5.953020e-05
117           	1.614718e-02	7.970450e-03	8.176727e-03	-2.145833e-03	1.010377e-02	-1.224960e-02	1.117669e-02	-1.031386e-04	1.342176e-04	1.487400e-04	2.085876e-04	-5.984760e-05
118           	1.611403e-02	7.953391e-03	8.160636e-03	-2.146155e-03	1.008050e-02	-1.222665e-02	1.115357e-02	-1.036224e-04	1.354423e-04	1.505381e-04	2.107114e-04	-6.017330e-05
119           	1.608162e-02	7.936661e-03	8.144961e-03	-2.146477e-03	1.005775e-02	-1.220423e-02	1.113099e-02	-1.041502e-04	1.366711e-04	1.523447e-04	2.128435e-04	-6.049877e-05
120           	1.604995e-02	7.920259e-03	8.129690e-03	-2.146799e-03	1.003552e-02	-1.218232e-02	1.110892e-02	-1.047155e-04	1.378950e-04	1.541480e-04	2.149690e-04	-6.082106e-05
121           	1.601899e-02	7.904183e-03	8.114806e-03	-2.147120e-03	1.001380e-02	-1.216092e-02	1.108736e-02	-1.053116e-04	1.391068e-04	1.559379e-04	2.170758e-04	-6.113783e-05
122           	1.598873e-02	7.888432e-03	8.100294e-03	-2.147441e-03	9.992576e-03	-1.214002e-02	1.106630e-02	-1.059311e-04	1.402999e-04	1.577059e-04	2.191528e-04	-6.144698e-05
123           	1.595915e-02	7.873005e-03	8.086141e-03	-2.147759e-03	9.971834e-03	-1.211959e-02	1.104571e-02	-1.065679e-04	1.414701e-04	1.594457e-04	2.211930e-04	-6.174727e-05
124           	1.593023e-02	7.857899e-03	8.072330e-03	-2.148075e-03	9.951562e-03	-1.209964e-02	1.102560e-02	-1.072156e-04	1.426128e-04	1.611515e-04	2.231885e-04	-6.203704e-05
125           	1.590196e-02	7.843110e-03	8.058848e-03	-2.148389e-03	9.931750e-03	-1.208014e-02	1.100594e-02	-1.078691e-04	1.437246e-04	1.628190e-04	2.251341e-04	-6.231516e-05
126           	1.587432e-02	7.828634e-03	8.045684e-03	-2.148698e-03	9.912384e-03	-1.206108e-02	1.098673e-02	-1.085250e-04	1.448042e-04	1.644460e-04	2.270273e-04	-6.258121e-05
127           	1.584729e-02	7.814466e-03	8.032829e-03	-2.149004e-03	9.893455e-03	-1.204246e-02	1.096796e-02	-1.091813e-04	1.458514e-04	1.660323e-04	2.288675e-04	-6.283523e-05
128           	1.582087e-02	7.800600e-03	8.020274e-03	-2.149306e-03	9.874952e-03	-1.202426e-02	1.094960e-02	-1.098372e-04	1.468671e-04	1.675785e-04	2.306563e-04	-6.307781e-05
129           	1.579505e-02	7.787035e-03	8.008011e-03	-2.149604e-03	9.856869e-03	-1.200647e-02	1.093167e-02	-1.104879e-04	1.478471e-04	1.690799e-04	2.323871e-04	-6.330718e-05
130           	1.576978e-02	7.773749e-03	7.996035e-03	-2.149896e-03	9.839187e-03	-1.198908e-02	1.091413e-02	-1.111431e-04	1.488083e-04	1.705554e-04	2.340860e-04	-6.353059e-05
131           	1.574509e-02	7.760750e-03	7.984340e-03	-2.150184e-03	9.821904e-03	-1.197209e-02	1.089700e-02	-1.117950e-04	1.497400e-04	1.719927e-04	2.357363e-04	-6.374358e-05
132           	1.572095e-02	7.748031e-03	7.972917e-03	-2.150467e-03	9.805012e-03	-1.195548e-02	1.088025e-02	-1.124427e-04	1.506419e-04	1.733915e-04	2.373376e-04	-6.394617e-05
133           	1.569735e-02	7.735589e-03	7.961760e-03	-2.150747e-03	9.788504e-03	-1.193925e-02	1.086388e-02	-1.130852e-04	1.515141e-04	1.747514e-04	2.388898e-04	-6.413838e-05
134           	1.567428e-02	7.723418e-03	7.950863e-03	-2.151023e-03	9.772370e-03	-1.192339e-02	1.084788e-02	-1.137223e-04	1.523569e-04	1.760730e-04	2.403934e-04	-6.432041e-05
135           	1.565173e-02	7.711513e-03	7.940220e-03	-2.151294e-03	9.756604e-03	-1.190790e-02	1.083225e-02	-1.143539e-04	1.531716e-04	1.773574e-04	2.418503e-04	-6.449292e-05
136           	1.562969e-02	7.699867e-03	7.929826e-03	-2.151561e-03	9.741196e-03	-1.189276e-02	1.081698e-02	-1.149792e-04	1.539587e-04	1.786051e-04	2.432613e-04	-6.465613e-05
137           	1.560815e-02	7.688479e-03	7.919671e-03	-2.151823e-03	9.726139e-03	-1.187796e-02	1.080205e-02	-1.155963e-04	1.547173e-04	1.798154e-04	2.446250e-04	-6.480962e-05
138           	1.558709e-02	7.677344e-03	7.909750e-03	-2.152081e-03	9.711425e-03	-1.186351e-02	1.078747e-02	-1.162028e-04	1.554465e-04	1.809871e-04	2.459400e-04	-6.495292e-05
139           	1.556651e-02	7.666461e-03	7.900053e-03	-2.152333e-03	9.697047e-03	-1.184938e-02	1.077321e-02	-1.167964e-04	1.561450e-04	1.821189e-04	2.472045e-04	-6.508558e-05
140           	1.554641e-02	7.655827e-03	7.890583e-03	-2.152582e-03	9.683006e-03	-1.183559e-02	1.075930e-02	-1.173777e-04	1.568145e-04	1.832129e-04	2.484210e-04	-6.520811e-05
141           	1.552676e-02	7.645436e-03	7.881324e-03	-2.152827e-03	9.669285e-03	-1.182211e-02	1.074570e-02	-1.179439e-04	1.574533e-04	1.842670e-04	2.495868e-04	-6.531981e-05
142           	1.550755e-02	7.635283e-03	7.872270e-03	-2.153067e-03	9.655878e-03	-1.180894e-02	1.073241e-02	-1.184936e-04	1.580607e-04	1.852805e-04	2.507009e-04	-6.542044e-05
143           	1.548878e-02	7.625364e-03	7.863417e-03	-2.153301e-03	9.642776e-03	-1.179608e-02	1.071943e-02	-1.190268e-04	1.586371e-04	1.862537e-04	2.517639e-04	-6.551019e-05
144           	1.547044e-02	7.615674e-03	7.854761e-03	-2.153529e-03	9.629975e-03	-1.178350e-02	1.070674e-02	-1.195437e-04	1.591829e-04	1.871872e-04	2.527765e-04	-6.558927e-05
145           	1.545251e-02	7.606209e-03	7.846298e-03	-2.153751e-03	9.617467e-03	-1.177122e-02	1.069434e-02	-1.200447e-04	1.596986e-04	1.880815e-04	2.537394e-04	-6.565791e-05
146           	1.543499e-02	7.596964e-03	7.838024e-03	-2.153967e-03	9.605248e-03	-1.175922e-02	1.068223e-02	-1.205298e-04	1.601849e-04	1.889371e-04	2.546534e-04	-6.571630e-05
147           	1.541787e-02	7.587935e-03	7.829935e-03	-2.154178e-03	9.593312e-03	-1.174749e-02	1.067040e-02	-1.209998e-04	1.606428e-04	1.897556e-04	2.555206e-04	-6.576499e-05
148           	1.540115e-02	7.579118e-03	7.822027e-03	-2.154383e-03	9.581653e-03	-1.173604e-02	1.065885e-02	-1.214546e-04	1.610738e-04	1.905384e-04	2.563430e-04	-6.580460e-05
149           	1.538481e-02	7.570508e-03	7.814298e-03	-2.154584e-03	9.570266e-03	-1.172485e-02	1.064756e-02	-1.218948e-04	1.614803e-04	1.912880e-04	2.571242e-04	-6.583627e-05
150           	1.536884e-02	7.562100e-03	7.806743e-03	-2.154780e-03	9.559143e-03	-1.171392e-02	1.063653e-02	-1.223217e-04	1.618657e-04	1.920080e-04	2.578697e-04	-6.586170e-05
151           	1.535325e-02	7.553887e-03	7.799362e-03	-2.154972e-03	9.548280e-03	-1.170325e-02	1.062577e-02	-1.227373e-04	1.622344e-04	1.927029e-04	2.585859e-04	-6.588300e-05
152           	1.533801e-02	7.545859e-03	7.792153e-03	-2.155159e-03	9.537668e-03	-1.169283e-02	1.061525e-02	-1.231469e-04	1.625954e-04	1.933820e-04	2.592863e-04	-6.590437e-05
153           	1.532313e-02	7.538015e-03	7.785114e-03	-2.155341e-03	9.527306e-03	-1.168265e-02	1.060498e-02	-1.235492e-04	1.629458e-04	1.940425e-04	2.599670e-04	-6.592456e-05
154           	1.530859e-02	7.530350e-03	7.778243e-03	-2.155519e-03	9.517188e-03	-1.167271e-02	1.059495e-02	-1.239466e-04	1.632885e-04	1.946875e-04	2.606322e-04	-6.594468e-05
155           	1.529440e-02	7.522858e-03	7.771539e-03	-2.155692e-03	9.507310e-03	-1.166300e-02	1.058516e-02	-1.243407e-04	1.636255e-04	1.953198e-04	2.612854e-04	-6.596561e-05
156           	1.528053e-02	7.515533e-03	7.764999e-03	-2.155861e-03	9.497665e-03	-1.165353e-02	1.057560e-02	-1.247328e-04	1.639582e-04	1.959409e-04	2.619286e-04	-6.598773e-05
157           	1.526699e-02	7.508373e-03	7.758619e-03	-2.156025e-03	9.488249e-03	-1.164427e-02	1.056626e-02	-1.251227e-04	1.642864e-04	1.965510e-04	2.625619e-04	-6.601087e-05
158           	1.525377e-02	7.501375e-03	7.752394e-03	-2.156185e-03	9.479056e-03	-1.163524e-02	1.055715e-02	-1.255098e-04	1.646097e-04	1.971502e-04	2.631847e-04	-6.603457e-05
159           	1.524086e-02	7.494535e-03	7.746322e-03	-2.156339e-03	9.470082e-03	-1.162642e-02	1.054825e-02	-1.258932e-04	1.649276e-04	1.977383e-04	2.637967e-04	-6.605839e-05
160           	1.522825e-02	7.487853e-03	7.740396e-03	-2.156490e-03	9.461322e-03	-1.161781e-02	1.053957e-02	-1.262713e-04	1.652391e-04	1.983151e-04	2.643967e-04	-6.608157e-05
161           	1.521594e-02	7.481326e-03	7.734611e-03	-2.156635e-03	9.452770e-03	-1.160941e-02	1.053109e-02	-1.266421e-04	1.655429e-04	1.988796e-04	2.649827e-04	-6.610314e-05
162           	1.520392e-02	7.474954e-03	7.728962e-03	-2.156776e-03	9.444424e-03	-1.160120e-02	1.052281e-02	-1.270039e-04	1.658377e-04	1.994309e-04	2.655531e-04	-6.612226e-05
163           	1.519218e-02	7.468734e-03	7.723444e-03	-2.156913e-03	9.436276e-03	-1.159319e-02	1.051473e-02	-1.273551e-04	1.661227e-04	1.999685e-04	2.661069e-04	-6.613843e-05
164           	1.518072e-02	7.462665e-03	7.718054e-03	-2.157046e-03	9.428325e-03	-1.158537e-02	1.050685e-02	-1.276943e-04	1.663969e-04	2.004917e-04	2.666427e-04	-6.615099e-05
165           	1.516953e-02	7.456745e-03	7.712786e-03	-2.157175e-03	9.420565e-03	-1.157774e-02	1.049915e-02	-1.280205e-04	1.666596e-04	2.010002e-04	2.671597e-04	-6.615953e-05
166           	1.515861e-02	7.450972e-03	7.707638e-03	-2.157300e-03	9.412992e-03	-1.157029e-02	1.049164e-02	-1.283328e-04	1.669107e-04	2.014938e-04	2.676576e-04	-6.616381e-05
167           	1.514795e-02	7.445344e-03	7.702605e-03	-2.157421e-03	9.405602e-03	-1.156302e-02	1.048431e-02	-1.286308e-04	1.671501e-04	2.019728e-04	2.681365e-04	-6.616371e-05
168           	1.513754e-02	7.439857e-03	7.697685e-03	-2.157539e-03	9.398392e-03	-1.155593e-02	1.047716e-02	-1.289144e-04	1.673779e-04	2.024374e-04	2.685966e-04	-6.615922e-05
169           	1.512738e-02	7.434509e-03	7.692876e-03	-2.157652e-03	9.391357e-03	-1.154901e-02	1.047018e-02	-1.291834e-04	1.675942e-04	2.028877e-04	2.690380e-04	-6.615031e-05
170           	1.511747e-02	7.429297e-03	7.688174e-03	-2.157763e-03	9.384493e-03	-1.154226e-02	1.046337e-02	-1.294382e-04	1.677994e-04	2.033243e-04	2.694616e-04	-6.613729e-05
171           	1.510780e-02	7.424218e-03	7.683577e-03	-2.157870e-03	9.377797e-03	-1.153567e-02	1.045673e-02	-1.296797e-04	1.679944e-04	2.037477e-04	2.698682e-04	-6.612049e-05
172           	1.509835e-02	7.419268e-03	7.679085e-03	-2.157974e-03	9.371265e-03	-1.152924e-02	1.045025e-02	-1.299087e-04	1.681795e-04	2.041586e-04	2.702588e-04	-6.610024e-05
173           	1.508914e-02	7.414444e-03	7.674696e-03	-2.158074e-03	9.364894e-03	-1.152297e-02	1.044393e-02	-1.301262e-04	1.683557e-04	2.045574e-04	2.706344e-04	-6.607699e-05
174           	1.508015e-02	7.409741e-03	7.670408e-03	-2.158172e-03	9.358680e-03	-1.151685e-02	1.043777e-02	-1.303331e-04	1.685238e-04	2.049452e-04	2.709964e-04	-6.605121e-05
175           	1.507138e-02	7.405158e-03	7.666219e-03	-2.158266e-03	9.352619e-03	-1.151089e-02	1.043175e-02	-1.305304e-04	1.686848e-04	2.053228e-04	2.713462e-04	-6.602340e-05
176           	1.506282e-02	7.400686e-03	7.662131e-03	-2.158357e-03	9.346707e-03	-1.150506e-02	1.042589e-02	-1.307223e-04	1.688436e-04	2.056957e-04	2.716914e-04	-6.599569e-05
177           	1.505447e-02	7.396328e-03	7.658138e-03	-2.158445e-03	9.340943e-03	-1.149939e-02	1.042017e-02	-1.309049e-04	1.689963e-04	2.060596e-04	2.720261e-04	-6.596652e-05
178           	1.504632e-02	7.392081e-03	7.654239e-03	-2.158530e-03	9.335323e-03	-1.149385e-02	1.041459e-02	-1.310792e-04	1.691445e-04	2.064159e-04	2.723524e-04	-6.593651e-05
179           	1.503837e-02	7.387942e-03	7.650433e-03	-2.158613e-03	9.329843e-03	-1.148846e-02	1.040915e-02	-1.312457e-04	1.692887e-04	2.067655e-04	2.726714e-04	-6.590594e-05
180           	1.503063e-02	7.383908e-03	7.646718e-03	-2.158693e-03	9.324501e-03	-1.148319e-02	1.040385e-02	-1.314050e-04	1.694295e-04	2.071090e-04	2.729840e-04	-6.587499e-05
181           	1.502307e-02	7.379976e-03	7.643091e-03	-2.158771e-03	9.319294e-03	-1.147806e-02	1.039868e-02	-1.315576e-04	1.695673e-04	2.074471e-04	2.732908e-04	-6.584372e-05
182           	1.501570e-02	7.376144e-03	7.639552e-03	-2.158846e-03	9.314217e-03	-1.147306e-02	1.039364e-02	-1.317043e-04	1.697029e-04	2.077808e-04	2.735933e-04	-6.581247e-05
183           	1.500851e-02	7.372408e-03	7.636100e-03	-2.158918e-03	9.309269e-03	-1.146819e-02	1.038873e-02	-1.318459e-04	1.698373e-04	2.081111e-04	2.738928e-04	-6.578170e-05
184           	1.500150e-02	7.368765e-03	7.632732e-03	-2.158988e-03	9.304445e-03	-1.146343e-02	1.038394e-02	-1.319837e-04	1.699718e-04	2.084396e-04	2.741916e-04	-6.575203e-05
185           	1.499466e-02	7.365212e-03	7.629450e-03	-2.159056e-03	9.299744e-03	-1.145880e-02	1.037927e-02	-1.321192e-04	1.701085e-04	2.087682e-04	2.744926e-04	-6.572439e-05
186           	1.498800e-02	7.361744e-03	7.626252e-03	-2.159121e-03	9.295163e-03	-1.145428e-02	1.037472e-02	-1.322539e-04	1.702493e-04	2.090991e-04	2.747989e-04	-6.569973e-05
187           	1.498150e-02	7.358360e-03	7.623138e-03	-2.159184e-03	9.290698e-03	-1.144988e-02	1.037029e-02	-1.323893e-04	1.703961e-04	2.094344e-04	2.751134e-04	-6.567891e-05
188           	1.497516e-02	7.355054e-03	7.620108e-03	-2.159245e-03	9.286347e-03	-1.144559e-02	1.036597e-02	-1.325268e-04	1.705508e-04	2.097762e-04	2.754388e-04	-6.566269e-05
189           	1.496899e-02	7.351826e-03	7.617161e-03	-2.159304e-03	9.282108e-03	-1.144141e-02	1.036176e-02	-1.326674e-04	1.707145e-04	2.101258e-04	2.757774e-04	-6.565158e-05
190           	1.496297e-02	7.348672e-03	7.614295e-03	-2.159360e-03	9.277978e-03	-1.143734e-02	1.035766e-02	-1.328115e-04	1.708877e-04	2.104839e-04	2.761297e-04	-6.564577e-05
191           	1.495710e-02	7.345591e-03	7.611510e-03	-2.159415e-03	9.273955e-03	-1.143337e-02	1.035366e-02	-1.329598e-04	1.710707e-04	2.108508e-04	2.764962e-04	-6.564533e-05
192           	1.495138e-02	7.342569e-03	7.608810e-03	-2.159467e-03	9.270033e-03	-1.142950e-02	1.034977e-02	-1.331201e-04	1.712732e-04	2.112368e-04	2.768916e-04	-6.565479e-05
193           	1.494580e-02	7.339619e-03	7.606186e-03	-2.159517e-03	9.266214e-03	-1.142573e-02	1.034597e-02	-1.332835e-04	1.714826e-04	2.116289e-04	2.772971e-04	-6.566819e-05
194           	1.494037e-02	7.336737e-03	7.603637e-03	-2.159566e-03	9.262496e-03	-1.142206e-02	1.034228e-02	-1.334500e-04	1.716990e-04	2.120271e-04	2.777126e-04	-6.568549e-05
195           	1.493509e-02	7.333923e-03	7.601163e-03	-2.159614e-03	9.258877e-03	-1.141849e-02	1.033868e-02	-1.336204e-04	1.719229e-04	2.124321e-04	2.781389e-04	-6.570688e-05
196           	1.492993e-02	7.331172e-03	7.598763e-03	-2.159660e-03	9.255353e-03	-1.141501e-02	1.033518e-02	-1.337955e-04	1.721549e-04	2.128445e-04	2.785771e-04	-6.573263e-05
197           	1.492492e-02	7.328482e-03	7.596434e-03	-2.159704e-03	9.251923e-03	-1.141163e-02	1.033177e-02	-1.339759e-04	1.723955e-04	2.132649e-04	2.790280e-04	-6.576304e-05
198           	1.492003e-02	7.325852e-03	7.594176e-03	-2.159747e-03	9.248583e-03	-1.140833e-02	1.032846e-02	-1.341620e-04	1.726452e-04	2.136938e-04	2.794921e-04	-6.579829e-05
199           	1.491527e-02	7.323279e-03	7.591987e-03	-2.159788e-03	9.245331e-03	-1.140512e-02	1.032522e-02	-1.343542e-04	1.729041e-04	2.141312e-04	2.799697e-04	-6.583844e-05
200           	1.491063e-02	7.320761e-03	7.589866e-03	-2.159828e-03	9.242164e-03	-1.140199e-02	1.032208e-02	-1.345526e-04	1.731720e-04	2.145771e-04	2.804606e-04	-6.588347e-05
201           	1.490611e-02	7.318296e-03	7.587811e-03	-2.159866e-03	9.239082e-03	-1.139895e-02	1.031901e-02	-1.347575e-04	1.734488e-04	2.150312e-04	2.809644e-04	-6.593322e-05
202           	1.490171e-02	7.315884e-03	7.585822e-03	-2.159903e-03	9.236081e-03	-1.139598e-02	1.031603e-02	-1.349690e-04	1.737340e-04	2.154931e-04	2.814806e-04	-6.598745e-05
203           	1.489742e-02	7.313523e-03	7.583897e-03	-2.159938e-03	9.233160e-03	-1.139310e-02	1.031313e-02	-1.351870e-04	1.740270e-04	2.159625e-04	2.820083e-04	-6.604581e-05
204           	1.489325e-02	7.311212e-03	7.582034e-03	-2.159972e-03	9.230317e-03	-1.139029e-02	1.031030e-02	-1.354113e-04	1.743270e-04	2.164382e-04	2.825461e-04	-6.610788e-05
205           	1.488918e-02	7.308950e-03	7.580233e-03	-2.160004e-03	9.227550e-03	-1.138755e-02	1.030755e-02	-1.356414e-04	1.746329e-04	2.169193e-04	2.830925e-04	-6.617319e-05
206           	1.488523e-02	7.306736e-03	7.578490e-03	-2.160036e-03	9.224858e-03	-1.138489e-02	1.030488e-02	-1.358769e-04	1.749436e-04	2.174046e-04	2.836459e-04	-6.624130e-05
207           	1.488137e-02	7.304570e-03	7.576804e-03	-2.160066e-03	9.222240e-03	-1.138231e-02	1.030227e-02	-1.361173e-04	1.752583e-04	2.178930e-04	2.842048e-04	-6.631177e-05
208           	1.487763e-02	7.302451e-03	7.575175e-03	-2.160096e-03	9.219692e-03	-1.137979e-02	1.029974e-02	-1.363620e-04	1.755759e-04	2.183833e-04	2.847676e-04	-6.638423e-05
209           	1.487398e-02	7.300378e-03	7.573599e-03	-2.160124e-03	9.217214e-03	-1.137734e-02	1.029728e-02	-1.366104e-04	1.758956e-04	2.188746e-04	2.853328e-04	-6.645829e-05
210           	1.487244e-02	7.299500e-03	7.572938e-03	-2.160164e-03	9.216173e-03	-1.137634e-02	1.029626e-02	-1.367193e-04	1.759704e-04	2.190632e-04	2.855020e-04	-6.643876e-05
211           	1.487107e-02	7.298792e-03	7.572274e-03	-2.160208e-03	9.215246e-03	-1.137545e-02	1.029535e-02	-1.367413e-04	1.758939e-04	2.190611e-04	2.854245e-04	-6.636332e-05
212           	1.486975e-02	7.298164e-03	7.571582e-03	-2.160248e-03	9.214352e-03	-1.137460e-02	1.029448e-02	-1.367090e-04	1.757349e-04	2.189520e-04	2.852109e-04	-6.625890e-05
213           	1.486837e-02	7.297518e-03	7.570855e-03	-2.160276e-03	9.213420e-03	-1.137370e-02	1.029356e-02	-1.366683e-04	1.755741e-04	2.188315e-04	2.849898e-04	-6.615830e-05
214           	1.486688e-02	7.296782e-03	7.570094e-03	-2.160286e-03	9.212400e-03	-1.137269e-02	1.029254e-02	-1.366558e-04	1.754735e-04	2.187732e-04	2.848601e-04	-6.608684e-05
215           	1.486522e-02	7.295912e-03	7.569311e-03	-2.160277e-03	9.211268e-03	-1.137155e-02	1.029141e-02	-1.366998e-04	1.754777e-04	2.188295e-04	2.848924e-04	-6.606292e-05
216           	1.486342e-02	7.294913e-03	7.568512e-03	-2.160251e-03	9.210035e-03	-1.137029e-02	1.029016e-02	-1.367996e-04	1.755843e-04	2.189986e-04	2.850836e-04	-6.608498e-05
217           	1.486152e-02	7.293808e-03	7.567711e-03	-2.160214e-03	9.208726e-03	-1.136894e-02	1.028883e-02	-1.369515e-04	1.757832e-04	2.192708e-04	2.854186e-04	-6.614784e-05
218           	1.485956e-02	7.292630e-03	7.566928e-03	-2.160170e-03	9.207380e-03	-1.136755e-02	1.028746e-02	-1.371487e-04	1.760572e-04	2.196287e-04	2.858716e-04	-6.624290e-05
219           	1.485760e-02	7.291418e-03	7.566178e-03	-2.160128e-03	9.206034e-03	-1.136616e-02	1.028610e-02	-1.373802e-04	1.763836e-04	2.200482e-04	2.864077e-04	-6.635948e-05
220           	1.485568e-02	7.290210e-03	7.565473e-03	-2.160092e-03	9.204724e-03	-1.136482e-02	1.028477e-02	-1.376315e-04	1.767355e-04	2.204997e-04	2.869854e-04	-6.648564e-05
221           	1.485385e-02	7.289039e-03	7.564815e-03	-2.160067e-03	9.203475e-03	-1.136354e-02	1.028351e-02	-1.378880e-04	1.770880e-04	2.209552e-04	2.875656e-04	-6.661046e-05
222           	1.485213e-02	7.287926e-03	7.564202e-03	-2.160054e-03	9.202301e-03	-1.136236e-02	1.028233e-02	-1.381378e-04	1.774219e-04	2.213925e-04	2.881182e-04	-6.672567e-05
223           	1.485051e-02	7.286880e-03	7.563625e-03	-2.160053e-03	9.201203e-03	-1.136126e-02	1.028123e-02	-1.383728e-04	1.777250e-04	2.217975e-04	2.886238e-04	-6.682630e-05
224           	1.484897e-02	7.285898e-03	7.563075e-03	-2.160062e-03	9.200169e-03	-1.136023e-02	1.028020e-02	-1.385886e-04	1.779921e-04	2.221631e-04	2.890736e-04	-6.691054e-05
225           	1.484751e-02	7.284971e-03	7.562540e-03	-2.160077e-03	9.199185e-03	-1.135926e-02	1.027922e-02	-1.387846e-04	1.782241e-04	2.224895e-04	2.894689e-04	-6.697940e-05
226           	1.484609e-02	7.284082e-03	7.562009e-03	-2.160095e-03	9.198231e-03	-1.135833e-02	1.027828e-02	-1.389633e-04	1.784273e-04	2.227826e-04	2.898186e-04	-6.703602e-05
227           	1.484469e-02	7.283217e-03	7.561475e-03	-2.160112e-03	9.197291e-03	-1.135740e-02	1.027735e-02	-1.391294e-04	1.786105e-04	2.230517e-04	2.901363e-04	-6.708461e-05
228           	1.484329e-02	7.282359e-03	7.560936e-03	-2.160127e-03	9.196351e-03	-1.135648e-02	1.027641e-02	-1.392883e-04	1.787832e-04	2.233072e-04	2.904368e-04	-6.712953e-05
229           	1.484189e-02	7.281500e-03	7.560390e-03	-2.160137e-03	9.195404e-03	-1.135554e-02	1.027547e-02	-1.394451e-04	1.789539e-04	2.235587e-04	2.907332e-04	-6.717451e-05
230           	1.484047e-02	7.280633e-03	7.559840e-03	-2.160142e-03	9.194448e-03	-1.135459e-02	1.027452e-02	-1.396036e-04	1.791287e-04	2.238132e-04	2.910354e-04	-6.722214e-05
231           	1.483905e-02	7.279758e-03	7.559291e-03	-2.160144e-03	9.193486e-03	-1.135363e-02	1.027356e-02	-1.397663e-04	1.793114e-04	2.240752e-04	2.913490e-04	-6.727376e-05
232           	1.483763e-02	7.278879e-03	7.558746e-03	-2.160142e-03	9.192522e-03	-1.135266e-02	1.027259e-02	-1.399340e-04	1.795026e-04	2.243461e-04	2.916756e-04	-6.732952e-05
233           	1.483621e-02	7.277999e-03	7.558211e-03	-2.160140e-03	9.191565e-03	-1.135170e-02	1.027163e-02	-1.401061e-04	1.797011e-04	2.246250e-04	2.920137e-04	-6.738864e-05
234           	1.483481e-02	7.277126e-03	7.557689e-03	-2.160138e-03	9.190620e-03	-1.135076e-02	1.027069e-02	-1.402812e-04	1.799044e-04	2.249093e-04	2.923591e-04	-6.744976e-05
235           	1.483344e-02	7.276265e-03	7.557180e-03	-2.160137e-03	9.189692e-03	-1.134983e-02	1.026976e-02	-1.404574e-04	1.801091e-04	2.251955e-04	2.927068e-04	-6.751132e-05
236           	1.483210e-02	7.275419e-03	7.556685e-03	-2.160138e-03	9.188787e-03	-1.134892e-02	1.026886e-02	-1.406328e-04	1.803118e-04	2.254800e-04	2.930518e-04	-6.757185e-05
237           	1.483080e-02	7.274592e-03	7.556204e-03	-2.160141e-03	9.187904e-03	-1.134804e-02	1.026797e-02	-1.408057e-04	1.805101e-04	2.257598e-04	2.933900e-04	-6.763025e-05
238           	1.482952e-02	7.273784e-03	7.555734e-03	-2.160146e-03	9.187043e-03	-1.134719e-02	1.026712e-02	-1.409750e-04	1.807022e-04	2.260327e-04	2.937186e-04	-6.768589e-05
239           	1.482827e-02	7.272994e-03	7.555275e-03	-2.160153e-03	9.186203e-03	-1.134636e-02	1.026628e-02	-1.411403e-04	1.808877e-04	2.262980e-04	2.940367e-04	-6.773866e-05
240           	1.482704e-02	7.272220e-03	7.554824e-03	-2.160161e-03	9.185380e-03	-1.134554e-02	1.026546e-02	-1.413017e-04	1.810668e-04	2.265558e-04	2.943447e-04	-6.778893e-05
241           	1.482584e-02	7.271453e-03	7.554384e-03	-2.160169e-03	9.184569e-03	-1.134474e-02	1.026465e-02	-1.414656e-04	1.812481e-04	2.268142e-04	2.946552e-04	-6.784107e-05
242           	1.482465e-02	7.270699e-03	7.553950e-03	-2.160177e-03	9.183772e-03	-1.134395e-02	1.026386e-02	-1.416255e-04	1.814239e-04	2.270657e-04	2.949567e-04	-6.789102e-05
243           	1.482348e-02	7.269956e-03	7.553521e-03	-2.160185e-03	9.182986e-03	-1.134317e-02	1.026308e-02	-1.417825e-04	1.815957e-04	2.273123e-04	2.952519e-04	-6.793957e-05
244           	1.482232e-02	7.269223e-03	7.553098e-03	-2.160192e-03	9.182211e-03	-1.134240e-02	1.026231e-02	-1.419378e-04	1.817657e-04	2.275560e-04	2.955437e-04	-6.798764e-05
245           	1.482118e-02	7.268497e-03	7.552683e-03	-2.160200e-03	9.181447e-03	-1.134165e-02	1.026155e-02	-1.420926e-04	1.819356e-04	2.277990e-04	2.958351e-04	-6.803610e-05
246           	1.482005e-02	7.267779e-03	7.552275e-03	-2.160207e-03	9.180692e-03	-1.134090e-02	1.026080e-02	-1.422479e-04	1.821070e-04	2.280427e-04	2.961283e-04	-6.808559e-05
247           	1.481894e-02	7.267067e-03	7.551876e-03	-2.160214e-03	9.179948e-03	-1.134016e-02	1.026005e-02	-1.424042e-04	1.822806e-04	2.282883e-04	2.964248e-04	-6.813649e-05
248           	1.481785e-02	7.266362e-03	7.551486e-03	-2.160221e-03	9.179214e-03	-1.133943e-02	1.025932e-02	-1.425619e-04	1.824570e-04	2.285360e-04	2.967250e-04	-6.818895e-05
249           	1.481677e-02	7.265663e-03	7.551105e-03	-2.160227e-03	9.178491e-03	-1.133872e-02	1.025860e-02	-1.427209e-04	1.826357e-04	2.287858e-04	2.970287e-04	-6.824284e-05
250           	1.481571e-02	7.264972e-03	7.550734e-03	-2.160234e-03	9.177780e-03	-1.133801e-02	1.025790e-02	-1.428808e-04	1.828164e-04	2.290370e-04	2.973349e-04	-6.829788e-05
251           	1.481466e-02	7.264289e-03	7.550372e-03	-2.160241e-03	9.177080e-03	-1.133732e-02	1.025720e-02	-1.430413e-04	1.829981e-04	2.292889e-04	2.976426e-04	-6.835369e-05
252           	1.481363e-02	7.263614e-03	7.550018e-03	-2.160249e-03	9.176391e-03	-1.133664e-02	1.025652e-02	-1.432018e-04	1.831801e-04	2.295405e-04	2.979504e-04	-6.840988e-05
253           	1.481262e-02	7.262948e-03	7.549672e-03	-2.160256e-03	9.175714e-03	-1.133597e-02	1.025584e-02	-1.433620e-04	1.833616e-04	2.297910e-04	2.982571e-04	-6.846611e-05
254           	1.481162e-02	7.262290e-03	7.549333e-03	-2.160263e-03	9.175048e-03	-1.133531e-02	1.025518e-02	-1.435215e-04	1.835420e-04	2.300398e-04	2.985619e-04	-6.852210e-05
255           	1.481064e-02	7.261641e-03	7.549001e-03	-2.160271e-03	9.174392e-03	-1.133466e-02	1.025453e-02	-1.436802e-04	1.837209e-04	2.302865e-04	2.988642e-04	-6.857768e-05
256           	1.480968e-02	7.261000e-03	7.548676e-03	-2.160278e-03	9.173747e-03	-1.133403e-02	1.025389e-02	-1.438379e-04	1.838982e-04	2.305308e-04	2.991636e-04	-6.863278e-05
257           	1.480872e-02	7.260367e-03	7.548357e-03	-2.160286e-03	9.173112e-03	-1.133340e-02	1.025325e-02	-1.439947e-04	1.840738e-04	2.307727e-04	2.994601e-04	-6.868740e-05
258           	1.480779e-02	7.259743e-03	7.548044e-03	-2.160294e-03	9.172486e-03	-1.133278e-02	1.025263e-02	-1.441506e-04	1.842478e-04	2.310124e-04	2.997540e-04	-6.874159e-05
259           	1.480686e-02	7.259126e-03	7.547737e-03	-2.160301e-03	9.171871e-03	-1.133217e-02	1.025202e-02	-1.443057e-04	1.844204e-04	2.312499e-04	3.000453e-04	-6.879544e-05
260           	1.480595e-02	7.258517e-03	7.547437e-03	-2.160308e-03	9.171264e-03	-1.133157e-02	1.025142e-02	-1.444600e-04	1.845917e-04	2.314854e-04	3.003344e-04	-6.884902e-05
261           	1.480506e-02	7.257916e-03	7.547143e-03	-2.160316e-03	9.170668e-03	-1.133098e-02	1.025083e-02	-1.446136e-04	1.847619e-04	2.317191e-04	3.006214e-04	-6.890237e-05
262           	1.480417e-02	7.257316e-03	7.546857e-03	-2.160323e-03	9.170077e-03	-1.133040e-02	1.025024e-02	-1.447703e-04	1.849363e-04	2.319557e-04	3.009141e-04	-6.895848e-05
263           	1.480330e-02	7.256727e-03	7.546577e-03	-2.160330e-03	9.169498e-03	-1.132983e-02	1.024966e-02	-1.449250e-04	1.851081e-04	2.321892e-04	3.012027e-04	-6.901351e-05
264           	1.480245e-02	7.256147e-03	7.546302e-03	-2.160337e-03	9.168929e-03	-1.132927e-02	1.024910e-02	-1.450775e-04	1.852770e-04	2.324195e-04	3.014868e-04	-6.906729e-05
265           	1.480161e-02	7.255577e-03	7.546032e-03	-2.160344e-03	9.168370e-03	-1.132871e-02	1.024854e-02	-1.452277e-04	1.854430e-04	2.326464e-04	3.017662e-04	-6.911984e-05
266           	1.480078e-02	7.255016e-03	7.545768e-03	-2.160352e-03	9.167821e-03	-1.132817e-02	1.024800e-02	-1.453758e-04	1.856063e-04	2.328700e-04	3.020413e-04	-6.917128e-05
267           	1.479997e-02	7.254464e-03	7.545508e-03	-2.160360e-03	9.167282e-03	-1.132764e-02	1.024746e-02	-1.455221e-04	1.857672e-04	2.330907e-04	3.023125e-04	-6.922179e-05
268           	1.479918e-02	7.253926e-03	7.545253e-03	-2.160368e-03	9.166754e-03	-1.132712e-02	1.024694e-02	-1.456632e-04	1.859219e-04	2.333048e-04	3.025743e-04	-6.926950e-05
269           	1.479840e-02	7.253394e-03	7.545002e-03	-2.160376e-03	9.166234e-03	-1.132661e-02	1.024642e-02	-1.458037e-04	1.860754e-04	2.335168e-04	3.028338e-04	-6.931701e-05
270           	1.479762e-02	7.252868e-03	7.544756e-03	-2.160384e-03	9.165721e-03	-1.132611e-02	1.024591e-02	-1.459440e-04	1.862282e-04	2.337273e-04	3.030918e-04	-6.936452e-05
271           	1.479686e-02	7.252347e-03	7.544515e-03	-2.160392e-03	9.165215e-03	-1.132561e-02	1.024541e-02	-1.460839e-04	1.863801e-04	2.339361e-04	3.033481e-04	-6.941203e-05
272           	1.479611e-02	7.251832e-03	7.544279e-03	-2.160400e-03	9.164716e-03	-1.132512e-02	1.024492e-02	-1.462232e-04	1.865310e-04	2.341430e-04	3.036025e-04	-6.945946e-05
273           	1.479537e-02	7.251324e-03	7.544047e-03	-2.160407e-03	9.164225e-03	-1.132463e-02	1.024443e-02	-1.463616e-04	1.866805e-04	2.343478e-04	3.038545e-04	-6.950663e-05
274           	1.479464e-02	7.250822e-03	7.543820e-03	-2.160415e-03	9.163742e-03	-1.132416e-02	1.024395e-02	-1.464987e-04	1.868284e-04	2.345501e-04	3.041035e-04	-6.955336e-05
275           	1.479393e-02	7.250329e-03	7.543597e-03	-2.160422e-03	9.163266e-03	-1.132369e-02	1.024348e-02	-1.466340e-04	1.869743e-04	2.347496e-04	3.043491e-04	-6.959948e-05
276           	1.479322e-02	7.249843e-03	7.543378e-03	-2.160430e-03	9.162799e-03	-1.132323e-02	1.024301e-02	-1.467675e-04	1.871179e-04	2.349460e-04	3.045908e-04	-6.964485e-05
277           	1.479253e-02	7.249365e-03	7.543163e-03	-2.160437e-03	9.162341e-03	-1.132278e-02	1.024256e-02	-1.468990e-04	1.872590e-04	2.351392e-04	3.048286e-04	-6.968942e-05
278           	1.479185e-02	7.248896e-03	7.542953e-03	-2.160445e-03	9.161890e-03	-1.132233e-02	1.024211e-02	-1.470285e-04	1.873977e-04	2.353292e-04	3.050623e-04	-6.973312e-05
279           	1.479118e-02	7.248429e-03	7.542748e-03	-2.160452e-03	9.161445e-03	-1.132190e-02	1.024167e-02	-1.471595e-04	1.875394e-04	2.355208e-04	3.052998e-04	-6.977902e-05
280           	1.479052e-02	7.247971e-03	7.542547e-03	-2.160459e-03	9.161009e-03	-1.132147e-02	1.024124e-02	-1.472877e-04	1.876775e-04	2.357083e-04	3.055316e-04	-6.982332e-05
281           	1.478987e-02	7.247523e-03	7.542349e-03	-2.160467e-03	9.160582e-03	-1.132105e-02	1.024082e-02	-1.474132e-04	1.878118e-04	2.358917e-04	3.057576e-04	-6.986593e-05
282           	1.478924e-02	7.247082e-03	7.542154e-03	-2.160475e-03	9.160162e-03	-1.132064e-02	1.024040e-02	-1.475359e-04	1.879425e-04	2.360710e-04	3.059780e-04	-6.990698e-05
283           	1.478861e-02	7.246650e-03	7.541963e-03	-2.160482e-03	9.159750e-03	-1.132023e-02	1.023999e-02	-1.476562e-04	1.880699e-04	2.362466e-04	3.061932e-04	-6.994666e-05
284           	1.478800e-02	7.246226e-03	7.541774e-03	-2.160490e-03	9.159346e-03	-1.131984e-02	1.023959e-02	-1.477742e-04	1.881946e-04	2.364187e-04	3.064039e-04	-6.998522e-05
285           	1.478740e-02	7.245808e-03	7.541589e-03	-2.160498e-03	9.158948e-03	-1.131945e-02	1.023920e-02	-1.478903e-04	1.883167e-04	2.365877e-04	3.066106e-04	-7.002287e-05
286           	1.478680e-02	7.245398e-03	7.541407e-03	-2.160506e-03	9.158556e-03	-1.131906e-02	1.023881e-02	-1.480045e-04	1.884367e-04	2.367538e-04	3.068136e-04	-7.005980e-05
287           	1.478622e-02	7.244993e-03	7.541227e-03	-2.160513e-03	9.158171e-03	-1.131868e-02	1.023843e-02	-1.481170e-04	1.885547e-04	2.369171e-04	3.070132e-04	-7.009611e-05
288           	1.478565e-02	7.244595e-03	7.541051e-03	-2.160521e-03	9.157792e-03	-1.131831e-02	1.023805e-02	-1.482277e-04	1.886706e-04	2.370776e-04	3.072094e-04	-7.013182e-05
289           	1.478508e-02	7.244204e-03	7.540877e-03	-2.160528e-03	9.157419e-03	-1.131795e-02	1.023768e-02	-1.483364e-04	1.887845e-04	2.372351e-04	3.074021e-04	-7.016691e-05
290           	1.478452e-02	7.243819e-03	7.540706e-03	-2.160536e-03	9.157052e-03	-1.131759e-02	1.023732e-02	-1.484433e-04	1.888962e-04	2.373897e-04	3.075911e-04	-7.020133e-05
291           	1.478398e-02	7.243441e-03	7.540537e-03	-2.160543e-03	9.156691e-03	-1.131723e-02	1.023696e-02	-1.485482e-04	1.890057e-04	2.375413e-04	3.077763e-04	-7.023503e-05
292           	1.478344e-02	7.243069e-03	7.540371e-03	-2.160550e-03	9.156337e-03	-1.131689e-02	1.023661e-02	-1.486511e-04	1.891129e-04	2.376898e-04	3.079577e-04	-7.026798e-05
293           	1.478291e-02	7.242704e-03	7.540208e-03	-2.160558e-03	9.155989e-03	-1.131655e-02	1.023627e-02	-1.487520e-04	1.892178e-04	2.378352e-04	3.081354e-04	-7.030017e-05
294           	1.478239e-02	7.242345e-03	7.540047e-03	-2.160565e-03	9.155647e-03	-1.131621e-02	1.023593e-02	-1.488511e-04	1.893205e-04	2.379777e-04	3.083093e-04	-7.033160e-05
295           	1.478188e-02	7.241993e-03	7.539889e-03	-2.160572e-03	9.155311e-03	-1.131588e-02	1.023560e-02	-1.489483e-04	1.894210e-04	2.381174e-04	3.084797e-04	-7.036229e-05
296           	1.478138e-02	7.241647e-03	7.539734e-03	-2.160580e-03	9.154981e-03	-1.131556e-02	1.023527e-02	-1.490437e-04	1.895194e-04	2.382542e-04	3.086465e-04	-7.039228e-05
297           	1.478089e-02	7.241307e-03	7.539582e-03	-2.160587e-03	9.154657e-03	-1.131524e-02	1.023495e-02	-1.491375e-04	1.896158e-04	2.383884e-04	3.088100e-04	-7.042161e-05
298           	1.478040e-02	7.240973e-03	7.539432e-03	-2.160594e-03	9.154338e-03	-1.131493e-02	1.023464e-02	-1.492296e-04	1.897103e-04	2.385200e-04	3.089703e-04	-7.045031e-05
299           	1.477993e-02	7.240645e-03	7.539285e-03	-2.160601e-03	9.154026e-03	-1.131463e-02	1.023433e-02	-1.493201e-04	1.898030e-04	2.386492e-04	3.091276e-04	-7.047841e-05
300           	1.477946e-02	7.240322e-03	7.539140e-03	-2.160609e-03	9.153719e-03	-1.131433e-02	1.023402e-02	-1.494090e-04	1.898938e-04	2.387758e-04	3.092817e-04	-7.050594e-05
301           	1.477900e-02	7.240005e-03	7.538998e-03	-2.160616e-03	9.153417e-03	-1.131403e-02	1.023372e-02	-1.494963e-04	1.899829e-04	2.389000e-04	3.094329e-04	-7.053288e-05
302           	1.477855e-02	7.239694e-03	7.538858e-03	-2.160623e-03	9.153120e-03	-1.131374e-02	1.023343e-02	-1.495819e-04	1.900701e-04	2.390218e-04	3.095810e-04	-7.055924e-05
303           	1.477811e-02	7.239388e-03	7.538720e-03	-2.160630e-03	9.152829e-03	-1.131346e-02	1.023314e-02	-1.496660e-04	1.901556e-04	2.391411e-04	3.097261e-04	-7.058502e-05
304           	1.477767e-02	7.239088e-03	7.538584e-03	-2.160637e-03	9.152543e-03	-1.131318e-02	1.023286e-02	-1.497484e-04	1.902392e-04	2.392579e-04	3.098682e-04	-7.061022e-05
305           	1.477724e-02	7.238793e-03	7.538451e-03	-2.160644e-03	9.152262e-03	-1.131291e-02	1.023258e-02	-1.498292e-04	1.903210e-04	2.393724e-04	3.100072e-04	-7.063483e-05
306           	1.477682e-02	7.238503e-03	7.538320e-03	-2.160651e-03	9.151986e-03	-1.131264e-02	1.023231e-02	-1.499085e-04	1.904011e-04	2.394844e-04	3.101433e-04	-7.065887e-05
307           	1.477641e-02	7.238219e-03	7.538191e-03	-2.160658e-03	9.151715e-03	-1.131237e-02	1.023204e-02	-1.499862e-04	1.904795e-04	2.395941e-04	3.102765e-04	-7.068238e-05
308           	1.477600e-02	7.237940e-03	7.538065e-03	-2.160664e-03	9.151448e-03	-1.131211e-02	1.023178e-02	-1.500625e-04	1.905562e-04	2.397017e-04	3.104071e-04	-7.070541e-05
309           	1.477561e-02	7.237665e-03	7.537940e-03	-2.160671e-03	9.151187e-03	-1.131186e-02	1.023152e-02	-1.501375e-04	1.906315e-04	2.398071e-04	3.105351e-04	-7.072799e-05
310           	1.477521e-02	7.237396e-03	7.537818e-03	-2.160678e-03	9.150930e-03	-1.131161e-02	1.023127e-02	-1.502113e-04	1.907055e-04	2.399106e-04	3.106607e-04	-7.075018e-05
311           	1.477483e-02	7.237131e-03	7.537699e-03	-2.160685e-03	9.150678e-03	-1.131136e-02	1.023102e-02	-1.502839e-04	1.907781e-04	2.400121e-04	3.107841e-04	-7.077202e-05
312           	1.477445e-02	7.236871e-03	7.537581e-03	-2.160691e-03	9.150431e-03	-1.131112e-02	1.023078e-02	-1.503554e-04	1.908495e-04	2.401119e-04	3.109054e-04	-7.079355e-05
313           	1.477408e-02	7.236615e-03	7.537466e-03	-2.160698e-03	9.150188e-03	-1.131089e-02	1.023054e-02	-1.504259e-04	1.909198e-04	2.402100e-04	3.110248e-04	-7.081480e-05
314           	1.477372e-02	7.236362e-03	7.537356e-03	-2.160704e-03	9.149950e-03	-1.131065e-02	1.023030e-02	-1.504969e-04	1.909917e-04	2.403088e-04	3.111460e-04	-7.083728e-05
315           	1.477336e-02	7.236113e-03	7.537247e-03	-2.160710e-03	9.149716e-03	-1.131043e-02	1.023007e-02	-1.505668e-04	1.910619e-04	2.404055e-04	3.112647e-04	-7.085917e-05
316           	1.477301e-02	7.235870e-03	7.537138e-03	-2.160717e-03	9.149486e-03	-1.131020e-02	1.022984e-02	-1.506339e-04	1.911278e-04	2.404977e-04	3.113767e-04	-7.087892e-05
317           	1.477266e-02	7.235630e-03	7.537034e-03	-2.160723e-03	9.149260e-03	-1.130998e-02	1.022962e-02	-1.507017e-04	1.911953e-04	2.405908e-04	3.114907e-04	-7.089989e-05
318           	1.477233e-02	7.235394e-03	7.536931e-03	-2.160729e-03	9.149039e-03	-1.130977e-02	1.022940e-02	-1.507684e-04	1.912615e-04	2.406821e-04	3.116025e-04	-7.092039e-05
319           	1.477199e-02	7.235162e-03	7.536830e-03	-2.160736e-03	9.148821e-03	-1.130956e-02	1.022919e-02	-1.508340e-04	1.913263e-04	2.407717e-04	3.117121e-04	-7.094045e-05
320           	1.477167e-02	7.234934e-03	7.536732e-03	-2.160742e-03	9.148608e-03	-1.130935e-02	1.022898e-02	-1.508986e-04	1.913899e-04	2.408596e-04	3.118197e-04	-7.096012e-05
321           	1.477135e-02	7.234711e-03	7.536635e-03	-2.160748e-03	9.148398e-03	-1.130915e-02	1.022877e-02	-1.509621e-04	1.914524e-04	2.409458e-04	3.119253e-04	-7.097945e-05
322           	1.477103e-02	7.234491e-03	7.536540e-03	-2.160754e-03	9.148193e-03	-1.130895e-02	1.022857e-02	-1.510245e-04	1.915138e-04	2.410306e-04	3.120290e-04	-7.099848e-05
323           	1.477072e-02	7.234275e-03	7.536447e-03	-2.160760e-03	9.147991e-03	-1.130875e-02	1.022837e-02	-1.510858e-04	1.915741e-04	2.411138e-04	3.121310e-04	-7.101724e-05
324           	1.477042e-02	7.234064e-03	7.536356e-03	-2.160766e-03	9.147793e-03	-1.130856e-02	1.022818e-02	-1.511461e-04	1.916335e-04	2.411955e-04	3.122313e-04	-7.103577e-05
325           	1.477012e-02	7.233856e-03	7.536267e-03	-2.160772e-03	9.147599e-03	-1.130837e-02	1.022799e-02	-1.512054e-04	1.916921e-04	2.412759e-04	3.123300e-04	-7.105410e-05
326           	1.476983e-02	7.233652e-03	7.536179e-03	-2.160777e-03	9.147409e-03	-1.130819e-02	1.022780e-02	-1.512637e-04	1.917497e-04	2.413550e-04	3.124272e-04	-7.107225e-05
327           	1.476955e-02	7.233451e-03	7.536094e-03	-2.160783e-03	9.147223e-03	-1.130801e-02	1.022761e-02	-1.513212e-04	1.918066e-04	2.414327e-04	3.125230e-04	-7.109023e-05
328           	1.476926e-02	7.233254e-03	7.536010e-03	-2.160789e-03	9.147040e-03	-1.130783e-02	1.022743e-02	-1.513779e-04	1.918627e-04	2.415093e-04	3.126173e-04	-7.110807e-05
329           	1.476899e-02	7.233061e-03	7.535929e-03	-2.160795e-03	9.146860e-03	-1.130766e-02	1.022726e-02	-1.514339e-04	1.919181e-04	2.415846e-04	3.127104e-04	-7.112575e-05
330           	1.476872e-02	7.232871e-03	7.535849e-03	-2.160800e-03	9.146684e-03	-1.130748e-02	1.022708e-02	-1.514891e-04	1.919727e-04	2.416588e-04	3.128021e-04	-7.114329e-05
331           	1.476845e-02	7.232684e-03	7.535771e-03	-2.160806e-03	9.146512e-03	-1.130732e-02	1.022691e-02	-1.515437e-04	1.920266e-04	2.417319e-04	3.128926e-04	-7.116067e-05
332           	1.476819e-02	7.232500e-03	7.535695e-03	-2.160811e-03	9.146342e-03	-1.130715e-02	1.022675e-02	-1.515976e-04	1.920798e-04	2.418038e-04	3.129817e-04	-7.117788e-05
333           	1.476794e-02	7.232319e-03	7.535621e-03	-2.160817e-03	9.146176e-03	-1.130699e-02	1.022658e-02	-1.516508e-04	1.921322e-04	2.418746e-04	3.130695e-04	-7.119490e-05
334           	1.476769e-02	7.232141e-03	7.535548e-03	-2.160822e-03	9.146013e-03	-1.130684e-02	1.022642e-02	-1.517034e-04	1.921838e-04	2.419442e-04	3.131559e-04	-7.121172e-05
335           	1.476744e-02	7.231967e-03	7.535477e-03	-2.160827e-03	9.145853e-03	-1.130668e-02	1.022627e-02	-1.517552e-04	1.922346e-04	2.420125e-04	3.132408e-04	-7.122830e-05
336           	1.476720e-02	7.231795e-03	7.535408e-03	-2.160833e-03	9.145697e-03	-1.130653e-02	1.022611e-02	-1.518062e-04	1.922845e-04	2.420797e-04	3.133243e-04	-7.124463e-05
337           	1.476697e-02	7.231627e-03	7.535340e-03	-2.160838e-03	9.145543e-03	-1.130638e-02	1.022596e-02	-1.518564e-04	1.923335e-04	2.421455e-04	3.134062e-04	-7.126068e-05
338           	1.476674e-02	7.231462e-03	7.535273e-03	-2.160843e-03	9.145392e-03	-1.130624e-02	1.022581e-02	-1.519057e-04	1.923815e-04	2.422101e-04	3.134866e-04	-7.127645e-05
339           	1.476651e-02	7.231300e-03	7.535208e-03	-2.160848e-03	9.145245e-03	-1.130609e-02	1.022567e-02	-1.519542e-04	1.924286e-04	2.422733e-04	3.135653e-04	-7.129191e-05
340           	1.476629e-02	7.231141e-03	7.535145e-03	-2.160853e-03	9.145100e-03	-1.130595e-02	1.022553e-02	-1.520018e-04	1.924747e-04	2.423352e-04	3.136423e-04	-7.130706e-05
341           	1.476607e-02	7.230986e-03	7.535083e-03	-2.160858e-03	9.144958e-03	-1.130582e-02	1.022539e-02	-1.520485e-04	1.925198e-04	2.423958e-04	3.137177e-04	-7.132190e-05
342           	1.476585e-02	7.230833e-03	7.535022e-03	-2.160863e-03	9.144820e-03	-1.130568e-02	1.022525e-02	-1.520943e-04	1.925639e-04	2.424550e-04	3.137914e-04	-7.133645e-05
343           	1.476565e-02	7.230683e-03	7.534962e-03	-2.160867e-03	9.144684e-03	-1.130555e-02	1.022512e-02	-1.521394e-04	1.926072e-04	2.425130e-04	3.138637e-04	-7.135073e-05
344           	1.476544e-02	7.230536e-03	7.534904e-03	-2.160872e-03	9.144550e-03	-1.130542e-02	1.022499e-02	-1.521838e-04	1.926497e-04	2.425698e-04	3.139345e-04	-7.136477e-05
345           	1.476524e-02	7.230392e-03	7.534847e-03	-2.160877e-03	9.144420e-03	-1.130530e-02	1.022486e-02	-1.522274e-04	1.926913e-04	2.426254e-04	3.140040e-04	-7.137862e-05
346           	1.476504e-02	7.230250e-03	7.534791e-03	-2.160882e-03	9.144292e-03	-1.130517e-02	1.022473e-02	-1.522705e-04	1.927323e-04	2.426800e-04	3.140723e-04	-7.139229e-05
347           	1.476485e-02	7.230111e-03	7.534737e-03	-2.160886e-03	9.144167e-03	-1.130505e-02	1.022461e-02	-1.523130e-04	1.927726e-04	2.427336e-04	3.141394e-04	-7.140581e-05
348           	1.476466e-02	7.229975e-03	7.534685e-03	-2.160891e-03	9.144044e-03	-1.130493e-02	1.022449e-02	-1.523550e-04	1.928123e-04	2.427863e-04	3.142055e-04	-7.141920e-05
349           	1.476447e-02	7.229841e-03	7.534634e-03	-2.160895e-03	9.143924e-03	-1.130482e-02	1.022437e-02	-1.523965e-04	1.928515e-04	2.428380e-04	3.142705e-04	-7.143249e-05
350           	1.476429e-02	7.229709e-03	7.534584e-03	-2.160900e-03	9.143806e-03	-1.130471e-02	1.022426e-02	-1.524375e-04	1.928901e-04	2.428889e-04	3.143345e-04	-7.144569e-05
351           	1.476412e-02	7.229580e-03	7.534536e-03	-2.160904e-03	9.143691e-03	-1.130460e-02	1.022414e-02	-1.524782e-04	1.929283e-04	2.429389e-04	3.143977e-04	-7.145881e-05
352           	1.476394e-02	7.229452e-03	7.534489e-03	-2.160908e-03	9.143578e-03	-1.130449e-02	1.022403e-02	-1.525184e-04	1.929659e-04	2.429881e-04	3.144600e-04	-7.147185e-05
353           	1.476377e-02	7.229327e-03	7.534444e-03	-2.160912e-03	9.143468e-03	-1.130438e-02	1.022392e-02	-1.525582e-04	1.930031e-04	2.430366e-04	3.145214e-04	-7.148483e-05
354           	1.476360e-02	7.229204e-03	7.534400e-03	-2.160916e-03	9.143360e-03	-1.130428e-02	1.022382e-02	-1.525977e-04	1.930399e-04	2.430843e-04	3.145820e-04	-7.149773e-05
355           	1.476344e-02	7.229084e-03	7.534357e-03	-2.160921e-03	9.143254e-03	-1.130417e-02	1.022371e-02	-1.526367e-04	1.930762e-04	2.431312e-04	3.146418e-04	-7.151056e-05
356           	1.476328e-02	7.228965e-03	7.534316e-03	-2.160925e-03	9.143151e-03	-1.130408e-02	1.022361e-02	-1.526754e-04	1.931120e-04	2.431774e-04	3.147007e-04	-7.152332e-05
357           	1.476312e-02	7.228849e-03	7.534276e-03	-2.160929e-03	9.143050e-03	-1.130398e-02	1.022351e-02	-1.527138e-04	1.931474e-04	2.432229e-04	3.147589e-04	-7.153601e-05
358           	1.476297e-02	7.228734e-03	7.534238e-03	-2.160932e-03	9.142951e-03	-1.130388e-02	1.022342e-02	-1.527518e-04	1.931824e-04	2.432676e-04	3.148162e-04	-7.154861e-05
359           	1.476282e-02	7.228622e-03	7.534200e-03	-2.160936e-03	9.142854e-03	-1.130379e-02	1.022332e-02	-1.527894e-04	1.932169e-04	2.433116e-04	3.148728e-04	-7.156113e-05
360           	1.476268e-02	7.228511e-03	7.534164e-03	-2.160940e-03	9.142759e-03	-1.130370e-02	1.022323e-02	-1.528267e-04	1.932511e-04	2.433550e-04	3.149285e-04	-7.157358e-05
361           	1.476253e-02	7.228402e-03	7.534130e-03	-2.160944e-03	9.142667e-03	-1.130361e-02	1.022314e-02	-1.528636e-04	1.932847e-04	2.433976e-04	3.149835e-04	-7.158596e-05
362           	1.476239e-02	7.228296e-03	7.534096e-03	-2.160948e-03	9.142576e-03	-1.130352e-02	1.022305e-02	-1.529002e-04	1.933180e-04	2.434395e-04	3.150377e-04	-7.159823e-05
363           	1.476225e-02	7.228191e-03	7.534064e-03	-2.160951e-03	9.142488e-03	-1.130344e-02	1.022296e-02	-1.529364e-04	1.933507e-04	2.434806e-04	3.150911e-04	-7.161042e-05
364           	1.476212e-02	7.228088e-03	7.534033e-03	-2.160955e-03	9.142401e-03	-1.130336e-02	1.022288e-02	-1.529722e-04	1.933830e-04	2.435211e-04	3.151436e-04	-7.162249e-05
365           	1.476199e-02	7.227987e-03	7.534002e-03	-2.160958e-03	9.142317e-03	-1.130327e-02	1.022280e-02	-1.530076e-04	1.934149e-04	2.435608e-04	3.151953e-04	-7.163446e-05
366           	1.476186e-02	7.227888e-03	7.533973e-03	-2.160962e-03	9.142234e-03	-1.130320e-02	1.022271e-02	-1.530426e-04	1.934462e-04	2.435998e-04	3.152461e-04	-7.164629e-05
367           	1.476174e-02	7.227791e-03	7.533945e-03	-2.160965e-03	9.142153e-03	-1.130312e-02	1.022264e-02	-1.530771e-04	1.934770e-04	2.436379e-04	3.152959e-04	-7.165798e-05
368           	1.476161e-02	7.227696e-03	7.533918e-03	-2.160969e-03	9.142074e-03	-1.130304e-02	1.022256e-02	-1.531112e-04	1.935072e-04	2.436753e-04	3.153448e-04	-7.166950e-05
369           	1.476149e-02	7.227602e-03	7.533892e-03	-2.160972e-03	9.141997e-03	-1.130297e-02	1.022248e-02	-1.531447e-04	1.935367e-04	2.437118e-04	3.153926e-04	-7.168083e-05
370           	1.476138e-02	7.227511e-03	7.533866e-03	-2.160975e-03	9.141922e-03	-1.130290e-02	1.022241e-02	-1.531778e-04	1.935657e-04	2.437474e-04	3.154394e-04	-7.169196e-05
371           	1.476126e-02	7.227421e-03	7.533842e-03	-2.160978e-03	9.141849e-03	-1.130283e-02	1.022234e-02	-1.532103e-04	1.935940e-04	2.437822e-04	3.154851e-04	-7.170288e-05
372           	1.476115e-02	7.227334e-03	7.533818e-03	-2.160982e-03	9.141777e-03	-1.130276e-02	1.022227e-02	-1.532423e-04	1.936217e-04	2.438162e-04	3.155298e-04	-7.171360e-05
373           	1.476104e-02	7.227248e-03	7.533795e-03	-2.160985e-03	9.141707e-03	-1.130269e-02	1.022220e-02	-1.532737e-04	1.936488e-04	2.438493e-04	3.155734e-04	-7.172412e-05
374           	1.476094e-02	7.227164e-03	7.533773e-03	-2.160988e-03	9.141638e-03	-1.130263e-02	1.022213e-02	-1.533046e-04	1.936752e-04	2.438816e-04	3.156160e-04	-7.173444e-05
375           	1.476083e-02	7.227081e-03	7.533751e-03	-2.160991e-03	9.141572e-03	-1.130256e-02	1.022207e-02	-1.533349e-04	1.937011e-04	2.439130e-04	3.156576e-04	-7.174457e-05
376           	1.476073e-02	7.227001e-03	7.533730e-03	-2.160994e-03	9.141507e-03	-1.130250e-02	1.022200e-02	-1.533647e-04	1.937263e-04	2.439436e-04	3.156981e-04	-7.175449e-05
377           	1.476063e-02	7.226922e-03	7.533710e-03	-2.160997e-03	9.141443e-03	-1.130244e-02	1.022194e-02	-1.533939e-04	1.937509e-04	2.439734e-04	3.157376e-04	-7.176420e-05
378           	1.476054e-02	7.226845e-03	7.533690e-03	-2.160999e-03	9.141381e-03	-1.130238e-02	1.022188e-02	-1.534226e-04	1.937749e-04	2.440024e-04	3.157761e-04	-7.177371e-05
379           	1.476044e-02	7.226770e-03	7.533671e-03	-2.161002e-03	9.141321e-03	-1.130232e-02	1.022182e-02	-1.534507e-04	1.937982e-04	2.440305e-04	3.158135e-04	-7.178300e-05
380           	1.476035e-02	7.226697e-03	7.533653e-03	-2.161005e-03	9.141262e-03	-1.130227e-02	1.022176e-02	-1.534782e-04	1.938209e-04	2.440578e-04	3.158498e-04	-7.179207e-05
381           	1.476026e-02	7.226625e-03	7.533636e-03	-2.161008e-03	9.141205e-03	-1.130221e-02	1.022171e-02	-1.535058e-04	1.938437e-04	2.440851e-04	3.158863e-04	-7.180119e-05
382           	1.476017e-02	7.226555e-03	7.533619e-03	-2.161010e-03	9.141149e-03	-1.130216e-02	1.022165e-02	-1.535321e-04	1.938651e-04	2.441106e-04	3.159204e-04	-7.180982e-05
383           	1.476009e-02	7.226486e-03	7.533603e-03	-2.161013e-03	9.141095e-03	-1.130211e-02	1.022160e-02	-1.535584e-04	1.938865e-04	2.441361e-04	3.159545e-04	-7.181843e-05
384           	1.476001e-02	7.226419e-03	7.533586e-03	-2.161016e-03	9.141041e-03	-1.130206e-02	1.022155e-02	-1.535833e-04	1.939064e-04	2.441597e-04	3.159862e-04	-7.182649e-05
385           	1.475992e-02	7.226355e-03	7.533569e-03	-2.161018e-03	9.140989e-03	-1.130201e-02	1.022150e-02	-1.536073e-04	1.939254e-04	2.441824e-04	3.160167e-04	-7.183423e-05
386           	1.475985e-02	7.226291e-03	7.533554e-03	-2.161020e-03	9.140939e-03	-1.130196e-02	1.022145e-02	-1.536314e-04	1.939445e-04	2.442052e-04	3.160471e-04	-7.184193e-05
387           	1.475977e-02	7.226229e-03	7.533539e-03	-2.161023e-03	9.140890e-03	-1.130191e-02	1.022140e-02	-1.536549e-04	1.939629e-04	2.442271e-04	3.160765e-04	-7.184941e-05
388           	1.475969e-02	7.226169e-03	7.533525e-03	-2.161025e-03	9.140842e-03	-1.130187e-02	1.022136e-02	-1.536776e-04	1.939807e-04	2.442481e-04	3.161047e-04	-7.185663e-05
389           	1.475962e-02	7.226112e-03	7.533509e-03	-2.161028e-03	9.140795e-03	-1.130182e-02	1.022131e-02	-1.536986e-04	1.939969e-04	2.442672e-04	3.161305e-04	-7.186327e-05
390           	1.475955e-02	7.226055e-03	7.533495e-03	-2.161030e-03	9.140750e-03	-1.130178e-02	1.022127e-02	-1.537197e-04	1.940131e-04	2.442864e-04	3.161563e-04	-7.186984e-05
391           	1.475948e-02	7.226000e-03	7.533481e-03	-2.161032e-03	9.140707e-03	-1.130174e-02	1.022122e-02	-1.537400e-04	1.940285e-04	2.443048e-04	3.161809e-04	-7.187616e-05
392           	1.475941e-02	7.225947e-03	7.533467e-03	-2.161034e-03	9.140664e-03	-1.130170e-02	1.022118e-02	-1.537597e-04	1.940434e-04	2.443223e-04	3.162045e-04	-7.188224e-05
393           	1.475935e-02	7.225896e-03	7.533453e-03	-2.161037e-03	9.140622e-03	-1.130166e-02	1.022114e-02	-1.537786e-04	1.940576e-04	2.443390e-04	3.162271e-04	-7.188806e-05
394           	1.475929e-02	7.225846e-03	7.533440e-03	-2.161039e-03	9.140582e-03	-1.130162e-02	1.022110e-02	-1.537968e-04	1.940711e-04	2.443549e-04	3.162485e-04	-7.189364e-05
395           	1.475922e-02	7.225796e-03	7.533427e-03	-2.161041e-03	9.140542e-03	-1.130158e-02	1.022106e-02	-1.538158e-04	1.940854e-04	2.443717e-04	3.162713e-04	-7.189961e-05
396           	1.475916e-02	7.225747e-03	7.533415e-03	-2.161043e-03	9.140504e-03	-1.130155e-02	1.022103e-02	-1.538338e-04	1.940989e-04	2.443873e-04	3.162925e-04	-7.190520e-05
397           	1.475910e-02	7.225701e-03	7.533403e-03	-2.161045e-03	9.140467e-03	-1.130151e-02	1.022099e-02	-1.538508e-04	1.941114e-04	2.444019e-04	3.163123e-04	-7.191042e-05
398           	1.475905e-02	7.225657e-03	7.533390e-03	-2.161047e-03	9.140431e-03	-1.130148e-02	1.022095e-02	-1.538668e-04	1.941230e-04	2.444155e-04	3.163308e-04	-7.191531e-05
399           	1.475899e-02	7.225614e-03	7.533378e-03	-2.161049e-03	9.140396e-03	-1.130144e-02	1.022092e-02	-1.538821e-04	1.941339e-04	2.444281e-04	3.163480e-04	-7.191989e-05
400           	1.475894e-02	7.225573e-03	7.533366e-03	-2.161050e-03	9.140362e-03	-1.130141e-02	1.022089e-02	-1.538966e-04	1.941441e-04	2.444399e-04	3.163641e-04	-7.192420e-05
401           	1.475889e-02	7.225532e-03	7.533355e-03	-2.161052e-03	9.140329e-03	-1.130138e-02	1.022086e-02	-1.539117e-04	1.941550e-04	2.444523e-04	3.163811e-04	-7.192886e-05
402           	1.475884e-02	7.225491e-03	7.533346e-03	-2.161054e-03	9.140297e-03	-1.130135e-02	1.022082e-02	-1.539273e-04	1.941663e-04	2.444651e-04	3.163989e-04	-7.193379e-05
403           	1.475879e-02	7.225452e-03	7.533336e-03	-2.161056e-03	9.140266e-03	-1.130132e-02	1.022079e-02	-1.539418e-04	1.941767e-04	2.444768e-04	3.164151e-04	-7.193828e-05
404           	1.475874e-02	7.225415e-03	7.533325e-03	-2.161057e-03	9.140236e-03	-1.130129e-02	1.022076e-02	-1.539552e-04	1.941861e-04	2.444874e-04	3.164298e-04	-7.194240e-05
405           	1.475870e-02	7.225380e-03	7.533315e-03	-2.161059e-03	9.140208e-03	-1.130127e-02	1.022074e-02	-1.539677e-04	1.941948e-04	2.444971e-04	3.164433e-04	-7.194620e-05
406           	1.475865e-02	7.225346e-03	7.533305e-03	-2.161061e-03	9.140180e-03	-1.130124e-02	1.022071e-02	-1.539795e-04	1.942028e-04	2.445060e-04	3.164558e-04	-7.194976e-05
407           	1.475861e-02	7.225313e-03	7.533296e-03	-2.161062e-03	9.140153e-03	-1.130122e-02	1.022068e-02	-1.539919e-04	1.942114e-04	2.445155e-04	3.164691e-04	-7.195366e-05
408           	1.475857e-02	7.225279e-03	7.533288e-03	-2.161064e-03	9.140126e-03	-1.130119e-02	1.022066e-02	-1.540048e-04	1.942206e-04	2.445254e-04	3.164833e-04	-7.195787e-05
409           	1.475853e-02	7.225247e-03	7.533280e-03	-2.161065e-03	9.140101e-03	-1.130117e-02	1.022063e-02	-1.540168e-04	1.942290e-04	2.445345e-04	3.164963e-04	-7.196177e-05
410           	1.475849e-02	7.225216e-03	7.533272e-03	-2.161067e-03	9.140077e-03	-1.130114e-02	1.022061e-02	-1.540281e-04	1.942369e-04	2.445429e-04	3.165083e-04	-7.196543e-05
411           	1.475845e-02	7.225186e-03	7.533266e-03	-2.161068e-03	9.140053e-03	-1.130112e-02	1.022059e-02	-1.540400e-04	1.942454e-04	2.445519e-04	3.165214e-04	-7.196945e-05
412           	1.475842e-02	7.225156e-03	7.533259e-03	-2.161070e-03	9.140031e-03	-1.130110e-02	1.022057e-02	-1.540512e-04	1.942534e-04	2.445603e-04	3.165335e-04	-7.197324e-05
413           	1.475838e-02	7.225127e-03	7.533253e-03	-2.161071e-03	9.140009e-03	-1.130108e-02	1.022054e-02	-1.540630e-04	1.942620e-04	2.445692e-04	3.165466e-04	-7.197736e-05
414           	1.475835e-02	7.225099e-03	7.533247e-03	-2.161072e-03	9.139988e-03	-1.130106e-02	1.022052e-02	-1.540740e-04	1.942700e-04	2.445775e-04	3.165588e-04	-7.198125e-05
415           	1.475831e-02	7.225072e-03	7.533243e-03	-2.161074e-03	9.139967e-03	-1.130104e-02	1.022050e-02	-1.540856e-04	1.942786e-04	2.445863e-04	3.165717e-04	-7.198544e-05
416           	1.475828e-02	7.225045e-03	7.533238e-03	-2.161075e-03	9.139948e-03	-1.130102e-02	1.022049e-02	-1.540964e-04	1.942866e-04	2.445944e-04	3.165838e-04	-7.198937e-05
417           	1.475825e-02	7.225019e-03	7.533234e-03	-2.161076e-03	9.139929e-03	-1.130101e-02	1.022047e-02	-1.541077e-04	1.942951e-04	2.446030e-04	3.165966e-04	-7.199359e-05
418           	1.475822e-02	7.224993e-03	7.533232e-03	-2.161077e-03	9.139911e-03	-1.130099e-02	1.022045e-02	-1.541195e-04	1.943040e-04	2.446119e-04	3.166099e-04	-7.199805e-05
419           	1.475820e-02	7.224968e-03	7.533229e-03	-2.161079e-03	9.139894e-03	-1.130097e-02	1.022043e-02	-1.541304e-04	1.943122e-04	2.446201e-04	3.166223e-04	-7.200220e-05
420           	1.475817e-02	7.224945e-03	7.533226e-03	-2.161080e-03	9.139878e-03	-1.130096e-02	1.022042e-02	-1.541406e-04	1.943200e-04	2.446278e-04	3.166339e-04	-7.200614e-05
421           	1.475815e-02	7.224921e-03	7.533224e-03	-2.161081e-03	9.139862e-03	-1.130094e-02	1.022040e-02	-1.541514e-04	1.943283e-04	2.446359e-04	3.166463e-04	-7.201039e-05
422           	1.475812e-02	7.224898e-03	7.533223e-03	-2.161082e-03	9.139847e-03	-1.130093e-02	1.022039e-02	-1.541628e-04	1.943371e-04	2.446444e-04	3.166593e-04	-7.201492e-05
